10 20 50
37.143 127.262 141.470 158.433 129.434 51.073 135.577 34.228 108.248 107.035 
29.837 89.090 59.541 86.658 129.216 26.995 134.973 23.918 24.678 145.597 80.044 108.813 129.311 66.980 71.279 78.485 77.528 19.031 15.740 131.849 
34.574 29.941 34.866 15.261 26.267 19.317 5.527 25.522 20.469 6.009 7.492 34.994 8.056 11.294 30.235 11.240 29.463 12.321 28.862 26.058 22.519 8.457 7.998 23.344 18.614 16.252 27.838 19.860 25.873 24.562 19.131 29.507 7.533 29.176 22.486 17.253 12.451 11.484 28.735 33.111 10.223 19.197 33.729 17.174 33.360 17.819 17.836 21.900 15.463 9.055 
621.363 1127.976 903.188 1060.738 1339.600 557.706 1306.424 618.910 538.319 1352.301 995.051 1132.972 1287.891 989.038 981.826 1039.983 1013.219 502.643 448.686 1275.625 
3.155 3.594 3.606 7.435 2.990 10.047 5.289 5.369 6.383 4.952 9.569 6.180 8.841 5.961 5.601 4.162 3.473 8.851 0.905 5.760 
3.218 4.579 5.730 2.931 4.068 4.899 7.465 1.841 4.955 1.186 7.462 4.504 4.378 6.904 0.853 7.278 2.867 5.467 4.645 5.172 
10.614 12.008 6.680 6.470 6.926 9.564 6.206 10.220 3.699 7.254 1.260 4.066 6.152 4.650 7.634 7.511 6.940 3.910 10.237 4.140 
5.986 7.055 8.778 3.061 7.188 1.805 10.345 3.560 6.907 3.967 8.339 6.469 3.638 9.475 3.141 10.381 5.958 5.743 7.827 7.481 
1.306 1.882 6.843 5.942 5.290 6.990 8.745 1.637 7.494 3.952 10.324 7.083 7.352 8.704 3.893 8.060 4.508 8.491 3.599 7.424 
5.525 6.817 2.010 4.687 1.526 8.196 3.226 5.981 1.917 3.310 5.071 1.831 5.680 2.492 4.092 3.570 1.832 4.828 4.838 1.266 
4.313 5.560 6.876 2.379 5.254 3.582 8.521 2.239 5.482 2.072 7.529 5.024 3.642 7.788 1.262 8.462 4.026 5.209 5.943 5.894 
8.820 10.254 6.066 4.126 5.737 7.245 6.296 8.093 2.374 5.208 1.223 2.515 3.837 4.732 5.461 7.313 5.377 1.641 8.855 3.230 
3.634 5.038 3.416 3.673 1.796 6.746 5.129 3.808 3.289 1.430 6.326 2.916 5.027 4.655 2.252 4.998 0.568 5.103 3.744 3.171 
7.810 9.130 8.513 1.983 7.247 2.477 9.650 5.839 5.519 4.440 5.864 5.187 1.015 8.410 3.889 10.111 6.158 3.205 9.068 6.357 
4.793 2.468 7.281 3.964 6.553 8.591 4.317 6.485 7.787 6.211 4.747 3.892 8.944 7.424 3.387 0.838 6.923 1.540 4.639 7.522 4.826 4.809 5.281 7.146 5.088 4.384 1.992 7.187 6.547 6.402 8.504 3.749 7.508 7.346 7.068 2.932 7.075 1.550 8.281 7.898 9.947 2.946 5.212 5.345 4.552 4.962 5.005 1.553 1.097 6.484 
5.409 2.482 8.632 5.146 7.674 10.030 5.759 7.929 9.217 7.637 5.763 4.825 10.299 8.830 4.413 0.914 7.674 2.819 5.957 8.928 5.904 5.905 6.714 8.053 6.078 5.823 3.335 8.213 7.573 7.835 9.705 4.402 8.694 8.790 7.958 3.473 8.044 1.477 9.374 9.280 11.391 3.606 6.656 6.005 5.960 6.061 6.142 0.245 0.361 7.852 
2.230 4.830 3.447 7.025 1.126 7.126 4.208 5.236 6.883 4.140 1.002 7.853 4.757 7.176 2.365 6.561 1.892 5.905 2.307 4.431 7.953 7.871 5.368 1.520 8.459 4.078 5.687 9.861 9.374 4.435 3.234 2.690 9.288 5.829 1.497 3.543 1.347 5.436 2.645 7.874 7.662 3.300 4.663 1.905 3.345 0.892 1.009 6.686 6.439 7.103 
7.752 7.764 4.709 2.924 6.370 2.915 2.579 1.934 1.976 2.910 6.222 4.010 5.708 1.357 5.899 6.645 8.495 4.706 4.331 3.954 3.063 2.969 1.256 7.916 3.502 2.662 4.173 3.723 3.473 2.744 6.943 7.173 2.771 2.282 7.957 7.140 7.554 7.345 7.578 1.787 4.505 6.885 1.940 7.903 3.301 5.868 5.661 7.651 7.188 0.506 
2.547 3.992 3.451 5.372 2.268 6.375 2.737 4.257 5.939 3.324 0.961 6.177 5.063 6.066 1.225 5.133 3.426 4.268 1.056 4.127 6.316 6.237 4.020 3.198 6.814 2.630 4.022 8.308 7.793 3.620 4.230 2.293 7.848 5.002 3.171 2.796 2.996 4.323 4.002 6.746 7.230 2.497 3.386 2.629 1.991 0.786 0.735 5.446 5.131 5.783 
10.799 9.993 8.295 3.820 9.904 5.515 5.807 5.488 4.749 6.509 9.477 4.076 9.153 3.925 8.843 7.949 11.887 6.239 7.702 7.467 2.957 2.964 4.704 11.404 2.824 5.933 5.879 0.814 1.357 6.333 10.536 10.034 0.900 5.590 11.430 9.745 11.064 9.274 11.174 3.526 6.974 9.549 5.439 11.062 6.667 9.203 9.022 9.072 8.642 3.183 
3.603 6.550 3.724 8.730 1.511 7.739 5.735 6.216 7.719 5.082 2.896 9.628 4.419 8.179 4.257 8.454 1.717 7.784 3.879 4.830 9.616 9.528 6.710 0.724 10.134 5.590 7.539 11.359 10.921 5.337 2.275 4.366 10.630 6.608 0.871 5.283 0.574 7.251 1.208 8.869 7.893 5.075 5.975 3.059 4.835 2.751 2.793 8.530 8.306 8.346 
6.699 4.933 7.306 1.740 7.448 7.352 3.817 5.578 6.442 5.761 6.057 1.383 8.853 5.870 4.881 2.586 8.515 1.184 5.103 7.168 2.410 2.414 4.148 8.466 2.602 3.950 1.264 4.729 4.088 5.843 9.050 5.712 5.227 6.345 8.426 5.094 8.281 4.060 9.140 6.183 8.881 5.003 4.435 7.159 4.496 6.066 6.008 3.709 3.284 4.746 
5.711 7.302 0.720 5.889 2.973 3.474 2.933 2.098 3.442 1.127 3.965 7.005 2.104 3.977 4.589 7.719 5.421 6.186 2.486 0.733 6.522 6.422 3.128 4.572 7.041 2.802 5.711 7.702 7.397 1.246 2.963 5.677 6.717 2.329 4.661 6.174 4.152 7.436 3.717 4.646 3.942 5.872 2.498 5.559 2.386 3.448 3.211 8.345 7.948 4.394 
5.480 5.251 4.358 2.305 4.970 4.808 0.853 2.751 4.011 2.777 4.176 3.325 5.871 3.720 3.541 4.440 6.643 2.611 2.573 4.185 3.165 3.078 1.504 6.294 3.684 0.998 2.078 5.085 4.570 2.876 6.257 4.778 4.724 3.594 6.295 4.653 6.010 4.878 6.532 4.273 6.198 4.411 1.507 5.732 1.677 3.957 3.806 5.336 4.881 2.973 
8.779 10.489 3.220 8.040 5.653 2.823 5.668 3.734 3.597 3.720 7.068 9.185 2.135 4.437 7.779 10.690 8.039 8.983 5.673 2.483 8.372 8.275 5.179 7.050 8.829 5.577 8.461 8.740 8.658 3.545 4.391 8.841 7.429 3.072 7.174 9.364 6.630 10.580 5.515 4.805 1.764 9.062 4.886 8.544 5.403 6.546 6.319 11.413 10.995 5.479 
5.635 7.047 1.146 5.431 3.125 3.360 2.490 1.739 3.210 0.686 3.883 6.547 2.547 3.674 4.378 7.338 5.533 5.767 2.246 0.980 6.067 5.968 2.681 4.738 6.587 2.363 5.284 7.285 6.966 0.857 3.358 5.519 6.333 2.109 4.816 5.957 4.328 7.128 4.041 4.358 4.014 5.655 2.040 5.530 1.999 3.378 3.136 7.996 7.591 4.007 
9.030 9.218 5.229 4.178 7.270 2.131 3.918 2.504 1.341 3.640 7.419 5.160 5.838 0.567 7.242 8.089 9.548 6.149 5.496 4.261 4.052 3.973 2.579 8.868 4.383 3.975 5.623 3.843 3.838 3.386 7.460 8.523 2.516 2.300 8.927 8.550 8.479 8.814 8.253 0.324 3.675 8.287 3.122 9.127 4.515 7.017 6.794 9.110 8.646 1.120 
4.550 7.162 2.258 8.082 1.277 6.264 4.971 4.963 6.340 3.865 3.256 9.087 2.825 6.882 4.529 8.595 3.183 7.579 3.358 3.347 8.883 8.789 5.708 2.158 9.410 4.819 7.238 10.395 10.017 4.079 0.868 5.053 9.529 5.229 2.294 5.876 1.761 7.684 0.819 7.554 6.317 5.617 4.982 4.121 4.102 2.873 2.777 8.874 8.580 7.207 
6.256 5.765 4.969 1.571 5.772 4.769 1.564 2.943 3.891 3.258 4.997 2.671 6.395 3.439 4.301 4.543 7.469 2.612 3.389 4.647 2.361 2.270 1.510 7.118 2.885 1.715 2.072 4.268 3.745 3.290 6.968 5.507 3.985 3.708 7.121 5.298 6.829 5.268 7.302 3.897 6.263 5.076 1.873 6.531 2.450 4.784 4.633 5.538 5.075 2.494 
2.359 5.422 4.664 8.584 2.130 8.560 5.827 6.782 8.397 5.663 2.326 9.358 5.653 8.741 3.540 7.629 0.332 7.265 3.929 5.737 9.529 9.449 6.986 0.731 10.027 5.699 7.114 11.476 10.981 5.949 3.647 3.277 10.910 7.316 0.584 4.216 1.103 6.232 2.642 9.439 8.925 4.060 6.276 1.764 4.967 2.457 2.616 7.548 7.381 8.714 
3.580 4.174 3.548 4.160 3.220 5.666 1.596 3.464 5.098 2.767 2.179 5.012 5.215 5.099 1.762 4.562 4.655 3.331 0.925 3.905 5.094 5.013 2.932 4.374 5.596 1.518 2.992 7.082 6.564 3.027 4.902 3.041 6.661 4.291 4.360 3.208 4.130 4.201 4.911 5.754 6.733 2.918 2.389 3.770 1.090 1.985 1.862 5.110 4.725 4.677 
8.577 9.512 3.690 5.748 6.111 0.334 4.129 1.948 0.947 2.746 6.839 6.858 3.822 1.783 7.084 9.044 8.549 7.172 5.015 2.588 5.913 5.821 3.145 7.712 6.330 4.102 6.627 6.077 6.022 2.447 5.750 8.320 4.760 1.094 7.801 8.592 7.292 9.349 6.703 2.147 1.661 8.299 3.198 8.524 4.294 6.354 6.112 9.932 9.481 2.900 
2.708 0.682 6.762 5.740 5.286 9.111 4.788 6.901 8.463 6.260 3.308 5.963 8.390 8.315 2.109 2.867 4.985 3.472 4.136 7.325 6.701 6.661 6.059 5.430 7.055 4.781 3.691 9.047 8.426 6.522 7.398 1.716 9.110 7.751 5.324 0.778 5.467 1.241 6.906 8.905 10.227 0.965 5.710 3.306 4.572 3.710 3.853 2.564 2.454 7.616 
4.907 6.773 0.670 6.243 2.024 4.424 3.145 2.907 4.363 1.801 3.191 7.313 2.295 4.848 4.010 7.526 4.477 6.171 2.073 1.602 6.973 6.876 3.688 3.622 7.500 2.997 5.745 8.361 8.006 2.021 2.313 4.987 7.466 3.253 3.711 5.579 3.203 7.026 2.883 5.531 4.829 5.281 2.980 4.703 2.385 2.670 2.446 8.039 7.671 5.143 
