25 50 100
38.060 105.980 43.113 33.047 69.870 111.732 117.960 54.038 127.425 36.764 120.293 129.600 41.317 75.011 89.645 39.769 94.422 95.208 48.000 112.234 77.521 59.249 106.847 99.904 55.917 
28.904 26.985 71.722 76.316 105.037 25.015 50.995 48.275 97.644 95.954 83.305 58.666 33.288 60.419 37.154 65.399 75.044 34.774 79.963 13.680 94.071 35.728 51.003 65.619 27.661 54.412 85.675 33.562 69.366 58.007 82.545 15.156 82.390 19.904 67.799 18.446 86.605 8.782 71.333 67.630 39.842 63.403 88.027 68.235 93.238 46.234 87.808 28.062 71.019 94.835 
22.241 29.706 14.795 15.117 17.497 22.395 34.131 17.094 8.122 16.091 33.009 24.124 20.203 24.295 28.755 31.096 21.757 7.508 26.518 16.111 27.237 20.014 25.137 14.534 24.208 12.094 11.876 6.487 17.411 24.079 25.197 34.179 5.295 28.636 33.229 22.009 12.412 12.335 13.453 33.302 31.342 12.614 8.753 14.738 30.884 31.282 5.540 20.590 16.201 11.088 14.330 30.000 31.777 34.382 34.666 14.892 12.453 8.600 13.331 14.236 17.264 26.462 15.074 11.968 14.462 16.120 12.272 28.812 31.721 32.951 17.037 29.235 7.331 7.837 20.958 18.870 5.229 10.160 9.603 19.272 29.908 5.427 17.711 27.496 24.468 31.207 21.991 5.942 24.351 7.362 23.057 23.257 17.169 33.100 15.070 18.029 12.067 22.029 17.763 7.864 
702.680 701.808 1150.829 1163.570 1443.265 676.448 974.056 979.458 1374.631 1353.338 1151.496 999.897 786.539 1025.863 798.225 1071.027 1129.765 815.072 1126.220 541.325 1376.386 813.063 1028.128 1101.112 722.571 934.028 1217.113 745.761 1057.385 996.849 1232.166 524.081 1213.239 634.051 1121.163 631.363 1325.462 443.734 1116.390 1091.128 870.237 1076.144 1263.428 1084.004 1243.790 914.385 1193.774 693.341 1129.177 1357.892 
1.882 4.329 4.964 5.662 5.090 2.158 3.573 2.195 2.099 5.164 2.693 4.337 4.196 2.763 4.679 5.532 3.574 3.181 6.896 3.212 5.900 5.889 3.333 4.884 3.711 3.650 6.683 2.984 3.684 1.768 5.893 7.251 7.252 3.644 3.470 4.749 3.695 1.358 2.886 5.125 5.465 1.595 6.796 5.243 4.121 5.130 1.771 3.963 6.750 7.467 
0.973 2.962 6.724 5.272 7.602 1.855 5.403 0.669 3.916 6.253 1.598 5.158 4.138 5.278 3.887 7.322 5.173 3.918 9.429 5.001 6.845 6.780 5.853 6.991 6.033 3.947 9.001 4.659 3.690 3.008 8.140 9.668 9.703 6.127 2.709 4.090 5.572 1.197 4.573 6.713 7.914 3.641 9.187 4.306 6.137 4.919 4.254 5.149 9.280 9.274 
5.623 6.515 2.183 6.261 3.318 5.885 1.604 5.902 4.513 3.674 5.427 3.778 4.998 1.571 6.132 2.496 2.149 6.189 4.305 1.778 4.372 4.459 2.429 1.337 0.084 4.342 2.928 2.095 4.721 4.991 5.442 5.737 5.526 1.058 5.460 8.270 1.476 4.909 5.001 2.658 2.000 4.078 3.122 6.664 4.993 5.687 2.089 3.026 4.270 4.114 
6.193 5.097 1.322 3.731 6.429 6.869 1.673 6.324 6.536 0.570 4.834 1.322 2.993 4.285 4.230 1.714 1.355 7.978 7.225 1.835 1.278 1.352 5.352 2.514 3.170 2.605 4.582 1.920 3.044 6.579 8.498 8.835 8.606 4.140 4.217 9.557 1.712 5.309 7.227 0.881 4.658 5.995 5.104 4.608 7.713 3.259 4.056 1.013 7.232 3.358 
4.454 8.116 8.168 9.748 4.902 3.606 6.928 4.754 2.034 8.935 6.446 8.292 8.289 4.634 8.682 8.617 7.161 1.628 6.733 6.688 9.704 9.722 4.027 7.542 6.121 7.738 8.457 6.614 7.775 2.516 3.803 5.754 5.988 5.376 7.426 3.638 6.969 4.811 1.291 8.504 6.866 2.583 8.258 9.223 1.831 9.223 4.479 7.784 6.508 10.317 
7.707 6.849 1.244 5.288 6.380 8.284 2.605 7.877 7.544 2.010 6.539 3.062 4.727 4.835 5.951 0.833 2.647 9.122 6.693 2.958 2.130 2.279 5.752 2.121 3.405 4.359 3.476 3.218 4.798 7.777 8.665 8.603 8.310 4.350 5.969 10.919 2.506 6.839 8.146 1.075 4.129 7.037 4.081 6.292 8.307 4.884 4.971 2.715 6.756 1.606 
2.317 1.508 6.317 3.936 8.248 3.269 5.140 2.091 5.043 5.475 0.742 4.328 3.001 5.718 2.503 6.906 4.782 5.305 9.953 4.751 5.960 5.871 6.494 6.835 6.136 3.005 8.991 4.376 2.645 4.242 9.116 10.480 10.466 6.453 1.475 5.515 5.326 2.004 5.768 6.193 8.123 4.666 9.270 2.876 7.236 3.656 4.683 4.515 9.831 8.798 
7.159 7.408 1.545 6.539 4.295 7.510 2.222 7.409 6.216 3.394 6.609 4.000 5.550 3.247 6.781 1.390 2.668 7.894 4.575 2.601 3.884 4.012 3.944 0.516 1.784 4.983 1.765 2.978 5.417 6.683 6.629 6.467 6.172 2.519 6.390 9.955 2.033 6.381 6.687 2.050 1.994 5.781 2.246 7.245 6.538 6.023 3.767 3.328 4.628 2.475 
8.332 10.287 5.799 10.291 1.607 8.148 5.633 8.680 5.877 7.565 8.940 7.806 8.992 3.905 10.069 5.786 6.181 7.361 0.344 5.800 8.176 8.287 3.251 4.559 4.004 8.323 3.501 6.088 8.670 6.804 3.295 2.219 1.855 3.282 9.242 9.728 5.492 7.910 5.810 6.331 2.410 5.796 2.947 10.622 4.609 9.715 4.938 7.053 0.237 6.386 
7.997 10.360 6.518 10.665 1.318 7.680 6.113 8.355 5.301 8.186 8.898 8.271 9.289 3.958 10.281 6.596 6.641 6.631 1.383 6.207 8.851 8.950 3.043 5.316 4.479 8.611 4.604 6.445 8.917 6.279 2.116 1.224 1.007 3.589 9.341 8.982 5.999 7.695 5.090 7.042 3.298 5.328 4.089 10.849 3.699 10.079 4.919 7.524 1.154 7.415 
4.341 4.455 2.229 4.290 5.079 4.901 0.884 4.534 4.447 2.491 3.540 2.024 2.943 2.557 4.047 2.822 0.766 5.887 6.341 0.481 3.261 3.284 3.655 2.554 2.093 2.273 4.733 0.177 2.636 4.495 6.843 7.535 7.381 2.800 3.407 7.551 1.059 3.489 5.153 2.324 4.078 3.904 5.061 4.585 5.774 3.704 2.045 1.376 6.283 4.781 
1.763 5.490 6.971 7.364 5.779 0.960 5.590 2.062 1.533 7.223 3.849 6.356 5.974 4.154 6.169 7.521 5.629 1.277 7.717 5.247 7.952 7.935 4.218 6.743 5.434 5.521 8.294 5.039 5.459 0.578 5.729 7.463 7.577 5.078 4.902 2.770 5.696 2.237 1.970 7.165 6.886 1.608 8.294 6.681 3.611 6.886 3.421 6.020 7.528 9.424 
3.644 0.396 5.760 2.489 8.684 4.614 4.812 3.479 6.057 4.562 1.462 3.430 1.837 6.055 1.039 6.312 4.346 6.582 10.226 4.469 4.910 4.800 6.985 6.514 6.115 2.127 8.745 4.099 1.684 5.386 9.873 11.042 10.975 6.639 0.669 6.975 5.001 3.095 6.825 5.524 8.122 5.605 9.110 1.417 8.158 2.283 5.085 3.832 10.134 8.085 
7.077 8.759 4.317 8.709 1.360 7.024 4.055 7.411 4.952 6.032 7.471 6.229 7.413 2.483 8.502 4.381 4.601 6.579 1.870 4.217 6.672 6.776 2.147 3.103 2.422 6.745 2.695 4.507 7.099 5.779 3.730 3.436 3.166 1.739 7.708 8.911 3.918 6.563 5.081 4.845 1.158 4.747 2.350 9.051 4.272 8.132 3.521 5.476 1.819 5.299 
2.767 6.450 8.711 8.644 7.163 1.840 7.325 2.882 2.953 8.875 4.967 7.946 7.353 5.840 7.325 9.265 7.340 1.447 9.100 6.974 9.584 9.556 5.759 8.488 7.165 6.985 9.984 6.750 6.852 2.249 6.622 8.511 8.691 6.754 6.088 1.033 7.436 3.553 2.981 8.890 8.531 3.228 9.950 7.776 4.495 8.223 5.160 7.674 8.894 11.172 
6.943 8.515 3.999 8.415 1.607 6.932 3.754 7.272 4.930 5.717 7.258 5.926 7.132 2.321 8.233 4.068 4.301 6.581 2.153 3.926 6.354 6.459 2.128 2.787 2.128 6.467 2.504 4.224 6.827 5.722 3.982 3.751 3.484 1.513 7.462 8.894 3.613 6.401 5.108 4.528 0.916 4.692 2.220 8.778 4.394 7.840 3.346 5.174 2.117 5.025 
9.953 9.818 3.682 8.419 6.143 10.315 4.866 10.195 8.923 5.127 9.245 6.100 7.767 5.923 9.009 3.123 5.193 10.616 5.500 5.267 5.235 5.386 6.401 3.291 4.539 7.316 2.096 5.628 7.763 9.455 8.490 7.718 7.339 5.074 8.864 12.735 4.690 9.160 9.321 3.929 3.673 8.521 2.564 9.386 8.913 8.003 6.552 5.603 5.660 1.724 
6.888 9.980 7.713 10.908 2.642 6.304 6.877 7.241 3.928 9.071 8.351 8.828 9.434 4.280 10.196 7.969 7.312 4.755 3.929 6.818 9.816 9.883 3.190 6.690 5.456 8.777 6.689 6.930 8.977 4.899 0.489 2.455 2.739 4.475 9.067 6.965 6.826 6.866 3.394 8.186 5.144 4.208 6.285 10.774 1.748 10.326 4.866 8.143 3.696 9.216 
3.679 0.409 5.741 2.448 8.691 4.650 4.800 3.516 6.081 4.533 1.493 3.403 1.804 6.061 0.997 6.291 4.331 6.615 10.228 4.459 4.877 4.767 6.995 6.501 6.111 2.104 8.732 4.089 1.660 5.415 9.889 11.051 10.983 6.640 0.670 7.014 4.989 3.124 6.850 5.501 8.117 5.628 9.100 1.379 8.179 2.243 5.093 3.811 10.136 8.061 
4.391 2.422 3.766 1.938 7.493 5.273 3.015 4.392 5.896 2.517 2.472 1.376 0.489 4.890 1.662 4.294 2.488 6.909 8.796 2.748 2.941 2.849 5.951 4.646 4.531 0.194 6.881 2.425 0.387 5.530 9.077 9.937 9.804 5.249 1.601 7.924 3.195 3.560 6.679 3.488 6.473 5.362 7.303 2.158 7.695 1.360 4.111 1.826 8.739 6.032 
6.867 6.097 0.611 4.735 6.016 7.455 1.813 7.035 6.800 1.447 5.714 2.348 4.016 4.211 5.257 0.718 1.808 8.348 6.568 2.143 1.852 1.982 5.195 1.814 2.865 3.594 3.659 2.385 4.039 6.987 8.223 8.339 8.075 3.846 5.185 10.101 1.740 5.997 7.430 0.232 3.972 6.282 4.216 5.638 7.698 4.280 4.235 1.910 6.602 2.387 
5.949 2.760 4.916 0.159 9.315 6.893 4.594 5.868 7.778 3.171 3.778 2.455 1.494 6.755 1.579 5.315 4.043 8.680 10.490 4.422 3.115 2.969 7.834 6.020 6.214 2.115 8.177 4.163 2.001 7.340 10.983 11.770 11.615 7.023 2.655 9.432 4.748 5.209 8.565 4.487 8.043 7.254 8.674 1.497 9.618 0.564 6.022 3.192 10.454 6.687 
5.445 2.101 5.214 0.530 9.292 6.402 4.717 5.337 7.454 3.571 3.242 2.690 1.312 6.687 0.940 5.661 4.171 8.254 10.569 4.495 3.627 3.488 7.741 6.248 6.292 1.991 8.449 4.196 1.743 6.948 10.845 11.736 11.603 7.040 2.119 8.887 4.885 4.750 8.241 4.827 8.190 6.944 8.917 0.836 9.377 0.694 5.881 3.374 10.519 7.149 
6.513 5.035 1.846 3.375 7.050 7.240 2.280 6.614 7.055 0.142 4.980 1.286 2.877 4.893 4.069 2.122 1.912 8.451 7.817 2.406 0.668 0.732 5.965 3.077 3.792 2.622 5.058 2.439 3.033 7.043 9.117 9.451 9.219 4.761 4.242 9.940 2.329 5.627 7.763 1.338 5.238 6.510 5.605 4.383 8.302 2.965 4.617 1.339 7.829 3.498 
1.196 4.142 5.595 5.783 5.661 1.504 4.204 1.526 2.174 5.654 2.465 4.745 4.365 3.435 4.664 6.172 4.155 2.865 7.507 3.829 6.366 6.342 3.919 5.569 4.411 3.894 7.383 3.570 3.849 1.523 6.261 7.731 7.760 4.329 3.408 4.165 4.337 0.882 2.929 5.724 6.155 1.783 7.494 5.205 4.352 5.287 2.463 4.453 7.352 8.118 
1.450 3.229 3.257 5.185 6.927 2.169 8.802 7.639 9.348 7.116 1.236 8.613 5.981 6.321 5.196 2.057 2.867 7.465 4.966 5.700 7.294 5.908 6.105 7.262 7.848 3.494 8.577 5.133 1.707 7.432 8.869 3.830 6.164 4.161 8.258 4.086 7.689 1.256 4.440 3.938 1.470 5.504 6.661 9.108 6.866 0.390 7.176 1.432 9.243 7.972 4.105 6.764 0.381 5.497 3.635 2.236 5.394 1.314 6.768 5.861 1.693 5.285 4.759 6.694 3.466 10.618 4.250 0.625 2.234 5.223 8.560 8.821 7.896 4.661 4.696 8.084 4.670 8.661 2.051 6.547 7.250 3.522 1.595 4.942 8.557 5.785 7.631 5.862 6.876 4.849 4.492 6.968 4.271 5.911 8.624 1.830 4.888 10.053 7.107 8.806 
5.154 0.752 6.345 5.918 5.628 3.058 11.267 5.971 8.582 5.112 2.798 10.445 4.150 8.177 6.917 5.836 4.115 8.497 1.725 3.990 5.440 7.153 4.781 7.457 6.737 2.854 9.679 5.651 5.451 9.521 9.859 0.423 9.060 4.946 11.016 5.470 7.886 2.529 5.912 7.223 4.692 8.457 8.838 9.224 6.839 3.772 6.855 5.215 11.962 9.996 5.846 9.819 3.616 8.547 7.400 4.204 8.408 4.562 8.358 9.029 4.083 2.787 2.839 9.354 0.602 10.044 6.929 4.398 5.928 7.780 10.778 9.474 8.208 1.564 5.572 8.227 7.886 9.726 5.724 4.968 7.243 2.746 4.732 6.045 7.506 2.066 9.481 2.937 4.668 2.917 7.192 8.926 4.522 9.022 9.634 2.078 8.141 9.568 8.013 9.145 
7.671 5.595 5.793 2.005 1.502 4.479 7.392 2.298 2.780 2.757 5.610 5.738 2.593 4.266 3.583 7.492 3.756 3.220 5.089 2.532 2.521 2.862 1.731 1.527 1.594 3.524 4.202 1.776 7.739 5.457 4.235 5.738 6.661 2.580 7.748 3.137 1.878 6.110 3.156 6.528 8.030 6.426 5.171 3.095 0.862 6.201 0.709 7.256 8.420 5.688 3.576 7.513 6.189 6.688 9.008 4.492 6.529 7.877 3.937 7.255 5.026 3.883 3.418 6.372 5.605 4.097 5.212 6.729 8.271 5.306 6.588 3.604 2.239 4.965 2.352 2.151 6.698 4.200 8.181 2.014 1.189 3.586 5.693 2.558 2.113 6.257 5.051 4.426 3.106 3.367 5.335 4.857 2.301 7.114 4.066 5.605 6.927 3.557 2.740 3.101 
7.326 2.777 7.596 5.693 3.966 4.272 11.594 3.970 6.881 3.010 4.674 10.347 2.472 8.317 7.151 7.804 4.874 8.021 0.948 2.500 3.390 7.020 3.326 6.542 5.015 3.167 9.127 5.347 7.580 9.686 9.213 2.314 9.883 5.056 11.595 5.808 6.910 4.683 6.190 8.524 7.057 9.376 9.133 8.041 5.872 5.730 5.675 7.244 12.459 10.074 6.315 10.724 5.600 9.538 9.468 5.336 9.380 6.911 8.289 10.085 5.483 1.226 1.939 9.967 2.569 8.352 7.813 6.424 8.111 8.468 10.943 8.632 7.270 1.226 5.540 7.170 9.070 9.143 7.925 3.242 6.221 3.051 6.299 6.042 5.727 1.340 9.478 0.621 2.494 1.929 8.055 9.054 4.427 10.028 9.022 4.054 9.337 7.964 7.512 8.121 
6.905 8.297 3.733 3.777 6.875 6.037 2.241 7.705 6.934 8.035 6.772 1.973 7.448 1.144 2.219 6.089 4.932 2.816 8.945 7.236 7.869 2.564 6.753 4.410 6.858 6.402 3.103 4.136 6.734 0.689 3.475 8.781 1.843 4.322 2.346 3.629 4.497 7.351 3.209 3.600 7.755 2.139 0.242 5.211 4.761 6.467 5.318 6.351 3.109 1.225 3.204 2.463 6.582 2.403 6.749 4.992 2.332 7.666 1.581 2.739 5.346 8.161 7.429 1.153 8.456 7.346 2.594 6.463 7.013 1.644 1.772 4.068 4.338 8.679 3.838 4.716 3.116 3.219 7.071 7.210 4.776 6.527 5.213 3.344 7.047 10.211 1.192 8.895 8.258 7.443 2.387 0.708 4.941 2.541 3.300 7.313 3.153 6.831 3.024 4.647 
0.581 4.199 2.860 5.521 7.611 2.912 8.428 8.366 9.865 7.907 2.156 8.463 6.780 6.244 5.231 1.119 3.343 7.596 5.923 6.492 8.059 6.050 6.823 7.623 8.470 4.285 8.651 5.530 0.761 7.230 8.967 4.801 5.688 4.577 7.785 4.334 8.033 2.226 4.622 3.363 1.190 5.026 6.454 9.430 7.296 1.112 7.659 0.480 8.767 7.775 4.230 6.200 1.229 4.973 2.666 2.613 4.892 1.097 6.759 5.268 2.073 6.184 5.618 6.300 4.436 11.067 3.976 0.417 1.314 4.936 8.280 9.013 8.205 5.615 5.034 8.428 4.095 8.743 1.158 7.290 7.660 4.331 1.541 5.194 9.149 6.755 7.503 6.786 7.702 5.705 4.190 6.827 4.807 5.345 8.723 2.792 4.284 10.493 7.288 9.080 
6.278 4.571 4.527 1.094 2.308 3.149 7.032 3.188 4.163 3.257 4.284 5.674 2.577 3.754 2.752 6.112 2.365 3.391 4.475 2.372 3.172 2.379 1.925 2.287 2.868 2.398 4.544 0.737 6.347 5.090 4.688 4.827 5.809 1.220 7.194 1.891 2.727 4.813 2.038 5.323 6.651 5.470 4.628 4.128 1.743 4.822 1.984 5.865 7.976 5.437 2.395 6.678 4.816 5.707 7.652 3.100 5.543 6.499 3.638 6.284 3.634 3.450 2.796 5.669 4.626 5.430 4.100 5.340 6.881 4.385 6.323 4.267 3.025 4.280 1.187 3.096 5.583 4.577 6.789 2.423 2.151 2.488 4.306 1.585 3.478 5.730 4.826 4.136 3.413 2.780 4.264 4.457 0.926 6.166 4.472 4.356 5.828 4.872 2.886 3.972 
1.572 3.082 3.617 5.447 7.050 2.307 9.161 7.738 9.539 7.176 1.260 8.958 6.041 6.660 5.521 2.305 3.108 7.768 4.861 5.765 7.371 6.212 6.214 7.509 7.998 3.576 8.889 5.378 1.865 7.783 9.177 3.668 6.523 4.407 8.617 4.377 7.940 1.107 4.742 4.290 1.361 5.862 7.012 9.363 7.094 0.704 7.384 1.667 9.602 8.321 4.420 7.119 0.628 5.853 3.816 2.518 5.751 1.202 7.097 6.213 1.989 5.265 4.780 7.054 3.316 10.830 4.608 0.920 2.354 5.580 8.915 9.108 8.157 4.563 4.960 8.334 5.022 8.971 2.156 6.640 7.483 3.592 1.952 5.227 8.719 5.618 7.974 5.809 6.914 4.871 4.851 7.312 4.474 6.265 8.931 1.740 5.238 10.269 7.400 9.074 
2.663 5.613 0.609 4.371 7.248 3.498 6.019 8.106 8.877 7.919 3.532 6.224 6.899 4.166 3.431 1.817 3.060 5.820 6.993 6.609 7.957 4.393 6.637 6.344 7.856 4.674 6.731 4.532 2.468 4.954 7.079 6.217 3.266 3.785 5.364 3.167 6.692 3.953 3.236 0.976 3.564 2.604 4.192 7.974 6.212 2.745 6.692 2.119 6.347 5.496 2.789 3.809 2.900 2.559 2.833 2.443 2.472 3.498 4.767 2.898 2.298 6.808 6.097 3.892 5.836 9.865 1.751 2.445 2.748 2.631 5.923 7.298 6.771 6.676 3.958 7.066 1.708 6.835 2.798 7.156 6.499 4.772 1.581 3.881 8.410 8.078 5.310 7.527 7.869 6.161 1.904 4.635 4.302 2.954 6.844 4.243 1.926 9.284 5.627 7.532 
7.680 4.520 6.535 3.259 0.718 4.209 9.087 1.268 3.695 1.063 5.220 7.535 0.840 5.855 4.936 7.743 3.953 5.047 3.549 0.926 1.025 4.439 0.297 3.370 1.828 2.900 6.051 2.915 7.822 7.137 6.081 4.490 8.003 3.235 9.334 4.009 3.691 5.591 4.216 7.389 7.824 7.658 6.751 4.744 2.711 6.056 2.416 7.369 10.075 7.422 4.540 8.872 5.997 7.890 9.382 4.691 7.726 7.665 5.630 8.467 5.130 2.280 2.081 7.845 4.461 5.170 6.249 6.693 8.381 6.578 8.322 5.422 4.056 3.505 3.374 3.912 7.715 6.049 8.250 0.231 3.008 2.897 5.933 3.777 2.595 4.598 6.789 2.682 1.286 1.998 6.428 6.515 2.642 8.353 5.914 4.979 7.967 4.732 4.554 4.856 
3.649 1.028 4.690 4.860 5.501 1.576 9.786 6.062 8.274 5.370 1.124 9.138 4.258 6.823 5.569 4.228 2.722 7.424 2.766 4.013 5.620 5.965 4.625 6.683 6.551 2.076 8.606 4.661 3.919 8.124 8.831 1.640 7.461 3.802 9.461 4.157 7.124 0.989 4.597 5.555 3.375 6.842 7.405 8.530 6.138 2.137 6.287 3.627 10.422 8.625 4.448 8.196 1.988 6.917 5.846 2.637 6.782 3.226 7.091 7.384 2.438 3.266 2.903 7.808 1.265 9.673 5.345 2.800 4.435 6.236 9.360 8.566 7.408 2.470 4.439 7.498 6.228 8.667 4.243 4.968 6.549 2.027 3.056 4.859 7.313 3.588 8.154 3.747 5.038 2.997 5.608 7.557 3.554 7.385 8.594 0.406 6.481 9.147 6.974 8.357 
6.709 3.372 5.935 3.245 1.851 3.224 9.194 2.358 4.791 1.771 4.161 7.837 0.653 5.909 4.827 6.866 3.203 5.472 2.564 0.360 1.951 4.552 0.990 4.011 2.952 1.857 6.574 2.887 6.877 7.258 6.663 3.369 7.769 2.841 9.303 3.644 4.396 4.493 3.952 6.834 6.781 7.345 6.766 5.607 3.343 5.059 3.210 6.441 10.116 7.611 4.184 8.634 4.985 7.549 8.534 3.888 7.385 6.622 5.812 8.120 4.261 1.361 0.954 7.728 3.320 6.255 5.843 5.722 7.437 6.329 8.496 6.102 4.750 2.463 3.188 4.681 7.250 6.591 7.293 1.263 3.710 1.830 5.094 3.667 3.724 3.731 6.999 1.981 1.617 0.881 6.053 6.624 2.182 8.030 6.470 3.866 7.512 5.789 4.964 5.631 
6.045 1.892 6.111 4.409 3.476 2.820 10.217 3.810 6.446 2.980 3.368 9.080 1.984 6.964 5.763 6.435 3.388 6.870 0.998 1.832 3.290 5.730 2.648 5.577 4.586 1.682 8.020 4.081 6.276 8.338 8.148 1.744 8.416 3.659 10.168 4.379 5.984 3.497 4.778 7.039 5.896 7.899 7.750 7.247 4.924 4.404 4.850 5.906 11.051 8.752 4.870 9.251 4.289 8.056 8.115 3.855 7.899 5.743 6.995 8.601 4.028 0.721 0.735 8.528 1.776 7.915 6.334 5.103 6.822 7.011 9.603 7.655 6.328 0.816 4.191 6.293 7.583 8.049 6.647 2.804 5.310 1.564 4.857 4.696 5.352 2.267 8.175 1.279 2.574 0.793 6.578 7.711 3.065 8.547 7.939 2.840 7.850 7.457 6.365 7.235 
5.158 5.676 2.407 1.635 4.886 3.460 4.879 5.766 5.977 5.866 4.321 4.115 5.091 1.791 0.567 4.609 2.324 2.919 6.324 4.845 5.784 1.409 4.528 3.377 5.226 3.768 3.969 1.928 5.092 3.101 4.282 6.147 3.213 1.751 4.799 0.997 3.704 4.918 0.618 2.974 5.847 2.857 2.422 4.975 3.341 4.252 3.870 4.628 5.677 3.591 0.588 4.082 4.335 3.098 5.832 2.530 2.935 5.726 2.146 3.674 2.989 5.613 4.866 3.178 5.828 6.884 1.593 4.455 5.522 1.778 4.356 4.367 3.772 6.052 1.431 4.073 3.070 4.059 5.507 5.034 3.576 3.893 3.156 1.078 5.662 7.585 3.126 6.360 5.989 4.890 1.703 2.522 2.405 3.553 4.037 4.782 3.295 6.305 2.658 4.543 
6.008 1.370 6.690 5.534 4.675 3.290 11.204 4.918 7.653 4.019 3.429 10.182 3.148 7.999 6.764 6.573 4.145 8.049 0.538 3.037 4.365 6.836 3.873 6.812 5.782 2.562 9.212 5.224 6.281 9.369 9.353 0.859 9.217 4.685 11.070 5.334 7.223 3.340 5.759 7.605 5.667 8.656 8.740 8.494 6.163 4.478 6.097 5.983 11.983 9.809 5.783 10.022 4.336 8.783 8.205 4.438 8.633 5.526 8.088 9.302 4.464 1.713 1.982 9.412 1.145 9.128 7.093 5.155 6.794 7.858 10.637 8.883 7.565 0.454 5.265 7.536 8.214 9.245 6.600 3.979 6.553 2.438 5.224 5.764 6.541 1.324 9.253 1.756 3.550 2.038 7.348 8.751 4.149 9.270 9.140 2.750 8.478 8.681 7.548 8.477 
8.244 6.161 6.267 2.438 1.638 5.077 7.441 2.277 2.192 2.920 6.208 5.683 2.971 4.437 3.902 8.040 4.334 3.143 5.568 2.956 2.624 3.083 2.115 1.323 1.297 4.114 4.005 2.263 8.305 5.537 3.988 6.283 6.933 3.128 7.879 3.627 1.562 6.709 3.598 6.966 8.619 6.747 5.331 2.608 0.801 6.789 0.281 7.821 8.497 5.715 4.032 7.770 6.780 7.018 9.532 5.063 6.862 8.466 4.030 7.576 5.602 4.335 3.926 6.582 6.163 3.499 5.616 7.310 8.832 5.625 6.606 3.279 1.924 5.465 2.835 1.751 7.091 3.987 8.747 2.282 0.920 4.173 6.251 2.972 1.640 6.701 5.080 4.825 3.335 3.868 5.720 4.964 2.889 7.425 3.844 6.201 7.310 2.961 2.706 2.693 
6.231 4.132 4.755 1.613 2.068 2.938 7.563 2.924 4.312 2.855 4.062 6.224 2.075 4.279 3.230 6.154 2.337 3.931 3.937 1.852 2.821 2.920 1.517 2.717 2.819 1.996 5.075 1.255 6.328 5.625 5.207 4.349 6.246 1.433 7.696 2.204 3.148 4.555 2.430 5.593 6.528 5.872 5.144 4.514 2.114 4.702 2.235 5.854 8.494 5.981 2.737 7.115 4.679 6.098 7.742 3.092 5.933 6.373 4.183 6.674 3.595 2.899 2.251 6.147 4.170 5.653 4.444 5.268 6.874 4.810 6.863 4.750 3.468 3.751 1.609 3.499 5.909 5.105 6.768 2.036 2.523 2.071 4.332 2.061 3.502 5.187 5.372 3.587 2.956 2.232 4.627 4.991 0.892 6.566 4.996 4.051 6.162 5.113 3.424 4.406 
1.893 6.151 2.301 6.008 8.710 4.431 7.232 9.541 10.519 9.248 4.019 7.733 8.170 5.801 5.127 0.948 4.367 7.508 7.775 7.876 9.332 6.090 8.026 8.020 9.402 5.768 8.390 6.138 1.572 6.449 8.744 6.763 4.412 5.316 6.407 4.781 8.376 4.227 4.898 2.161 2.808 3.804 5.716 9.669 7.857 2.987 8.317 1.587 7.353 6.978 4.451 4.698 3.140 3.649 1.143 3.638 3.627 2.818 6.423 3.758 3.271 7.838 7.187 5.163 6.388 11.543 3.390 2.364 1.493 4.166 7.285 8.988 8.464 7.459 5.571 8.754 2.753 8.496 1.649 8.533 8.159 5.844 2.428 5.542 9.994 8.709 6.867 8.506 9.132 7.264 3.496 6.205 5.755 3.889 8.512 4.719 2.840 10.962 7.323 9.229 
8.840 9.869 5.670 4.880 7.504 7.694 1.751 8.236 6.749 8.760 8.533 0.306 8.395 2.446 3.703 8.031 6.551 2.822 10.275 8.232 8.523 3.554 7.601 4.653 7.196 7.830 2.295 5.221 8.674 1.263 2.570 10.301 3.505 5.693 2.686 5.140 4.551 9.125 4.697 5.527 9.679 3.968 2.037 4.713 5.202 8.323 5.688 8.286 2.843 0.719 4.824 3.809 8.430 4.197 8.651 6.736 4.161 9.586 2.287 4.398 7.143 9.340 8.653 2.687 10.005 6.760 4.520 8.366 8.956 3.585 0.875 3.407 4.266 10.038 5.106 4.614 4.997 2.383 9.013 7.985 5.060 7.952 7.094 4.606 7.176 11.548 1.124 10.035 9.077 8.649 4.324 1.725 6.228 4.202 2.526 9.017 4.997 6.337 3.271 4.158 
5.906 4.213 4.282 1.201 2.526 2.747 7.133 3.394 4.549 3.355 3.882 5.867 2.556 3.847 2.758 5.771 1.990 3.669 4.223 2.320 3.314 2.528 2.015 2.672 3.188 2.032 4.839 0.859 5.984 5.206 5.001 4.494 5.752 0.950 7.233 1.706 3.113 4.411 1.933 5.109 6.261 5.374 4.696 4.521 2.143 4.431 2.382 5.504 8.045 5.583 2.238 6.621 4.423 5.598 7.332 2.735 5.434 6.108 3.798 6.175 3.260 3.268 2.575 5.669 4.278 5.829 3.946 4.960 6.522 4.316 6.456 4.618 3.403 4.010 1.124 3.488 5.414 4.878 6.425 2.534 2.550 2.128 3.955 1.595 3.828 5.490 4.985 3.981 3.451 2.571 4.128 4.573 0.531 6.068 4.780 3.958 5.665 5.272 3.172 4.352 
8.368 4.931 7.305 3.991 0.905 4.884 9.741 0.742 3.623 0.379 5.849 8.120 1.118 6.543 5.670 8.469 4.701 5.599 3.707 1.360 0.267 5.122 1.067 3.839 1.779 3.536 6.536 3.654 8.523 7.795 6.530 4.812 8.749 4.007 10.030 4.779 4.104 6.180 4.977 8.161 8.467 8.416 7.444 4.990 3.214 6.728 2.818 8.076 10.748 8.054 5.308 9.617 6.661 8.650 10.118 5.432 8.487 8.308 6.279 9.227 5.854 2.465 2.494 8.568 4.840 5.090 7.017 7.380 9.083 7.330 8.955 5.812 4.465 3.728 4.131 4.267 8.486 6.523 8.946 0.544 3.449 3.516 6.667 4.520 2.465 4.602 7.418 2.656 0.837 2.402 7.194 7.181 3.413 9.111 6.382 5.548 8.738 4.717 5.122 5.182 
8.333 4.831 7.327 4.064 1.039 4.847 9.843 0.869 3.770 0.260 5.795 8.237 1.034 6.634 5.743 8.451 4.700 5.720 3.577 1.293 0.330 5.214 1.101 3.969 1.929 3.490 6.666 3.724 8.492 7.895 6.664 4.699 8.816 4.043 10.120 4.822 4.240 6.115 5.032 8.190 8.415 8.473 7.534 5.138 3.338 6.688 2.953 8.049 10.845 8.161 5.354 9.684 6.617 8.705 10.105 5.424 8.541 8.256 6.381 9.282 5.837 2.342 2.404 8.647 4.735 5.236 7.062 7.345 9.053 7.393 9.061 5.951 4.602 3.605 4.189 4.408 8.526 6.654 8.913 0.585 3.582 3.464 6.655 4.587 2.612 4.458 7.525 2.514 0.687 2.311 7.243 7.279 3.438 9.169 6.514 5.479 8.779 4.866 5.240 5.325 
5.315 6.587 2.209 2.654 5.924 4.303 3.934 6.799 6.722 6.945 5.012 3.544 6.190 1.359 1.021 4.594 3.228 3.113 7.363 5.945 6.848 1.937 5.611 4.075 6.174 4.794 3.937 2.978 5.184 2.354 4.292 7.092 2.122 2.845 3.741 2.065 4.326 5.592 1.718 2.428 6.116 1.829 1.590 5.434 4.181 4.732 4.736 4.763 4.650 2.892 1.562 2.991 4.842 2.095 5.544 3.236 1.939 6.015 1.969 2.658 3.587 6.698 5.948 2.096 6.755 7.470 1.064 4.780 5.531 0.710 3.531 4.590 4.309 7.083 2.518 4.654 2.283 4.043 5.557 6.111 4.345 4.919 3.501 2.112 6.542 8.614 2.576 7.447 7.081 5.975 0.991 1.901 3.502 2.517 4.062 5.560 2.461 6.905 3.026 4.934 
7.584 6.282 5.266 1.522 2.743 4.754 6.175 3.502 3.069 4.002 5.878 4.493 3.755 3.141 2.694 7.246 3.800 1.981 6.063 3.648 3.762 1.810 2.913 0.602 2.594 4.110 3.013 1.530 7.599 4.255 3.090 6.523 5.664 2.502 6.584 2.750 1.041 6.435 2.596 5.882 8.078 5.513 4.034 2.466 0.499 6.277 1.062 7.114 7.219 4.460 3.043 6.491 6.297 5.789 8.635 4.452 5.637 7.933 2.740 6.337 5.006 4.929 4.365 5.289 6.333 4.067 4.489 6.709 8.097 4.394 5.358 2.576 1.316 5.898 2.004 1.430 5.933 3.023 8.037 3.246 0.670 4.200 5.535 1.951 2.852 7.283 3.823 5.537 4.340 4.331 4.562 3.673 2.548 6.180 2.898 6.022 6.138 3.486 1.495 2.264 
6.343 5.806 3.858 0.606 3.655 3.903 5.394 4.512 4.490 4.778 4.960 4.069 4.207 2.128 1.328 5.922 2.805 2.023 6.010 4.012 4.628 0.737 3.492 1.912 3.827 3.660 3.206 0.941 6.327 3.449 3.433 6.164 4.402 1.600 5.602 1.491 2.271 5.549 1.229 4.461 6.919 4.176 3.019 3.623 1.862 5.177 2.403 5.846 6.354 3.798 1.667 5.256 5.223 4.443 7.253 3.333 4.286 6.783 2.003 5.005 3.876 5.062 4.373 4.144 5.907 5.433 3.071 5.526 6.801 3.054 4.681 3.263 2.397 5.786 0.962 2.656 4.528 3.266 6.759 3.950 2.090 3.774 4.287 0.628 4.207 7.280 3.192 5.765 4.997 4.369 3.155 2.817 1.999 4.860 3.193 5.246 4.740 4.853 1.584 3.260 
5.698 2.037 5.510 3.748 3.187 2.323 9.539 3.664 6.100 2.949 3.047 8.416 1.840 6.288 5.084 6.002 2.757 6.239 1.661 1.609 3.203 5.065 2.316 5.019 4.282 1.054 7.399 3.428 5.905 7.662 7.540 2.089 7.753 2.980 9.492 3.701 5.437 3.284 4.100 6.437 5.648 7.245 7.071 6.743 4.380 4.038 4.361 5.507 10.372 8.079 4.197 8.592 3.938 7.408 7.686 3.276 7.250 5.491 6.328 7.958 3.505 1.093 0.489 7.853 1.997 7.553 5.683 4.729 6.460 6.342 8.927 7.079 5.773 1.433 3.518 5.763 6.960 7.432 6.297 2.587 4.777 0.948 4.347 4.022 5.054 2.934 7.505 1.812 2.634 0.582 5.924 7.035 2.391 7.899 7.327 2.634 7.227 7.069 5.737 6.696 
9.265 8.500 6.497 3.426 4.584 6.823 5.261 5.135 3.204 5.861 7.913 3.247 5.856 3.260 3.673 8.754 5.767 1.331 8.284 5.791 5.549 2.738 4.992 1.749 3.962 6.320 1.272 3.589 9.221 3.679 1.110 8.757 5.835 4.501 6.005 4.463 1.394 8.493 4.142 6.863 9.883 5.940 3.890 1.190 2.419 8.157 2.679 8.749 6.364 3.596 4.537 6.510 8.203 6.230 9.922 6.313 6.111 9.750 2.602 6.681 6.854 7.121 6.589 5.200 8.559 3.318 5.461 8.486 9.664 4.963 4.365 0.342 1.029 8.129 3.894 1.238 6.675 1.204 9.642 5.221 2.079 6.416 7.221 3.605 3.763 9.489 3.066 7.687 6.283 6.550 5.427 3.339 4.701 6.491 1.052 8.140 6.812 2.835 1.487 0.619 
5.648 3.837 4.213 1.501 2.646 2.408 7.373 3.489 4.853 3.343 3.542 6.171 2.448 4.093 2.951 5.564 1.747 4.023 3.904 2.188 3.347 2.822 2.026 3.047 3.406 1.655 5.198 1.184 5.741 5.462 5.367 4.127 5.869 0.950 7.426 1.754 3.488 4.059 2.051 5.070 5.964 5.456 4.920 4.893 2.507 4.135 2.717 5.265 8.260 5.858 2.295 6.735 4.118 5.667 7.155 2.502 5.503 5.810 4.089 6.242 3.008 3.008 2.290 5.835 3.905 6.161 3.980 4.688 6.286 4.429 6.721 4.994 3.781 3.680 1.319 3.861 5.423 5.240 6.181 2.549 2.916 1.754 3.741 1.819 4.080 5.176 5.271 3.738 3.383 2.295 4.179 4.831 0.320 6.145 5.143 3.592 5.680 5.609 3.530 4.729 
5.548 1.620 5.613 4.123 3.608 2.304 9.843 4.045 6.537 3.283 2.873 8.777 2.208 6.614 5.391 5.923 2.914 6.641 1.348 2.001 3.561 5.428 2.744 5.456 4.709 1.226 7.808 3.813 5.773 7.987 7.956 1.643 7.968 3.297 9.757 3.981 5.876 3.037 4.394 6.541 5.429 7.439 7.375 7.188 4.821 3.901 4.807 5.398 10.652 8.417 4.455 8.796 3.789 7.589 7.603 3.352 7.434 5.274 6.684 8.129 3.513 1.178 0.833 8.108 1.563 7.993 5.871 4.599 6.322 6.576 9.254 7.509 6.210 1.078 3.862 6.205 7.095 7.843 6.150 2.987 5.219 1.103 4.341 4.364 5.481 2.609 7.853 1.794 2.925 0.923 6.119 7.364 2.742 8.079 7.740 2.379 7.362 7.512 6.142 7.135 
1.696 4.945 1.476 4.740 7.314 3.054 7.012 8.138 9.230 7.834 2.806 7.136 6.757 4.990 4.103 1.009 2.959 6.509 6.474 6.463 7.921 5.009 6.618 6.805 8.037 4.368 7.493 4.833 1.543 5.881 7.829 5.558 4.264 3.964 6.361 3.504 7.185 3.139 3.688 1.947 2.573 3.602 5.110 8.530 6.583 1.883 7.016 1.143 7.344 6.426 3.253 4.789 2.043 3.551 2.484 2.225 3.468 2.503 5.553 3.864 1.869 6.459 5.793 4.883 5.177 10.318 2.630 1.475 1.924 3.566 6.891 7.968 7.308 6.156 4.279 7.573 2.682 7.592 1.926 7.123 6.908 4.449 1.024 4.316 8.651 7.475 6.197 7.142 7.720 5.868 2.822 5.520 4.368 3.932 7.588 3.526 2.882 9.737 6.260 8.127 
6.816 9.447 3.975 5.785 9.024 7.145 2.273 9.883 9.304 10.102 7.573 3.707 9.379 3.418 4.106 5.845 6.213 5.190 10.442 9.136 9.982 4.760 8.778 6.748 9.128 7.878 5.354 6.127 6.558 2.745 5.711 10.003 1.139 6.030 1.256 5.237 6.860 8.079 4.909 3.304 7.755 1.743 2.572 7.571 7.043 6.955 7.607 6.308 2.168 3.007 4.710 0.489 7.101 1.712 5.885 5.989 1.823 7.710 3.947 1.432 6.151 9.860 9.107 1.259 9.642 9.707 3.271 6.709 6.652 2.547 2.732 6.387 6.711 10.148 5.702 7.089 2.571 5.467 6.776 9.268 7.099 8.001 5.695 5.267 9.372 11.664 3.373 10.612 10.261 9.139 3.011 3.074 6.689 1.326 5.569 8.229 2.398 9.199 5.390 7.003 
8.581 10.640 5.539 6.223 9.234 8.345 0.494 10.034 8.871 10.430 8.959 2.529 9.889 3.560 4.671 7.645 7.286 4.776 11.380 9.683 10.242 4.965 9.173 6.566 9.098 8.823 4.494 6.581 8.348 2.285 4.792 11.149 2.688 6.770 0.727 6.053 6.550 9.510 5.646 5.043 9.501 3.343 2.695 6.899 7.020 8.491 7.554 8.050 0.680 2.150 5.595 2.440 8.625 3.438 7.826 7.239 3.492 9.440 3.805 3.331 7.513 10.617 9.883 2.098 10.811 8.977 4.582 8.348 8.498 3.645 1.368 5.606 6.310 11.109 6.295 6.678 4.346 4.590 8.604 9.614 6.961 8.948 7.210 5.800 9.181 12.642 2.761 11.352 10.678 9.898 4.325 2.891 7.395 3.182 4.725 9.557 4.227 8.536 5.135 6.334 
8.702 10.580 5.614 6.032 8.981 8.298 0.096 9.768 8.526 10.192 8.957 2.142 9.686 3.368 4.530 7.784 7.217 4.459 11.258 9.489 9.994 4.750 8.953 6.267 8.808 8.714 4.120 6.390 8.480 2.038 4.410 11.076 2.835 6.634 1.069 5.941 6.231 9.518 5.522 5.177 9.612 3.472 2.543 6.532 6.742 8.534 7.268 8.164 1.008 1.829 5.503 2.700 8.664 3.597 8.045 7.212 3.634 9.545 3.552 3.550 7.513 10.460 9.733 2.160 10.745 8.599 4.606 8.424 8.654 3.647 0.991 5.234 5.981 10.993 6.134 6.345 4.502 4.214 8.753 9.384 6.665 8.839 7.255 5.634 8.867 12.525 2.457 11.188 10.455 9.744 4.355 2.664 7.246 3.388 4.352 9.537 4.404 8.165 4.838 5.970 
6.085 6.290 3.274 1.455 4.640 4.180 4.516 5.498 5.295 5.748 5.125 3.425 5.125 1.233 0.458 5.529 3.029 1.992 6.720 4.912 5.608 0.529 4.446 2.650 4.789 4.242 3.056 1.813 6.019 2.604 3.361 6.712 3.425 2.106 4.647 1.588 2.921 5.725 1.153 3.731 6.766 3.236 2.082 4.114 2.760 5.140 3.319 5.555 5.432 3.020 1.419 4.275 5.214 3.511 6.705 3.364 3.359 6.643 1.347 4.062 3.856 5.868 5.148 3.161 6.419 6.090 2.310 5.371 6.445 2.116 3.866 3.445 2.940 6.472 1.548 3.267 3.691 3.143 6.432 4.917 2.915 4.364 4.076 1.044 5.124 7.994 2.468 6.593 5.949 5.156 2.337 1.974 2.673 3.909 3.116 5.528 3.882 5.518 1.750 3.656 
4.770 0.416 5.493 4.864 4.811 2.116 10.253 5.259 7.713 4.480 2.163 9.395 3.421 7.135 5.877 5.308 3.105 7.445 1.641 3.215 4.769 6.097 3.940 6.445 5.905 1.804 8.628 4.601 5.034 8.485 8.812 0.758 8.118 3.892 10.038 4.430 6.878 2.115 4.870 6.397 4.493 7.533 7.812 8.235 5.840 3.215 5.891 4.723 10.974 8.955 4.821 8.900 3.074 7.641 6.948 3.278 7.497 4.346 7.306 8.144 3.242 2.244 2.047 8.375 0.455 9.157 5.985 3.897 5.556 6.804 9.746 8.442 7.193 1.343 4.516 7.227 7.029 8.676 5.366 4.200 6.248 1.700 3.975 4.990 6.676 2.557 8.434 2.649 4.095 2.137 6.246 7.886 3.470 8.123 8.585 1.497 7.290 8.662 6.963 8.135 
2.127 6.607 4.570 7.994 10.300 5.613 9.548 11.064 12.445 10.606 4.769 10.099 9.478 8.127 7.354 2.274 5.979 9.759 8.415 9.191 10.761 8.281 9.522 10.076 11.130 6.982 10.695 8.058 1.986 8.816 11.041 7.165 6.740 7.142 8.668 6.763 10.462 4.666 6.968 4.529 2.323 6.152 8.080 11.811 9.823 3.784 10.229 2.459 9.585 9.345 6.534 6.936 3.873 5.979 1.560 5.228 5.970 2.456 8.732 6.020 4.718 8.817 8.289 7.510 6.835 13.578 5.709 3.114 1.439 6.525 9.640 11.228 10.589 8.123 7.522 10.851 5.099 10.798 1.551 9.991 10.162 7.023 4.018 7.591 11.790 9.080 9.227 9.376 10.392 8.377 5.837 8.560 7.446 6.170 10.805 5.307 5.160 12.999 9.530 11.407 
6.407 4.761 4.575 1.007 2.307 3.318 6.914 3.188 4.027 3.313 4.453 5.524 2.687 3.644 2.684 6.218 2.501 3.216 4.650 2.495 3.207 2.253 1.995 2.099 2.796 2.587 4.365 0.664 6.469 4.968 4.504 5.016 5.759 1.307 7.100 1.922 2.539 4.986 2.028 5.352 6.797 5.439 4.527 3.944 1.565 4.970 1.832 5.986 7.870 5.304 2.407 6.627 4.968 5.682 7.740 3.227 5.519 6.646 3.502 6.257 3.766 3.609 2.966 5.594 4.816 5.274 4.101 5.476 6.998 4.344 6.193 4.077 2.836 4.459 1.178 2.911 5.588 4.396 6.911 2.479 1.971 2.678 4.419 1.530 3.380 5.902 4.688 4.286 3.495 2.947 4.255 4.337 1.088 6.135 4.290 4.537 5.829 4.713 2.710 3.784 
2.263 2.656 3.175 4.433 6.042 1.284 8.542 6.753 8.495 6.239 0.512 8.161 5.106 5.839 4.648 2.655 2.083 6.815 4.271 4.823 6.412 5.269 5.219 6.479 6.970 2.613 7.957 4.349 2.473 7.036 8.231 3.269 6.042 3.380 8.101 3.412 6.912 0.941 3.803 3.990 2.350 5.399 6.279 8.337 6.053 0.602 6.339 2.100 9.079 7.565 3.520 6.723 0.514 5.439 4.319 1.566 5.316 2.192 6.226 5.868 1.107 4.471 3.911 6.481 2.890 9.786 3.994 1.298 3.026 4.944 8.217 8.123 7.137 3.957 3.951 7.306 4.690 8.034 2.861 5.662 6.444 2.647 1.471 4.246 7.684 5.202 7.170 5.082 6.011 3.998 4.252 6.526 3.429 5.889 7.986 1.231 4.933 9.225 6.428 8.061 
3.035 6.381 1.120 4.934 7.927 4.285 5.722 8.793 9.403 8.645 4.280 6.184 7.645 4.316 3.790 2.066 3.820 6.104 7.780 7.356 8.669 4.775 7.348 6.817 8.482 5.454 6.919 5.130 2.778 4.901 7.280 6.988 2.905 4.452 4.956 3.775 7.138 4.670 3.776 0.612 3.977 2.274 4.174 8.360 6.747 3.431 7.250 2.537 5.925 5.427 3.339 3.304 3.590 2.149 2.566 3.225 2.106 3.938 4.957 2.360 3.083 7.589 6.874 3.628 6.606 10.318 1.957 3.035 2.915 2.638 5.741 7.584 7.183 7.463 4.555 7.499 1.240 7.028 3.018 7.869 7.006 5.554 2.341 4.414 9.003 8.859 5.331 8.311 8.613 6.937 2.013 4.676 5.003 2.457 7.054 4.996 1.383 9.741 5.970 7.888 
7.802 5.395 6.111 2.408 0.971 4.498 7.920 1.788 2.785 2.228 5.611 6.269 2.145 4.776 4.038 7.689 3.894 3.748 4.737 2.122 1.989 3.364 1.285 2.019 1.271 3.419 4.710 2.133 7.891 5.982 4.729 5.486 7.128 2.818 8.263 3.456 2.334 6.080 3.529 6.881 8.103 6.868 5.681 3.442 1.371 6.278 1.066 7.414 8.945 6.219 3.929 7.986 6.253 7.124 9.245 4.646 6.963 7.948 4.462 7.695 5.160 3.501 3.108 6.865 5.384 4.191 5.601 6.842 8.433 5.753 7.119 4.065 2.699 4.639 2.694 2.565 7.091 4.704 8.332 1.504 1.651 3.464 5.873 2.964 1.926 5.867 5.582 3.996 2.589 3.046 5.739 5.379 2.427 7.560 4.567 5.538 7.326 3.684 3.270 3.513 
7.911 7.816 4.997 2.598 4.910 5.867 4.093 5.643 4.447 6.171 6.879 2.324 5.862 1.652 2.223 7.320 4.736 0.305 7.943 5.721 5.929 1.454 5.045 2.083 4.630 5.664 1.236 2.886 7.835 2.271 1.527 8.168 4.249 3.602 4.656 3.316 2.057 7.476 2.919 5.294 8.600 4.333 2.330 2.721 2.607 6.961 3.103 7.377 5.172 2.359 3.243 4.959 7.029 4.623 8.397 5.158 4.503 8.477 0.997 5.082 5.668 6.912 6.269 3.657 7.915 4.849 3.914 7.205 8.246 3.361 3.239 1.726 1.848 7.736 2.964 2.226 5.075 1.315 8.242 5.407 2.485 5.776 5.910 2.537 4.684 9.202 1.736 7.572 6.501 6.252 3.857 1.813 3.997 4.894 1.282 7.218 5.207 4.324 0.676 2.170 
2.710 5.164 0.530 3.894 6.711 2.993 6.100 7.566 8.405 7.369 3.132 6.120 6.349 3.959 3.096 2.013 2.511 5.503 6.488 6.058 7.411 4.026 6.091 5.907 7.339 4.135 6.469 4.035 2.574 4.875 6.807 5.760 3.439 3.258 5.531 2.672 6.269 3.598 2.782 1.347 3.545 2.780 4.101 7.582 5.741 2.455 6.208 2.155 6.516 5.421 2.336 4.071 2.601 2.790 3.259 1.908 2.678 3.457 4.523 3.203 1.814 6.271 5.555 3.980 5.382 9.430 1.619 2.289 2.944 2.576 5.922 6.970 6.369 6.172 3.464 6.650 2.026 6.569 2.956 6.609 6.042 4.236 1.200 3.425 7.906 7.594 5.174 6.994 7.319 5.619 1.829 4.496 3.760 3.229 6.567 3.828 2.273 8.849 5.273 7.160 
9.304 8.844 6.420 3.671 5.153 7.058 4.700 5.733 3.814 6.435 8.119 2.665 6.373 3.011 3.631 8.735 5.964 1.228 8.731 6.292 6.131 2.776 5.513 2.255 4.572 6.663 0.676 3.882 9.239 3.222 0.487 9.133 5.487 4.740 5.493 4.597 1.953 8.709 4.236 6.706 9.967 5.653 3.530 1.742 2.924 8.286 3.239 8.775 5.802 3.077 4.598 6.114 8.344 5.940 9.819 6.457 5.832 9.840 2.349 6.358 6.985 7.596 7.033 4.806 8.917 3.817 5.334 8.569 9.658 4.741 3.804 0.441 1.594 8.561 4.111 1.847 6.455 0.592 9.650 5.770 2.619 6.764 7.284 3.761 4.388 9.953 2.596 8.187 6.843 7.000 5.271 2.961 5.013 6.164 0.445 8.395 6.571 3.371 1.579 1.195 
6.465 1.820 7.259 6.068 4.991 3.860 11.774 5.145 7.964 4.211 3.940 10.728 3.451 8.560 7.329 7.071 4.724 8.561 0.740 3.382 4.576 7.378 4.231 7.270 6.086 3.131 9.715 5.752 6.748 9.932 9.847 1.227 9.796 5.244 11.647 5.904 7.671 3.799 6.326 8.171 6.068 9.234 9.308 8.910 6.612 4.977 6.512 6.470 12.559 10.366 6.357 10.601 4.830 9.360 8.684 5.012 9.211 5.933 8.635 9.878 5.024 2.004 2.421 9.989 1.583 9.442 7.671 5.643 7.248 8.436 11.199 9.351 8.019 0.892 5.814 7.972 8.786 9.746 7.050 4.277 6.994 3.006 5.771 6.315 6.832 0.760 9.805 1.820 3.714 2.463 7.927 9.311 4.693 9.846 9.637 3.242 9.049 9.015 8.057 8.918 
4.679 7.719 2.096 5.121 8.349 5.484 4.210 9.231 9.316 9.250 5.705 5.014 8.360 3.617 3.600 3.701 4.750 5.549 8.939 8.087 9.207 4.530 7.912 6.669 8.709 6.457 6.132 5.402 4.415 3.765 6.506 8.307 1.428 4.979 3.355 4.192 6.909 6.158 4.015 1.248 5.622 0.976 3.160 7.947 6.762 4.965 7.311 4.182 4.307 4.238 3.662 1.664 5.119 0.713 3.837 4.334 0.786 5.583 4.279 0.717 4.360 8.560 7.814 2.238 7.932 10.025 1.952 4.642 4.507 1.944 4.368 6.974 6.870 8.629 4.866 7.225 0.558 6.247 4.629 8.431 6.938 6.571 3.761 4.565 9.116 10.095 4.304 9.306 9.306 7.863 1.789 3.726 5.615 0.837 6.305 6.400 0.300 9.467 5.553 7.420 
6.909 2.492 7.041 5.115 3.569 3.751 11.007 3.684 6.528 2.751 4.237 9.775 2.037 7.732 6.563 7.340 4.304 7.470 0.800 2.017 3.115 6.443 2.863 6.032 4.650 2.596 8.588 4.771 7.151 9.102 8.684 2.130 9.298 4.467 11.006 5.219 6.411 4.303 5.601 7.969 6.699 8.796 8.546 7.581 5.363 5.287 5.197 6.796 11.871 9.494 5.727 10.141 5.164 8.960 9.014 4.788 8.802 6.549 7.712 9.510 4.961 0.665 1.352 9.378 2.312 8.005 7.234 5.985 7.691 7.882 10.360 8.123 6.768 0.950 4.954 6.685 8.505 8.607 7.510 2.848 5.723 2.483 5.787 5.457 5.387 1.728 8.900 0.442 2.258 1.346 7.474 8.470 3.840 9.450 8.488 3.657 8.772 7.592 6.962 7.635 
4.328 4.692 2.079 1.827 4.740 2.436 5.826 5.613 6.336 5.542 3.281 5.155 4.628 2.829 1.599 3.917 1.327 3.817 5.487 4.355 5.527 2.259 4.214 3.888 5.290 2.916 4.926 1.961 4.307 4.115 5.218 5.188 3.836 1.274 5.634 0.597 4.274 3.879 0.807 2.888 4.939 3.344 3.405 5.642 3.676 3.267 4.134 3.827 6.554 4.617 0.464 4.679 3.337 3.528 5.323 1.495 3.367 4.809 3.173 4.094 1.978 4.913 4.159 3.976 4.855 7.399 1.808 3.541 4.785 2.433 5.356 5.204 4.416 5.199 1.389 4.665 3.224 5.009 4.740 4.737 3.991 3.040 2.275 1.403 5.837 6.726 4.165 5.666 5.577 4.198 2.030 3.552 1.887 4.015 4.972 3.746 3.482 6.818 3.481 5.271 
6.488 3.694 5.395 2.496 1.729 3.034 8.446 2.459 4.458 2.151 4.083 7.086 1.225 5.162 4.099 6.540 2.758 4.740 3.192 0.979 2.207 3.800 0.917 3.351 2.727 1.790 5.857 2.138 6.625 6.507 5.961 3.803 7.079 2.177 8.571 2.979 3.755 4.496 3.255 6.272 6.663 6.679 6.024 5.033 2.695 4.877 2.646 6.169 9.375 6.859 3.519 7.947 4.825 6.893 8.181 3.491 6.729 6.505 5.059 7.468 3.928 2.066 1.498 7.010 3.687 5.886 5.207 5.503 7.183 5.640 7.744 5.435 4.101 3.044 2.464 4.066 6.644 5.878 7.055 1.410 3.083 1.814 4.731 2.933 3.483 4.408 6.247 2.724 2.157 1.457 5.406 5.874 1.534 7.369 5.761 3.915 6.902 5.384 4.231 5.007 
8.653 9.771 5.482 4.835 7.533 7.578 1.586 8.279 6.867 8.780 8.398 0.477 8.386 2.336 3.597 7.835 6.439 2.879 10.216 8.216 8.552 3.507 7.603 4.711 7.258 7.752 2.440 5.181 8.483 1.084 2.732 10.213 3.275 5.617 2.478 5.040 4.629 8.988 4.598 5.318 9.499 3.745 1.860 4.854 5.241 8.166 5.738 8.099 2.687 0.542 4.706 3.575 8.275 3.972 8.434 6.603 3.938 9.408 2.238 4.166 6.999 9.302 8.607 2.456 9.911 6.919 4.337 8.194 8.757 3.393 0.692 3.554 4.356 9.975 5.040 4.711 4.779 2.534 8.817 7.997 5.116 7.875 6.929 4.538 7.262 11.490 1.051 10.003 9.086 8.606 4.135 1.597 6.166 3.971 2.672 8.894 4.774 6.485 3.310 4.294 
10.184 7.982 8.038 4.233 2.891 7.033 8.141 2.965 0.306 3.903 8.161 6.162 4.430 5.613 5.433 9.938 6.284 3.847 7.148 4.515 3.523 4.483 3.685 2.344 1.817 6.019 4.203 4.131 10.233 6.413 4.013 8.034 8.246 5.049 8.794 5.465 2.146 8.654 5.359 8.657 10.576 8.181 6.428 1.893 2.385 8.747 1.959 9.748 9.241 6.431 5.805 9.024 8.739 8.466 11.382 7.004 8.321 10.424 5.053 8.991 7.547 5.878 5.622 7.749 7.958 1.592 7.256 9.258 10.753 7.083 7.251 3.143 2.298 7.099 4.682 1.921 8.682 4.133 10.675 3.609 2.108 6.068 8.171 4.714 1.172 8.157 5.845 6.213 4.415 5.549 7.317 5.948 4.847 8.821 3.982 8.130 8.876 1.135 3.610 2.364 
