10 40 40
38 76 71 104 53 68 27 158 176 43 
121 31 44 131 180 141 29 180 56 123 107 45 63 110 179 89 151 85 109 29 164 186 150 38 46 91 61 91 185 174 91 14 134 179 26 82 33 170 40 109 
24 27 18 27 32 16 24 19 13 13 9 23 9 18 22 18 11 16 6 7 19 25 21 17 29 28 9 27 33 6 31 19 10 15 33 27 17 30 26 35 
1139.847 559.969 671.356 1190.718 1327.691 1220.064 605.707 1293.461 785.776 1141.375 1008.196 695.793 815.058 1096.102 1379.148 932.427 1157.029 939.169 1120.005 525.142 1377.025 1386.248 1199.534 619.213 678.862 933.932 787.731 946.115 1342.738 1293.417 998.335 452.604 1172.316 1322.752 564.238 910.903 585.522 1414.449 633.829 1082.439 
5.220 9.633 5.236 12.417 3.443 11.896 6.220 5.433 4.516 10.886 3.041 3.260 9.409 5.736 2.969 9.644 4.760 0.193 8.162 4.201 9.695 8.254 9.240 9.720 7.224 4.871 4.522 10.039 4.547 8.653 9.483 7.951 1.696 3.342 2.979 5.611 9.465 8.776 9.067 5.716 
8.796 5.511 7.807 0.871 9.433 1.181 6.706 7.514 9.428 4.176 10.323 9.909 3.830 7.735 11.157 6.509 8.177 12.800 5.099 8.757 3.351 4.638 4.976 3.157 6.546 8.213 8.664 6.797 9.683 8.172 6.861 8.206 11.915 9.831 10.363 7.429 4.235 4.442 5.259 7.725 
2.753 9.036 4.409 10.620 2.480 10.119 5.010 3.761 4.794 10.007 0.927 3.319 7.483 3.551 4.156 9.337 3.163 2.735 7.074 3.466 7.873 6.604 7.012 8.087 6.595 3.004 4.091 9.818 5.009 8.817 6.948 8.112 3.353 3.365 3.432 4.702 7.382 6.839 8.320 5.211 
4.485 5.253 1.381 8.771 1.899 8.250 2.519 2.836 0.709 6.550 3.536 1.138 6.192 4.005 2.096 5.294 2.510 4.241 4.028 1.131 6.272 4.746 6.674 6.027 2.876 3.013 0.555 5.720 1.056 4.544 7.880 3.834 2.994 1.061 1.431 1.709 6.542 5.661 4.716 1.398 
5.230 2.860 3.108 4.490 4.904 3.979 2.091 3.297 4.707 3.164 6.102 5.210 2.599 4.095 6.421 3.748 3.864 8.206 0.601 4.109 2.363 1.294 3.867 1.824 2.046 4.088 3.943 4.276 4.978 4.670 5.914 4.363 7.216 5.129 5.648 2.726 3.272 2.427 2.039 2.999 
7.841 5.628 7.215 0.296 8.707 0.298 6.080 6.723 8.961 4.506 9.477 9.294 2.865 6.817 10.617 6.673 7.395 12.077 4.728 8.107 2.464 3.898 3.890 2.503 6.230 7.380 8.091 7.032 9.241 8.218 5.743 8.155 11.285 9.218 9.763 6.847 3.180 3.501 5.218 7.254 
5.012 2.838 1.889 6.046 3.863 5.539 1.363 2.838 3.184 3.829 5.310 3.882 3.965 3.990 4.956 3.350 3.192 6.980 1.156 2.935 3.843 2.472 4.974 3.382 0.693 3.578 2.593 3.883 3.436 3.665 6.786 3.189 5.856 3.799 4.277 1.543 4.537 3.623 2.094 1.497 
1.731 6.170 2.015 7.458 1.784 6.947 1.998 0.551 3.651 6.933 2.334 2.888 4.383 1.067 4.404 6.684 0.442 5.002 3.980 1.845 4.711 3.376 4.274 4.863 3.896 0.242 2.415 7.209 3.997 6.650 5.051 6.017 4.547 2.848 3.358 2.089 4.431 3.744 5.382 2.927 
3.971 4.726 0.407 7.822 1.918 7.300 1.538 2.043 1.584 5.887 3.527 1.805 5.211 3.299 3.043 4.949 1.905 4.892 3.186 0.930 5.296 3.769 5.724 5.073 2.268 2.420 0.525 5.427 1.931 4.537 7.027 3.861 3.803 1.723 2.231 0.732 5.567 4.682 4.089 0.820 
7.376 1.244 4.715 4.487 6.677 4.099 3.973 5.354 5.758 1.031 8.054 6.673 4.120 6.248 7.599 2.298 5.850 9.791 1.924 5.761 3.642 3.296 5.619 2.820 2.745 6.145 5.393 2.703 5.930 3.863 7.786 3.900 8.605 6.590 7.038 4.360 4.875 4.222 1.012 4.221 
2.686 6.214 6.686 3.279 6.416 0.666 4.764 6.144 3.317 2.067 2.877 6.363 3.993 8.730 5.310 4.143 2.921 6.266 0.981 6.125 4.821 9.902 6.919 3.462 4.583 8.921 2.808 9.767 7.872 2.686 2.356 1.756 5.228 5.564 3.340 9.584 1.808 3.153 5.740 3.941 
5.110 6.594 2.219 4.638 1.365 7.424 3.036 6.438 9.100 6.466 8.343 6.516 5.731 2.702 2.471 9.753 4.927 4.473 8.751 5.160 8.894 3.758 5.620 6.770 3.610 4.004 8.114 3.730 1.098 7.023 5.609 6.024 5.695 3.723 7.363 3.055 7.911 6.486 7.199 9.107 
1.482 6.616 4.493 2.266 3.355 3.184 1.849 3.416 6.309 3.548 3.708 6.673 4.418 5.039 2.402 7.139 2.099 5.416 4.686 2.788 4.516 6.182 6.562 4.845 2.979 7.176 3.480 6.044 5.118 2.388 2.592 2.265 2.299 1.838 2.795 5.907 3.338 4.397 3.618 6.670 
6.615 2.491 3.702 5.517 5.521 8.252 5.866 10.664 7.118 6.072 10.319 2.299 4.156 8.415 5.569 7.308 5.876 2.064 8.791 9.618 11.760 9.470 1.258 4.968 4.488 2.419 10.133 9.450 4.695 9.242 6.036 6.919 9.604 7.986 9.905 8.749 9.393 5.106 11.054 6.661 
2.368 7.691 6.367 3.467 5.339 2.175 3.783 3.307 6.050 3.798 1.729 7.789 5.333 6.730 4.359 6.897 3.125 6.921 3.580 3.446 2.781 7.765 7.936 5.360 4.584 9.001 1.500 7.615 7.094 0.416 3.188 2.376 2.459 3.395 0.926 7.606 1.612 4.927 2.933 6.590 
6.094 2.253 3.259 4.997 5.063 7.760 5.353 10.149 6.778 5.600 9.807 2.070 3.698 8.018 5.068 7.017 5.358 1.540 8.336 9.113 11.238 9.100 0.899 4.558 3.964 2.357 9.619 9.073 4.346 8.723 5.532 6.412 9.087 7.484 9.384 8.387 8.889 4.668 10.533 6.357 
0.966 5.487 3.563 1.207 2.811 3.254 1.136 4.535 5.675 2.837 4.432 5.538 3.352 5.200 1.715 6.469 1.174 4.278 4.630 3.775 5.522 6.421 5.413 3.913 1.850 6.188 4.212 6.300 4.430 3.161 1.833 1.919 3.422 2.468 3.713 6.024 3.816 3.479 4.768 5.936 
0.540 5.637 4.801 1.516 4.277 1.784 2.606 4.808 4.615 1.939 3.335 5.735 3.282 6.574 3.172 5.452 1.135 4.965 3.164 4.417 4.810 7.765 5.917 3.409 2.789 7.282 3.139 7.635 5.832 2.256 1.150 0.557 3.731 3.525 2.958 7.419 2.521 2.961 4.734 5.012 
3.436 8.559 5.856 4.247 4.277 4.537 3.329 1.479 8.119 5.460 3.943 8.605 6.403 4.549 3.706 8.964 4.089 7.190 6.024 0.945 3.790 5.438 8.392 6.823 4.780 8.538 3.741 5.281 6.041 2.866 4.547 4.071 0.453 1.525 2.743 5.402 4.120 6.373 1.985 8.544 
5.845 5.900 1.833 5.117 2.404 8.141 3.919 7.909 9.151 6.780 9.386 5.784 5.619 4.138 3.335 9.705 5.469 3.776 9.324 6.648 10.151 5.040 4.723 6.717 3.861 2.526 9.160 5.044 0.606 8.078 6.075 6.666 7.093 5.130 8.509 4.301 8.818 6.522 8.618 9.031 
3.344 8.118 7.605 4.357 6.807 1.686 5.171 4.617 5.460 3.935 0.695 8.247 5.779 8.382 5.761 6.262 3.970 7.762 2.503 5.004 2.653 9.418 8.618 5.481 5.636 10.129 0.658 9.267 8.503 1.255 3.730 2.847 3.969 5.046 1.518 9.258 0.396 5.108 3.977 6.110 
3.134 8.530 6.561 4.170 5.231 3.442 3.909 2.039 7.285 4.888 2.462 8.607 6.221 5.999 4.419 8.134 3.895 7.492 4.839 2.333 2.522 6.921 8.603 6.403 5.065 9.256 2.267 6.765 7.029 1.514 4.139 3.435 1.287 2.775 1.259 6.862 2.763 5.956 1.744 7.800 
3.674 1.822 3.077 2.606 4.256 5.100 3.678 8.209 4.483 2.919 7.230 1.863 1.044 7.471 3.680 4.931 2.905 1.410 5.665 7.371 8.789 8.695 1.971 2.060 2.095 4.280 7.055 8.622 4.584 6.235 2.927 3.816 7.098 5.863 6.935 8.079 6.268 2.054 8.415 4.249 
1.694 5.346 5.544 2.142 5.343 1.148 3.719 5.879 3.409 1.163 3.422 5.478 3.027 7.827 4.241 4.257 1.796 5.185 2.068 5.627 5.221 9.030 5.919 2.731 3.440 7.793 3.285 8.903 6.748 2.762 1.213 0.744 4.854 4.809 3.496 8.662 2.381 2.340 5.655 3.881 
4.616 9.985 7.654 5.611 6.119 4.860 5.058 1.030 8.761 6.408 3.331 10.054 7.704 6.108 5.491 9.608 5.364 8.822 6.163 2.123 2.327 6.806 9.978 7.919 6.385 10.348 3.206 6.646 7.887 2.841 5.648 4.955 1.394 3.364 2.278 6.911 3.975 7.472 0.225 9.296 
5.676 7.639 3.271 5.369 2.080 7.943 3.613 6.158 9.944 7.230 8.590 7.565 6.667 1.734 3.119 10.630 5.613 5.525 9.341 4.870 8.910 2.711 6.677 7.675 4.480 4.925 8.362 2.691 2.078 7.283 6.316 6.622 5.571 3.666 7.527 1.999 8.281 7.363 7.006 9.997 
1.112 6.293 5.368 2.173 4.676 1.511 3.008 4.374 4.916 2.435 2.682 6.395 3.930 6.705 3.594 5.764 1.801 5.632 3.011 4.145 4.140 7.856 6.590 3.974 3.410 7.899 2.480 7.718 6.312 1.584 1.783 0.986 3.346 3.498 2.294 7.568 1.943 3.535 4.200 5.383 
5.737 10.973 9.621 6.836 8.357 4.723 6.975 3.798 8.502 6.882 2.370 11.084 8.606 8.843 7.512 9.286 6.486 10.293 5.457 4.871 0.613 9.587 11.295 8.458 7.942 12.297 2.460 9.427 10.154 3.125 6.466 5.594 3.959 5.829 2.446 9.666 3.445 8.058 2.815 9.167 
2.892 4.899 1.570 2.263 1.140 5.197 1.083 5.784 6.736 4.076 6.489 4.878 3.501 4.298 0.641 7.417 2.577 3.063 6.437 4.692 7.442 5.537 4.323 4.472 1.274 4.267 6.266 5.455 2.402 5.200 3.237 3.738 4.774 3.056 5.698 4.963 5.873 4.151 6.281 6.787 
1.921 7.312 5.526 2.952 4.388 2.718 2.892 2.985 6.321 3.767 2.714 7.389 5.010 5.774 3.450 7.170 2.678 6.306 4.222 2.773 3.488 6.839 7.398 5.238 3.895 8.197 2.485 6.691 6.161 1.405 2.955 2.326 1.941 2.442 1.748 6.650 2.513 4.789 2.919 6.781 
3.905 1.950 2.592 2.809 3.934 5.520 3.583 8.257 5.069 3.407 7.571 1.932 1.603 7.144 3.493 5.509 3.150 0.844 6.172 7.348 9.053 8.350 1.668 2.644 2.014 3.700 7.387 8.286 4.087 6.516 3.287 4.169 7.157 5.788 7.195 7.712 6.644 2.619 8.530 4.826 
2.455 3.328 2.392 1.366 2.996 4.359 2.175 6.740 4.994 2.600 6.215 3.356 1.637 6.153 2.241 5.624 1.745 2.107 5.286 5.868 7.593 7.397 3.184 2.639 0.620 4.500 6.017 7.312 3.803 5.087 2.092 2.901 5.636 4.353 5.740 6.828 5.360 2.363 7.002 4.975 
3.926 1.934 4.588 3.082 5.572 4.615 4.655 8.713 3.019 2.351 6.936 2.099 0.979 8.745 4.815 3.401 3.221 2.864 4.776 8.060 8.697 9.988 2.924 0.854 3.204 5.720 6.797 9.903 6.095 6.167 2.887 3.677 7.599 6.704 6.902 9.412 5.888 1.176 8.748 2.718 
3.933 2.657 1.770 2.853 3.231 5.810 3.167 7.947 5.801 3.864 7.702 2.600 2.262 6.415 2.959 6.285 3.233 0.724 6.625 6.952 9.049 7.602 1.972 3.354 1.737 3.117 7.504 7.545 3.259 6.562 3.536 4.375 6.873 5.345 7.202 6.948 6.844 3.255 8.308 5.604 
2.924 6.336 2.881 2.857 1.273 5.152 1.018 4.401 7.513 4.694 5.888 6.330 4.663 3.279 0.907 8.271 3.007 4.570 6.575 3.238 6.486 4.520 5.828 5.487 2.488 5.530 5.659 4.409 3.068 4.568 3.714 3.881 3.474 1.600 4.908 4.078 5.501 5.100 5.006 7.691 
1.330 6.135 5.591 2.258 5.041 1.041 3.366 4.832 4.443 2.105 2.657 6.249 3.769 7.188 3.942 5.292 1.869 5.653 2.514 4.652 4.299 8.350 6.538 3.679 3.561 8.047 2.481 8.214 6.620 1.767 1.648 0.760 3.829 4.007 2.504 8.047 1.760 3.256 4.596 4.936 
2.218 7.484 5.274 3.118 3.965 3.385 2.623 2.583 6.872 4.215 3.302 7.545 5.254 5.111 3.130 7.716 2.913 6.293 4.896 2.157 3.787 6.158 7.444 5.607 3.856 7.971 3.077 6.010 5.760 2.031 3.320 2.821 1.474 1.775 2.223 5.987 3.191 5.156 2.736 7.294 
6.208 8.094 3.715 5.910 2.619 8.467 4.150 6.456 10.481 7.771 9.059 8.013 7.188 1.649 3.660 11.164 6.154 5.966 9.873 5.178 9.309 2.409 7.089 8.203 5.012 5.150 8.832 2.418 2.409 7.758 6.857 7.156 5.938 4.080 7.977 1.670 8.779 7.896 7.336 10.529 
3.787 8.883 6.080 4.586 4.451 4.860 3.602 1.199 8.468 5.812 4.151 8.926 6.742 4.471 3.948 9.313 4.434 7.479 6.339 0.649 3.836 5.297 8.690 7.173 5.083 8.748 3.958 5.139 6.192 3.134 4.899 4.422 0.436 1.657 2.946 5.308 4.393 6.723 1.843 8.895 
5.800 8.892 4.683 5.832 3.024 7.859 3.988 4.860 10.488 7.664 8.001 8.846 7.535 0.373 3.699 11.245 5.973 6.870 9.348 3.634 7.943 1.548 8.091 8.426 5.298 6.663 7.782 1.434 3.765 6.767 6.675 6.747 4.536 2.964 6.841 1.248 7.915 8.054 5.796 10.661 
5.163 3.521 6.768 4.668 7.607 4.816 6.460 9.845 1.349 3.112 7.141 3.714 3.007 10.698 6.734 1.301 4.646 5.019 4.264 9.427 9.074 11.948 4.820 2.003 5.195 7.826 7.064 11.851 8.271 6.751 4.056 4.535 8.777 8.284 7.471 11.416 6.068 2.378 9.674 0.687 
5.212 8.652 4.600 5.334 2.825 7.210 3.515 4.200 9.969 7.133 7.293 8.621 7.145 1.084 3.310 10.743 5.443 6.701 8.709 2.951 7.239 2.155 7.946 7.986 4.931 6.797 7.075 2.019 3.895 6.066 6.134 6.148 3.830 2.271 6.130 1.954 7.225 7.597 5.120 10.176 
5.035 10.424 8.550 6.110 7.140 4.663 5.903 2.288 8.602 6.553 2.644 10.513 8.078 7.371 6.395 9.430 5.805 9.484 5.751 3.387 1.111 8.086 10.573 8.122 7.064 11.249 2.599 7.925 8.932 2.702 5.943 5.140 2.538 4.480 1.976 8.183 3.544 7.690 1.307 9.203 
3.071 8.464 6.478 4.101 5.148 3.431 3.826 2.047 7.258 4.843 2.511 8.541 6.159 5.933 4.336 8.107 3.830 7.416 4.839 2.295 2.604 6.862 8.530 6.351 4.988 9.174 2.312 6.706 6.946 1.527 4.083 3.390 1.254 2.700 1.309 6.797 2.781 5.905 1.792 7.767 
3.626 9.020 6.972 4.658 5.579 3.837 4.326 1.713 7.719 5.366 2.573 9.097 6.713 6.110 4.817 8.566 4.386 7.962 5.184 2.270 2.245 6.966 9.082 6.888 5.530 9.671 2.405 6.808 7.375 1.841 4.628 3.914 1.234 3.000 1.398 6.959 3.042 6.443 1.273 8.248 
1.358 6.300 4.115 1.987 3.028 3.313 1.478 3.722 6.223 3.419 4.030 6.351 4.143 4.911 2.043 7.042 1.871 5.050 4.789 2.998 4.893 6.084 6.207 4.637 2.612 6.796 3.802 5.951 4.774 2.713 2.433 2.239 2.609 1.850 3.156 5.768 3.591 4.193 3.973 6.548 
3.885 1.541 3.833 2.898 4.958 4.974 4.233 8.579 3.832 2.705 7.215 1.655 0.826 8.164 4.306 4.224 3.128 2.039 5.341 7.821 8.880 9.396 2.219 1.503 2.688 4.901 7.057 9.319 5.340 6.324 2.973 3.839 7.461 6.374 7.046 8.793 6.205 1.642 8.707 3.542 
3.071 2.343 3.216 2.031 4.131 4.460 3.316 7.691 4.135 2.305 6.588 2.415 0.585 7.313 3.412 4.669 2.302 1.945 5.068 6.909 8.161 8.554 2.615 1.687 1.791 4.761 6.414 8.471 4.712 5.606 2.285 3.174 6.575 5.453 6.310 7.971 5.624 1.565 7.855 3.998 
4.311 5.956 1.673 3.806 0.599 6.630 2.256 6.101 8.274 5.632 7.655 5.894 4.939 3.138 1.675 8.937 4.099 3.881 7.935 4.859 8.330 4.305 5.087 5.963 2.786 3.948 7.427 4.252 1.235 6.337 4.777 5.213 5.259 3.304 6.725 3.650 7.169 5.668 6.787 8.295 
2.251 6.938 4.197 2.765 2.771 4.106 1.621 3.182 7.116 4.305 4.459 6.971 4.893 4.122 2.032 7.932 2.711 5.488 5.607 2.256 4.979 5.259 6.701 5.469 3.098 6.894 4.231 5.121 4.569 3.152 3.311 3.125 2.130 0.956 3.425 4.992 4.202 5.032 3.630 7.431 
