25 100 100
49 55 99 78 64 127 79 99 130 75 77 39 25 83 42 97 67 74 47 130 85 51 100 121 79 
81 40 116 62 154 76 76 99 103 115 81 138 101 148 149 92 150 117 117 150 157 32 113 16 88 142 107 68 105 113 98 104 38 131 22 95 144 79 73 30 29 51 149 127 90 49 80 151 22 142 122 81 145 115 128 126 89 113 63 25 101 117 110 112 126 89 128 135 88 27 91 119 96 150 119 83 100 32 85 93 99 103 72 103 51 155 145 135 108 137 99 30 113 77 17 123 39 157 157 105 
7 34 20 18 17 10 7 7 12 6 15 16 35 27 20 34 5 13 22 6 9 12 20 14 15 11 26 19 28 30 6 33 21 6 13 15 29 9 9 12 34 13 5 33 15 35 14 29 25 32 14 14 5 24 24 26 35 16 34 22 15 14 28 17 11 11 6 22 13 18 24 25 22 6 31 18 22 19 33 25 34 25 33 13 24 31 11 20 35 6 29 32 9 22 7 32 22 26 32 19 
975.485 696.966 1150.962 916.909 1309.397 955.681 1006.560 1104.517 1103.912 1133.395 1019.377 1282.844 1092.438 1347.976 1372.066 1040.403 1350.930 1182.838 1149.583 1401.541 1381.244 659.998 1208.859 430.760 1044.790 1328.417 1127.800 936.381 1196.801 1133.361 1067.973 1096.326 688.864 1201.992 559.275 1036.710 1244.059 967.196 976.019 647.469 602.980 741.768 1385.366 1169.409 1005.106 755.203 993.374 1435.666 516.681 1334.330 1188.220 1007.870 1359.472 1166.136 1164.365 1222.315 994.731 1124.327 871.393 542.919 1143.525 1256.975 1081.629 1174.099 1187.074 1077.543 1251.594 1310.676 1050.814 620.369 1077.008 1147.559 1112.331 1366.092 1163.054 1036.065 1103.592 603.111 973.356 1075.390 1154.235 1136.168 904.967 1105.886 770.984 1454.162 1296.356 1317.300 1135.645 1338.263 1038.197 564.380 1163.041 1023.762 475.914 1204.665 688.870 1280.388 1339.975 1163.226 
0.533 7.509 1.279 5.180 8.468 4.854 7.827 4.246 3.755 8.019 4.680 8.321 3.608 8.658 4.272 3.994 6.557 3.702 2.655 8.011 4.884 5.535 7.313 4.598 6.944 7.223 0.558 8.809 6.765 9.536 3.465 3.751 5.810 3.836 8.985 7.446 9.237 1.231 8.075 4.391 1.749 4.146 1.929 5.601 5.702 1.215 2.399 3.157 2.687 5.478 7.001 0.479 5.110 3.128 8.600 5.203 7.533 6.993 7.317 6.897 7.994 6.404 6.529 2.160 3.306 5.774 8.521 6.120 6.288 6.922 4.330 5.573 5.844 1.836 6.378 2.536 2.647 5.737 7.493 7.850 8.112 2.534 6.647 1.715 9.274 4.200 8.276 6.657 3.418 6.340 2.935 7.150 5.681 4.312 3.990 7.323 4.660 3.335 7.063 4.268 
7.503 1.881 6.962 4.945 3.823 8.347 0.861 3.373 3.856 4.593 6.531 2.278 7.766 3.985 5.498 3.523 4.263 5.045 4.457 1.225 3.113 3.165 2.570 4.942 4.528 2.567 7.030 1.780 1.700 3.961 3.639 3.486 3.182 5.713 2.294 4.480 2.492 6.383 1.051 7.913 6.233 8.682 5.108 6.825 3.675 6.273 4.775 5.202 7.860 3.602 3.573 7.391 8.124 8.335 3.898 4.628 5.173 0.055 3.778 2.177 2.561 4.425 4.717 5.275 5.920 3.447 4.855 2.972 5.797 4.706 5.155 2.490 4.909 5.821 1.006 6.989 7.882 2.474 0.745 1.124 1.335 5.348 5.336 7.523 3.233 6.389 2.903 4.880 4.425 4.054 7.541 1.548 2.419 7.488 4.223 3.264 4.200 6.027 1.059 7.065 
2.416 5.683 1.549 3.435 7.497 5.876 6.156 2.385 2.908 7.311 5.072 7.006 3.149 7.696 2.675 2.140 5.947 1.974 0.989 6.500 3.010 3.651 5.444 4.371 5.107 6.110 1.680 7.199 4.945 8.404 2.200 2.600 3.925 2.330 7.217 6.790 7.474 0.962 6.472 3.733 0.929 3.981 0.906 5.940 4.972 0.856 0.653 3.071 2.730 4.727 6.158 2.347 5.997 3.256 6.716 3.409 7.054 5.373 6.493 5.714 6.793 4.571 4.719 1.935 1.925 4.970 6.659 4.237 4.638 5.100 4.207 4.453 4.076 0.516 4.656 2.016 4.043 3.878 5.967 6.348 6.385 2.490 4.904 3.217 7.427 2.917 7.114 4.860 2.863 4.482 4.104 5.815 4.548 3.477 2.120 6.368 4.125 3.703 5.634 3.254 
9.934 6.142 10.064 9.227 1.170 8.490 4.555 7.285 5.873 2.161 6.657 2.172 11.509 1.000 9.583 7.332 3.425 8.974 7.639 3.396 7.267 7.503 6.923 5.488 8.959 2.489 9.847 3.931 6.126 0.618 6.394 6.009 7.565 9.684 5.477 2.681 5.463 9.461 3.982 11.837 9.518 12.417 7.909 6.331 3.997 9.325 7.974 6.687 11.309 4.192 2.688 9.804 8.072 11.829 8.015 8.919 3.174 4.479 2.425 2.917 1.953 8.850 9.144 7.470 9.739 3.880 9.123 7.388 10.190 9.138 5.815 4.140 9.284 9.092 5.379 10.519 9.220 6.822 3.711 3.409 4.997 7.199 9.760 9.313 6.762 10.419 1.592 9.310 6.222 8.479 8.690 3.085 4.044 11.446 8.187 2.302 5.094 7.085 3.501 11.057 
6.130 2.445 5.609 4.115 4.267 7.290 2.182 2.194 2.649 4.692 5.572 3.168 6.564 4.457 4.463 2.290 3.932 3.902 3.090 2.452 2.138 2.475 2.799 4.022 4.230 2.803 5.658 3.153 1.842 4.776 2.289 2.188 2.610 4.601 3.486 4.410 3.717 5.023 2.420 6.791 4.898 7.483 3.733 6.009 3.099 4.910 3.413 4.006 6.571 2.945 3.501 6.019 7.120 7.060 4.322 3.814 5.012 1.331 3.791 2.333 3.181 3.970 4.267 3.946 4.732 2.906 5.010 2.549 5.168 4.376 4.175 1.836 4.249 4.479 0.969 5.712 6.612 1.862 1.916 2.307 2.542 4.071 4.846 6.198 4.157 5.319 3.541 4.449 3.216 3.618 6.309 2.054 1.825 6.381 3.091 3.384 3.286 4.876 1.711 5.975 
3.773 6.866 4.620 6.640 5.371 2.856 6.397 4.628 1.831 4.633 1.379 5.842 6.799 5.536 6.201 4.427 3.169 5.417 3.368 6.048 5.199 5.912 7.082 1.063 7.795 4.482 4.090 7.048 6.199 6.613 2.628 2.430 6.178 5.963 7.828 4.039 8.033 4.146 6.376 7.454 4.500 7.534 2.853 2.195 2.585 4.017 3.511 0.695 6.117 2.444 3.854 3.647 2.730 6.620 8.606 6.484 3.981 5.520 4.112 4.337 5.318 7.339 7.581 1.824 5.643 2.757 9.036 6.334 7.928 7.867 0.742 3.188 7.152 4.202 5.403 5.628 2.695 5.673 5.648 5.884 6.865 1.273 7.971 2.830 8.594 6.626 5.500 7.757 1.322 7.099 2.198 4.873 3.290 7.222 5.088 4.303 1.531 0.559 5.029 7.003 
4.873 3.496 4.447 3.846 4.828 6.288 3.445 1.644 1.616 4.938 4.708 4.119 5.666 5.028 3.889 1.593 3.846 3.196 1.912 3.622 1.982 2.612 3.641 3.276 4.525 3.366 4.437 4.397 2.791 5.589 1.039 1.033 2.848 3.905 4.717 4.527 4.955 3.849 3.663 6.008 3.785 6.576 2.484 5.285 2.865 3.728 2.249 2.917 5.531 2.645 3.711 4.761 6.175 6.039 5.162 3.595 5.000 2.588 4.041 2.927 3.962 4.138 4.413 2.704 3.905 2.746 5.627 2.945 5.062 4.629 3.348 1.849 4.173 3.358 2.111 4.706 5.409 2.254 3.094 3.465 3.789 2.881 4.909 4.953 5.276 4.654 4.302 4.598 2.142 3.841 5.145 2.930 1.911 5.630 2.479 3.772 2.616 3.816 2.732 5.259 
6.802 5.028 7.005 6.907 1.972 5.871 3.871 4.745 2.766 1.815 3.960 2.451 8.636 2.162 7.012 4.715 1.076 6.309 4.688 3.059 4.944 5.409 5.602 2.524 7.201 1.039 6.743 4.086 4.637 3.125 3.406 2.994 5.568 7.014 5.297 1.446 5.429 6.409 3.582 9.060 6.519 9.521 4.842 3.961 0.925 6.271 5.010 3.576 8.321 1.079 0.589 6.672 5.534 8.846 7.043 6.631 2.050 3.204 0.924 1.119 1.852 6.930 7.225 4.341 6.965 0.761 7.887 5.520 8.056 7.346 2.840 1.276 7.141 6.103 3.703 7.577 6.201 4.828 2.871 2.925 4.418 4.069 7.791 6.215 6.389 7.764 1.997 7.408 3.090 6.583 5.704 1.830 1.229 8.702 5.601 0.831 2.002 4.067 2.226 8.350 
3.489 6.658 4.268 6.292 5.499 3.090 6.268 4.309 1.608 4.831 1.737 5.855 6.432 5.671 5.837 4.102 3.356 5.054 3.007 5.985 4.893 5.613 6.840 1.283 7.484 4.526 3.756 6.967 5.977 6.713 2.329 2.170 5.883 5.594 7.682 4.240 7.894 3.785 6.280 7.084 4.132 7.174 2.480 2.567 2.681 3.654 3.143 0.333 5.762 2.512 3.980 3.360 3.009 6.268 8.358 6.142 4.234 5.384 4.256 4.344 5.361 7.020 7.257 1.453 5.271 2.830 8.753 6.051 7.579 7.550 0.994 3.135 6.813 3.830 5.209 5.261 2.634 5.401 5.563 5.819 6.720 0.904 7.636 2.648 8.405 6.255 5.563 7.432 1.058 6.788 2.189 4.840 3.241 6.850 4.742 4.404 1.589 0.626 4.961 6.631 
5.009 4.755 3.463 0.879 8.720 8.757 5.918 2.382 5.014 8.929 7.771 7.644 2.660 8.916 0.238 2.401 7.807 0.981 3.030 6.722 2.398 2.436 4.146 6.755 2.770 7.241 4.070 7.042 4.198 9.278 4.056 4.447 2.554 0.704 6.437 8.518 6.691 3.280 6.427 2.524 2.770 3.481 3.654 8.573 6.807 3.300 2.909 5.703 3.289 6.572 7.701 4.985 8.847 3.571 4.888 1.108 8.965 5.443 8.028 6.776 7.686 2.266 2.266 4.694 1.260 6.714 4.393 2.895 1.778 2.679 6.682 5.839 1.504 2.709 4.498 2.533 6.930 3.083 6.221 6.615 5.893 5.223 2.202 6.069 6.133 0.975 8.046 2.340 5.238 2.392 7.008 6.560 5.894 2.083 1.516 7.727 6.287 6.468 6.192 1.646 
6.418 4.447 6.492 6.221 2.461 5.979 3.417 4.067 2.322 2.491 4.084 2.445 8.032 2.660 6.344 4.045 1.654 5.652 4.104 2.764 4.256 4.724 4.982 2.535 6.526 1.156 6.280 3.797 4.012 3.460 2.836 2.440 4.886 6.360 4.872 2.133 5.028 5.890 3.212 8.431 5.965 8.926 4.336 4.234 1.038 5.754 4.434 3.334 7.763 1.034 1.263 6.290 5.686 8.287 6.449 5.944 2.714 2.671 1.587 0.936 1.970 6.247 6.542 3.948 6.331 0.804 7.254 4.845 7.368 6.669 2.818 0.612 6.453 5.542 3.073 6.996 6.045 4.150 2.474 2.611 3.954 3.750 7.105 5.959 5.897 7.109 2.215 6.726 2.736 5.902 5.586 1.526 0.548 8.065 4.931 1.341 1.875 3.953 1.812 7.705 
6.382 3.660 4.926 0.702 8.440 9.723 5.061 2.559 5.504 8.864 8.504 7.107 4.154 8.626 1.753 2.723 7.938 2.161 3.877 6.034 2.164 1.726 2.928 7.278 1.223 6.992 5.476 6.145 3.274 8.787 4.560 4.878 1.661 2.230 5.286 8.536 5.526 4.658 5.626 3.873 4.178 4.911 4.658 9.222 6.982 4.651 3.880 6.463 4.838 6.771 7.652 6.341 9.748 5.104 3.404 0.681 9.077 4.791 7.957 6.522 7.281 0.749 0.717 5.616 2.772 6.844 2.843 1.894 0.976 1.130 7.272 5.845 0.072 4.026 3.854 4.077 8.104 2.399 5.588 5.957 4.911 6.090 0.845 7.302 4.785 2.434 7.641 0.807 5.859 0.987 8.100 6.155 5.873 3.446 2.084 7.573 6.695 7.310 5.720 3.029 
7.510 1.040 6.782 4.286 4.699 8.825 0.999 3.026 4.199 5.457 7.073 3.108 7.332 4.859 4.951 3.223 5.046 4.595 4.370 1.947 2.621 2.505 1.693 5.500 3.689 3.431 6.940 2.125 0.858 4.781 3.784 3.726 2.467 5.220 1.981 5.321 2.227 6.232 1.529 7.400 6.014 8.236 5.112 7.447 4.374 6.135 4.659 5.557 7.535 4.269 4.405 7.407 8.640 7.985 3.059 3.968 6.002 0.841 4.626 3.024 3.431 3.626 3.912 5.449 5.494 4.154 3.982 2.210 5.035 3.871 5.678 3.129 4.173 5.623 0.642 6.655 8.146 1.836 1.565 1.891 1.106 5.608 4.534 7.695 2.621 5.852 3.769 4.068 4.767 3.257 7.855 2.420 3.078 6.966 3.789 4.122 4.755 6.425 1.931 6.534 
0.611 7.505 1.694 5.404 8.169 4.421 7.730 4.295 3.488 7.675 4.240 8.102 4.032 8.356 4.541 4.039 6.206 3.924 2.647 7.853 4.947 5.623 7.357 4.212 7.117 6.961 0.990 8.682 6.759 9.266 3.303 3.551 5.903 4.123 8.934 7.096 9.183 1.542 7.949 4.807 2.062 4.589 1.845 5.160 5.378 1.491 2.435 2.780 3.129 5.160 6.686 0.485 4.669 3.575 8.688 5.403 7.158 6.880 6.996 6.653 7.747 6.581 6.722 1.861 3.611 5.463 8.670 6.200 6.551 7.107 3.936 5.328 6.059 2.071 6.315 2.938 2.252 5.773 7.343 7.689 8.041 2.174 6.875 1.331 9.284 4.536 8.019 6.858 3.108 6.493 2.506 6.943 5.437 4.711 4.131 7.027 4.318 2.905 6.884 4.645 
5.934 5.752 6.362 6.967 2.960 4.697 4.802 4.757 2.171 2.330 2.786 3.622 8.211 3.126 6.892 4.665 0.880 6.137 4.285 4.129 5.101 5.678 6.220 1.378 7.560 2.212 6.004 5.164 5.250 4.211 3.035 2.617 5.881 6.814 6.260 1.760 6.417 5.790 4.598 8.720 5.983 9.057 4.238 2.851 0.358 5.651 4.572 2.603 7.765 0.499 1.444 5.804 4.368 8.291 7.722 6.723 1.986 4.033 1.705 2.212 3.027 7.219 7.505 3.543 6.673 0.588 8.445 5.902 8.193 7.684 1.703 1.616 7.302 5.590 4.321 7.092 5.102 5.190 3.862 3.981 5.336 3.173 8.025 5.199 7.265 7.555 3.157 7.690 2.302 6.899 4.584 2.882 1.654 8.399 5.527 1.910 1.029 2.963 3.200 8.084 
6.648 3.090 5.268 1.150 8.027 9.753 4.524 2.456 5.384 8.512 8.442 6.633 4.676 8.208 2.205 2.660 7.656 2.464 3.945 5.528 1.943 1.357 2.346 7.144 0.824 6.597 5.771 5.596 2.742 8.315 4.470 4.751 1.217 2.666 4.704 8.212 4.943 4.946 5.098 4.434 4.492 5.458 4.766 9.120 6.726 4.925 3.997 6.433 5.303 6.524 7.314 6.597 9.748 5.599 2.864 0.971 8.780 4.307 7.610 6.131 6.840 0.285 0.500 5.667 3.183 6.573 2.433 1.385 1.449 0.820 7.164 5.545 0.657 4.294 3.388 4.509 8.245 1.974 5.100 5.459 4.352 6.111 1.026 7.479 4.205 2.960 7.197 0.681 5.784 0.401 8.200 5.723 5.564 4.003 2.189 7.202 6.524 7.303 5.275 3.579 
5.168 8.653 6.372 8.716 5.820 1.618 7.938 6.683 3.791 4.740 0.699 6.835 8.658 5.935 8.261 6.491 3.565 7.480 5.436 7.357 7.233 7.934 8.965 2.194 9.833 5.425 5.742 8.391 8.039 7.139 4.670 4.421 8.192 8.004 9.400 4.204 9.577 5.983 7.796 9.362 6.398 9.319 4.863 0.600 3.568 5.866 5.561 2.762 7.867 3.567 4.473 5.061 1.189 8.338 10.498 8.558 3.791 7.108 4.602 5.452 6.210 9.390 9.638 3.809 7.655 3.799 11.014 8.323 10.004 9.912 2.049 4.630 9.224 6.149 7.176 7.494 3.200 7.641 7.054 7.205 8.450 3.258 10.040 3.853 10.304 8.645 6.281 9.816 3.355 9.137 2.634 6.113 4.707 9.166 7.165 4.994 2.938 2.036 6.396 8.980 
9.722 3.027 9.224 6.893 3.764 10.047 1.638 5.590 5.887 4.937 8.151 2.003 9.951 3.832 7.587 5.758 5.276 7.215 6.715 1.340 5.245 5.127 3.834 6.597 6.006 3.288 9.283 0.512 3.387 3.119 5.829 5.621 5.059 7.852 1.823 5.099 1.759 8.644 1.211 10.036 8.493 10.860 7.342 8.241 5.077 8.533 7.035 7.170 10.099 5.102 4.380 9.607 9.753 10.565 4.540 6.577 5.820 2.311 4.418 3.192 2.666 6.072 6.334 7.416 8.108 4.848 5.736 4.765 7.523 6.200 6.867 4.198 6.712 8.082 3.138 9.224 9.905 4.470 1.801 1.506 1.740 7.417 6.947 9.637 3.092 8.489 2.804 6.465 6.434 5.720 9.508 2.543 4.096 9.602 6.401 3.890 5.904 7.916 2.364 9.170 
10.399 6.452 10.527 9.631 1.631 8.891 4.854 7.716 6.338 2.540 7.074 2.515 11.959 1.453 10.009 7.769 3.859 9.409 8.097 3.707 7.680 7.895 7.244 5.934 9.309 2.946 10.313 4.149 6.475 0.843 6.856 6.472 7.948 10.119 5.687 3.086 5.654 9.924 4.270 12.278 9.978 12.868 8.373 6.718 4.457 9.789 8.433 7.146 11.768 4.654 3.145 10.269 8.465 12.288 8.283 9.322 3.531 4.840 2.874 3.367 2.372 9.217 9.509 7.935 10.183 4.342 9.413 7.759 10.572 9.490 6.262 4.602 9.671 9.552 5.756 10.975 9.666 7.210 4.059 3.736 5.271 7.662 10.127 9.770 6.971 10.851 2.014 9.672 6.687 8.846 9.132 3.498 4.505 11.884 8.618 2.767 5.553 7.533 3.896 11.492 
4.702 6.722 3.049 2.772 10.369 9.088 7.853 4.089 6.184 10.423 8.489 9.450 1.018 10.568 1.905 4.022 9.171 2.384 4.055 8.602 4.270 4.395 6.102 7.779 4.513 8.899 3.774 8.979 6.156 11.042 5.301 5.723 4.521 1.681 8.403 9.957 8.657 3.229 8.345 0.558 2.759 1.595 4.340 9.369 8.167 3.325 3.795 6.507 2.043 7.923 9.211 4.730 9.280 2.059 6.730 3.049 10.315 7.327 9.547 8.447 9.425 4.075 3.992 5.363 1.663 8.117 6.062 4.861 3.044 4.379 7.633 7.371 3.263 2.991 6.397 1.788 6.965 5.024 8.087 8.485 7.850 5.918 3.702 6.036 8.065 1.003 9.779 4.006 6.248 4.274 7.199 8.320 7.444 0.120 3.192 9.312 7.457 7.104 7.992 0.321 
9.473 2.879 8.168 4.050 8.513 12.069 4.374 4.867 7.428 9.352 10.518 6.775 7.515 8.655 5.114 5.118 8.916 5.366 6.533 5.532 4.210 3.487 2.287 9.035 2.153 7.327 8.634 5.056 3.259 8.339 6.669 6.821 3.203 5.582 3.603 9.226 3.730 7.809 4.928 7.158 7.379 8.228 7.389 11.045 8.161 7.774 6.667 8.680 8.210 8.020 8.309 9.410 11.981 8.479 0.891 3.894 9.903 4.733 8.531 6.928 7.227 2.663 2.667 8.145 6.105 7.957 0.599 2.963 3.653 2.263 9.142 6.893 3.428 7.145 4.195 7.430 10.850 3.582 5.336 5.550 3.908 8.501 2.954 10.164 2.450 5.798 7.535 2.630 7.933 2.627 10.720 6.304 6.864 6.751 4.950 8.023 8.321 9.582 5.816 6.356 
7.930 0.236 6.977 3.786 5.850 9.742 1.825 3.189 5.063 6.640 8.060 4.186 7.138 6.004 4.639 3.432 6.212 4.468 4.774 2.963 2.607 2.170 0.583 6.515 2.747 4.614 7.250 2.792 0.696 5.827 4.479 4.516 2.003 4.993 1.885 6.506 2.139 6.479 2.418 7.076 6.177 8.007 5.592 8.499 5.499 6.402 5.013 6.397 7.507 5.376 5.589 7.840 9.594 7.909 1.883 3.486 7.185 2.020 5.812 4.210 4.572 2.820 3.074 6.109 5.367 5.286 2.810 1.657 4.275 2.940 6.664 4.237 3.505 5.829 1.540 6.633 8.851 1.710 2.677 2.947 1.526 6.352 3.684 8.306 1.864 5.525 4.898 3.203 5.613 2.477 8.619 3.597 4.197 6.635 3.742 5.307 5.779 7.289 3.108 6.199 
10.747 3.237 9.548 5.558 8.420 12.920 4.340 6.010 8.238 9.415 11.246 6.605 9.066 8.534 6.614 6.267 9.230 6.778 7.685 5.409 5.353 4.681 3.019 9.696 3.700 7.438 9.958 4.675 3.867 8.000 7.599 7.674 4.407 7.070 3.130 9.391 3.145 9.142 4.787 8.743 8.746 9.805 8.536 11.669 8.606 9.093 7.865 9.558 9.711 8.504 8.506 10.674 12.778 10.007 1.618 5.366 10.102 4.957 8.677 7.105 7.159 4.173 4.221 9.180 7.571 8.384 2.210 4.099 5.258 3.832 9.850 7.365 4.969 8.473 4.712 8.902 11.922 4.573 5.368 5.474 3.799 9.471 4.555 11.307 1.854 7.345 7.418 4.206 8.781 4.067 11.731 6.416 7.314 8.329 6.262 8.141 8.957 10.456 5.958 7.925 
4.405 9.700 5.904 9.030 7.546 0.266 9.215 7.238 4.651 6.512 2.013 8.408 8.243 7.673 8.386 7.009 5.259 7.646 5.728 8.783 7.858 8.587 9.886 3.509 10.410 6.999 5.196 9.803 9.024 8.860 5.337 5.215 8.864 8.047 10.656 5.960 10.856 5.667 9.157 9.015 6.157 8.766 4.974 2.395 5.075 5.579 5.747 3.333 7.315 5.015 6.135 4.329 0.741 7.724 11.400 8.930 5.583 8.345 6.300 6.955 7.814 9.920 10.135 3.990 7.608 5.292 11.751 9.056 10.292 10.458 3.243 5.946 9.612 6.018 8.242 7.137 2.077 8.426 8.420 8.623 9.693 3.542 10.449 2.972 11.435 8.588 7.924 10.301 4.105 9.720 1.705 7.564 6.039 8.899 7.520 6.646 4.211 2.431 7.780 8.795 
6.984 2.603 5.665 1.658 7.728 9.881 4.087 2.553 5.402 8.279 8.492 6.267 5.188 7.905 2.693 2.784 7.499 2.866 4.147 5.129 1.955 1.258 1.835 7.135 0.657 6.325 6.133 5.135 2.326 7.949 4.526 4.768 1.028 3.141 4.190 8.009 4.426 5.308 4.670 4.964 4.875 5.981 4.990 9.132 6.599 5.276 4.239 6.524 5.782 6.409 7.100 6.925 9.850 6.094 2.360 1.438 8.603 3.942 7.384 5.866 6.514 0.453 0.731 5.835 3.639 6.433 2.070 1.059 1.906 0.779 7.179 5.383 1.188 4.645 3.056 4.970 8.474 1.741 4.725 5.070 3.880 6.249 1.352 7.741 3.671 3.478 6.867 0.890 5.838 0.139 8.396 5.413 5.391 4.531 2.469 6.954 6.485 7.410 4.950 4.105 
8.096 2.757 2.658 3.372 7.686 2.533 6.617 6.332 7.004 8.058 5.505 5.363 2.814 8.047 4.092 6.707 4.656 7.818 9.420 4.456 6.526 0.401 2.818 6.100 4.548 6.832 9.129 4.027 4.907 4.363 9.520 7.761 3.874 6.661 1.618 8.045 3.264 7.186 8.694 7.054 9.141 3.616 2.388 5.955 4.328 2.735 9.846 5.648 9.343 2.547 6.145 0.791 7.958 6.654 7.845 4.402 9.572 1.785 7.877 0.885 2.431 9.584 3.778 9.773 8.201 2.302 9.224 7.978 5.734 7.446 7.749 3.399 7.597 4.198 1.810 3.105 8.634 5.361 2.447 5.876 8.421 8.044 4.899 9.020 10.338 8.517 0.737 6.386 6.027 6.112 8.816 4.957 3.605 3.185 6.457 3.165 6.708 4.636 2.498 9.398 
5.980 5.266 8.893 5.714 5.696 5.706 4.334 2.685 4.339 4.762 3.267 3.797 6.887 0.553 5.069 6.954 7.959 3.156 5.874 5.852 3.825 7.700 7.774 2.569 6.568 4.321 2.772 4.561 7.034 4.578 4.425 4.384 6.869 3.869 7.844 1.425 6.537 4.395 1.051 2.415 5.210 4.759 5.936 5.352 7.715 6.970 3.400 7.494 2.460 6.266 3.885 7.326 0.165 6.802 2.721 5.131 2.967 7.551 5.946 7.767 5.595 2.646 8.637 5.669 3.007 7.459 2.692 5.614 5.643 2.551 1.556 7.472 6.393 3.838 7.116 8.209 1.424 3.216 7.002 2.713 3.430 5.891 7.832 1.263 6.667 0.816 8.018 4.853 2.918 4.402 2.298 7.744 7.789 6.713 5.765 8.420 2.533 6.170 5.626 5.480 
8.409 2.154 4.199 1.807 7.976 1.418 5.071 5.054 7.034 8.113 5.165 3.966 1.165 7.234 2.578 7.367 5.751 7.544 9.562 4.948 5.043 1.283 1.447 5.618 2.889 6.864 8.662 2.700 5.738 2.934 9.349 7.757 2.234 6.586 2.967 7.403 1.600 7.220 7.633 5.763 9.179 3.445 2.563 4.324 5.391 1.098 9.411 6.534 8.779 3.064 6.068 1.692 7.072 7.284 6.491 2.839 9.085 2.986 8.204 2.258 1.839 8.326 5.132 9.827 7.873 3.436 8.728 8.223 6.141 7.054 7.140 4.468 8.048 3.507 2.770 4.424 7.945 4.963 3.369 4.670 8.163 8.343 3.361 8.226 10.519 7.483 2.269 4.792 4.738 4.567 8.288 5.969 4.754 1.527 6.858 4.535 5.420 5.230 1.566 9.461 
8.282 3.498 7.632 2.432 7.875 3.208 1.055 1.318 6.500 7.397 4.369 0.511 3.501 4.391 1.651 8.280 7.968 6.104 8.822 6.156 0.830 5.299 4.297 4.229 2.647 6.382 6.493 1.733 7.400 1.336 7.844 6.967 3.099 5.914 6.330 4.998 3.025 6.651 4.050 1.818 8.234 4.178 4.645 1.441 7.619 3.602 7.218 8.132 6.339 5.263 5.563 5.279 4.054 8.144 2.349 1.461 6.800 6.152 8.150 5.885 3.653 4.276 8.016 8.829 6.215 6.346 6.472 7.964 6.763 5.417 4.888 6.944 8.327 3.009 5.732 7.370 5.305 4.124 5.998 1.421 6.633 8.193 3.872 5.263 9.758 3.988 6.043 1.202 1.098 0.664 6.019 7.963 7.304 3.202 7.272 7.556 1.549 6.546 3.333 8.537 
0.946 6.862 7.849 8.619 1.191 7.774 9.185 7.399 1.973 0.984 4.138 7.928 9.473 5.122 8.421 3.011 5.507 2.512 0.658 4.376 8.672 8.674 10.241 4.151 10.160 2.129 3.431 7.701 4.562 8.049 1.976 1.414 10.064 2.524 7.580 4.253 9.413 1.794 6.629 7.579 0.793 5.511 6.488 9.793 5.538 9.504 3.473 4.337 4.004 6.226 2.983 8.002 5.498 2.928 8.193 8.713 3.657 7.270 1.139 8.028 7.136 8.231 6.792 1.158 2.677 6.841 3.608 0.848 3.118 3.175 4.106 6.044 1.757 5.914 7.041 6.853 4.536 4.391 6.491 7.023 2.291 0.932 11.352 5.183 1.575 6.420 8.297 9.548 7.427 9.005 3.706 5.089 6.134 9.534 2.459 7.007 7.496 4.313 7.525 0.834 
6.481 5.669 1.989 7.384 6.238 6.196 10.206 9.220 6.488 7.185 6.463 8.689 7.259 9.477 7.884 4.438 1.962 7.895 8.027 3.919 9.932 4.913 7.433 7.177 8.903 6.364 9.464 7.469 2.988 7.930 8.981 7.123 8.317 6.537 3.147 9.037 7.613 6.602 10.684 9.870 8.088 5.225 4.513 9.915 2.079 7.203 9.981 3.075 9.904 3.902 6.206 4.425 9.592 4.498 10.740 8.266 9.891 3.178 6.275 3.863 5.564 12.029 1.150 8.568 8.338 2.850 9.622 6.584 4.651 7.925 8.714 2.301 5.701 6.445 3.521 1.799 9.644 6.507 3.161 8.667 8.323 6.482 9.469 10.246 8.690 10.457 3.911 10.164 8.988 9.744 9.369 2.345 1.955 7.588 5.078 1.632 9.562 3.672 5.979 8.230 
4.589 5.625 8.685 6.562 4.363 6.268 5.776 4.015 3.138 3.322 2.915 4.968 7.688 1.051 6.034 5.860 7.307 1.733 4.310 5.279 5.253 8.032 8.573 2.233 7.678 3.171 1.229 5.415 6.311 5.554 2.824 2.991 7.863 2.806 7.808 0.289 7.416 3.143 2.489 3.907 3.643 4.751 6.008 6.692 7.122 7.758 1.944 6.628 1.119 6.179 3.014 7.545 1.459 5.712 4.309 6.179 1.532 7.492 4.590 7.884 5.966 4.080 8.190 4.076 1.476 7.293 1.198 4.225 4.745 1.330 0.555 7.071 5.108 4.187 7.089 7.876 0.467 2.994 6.834 3.873 1.873 4.503 8.954 1.139 5.076 2.291 8.155 6.260 4.179 5.767 0.748 7.025 7.346 7.582 4.692 8.083 3.954 5.528 6.123 3.903 
6.153 2.044 6.068 2.590 5.734 2.397 3.208 1.892 4.405 5.376 2.228 1.703 3.709 3.436 2.155 6.071 5.932 4.288 6.843 4.006 2.796 4.427 4.595 2.270 3.890 4.272 5.076 1.470 5.272 1.728 6.117 4.953 3.949 3.829 4.862 3.693 3.447 4.569 3.923 2.550 6.304 2.128 2.965 3.515 5.601 3.780 5.835 5.975 5.098 3.475 3.426 4.126 3.268 5.934 3.418 2.397 5.465 4.612 6.006 4.634 2.348 4.912 6.180 6.930 4.504 4.665 5.110 5.852 4.554 3.659 3.468 5.040 6.145 0.892 4.166 5.602 4.190 1.975 4.250 1.339 4.879 6.066 5.141 4.428 7.803 3.749 4.861 3.408 1.679 2.874 4.652 5.878 5.398 3.609 5.069 5.805 2.234 4.396 2.323 6.607 
4.157 2.305 3.969 4.295 3.724 3.233 6.128 4.781 2.905 3.965 1.831 4.582 4.922 4.842 4.378 3.358 3.048 3.829 5.362 1.063 5.738 3.964 5.611 2.551 5.969 2.733 5.281 3.720 2.325 4.178 5.444 3.662 5.689 2.582 3.186 4.514 4.972 3.088 6.002 5.357 5.048 0.997 1.761 6.232 2.749 4.935 5.941 3.039 5.606 1.604 2.078 3.312 4.927 3.243 6.218 4.749 5.731 2.861 3.952 3.444 2.512 7.366 3.586 5.685 4.246 2.595 5.406 3.978 1.946 3.597 4.190 2.422 3.828 2.087 2.513 3.184 5.134 1.837 2.143 4.231 4.404 4.091 7.015 5.680 6.304 5.776 3.723 6.259 4.608 5.749 5.058 2.947 2.739 5.059 2.635 3.394 5.083 1.454 2.961 5.312 
0.494 6.690 7.013 8.591 0.836 7.621 9.596 7.867 2.255 1.769 4.341 8.224 9.323 5.964 8.507 1.917 4.525 3.355 1.749 3.806 9.103 8.216 10.028 4.557 10.210 2.346 4.541 7.793 3.673 8.187 3.222 2.098 10.024 2.833 6.924 5.129 9.332 2.141 7.491 8.149 2.053 5.328 6.117 10.069 4.616 9.341 4.676 3.295 5.113 5.745 3.144 7.522 6.309 1.873 8.840 8.834 4.817 6.633 0.561 7.456 6.923 9.104 5.852 2.336 3.632 6.163 4.723 0.860 2.539 3.922 4.927 5.250 0.692 5.978 6.469 6.011 5.506 4.590 5.869 7.431 3.315 0.582 11.340 6.177 2.339 7.269 7.712 9.902 7.846 9.357 4.750 4.097 5.281 9.434 1.813 6.144 8.017 3.641 7.355 2.068 
4.636 4.687 2.613 6.639 4.364 5.424 9.073 7.857 4.581 5.279 4.755 7.520 6.819 7.726 6.981 2.654 0.058 6.004 6.180 2.167 8.730 4.814 7.214 5.448 8.285 4.461 7.574 6.443 1.081 6.917 7.073 5.212 7.808 4.654 3.062 7.225 7.067 4.692 9.015 8.454 6.203 3.867 3.565 8.981 0.410 6.787 8.076 1.281 8.028 2.916 4.355 4.163 7.878 2.687 9.318 7.371 7.997 2.897 4.422 3.788 4.692 10.439 1.315 6.703 6.446 2.389 7.735 4.711 2.744 6.072 6.907 1.313 3.884 5.096 3.016 1.686 7.822 4.839 2.414 7.303 6.418 4.629 9.074 8.444 6.895 8.783 3.961 9.123 7.664 8.650 7.498 0.463 1.067 7.087 3.174 1.742 8.172 1.853 5.165 6.357 
2.482 6.387 8.342 7.860 2.415 7.224 7.850 6.043 1.869 1.258 3.388 6.764 8.855 3.426 7.515 4.251 6.358 1.076 1.907 4.706 7.325 8.534 9.691 3.097 9.252 2.019 1.612 6.814 5.335 7.085 0.812 1.200 9.277 2.061 7.789 2.551 8.701 1.730 4.891 6.102 1.240 5.154 6.327 8.605 6.287 8.903 1.782 5.369 2.186 6.246 2.569 7.920 3.822 4.126 6.622 7.752 1.878 7.464 2.562 8.087 6.703 6.472 7.506 1.714 0.992 7.122 1.792 2.159 3.680 1.748 2.474 6.553 3.185 5.167 7.147 7.397 2.749 3.610 6.705 5.753 0.556 2.413 10.500 3.377 2.703 4.694 8.366 8.273 6.129 7.744 1.890 5.986 6.735 8.844 3.278 7.581 6.074 4.795 7.009 1.504 
10.082 3.735 6.530 1.860 9.644 2.810 3.945 4.763 8.499 9.551 6.388 3.567 1.221 7.614 2.287 9.349 8.005 8.650 11.034 6.916 4.158 3.578 1.225 6.622 0.999 8.342 9.459 2.928 7.872 2.772 10.488 9.152 0.458 7.972 5.307 8.031 1.070 8.680 7.539 5.344 10.558 5.081 4.594 2.840 7.639 1.260 10.216 8.676 9.436 5.193 7.490 4.030 7.342 9.248 5.834 2.196 9.833 5.315 9.897 4.594 3.556 7.775 7.464 11.200 8.892 5.746 9.482 9.842 7.985 8.045 7.835 6.737 9.851 4.580 5.066 6.754 8.466 6.144 5.629 4.616 9.253 10.005 1.035 8.567 12.005 7.453 4.585 3.473 4.474 3.516 9.021 8.185 7.043 0.986 8.664 6.871 5.054 7.247 3.086 10.856 
1.051 7.061 8.007 8.819 1.343 7.974 9.371 7.583 2.173 1.174 4.336 8.121 9.673 5.269 8.620 3.115 5.640 2.671 0.500 4.554 8.857 8.864 10.440 4.343 10.359 2.329 3.525 7.900 4.708 8.247 2.003 1.604 10.264 2.723 7.756 4.397 9.613 1.994 6.770 7.755 0.803 5.709 6.681 9.986 5.681 9.703 3.526 4.457 4.096 6.413 3.183 8.190 5.649 3.040 8.360 8.912 3.731 7.447 1.259 8.210 7.334 8.368 6.934 1.050 2.815 7.014 3.700 1.009 3.290 3.342 4.260 6.204 1.851 6.114 7.223 7.009 4.662 4.590 6.668 7.211 2.419 1.052 11.552 5.302 1.382 6.563 8.479 9.737 7.614 9.195 3.818 5.220 6.287 9.734 2.619 7.161 7.675 4.482 7.724 0.770 
8.437 2.902 6.888 1.422 8.012 2.388 1.848 2.239 6.705 7.681 4.525 1.047 2.441 5.162 0.686 8.170 7.526 6.540 9.145 5.892 1.834 4.371 3.233 4.553 1.738 6.569 7.137 1.142 7.077 0.675 8.344 7.257 2.078 6.132 5.572 5.664 1.961 6.871 5.016 2.839 8.598 3.871 4.059 1.408 7.165 2.543 7.883 7.847 7.051 4.706 5.717 4.435 4.865 8.043 3.413 0.402 7.481 5.432 8.282 5.056 2.972 5.336 7.413 9.218 6.714 5.689 7.138 8.145 6.676 5.881 5.506 6.409 8.379 2.877 5.037 6.738 6.046 4.271 5.389 2.127 7.111 8.351 3.011 6.090 10.104 4.931 5.185 1.651 1.952 1.342 6.678 7.576 6.763 2.138 7.257 6.910 2.537 6.275 2.571 8.902 
6.137 1.788 5.821 2.443 5.713 2.166 3.344 2.117 4.412 5.406 2.231 1.810 3.534 3.655 2.074 5.971 5.739 4.381 6.881 3.849 2.955 4.177 4.415 2.353 3.819 4.272 5.233 1.365 5.106 1.682 6.217 4.988 3.832 3.844 4.610 3.875 3.298 4.580 4.176 2.788 6.357 1.927 2.717 3.569 5.404 3.601 5.991 5.823 5.276 3.238 3.418 3.870 3.500 5.836 3.654 2.348 5.630 4.362 5.983 4.377 2.093 5.167 5.955 6.989 4.617 4.423 5.273 5.845 4.457 3.770 3.639 4.822 6.095 0.702 3.916 5.369 4.388 1.977 4.012 1.568 4.980 6.051 5.053 4.647 7.846 4.000 4.604 3.508 1.887 2.983 4.818 5.698 5.180 3.455 4.997 5.570 2.466 4.239 2.081 6.660 
1.410 5.342 5.593 7.303 1.110 6.271 8.645 7.008 1.807 2.120 3.377 7.190 7.961 5.642 7.296 0.927 3.213 3.281 2.935 2.340 8.180 6.751 8.632 3.787 8.956 1.784 4.763 6.597 2.274 7.020 3.912 2.178 8.716 2.217 5.451 4.908 8.006 1.821 7.136 7.393 2.958 3.999 4.685 8.988 3.246 7.972 5.114 2.076 5.295 4.284 2.291 6.055 5.924 0.789 8.159 7.644 5.133 5.158 1.188 5.980 5.549 8.723 4.499 3.449 3.677 4.692 4.941 1.456 1.102 3.636 4.640 3.806 0.812 4.804 4.994 4.591 5.407 3.602 4.393 6.521 3.509 1.390 10.040 6.084 3.714 6.902 6.236 8.892 6.937 8.353 4.827 2.798 3.865 8.096 0.424 4.736 7.211 2.165 6.000 3.103 
7.744 2.133 6.190 1.106 7.315 1.729 2.464 2.281 6.043 7.046 3.866 1.162 2.280 4.894 0.454 7.405 6.743 5.996 8.522 5.109 2.310 3.826 3.154 3.977 2.183 5.899 6.728 0.356 6.290 0.146 7.823 6.629 2.281 5.480 4.880 5.293 1.897 6.214 4.983 2.974 7.998 3.089 3.294 2.194 6.382 2.371 7.483 7.061 6.698 3.936 5.042 3.802 4.643 7.280 3.686 0.713 7.098 4.720 7.583 4.411 2.232 5.536 6.660 8.628 6.207 4.951 6.747 7.463 5.919 5.363 5.101 5.638 7.653 2.145 4.312 5.992 5.733 3.612 4.634 1.981 6.585 7.661 3.434 5.861 9.487 4.864 4.564 2.375 1.965 1.975 6.286 6.789 5.994 2.075 6.516 6.170 2.637 5.491 1.870 8.301 
6.131 0.414 4.436 2.169 5.693 1.219 4.372 3.472 4.604 5.676 2.635 2.842 2.913 4.889 2.290 5.486 4.696 5.012 7.149 3.110 4.085 2.852 3.699 3.091 3.840 4.440 6.144 1.701 4.250 2.175 6.826 5.298 3.583 4.115 3.198 4.943 2.885 4.789 5.568 4.171 6.720 1.140 1.350 4.245 4.337 2.944 6.888 5.031 6.290 1.946 3.608 2.472 4.795 5.372 5.025 2.673 6.573 2.963 5.943 2.959 0.755 6.588 4.701 7.369 5.337 3.073 6.217 5.900 4.060 4.520 4.662 3.626 5.902 1.040 2.520 4.070 5.514 2.428 2.695 2.944 5.631 6.056 4.905 5.868 8.117 5.381 3.191 4.384 3.206 3.927 5.785 4.738 3.986 2.991 4.721 4.262 3.838 3.481 0.990 7.010 
3.539 5.915 8.468 7.145 3.367 6.669 6.767 4.970 2.337 2.257 2.947 5.802 8.213 2.195 6.708 5.028 6.789 0.846 3.150 4.896 6.241 8.223 9.080 2.432 8.414 2.420 0.739 6.038 5.765 6.251 1.718 1.988 8.517 2.194 7.739 1.327 8.000 2.286 3.648 4.956 2.483 4.834 6.078 7.602 6.654 8.273 1.398 5.960 1.203 6.127 2.570 7.667 2.597 4.887 5.426 6.904 1.183 7.414 3.569 7.925 6.249 5.231 7.806 2.922 0.423 7.143 0.892 3.184 4.121 1.006 1.308 6.752 4.136 4.559 7.048 7.586 1.517 3.112 6.697 4.742 0.729 3.458 9.682 2.167 3.920 3.452 8.202 7.220 5.092 6.706 0.736 6.462 6.986 8.156 3.915 7.784 4.961 5.077 6.486 2.742 
6.303 2.701 6.720 2.994 5.900 2.988 2.875 1.325 4.517 5.416 2.411 1.533 4.156 2.943 2.424 6.424 6.484 4.175 6.851 4.496 2.406 5.062 5.045 2.248 4.086 4.402 4.770 1.835 5.772 1.944 5.963 4.987 4.254 3.931 5.522 3.322 3.837 4.667 3.290 1.930 6.275 2.719 3.619 3.397 6.163 4.235 5.523 6.442 4.725 4.114 3.593 4.780 2.728 6.282 2.800 2.579 5.131 5.269 6.175 5.293 2.998 4.251 6.795 6.881 4.331 5.311 4.782 5.982 4.910 3.505 3.139 5.645 6.378 1.499 4.823 6.233 3.763 2.175 4.889 0.780 4.733 6.214 5.360 3.925 7.795 3.125 5.518 3.170 1.180 2.625 4.321 6.403 5.999 4.009 5.362 6.437 1.634 4.882 2.941 6.579 
6.712 3.394 7.447 3.397 6.326 3.587 2.471 0.708 4.914 5.732 2.926 1.477 4.575 2.668 2.721 6.999 7.187 4.359 7.118 5.172 1.958 5.704 5.455 2.607 4.233 4.816 4.712 2.268 6.448 2.231 6.068 5.302 4.515 4.331 6.240 3.219 4.200 5.048 2.710 1.212 6.510 3.444 4.345 3.223 6.872 4.662 5.442 7.097 4.579 4.845 4.055 5.461 2.374 6.854 2.079 2.778 5.029 5.992 6.601 5.990 3.677 3.544 7.523 7.089 4.444 6.041 4.696 6.375 5.498 3.665 3.101 6.370 6.857 2.230 5.546 6.963 3.561 2.714 5.620 0.375 4.868 6.621 5.504 3.599 8.037 2.574 6.208 2.867 0.723 2.338 4.240 7.093 6.724 4.379 5.899 7.168 0.943 5.553 3.574 6.811 
6.650 5.102 8.947 5.265 6.340 5.418 3.569 2.030 4.947 5.467 3.573 3.207 6.443 1.357 4.569 7.471 8.247 3.878 6.637 6.142 3.074 7.493 7.319 2.939 5.962 4.909 3.588 4.141 7.371 4.084 5.230 5.072 6.321 4.436 7.826 2.210 6.056 5.023 0.856 1.645 5.977 4.808 5.903 4.634 7.978 6.532 4.212 7.893 3.268 6.305 4.373 7.185 0.948 7.319 1.906 4.580 3.779 7.549 6.599 7.671 5.414 2.145 8.815 6.455 3.771 7.513 3.508 6.286 6.089 3.233 2.291 7.644 7.008 3.747 7.106 8.336 2.238 3.467 7.065 2.186 4.201 6.559 7.207 1.994 7.452 0.701 7.908 4.104 2.302 3.679 3.113 8.069 7.977 6.235 6.289 8.546 1.814 6.485 5.375 6.254 
3.502 3.849 3.524 5.881 3.147 4.722 7.903 6.530 3.069 3.885 3.220 6.357 6.319 6.152 6.067 1.947 1.533 4.444 4.983 0.714 7.513 4.779 6.883 3.893 7.566 2.934 6.012 5.442 0.582 5.909 5.640 3.752 7.201 3.084 3.359 5.636 6.461 3.199 7.473 7.077 4.889 2.716 2.920 7.976 1.377 6.311 6.543 1.268 6.453 2.385 2.766 4.078 6.318 1.886 7.927 6.447 6.441 3.077 3.278 3.928 3.963 8.933 2.577 5.450 4.888 2.596 6.169 3.481 1.263 4.484 5.318 1.716 2.885 3.862 2.959 2.532 6.232 3.331 2.331 5.984 4.889 3.470 8.517 6.856 5.808 7.239 4.173 8.027 6.370 7.521 5.919 1.284 1.829 6.519 1.869 2.697 6.818 0.324 4.445 5.084 
8.425 5.014 9.167 4.314 8.065 4.941 1.580 1.288 6.641 7.342 4.793 2.120 5.404 3.505 3.531 8.876 9.084 5.830 8.630 7.084 1.220 7.083 6.196 4.372 4.426 6.564 5.745 3.445 8.361 3.149 7.339 6.923 4.959 6.074 7.907 4.313 4.928 6.755 2.589 0.750 7.986 5.304 6.078 2.771 8.763 5.505 6.383 9.010 5.440 6.631 5.864 6.975 3.101 8.728 0.469 3.364 5.950 7.689 8.337 7.554 5.241 2.407 9.357 8.509 5.803 7.799 5.673 8.073 7.387 5.142 4.328 8.220 8.650 4.070 7.249 8.766 4.407 4.596 7.402 1.843 6.239 8.333 5.558 4.140 9.493 2.621 7.740 2.145 1.527 1.883 5.266 9.000 8.577 5.104 7.751 8.965 0.972 7.466 5.013 8.276 
1.535 5.475 6.993 7.169 1.265 6.370 7.734 5.962 0.569 0.526 2.664 6.453 8.058 3.943 6.949 2.912 4.947 1.369 2.008 3.370 7.226 7.434 8.848 2.683 8.691 0.741 2.778 6.230 3.926 6.572 2.106 0.216 8.612 1.055 6.526 3.121 7.975 0.386 5.470 6.186 1.586 4.151 5.221 8.317 4.883 8.093 3.139 3.966 3.318 5.049 1.544 6.786 4.283 2.777 6.845 7.237 3.144 6.205 1.502 6.887 5.765 7.082 6.110 2.232 1.719 5.828 2.957 1.171 2.278 1.897 2.906 5.190 2.013 4.454 5.920 6.031 3.542 2.917 5.432 5.567 1.520 1.445 9.892 4.221 2.979 5.246 7.164 8.084 5.975 7.540 2.874 4.574 5.354 8.101 1.874 6.210 6.079 3.421 6.130 1.866 
8.110 2.168 3.481 2.423 7.684 1.703 5.680 5.496 6.845 7.920 5.124 4.475 1.891 7.437 3.158 6.927 5.151 7.492 9.338 4.550 5.610 0.565 2.056 5.648 3.612 6.673 8.704 3.155 5.225 3.458 9.260 7.587 2.959 6.439 2.273 7.522 2.319 7.031 7.965 6.216 8.998 3.294 2.223 4.997 4.798 1.821 9.441 6.007 8.867 2.613 5.918 1.021 7.311 6.855 6.982 3.457 9.138 2.324 7.899 1.546 1.827 8.766 4.455 9.642 7.847 2.800 8.784 7.951 5.790 7.053 7.242 3.865 7.692 3.612 2.163 3.752 8.090 4.946 2.792 5.068 8.108 8.049 4.060 8.424 10.282 7.800 1.544 5.436 5.185 5.175 8.357 5.397 4.131 2.252 6.514 3.851 5.869 4.797 1.739 9.271 
4.448 6.645 9.438 7.672 4.323 7.331 6.848 5.112 3.368 3.178 3.784 6.090 8.789 2.050 7.156 6.041 7.818 1.881 3.799 5.899 6.329 9.018 9.671 3.171 8.804 3.455 0.380 6.530 6.796 6.678 2.092 2.966 8.985 3.220 8.654 1.413 8.528 3.310 3.234 4.950 3.151 5.670 6.927 7.797 7.677 8.856 0.846 6.994 0.194 7.031 3.570 8.496 2.443 5.903 5.264 7.305 0.416 8.332 4.504 8.794 6.985 4.710 8.817 3.437 1.450 8.087 0.203 4.107 5.155 1.897 1.617 7.746 5.098 5.230 7.950 8.574 1.133 3.910 7.636 4.993 1.631 4.374 10.080 1.558 4.415 3.083 9.069 7.346 5.289 6.863 0.453 7.495 7.990 8.692 4.943 8.775 5.027 6.094 7.173 3.356 
5.720 4.521 8.172 5.039 5.397 4.977 3.992 2.230 3.993 4.567 2.637 3.237 6.205 0.911 4.427 6.499 7.330 3.012 5.805 5.221 3.468 6.956 7.094 1.979 5.992 3.948 3.016 3.881 6.434 3.936 4.522 4.161 6.246 3.472 7.108 1.527 5.874 4.077 1.631 2.153 5.157 4.031 5.197 4.913 7.072 6.285 3.721 6.937 2.831 5.539 3.401 6.580 0.688 6.347 2.683 4.521 3.298 6.817 5.659 7.022 4.851 3.102 7.957 5.674 2.969 6.737 2.979 5.358 5.122 2.337 1.498 6.788 6.051 3.093 6.381 7.509 1.802 2.555 6.282 2.135 3.405 5.628 7.265 1.877 6.660 1.402 7.273 4.473 2.409 3.982 2.535 7.137 7.112 6.049 5.318 7.720 2.171 5.555 4.890 5.444 
2.261 7.772 9.111 9.387 2.493 8.653 9.530 7.723 2.885 1.818 4.861 8.417 10.325 5.057 9.096 4.329 6.816 2.725 0.773 5.568 9.006 9.746 11.132 4.688 10.840 3.057 2.988 8.385 5.857 8.684 1.242 2.147 10.821 3.322 8.767 4.192 10.212 2.700 6.470 7.783 0.735 6.462 7.536 10.267 6.835 10.365 2.748 5.655 3.514 7.341 3.836 9.093 5.460 4.247 8.286 9.353 3.057 8.451 2.458 9.170 8.069 8.012 8.089 0.178 2.671 8.045 3.137 2.147 4.348 3.417 4.144 7.300 3.069 6.668 8.192 8.121 4.297 5.102 7.672 7.423 2.236 2.250 12.072 4.863 1.082 6.287 9.444 9.948 7.804 9.417 3.390 6.401 7.409 10.346 3.731 8.282 7.757 5.546 8.419 0.505 
4.847 1.565 4.389 3.437 4.409 2.482 5.172 3.885 3.358 4.436 1.608 3.623 4.186 4.390 3.449 4.280 3.919 3.941 5.897 2.024 4.792 3.677 4.944 2.237 5.086 3.190 5.234 2.774 3.271 3.225 5.701 4.075 4.863 2.904 3.370 4.229 4.170 3.544 5.382 4.496 5.498 0.284 1.543 5.272 3.594 4.212 5.948 4.000 5.469 1.763 2.385 3.117 4.402 4.158 5.365 3.812 5.679 3.064 4.659 3.417 1.849 6.643 4.267 6.146 4.311 2.953 5.333 4.620 2.812 3.548 3.917 3.102 4.626 1.135 2.642 3.757 4.839 1.480 2.498 3.330 4.554 4.773 6.182 5.307 6.861 5.166 3.690 5.296 3.692 4.787 4.935 3.863 3.450 4.275 3.451 3.966 4.205 2.414 2.228 5.781 
4.431 1.968 4.398 3.860 3.994 2.892 5.511 4.146 2.978 4.057 1.422 3.972 4.597 4.354 3.863 3.874 3.675 3.661 5.508 1.687 5.113 3.964 5.343 2.112 5.507 2.808 5.019 3.180 2.957 3.625 5.383 3.708 5.285 2.551 3.475 4.110 4.590 3.164 5.443 4.725 5.127 0.612 1.770 5.658 3.369 4.621 5.715 3.657 5.291 1.846 2.030 3.367 4.406 3.749 5.587 4.222 5.467 3.157 4.241 3.608 2.235 6.770 4.144 5.773 4.050 2.978 5.129 4.211 2.395 3.324 3.791 2.973 4.203 1.474 2.760 3.689 4.728 1.357 2.517 3.596 4.265 4.358 6.605 5.235 6.469 5.221 3.885 5.659 3.974 5.143 4.749 3.582 3.307 4.693 3.029 3.899 4.449 2.077 2.634 5.406 
6.844 3.677 7.732 3.616 6.467 3.854 2.404 0.597 5.048 5.831 3.118 1.595 4.792 2.561 2.917 7.199 7.446 4.414 7.193 5.419 1.880 5.977 5.667 2.747 4.367 4.957 4.670 2.505 6.694 2.431 6.083 5.403 4.685 4.469 6.525 3.174 4.403 5.175 2.473 0.957 6.575 3.718 4.629 3.247 7.135 4.882 5.388 7.333 4.504 5.127 4.219 5.741 2.238 7.053 1.815 2.943 4.968 6.277 6.741 6.273 3.959 3.261 7.799 7.142 4.472 6.324 4.643 6.502 5.706 3.717 3.084 6.644 7.018 2.510 5.831 7.243 3.472 2.916 5.902 0.533 4.901 6.753 5.631 3.460 8.100 2.350 6.490 2.841 0.736 2.330 4.193 7.345 6.997 4.583 6.085 7.448 0.729 5.798 3.847 6.874 
8.452 2.637 6.512 0.960 8.022 2.018 2.309 2.650 6.754 7.758 4.578 1.448 1.966 5.476 0.346 8.067 7.279 6.694 9.234 5.736 2.313 3.926 2.772 4.680 1.486 6.611 7.381 1.033 6.885 0.684 8.516 7.340 1.689 6.192 5.195 5.927 1.494 6.926 5.420 3.279 8.707 3.726 3.775 1.711 6.914 2.067 8.133 7.667 7.326 4.427 5.753 4.027 5.198 7.946 3.881 0.077 7.740 5.072 8.288 4.650 2.661 5.797 7.096 9.336 6.895 5.357 7.392 8.173 6.594 6.053 5.750 6.126 8.348 2.847 4.692 6.410 6.340 4.325 5.080 2.471 7.279 8.368 2.753 6.424 10.198 5.323 4.767 2.062 2.350 1.805 6.931 7.352 6.476 1.672 7.204 6.576 2.967 6.112 2.228 9.010 
5.878 6.745 10.062 7.370 5.701 7.276 5.921 4.352 4.561 4.596 4.278 5.479 8.536 1.456 6.743 7.287 8.765 3.095 5.338 6.722 5.431 9.184 9.426 3.566 8.251 4.608 1.909 6.212 7.772 6.251 3.636 4.319 8.549 4.262 9.124 1.605 8.201 4.548 1.919 4.001 4.684 6.031 7.269 6.991 8.574 8.617 2.231 8.088 1.364 7.504 4.476 8.751 1.666 7.141 4.105 6.813 1.845 8.814 5.907 9.139 7.083 3.231 9.622 4.983 2.745 8.651 1.747 5.524 6.206 2.787 1.929 8.491 6.465 5.292 8.398 9.284 1.001 4.317 8.190 4.396 3.051 5.798 9.513 0.466 5.958 1.841 9.402 6.460 4.595 6.036 1.615 8.487 8.775 8.377 6.131 9.492 4.167 6.981 7.170 4.898 
0.705 6.176 6.423 8.107 0.701 7.108 9.259 7.564 2.030 1.852 3.975 7.849 8.805 5.868 8.057 1.377 3.955 3.324 2.228 3.229 8.776 7.641 9.493 4.270 9.742 2.083 4.651 7.348 3.084 7.756 3.508 2.082 9.532 2.570 6.332 5.066 8.831 1.959 7.391 7.889 2.409 4.820 5.561 9.678 4.034 8.819 4.876 2.739 5.213 5.172 2.802 6.945 6.190 1.312 8.612 8.393 4.969 6.042 0.550 6.869 6.397 8.999 5.275 2.792 3.656 5.571 4.834 0.949 1.975 3.817 4.836 4.657 0.109 5.538 5.883 5.421 5.496 4.217 5.280 7.105 3.393 0.737 10.853 6.175 2.905 7.163 7.123 9.541 7.522 8.997 4.803 3.528 4.691 8.927 1.255 5.556 7.736 3.052 6.838 2.484 
5.954 6.999 10.285 7.631 5.794 7.535 6.154 4.602 4.695 4.674 4.501 5.734 8.798 1.716 7.003 7.417 8.950 3.213 5.349 6.920 5.668 9.437 9.687 3.792 8.506 4.749 1.928 6.473 7.951 6.511 3.619 4.415 8.808 4.419 9.359 1.812 8.462 4.672 2.114 4.237 4.703 6.270 7.511 7.232 8.765 8.878 2.160 8.249 1.361 7.737 4.655 9.000 1.926 7.273 4.313 7.071 1.802 9.049 5.993 9.383 7.337 3.347 9.827 4.970 2.842 8.879 1.755 5.604 6.371 2.951 2.137 8.701 6.562 5.546 8.634 9.498 1.195 4.547 8.418 4.653 3.120 5.876 9.767 0.724 5.933 2.055 9.647 6.696 4.848 6.278 1.692 8.665 8.981 8.637 6.271 9.706 4.410 7.171 7.427 4.904 
7.819 1.552 4.021 1.659 7.385 0.900 4.886 4.673 6.429 7.509 4.564 3.651 1.455 6.703 2.360 6.826 5.331 6.944 8.959 4.396 4.797 1.333 1.969 5.029 3.045 6.260 8.078 2.330 5.245 2.639 8.746 7.152 2.475 5.980 2.728 6.839 1.756 6.616 7.171 5.392 8.574 2.841 2.011 4.265 4.966 1.424 8.825 6.046 8.207 2.557 5.463 1.474 6.557 6.739 6.156 2.678 8.504 2.685 7.616 2.094 1.234 7.944 4.825 9.222 7.275 3.085 8.147 7.628 5.568 6.460 6.571 4.062 7.473 2.931 2.400 4.114 7.391 4.365 2.953 4.252 7.563 7.752 3.711 7.693 9.918 7.011 2.178 4.667 4.361 4.381 7.710 5.521 4.370 1.744 6.281 4.246 5.046 4.693 0.993 8.857 
4.150 5.914 8.738 6.985 3.962 6.610 6.347 4.573 2.848 2.869 3.054 5.486 8.089 1.644 6.493 5.567 7.198 1.362 3.758 5.234 5.823 8.284 8.968 2.437 8.164 2.909 0.690 5.851 6.184 6.021 2.233 2.579 8.318 2.613 7.933 0.829 7.841 2.821 3.048 4.491 3.091 4.937 6.195 7.240 7.040 8.155 1.444 6.434 0.825 6.307 2.914 7.763 2.052 5.423 4.903 6.659 1.076 7.612 4.172 8.064 6.254 4.620 8.155 3.500 1.008 7.376 0.718 3.792 4.567 1.203 0.942 7.067 4.725 4.506 7.226 7.890 0.896 3.176 6.923 4.400 1.352 4.068 9.439 1.544 4.499 2.859 8.338 6.823 4.723 6.323 0.282 6.891 7.322 8.003 4.428 8.093 4.527 5.448 6.448 3.342 
10.507 4.272 7.313 2.267 10.072 3.381 3.532 4.630 8.865 9.894 6.710 3.483 1.960 7.617 2.445 9.902 8.692 8.885 11.375 7.485 3.831 4.373 2.032 6.864 0.721 8.714 9.575 3.154 8.499 2.883 10.713 9.483 0.920 8.317 6.072 8.111 1.662 9.042 7.379 5.135 10.868 5.575 5.224 2.351 8.324 2.018 10.325 9.303 9.503 5.846 7.855 4.794 7.314 9.794 5.519 2.228 9.927 6.063 10.331 5.372 4.140 7.449 8.210 11.504 9.094 6.476 9.582 10.249 8.495 8.251 7.943 7.438 10.329 4.923 5.791 7.499 8.502 6.460 6.330 4.578 9.475 10.427 0.556 8.537 12.344 7.317 5.376 3.008 4.368 3.167 9.121 8.851 7.754 1.647 9.153 7.624 4.878 7.832 3.657 11.170 
7.949 1.563 4.528 1.139 7.512 0.681 4.379 4.256 6.481 7.557 4.515 3.192 1.113 6.450 1.856 7.077 5.726 6.884 9.024 4.640 4.309 1.839 1.816 4.917 2.566 6.315 7.941 1.901 5.570 2.166 8.706 7.184 2.046 6.002 3.228 6.648 1.306 6.667 6.826 4.969 8.607 2.923 2.293 3.743 5.358 1.115 8.694 6.374 8.035 2.893 5.492 1.988 6.279 6.982 5.711 2.163 8.357 3.164 7.752 2.610 1.311 7.530 5.289 9.255 7.193 3.539 7.999 7.738 5.759 6.362 6.394 4.474 7.651 2.789 2.851 4.581 7.179 4.299 3.368 3.865 7.502 7.878 3.329 7.442 9.989 6.677 2.700 4.150 3.942 3.874 7.554 5.892 4.794 1.328 6.458 4.721 4.625 4.960 0.904 8.896 
10.964 4.588 7.025 2.774 10.526 3.657 4.610 5.599 9.401 10.457 7.300 4.418 1.977 8.503 3.193 10.167 8.696 9.568 11.939 7.729 4.886 4.076 1.555 7.541 1.686 9.242 10.372 3.845 8.631 3.673 11.407 10.060 1.367 8.879 5.871 8.938 1.957 9.583 8.369 6.146 11.468 5.947 5.372 3.437 8.334 1.981 11.129 9.433 10.342 5.943 8.392 4.618 8.223 10.070 6.574 3.073 10.744 5.921 10.776 5.132 4.384 8.511 8.056 12.112 9.811 6.382 10.393 10.730 8.832 8.964 8.746 7.414 10.712 5.492 5.718 7.352 9.365 7.058 6.312 5.488 10.172 10.889 0.760 9.448 12.910 8.294 5.080 4.093 5.321 4.226 9.932 8.903 7.702 1.842 9.521 7.451 5.872 8.048 3.928 11.766 
6.250 0.563 3.606 2.460 5.816 1.261 5.102 4.315 4.886 5.965 3.149 3.609 2.868 5.661 2.812 5.322 4.147 5.509 7.404 2.885 4.855 2.138 3.518 3.709 4.130 4.716 6.755 2.357 3.864 2.819 7.273 5.620 3.732 4.461 2.348 5.643 2.991 5.073 6.406 5.020 7.037 1.310 0.627 4.836 3.779 2.870 7.483 4.667 6.950 1.279 3.940 1.663 5.593 5.226 5.869 3.201 7.194 2.125 6.047 2.112 0.506 7.444 3.979 7.683 5.869 2.285 6.843 6.061 4.014 5.087 5.348 2.977 5.914 1.831 1.688 3.316 6.232 2.984 1.953 3.794 6.123 6.183 5.047 6.627 8.359 6.215 2.353 5.055 4.042 4.634 6.427 4.254 3.328 3.050 4.721 3.498 4.684 3.211 0.989 7.315 
4.347 5.522 3.410 7.504 4.150 6.294 9.819 8.516 4.652 5.184 5.220 8.265 7.724 8.095 7.811 2.280 0.946 6.134 5.885 2.704 9.453 5.734 8.132 5.875 9.163 4.559 7.689 7.245 1.432 7.719 6.981 5.192 8.702 4.837 3.974 7.516 7.960 4.731 9.457 9.080 6.005 4.593 4.428 9.790 1.306 7.694 8.121 1.023 8.180 3.786 4.625 5.084 8.286 2.361 9.933 8.200 8.091 3.816 4.151 4.705 5.552 10.937 2.049 6.442 6.565 3.310 7.859 4.490 2.882 6.303 7.208 2.232 3.547 5.798 3.936 2.553 8.090 5.340 3.327 7.967 6.476 4.358 9.977 8.738 6.505 9.222 4.872 9.900 8.343 9.413 7.670 0.808 1.983 7.984 3.113 2.574 8.814 2.331 6.030 6.120 
2.126 4.358 5.095 6.303 1.711 5.290 7.679 6.079 1.494 2.289 2.457 6.207 6.986 5.004 6.289 1.628 3.034 2.945 3.484 1.549 7.224 5.903 7.679 2.955 7.952 1.379 4.510 5.591 2.007 6.016 4.037 2.150 7.722 1.644 4.753 4.357 7.016 1.609 6.446 6.503 3.318 3.005 3.771 7.993 2.951 7.001 4.991 2.186 4.989 3.435 1.514 5.217 5.242 1.479 7.295 6.637 4.923 4.443 1.912 5.209 4.579 7.999 4.176 3.905 3.382 4.018 4.676 2.007 0.345 3.118 4.060 3.283 1.765 3.801 4.220 4.118 4.913 2.664 3.664 5.578 3.333 2.071 9.044 5.572 4.372 6.209 5.476 7.911 5.991 7.374 4.475 2.683 3.428 7.110 0.584 4.290 6.302 1.516 5.020 3.534 
7.680 1.429 3.947 1.702 7.246 0.838 4.900 4.635 6.295 7.375 4.440 3.635 1.576 6.613 2.377 6.688 5.209 6.820 8.824 4.257 4.797 1.336 2.108 4.913 3.137 6.126 7.965 2.304 5.112 2.633 8.619 7.019 2.583 5.848 2.646 6.736 1.856 6.482 7.105 5.356 8.441 2.706 1.873 4.310 4.843 1.550 8.711 5.914 8.100 2.424 5.330 1.409 6.474 6.600 6.130 2.707 8.392 2.590 7.477 2.033 1.106 7.903 4.723 9.088 7.155 2.979 8.036 7.490 5.429 6.342 6.465 3.943 7.333 2.825 2.292 4.014 7.292 4.243 2.834 4.204 7.439 7.613 3.831 7.602 9.782 6.943 2.134 4.697 4.325 4.396 7.601 5.395 4.254 1.854 6.142 4.149 5.009 4.555 0.898 8.723 
6.450 0.216 4.379 1.897 6.013 0.883 4.327 3.566 4.938 6.012 2.973 2.831 2.583 5.162 2.108 5.750 4.830 5.350 7.483 3.349 4.076 2.589 3.361 3.418 3.580 4.774 6.468 1.594 4.446 2.063 7.165 5.635 3.286 4.453 3.106 5.247 2.577 5.124 5.780 4.278 7.058 1.434 1.370 4.109 4.466 2.612 7.214 5.237 6.604 2.007 3.945 2.267 5.051 5.641 5.117 2.497 6.894 2.897 6.260 2.794 0.488 6.741 4.743 7.707 5.672 3.063 6.538 6.224 4.347 4.852 4.971 3.709 6.205 1.333 2.464 4.088 5.810 2.765 2.719 3.058 5.969 6.376 4.611 6.146 8.450 5.600 3.010 4.296 3.285 3.863 6.103 4.900 4.065 2.675 5.019 4.273 3.938 3.709 0.650 7.348 
4.780 2.635 2.640 4.627 4.384 3.426 7.014 5.872 3.928 4.908 3.189 5.464 4.945 6.198 4.925 3.389 2.020 5.060 6.173 1.140 6.685 3.341 5.466 3.909 6.298 3.765 6.565 4.375 1.725 4.850 6.542 4.678 5.875 3.736 2.068 5.866 5.130 4.094 7.327 6.503 5.974 1.856 1.564 6.915 1.663 4.929 7.193 2.528 6.920 0.963 3.278 2.640 6.274 3.324 7.372 5.314 7.013 1.754 4.558 2.539 2.675 8.643 2.262 6.580 5.493 1.358 6.699 4.693 2.415 4.902 5.542 1.091 4.249 3.091 1.552 1.826 6.486 3.190 0.974 5.317 5.601 4.734 7.175 7.038 7.057 7.103 2.799 7.055 5.659 6.585 6.371 2.089 1.434 5.172 3.127 2.036 6.203 1.286 3.157 6.205 
9.749 3.363 5.579 1.960 9.313 2.452 4.756 5.272 8.273 9.347 6.264 4.077 0.808 7.896 2.646 8.821 7.252 8.609 10.818 6.388 4.885 2.623 0.158 6.607 1.966 8.108 9.571 3.118 7.228 3.125 10.443 8.968 1.242 7.784 4.412 8.208 1.158 8.459 8.018 5.919 10.390 4.724 4.005 3.748 6.892 0.746 10.330 8.027 9.612 4.545 7.279 3.158 7.668 8.732 6.510 2.711 9.971 4.461 9.552 3.674 3.109 8.435 6.596 11.038 8.895 4.926 9.614 9.539 7.541 8.054 7.979 5.968 9.440 4.486 4.268 5.892 8.695 6.037 4.871 5.023 9.225 9.678 1.976 8.876 11.785 7.905 3.630 4.341 4.964 4.287 9.159 7.471 6.250 0.977 8.247 5.991 5.602 6.688 2.699 10.681 
2.354 4.113 4.957 6.058 1.932 5.044 7.463 5.879 1.556 2.431 2.270 5.983 6.741 4.907 6.048 1.819 2.995 2.955 3.678 1.364 7.012 5.680 7.436 2.802 7.707 1.422 4.525 5.351 1.969 5.778 4.146 2.255 7.476 1.617 4.567 4.291 6.770 1.691 6.328 6.318 3.481 2.760 3.537 7.761 2.884 6.756 5.035 2.239 4.987 3.216 1.411 4.998 5.130 1.674 7.118 6.397 4.947 4.253 2.142 5.005 4.335 7.867 4.087 4.081 3.397 3.841 4.687 2.217 0.359 3.073 3.987 3.151 2.011 3.565 4.018 3.991 4.860 2.468 3.474 5.372 3.379 2.295 8.799 5.511 4.579 6.091 5.274 7.687 5.784 7.152 4.464 2.666 3.316 6.865 0.829 4.170 6.110 1.381 4.775 3.707 
0.865 5.530 6.343 7.393 0.428 6.457 8.380 6.667 1.109 1.196 3.114 6.998 8.162 4.962 7.288 1.822 4.077 2.465 2.177 2.863 7.892 7.205 8.892 3.363 8.998 1.163 3.886 6.572 3.095 6.962 2.991 1.283 8.831 1.652 6.064 4.175 8.149 1.049 6.481 6.976 2.087 4.165 5.046 8.841 4.073 8.184 4.203 2.986 4.431 4.742 1.921 6.523 5.277 1.695 7.693 7.611 4.239 5.755 0.685 6.525 5.778 8.087 5.325 2.631 2.831 5.323 4.066 0.692 1.599 2.914 3.934 4.533 0.953 4.757 5.536 5.350 4.630 3.362 4.977 6.219 2.623 0.793 10.143 5.310 3.056 6.252 6.792 8.679 6.636 8.134 3.987 3.675 4.637 8.256 0.961 5.510 6.830 2.794 6.196 2.267 
7.966 2.666 2.587 3.356 7.555 2.480 6.590 6.271 6.876 7.930 5.389 5.317 2.842 7.948 4.065 6.578 4.540 7.697 9.290 4.325 6.489 0.400 2.884 5.988 4.571 6.705 9.014 3.977 4.781 4.324 9.395 7.633 3.907 6.536 1.511 7.937 3.282 7.058 8.611 6.993 9.013 3.498 2.265 5.948 4.210 2.767 9.729 5.525 9.231 2.417 6.020 0.668 7.864 6.525 7.789 4.382 9.457 1.666 7.747 0.769 2.344 9.516 3.681 9.644 8.081 2.183 9.110 7.847 5.603 7.329 7.640 3.280 7.466 4.101 1.681 3.003 8.529 5.246 2.319 5.808 8.299 7.914 4.955 8.920 10.207 8.433 0.646 6.369 5.967 6.085 8.703 4.838 3.491 3.209 6.326 3.069 6.647 4.506 2.431 9.269 
6.073 5.740 2.334 7.531 5.848 6.328 10.258 9.196 6.174 6.826 6.296 8.725 7.478 9.293 7.993 4.016 1.661 7.607 7.617 3.719 9.962 5.186 7.702 7.002 9.089 6.058 9.177 7.541 2.683 8.009 8.626 6.785 8.526 6.259 3.386 8.817 7.810 6.279 10.543 9.829 7.703 5.182 4.579 10.023 1.852 7.427 9.671 2.674 9.633 3.945 5.956 4.655 9.428 4.085 10.699 8.378 9.598 3.373 5.871 4.124 5.664 11.925 1.235 8.165 8.049 2.989 9.339 6.192 4.340 7.674 8.497 2.271 5.283 6.414 3.675 1.942 9.417 6.358 3.243 8.641 8.013 6.078 9.709 10.033 8.257 10.313 4.199 10.243 8.977 9.806 9.103 2.000 1.911 7.795 4.721 1.813 9.529 3.437 6.098 7.834 
10.276 3.887 5.979 2.393 9.839 2.973 4.952 5.617 8.794 9.866 6.772 4.416 1.297 8.324 3.020 9.342 7.736 9.109 11.339 6.910 5.129 3.043 0.553 7.100 2.037 8.630 10.045 3.550 7.737 3.509 10.945 9.486 1.380 8.301 4.851 8.664 1.548 8.979 8.383 6.240 10.907 5.250 4.526 3.874 7.379 1.250 10.803 8.533 10.071 5.057 7.798 3.619 8.083 9.254 6.786 3.032 10.439 4.920 10.079 4.106 3.635 8.722 7.040 11.554 9.388 5.396 10.083 10.065 8.067 8.545 8.443 6.451 9.966 4.986 4.747 6.342 9.140 6.543 5.361 5.404 9.723 10.205 1.706 9.298 12.306 8.279 4.039 4.498 5.315 4.505 9.626 7.965 6.725 1.375 8.773 6.432 5.933 7.207 3.223 11.198 
7.993 6.449 10.410 6.273 7.715 6.637 3.822 2.893 6.359 6.759 5.104 4.065 7.425 2.523 5.515 8.952 9.780 5.148 7.792 7.675 3.448 8.767 8.265 4.460 6.629 6.339 4.481 5.235 8.904 5.065 6.221 6.391 7.111 5.881 9.252 3.379 6.984 6.416 1.000 2.219 7.125 6.291 7.334 5.015 9.508 7.521 4.947 9.418 4.020 7.772 5.863 8.524 2.186 8.800 1.784 5.430 4.535 8.987 7.963 9.043 6.740 0.627 10.328 7.528 4.954 8.981 4.354 7.626 7.599 4.567 3.559 9.158 8.415 5.173 8.541 9.833 3.153 5.000 8.540 3.272 5.358 7.904 7.792 2.615 8.526 1.217 9.267 4.387 3.209 4.114 4.059 9.602 9.494 7.164 7.765 10.042 2.543 8.018 6.637 7.379 
7.997 3.415 7.572 2.542 7.593 3.210 1.237 1.023 6.211 7.098 4.094 0.372 3.654 4.079 1.761 8.040 7.808 5.792 8.517 5.956 0.881 5.333 4.475 3.931 2.914 6.096 6.176 1.712 7.210 1.377 7.528 6.667 3.327 5.625 6.280 4.681 3.196 6.360 3.783 1.583 7.926 4.001 4.545 1.757 7.463 3.754 6.901 7.931 6.024 5.149 5.283 5.271 3.747 7.902 2.197 1.634 6.484 6.089 7.868 5.867 3.596 4.096 7.904 8.518 5.900 6.259 6.155 7.676 6.522 5.104 4.570 6.814 8.058 2.807 5.662 7.270 4.992 3.852 5.896 1.104 6.319 7.908 4.155 4.960 9.451 3.712 6.037 1.476 0.785 0.931 5.702 7.788 7.174 3.375 7.016 7.460 1.288 6.347 3.311 8.229 
1.366 6.459 6.229 8.440 1.428 7.385 9.789 8.131 2.701 2.576 4.509 8.343 9.062 6.563 8.449 1.057 3.660 4.042 2.775 3.351 9.318 7.720 9.707 4.869 10.100 2.732 5.377 7.753 2.919 8.178 4.192 2.806 9.844 3.210 6.287 5.773 9.127 2.650 8.081 8.490 3.054 5.131 5.735 10.146 3.801 9.069 5.590 2.407 5.939 5.280 3.377 7.019 6.876 1.076 9.235 8.799 5.691 6.017 1.257 6.878 6.652 9.686 5.000 3.362 4.380 5.522 5.559 1.661 2.211 4.515 5.535 4.531 0.660 5.962 5.910 5.237 6.213 4.740 5.282 7.654 4.119 1.420 11.169 6.893 3.301 7.851 7.120 10.044 8.071 9.504 5.529 3.231 4.509 9.211 1.582 5.349 8.321 3.100 7.111 3.089 
4.129 4.818 7.796 5.908 3.841 5.510 5.531 3.726 2.497 2.932 2.030 4.524 7.000 1.372 5.444 5.166 6.461 1.355 4.149 4.411 5.006 7.200 7.876 1.364 7.140 2.494 1.764 4.785 5.477 4.981 2.956 2.540 7.261 2.069 6.926 0.707 6.764 2.544 2.889 3.779 3.503 3.883 5.142 6.332 6.264 7.064 2.523 5.837 1.886 5.297 2.194 6.694 1.690 5.016 4.339 5.631 2.174 6.608 4.091 7.017 5.159 4.497 7.314 4.036 1.343 6.405 1.817 3.764 3.955 0.700 0.390 6.189 4.543 3.405 6.209 6.991 1.317 2.120 5.947 3.471 1.775 4.039 8.411 1.926 5.014 2.661 7.289 5.968 3.830 5.447 1.376 6.193 6.468 6.924 3.981 7.198 3.748 4.673 5.348 3.793 
0.529 5.865 6.582 7.730 0.093 6.793 8.688 6.964 1.364 1.174 3.434 7.317 8.498 5.163 7.622 1.857 4.251 2.609 1.922 3.155 8.196 7.519 9.226 3.655 9.334 1.444 3.954 6.906 3.295 7.294 2.915 1.370 9.168 1.933 6.346 4.355 8.486 1.270 6.688 7.257 1.917 4.500 5.369 9.164 4.272 8.520 4.214 3.112 4.511 5.052 2.236 6.835 5.491 1.748 7.961 7.944 4.284 6.041 0.353 6.823 6.113 8.298 5.526 2.414 2.943 5.600 4.136 0.421 1.879 3.112 4.129 4.778 0.778 5.091 5.833 5.585 4.781 3.684 5.264 6.524 2.692 0.460 10.480 5.460 2.765 6.461 7.088 8.994 6.940 8.449 4.093 3.839 4.865 8.593 1.194 5.738 7.119 3.062 6.532 2.063 
1.964 5.081 6.833 6.734 1.646 5.964 7.264 5.495 0.400 0.974 2.214 5.983 7.643 3.565 6.497 3.101 4.923 1.107 2.451 3.196 6.757 7.108 8.444 2.212 8.240 0.520 2.638 5.778 3.895 6.113 2.289 0.560 8.175 0.631 6.288 2.774 7.546 0.359 5.087 5.728 1.976 3.779 4.893 7.848 4.824 7.681 3.100 4.030 3.144 4.767 1.148 6.475 3.889 2.958 6.399 6.780 3.040 5.964 1.903 6.609 5.379 6.696 6.025 2.624 1.521 5.613 2.810 1.607 2.232 1.514 2.534 5.049 2.348 4.014 5.657 5.892 3.241 2.465 5.200 5.097 1.442 1.873 9.448 3.920 3.420 4.860 6.887 7.614 5.505 7.070 2.658 4.573 5.240 7.676 1.974 6.079 5.616 3.300 5.729 2.269 
1.830 6.163 7.829 7.760 1.746 7.035 8.027 6.226 1.374 0.589 3.234 6.846 8.701 3.838 7.477 3.588 5.758 1.247 1.562 4.204 7.508 8.205 9.514 3.085 9.222 1.541 2.241 6.764 4.742 7.072 1.273 0.624 9.195 1.721 7.349 2.967 8.585 1.206 5.344 6.358 0.962 4.873 5.990 8.706 5.706 8.743 2.451 4.734 2.812 5.851 2.242 7.569 4.217 3.466 6.941 7.741 2.537 7.026 1.898 7.692 6.466 6.945 6.939 1.586 1.392 6.657 2.423 1.497 3.106 1.934 2.828 6.027 2.517 5.041 6.733 6.867 3.261 3.475 6.256 5.887 1.025 1.758 10.450 3.917 2.483 5.134 7.970 8.418 6.280 7.881 2.459 5.376 6.188 8.720 2.650 7.045 6.296 4.257 6.806 1.266 
8.200 4.493 8.652 3.782 7.826 4.402 1.293 0.851 6.405 7.164 4.466 1.580 4.882 3.538 2.999 8.541 8.639 5.701 8.497 6.668 0.823 6.543 5.686 4.107 3.974 6.317 5.763 2.905 7.944 2.610 7.292 6.739 4.475 5.828 7.385 4.292 4.412 6.529 2.841 0.639 7.866 4.840 5.571 2.415 8.311 4.983 6.434 8.613 5.506 6.135 5.580 6.440 3.150 8.395 0.961 2.847 6.003 7.172 8.100 7.021 4.713 2.888 8.872 8.412 5.715 7.293 5.707 7.855 7.038 5.005 4.266 7.743 8.380 3.604 6.734 8.271 4.461 4.256 6.902 1.395 6.150 8.108 5.144 4.273 9.385 2.830 7.206 1.840 1.035 1.478 5.280 8.570 8.102 4.590 7.438 8.468 0.645 7.054 4.477 8.161 
8.498 4.675 8.838 3.842 8.124 4.532 1.091 1.129 6.703 7.462 4.756 1.691 4.911 3.805 3.059 8.827 8.886 5.997 8.793 6.931 0.699 6.661 5.692 4.404 3.905 6.614 6.036 3.032 8.206 2.702 7.578 7.037 4.442 6.126 7.561 4.571 4.429 6.828 3.032 0.908 8.161 5.080 5.771 2.263 8.556 5.013 6.700 8.882 5.767 6.347 5.875 6.586 3.412 8.682 0.990 2.871 6.268 7.356 8.397 7.176 4.882 2.928 9.091 8.705 6.006 7.494 5.977 8.154 7.322 5.301 4.552 7.971 8.675 3.846 6.922 8.482 4.724 4.543 7.110 1.660 6.441 8.406 5.040 4.513 9.679 3.039 7.352 1.653 1.277 1.363 5.554 8.826 8.330 4.604 7.729 8.677 0.943 7.318 4.622 8.456 
5.669 1.583 2.790 3.501 5.250 2.288 6.102 5.164 4.535 5.588 3.214 4.580 3.781 6.052 3.865 4.487 3.097 5.420 6.957 2.087 5.823 2.364 4.319 3.884 5.156 4.364 6.813 3.381 2.890 3.850 7.074 5.293 4.715 4.211 1.704 5.883 3.970 4.717 6.988 5.843 6.671 1.396 0.429 5.885 2.729 3.765 7.501 3.693 7.087 0.224 3.701 1.690 6.052 4.407 6.708 4.254 7.262 1.402 5.455 1.825 1.554 8.161 2.965 7.303 5.823 1.370 6.925 5.530 3.330 5.118 5.568 1.925 5.229 2.455 0.977 2.333 6.497 3.123 0.961 4.621 6.010 5.612 6.011 6.972 7.883 6.779 2.104 6.084 4.915 5.646 6.546 3.224 2.279 4.009 4.056 2.528 5.520 2.350 2.027 6.928 
8.411 2.329 6.036 0.419 7.976 1.586 2.864 3.109 6.762 7.793 4.611 1.921 1.442 5.800 0.480 7.892 6.942 6.824 9.275 5.513 2.864 3.388 2.285 4.796 1.448 6.611 7.613 1.084 6.613 0.967 8.659 7.384 1.396 6.215 4.722 6.189 1.009 6.939 5.853 3.768 8.775 3.539 3.420 2.191 6.574 1.541 8.370 7.406 7.596 4.071 5.752 3.524 5.548 7.777 4.406 0.633 7.989 4.618 8.237 4.148 2.292 6.307 6.682 9.412 7.055 4.932 7.636 8.148 6.450 6.208 5.990 5.754 8.254 2.820 4.256 5.987 6.637 4.361 4.684 2.864 7.422 8.330 2.624 6.767 10.244 5.744 4.253 2.598 2.799 2.360 7.176 7.042 6.098 1.189 7.089 6.145 3.444 5.878 1.827 9.076 
2.072 4.349 5.270 6.265 1.643 5.280 7.548 5.925 1.273 2.115 2.295 6.090 6.982 4.781 6.223 1.810 3.257 2.713 3.365 1.682 7.086 5.978 7.692 2.762 7.902 1.152 4.279 5.519 2.229 5.935 3.840 1.950 7.692 1.411 4.884 4.128 6.994 1.396 6.231 6.333 3.163 2.987 3.819 7.891 3.164 6.999 4.766 2.420 4.756 3.518 1.300 5.298 5.025 1.659 7.117 6.565 4.694 4.570 1.866 5.315 4.583 7.789 4.381 3.764 3.151 4.159 4.445 1.916 0.566 2.886 3.832 3.462 1.801 3.716 4.330 4.300 4.681 2.512 3.790 5.432 3.108 2.009 9.012 5.341 4.273 5.994 5.585 7.793 5.846 7.253 4.241 2.910 3.620 7.094 0.682 4.477 6.139 1.691 5.014 3.390 
8.946 6.504 10.611 5.941 8.637 6.519 3.049 2.735 7.242 7.752 5.719 3.734 7.033 3.546 5.159 9.722 10.276 6.151 8.870 8.205 2.805 8.668 7.819 5.154 5.994 7.199 5.637 5.036 9.468 4.766 7.361 7.363 6.559 6.722 9.385 4.422 6.554 7.320 2.116 2.020 8.205 6.602 7.507 4.244 9.978 7.134 6.141 10.048 5.204 8.016 6.628 8.520 3.162 9.570 1.210 4.993 5.722 9.148 8.896 9.082 6.758 0.978 10.685 8.643 6.007 9.211 5.521 8.582 8.300 5.523 4.553 9.525 9.301 5.400 8.702 10.134 4.284 5.571 8.792 3.244 6.426 8.855 7.066 3.799 9.642 2.286 9.282 3.588 3.030 3.443 5.196 10.143 9.875 6.730 8.550 10.338 2.361 8.570 6.569 8.470 
6.755 3.961 7.969 3.969 6.390 4.179 2.622 0.848 4.966 5.701 3.134 1.940 5.146 2.247 3.272 7.212 7.582 4.237 7.031 5.527 2.096 6.291 6.022 2.691 4.710 4.886 4.398 2.852 6.798 2.787 5.859 5.276 5.038 4.396 6.782 2.904 4.758 5.084 2.123 0.931 6.402 3.907 4.874 3.534 7.280 5.236 5.103 7.412 4.206 5.348 4.183 6.035 1.908 7.064 1.719 3.296 4.680 6.526 6.662 6.555 4.252 2.988 7.988 6.954 4.264 6.552 4.362 6.406 5.736 3.541 2.841 6.826 6.968 2.728 6.080 7.449 3.166 2.952 6.122 0.888 4.698 6.663 5.971 3.124 7.923 1.996 6.778 3.091 1.056 2.600 3.917 7.462 7.174 4.938 6.077 7.656 0.827 5.900 4.161 6.698 
9.394 4.758 8.855 3.424 9.000 4.377 0.244 2.028 7.598 8.433 5.528 1.791 4.321 4.987 2.700 9.512 9.255 7.039 9.814 7.432 0.745 6.386 4.996 5.294 3.005 7.492 7.200 2.965 8.681 2.521 8.689 8.004 3.643 7.013 7.545 5.718 3.811 7.738 4.250 2.094 9.199 5.463 5.913 1.190 8.906 4.424 7.881 9.407 6.957 6.538 6.702 6.441 4.602 9.373 2.120 2.389 7.451 7.384 9.275 7.058 4.890 3.975 9.287 9.766 7.089 7.601 7.150 9.063 7.994 6.342 5.670 8.225 9.494 4.282 6.973 8.633 5.911 5.292 7.265 2.406 7.520 9.303 4.009 5.727 10.724 4.260 7.195 0.533 1.994 0.690 6.717 9.250 8.584 3.969 8.473 8.816 2.020 7.823 4.534 9.498 
8.581 5.031 9.191 4.252 8.219 4.922 1.415 1.360 6.795 7.509 4.919 2.085 5.324 3.696 3.469 9.002 9.162 6.005 8.805 7.177 1.094 7.056 6.104 4.516 4.298 6.715 5.936 3.423 8.453 3.105 7.525 7.088 4.847 6.225 7.922 4.500 4.842 6.911 2.780 0.901 8.163 5.370 6.111 2.613 8.837 5.426 6.576 9.112 5.634 6.674 6.004 6.968 3.293 8.855 0.624 3.284 6.143 7.711 8.491 7.553 5.249 2.538 9.409 8.689 5.984 7.833 5.866 8.232 7.508 5.315 4.511 8.278 8.795 4.134 7.273 8.810 4.600 4.718 7.442 1.913 6.420 8.490 5.413 4.335 9.672 2.815 7.734 1.979 1.570 1.747 5.457 9.087 8.636 5.016 7.884 9.007 1.077 7.561 5.004 8.453 
3.829 3.713 3.198 5.739 3.474 4.561 7.879 6.561 3.364 4.202 3.359 6.327 6.126 6.332 5.963 2.225 1.339 4.713 5.311 0.775 7.504 4.507 6.662 4.051 7.421 3.225 6.277 5.360 0.575 5.831 5.949 4.059 7.032 3.349 3.046 5.847 6.289 3.500 7.620 7.130 5.212 2.660 2.727 7.903 1.126 6.113 6.823 1.367 6.706 2.158 3.004 3.807 6.481 2.176 7.986 6.348 6.710 2.770 3.605 3.632 3.802 9.054 2.282 5.776 5.157 2.282 6.432 3.808 1.580 4.722 5.527 1.389 3.204 3.847 2.673 2.209 6.449 3.449 2.037 6.011 5.173 3.798 8.341 7.063 6.135 7.387 3.872 7.980 6.387 7.483 6.168 1.172 1.512 6.340 2.197 2.377 6.860 0.469 4.286 5.410 
2.703 3.818 5.628 5.583 2.275 4.724 6.562 4.896 1.105 2.184 1.276 5.148 6.422 3.769 5.438 2.880 4.001 2.061 3.644 2.036 6.086 5.784 7.196 1.692 7.159 0.936 3.599 4.720 3.002 5.102 3.596 1.839 7.027 0.738 4.998 3.183 6.366 1.291 5.187 5.278 3.254 2.484 3.569 6.983 3.830 6.453 4.196 3.367 4.006 3.450 0.298 5.149 3.989 2.730 6.052 5.755 4.041 4.672 2.544 5.292 4.102 6.732 4.952 3.900 2.499 4.348 3.746 2.429 1.500 2.017 2.872 3.892 2.691 2.908 4.350 4.728 3.770 1.515 3.920 4.419 2.595 2.620 8.326 4.406 4.609 4.951 5.571 6.838 4.836 6.295 3.465 3.717 4.127 6.484 1.726 4.926 5.095 2.237 4.478 3.533 
8.475 4.098 8.251 3.101 8.082 3.862 0.685 1.132 6.679 7.517 4.617 1.052 4.153 4.178 2.321 8.624 8.473 6.135 8.903 6.594 0.205 5.966 4.929 4.375 3.165 6.574 6.360 2.373 7.856 1.999 7.809 7.087 3.684 6.094 6.957 4.868 3.668 6.819 3.625 1.373 8.292 4.662 5.229 1.636 8.131 4.255 7.059 8.565 6.149 5.831 5.786 5.931 3.810 8.483 1.737 2.114 6.632 6.769 8.357 6.532 4.274 3.678 8.586 8.865 6.199 6.942 6.320 8.144 7.107 5.439 4.800 7.492 8.581 3.451 6.343 7.954 5.104 4.384 6.579 1.487 6.628 8.385 4.331 4.980 9.818 3.596 6.696 1.129 1.074 0.682 5.879 8.445 7.853 3.842 7.571 8.143 1.200 6.985 3.976 8.592 
7.535 1.142 4.446 1.193 7.098 0.261 4.297 4.007 6.055 7.130 4.086 3.005 1.499 6.075 1.787 6.707 5.459 6.457 8.598 4.272 4.176 1.966 2.242 4.496 2.788 5.889 7.526 1.672 5.245 2.010 8.278 6.756 2.344 5.574 3.131 6.248 1.601 6.241 6.507 4.726 8.179 2.507 1.969 3.772 5.090 1.515 8.279 6.049 7.630 2.595 5.065 1.962 5.917 6.607 5.498 2.139 7.945 3.026 7.340 2.583 0.916 7.277 5.108 8.828 6.769 3.355 7.587 7.320 5.365 5.940 5.989 4.230 7.251 2.371 2.673 4.407 6.787 3.871 3.137 3.583 7.076 7.463 3.656 7.067 9.565 6.351 2.715 4.120 3.696 3.796 7.144 5.601 4.562 1.659 6.059 4.561 4.380 4.603 0.478 8.468 
4.820 4.150 7.503 5.043 4.484 4.754 4.597 2.790 3.070 3.710 1.795 3.573 6.164 1.248 4.538 5.562 6.482 2.227 5.020 4.376 4.073 6.580 7.048 1.092 6.214 3.019 2.644 3.901 5.558 4.066 3.906 3.292 6.364 2.538 6.517 1.240 5.898 3.163 2.498 2.905 4.392 3.418 4.648 5.380 6.241 6.233 3.399 6.031 2.642 4.907 2.465 6.131 1.339 5.410 3.543 4.707 3.016 6.212 4.749 6.516 4.490 4.027 7.184 4.950 2.283 6.077 2.664 4.463 4.198 1.530 1.017 6.024 5.123 2.699 5.789 6.780 1.780 1.767 5.617 2.519 2.709 4.729 7.488 2.166 5.914 2.262 6.778 5.023 2.882 4.499 2.203 6.268 6.334 6.063 4.380 6.990 2.838 4.693 4.619 4.688 
9.016 2.627 5.449 1.084 8.578 1.696 4.081 4.435 7.489 8.555 5.438 3.252 0.123 7.015 1.803 8.206 6.836 7.764 10.033 5.769 4.148 2.543 0.977 5.753 1.631 7.327 8.700 2.239 6.704 2.270 9.602 8.168 0.980 6.984 4.193 7.329 0.391 7.673 7.162 5.099 9.586 3.990 3.429 3.190 6.470 0.226 9.458 7.508 8.734 4.023 6.486 2.915 6.790 8.108 5.729 1.924 9.097 4.179 8.825 3.504 2.418 7.637 6.325 10.233 8.041 4.594 8.740 8.791 6.867 7.197 7.103 5.571 8.749 3.644 3.910 5.615 7.815 5.205 4.463 4.161 8.378 8.942 2.204 7.996 11.002 7.044 3.528 3.724 4.123 3.591 8.284 7.014 5.881 0.270 7.558 5.739 4.774 6.093 1.964 9.880 
7.227 4.035 0.344 5.407 6.879 4.309 8.480 7.800 6.631 7.560 5.828 7.052 5.091 8.764 6.016 5.438 2.924 7.801 8.715 3.788 8.287 2.668 5.169 6.533 6.794 6.474 9.300 5.738 3.589 6.162 9.250 7.368 6.159 6.473 1.144 8.526 5.494 6.789 9.733 8.501 8.597 4.127 3.023 8.008 2.708 5.024 9.934 4.138 9.639 2.620 6.019 2.307 8.783 5.434 9.353 6.376 9.748 1.371 7.003 1.689 3.828 10.884 1.696 9.173 8.233 1.447 9.431 7.213 4.959 7.626 8.204 2.017 6.564 5.181 1.818 1.259 9.145 5.781 1.907 7.274 8.339 7.199 7.241 9.658 9.533 9.524 1.661 8.348 7.527 7.990 9.091 3.326 1.985 5.444 5.601 1.174 8.167 3.763 4.146 8.805 
6.090 3.519 7.405 3.874 5.716 3.875 3.144 1.345 4.296 5.075 2.422 2.136 5.043 2.074 3.262 6.501 6.903 3.674 6.444 4.834 2.624 5.920 5.931 2.000 4.853 4.208 4.037 2.717 6.102 2.772 5.376 4.647 5.084 3.719 6.257 2.551 4.707 4.421 2.436 1.632 5.830 3.292 4.336 3.913 6.608 5.124 4.775 6.706 3.931 4.767 3.485 5.601 1.835 6.353 2.431 3.368 4.367 5.987 5.990 6.088 3.833 3.557 7.355 6.404 3.753 5.976 4.028 5.747 5.024 2.978 2.418 6.188 6.278 2.175 5.542 6.839 2.932 2.240 5.536 1.054 4.177 5.999 6.129 3.043 7.356 2.256 6.324 3.555 1.412 3.029 3.570 6.772 6.532 4.882 5.370 7.047 1.467 5.203 3.814 6.130 
3.567 5.384 8.033 6.613 3.334 6.133 6.327 4.523 2.136 2.309 2.432 5.311 7.678 1.942 6.185 4.862 6.457 0.706 3.408 4.503 5.802 7.704 8.544 1.897 7.897 2.185 1.198 5.511 5.442 5.731 2.160 1.965 7.990 1.872 7.264 1.078 7.467 2.127 3.456 4.559 2.751 4.323 5.573 7.126 6.300 7.737 1.912 5.697 1.535 5.645 2.177 7.157 2.320 4.716 5.083 6.387 1.646 6.941 3.563 7.428 5.719 5.064 7.423 3.258 0.553 6.686 1.314 3.202 3.827 0.498 0.939 6.344 4.080 4.024 6.566 7.171 1.476 2.587 6.237 4.266 0.989 3.480 9.163 2.156 4.245 3.243 7.705 6.765 4.627 6.244 0.991 6.149 6.592 7.622 3.708 7.372 4.538 4.710 5.952 3.033 
3.456 5.760 8.302 7.011 3.268 6.520 6.693 4.892 2.197 2.176 2.786 5.701 8.073 2.186 6.584 4.900 6.633 0.701 3.140 4.732 6.167 8.062 8.937 2.282 8.295 2.275 0.903 5.910 5.610 6.130 1.785 1.886 8.389 2.035 7.572 1.311 7.865 2.154 3.665 4.900 2.475 4.671 5.914 7.510 6.495 8.131 1.562 5.814 1.348 5.961 2.405 7.504 2.582 4.758 5.392 6.786 1.349 7.247 3.477 7.759 6.094 5.259 7.644 2.942 0.313 6.976 1.052 3.098 3.969 0.847 1.251 6.587 4.032 4.412 6.881 7.420 1.568 2.954 6.530 4.649 0.697 3.374 9.562 2.233 3.937 3.463 8.037 7.139 5.005 6.621 0.855 6.308 6.823 8.020 3.778 7.619 4.894 4.916 6.335 2.744 
5.126 5.885 9.107 6.668 4.907 6.470 5.602 3.897 3.686 3.853 3.323 4.933 7.817 0.806 6.092 6.406 7.809 2.276 4.783 5.760 5.087 8.314 8.706 2.615 7.684 3.717 1.504 5.510 6.821 5.605 3.215 3.531 7.919 3.343 8.187 0.643 7.514 3.692 2.036 3.694 4.116 5.103 6.351 6.582 7.614 7.892 2.110 7.157 1.173 6.563 3.528 7.857 1.183 6.258 4.000 6.205 1.677 7.875 5.131 8.225 6.225 3.595 8.659 4.512 1.995 7.701 1.410 4.763 5.273 1.869 0.966 7.528 5.655 4.433 7.463 8.322 0.139 3.371 7.240 3.831 2.370 5.041 8.958 0.594 5.509 1.860 8.491 6.110 4.096 5.640 1.050 7.537 7.812 7.685 5.236 8.531 3.786 6.022 6.345 4.364 
5.336 2.116 2.521 4.056 4.928 2.843 6.601 5.583 4.345 5.366 3.289 5.066 4.318 6.231 4.407 4.023 2.543 5.358 6.685 1.695 6.303 2.723 4.825 3.992 5.711 4.177 6.811 3.903 2.361 4.375 6.933 5.104 5.265 4.084 1.656 5.986 4.520 4.520 7.257 6.245 6.444 1.647 0.980 6.421 2.175 4.299 7.472 3.161 7.125 0.336 3.594 2.025 6.265 3.954 7.114 4.797 7.261 1.330 5.116 1.997 2.107 8.494 2.492 7.064 5.777 1.095 6.934 5.225 2.972 5.123 5.665 1.399 4.842 2.824 1.017 1.910 6.605 3.240 0.634 5.033 5.926 5.285 6.556 7.118 7.589 7.041 2.269 6.602 5.348 6.153 6.578 2.670 1.758 4.555 3.695 2.116 5.930 1.901 2.581 6.688 
9.082 4.936 9.088 3.850 8.703 4.679 0.684 1.673 7.286 8.064 5.297 1.889 4.838 4.422 3.084 9.348 9.289 6.611 9.405 7.381 0.647 6.762 5.563 4.981 3.644 7.192 6.655 3.200 8.649 2.807 8.199 7.638 4.247 6.705 7.791 5.193 4.337 7.414 3.582 1.529 8.776 5.475 6.066 1.875 8.950 4.941 7.315 9.346 6.380 6.667 6.436 6.751 4.026 9.205 1.420 2.829 6.883 7.606 8.977 7.356 5.110 3.269 9.421 9.323 6.626 7.780 6.594 8.741 7.836 5.915 5.174 8.323 9.238 4.253 7.180 8.791 5.338 5.075 7.417 2.158 7.060 8.991 4.696 5.109 10.295 3.608 7.515 1.220 1.748 1.131 6.173 9.250 8.683 4.503 8.268 8.981 1.548 7.771 4.803 9.071 
7.372 3.298 1.226 4.513 6.992 3.456 7.641 7.069 6.554 7.547 5.460 6.252 4.159 8.290 5.149 5.747 3.432 7.594 8.801 3.772 7.475 1.737 4.245 6.136 5.867 6.388 9.033 4.921 3.886 5.326 9.158 7.309 5.228 6.317 0.581 8.135 4.568 6.724 9.153 7.782 8.613 3.639 2.425 7.120 3.144 4.091 9.703 4.548 9.326 2.195 5.830 1.405 8.271 5.719 8.620 5.500 9.482 0.907 7.148 0.781 3.051 10.223 2.399 9.217 8.011 1.304 9.151 7.311 5.027 7.340 7.820 2.279 6.775 4.566 1.278 1.776 8.749 5.375 1.672 6.560 8.163 7.332 6.311 9.219 9.667 8.954 0.728 7.483 6.785 7.145 8.782 3.785 2.392 4.514 5.718 1.795 7.442 3.843 3.318 8.843 
7.089 7.038 10.678 7.305 6.882 7.424 5.321 4.019 5.660 5.810 4.984 5.217 8.482 1.968 6.603 8.373 9.633 4.252 6.616 7.542 4.882 9.461 9.358 4.268 7.938 5.683 3.190 6.179 8.674 6.120 4.922 5.503 8.334 5.289 9.638 2.560 8.091 5.670 1.244 3.493 5.959 6.550 7.731 6.474 9.409 8.571 3.495 9.066 2.650 8.056 5.420 9.107 1.892 8.224 3.337 6.599 3.124 9.344 7.102 9.557 7.362 2.050 10.378 6.268 3.946 9.245 3.031 6.728 7.186 3.830 2.847 9.220 7.633 5.623 8.910 9.974 2.080 4.963 8.787 4.223 4.286 7.005 9.160 1.402 7.244 1.340 9.806 5.883 4.310 5.533 2.862 9.390 9.529 8.271 7.195 10.185 3.745 7.837 7.364 6.179 
9.201 3.302 6.996 1.377 8.771 2.577 2.273 3.093 7.500 8.499 5.322 1.929 1.991 6.061 1.077 8.801 7.930 7.407 9.972 6.452 2.443 4.258 2.634 5.403 0.843 7.357 8.036 1.782 7.578 1.412 9.221 8.079 1.313 6.936 5.686 6.565 1.478 7.671 5.859 3.639 9.439 4.451 4.409 1.324 7.562 2.092 8.783 8.367 7.952 5.060 6.500 4.464 5.758 8.681 4.114 0.746 8.382 5.595 9.038 5.086 3.282 6.055 7.671 10.066 7.594 5.919 8.038 8.921 7.334 6.757 6.404 6.746 9.096 3.596 5.241 6.974 6.947 5.068 5.676 3.022 7.985 9.118 2.111 6.983 10.935 5.787 5.171 1.866 2.822 1.815 7.578 8.023 7.090 1.623 7.949 7.130 3.361 6.823 2.819 9.743 
1.693 6.482 8.013 8.104 1.696 7.362 8.387 6.585 1.626 0.637 3.576 7.207 9.035 4.155 7.830 3.587 5.865 1.594 1.206 4.408 7.867 8.487 9.842 3.444 9.575 1.797 2.437 7.116 4.862 7.427 1.186 0.870 9.540 2.032 7.580 3.281 8.926 1.445 5.650 6.711 0.602 5.179 6.273 9.067 5.835 9.075 2.546 4.795 3.011 6.108 2.549 7.843 4.540 3.474 7.285 8.096 2.687 7.259 1.800 7.946 6.781 7.245 7.078 1.237 1.696 6.876 2.616 1.400 3.257 2.286 3.158 6.203 2.442 5.384 6.979 7.039 3.539 3.820 6.485 6.248 1.295 1.633 10.799 4.182 2.121 5.444 8.223 8.779 6.640 8.242 2.703 5.471 6.348 9.058 2.739 7.212 6.652 4.433 7.129 0.906 
8.677 4.830 8.994 3.941 8.304 4.665 1.043 1.314 6.883 7.637 4.941 1.824 4.991 3.943 3.159 9.012 9.064 6.164 8.962 7.114 0.733 6.785 5.758 4.586 3.929 6.795 6.178 3.166 8.387 2.820 7.733 7.212 4.487 6.307 7.713 4.720 4.503 7.007 3.113 1.058 8.328 5.256 5.933 2.238 8.733 5.093 6.835 9.065 5.898 6.513 6.058 6.724 3.546 8.867 0.997 2.954 6.402 7.511 8.578 7.318 5.031 2.912 9.260 8.868 6.167 7.655 6.115 8.332 7.507 5.470 4.709 8.142 8.858 4.023 7.078 8.647 4.858 4.728 7.275 1.843 6.603 8.586 5.038 4.628 9.845 3.133 7.491 1.607 1.457 1.376 5.696 9.006 8.502 4.676 7.913 8.842 1.122 7.501 4.762 8.622 
4.412 2.317 3.402 4.349 3.992 3.209 6.450 5.200 3.330 4.362 2.401 4.896 4.848 5.408 4.531 3.342 2.604 4.353 5.708 0.906 6.088 3.621 5.472 3.120 6.034 3.161 5.828 3.917 2.018 4.387 5.914 4.089 5.690 3.066 2.670 5.084 4.956 3.507 6.547 5.805 5.442 1.224 1.504 6.459 2.280 4.848 6.475 2.791 6.164 1.167 2.580 2.942 5.486 3.246 6.672 4.913 6.277 2.344 4.198 2.996 2.455 7.885 3.036 6.068 4.777 2.044 5.957 4.273 2.085 4.151 4.760 1.867 3.990 2.440 2.031 2.616 5.704 2.400 1.601 4.645 4.914 4.354 7.012 6.250 6.628 6.322 3.272 6.539 5.006 6.046 5.616 2.563 2.195 5.024 2.808 2.826 5.517 1.251 2.931 5.693 
7.842 4.354 8.495 3.816 7.471 4.338 1.624 0.594 6.049 6.798 4.137 1.592 4.948 3.183 3.043 8.218 8.388 5.331 8.127 6.392 1.122 6.487 5.776 3.756 4.158 5.963 5.401 2.860 7.669 2.617 6.922 6.373 4.617 5.474 7.245 3.926 4.495 6.171 2.571 0.315 7.496 4.608 5.400 2.693 8.066 5.046 6.078 8.324 5.154 5.945 5.236 6.345 2.799 8.072 0.978 2.936 5.648 7.020 7.744 6.914 4.593 2.804 8.665 8.041 5.344 7.118 5.348 7.496 6.721 4.635 3.896 7.526 8.033 3.374 6.578 8.079 4.108 3.933 6.717 1.147 5.779 7.750 5.360 3.942 9.014 2.538 7.109 2.152 0.858 1.740 4.918 8.306 7.883 4.675 7.106 8.279 0.292 6.775 4.391 7.790 
6.688 4.005 0.316 5.552 6.349 4.400 8.520 7.722 6.165 7.066 5.507 7.050 5.352 8.486 6.108 4.869 2.342 7.384 8.188 3.325 8.294 2.993 5.514 6.222 7.019 6.012 8.904 5.767 3.030 6.209 8.780 6.892 6.415 6.040 1.248 8.199 5.723 6.318 9.521 8.410 8.091 3.904 2.913 8.127 2.131 5.293 9.519 3.560 9.265 2.413 5.604 2.520 8.529 4.870 9.271 6.481 9.351 1.348 6.465 1.945 3.840 10.731 1.136 8.657 7.821 1.205 9.041 6.686 4.452 7.248 7.875 1.496 6.011 5.029 1.759 0.691 8.819 5.481 1.647 7.184 7.906 6.662 7.551 9.354 8.992 9.306 1.994 8.426 7.462 8.040 8.717 2.745 1.422 5.689 5.075 0.592 8.082 3.264 4.208 8.291 
2.556 5.195 7.335 6.692 2.293 6.033 6.901 5.104 1.098 1.360 2.198 5.714 7.671 2.915 6.376 3.815 5.555 0.402 2.687 3.719 6.383 7.362 8.503 1.964 8.119 1.174 1.966 5.667 4.529 5.960 2.001 0.961 8.117 0.990 6.695 2.093 7.528 1.071 4.442 5.264 2.093 3.973 5.163 7.573 5.432 7.718 2.500 4.713 2.449 5.120 1.446 6.760 3.261 3.671 5.883 6.629 2.388 6.369 2.532 6.953 5.513 6.054 6.605 2.703 0.838 6.056 2.131 2.190 2.877 0.879 1.878 5.582 3.027 3.987 6.031 6.423 2.534 2.424 5.625 4.755 0.887 2.467 9.356 3.215 3.616 4.219 7.232 7.287 5.151 6.749 1.951 5.221 5.798 7.668 2.679 6.616 5.186 3.870 5.818 2.397 
2.640 3.913 5.735 5.663 2.216 4.816 6.593 4.914 1.007 2.086 1.310 5.191 6.511 3.715 5.506 2.898 4.085 1.956 3.550 2.137 6.113 5.892 7.290 1.680 7.232 0.841 3.498 4.788 3.081 5.165 3.485 1.735 7.107 0.627 5.109 3.111 6.450 1.193 5.145 5.283 3.152 2.584 3.677 7.032 3.920 6.544 4.090 3.427 3.910 3.561 0.219 5.259 3.943 2.747 6.049 5.820 3.939 4.783 2.488 5.403 4.199 6.698 5.050 3.799 2.395 4.458 3.646 2.358 1.551 1.930 2.803 3.995 2.659 2.979 4.461 4.833 3.692 1.555 4.031 4.444 2.486 2.556 8.404 4.333 4.517 4.908 5.682 6.877 4.861 6.333 3.371 3.795 4.227 6.570 1.731 5.029 5.106 2.330 4.571 3.433 
10.148 3.984 7.222 1.955 9.714 3.122 3.134 4.190 8.487 9.509 6.324 3.043 1.871 7.178 2.043 9.600 8.482 8.475 10.988 7.197 3.412 4.315 2.136 6.457 0.298 8.339 9.144 2.759 8.245 2.465 10.298 9.095 0.808 7.935 5.955 7.678 1.482 8.663 6.942 4.701 10.473 5.256 4.984 1.973 8.113 1.947 9.893 9.046 9.067 5.618 7.480 4.681 6.874 9.489 5.101 1.804 9.494 5.923 9.975 5.277 3.879 7.035 8.060 11.106 8.676 6.314 9.150 9.883 8.175 7.835 7.512 7.243 9.990 4.549 5.626 7.350 8.064 6.072 6.141 4.139 9.061 10.067 0.995 8.097 11.956 6.878 5.303 2.625 3.928 2.750 8.688 8.623 7.568 1.514 8.822 7.484 4.441 7.552 3.394 10.776 
7.023 2.027 6.191 1.821 6.599 2.000 2.606 1.811 5.291 6.274 3.110 1.057 2.988 4.117 1.275 6.823 6.416 5.183 7.743 4.627 2.293 4.145 3.877 3.171 2.995 5.154 5.909 0.662 5.859 0.827 7.007 5.852 3.097 4.720 4.915 4.482 2.661 5.458 4.337 2.533 7.206 2.631 3.139 2.698 6.067 3.070 6.665 6.601 5.889 3.738 4.302 3.983 3.889 6.691 3.341 1.495 6.282 4.708 6.870 4.555 2.241 5.069 6.493 7.832 5.388 4.857 5.930 6.730 5.315 4.545 4.284 5.404 6.979 1.509 4.274 5.862 4.937 2.856 4.488 1.372 5.769 6.937 4.254 5.096 8.704 4.197 4.746 2.693 1.509 2.192 5.469 6.414 5.764 2.833 5.872 6.053 2.186 5.016 2.031 7.510 
0.861 5.735 6.805 7.531 0.562 6.652 8.310 6.560 0.950 0.674 3.118 6.979 8.355 4.644 7.372 2.333 4.587 2.069 1.788 3.264 7.810 7.530 9.112 3.254 9.101 1.074 3.415 6.652 3.594 7.021 2.468 0.825 8.975 1.537 6.468 3.825 8.311 0.812 6.171 6.820 1.602 4.378 5.342 8.837 4.570 8.383 3.699 3.509 3.970 5.086 1.925 6.859 4.980 2.211 7.502 7.679 3.753 6.154 0.801 6.896 6.002 7.782 5.820 2.182 2.399 5.739 3.597 0.516 2.038 2.595 3.608 4.993 1.323 4.847 5.912 5.819 4.241 3.371 5.375 6.141 2.152 0.769 10.274 4.919 2.721 5.946 7.167 8.637 6.554 8.092 3.549 4.189 5.114 8.427 1.460 5.984 6.698 3.235 6.399 1.810 
3.193 3.548 4.040 5.562 2.791 4.463 7.345 5.899 2.443 3.354 2.494 5.814 6.126 5.407 5.661 2.084 2.275 3.750 4.581 0.455 6.933 4.857 6.763 3.155 7.242 2.294 5.312 5.001 1.313 5.456 5.054 3.166 6.938 2.386 3.656 4.893 6.211 2.592 6.738 6.418 4.404 2.280 2.795 7.502 2.092 6.129 5.869 1.870 5.738 2.386 2.036 4.163 5.577 1.977 7.257 6.032 5.747 3.346 2.972 4.124 3.720 8.210 3.235 4.999 4.194 2.922 5.465 3.099 0.827 3.755 4.575 2.242 2.712 3.319 3.134 3.085 5.491 2.620 2.568 5.361 4.225 3.144 8.263 6.112 5.463 6.503 4.388 7.505 5.757 6.986 5.200 2.026 2.433 6.288 1.550 3.270 6.171 0.502 4.187 4.626 
5.102 3.360 1.954 5.268 4.745 4.052 7.836 6.754 4.528 5.429 4.052 6.295 5.425 7.071 5.648 3.415 1.360 5.777 6.578 1.696 7.526 3.485 5.835 4.773 6.902 4.376 7.315 5.147 1.557 5.619 7.142 5.253 6.416 4.423 1.844 6.703 5.676 4.679 8.223 7.393 6.460 2.744 2.212 7.665 0.996 5.394 7.910 2.262 7.699 1.559 4.006 2.811 7.159 3.388 8.263 6.037 7.758 1.610 4.877 2.508 3.334 9.546 1.361 7.034 6.217 1.093 7.458 5.076 2.821 5.684 6.378 0.190 4.466 3.973 1.649 1.010 7.320 4.069 1.026 6.199 6.284 5.070 7.680 7.889 7.407 7.999 2.718 7.846 6.532 7.393 7.153 1.588 0.536 5.694 3.466 1.208 7.090 1.627 3.798 6.666 
3.043 5.028 7.444 6.417 2.768 5.830 6.466 4.663 1.493 1.846 2.019 5.323 7.433 2.432 6.058 4.216 5.805 0.384 3.128 3.878 5.945 7.275 8.281 1.644 7.794 1.531 1.761 5.360 4.787 5.627 2.223 1.450 7.827 1.212 6.727 1.627 7.262 1.505 3.959 4.797 2.509 3.876 5.104 7.174 5.656 7.485 2.399 5.035 2.170 5.123 1.549 6.699 2.773 4.069 5.402 6.294 2.206 6.402 3.013 6.934 5.355 5.571 6.793 3.092 0.714 6.123 1.904 2.677 3.166 0.390 1.396 5.730 3.491 3.745 6.042 6.563 2.107 2.216 5.679 4.336 0.994 2.953 9.044 2.784 4.035 3.735 7.212 6.866 4.724 6.332 1.638 5.492 5.969 7.409 3.054 6.762 4.731 4.070 5.629 2.809 
9.793 3.720 7.147 1.693 9.360 2.900 2.756 3.755 8.114 9.126 5.943 2.606 1.874 6.742 1.659 9.305 8.283 8.067 10.604 6.920 3.006 4.292 2.310 6.055 0.207 7.968 8.716 2.379 8.000 2.057 9.886 8.710 0.911 7.556 5.860 7.247 1.411 8.288 6.510 4.273 10.081 4.951 4.766 1.636 7.914 1.964 9.464 8.798 8.634 5.409 7.109 4.599 6.437 9.190 4.693 1.390 9.063 5.804 9.624 5.209 3.645 6.631 7.924 10.711 8.262 6.171 8.720 9.521 7.861 7.422 7.084 7.063 9.657 4.185 5.484 7.218 7.629 5.690 5.970 3.702 8.649 9.711 1.431 7.660 11.570 6.444 5.258 2.271 3.491 2.349 8.259 8.405 7.396 1.493 8.496 7.360 4.009 7.282 3.164 10.384 
