10 20 40
97.379 81.538 49.693 52.432 56.370 44.493 120.258 121.282 21.183 141.679 
7.235 60.969 111.010 102.247 87.763 61.865 13.886 80.313 77.312 47.603 43.530 53.441 40.699 32.690 21.848 84.729 71.422 34.313 107.905 27.002 
16.502 28.723 19.627 32.181 12.038 6.473 19.744 14.498 19.411 33.470 12.977 14.663 13.211 33.362 8.322 34.519 12.865 14.236 15.719 27.950 33.452 7.983 28.427 23.270 6.609 25.856 13.495 15.945 12.827 20.919 15.394 30.876 26.241 8.910 18.541 13.564 10.839 34.128 15.297 25.461 
349.113 1080.724 1397.284 1325.108 1257.069 1111.728 512.234 1199.668 1235.817 948.645 863.872 931.248 909.714 775.337 646.308 1122.322 1110.631 797.363 1277.709 691.975 
1.484 1.326 3.300 1.451 2.147 3.405 3.969 6.757 5.299 5.228 3.528 5.382 3.523 1.816 4.697 3.701 2.622 5.677 5.353 3.145 
2.070 0.781 3.330 2.102 2.388 2.813 3.721 6.415 4.885 4.966 4.056 5.861 2.923 1.864 4.045 4.144 2.946 6.189 4.718 3.221 
3.983 3.989 6.878 4.590 2.590 2.557 0.156 3.015 1.923 1.416 4.617 5.538 4.925 2.209 4.599 7.469 2.949 6.047 4.199 6.783 
5.925 4.880 7.757 6.417 4.730 2.316 2.231 2.173 0.660 2.044 6.875 7.838 4.753 4.161 3.598 8.955 5.182 8.350 2.618 7.737 
2.504 4.500 4.316 2.005 3.941 6.745 6.627 9.480 8.275 7.807 2.978 4.543 6.603 4.297 8.010 2.355 3.830 4.509 8.719 4.054 
2.328 4.925 5.389 2.196 3.430 6.779 6.147 8.926 7.903 7.234 1.851 3.241 7.118 3.979 8.312 3.656 3.125 3.194 8.842 5.132 
2.264 4.938 5.545 2.217 3.269 6.700 5.973 8.732 7.742 7.040 1.590 2.980 7.137 3.850 8.282 3.889 2.930 2.951 8.773 5.290 
2.390 4.426 4.317 1.902 3.823 6.649 6.510 9.362 8.162 7.689 2.871 4.457 6.540 4.183 7.931 2.416 3.710 4.433 8.630 4.056 
0.269 2.576 4.236 0.828 1.396 4.184 3.930 6.793 5.545 5.145 2.261 4.127 4.750 1.576 5.764 3.882 1.624 4.412 6.246 4.036 
0.224 2.995 4.532 0.889 1.413 4.539 4.083 6.935 5.759 5.265 1.854 3.737 5.170 1.779 6.165 3.952 1.469 4.006 6.613 4.320 
4.625 5.803 6.204 8.441 3.052 2.818 4.368 3.612 7.001 3.615 5.191 3.100 6.367 6.438 2.240 3.704 2.832 5.391 3.410 1.306 7.383 7.117 3.634 7.761 3.529 5.456 2.139 2.530 4.005 1.425 7.078 0.474 3.339 2.311 3.900 4.338 3.410 0.878 3.180 6.116 
6.049 4.685 7.150 9.319 1.791 4.875 7.165 6.249 7.177 2.473 5.348 2.343 6.388 3.902 3.563 6.382 1.625 7.874 3.169 3.492 8.224 4.837 5.295 8.491 3.189 4.887 1.529 4.356 2.432 3.901 4.978 2.709 2.774 5.102 6.528 4.529 5.595 2.405 0.575 4.406 
8.609 7.553 9.912 12.127 1.338 7.050 8.241 7.846 10.094 5.406 8.247 5.262 9.313 5.813 6.034 7.899 1.577 9.675 1.494 5.509 11.031 7.012 7.717 11.328 6.097 7.820 2.234 6.648 0.514 5.730 7.329 3.911 5.691 6.034 8.133 7.404 7.695 4.503 2.448 7.078 
5.336 6.280 6.912 9.151 2.560 3.506 4.654 4.106 7.668 4.014 5.839 3.537 7.014 6.548 2.934 4.166 2.362 5.935 2.733 2.013 8.090 7.332 4.342 8.466 4.068 6.017 1.699 3.238 3.487 2.080 7.350 0.240 3.829 2.475 4.393 4.976 4.068 1.448 2.988 6.476 
3.219 4.644 4.714 6.958 4.089 1.730 4.521 3.282 5.493 2.761 3.708 2.210 4.881 6.057 0.722 3.460 3.851 4.759 4.771 0.596 5.889 6.484 2.295 6.257 2.321 4.127 3.194 1.242 5.030 1.095 6.326 1.973 2.276 2.988 3.539 2.877 2.449 0.925 3.676 5.201 
5.314 2.103 5.771 7.671 4.457 5.074 8.268 6.950 5.159 1.017 3.593 1.548 4.343 2.454 3.634 7.151 4.301 8.138 5.846 4.329 6.632 2.737 4.973 6.783 1.911 2.629 4.131 4.497 4.958 4.834 2.630 4.621 1.643 6.606 7.181 3.045 5.762 3.638 3.045 1.761 
2.760 2.223 3.186 5.237 5.754 3.167 6.691 5.157 3.080 1.887 1.220 1.799 2.335 4.997 2.138 5.393 5.534 5.930 6.857 3.254 4.155 4.885 2.679 4.383 0.950 1.443 5.055 2.693 6.540 3.669 4.516 4.521 1.375 5.613 5.325 0.429 3.702 3.294 4.688 3.213 
4.134 2.388 3.081 3.948 8.406 5.539 8.999 7.393 1.270 4.194 1.906 4.393 0.936 5.952 4.899 7.639 8.203 7.581 9.616 6.036 3.203 5.205 4.706 3.102 3.628 1.782 7.800 5.221 9.093 6.397 4.628 7.384 3.982 8.298 7.485 2.675 5.839 6.158 7.165 3.563 
4.143 0.818 3.799 5.298 6.824 4.954 8.489 6.935 2.626 2.591 1.682 2.883 1.850 4.400 3.938 7.174 6.631 7.538 8.094 5.031 4.363 3.848 4.348 4.406 2.249 0.384 6.285 4.503 7.464 5.466 3.336 6.114 2.516 7.412 7.086 1.894 5.437 4.902 5.529 2.092 
2.792 2.159 2.455 4.218 6.996 3.904 7.413 5.820 1.841 2.955 0.296 2.994 1.075 5.571 3.209 6.064 6.778 6.237 8.116 4.345 3.189 5.172 3.150 3.332 2.157 1.091 6.312 3.549 7.760 4.705 4.693 5.740 2.564 6.613 5.938 0.995 4.277 4.519 5.877 3.407 
3.911 6.811 5.676 7.768 5.052 1.937 2.365 1.618 6.999 4.994 5.449 4.442 6.551 8.206 2.610 1.667 4.846 3.477 5.103 1.644 6.820 8.705 2.929 7.256 4.513 6.169 4.164 2.136 5.986 1.142 8.561 2.359 4.508 0.980 1.903 4.750 2.104 2.496 5.234 7.434 
3.780 7.822 5.448 7.218 6.962 2.444 1.233 0.455 7.149 6.385 5.973 5.853 6.903 9.764 3.779 0.260 6.755 1.729 6.959 3.212 6.446 10.106 3.104 6.909 5.691 6.994 6.071 2.970 7.895 2.752 9.879 4.268 5.806 2.296 0.330 5.486 1.971 4.247 7.086 8.656 
7.495 4.533 8.216 10.197 3.265 6.725 9.323 8.305 7.713 3.151 6.102 3.415 6.897 2.087 5.291 8.459 3.243 9.814 4.674 5.513 9.142 3.294 6.931 9.315 4.148 5.180 3.515 6.161 3.272 5.968 3.657 4.909 3.753 7.296 8.575 5.459 7.455 4.483 2.006 3.686 
3.532 4.053 4.833 7.069 3.766 2.370 5.274 4.034 5.334 2.032 3.481 1.480 4.651 5.300 0.997 4.216 3.529 5.456 4.652 1.326 5.978 5.740 2.731 6.309 1.746 3.663 2.931 1.818 4.668 1.831 5.599 2.163 1.611 3.652 4.287 2.610 3.100 0.935 3.124 4.509 
7.379 3.389 7.706 9.445 4.959 7.100 10.142 8.914 6.796 3.060 5.479 3.542 6.010 0.413 5.641 9.102 4.893 10.187 6.399 6.193 8.461 1.469 7.047 8.550 3.987 4.291 5.018 6.519 5.078 6.691 1.863 6.073 3.706 8.308 9.159 5.054 7.802 5.331 3.557 2.247 
8.407 8.781 9.988 12.229 2.604 6.523 6.591 6.658 10.649 6.459 8.790 6.114 9.950 7.894 5.996 6.635 2.678 8.523 1.186 5.082 11.165 8.977 7.405 11.535 6.822 8.750 2.762 6.306 2.774 5.074 9.180 3.318 6.494 4.539 6.923 7.915 7.009 4.434 4.028 8.635 
2.987 5.114 4.614 6.835 4.509 1.227 3.919 2.653 5.610 3.352 3.914 2.805 5.065 6.681 0.931 2.833 4.275 4.160 5.041 0.340 5.794 7.082 1.989 6.190 2.815 4.505 3.594 0.886 5.463 0.601 6.905 2.118 2.828 2.545 2.911 3.143 1.906 1.366 4.229 5.750 
4.306 8.330 5.958 7.684 7.166 2.953 0.732 0.964 7.676 6.839 6.503 6.300 7.435 10.190 4.247 0.726 6.968 1.929 7.058 3.599 6.938 10.567 3.635 7.401 6.174 7.514 6.295 3.463 8.083 3.118 10.353 4.489 6.272 2.314 0.855 6.007 2.502 4.593 7.384 9.142 
6.967 2.442 7.002 8.542 5.986 7.056 10.341 8.981 5.838 3.070 4.784 3.619 5.098 1.334 5.656 9.191 5.885 10.052 7.431 6.414 7.622 0.681 6.817 7.654 3.783 3.472 5.888 6.490 6.233 6.919 0.621 6.649 3.629 8.695 9.201 4.553 7.711 5.720 4.536 1.169 
8.448 7.536 9.780 12.002 1.195 6.859 7.991 7.616 10.008 5.354 8.154 5.185 9.234 5.920 5.875 7.665 1.430 9.451 1.237 5.316 10.906 7.101 7.545 11.211 6.012 7.768 2.056 6.469 0.561 5.523 7.401 3.691 5.612 5.786 7.903 7.305 7.495 4.327 2.426 7.104 
