10 40 40
93.623 33.215 93.415 30.135 131.647 97.270 36.768 91.516 139.602 72.905 
59.229 50.190 44.267 9.599 52.793 56.032 44.920 11.939 24.735 21.460 12.183 7.756 10.296 4.577 32.555 9.933 18.205 26.820 12.101 60.354 26.808 29.098 8.874 45.638 38.795 3.853 51.398 16.502 53.214 48.312 38.605 56.802 51.191 54.180 5.222 16.561 20.522 12.624 60.155 9.665 
24.085 20.596 11.872 32.525 20.149 31.282 17.858 34.266 7.022 12.951 7.909 34.032 14.043 34.318 7.261 31.054 19.123 16.933 28.749 26.655 24.683 19.014 15.985 10.137 24.612 21.402 16.179 30.943 11.952 21.451 18.018 17.290 28.938 18.859 18.938 15.619 5.229 23.736 18.151 18.156 
1379.953 1186.796 1194.809 554.820 1284.550 1328.750 1225.976 573.384 862.580 806.596 667.582 540.584 603.653 383.923 1044.478 534.183 813.794 1001.741 638.650 1385.826 954.574 991.692 604.191 1181.261 1082.529 353.422 1308.309 742.457 1287.136 1177.551 1110.702 1319.969 1260.442 1300.436 390.265 745.777 801.717 660.819 1404.758 522.639 
0.185 3.302 1.447 4.324 2.034 5.817 6.965 3.517 1.371 4.954 2.638 1.709 3.861 5.972 6.103 1.247 5.871 6.984 5.519 5.819 4.617 8.338 6.993 6.828 2.181 8.768 5.148 8.383 4.744 7.831 6.232 3.200 0.591 0.420 5.982 7.384 6.282 3.909 7.649 6.782 
2.063 3.246 1.276 5.909 0.456 6.742 8.311 1.725 3.200 5.733 4.497 3.319 2.305 4.259 4.626 0.742 7.494 7.640 6.974 4.432 5.320 9.769 5.280 6.179 2.010 9.073 4.744 9.039 3.736 8.592 4.484 4.695 1.700 1.470 6.791 8.362 4.917 4.197 8.624 7.849 
5.004 3.174 6.412 2.726 5.693 0.762 2.910 6.508 5.348 0.377 4.376 6.060 6.032 7.734 6.961 5.878 3.497 1.964 2.415 6.512 0.793 4.411 8.481 4.972 4.063 4.082 3.644 3.315 5.031 2.729 8.077 2.562 4.711 5.198 0.885 2.382 6.718 2.176 2.642 1.936 
5.334 3.968 6.839 2.258 6.305 0.712 2.021 7.234 5.478 1.283 4.267 6.185 6.817 8.587 7.848 6.362 2.696 2.186 1.606 7.399 1.666 3.537 9.356 5.858 4.725 4.429 4.552 3.322 5.910 2.641 8.930 2.520 5.140 5.613 1.154 1.947 7.615 3.019 2.209 1.324 
5.192 1.902 5.784 5.815 4.269 4.299 6.641 4.171 6.213 3.370 6.256 6.784 3.354 4.362 3.362 5.098 7.046 4.252 6.033 2.917 3.018 8.115 4.929 1.713 3.008 4.808 0.105 5.403 1.645 5.255 4.693 4.909 4.569 4.948 4.026 5.606 3.034 1.958 5.805 5.454 
2.942 2.161 4.392 2.263 3.908 2.770 4.208 4.991 3.348 1.956 2.717 4.053 4.739 6.736 6.263 3.905 3.748 3.988 2.982 5.843 1.697 5.696 7.628 5.347 2.438 5.943 3.640 5.368 4.360 4.793 7.068 1.203 2.689 3.169 2.947 4.349 6.175 1.772 4.614 3.775 
2.567 1.148 3.736 3.383 2.922 3.538 5.275 3.882 3.368 2.534 3.307 4.010 3.595 5.596 5.170 3.148 4.891 4.494 4.116 4.762 2.133 6.782 6.501 4.669 1.337 6.169 2.914 5.901 3.310 5.414 5.927 2.228 2.095 2.578 3.592 5.159 5.120 1.324 5.420 4.663 
7.361 4.922 7.117 9.316 5.450 8.030 10.375 4.285 8.576 7.098 9.198 8.939 3.538 2.237 1.236 6.530 10.672 7.822 9.703 1.429 6.729 11.847 1.927 3.146 5.289 7.717 3.837 8.773 2.735 8.773 2.351 8.251 6.721 6.879 7.740 9.268 0.967 5.510 9.448 9.169 
3.282 4.112 4.891 0.945 5.084 3.583 3.771 6.421 2.894 3.308 1.379 3.538 6.376 8.479 8.147 4.653 2.418 5.058 2.253 7.746 3.283 4.994 9.425 7.343 4.017 7.252 5.651 6.263 6.297 5.581 8.797 0.814 3.440 3.781 3.952 4.782 8.108 3.775 5.026 4.086 
0.260 3.578 1.553 4.245 2.348 5.905 6.943 3.829 1.048 5.082 2.423 1.379 4.192 6.298 6.439 1.488 5.766 7.117 5.475 6.155 4.764 8.286 7.319 7.130 2.493 8.951 5.437 8.508 5.073 7.939 6.555 3.171 0.903 0.736 6.093 7.450 6.618 4.133 7.714 6.831 
7.714 3.715 2.422 4.404 6.363 2.597 2.225 9.237 0.947 5.971 8.619 8.629 5.907 2.599 3.973 6.000 5.084 3.115 10.636 2.920 2.174 5.379 1.073 7.637 6.274 8.373 0.676 6.341 4.009 5.666 5.187 7.229 0.967 1.611 6.866 5.356 7.773 7.615 4.006 1.900 
4.676 4.693 4.995 1.268 3.045 2.776 1.486 6.463 3.124 2.653 5.840 5.701 2.673 5.304 3.686 2.695 1.836 2.848 7.479 2.760 3.671 2.092 3.858 4.479 4.729 7.446 2.875 3.356 4.109 3.628 4.508 5.108 3.425 4.913 4.517 4.304 5.907 5.859 0.846 2.686 
7.877 5.306 3.699 4.901 7.012 2.093 2.670 10.442 2.560 6.655 9.817 9.751 6.784 3.764 5.561 6.595 5.948 2.573 11.592 4.471 3.776 5.956 2.527 7.928 5.650 9.967 1.445 6.535 5.619 5.357 6.769 8.629 2.556 2.110 6.604 4.611 9.238 9.099 4.926 1.614 
8.740 0.931 3.136 5.582 6.454 6.055 4.811 6.911 3.210 6.082 6.400 6.697 5.458 3.432 0.841 6.345 4.994 6.438 9.038 1.708 2.043 5.974 3.419 8.372 9.061 4.318 4.493 7.569 0.324 8.030 1.430 4.330 3.241 4.680 8.930 8.454 4.464 4.222 4.314 5.483 
6.191 5.608 4.621 3.366 5.496 0.427 1.394 9.313 2.882 5.167 8.690 8.542 5.426 4.794 5.370 5.059 4.611 0.951 10.213 4.217 4.098 4.427 3.263 6.263 4.129 9.678 1.551 4.860 5.582 3.695 6.497 7.818 3.050 3.485 4.939 3.169 8.540 8.447 3.697 0.332 
6.909 3.848 5.741 4.545 4.406 6.513 5.099 3.977 4.897 4.134 3.450 3.750 3.305 6.078 2.303 4.487 3.267 6.695 6.100 2.885 4.257 4.388 5.452 6.409 8.434 3.655 5.703 6.041 2.732 7.222 1.748 1.544 5.091 6.831 7.769 8.166 2.099 1.992 3.267 6.193 
9.282 3.667 5.946 6.793 6.776 8.267 6.882 5.225 5.881 6.509 4.899 5.396 5.675 6.225 2.842 6.861 5.619 8.546 7.682 3.956 4.828 6.740 6.202 8.775 10.643 1.570 7.025 8.402 2.866 9.465 1.638 2.689 5.969 7.500 10.093 10.264 2.256 1.971 5.463 7.811 
5.389 6.969 6.102 3.323 5.313 1.097 2.290 9.605 4.322 5.063 8.999 8.752 5.542 6.276 6.537 4.855 4.815 0.636 10.140 5.405 5.499 4.284 4.742 5.595 2.714 10.691 3.027 4.184 6.817 2.547 7.586 8.477 4.511 4.914 3.775 1.701 9.279 9.225 4.143 1.788 
8.852 3.167 1.310 5.483 7.332 3.805 3.402 9.745 1.240 6.931 9.144 9.230 6.754 1.414 3.912 7.003 5.963 4.328 11.354 3.090 1.827 6.403 0.533 8.737 7.496 8.156 1.903 7.482 3.784 6.890 5.094 7.518 0.958 0.867 8.084 6.563 7.937 7.744 4.892 3.111 
6.130 3.712 5.270 3.520 3.684 5.467 4.057 4.455 4.132 3.358 3.861 4.005 2.613 5.616 2.134 3.681 2.371 5.633 6.264 2.260 3.721 3.481 4.760 5.678 7.398 4.675 4.782 5.149 2.651 6.198 2.181 2.414 4.362 6.124 6.808 7.103 3.116 3.039 2.214 5.177 
9.115 1.516 0.875 5.706 7.215 4.919 4.070 8.811 1.694 6.810 8.244 8.430 6.430 1.209 2.603 6.969 5.740 5.405 10.685 2.204 0.793 6.442 1.428 8.887 8.441 6.581 3.026 7.792 2.327 7.639 3.673 6.379 1.518 2.452 8.739 7.623 6.659 6.437 4.761 4.240 
9.339 3.754 1.634 6.018 7.931 4.020 3.848 10.453 1.913 7.533 9.850 9.928 7.398 1.582 4.604 7.585 6.595 4.546 12.036 3.802 2.509 6.973 1.242 9.259 7.724 8.796 2.249 7.966 4.451 7.218 5.774 8.229 1.649 0.225 8.438 6.742 8.642 8.446 5.518 3.350 
4.508 6.946 6.373 2.552 4.457 1.506 2.151 8.850 4.483 4.228 8.253 7.974 4.765 6.585 6.315 4.000 4.084 1.006 9.284 5.227 5.561 3.452 5.010 4.699 2.285 10.295 3.327 3.285 6.651 1.778 7.279 7.886 4.714 5.402 3.026 1.524 8.722 8.691 3.542 2.150 
3.983 9.055 8.514 3.878 5.101 3.546 4.277 9.773 6.633 5.035 9.229 8.832 5.795 8.717 8.307 4.698 5.336 3.019 9.658 7.268 7.701 4.370 7.148 4.429 0.200 12.043 5.450 3.302 8.683 1.289 9.178 9.321 6.862 7.441 1.836 0.889 10.212 10.227 5.156 4.234 
2.734 8.731 8.516 3.077 3.938 3.825 4.134 8.614 6.572 3.923 8.089 7.663 4.733 8.758 7.792 3.566 4.386 3.326 8.402 6.844 7.505 3.332 7.176 3.162 1.148 11.244 5.560 2.068 8.216 0.563 8.542 8.359 6.833 7.695 0.731 1.852 9.268 9.308 4.417 4.445 
7.219 5.118 3.782 4.214 6.326 1.502 1.989 9.817 2.315 5.970 9.192 9.108 6.113 3.907 5.186 5.909 5.277 2.015 10.922 4.059 3.572 5.270 2.483 7.256 5.168 9.585 0.995 5.870 5.300 4.775 6.377 8.080 2.392 2.447 6.019 4.168 8.723 8.597 4.267 0.944 
9.912 2.073 4.306 6.941 7.503 7.639 6.375 6.967 4.757 7.164 6.555 6.972 6.436 4.538 2.176 7.469 6.124 8.014 9.319 3.252 3.537 7.186 4.877 9.486 10.558 3.128 6.068 8.832 1.831 9.485 1.660 4.326 4.757 6.036 10.315 9.995 4.124 3.844 5.620 7.071 
6.400 5.337 7.179 4.770 3.934 7.277 5.904 2.500 6.164 3.783 1.961 2.287 2.919 7.520 3.782 4.160 3.261 7.363 4.642 4.234 5.663 4.278 6.777 5.831 8.583 4.085 6.790 5.797 4.220 7.334 3.173 0.782 6.388 8.148 7.649 8.502 1.703 1.815 3.721 7.075 
8.867 2.174 4.438 5.994 6.436 7.015 5.679 6.010 4.418 6.106 5.562 5.948 5.361 4.725 1.451 6.419 5.084 7.344 8.302 2.603 3.322 6.165 4.700 8.427 9.710 3.028 5.624 7.824 1.364 8.595 0.573 3.365 4.486 5.985 9.366 9.217 3.315 3.052 4.656 6.504 
2.575 8.330 8.184 2.630 3.537 3.618 3.797 8.215 6.234 3.502 7.682 7.268 4.300 8.436 7.364 3.151 3.938 3.141 8.084 6.430 7.132 2.892 6.857 2.933 1.501 10.793 5.274 1.722 7.794 0.425 8.100 7.914 6.502 7.436 0.929 1.995 8.822 8.860 3.972 4.204 
5.840 3.737 5.120 3.108 3.446 5.035 3.628 4.717 3.852 3.095 4.108 4.194 2.417 5.467 2.208 3.396 2.055 5.194 6.391 2.102 3.562 3.142 4.510 5.415 6.974 5.101 4.416 4.807 2.734 5.783 2.471 2.818 4.097 5.857 6.424 6.664 3.548 3.478 1.787 4.761 
10.676 4.761 7.031 8.302 8.166 9.759 8.385 5.916 7.234 7.924 5.728 6.296 7.072 7.272 4.252 8.285 7.084 10.052 8.437 5.395 6.102 8.205 7.477 10.146 12.162 0.574 8.441 9.857 4.171 10.977 3.095 3.716 7.290 8.711 11.580 11.787 2.978 2.740 6.978 9.283 
3.888 10.005 9.527 4.589 5.475 4.570 5.254 10.136 7.635 5.481 9.625 9.181 6.299 9.735 9.188 5.119 5.947 4.043 9.767 8.181 8.681 4.900 8.163 4.426 0.871 12.778 6.469 3.561 9.584 1.912 10.005 9.926 7.869 8.465 1.741 1.876 10.833 10.870 5.914 5.257 
1.564 7.883 8.575 2.476 0.953 5.426 4.738 5.325 6.735 1.268 4.853 4.365 2.054 8.894 6.501 1.001 2.345 5.146 5.048 5.962 7.161 1.523 7.469 1.057 4.528 8.854 6.343 1.322 7.016 3.393 6.803 5.627 7.036 8.482 3.127 4.949 6.544 6.656 3.195 5.726 
5.481 4.590 4.299 2.178 4.217 1.691 0.276 7.699 2.343 3.844 7.075 6.960 3.941 4.566 3.995 3.825 3.105 1.936 8.749 2.879 3.262 3.190 3.007 5.398 4.575 8.156 1.691 4.109 4.302 3.707 5.033 6.164 2.623 3.848 4.819 3.886 6.899 6.814 2.104 1.444 
5.932 7.562 9.303 5.594 3.928 8.558 7.311 0.752 8.088 4.010 0.434 0.218 3.375 9.648 5.989 4.331 4.108 8.518 2.416 6.297 7.758 4.742 8.756 5.308 8.964 5.687 8.484 5.823 6.447 7.741 5.415 2.610 8.340 10.096 7.690 9.151 3.176 3.429 4.982 8.512 
3.012 6.206 6.821 0.941 1.214 4.076 3.137 5.449 4.990 0.868 4.867 4.556 1.367 7.140 4.910 0.823 0.933 3.920 5.948 4.262 5.415 0.245 5.727 2.699 4.439 7.839 4.689 1.887 5.408 3.188 5.387 4.894 5.291 6.780 3.578 4.460 5.802 5.844 1.466 4.236 
7.163 6.469 8.446 6.022 4.847 8.657 7.296 1.517 7.539 4.790 1.283 1.880 3.976 8.782 4.986 5.158 4.482 8.722 4.006 5.570 6.965 5.396 8.131 6.556 9.734 3.977 8.196 6.776 5.369 8.483 4.163 1.215 7.753 9.508 8.660 9.740 1.496 1.767 5.070 8.474 
2.928 6.880 6.924 1.139 2.628 2.944 2.609 7.167 4.972 2.443 6.593 6.257 3.101 7.200 5.864 2.175 2.576 2.616 7.442 4.957 5.757 1.695 5.647 2.979 2.766 9.329 4.211 1.576 6.302 1.541 6.594 6.557 5.257 6.411 2.319 2.725 7.448 7.465 2.472 3.352 
7.272 5.771 7.780 5.788 4.857 8.259 6.873 2.204 6.948 4.741 1.870 2.406 3.888 8.113 4.309 5.117 4.275 8.361 4.648 4.950 6.318 5.273 7.516 6.683 9.591 3.466 7.674 6.754 4.676 8.341 3.453 0.527 7.151 8.896 8.620 9.520 0.929 1.160 4.728 8.030 
4.181 9.372 8.788 4.220 5.407 3.798 4.586 10.082 6.922 5.351 9.543 9.139 6.120 8.985 8.641 5.010 5.672 3.274 9.920 7.596 8.005 4.696 7.422 4.653 0.373 12.386 5.716 3.579 9.013 1.610 9.517 9.658 7.145 7.673 2.002 1.062 10.551 10.567 5.499 4.491 
7.840 1.376 2.674 4.551 5.707 4.822 3.587 6.999 2.108 5.314 6.431 6.621 4.814 3.016 0.947 5.529 4.215 5.205 8.890 0.579 1.187 5.082 2.486 7.529 7.880 5.329 3.310 6.601 1.004 6.887 2.157 4.607 2.208 3.845 7.842 7.241 4.968 4.769 3.375 4.257 
7.060 3.936 2.964 3.765 5.754 2.077 1.569 8.817 1.165 5.368 8.195 8.168 5.350 3.176 3.929 5.381 4.518 2.576 10.116 2.806 2.402 4.755 1.599 6.989 5.694 8.329 0.266 5.687 4.050 5.039 5.122 6.931 1.337 2.256 6.229 4.813 7.534 7.396 3.449 1.393 
7.340 4.244 3.012 4.115 6.150 2.022 1.861 9.301 1.441 5.770 8.679 8.646 5.791 3.178 4.359 5.764 4.956 2.546 10.572 3.253 2.698 5.131 1.667 7.302 5.717 8.765 0.264 5.968 4.448 5.160 5.561 7.420 1.527 1.994 6.378 4.781 8.017 7.875 3.895 1.328 
6.551 4.248 6.070 4.348 4.041 6.509 5.103 3.610 5.112 3.790 3.060 3.329 2.943 6.410 2.680 4.151 2.989 6.656 5.671 3.144 4.559 4.100 5.701 6.035 8.238 3.923 5.829 5.735 3.133 7.011 2.197 1.358 5.323 7.077 7.499 8.024 2.079 2.033 3.124 6.233 
7.923 4.896 7.018 5.993 5.433 8.129 6.717 3.295 6.415 5.246 2.965 3.478 4.377 7.339 3.553 5.621 4.576 8.298 5.746 4.376 5.635 5.659 6.914 7.363 9.875 2.538 7.299 7.245 3.844 8.639 2.538 0.815 6.585 8.288 9.061 9.684 0.516 0.373 4.787 7.814 
2.196 8.692 8.620 2.884 3.488 4.102 4.235 8.149 6.666 3.509 7.638 7.195 4.344 8.877 7.671 3.142 4.070 3.627 7.874 6.773 7.531 2.979 7.301 2.618 1.684 10.968 5.737 1.577 8.115 0.882 8.357 8.008 6.938 7.907 0.504 2.369 8.923 8.976 4.223 4.682 
4.892 4.326 5.110 1.793 2.796 3.795 2.438 5.525 3.440 2.392 4.900 4.820 2.078 5.445 3.058 2.577 1.324 3.891 6.756 2.389 3.627 2.126 4.173 4.568 5.607 6.480 3.575 3.703 3.544 4.435 3.684 4.063 3.731 5.393 5.164 5.280 4.864 4.820 0.457 3.631 
8.067 5.125 7.264 6.214 5.590 8.386 6.974 3.197 6.679 5.417 2.912 3.453 4.547 7.582 3.805 5.793 4.780 8.550 5.679 4.639 5.890 5.853 7.175 7.500 10.090 2.458 7.564 7.423 4.085 8.851 2.767 0.896 6.847 8.547 9.251 9.915 0.268 0.147 5.023 8.074 
7.948 4.192 6.325 5.742 5.437 7.666 6.252 3.896 5.786 5.205 3.503 3.964 4.347 6.643 2.871 5.570 4.416 7.869 6.284 3.746 4.961 5.529 6.260 7.416 9.633 2.495 6.727 7.162 3.145 8.415 1.834 1.266 5.943 7.628 8.927 9.371 1.206 0.986 4.472 7.310 
