25 50 100
20.409 67.326 90.974 93.859 100.583 98.771 89.010 100.287 37.066 84.790 50.332 28.473 120.263 43.219 115.404 114.337 78.932 125.470 110.529 92.747 98.673 33.888 59.148 96.234 24.001 
45.330 12.114 104.424 96.138 11.147 44.625 59.671 26.718 59.541 69.096 98.489 28.244 64.117 76.891 56.080 36.202 103.105 64.864 69.662 79.821 20.034 33.026 23.149 51.049 95.070 16.267 18.427 41.486 23.538 102.601 79.545 91.501 22.055 109.487 67.290 26.898 50.396 17.645 46.622 84.182 39.335 87.534 88.439 65.943 63.202 85.670 86.642 70.564 27.034 91.849 
22.197 18.061 9.104 23.844 24.233 14.713 25.995 14.429 8.531 18.564 5.161 23.076 32.343 17.375 19.707 7.151 23.881 11.016 10.737 18.916 20.245 26.664 5.550 25.793 27.643 5.581 28.467 19.261 14.079 12.367 32.339 25.112 19.838 31.890 17.321 14.148 6.503 14.309 23.941 33.772 22.281 24.255 13.069 28.952 30.803 8.896 5.616 22.478 8.962 21.913 21.228 23.060 18.578 7.422 21.763 26.299 21.765 21.196 34.735 20.961 25.205 20.049 33.324 15.021 15.075 17.146 10.493 6.496 15.633 20.163 23.798 23.117 31.801 26.537 18.369 15.634 33.299 18.491 32.059 20.433 32.864 17.605 9.217 31.720 14.664 7.989 14.574 14.281 5.276 21.782 28.429 29.072 10.728 9.483 16.274 16.965 33.912 30.555 16.133 13.417 
903.576 495.408 1402.171 1261.129 426.043 947.963 957.898 687.087 1006.361 1093.294 1306.142 697.818 1064.214 1172.485 1017.766 841.280 1276.301 1037.817 1074.213 1166.164 598.680 782.206 662.950 962.202 1221.954 584.162 624.508 829.174 629.348 1332.121 1135.390 1269.734 644.776 1446.554 1144.824 693.631 909.055 563.953 911.871 1234.402 899.379 1241.321 1302.204 1051.389 1007.742 1283.688 1243.571 1103.494 761.286 1163.075 
5.552 1.157 7.109 7.136 7.680 8.560 5.955 1.076 9.260 9.502 4.475 7.992 6.354 6.300 1.038 2.122 9.433 2.863 4.576 3.399 0.858 4.460 2.603 1.909 8.544 3.834 6.941 6.937 5.261 7.867 2.275 0.554 9.165 7.041 8.905 1.852 4.952 8.132 2.803 8.017 8.318 6.488 7.460 4.852 3.835 7.487 5.839 7.995 7.869 3.051 
2.352 4.886 8.062 1.849 8.441 5.359 1.887 5.561 4.594 4.631 7.430 2.685 8.140 3.071 4.920 3.833 4.830 3.551 1.954 6.460 6.731 2.609 4.295 7.864 5.866 3.200 7.987 4.366 1.967 6.596 3.778 5.881 4.135 1.349 5.888 5.939 3.098 2.191 4.090 6.014 6.572 3.070 3.526 2.970 2.375 5.646 7.236 2.113 5.556 6.010 
3.510 6.508 3.328 4.646 3.400 1.889 3.910 7.976 3.970 4.374 4.997 4.666 4.112 2.732 6.924 6.299 3.951 5.047 4.513 5.000 7.738 3.964 7.904 8.818 1.357 7.706 3.370 1.467 7.400 0.823 5.811 7.019 4.491 5.269 1.861 8.799 3.185 6.808 4.790 0.549 0.879 2.767 2.824 8.126 6.644 0.187 3.427 7.047 0.730 4.963 
5.639 5.797 0.934 7.460 1.476 5.656 6.264 7.191 7.630 8.027 2.049 7.817 0.346 5.404 6.270 6.250 7.648 5.227 5.976 2.910 6.109 5.283 7.914 6.856 5.095 8.359 0.760 4.673 8.788 3.396 5.774 5.746 8.047 7.916 5.604 8.067 4.767 9.536 4.635 4.210 4.041 5.558 6.117 9.138 7.517 3.926 0.623 9.665 4.499 3.260 
4.172 7.597 4.164 4.864 4.099 1.291 4.432 9.047 3.482 3.876 6.135 4.662 5.081 3.270 7.999 7.307 3.397 6.068 5.294 6.175 8.889 4.830 8.857 9.981 0.543 8.535 4.242 2.012 8.047 1.372 6.833 8.153 4.122 5.531 0.954 9.850 4.067 6.946 5.869 0.627 0.761 3.233 2.915 8.854 7.458 1.137 4.486 7.231 0.804 6.138 
2.388 2.047 5.501 4.147 6.005 5.456 2.861 3.390 6.079 6.332 4.092 4.943 5.220 3.113 2.370 1.620 6.248 0.372 1.620 3.032 3.748 1.297 3.262 4.941 5.538 3.391 5.376 3.853 3.853 5.235 1.137 2.879 6.018 4.213 5.846 4.161 1.781 5.595 0.623 5.152 5.554 3.301 4.272 4.135 2.515 4.628 4.391 5.570 4.909 2.562 
3.394 4.671 8.883 3.108 9.307 6.603 3.050 5.007 5.852 5.869 7.859 3.908 8.825 4.222 4.582 3.568 6.089 3.721 2.612 6.789 6.439 3.305 3.517 7.491 7.081 2.234 8.791 5.515 0.727 7.681 3.686 5.652 5.362 2.545 7.129 5.216 3.958 2.795 4.339 7.165 7.712 4.249 4.782 1.762 1.772 6.764 7.942 2.549 6.726 6.307 
4.368 2.183 4.447 6.299 5.017 6.571 4.956 3.532 7.771 8.088 2.050 7.007 3.746 4.794 2.644 2.880 7.896 2.311 3.908 0.869 2.643 3.410 4.407 3.651 6.389 5.128 4.281 4.995 6.004 5.412 2.505 2.114 7.870 6.463 6.818 4.407 3.482 7.906 1.716 5.726 5.933 4.998 5.927 6.052 4.536 5.215 3.178 7.895 5.683 0.407 
3.167 4.128 2.820 5.061 3.294 4.197 3.804 5.621 5.749 6.115 2.654 5.528 2.797 3.085 4.585 4.224 5.827 3.032 3.482 2.377 5.136 2.788 5.921 6.183 3.915 6.114 2.714 2.756 6.356 2.897 3.716 4.477 6.018 5.466 4.373 6.486 2.267 7.076 2.556 3.205 3.400 3.267 4.012 6.799 5.180 2.705 1.891 7.187 3.208 2.308 
2.345 2.507 6.743 3.565 7.223 5.819 2.532 3.399 5.945 6.124 5.420 4.446 6.532 3.271 2.600 1.516 6.147 1.261 1.153 4.332 4.357 1.495 2.610 5.512 6.062 2.270 6.628 4.339 2.517 6.113 1.385 3.497 5.726 3.427 6.279 3.970 2.270 4.585 1.881 5.853 6.325 3.411 4.301 2.870 1.258 5.360 5.684 4.497 5.519 3.848 
2.570 4.587 3.191 4.344 3.564 3.318 3.174 6.067 4.849 5.218 3.553 4.731 3.441 2.296 5.015 4.471 4.923 3.220 3.167 3.250 5.808 2.497 6.130 6.905 3.096 6.121 3.128 1.850 6.125 2.381 3.969 5.081 5.137 4.811 3.529 6.904 1.807 6.433 2.889 2.471 2.770 2.461 3.137 6.693 5.112 1.945 2.547 6.578 2.391 3.124 
6.297 2.423 8.902 7.493 9.468 9.638 6.534 0.947 9.947 10.124 6.378 8.388 8.214 7.174 1.963 2.640 10.148 3.840 5.143 5.268 2.527 5.283 1.701 2.955 9.749 3.040 8.741 8.054 4.668 9.337 3.080 2.451 9.716 7.225 10.047 0.070 5.945 7.980 4.073 9.345 9.716 7.337 8.268 3.934 3.582 8.817 7.639 7.761 9.119 4.877 
2.657 6.777 5.367 2.913 5.482 0.894 2.712 8.110 1.947 2.342 6.511 2.699 6.030 1.722 7.106 6.234 1.981 5.096 3.859 6.183 8.342 3.592 7.601 9.510 1.466 7.050 5.389 1.121 6.329 2.846 5.823 7.517 2.407 3.588 1.421 8.830 2.958 4.975 5.098 1.961 2.505 1.592 0.966 7.218 5.977 1.904 5.238 5.263 1.465 5.991 
2.383 6.068 8.010 0.630 8.305 4.385 1.739 6.918 3.212 3.194 7.937 1.231 8.294 2.648 6.177 5.090 3.452 4.529 2.727 7.114 7.913 3.175 5.757 9.081 5.005 4.702 7.967 3.801 3.410 6.087 4.933 7.041 2.680 0.158 4.915 7.365 3.328 1.579 4.955 5.352 5.922 2.547 2.580 4.437 3.835 5.090 7.389 1.784 4.857 6.716 
4.481 2.124 4.555 6.404 5.126 6.714 5.064 3.442 7.903 8.218 2.090 7.121 3.832 4.921 2.578 2.868 8.030 2.362 3.994 0.914 2.507 3.511 4.364 3.508 6.534 5.120 4.388 5.136 6.031 5.555 2.512 2.001 7.996 6.558 6.962 4.314 3.602 7.989 1.783 5.871 6.077 5.125 6.058 6.055 4.555 5.360 3.285 7.972 5.828 0.498 
4.324 8.721 7.767 3.235 7.814 2.597 4.003 9.894 0.620 0.447 8.985 2.411 8.496 3.629 8.974 7.975 0.511 7.011 5.403 8.584 10.432 5.414 9.049 11.622 3.312 8.185 7.805 3.591 7.033 5.070 7.652 9.571 0.969 3.775 2.884 10.503 4.996 4.435 7.169 4.134 4.559 3.428 2.467 8.047 7.201 4.265 7.722 4.810 3.722 8.346 
2.649 6.048 3.994 3.739 4.152 1.595 3.012 7.477 3.350 3.746 5.182 3.803 4.627 1.829 6.434 5.710 3.377 4.478 3.718 4.972 7.435 3.228 7.251 8.563 1.446 6.949 4.005 0.554 6.549 1.735 5.242 6.662 3.783 4.357 1.829 8.267 2.461 5.904 4.319 1.152 1.685 1.855 1.971 7.311 5.876 0.750 3.838 6.138 0.806 4.845 
2.695 5.487 8.453 1.680 8.809 5.388 2.140 6.137 4.379 4.367 7.960 2.403 8.590 3.287 5.516 4.430 4.619 4.141 2.492 7.015 7.330 3.115 4.823 8.460 5.951 3.661 8.388 4.557 2.263 6.828 4.379 6.482 3.851 1.045 5.921 6.487 3.526 1.589 4.669 6.183 6.749 3.249 3.547 3.297 2.917 5.854 7.682 1.523 5.707 6.572 
3.423 5.344 2.393 5.062 2.697 3.268 3.991 6.836 5.121 5.514 3.503 5.334 2.873 2.982 5.791 5.334 5.153 4.096 4.102 3.517 6.389 3.438 7.013 7.425 2.845 7.053 2.363 2.145 7.063 1.643 4.827 5.729 5.520 5.583 3.336 7.692 2.730 7.199 3.703 2.045 2.167 3.112 3.595 7.635 6.051 1.600 2.062 7.372 2.161 3.521 
5.375 6.233 0.386 7.075 0.861 4.902 5.970 7.681 6.960 7.363 2.866 7.340 1.207 4.996 6.707 6.544 6.958 5.422 5.891 3.549 6.761 5.199 8.237 7.588 4.294 8.540 0.358 4.100 8.799 2.542 6.047 6.310 7.429 7.585 4.800 8.561 4.584 9.205 4.880 3.407 3.179 5.127 5.569 9.247 7.627 3.188 1.058 9.367 3.746 3.817 
2.893 7.116 5.772 2.850 5.868 0.941 2.856 8.422 1.521 1.921 6.949 2.506 6.456 1.990 7.431 6.530 1.546 5.421 4.091 6.609 8.713 3.883 7.846 9.886 1.646 7.230 5.799 1.555 6.421 3.190 6.134 7.879 2.027 3.529 1.461 9.122 3.293 4.823 5.456 2.276 2.793 1.831 1.002 7.342 6.167 2.286 5.670 5.130 1.799 6.409 
4.807 9.200 8.383 3.526 8.425 3.203 4.433 10.332 1.191 0.864 9.589 2.649 9.115 4.167 9.435 8.416 1.125 7.497 5.838 9.167 10.937 5.900 9.418 12.129 3.908 8.493 8.423 4.200 7.261 5.676 8.115 10.071 1.229 3.996 3.465 10.913 5.526 4.431 7.685 4.741 5.155 3.963 3.020 8.288 7.541 4.882 8.340 4.814 4.336 8.918 
3.450 7.581 8.452 1.590 8.647 3.924 2.876 8.523 2.067 1.877 8.911 0.818 8.932 3.250 7.732 6.657 2.287 5.959 4.163 8.235 9.406 4.455 7.409 10.589 4.653 6.357 8.443 3.999 5.010 6.114 6.450 8.529 1.361 1.816 4.401 9.001 4.366 2.147 6.301 5.243 5.784 3.071 2.530 6.045 5.490 5.140 8.058 2.522 4.745 7.888 
4.113 0.612 5.910 5.828 6.469 7.023 4.574 2.087 7.794 8.053 3.650 6.648 5.308 4.806 1.086 1.373 7.958 1.455 3.258 2.470 2.023 3.022 2.803 3.216 7.007 3.609 5.753 5.400 4.680 6.385 1.156 1.160 7.743 5.826 7.367 2.962 3.445 7.083 1.272 6.495 6.813 5.000 5.973 4.578 3.178 5.964 4.659 7.002 6.335 2.004 
2.992 3.098 3.677 4.964 4.195 4.871 3.628 4.591 6.136 6.469 2.588 5.572 3.402 3.222 3.554 3.228 6.248 2.088 2.940 1.863 4.193 2.284 4.927 5.286 4.706 5.217 3.547 3.299 5.630 3.885 2.725 3.488 6.292 5.254 5.125 5.455 2.042 6.812 1.555 4.085 4.346 3.424 4.309 5.969 4.347 3.562 2.557 6.870 4.004 1.602 
3.243 2.949 2.923 3.893 5.023 2.543 1.152 4.844 2.422 3.015 6.429 5.659 0.931 4.753 6.749 5.587 4.186 1.400 4.152 3.197 2.216 5.500 5.305 3.674 4.262 2.575 1.063 4.834 3.945 4.124 1.967 3.337 6.039 3.389 4.206 4.677 5.141 4.227 4.295 3.510 3.568 5.386 4.601 4.318 5.796 2.149 5.205 4.313 3.266 2.276 3.925 1.752 2.008 4.383 3.136 3.778 6.677 4.133 5.608 5.252 7.026 0.498 4.144 5.602 4.080 3.998 5.853 7.787 4.371 2.979 5.473 5.152 0.885 4.862 6.447 4.980 4.702 4.111 2.878 4.911 4.867 3.619 6.470 4.738 5.734 4.505 5.784 2.525 3.552 0.535 2.198 4.195 4.092 3.369 5.604 4.335 6.363 2.976 3.498 1.245 
6.484 7.317 5.385 2.275 3.876 2.151 5.523 3.535 4.032 3.833 6.615 4.314 3.515 3.878 7.592 3.847 8.418 4.102 0.424 6.896 6.171 6.385 6.976 2.587 2.759 6.064 4.616 1.632 2.087 1.927 4.145 4.810 6.794 7.756 6.632 6.580 5.888 8.624 8.337 6.954 5.721 1.120 8.839 5.276 2.972 6.045 0.828 8.658 5.905 6.438 8.322 5.623 3.768 7.396 3.107 5.208 2.307 3.482 3.610 2.296 7.626 3.968 5.619 5.999 6.359 5.384 2.008 3.391 4.947 4.048 6.288 2.503 5.205 3.024 2.456 6.699 0.405 4.535 5.170 4.181 6.732 6.097 3.138 2.264 1.366 4.359 6.924 3.219 2.246 4.244 2.200 5.636 6.250 7.739 6.536 8.718 6.306 6.663 7.236 3.965 
3.707 7.383 3.005 7.967 9.642 4.995 5.823 3.219 7.846 3.098 0.926 10.241 5.918 2.779 1.096 9.922 6.429 4.388 6.102 4.506 7.701 11.056 1.316 8.020 8.525 8.256 6.818 5.278 7.873 4.629 3.830 8.883 0.294 6.739 9.966 10.409 0.676 7.844 5.788 9.119 2.407 6.591 6.701 9.809 4.749 4.789 7.119 8.484 2.958 5.385 7.636 4.772 7.364 3.409 3.599 9.362 7.594 8.872 9.780 8.698 1.277 5.453 9.770 0.618 2.292 9.589 6.064 8.809 9.730 8.309 0.289 4.610 6.342 3.808 6.497 10.697 6.910 9.374 2.958 9.742 10.600 2.661 5.504 8.462 7.029 9.570 11.420 3.872 7.696 6.223 5.718 1.591 9.837 6.759 0.253 8.202 1.183 4.452 4.654 6.767 
4.279 1.670 4.465 4.820 5.361 4.416 1.657 6.817 2.601 4.943 8.204 5.929 2.572 6.716 8.359 6.040 3.822 3.291 5.828 3.852 0.251 4.738 6.778 4.487 4.992 0.940 1.376 6.690 4.941 6.037 3.835 2.954 7.715 2.720 2.858 3.534 6.884 3.062 4.269 1.668 5.101 7.064 4.161 3.827 7.731 2.952 6.741 2.798 4.652 2.609 2.792 2.780 2.511 5.341 5.108 3.210 8.297 4.544 6.163 6.245 8.681 2.458 3.408 7.383 5.476 3.369 7.658 9.306 4.074 3.079 7.175 7.082 1.153 6.829 8.234 3.877 6.227 3.993 4.496 5.094 3.706 5.008 8.372 5.682 7.357 4.537 4.840 4.496 4.524 1.831 3.891 5.864 2.944 2.683 7.268 2.992 8.183 3.706 4.033 2.044 
3.794 7.544 3.267 8.483 10.145 5.508 6.084 3.792 8.270 3.583 1.177 10.750 6.335 3.352 0.635 10.442 6.417 4.770 6.661 4.565 7.975 11.479 1.167 8.524 9.038 8.562 7.176 5.851 8.394 5.195 4.225 9.300 0.372 6.820 10.314 10.784 1.201 7.906 5.738 9.400 2.633 7.163 6.660 10.238 5.310 4.967 7.687 8.585 3.132 5.539 7.715 4.997 7.790 3.323 4.125 9.774 8.166 9.362 10.306 9.244 0.966 5.837 10.176 1.176 2.377 10.001 6.635 9.379 10.175 8.747 0.795 5.181 6.643 4.381 7.064 11.079 7.471 9.827 3.257 10.233 10.975 2.802 6.057 8.997 7.602 10.042 11.828 4.360 8.205 6.595 6.211 1.921 10.204 6.842 0.563 8.279 1.540 4.541 4.675 7.168 
1.550 2.724 2.720 7.385 8.502 5.331 2.506 6.310 5.775 4.325 6.115 9.131 4.385 5.982 5.755 9.087 1.260 3.370 7.127 0.750 3.925 8.466 4.067 7.180 7.769 4.699 4.187 7.319 7.423 6.466 3.447 6.491 5.371 1.686 6.610 7.299 4.888 2.704 0.875 5.205 3.006 8.255 1.608 7.447 7.792 1.436 8.295 3.452 2.423 1.269 2.546 1.868 5.437 2.011 4.964 6.842 9.567 7.614 9.115 8.707 6.164 3.728 7.106 5.435 2.913 7.030 8.401 10.782 7.610 6.339 4.993 7.256 3.234 6.639 9.000 7.642 7.834 7.428 2.929 8.353 7.470 2.610 8.604 8.214 8.671 7.892 8.599 4.505 7.043 3.974 5.392 3.872 6.708 1.717 4.956 3.096 6.275 0.916 0.548 4.677 
3.602 2.527 3.454 3.992 4.922 3.088 1.096 5.480 2.175 3.658 7.045 5.544 1.292 5.395 7.323 5.534 4.092 2.031 4.593 3.420 1.585 5.072 5.834 3.723 4.291 1.937 0.601 5.374 4.074 4.699 2.595 2.962 6.629 3.170 3.629 4.147 5.747 3.880 4.315 2.867 4.104 5.833 4.493 3.943 6.387 2.378 5.584 3.859 3.748 2.332 3.581 2.045 1.849 4.737 3.772 3.368 7.101 4.040 5.592 5.399 7.612 1.113 3.700 6.218 4.576 3.578 6.366 8.168 4.052 2.739 6.069 5.740 0.440 5.482 6.952 4.463 5.072 3.840 3.434 4.755 4.336 4.107 7.040 4.858 6.156 4.292 5.313 3.163 3.663 0.556 2.630 4.777 3.553 3.144 6.190 3.935 6.989 3.218 3.688 1.118 
7.936 8.421 6.863 2.399 3.479 3.592 6.748 4.862 4.648 5.326 7.984 3.719 4.673 5.246 9.010 3.181 9.729 5.504 1.912 8.306 7.103 6.304 8.459 2.789 2.631 6.854 5.604 2.792 2.215 3.327 5.598 5.179 8.221 8.987 7.034 6.818 7.336 9.778 9.704 7.660 7.213 1.589 10.150 5.381 3.937 7.411 0.859 9.717 7.384 7.755 9.478 6.982 4.522 8.873 4.598 5.485 1.843 3.442 2.879 1.488 9.018 5.220 5.842 7.412 7.851 5.616 2.583 2.438 4.981 4.482 7.732 3.640 6.330 4.305 2.724 6.864 1.089 4.605 6.652 3.884 6.942 7.583 3.801 1.835 1.339 4.255 6.872 4.703 2.577 5.348 3.466 7.124 6.608 8.967 7.984 9.828 7.652 8.071 8.646 4.921 
3.582 1.094 4.495 7.380 8.090 6.146 2.591 7.837 5.300 5.781 8.179 8.669 4.624 7.588 7.921 8.758 1.413 4.358 7.848 2.800 2.769 7.325 6.228 7.086 7.629 3.497 3.826 8.382 7.474 7.588 4.689 5.694 7.481 0.548 5.224 5.983 6.896 0.590 2.131 3.636 4.951 9.070 1.599 6.533 9.131 2.674 8.918 1.250 4.364 2.051 0.350 2.919 5.123 4.214 6.259 5.919 10.372 7.253 8.862 8.798 8.320 4.144 6.065 7.445 5.004 6.059 9.444 11.498 6.806 5.806 7.056 8.528 2.975 8.047 10.047 6.324 8.415 6.738 4.653 7.836 6.125 4.630 9.890 8.250 9.433 7.283 7.326 5.689 7.059 3.954 5.908 5.837 5.447 0.531 7.050 0.915 8.294 2.835 2.730 4.488 
3.986 1.127 4.885 7.522 8.151 6.425 2.858 8.192 5.382 6.137 8.581 8.717 4.843 7.952 8.326 8.830 1.732 4.679 8.100 3.205 2.777 7.241 6.632 7.214 7.745 3.461 3.965 8.679 7.624 7.896 5.034 5.704 7.886 0.952 5.102 5.870 7.295 0.282 2.477 3.493 5.349 9.329 1.849 6.507 9.460 3.053 9.150 0.860 4.763 2.426 0.056 3.278 5.239 4.613 6.596 5.899 10.625 7.331 8.948 8.946 8.725 4.399 6.016 7.844 5.408 6.026 9.733 11.734 6.800 5.869 7.458 8.851 3.167 8.388 10.335 6.207 8.643 6.758 5.039 7.879 6.004 5.032 10.210 8.391 9.683 7.313 7.211 6.017 7.207 4.149 6.148 6.234 5.355 0.932 7.454 0.512 8.693 3.239 3.132 4.640 
5.238 8.102 4.027 6.176 7.896 3.581 6.189 0.793 6.897 2.661 2.666 8.415 5.239 0.829 3.845 7.995 7.989 4.284 3.842 5.998 7.781 9.937 4.010 6.356 6.732 8.095 6.452 2.667 6.029 2.353 3.803 7.924 3.163 7.885 9.427 9.666 2.582 8.992 7.538 9.051 3.828 3.932 8.354 8.698 1.806 5.735 4.600 9.414 4.362 6.352 8.723 5.492 6.446 5.547 2.444 8.402 4.747 7.290 7.784 6.506 3.737 5.101 8.838 2.356 4.215 8.620 3.215 5.915 8.494 7.210 2.865 1.835 6.398 1.189 3.578 9.889 4.538 8.091 3.826 8.113 9.849 4.284 2.532 6.423 4.330 8.115 10.402 3.046 5.993 5.839 4.392 3.119 9.172 7.891 3.116 9.261 2.285 5.839 6.272 6.108 
4.275 0.903 4.706 5.717 6.215 5.166 1.941 7.412 3.484 5.452 8.512 6.768 3.367 7.268 8.541 6.903 3.232 3.811 6.659 3.706 0.825 5.339 6.900 5.384 5.884 1.506 2.243 7.456 5.839 6.762 4.312 3.741 7.953 2.098 3.278 4.021 7.185 2.222 3.790 1.768 5.308 7.898 3.521 4.549 8.434 2.982 7.605 1.901 4.798 2.487 1.974 2.938 3.408 5.240 5.713 3.938 9.149 5.415 7.036 7.143 8.891 3.137 4.073 7.707 5.592 4.071 8.451 10.178 4.837 3.941 7.440 7.792 1.755 7.477 9.035 4.365 7.091 4.797 4.779 5.928 4.173 5.139 9.108 6.579 8.206 5.356 5.361 5.099 5.421 2.620 4.703 6.131 3.470 2.058 7.504 2.113 8.533 3.608 3.816 2.923 
4.456 7.938 3.512 7.594 9.306 4.691 6.219 2.417 7.801 3.006 0.709 9.877 5.929 2.033 1.859 9.513 7.252 4.548 5.504 5.268 8.035 10.984 2.393 7.699 8.158 8.512 6.970 4.513 7.477 3.982 3.982 8.850 1.233 7.430 10.105 10.476 1.117 8.551 6.662 9.420 3.027 5.819 7.557 9.729 3.793 5.363 6.420 9.126 3.618 5.986 8.320 5.263 7.322 4.363 3.290 9.335 6.718 8.595 9.340 8.164 1.765 5.570 9.759 0.597 3.118 9.561 5.182 7.900 9.600 8.214 1.151 3.756 6.638 2.994 5.564 10.742 6.276 9.222 3.396 9.455 10.666 3.390 4.501 7.991 6.240 9.352 11.391 3.716 7.354 6.353 5.477 2.142 9.927 7.445 1.339 8.884 0.436 5.175 5.464 6.809 
2.418 2.455 2.391 4.829 5.960 3.141 0.511 5.024 3.301 3.022 6.131 6.594 1.838 4.850 6.288 6.531 3.295 1.419 4.872 2.274 2.326 6.256 4.735 4.618 5.207 2.912 1.779 5.376 4.875 4.594 1.878 4.141 5.636 2.609 4.736 5.298 4.809 3.566 3.359 3.745 3.033 6.080 3.715 5.124 6.184 1.223 5.981 3.811 2.619 1.345 3.269 0.862 2.918 3.552 3.357 4.553 7.390 5.070 6.553 6.173 6.604 1.219 4.883 5.314 3.450 4.763 6.436 8.544 5.218 3.865 5.096 5.564 1.001 5.150 7.039 5.622 5.491 4.986 2.417 5.835 5.485 2.979 6.918 5.668 6.457 5.408 6.490 2.756 4.488 1.433 2.980 3.784 4.699 2.595 5.189 3.744 6.125 2.060 2.564 2.151 
6.887 7.536 5.811 2.063 3.561 2.543 5.794 3.996 4.035 4.287 7.085 3.957 3.746 4.346 8.066 3.470 8.737 4.469 0.896 7.270 6.314 6.178 7.443 2.414 2.490 6.150 4.775 2.036 1.867 2.397 4.548 4.733 7.268 8.034 6.579 6.472 6.362 8.868 8.687 7.011 6.166 1.226 9.158 5.118 3.339 6.392 0.605 8.860 6.332 6.758 8.566 5.966 3.822 7.820 3.568 5.104 2.198 3.257 3.217 1.863 8.099 4.249 5.501 6.473 6.805 5.267 2.228 3.163 4.764 3.985 6.763 2.914 5.428 3.474 2.591 6.569 0.146 4.358 5.600 3.895 6.616 6.533 3.417 1.900 1.313 4.128 6.729 3.653 2.103 4.453 2.477 6.100 6.180 8.016 7.010 8.943 6.773 7.036 7.610 4.105 
6.209 6.507 5.243 1.275 2.980 1.982 4.835 4.172 2.956 3.917 7.101 3.499 2.756 4.437 7.963 3.103 7.836 3.722 1.223 6.502 5.237 5.322 7.126 1.531 1.819 5.059 3.710 2.571 1.115 2.567 3.913 3.708 7.156 7.071 5.535 5.478 6.206 7.860 7.847 5.921 5.683 2.209 8.256 4.188 3.933 5.563 1.696 7.814 5.756 5.871 7.559 5.131 2.731 7.218 3.285 4.106 3.287 2.458 2.927 1.885 8.054 3.322 4.519 6.407 6.328 4.284 3.103 4.231 3.873 2.948 6.613 3.387 4.411 3.745 3.557 5.600 1.195 3.458 5.051 3.226 5.631 6.001 4.197 1.592 2.384 3.328 5.852 3.186 1.173 3.430 1.614 5.768 5.150 7.051 6.845 7.915 6.833 6.266 6.839 3.033 
3.571 1.334 4.534 7.594 8.321 6.301 2.761 7.926 5.528 5.870 8.176 8.902 4.812 7.665 7.883 8.986 1.235 4.484 8.016 2.775 3.008 7.564 6.191 7.303 7.849 3.736 4.043 8.522 7.685 7.720 4.794 5.931 7.464 0.590 5.459 6.219 6.905 0.570 1.977 3.868 4.966 9.234 1.384 6.772 9.245 2.740 9.096 1.355 4.376 2.127 0.446 3.012 5.345 4.144 6.369 6.159 10.539 7.481 9.088 9.010 8.286 4.316 6.304 7.454 4.988 6.298 9.589 11.674 7.044 6.038 7.052 8.648 3.178 8.151 10.193 6.560 8.595 6.975 4.700 8.069 6.361 4.629 10.011 8.463 9.602 7.518 7.563 5.807 7.271 4.153 6.085 5.852 5.686 0.589 7.038 0.962 8.303 2.829 2.676 4.701 
4.965 5.624 3.989 2.202 3.888 0.775 3.811 3.396 2.837 2.728 6.088 4.477 1.832 3.564 6.862 4.162 6.726 2.493 1.470 5.291 4.572 5.755 5.925 2.272 2.759 4.572 3.014 2.411 2.117 1.988 2.659 3.808 6.057 6.045 5.474 5.592 5.093 6.918 6.682 5.508 4.439 2.709 7.148 4.524 3.649 4.387 2.529 6.975 4.502 4.747 6.615 3.959 2.447 5.964 2.172 4.272 3.988 3.170 4.036 3.128 6.989 2.257 4.709 5.348 5.083 4.483 3.300 5.102 4.310 3.064 5.497 3.014 3.516 3.103 3.865 5.782 2.039 3.906 3.799 4.027 5.767 4.749 4.144 2.775 3.044 3.956 6.231 1.970 1.935 2.576 0.495 4.570 5.155 6.028 5.718 7.020 5.859 5.055 5.630 2.416 
4.297 3.930 3.726 2.690 3.888 1.993 2.328 4.697 1.575 3.245 6.816 4.528 0.382 4.720 7.324 4.419 5.378 1.996 3.254 4.351 2.766 4.785 6.039 2.478 3.069 2.791 1.206 4.179 2.744 3.614 2.490 2.616 6.561 4.533 3.952 4.242 5.611 5.283 5.497 3.742 4.333 4.490 5.791 3.541 5.323 3.318 4.194 5.248 4.154 3.479 4.984 2.902 1.094 5.421 3.077 3.097 5.732 3.003 4.424 4.057 7.547 1.046 3.515 6.003 4.916 3.325 5.106 6.775 3.495 2.061 5.983 4.673 1.836 4.569 5.674 4.497 3.681 3.173 3.619 3.821 4.430 4.484 5.896 3.538 4.790 3.482 5.158 2.549 2.350 0.854 1.338 4.796 3.716 4.509 6.153 5.337 6.681 4.123 4.664 0.648 
5.161 7.540 3.901 5.004 6.721 2.553 5.586 0.542 5.860 2.247 3.663 7.235 4.335 0.978 4.751 6.813 7.760 3.668 2.664 5.842 7.011 8.828 4.550 5.196 5.558 7.242 5.588 1.558 4.854 1.175 3.289 6.866 3.995 7.493 8.444 8.633 3.217 8.563 7.409 8.204 3.895 2.866 8.152 7.601 1.242 5.381 3.477 8.891 4.334 5.963 8.279 5.071 5.427 5.700 1.730 7.337 3.843 6.132 6.603 5.332 4.715 4.315 7.775 3.167 4.413 7.552 2.325 5.073 7.377 6.134 3.577 0.871 5.674 0.074 2.809 8.840 3.377 6.969 3.674 6.946 8.812 4.354 2.073 5.241 3.292 6.968 9.308 2.332 4.831 4.998 3.340 3.397 8.163 7.492 3.837 8.791 3.320 5.652 6.150 5.170 
7.790 9.081 6.587 3.898 5.246 3.683 7.224 3.751 5.864 4.886 6.814 5.537 5.295 4.193 7.949 5.006 9.993 5.610 1.994 8.314 8.003 7.984 7.716 4.261 4.271 7.913 6.443 1.772 3.701 2.605 5.516 6.590 7.206 9.426 8.433 8.329 6.425 10.350 9.827 8.803 6.782 0.754 10.412 6.960 2.416 7.570 1.295 10.437 7.090 8.029 10.048 7.169 5.616 8.562 4.141 6.961 0.648 5.066 4.710 3.306 7.881 5.677 7.356 6.377 7.378 7.122 0.953 1.908 6.593 5.840 6.791 2.366 6.977 3.162 0.893 8.419 1.730 6.193 6.357 5.624 8.471 7.209 2.059 3.560 0.559 5.924 8.542 4.477 3.960 6.038 3.958 6.473 8.037 9.413 7.051 10.470 6.442 8.091 8.651 5.803 
3.785 4.037 3.100 3.058 4.429 1.514 2.219 4.083 2.268 2.553 6.122 5.068 0.390 4.075 6.635 4.906 5.190 1.365 3.059 3.942 3.124 5.478 5.375 2.917 3.507 3.290 1.637 3.795 3.072 3.139 1.820 3.310 5.869 4.458 4.603 4.923 4.917 5.320 5.215 4.251 3.687 4.294 5.610 4.231 4.841 2.952 4.119 5.396 3.553 3.226 5.018 2.521 1.786 4.885 2.424 3.792 5.583 3.560 4.876 4.331 6.854 0.677 4.209 5.309 4.287 4.019 4.789 6.697 4.171 2.740 5.290 4.191 1.940 4.003 5.377 5.184 3.619 3.837 2.976 4.406 5.112 3.869 5.470 3.855 4.640 4.112 5.853 1.872 2.718 1.073 1.107 4.115 4.387 4.440 5.463 5.427 5.990 3.707 4.270 1.271 
7.780 7.508 6.885 1.103 1.808 3.670 6.081 5.747 3.390 5.614 8.756 2.113 4.042 6.053 9.650 1.609 9.132 5.283 2.611 7.994 6.021 4.636 8.823 1.438 1.055 5.636 4.661 3.888 1.013 4.121 5.541 3.702 8.843 8.256 5.524 5.232 7.898 8.906 9.237 6.344 7.353 2.998 9.544 3.768 5.204 7.002 2.212 8.717 7.392 7.224 8.615 6.572 3.408 8.828 4.983 3.944 3.518 1.835 1.352 0.329 9.729 4.693 4.266 8.083 7.997 4.049 4.034 3.994 3.351 3.088 8.304 4.763 5.525 5.264 4.296 5.250 2.006 2.996 6.703 2.209 5.343 7.653 5.248 0.239 2.900 2.600 5.205 4.876 1.423 4.576 3.182 7.466 5.082 8.230 8.539 8.893 8.472 7.759 8.323 3.993 
8.894 10.274 7.669 4.900 6.068 4.865 8.414 4.572 6.981 5.951 7.483 6.266 6.486 5.026 8.670 5.720 11.160 6.776 3.185 9.447 9.182 8.896 8.616 5.279 5.203 9.072 7.625 2.814 4.705 3.674 6.654 7.651 7.969 10.612 9.505 9.352 7.265 11.541 10.973 9.949 7.817 1.945 11.577 7.943 3.020 8.731 2.345 11.629 8.161 9.202 11.239 8.335 6.758 9.615 5.221 7.996 0.767 6.014 5.407 4.063 8.552 6.868 8.375 7.146 8.391 8.144 1.773 1.154 7.554 6.916 7.607 3.196 8.169 4.002 1.262 9.419 2.836 7.168 7.438 6.477 9.485 8.257 2.368 4.426 1.653 6.843 9.463 5.603 5.007 7.227 5.149 7.433 9.096 10.599 7.866 11.663 7.091 9.227 9.781 6.978 
1.128 3.453 2.387 7.633 8.858 5.343 2.967 5.981 6.198 4.088 5.493 9.494 4.647 5.620 5.060 9.411 1.868 3.416 7.128 0.642 4.556 9.018 3.384 7.461 8.054 5.317 4.635 7.180 7.653 6.319 3.368 6.982 4.721 2.434 7.235 7.902 4.314 3.432 1.231 5.880 2.529 8.201 2.133 7.954 7.528 1.686 8.312 4.196 1.987 1.781 3.286 2.092 5.824 1.277 4.782 7.359 9.499 7.968 9.415 8.903 5.476 3.970 7.647 4.853 2.315 7.556 8.254 10.735 8.086 6.764 4.381 7.029 3.713 6.362 8.844 8.242 7.874 7.876 2.615 8.741 8.077 2.090 8.353 8.436 8.631 8.311 9.181 4.392 7.291 4.339 5.516 3.347 7.306 2.466 4.320 3.830 5.680 0.874 0.352 5.057 
7.519 6.620 6.805 0.982 0.754 3.897 5.453 6.397 2.367 5.817 9.219 1.358 3.601 6.631 9.986 1.174 8.469 5.093 3.441 7.595 5.028 3.301 8.956 0.874 0.444 4.535 3.861 4.794 1.140 4.811 5.470 2.426 9.183 7.500 4.197 3.870 8.216 8.022 8.678 5.148 7.351 4.146 8.865 2.400 6.154 6.556 3.407 7.733 7.279 6.666 7.743 6.144 2.546 8.626 5.305 2.611 4.838 0.494 1.214 1.652 10.121 4.281 2.911 8.482 7.976 2.699 5.156 5.363 1.982 1.932 8.618 5.631 4.803 5.992 5.498 3.882 3.074 1.632 6.656 0.981 3.977 7.581 6.330 1.179 4.135 1.245 3.866 5.042 1.199 3.947 3.195 7.622 3.749 7.470 8.833 7.958 8.981 7.367 7.905 3.264 
3.742 7.387 2.986 7.835 9.516 4.867 5.796 3.046 7.754 2.986 0.864 10.111 5.831 2.608 1.236 9.788 6.487 4.318 5.946 4.547 7.666 10.963 1.441 7.894 8.394 8.209 6.753 5.109 7.739 4.467 3.756 8.794 0.430 6.768 9.903 10.335 0.569 7.878 5.857 9.080 2.406 6.423 6.767 9.714 4.572 4.791 6.956 8.506 2.970 5.394 7.665 4.758 7.272 3.496 3.465 9.274 7.420 8.752 9.642 8.550 1.373 5.380 9.685 0.442 2.338 9.502 5.890 8.634 9.629 8.211 0.261 4.436 6.298 3.636 6.321 10.620 6.752 9.270 2.926 9.622 10.526 2.687 5.327 8.320 6.860 9.458 11.334 3.756 7.567 6.154 5.598 1.562 9.766 6.787 0.374 8.231 1.070 4.484 4.706 6.686 
1.127 2.933 1.506 5.910 7.167 3.710 1.549 4.870 4.576 2.826 5.298 7.805 2.932 4.592 5.262 7.703 2.713 1.750 5.506 1.086 3.413 7.551 3.625 5.743 6.336 4.090 3.076 5.718 5.928 4.871 1.847 5.437 4.691 2.493 5.969 6.563 3.980 3.609 2.497 4.835 2.052 6.633 3.119 6.420 6.269 0.349 6.677 4.117 1.519 0.977 3.352 0.437 4.172 2.256 3.403 5.849 7.946 6.278 7.700 7.181 5.616 2.252 6.177 4.520 2.316 6.059 6.801 9.159 6.508 5.138 4.199 5.706 2.251 5.138 7.402 6.891 6.221 6.266 1.642 7.071 6.747 1.859 7.066 6.712 7.048 6.669 7.776 2.907 5.568 2.689 3.810 2.912 5.962 2.500 4.244 3.906 5.364 0.851 1.418 3.408 
7.142 5.478 6.683 2.215 1.673 4.383 4.721 7.130 1.478 6.089 9.646 2.158 3.342 7.275 10.245 2.385 7.560 4.958 4.552 7.044 3.809 2.024 9.001 1.853 1.939 3.184 3.038 5.872 2.412 5.676 5.448 0.910 9.466 6.502 2.569 2.260 8.503 6.849 7.892 3.643 7.296 5.485 7.927 0.852 7.220 5.996 4.819 6.444 7.095 5.955 6.592 5.630 1.910 8.282 5.747 0.984 6.340 1.146 2.593 3.277 10.443 3.956 1.288 8.854 7.872 1.069 6.433 6.959 0.575 0.921 8.888 6.631 3.990 6.828 6.851 2.313 4.405 0.212 6.582 1.319 2.383 7.432 7.534 2.769 5.555 0.728 2.527 5.332 2.179 3.368 3.572 7.743 2.118 6.468 9.072 6.725 9.466 6.836 7.319 2.655 
1.199 4.952 1.606 7.621 9.078 4.888 3.839 4.699 6.691 3.160 3.718 9.716 4.855 4.283 3.282 9.534 3.660 3.290 6.541 1.862 5.689 9.774 1.595 7.536 8.116 6.379 5.290 6.269 7.594 5.428 2.952 7.623 2.931 4.109 8.256 8.839 2.610 5.172 2.997 7.102 1.250 7.445 3.915 8.605 6.330 2.522 7.718 5.885 1.106 2.989 4.996 2.715 6.248 0.652 3.911 8.058 8.679 8.209 9.478 8.719 3.692 4.207 8.408 3.127 0.697 8.274 7.289 9.938 8.649 7.236 2.622 5.928 4.528 5.175 7.844 9.163 7.349 8.369 1.797 9.049 9.025 0.852 7.162 8.329 7.895 8.715 10.028 3.732 7.293 4.820 5.314 1.788 8.239 4.135 2.541 5.555 3.931 1.891 1.928 5.511 
5.731 6.218 4.744 1.666 3.390 1.474 4.477 3.752 2.952 3.409 6.628 3.937 2.424 3.993 7.471 3.567 7.441 3.256 1.068 6.049 5.037 5.566 6.619 1.847 2.228 4.932 3.485 2.326 1.534 2.182 3.422 3.806 6.664 6.718 5.585 5.598 5.711 7.547 7.422 5.830 5.178 2.240 7.863 4.386 3.669 5.131 1.892 7.548 5.260 5.467 7.245 4.701 2.654 6.727 2.785 4.235 3.437 2.785 3.407 2.393 7.570 2.938 4.662 5.923 5.823 4.428 3.015 4.475 4.108 3.039 6.117 3.084 4.109 3.361 3.525 5.747 1.380 3.693 4.550 3.597 5.760 5.500 4.022 2.089 2.500 3.633 6.078 2.678 1.481 3.136 1.178 5.261 5.224 6.699 6.347 7.624 6.370 5.813 6.387 2.830 
7.046 8.209 5.872 3.180 4.665 2.845 6.362 3.385 5.028 4.207 6.509 5.029 4.420 3.795 7.582 4.522 9.167 4.793 1.118 7.534 7.127 7.298 7.185 3.521 3.610 7.047 5.567 1.288 2.985 1.985 4.738 5.795 6.809 8.574 7.624 7.555 5.968 9.485 9.027 7.944 6.119 0.125 9.587 6.224 2.383 6.755 0.732 9.563 6.384 7.196 9.184 6.347 4.762 7.870 3.456 6.184 1.426 4.377 4.250 2.850 7.559 4.812 6.589 5.988 6.735 6.354 1.119 2.632 5.878 5.036 6.352 2.099 6.103 2.808 1.479 7.664 0.977 5.470 5.646 5.010 7.704 6.530 2.332 2.985 0.530 5.249 7.847 3.724 3.196 5.161 3.083 5.893 7.238 8.560 6.609 9.601 6.162 7.307 7.873 4.929 
4.094 0.694 4.882 7.086 7.662 6.148 2.600 8.059 4.908 6.014 8.642 8.220 4.493 7.843 8.461 8.346 2.142 4.488 7.780 3.353 2.275 6.711 6.771 6.769 7.289 2.940 3.540 8.423 7.195 7.663 4.887 5.194 7.979 1.151 4.573 5.340 7.337 0.770 2.848 2.966 5.391 9.015 2.317 5.985 9.264 3.030 8.801 0.747 4.817 2.406 0.555 3.190 4.789 4.827 6.423 5.379 10.300 6.851 8.471 8.513 8.849 4.101 5.490 7.883 5.511 5.502 9.464 11.386 6.284 5.383 7.527 8.643 2.804 8.219 10.063 5.678 8.291 6.250 5.016 7.381 5.475 5.110 9.995 7.954 9.356 6.809 6.682 5.830 6.777 3.777 5.818 6.270 4.825 1.117 7.540 0.714 8.730 3.349 3.331 4.222 
4.911 2.241 5.009 4.517 4.872 4.550 2.255 7.098 2.212 5.318 8.685 5.413 2.690 7.037 8.904 5.567 4.475 3.691 5.803 4.516 0.569 4.069 7.354 4.160 4.621 0.291 1.423 6.773 4.657 6.181 4.252 2.377 8.236 3.360 2.190 2.856 7.377 3.586 4.942 1.210 5.653 7.021 4.802 3.200 7.890 3.589 6.628 3.197 5.232 3.276 3.337 3.383 2.242 5.991 5.399 2.586 8.209 4.096 5.714 5.927 9.212 2.745 2.753 7.860 6.062 2.730 7.691 9.157 3.475 2.619 7.685 7.239 1.629 7.057 8.250 3.199 6.118 3.433 5.019 4.573 3.029 5.592 8.485 5.359 7.280 3.995 4.161 4.798 4.247 2.010 3.931 6.381 2.266 3.321 7.792 3.459 8.641 4.363 4.705 1.977 
1.603 3.205 2.853 7.849 9.002 5.686 3.023 6.456 6.290 4.531 5.995 9.633 4.849 6.103 5.535 9.578 1.389 3.735 7.480 0.947 4.454 8.999 3.870 7.655 8.246 5.229 4.706 7.593 7.880 6.734 3.746 7.019 5.216 2.096 7.139 7.831 4.823 3.021 0.723 5.721 3.029 8.580 1.630 7.977 7.986 1.870 8.657 3.818 2.477 1.789 2.902 2.299 5.942 1.731 5.207 7.373 9.885 8.113 9.598 9.152 5.955 4.182 7.638 5.360 2.822 7.562 8.672 11.112 8.136 6.854 4.885 7.475 3.756 6.822 9.266 8.174 8.208 7.949 3.076 8.861 8.001 2.595 8.808 8.669 9.004 8.407 9.132 4.789 7.506 4.470 5.801 3.854 7.241 2.131 4.821 3.429 6.186 1.174 0.611 5.180 
8.742 8.996 7.697 2.701 3.339 4.410 7.410 5.730 5.024 6.189 8.855 3.427 5.327 6.119 9.888 2.881 10.427 6.283 2.782 9.079 7.593 6.228 9.334 3.078 2.755 7.267 6.149 3.648 2.550 4.206 6.412 5.401 9.100 9.637 7.225 6.918 8.216 10.375 10.442 8.013 8.065 2.393 10.846 5.445 4.730 8.155 1.725 10.256 8.218 8.466 10.078 7.724 4.976 9.702 5.467 5.643 2.249 3.528 2.562 1.397 9.892 5.914 5.958 8.290 8.706 5.744 3.319 2.374 5.018 4.768 8.612 4.480 6.938 5.167 3.348 6.920 1.957 4.680 7.490 3.777 7.022 8.427 4.507 1.926 2.059 4.245 6.799 5.548 2.960 5.960 4.200 7.996 6.782 9.614 8.864 10.398 8.519 8.843 9.418 5.465 
3.011 3.750 2.344 3.824 5.206 1.772 1.809 3.895 2.927 2.089 5.580 5.845 1.002 3.803 5.997 5.685 4.594 0.614 3.519 3.206 3.167 6.123 4.664 3.694 4.283 3.506 1.910 4.020 3.829 3.260 1.140 3.940 5.254 3.975 5.042 5.446 4.324 4.928 4.548 4.451 2.951 4.716 5.016 4.893 4.898 2.257 4.650 5.120 2.783 2.614 4.629 1.827 2.454 4.106 2.186 4.411 6.028 4.334 5.652 5.063 6.243 0.507 4.811 4.756 3.535 4.638 5.072 7.195 4.870 3.436 4.679 4.262 1.805 3.929 5.674 5.730 4.171 4.555 2.237 5.174 5.637 3.106 5.601 4.604 5.099 4.860 6.463 1.574 3.486 1.290 1.699 3.450 4.881 3.963 4.833 5.088 5.487 2.970 3.540 1.803 
6.435 3.172 6.617 5.300 5.120 5.992 3.825 8.639 3.060 6.919 10.307 5.532 4.175 8.604 10.514 5.829 5.520 5.305 7.028 5.957 1.941 3.356 8.945 4.912 5.236 1.338 2.947 8.123 5.473 7.609 5.869 2.603 9.853 4.392 1.156 1.921 8.998 4.216 6.112 0.561 7.258 8.195 5.771 2.984 9.316 5.108 7.698 3.540 6.819 4.712 4.052 4.949 3.315 7.473 6.956 2.502 9.290 4.536 6.048 6.605 10.827 4.329 2.395 9.482 7.644 2.513 8.965 10.116 3.393 3.210 9.305 8.667 3.245 8.556 9.492 2.236 7.207 3.543 6.634 4.728 2.025 7.176 9.855 6.052 8.397 4.116 3.232 6.366 5.103 3.564 5.295 7.998 1.532 4.352 9.409 3.943 10.261 5.831 6.102 3.351 
4.757 5.857 3.682 2.773 4.482 0.426 3.965 2.761 3.427 2.250 5.494 5.057 2.165 2.933 6.308 4.715 6.747 2.388 1.370 5.170 4.950 6.388 5.458 2.879 3.337 5.028 3.415 1.955 2.667 1.402 2.417 4.419 5.501 6.158 6.045 6.194 4.545 7.093 6.630 5.978 4.066 2.535 7.167 5.154 3.099 4.345 2.548 7.224 4.202 4.773 6.792 3.931 3.013 5.689 1.617 4.888 3.850 3.790 4.567 3.547 6.416 2.433 5.325 4.771 4.710 5.101 2.943 5.035 4.944 3.683 4.951 2.453 3.782 2.480 3.535 6.394 2.117 4.541 3.475 4.641 6.371 4.415 3.659 3.259 2.929 4.586 6.860 1.545 2.531 2.906 0.928 4.100 5.742 6.145 5.179 7.230 5.253 4.938 5.510 2.878 
0.573 4.064 1.693 7.406 8.754 4.886 3.154 5.206 6.218 3.414 4.608 9.394 4.497 4.825 4.218 9.260 2.743 3.066 6.632 0.953 4.931 9.198 2.529 7.275 7.866 5.654 4.727 6.549 7.403 5.690 2.881 7.089 3.844 3.178 7.559 8.179 3.428 4.236 2.117 6.319 1.697 7.639 3.020 8.071 6.790 1.792 7.820 4.955 1.216 2.156 4.062 2.087 5.804 0.618 4.142 7.500 8.916 7.870 9.235 8.601 4.626 3.821 7.824 3.965 1.428 7.708 7.608 10.166 8.157 6.778 3.494 6.324 3.882 5.621 8.186 8.512 7.410 7.908 1.925 8.681 8.362 1.240 7.621 8.168 8.080 8.299 9.412 3.830 7.068 4.329 5.177 2.477 7.578 3.205 3.438 4.620 4.792 1.032 0.992 5.044 
1.090 4.597 1.972 7.865 9.252 5.251 3.721 5.291 6.754 3.642 4.342 9.892 4.997 4.885 3.827 9.742 3.097 3.511 6.959 1.493 5.499 9.757 2.172 7.751 8.338 6.224 5.280 6.777 7.854 5.925 3.261 7.639 3.538 3.657 8.128 8.747 3.255 4.678 2.401 6.885 1.781 7.916 3.323 8.622 6.909 2.360 8.144 5.429 1.453 2.719 4.524 2.643 6.332 0.050 4.388 8.055 9.172 8.371 9.706 9.025 4.248 4.327 8.383 3.769 1.318 8.265 7.816 10.428 8.699 7.311 3.257 6.483 4.446 5.747 8.381 9.079 7.754 8.443 2.191 9.192 8.930 1.328 7.742 8.608 8.362 8.823 9.976 4.141 7.531 4.866 5.601 2.417 8.146 3.686 3.163 5.073 4.566 1.595 1.459 5.576 
2.435 2.254 2.507 4.960 6.050 3.340 0.330 5.221 3.355 3.211 6.274 6.681 1.984 5.041 6.400 6.632 3.132 1.619 5.063 2.221 2.202 6.252 4.826 4.738 5.324 2.822 1.800 5.579 5.012 4.798 2.067 4.161 5.761 2.415 4.674 5.257 4.949 3.364 3.228 3.628 3.141 6.274 3.550 5.140 6.388 1.179 6.166 3.608 2.702 1.209 3.066 0.872 2.992 3.558 3.558 4.560 7.583 5.161 6.663 6.317 6.723 1.390 4.878 5.461 3.531 4.766 6.637 8.732 5.251 3.921 5.228 5.768 0.944 5.352 7.240 5.584 5.673 5.033 2.548 5.911 5.442 3.061 7.122 5.805 6.648 5.470 6.469 2.958 4.620 1.519 3.160 3.914 4.656 2.401 5.313 3.540 6.277 2.018 2.496 2.228 
2.434 1.481 2.956 5.820 6.779 4.309 0.822 6.054 4.003 4.007 6.763 7.396 2.903 5.835 6.722 7.397 2.237 2.517 6.036 1.912 2.136 6.625 5.068 5.570 6.145 2.891 2.413 6.535 5.887 5.741 2.885 4.663 6.161 1.443 4.809 5.478 5.441 2.417 2.471 3.502 3.522 7.247 2.645 5.611 7.298 1.151 7.134 2.755 2.985 0.666 2.124 1.201 3.709 3.429 4.436 5.004 8.556 5.900 7.454 7.205 7.082 2.350 5.263 5.977 3.762 5.189 7.598 9.703 5.787 4.559 5.669 6.688 1.450 6.231 8.202 5.819 6.638 5.623 3.063 6.596 5.652 3.317 8.049 6.678 7.621 6.108 6.766 3.855 5.484 2.328 4.124 4.375 4.883 1.428 5.714 2.628 6.817 1.787 2.082 2.979 
7.898 6.487 7.318 1.938 0.683 4.662 5.602 7.282 2.337 6.513 10.001 1.123 3.995 7.485 10.698 1.381 8.516 5.582 4.419 7.872 4.827 2.301 9.565 1.702 1.453 4.217 3.930 5.772 2.118 5.730 6.022 1.946 9.903 7.480 3.487 3.038 8.934 7.867 8.810 4.668 7.902 5.164 8.892 1.564 7.135 6.822 4.426 7.476 7.762 6.838 7.605 6.434 2.682 9.029 6.070 1.950 5.840 0.766 1.625 2.581 10.862 4.655 2.140 9.238 8.506 1.966 6.170 6.306 1.121 1.784 9.330 6.594 4.893 6.909 6.517 2.994 4.089 0.911 7.192 0.283 3.117 8.085 7.337 2.171 5.152 0.338 2.870 5.738 2.067 4.168 3.896 8.261 3.032 7.446 9.532 7.751 9.785 7.655 8.163 3.449 
6.448 5.644 5.771 0.875 1.744 3.044 4.387 5.712 1.467 4.892 8.379 2.383 2.526 5.893 9.078 2.254 7.417 4.046 3.049 6.515 4.112 3.510 7.972 0.492 0.978 3.713 2.832 4.370 1.050 4.209 4.450 1.932 8.281 6.471 3.789 3.659 7.312 7.047 7.608 4.444 6.334 4.015 7.817 2.349 5.722 5.477 3.391 6.816 6.235 5.593 6.761 5.065 1.529 7.562 4.449 2.290 4.955 0.893 2.276 2.252 9.239 3.205 2.690 7.615 6.950 2.455 4.941 5.700 2.052 1.220 7.709 5.140 3.755 5.375 5.378 3.766 2.946 1.637 5.631 1.762 3.805 6.544 6.032 1.684 4.122 1.626 4.027 4.117 0.713 2.875 2.273 6.655 3.377 6.442 7.913 7.010 8.168 6.288 6.825 2.207 
0.213 3.995 1.180 6.906 8.282 4.356 2.848 4.744 5.797 2.902 4.405 8.922 4.028 4.377 4.156 8.776 2.988 2.555 6.101 1.006 4.690 8.830 2.470 6.785 7.374 5.384 4.346 6.030 6.898 5.170 2.351 6.697 3.692 3.242 7.268 7.862 3.159 4.342 2.449 6.103 1.293 7.111 3.310 7.680 6.307 1.522 7.289 5.003 0.742 2.008 4.139 1.733 5.369 1.019 3.623 7.121 8.391 7.402 8.743 8.085 4.544 3.358 7.459 3.707 1.214 7.334 7.093 9.639 7.746 6.351 3.281 5.827 3.549 5.139 7.674 8.189 6.879 7.484 1.412 8.223 8.047 0.879 7.135 7.658 7.551 7.858 9.067 3.300 6.570 3.910 4.660 2.143 7.261 3.263 3.263 4.704 4.550 0.959 1.203 4.617 
3.737 7.089 2.690 6.813 8.511 3.869 5.334 1.966 6.914 2.109 1.479 9.095 5.029 1.519 2.322 8.753 6.547 3.640 4.853 4.542 7.135 10.106 2.162 6.895 7.375 7.605 6.062 4.009 6.707 3.365 3.074 7.962 1.529 6.641 9.197 9.574 0.743 7.765 6.004 8.516 2.280 5.322 6.875 8.851 3.546 4.538 5.853 8.307 2.868 5.165 7.524 4.408 6.433 3.826 2.458 8.446 6.339 7.775 8.596 7.474 2.382 4.661 8.867 0.735 2.509 8.673 4.816 7.564 8.734 7.338 1.081 3.359 5.736 2.552 5.269 9.843 5.654 8.361 2.551 8.640 9.765 2.692 4.333 7.262 5.761 8.512 10.504 2.838 6.558 5.445 4.634 1.431 9.023 6.654 1.341 8.083 1.332 4.426 4.768 5.908 
6.681 3.518 6.803 5.107 4.828 5.990 4.042 8.680 2.931 7.017 10.450 5.217 4.209 8.665 10.697 5.534 5.868 5.427 6.938 6.233 2.191 2.976 9.151 4.717 5.008 1.506 3.021 8.071 5.286 7.591 5.994 2.361 10.021 4.737 0.778 1.538 9.150 4.592 6.446 0.906 7.448 8.082 6.128 2.655 9.291 5.354 7.557 3.923 7.028 4.986 4.422 5.171 3.231 7.737 7.013 2.207 9.146 4.284 5.763 6.378 11.000 4.420 2.060 9.623 7.857 2.196 8.881 9.937 3.074 3.017 9.467 8.645 3.423 8.570 9.396 1.852 7.074 3.251 6.809 4.425 1.641 7.387 9.804 5.833 8.266 3.816 2.849 6.434 4.929 3.643 5.265 8.166 1.177 4.697 9.579 4.323 10.390 6.098 6.391 3.356 
0.425 3.571 1.681 7.084 8.381 4.686 2.677 5.280 5.797 3.381 4.960 9.020 4.133 4.925 4.651 8.907 2.412 2.792 6.461 0.473 4.432 8.736 2.957 6.934 7.527 5.160 4.280 6.479 7.092 5.618 2.693 6.643 4.228 2.728 7.069 7.697 3.729 3.809 1.878 5.817 1.868 7.515 2.733 7.624 6.821 1.315 7.647 4.501 1.302 1.653 3.620 1.646 5.394 1.115 4.078 7.046 8.809 7.493 8.894 8.317 5.050 3.453 7.361 4.276 1.759 7.252 7.551 10.049 7.722 6.359 3.837 6.322 3.412 5.655 8.140 8.031 7.219 7.485 1.908 8.291 7.878 1.455 7.646 7.867 7.948 7.891 8.939 3.701 6.744 3.911 4.907 2.720 7.096 2.752 3.807 4.182 5.116 0.528 0.626 4.630 
5.088 7.242 3.833 4.511 6.230 2.100 5.284 0.948 5.389 2.121 4.050 6.748 3.919 1.311 5.089 6.332 7.598 3.386 2.200 5.727 6.633 8.337 4.743 4.701 5.067 6.832 5.180 1.226 4.363 0.687 3.064 6.388 4.312 7.264 7.987 8.160 3.476 8.314 7.291 7.793 3.909 2.534 7.998 7.113 1.397 5.188 3.084 8.603 4.297 5.748 8.025 4.852 4.963 5.717 1.487 6.857 3.617 5.637 6.126 4.873 5.084 3.947 7.294 3.493 4.469 7.070 2.153 4.868 6.885 5.652 3.857 0.823 5.322 0.514 2.698 8.362 2.942 6.476 3.601 6.452 8.338 4.359 2.178 4.764 2.976 6.472 8.819 2.046 4.336 4.601 2.871 3.514 7.698 7.261 4.114 8.525 3.726 5.525 6.046 4.735 
