10 40 40
24 104 80 112 76 59 65 41 120 56 
22 138 157 127 46 112 159 40 144 56 59 180 108 122 30 63 191 119 129 49 15 15 19 67 198 71 85 59 76 134 73 77 94 79 157 119 144 47 22 82 
33 14 13 18 33 33 25 15 15 30 15 25 31 18 14 25 14 12 14 17 28 17 7 33 18 8 17 14 12 8 16 27 18 16 17 7 5 17 22 12 
509.094 1134.977 1231.975 1118.959 630.516 1009.460 1229.316 670.236 1164.505 765.752 760.144 1257.813 993.825 1097.174 607.552 745.313 1320.498 1063.224 1103.379 702.441 362.967 374.024 412.211 751.001 1325.377 841.879 958.870 751.642 809.507 1111.821 820.821 865.844 916.795 903.425 1222.022 1115.061 1130.194 654.363 486.431 891.121 
8.557 3.062 7.525 9.833 5.493 8.991 5.208 7.780 8.036 9.299 9.626 3.560 3.095 8.655 10.007 7.434 2.501 6.078 3.877 9.482 7.978 5.601 3.807 8.982 6.234 0.698 8.378 6.035 6.718 6.923 9.302 4.521 4.297 3.231 7.632 5.363 5.318 5.160 8.866 8.888 
7.949 4.448 1.769 3.270 1.153 2.490 4.042 3.054 5.710 2.940 3.257 3.561 3.511 8.055 4.406 1.116 5.324 2.380 5.204 3.498 1.475 6.577 3.479 6.717 6.282 5.866 3.896 1.984 1.914 3.166 4.166 2.397 6.222 5.915 2.505 2.617 3.292 6.026 5.916 4.407 
8.561 3.182 4.256 5.926 1.617 4.993 2.189 5.127 6.889 5.706 5.553 0.794 1.121 8.673 6.977 3.837 2.555 3.634 4.406 5.365 4.016 6.303 0.767 7.970 6.395 3.434 4.449 1.936 3.822 3.041 5.271 2.097 5.439 4.698 3.537 3.229 1.743 5.697 7.414 6.496 
4.855 3.984 1.979 4.855 3.664 4.725 6.742 0.989 2.501 3.558 5.617 5.436 4.758 4.956 3.221 2.724 6.892 1.134 3.852 6.253 4.051 4.272 5.511 3.505 3.664 6.398 7.096 5.029 1.305 6.337 7.244 2.820 4.535 4.811 5.701 1.698 6.061 3.892 2.748 1.907 
5.107 4.593 1.760 4.459 3.900 4.450 7.024 0.439 2.634 3.094 5.330 5.849 5.237 5.202 2.596 2.582 7.371 1.580 4.477 6.042 3.887 4.814 5.902 3.534 4.153 6.974 7.079 5.189 1.409 6.438 7.132 3.301 5.142 5.438 5.689 2.237 6.318 4.466 2.664 1.375 
3.971 2.022 4.564 7.512 4.594 7.118 6.899 3.950 3.151 6.380 7.988 5.024 4.026 4.080 6.154 5.032 5.816 2.780 1.084 8.383 6.222 1.694 5.226 4.077 1.686 4.506 8.529 5.989 3.599 7.372 9.004 2.836 1.574 2.014 7.232 2.296 6.431 1.126 4.021 4.572 
8.752 7.318 2.489 0.948 4.467 1.736 6.988 3.311 6.228 0.658 2.250 6.864 6.803 8.838 2.461 2.362 8.630 4.290 7.701 3.250 2.248 8.473 6.762 6.904 7.878 9.106 5.217 4.833 3.462 5.404 4.720 5.353 8.567 8.579 4.160 4.940 6.251 8.052 5.920 3.842 
1.470 4.547 6.159 9.040 6.979 8.899 9.489 5.038 2.452 7.693 9.792 7.632 6.634 1.568 6.749 6.841 8.358 4.666 3.324 10.364 8.147 1.523 7.832 2.686 0.928 6.828 10.856 8.417 5.333 9.809 11.197 5.322 2.820 3.861 9.500 4.488 8.990 1.933 3.279 4.916 
5.674 5.956 2.194 4.032 4.827 4.346 7.943 1.160 3.166 2.575 5.149 6.985 6.468 5.752 1.309 2.980 8.587 2.866 5.816 6.015 4.087 5.955 7.006 3.754 5.205 8.310 7.444 5.943 2.423 7.051 7.297 4.559 6.422 6.780 6.105 3.564 7.206 5.676 2.767 0.686 
7.022 1.858 6.685 9.267 5.120 8.536 5.727 6.703 6.605 8.536 9.264 3.796 2.971 7.120 8.974 6.751 3.430 5.057 2.392 9.283 7.517 4.066 4.066 7.515 4.706 1.425 8.539 6.000 5.790 7.115 9.351 3.742 2.763 1.695 7.581 4.329 5.632 3.628 7.464 7.690 
10.988 11.801 6.483 4.013 11.015 7.849 7.435 10.499 6.457 11.569 9.255 8.084 1.810 10.597 8.537 10.776 10.786 8.538 1.528 3.944 7.574 10.283 1.762 8.145 6.059 5.052 9.595 8.346 7.048 3.713 0.749 9.426 8.510 3.919 6.955 9.665 7.883 8.177 11.041 0.567 
5.771 8.063 4.221 3.960 7.399 5.390 2.142 4.994 7.854 6.422 3.817 8.391 4.255 6.222 3.351 5.359 5.148 2.760 5.001 5.146 1.622 5.856 5.998 6.790 0.105 6.050 3.858 4.920 5.124 6.317 6.015 5.332 3.086 2.402 1.088 3.827 2.163 8.898 7.316 5.490 
5.510 5.058 0.652 2.817 4.271 1.038 6.889 5.615 3.911 5.878 8.211 3.733 6.130 4.306 7.988 5.660 6.096 6.927 5.289 3.147 5.280 4.094 5.547 1.926 4.853 2.838 5.524 1.908 0.275 4.248 6.323 3.164 7.606 5.873 4.737 5.872 4.639 4.336 4.331 6.264 
5.878 3.408 3.543 5.655 2.831 2.184 9.400 6.476 4.668 5.931 10.436 3.250 9.040 4.019 10.373 6.320 6.985 9.143 8.024 5.628 7.568 4.062 8.062 1.442 7.527 4.774 6.955 2.891 2.686 6.376 8.958 3.478 9.939 8.816 7.173 7.377 6.727 3.874 3.014 9.008 
3.048 4.372 2.365 4.343 3.700 2.489 5.181 2.935 6.631 3.561 6.074 6.332 6.816 2.655 6.056 3.044 3.396 4.786 6.642 5.219 3.262 2.304 7.262 4.136 3.625 5.359 2.826 1.478 2.815 6.495 7.776 1.641 5.607 5.677 2.993 3.201 2.371 6.970 3.619 7.499 
4.824 2.641 3.205 5.562 1.951 1.755 8.636 5.433 5.338 4.884 9.564 4.131 8.858 2.973 9.551 5.269 5.941 8.281 8.022 5.757 6.750 3.008 8.200 1.948 6.868 5.096 5.964 2.047 2.504 6.673 9.029 2.446 9.104 8.395 6.414 6.390 5.868 4.782 2.104 9.001 
0.930 4.662 5.492 7.347 4.443 5.288 5.553 0.254 9.693 1.474 5.439 9.164 9.257 2.756 5.835 0.275 0.482 4.473 9.449 8.309 3.851 2.566 10.196 6.838 5.143 8.490 1.519 4.083 5.829 9.599 10.579 3.086 5.360 7.633 4.168 1.805 3.085 9.825 4.247 10.206 
6.754 6.465 1.443 1.664 5.681 2.437 6.977 6.722 3.096 7.174 8.510 3.600 5.066 5.693 8.159 6.824 7.173 7.280 4.004 1.733 5.662 5.461 4.159 2.690 4.857 1.572 6.418 3.282 1.592 2.842 4.982 4.529 7.835 5.235 5.026 6.714 5.227 4.064 5.747 4.988 
9.080 9.430 4.139 1.713 8.642 5.422 6.986 8.765 4.217 9.606 8.787 5.683 2.637 8.409 8.203 8.979 9.128 7.794 1.072 1.423 6.467 8.123 1.220 5.622 5.105 2.595 8.076 6.058 4.596 1.635 1.948 7.222 8.034 3.936 5.780 8.243 6.482 5.861 8.688 2.023 
6.289 4.576 2.528 4.315 3.880 1.601 8.723 6.675 3.403 6.486 9.959 2.381 7.717 4.637 9.790 6.610 7.184 8.664 6.616 4.190 7.030 4.566 6.614 0.049 6.718 3.318 6.885 2.746 1.619 4.920 7.523 3.765 9.389 7.691 6.535 7.278 6.298 3.047 4.023 7.597 
4.972 2.088 4.095 6.453 1.587 2.646 9.341 5.716 5.970 4.913 10.165 4.577 9.751 3.041 10.204 5.493 6.209 8.898 8.907 6.618 7.421 3.178 9.064 2.632 7.648 5.900 6.405 2.787 3.394 7.492 9.905 2.858 9.746 9.257 7.135 6.838 6.507 5.195 1.789 9.888 
2.664 5.803 4.560 5.890 5.341 4.898 3.674 1.756 8.872 3.317 3.982 8.720 7.378 3.765 4.182 2.151 1.888 2.799 7.747 6.974 1.859 3.435 8.587 6.546 3.158 7.405 0.644 3.832 5.168 8.274 8.857 3.402 3.700 5.661 2.177 0.855 1.107 9.349 5.188 8.429 
3.596 6.389 4.152 5.112 5.837 4.785 2.930 2.761 8.393 4.253 3.667 8.444 6.373 4.397 3.675 3.138 2.912 2.379 6.817 6.244 0.977 4.041 7.697 6.407 2.134 6.807 1.639 3.882 4.887 7.533 7.912 3.782 3.214 4.637 1.156 1.693 0.098 9.044 5.710 7.462 
11.099 11.904 6.586 4.114 11.117 7.948 7.532 10.610 6.509 11.680 9.350 8.147 1.905 10.705 8.631 10.887 10.897 8.640 1.627 4.027 7.682 10.391 1.809 8.232 6.167 5.124 9.706 8.451 7.145 3.767 0.786 9.533 8.607 4.016 7.064 9.776 7.994 8.233 11.145 0.675 
8.067 6.654 3.220 3.667 5.954 3.200 9.240 8.286 1.338 8.348 10.726 1.377 6.862 6.579 10.409 8.293 8.778 9.472 5.443 2.991 7.833 6.456 5.150 2.068 7.124 1.779 8.246 4.394 2.630 3.247 6.146 5.580 10.070 7.399 7.226 8.593 7.290 1.787 6.091 6.373 
4.784 4.246 1.123 3.566 3.457 0.375 6.910 4.988 4.574 5.112 8.082 4.106 6.784 3.482 7.940 4.990 5.485 6.785 6.054 3.979 5.160 3.286 6.362 1.940 4.981 3.656 5.051 1.118 0.742 5.087 7.111 2.364 7.528 6.318 4.697 5.430 4.408 4.750 3.507 7.020 
3.721 7.293 6.221 7.218 6.924 6.658 3.135 2.663 10.504 4.287 2.633 10.451 8.060 5.268 3.106 3.070 2.412 1.848 8.748 8.366 2.205 4.977 9.689 8.305 3.716 8.941 1.567 5.599 6.888 9.647 9.801 5.098 2.654 6.093 2.861 1.137 2.228 11.071 6.752 9.295 
5.647 6.297 1.191 1.740 5.521 2.620 5.309 5.408 4.802 6.163 6.805 5.189 4.575 5.027 6.473 5.585 5.812 5.571 4.101 2.693 3.955 4.721 4.662 3.712 3.203 3.149 4.904 2.801 2.077 3.994 5.223 3.851 6.137 4.082 3.317 5.155 3.568 5.708 5.524 5.009 
6.999 9.017 4.578 3.555 8.311 5.920 2.786 6.264 7.606 7.644 4.614 8.417 3.014 7.280 3.986 6.618 6.435 3.775 3.980 4.667 2.898 6.918 5.035 7.125 1.400 5.747 5.150 5.686 5.482 5.689 4.907 6.296 3.856 1.115 2.380 5.122 3.443 8.854 8.251 4.336 
4.331 1.071 4.650 7.096 0.743 3.259 9.315 5.190 6.953 4.167 9.964 5.594 10.293 2.421 10.083 4.911 5.656 8.734 9.579 7.385 7.361 2.653 9.819 3.581 7.788 6.765 6.042 3.018 4.079 8.336 10.616 2.639 9.611 9.609 7.165 6.474 6.412 6.214 0.951 10.550 
4.172 2.931 2.435 4.893 2.145 1.099 7.616 4.644 5.409 4.350 8.559 4.512 8.079 2.514 8.535 4.535 5.156 7.273 7.382 5.268 5.733 2.430 7.674 2.169 5.864 4.810 5.047 1.027 1.947 6.317 8.436 1.661 8.090 7.477 5.394 5.467 4.857 5.178 2.214 8.347 
8.878 10.513 5.533 3.619 9.764 6.979 4.478 8.204 7.446 9.510 6.286 8.640 1.175 8.940 5.559 8.541 8.403 5.641 2.686 4.392 4.896 8.588 3.755 7.858 3.395 5.636 7.130 7.045 6.355 5.023 3.304 7.865 5.547 0.969 4.367 7.117 5.410 8.951 9.735 2.659 
2.394 5.567 4.562 5.997 5.122 4.820 3.942 1.499 8.877 3.047 4.208 8.669 7.584 3.527 4.432 1.887 1.665 3.046 7.910 7.061 2.126 3.203 8.731 6.465 3.399 7.448 0.528 3.722 5.132 8.362 9.025 3.218 3.949 5.897 2.421 0.862 1.340 9.304 4.965 8.610 
10.146 10.349 5.116 2.762 9.563 6.323 7.908 9.845 4.342 10.664 9.728 6.008 2.970 9.419 9.109 10.054 10.209 8.782 1.276 2.163 7.504 9.144 0.360 6.322 6.106 3.063 9.155 7.043 5.481 1.604 1.385 8.232 8.971 4.666 6.822 9.317 7.551 6.070 9.621 1.806 
8.913 10.229 5.075 2.929 9.462 6.524 5.116 8.327 6.612 9.525 6.946 7.877 0.679 8.780 6.256 8.635 8.575 6.187 1.805 3.577 5.241 8.440 2.884 7.258 3.721 4.831 7.343 6.732 5.837 4.137 2.539 7.658 6.195 1.651 4.643 7.381 5.617 8.157 9.452 1.933 
5.470 8.691 6.238 6.483 8.187 7.086 1.075 4.444 10.240 6.095 1.359 10.553 6.502 6.662 1.288 4.868 4.330 0.267 7.489 7.672 1.586 6.322 8.517 8.665 2.499 8.496 3.156 6.260 7.066 8.868 8.443 6.160 0.817 4.417 2.143 2.846 2.426 11.115 8.047 7.870 
2.490 1.390 5.470 7.902 1.617 4.418 8.471 3.520 8.734 2.104 8.724 7.612 10.715 1.282 9.005 3.145 3.890 7.618 10.352 8.487 6.544 1.639 10.805 5.377 7.388 8.156 4.660 3.543 5.245 9.618 11.461 2.412 8.522 9.599 6.563 5.056 5.593 8.262 1.420 11.268 
1.757 3.346 3.570 5.750 2.833 3.147 5.973 2.053 7.610 2.174 6.491 7.005 8.246 1.372 6.646 1.978 2.565 5.280 8.083 6.557 4.016 1.008 8.680 4.676 4.772 6.550 2.600 1.942 3.753 7.804 9.215 0.973 6.169 7.007 3.967 3.033 3.054 7.667 2.688 8.944 
5.505 5.685 0.388 2.121 4.899 1.839 6.017 5.424 4.327 5.960 7.426 4.492 5.275 4.616 7.150 5.540 5.869 6.162 4.603 2.775 4.519 4.346 5.014 2.888 3.943 2.879 5.113 2.253 1.247 4.020 5.690 3.429 6.789 4.905 3.927 5.416 3.990 5.047 4.924 5.554 
1.187 2.599 4.799 7.087 2.403 4.081 7.034 2.126 8.579 1.136 7.274 7.734 9.637 0.784 7.551 1.795 2.549 6.164 9.455 7.831 5.123 0.803 10.020 5.396 6.056 7.706 3.210 2.963 4.814 9.046 10.584 1.709 7.068 8.362 5.189 3.612 4.184 8.400 2.200 10.326 
3.548 0.439 5.601 8.076 1.126 4.356 9.315 4.554 8.383 3.190 9.687 7.088 11.087 1.993 9.925 4.196 4.947 8.541 10.561 8.522 7.363 2.348 10.913 4.994 8.068 8.035 5.634 3.736 5.203 9.566 11.642 2.850 9.443 10.146 7.308 6.043 6.402 7.714 1.045 11.508 
4.482 6.135 2.381 3.227 5.433 3.376 3.910 4.009 6.493 5.082 5.217 6.696 5.127 4.437 4.984 4.266 4.343 3.945 5.195 4.327 2.300 4.080 5.969 4.865 2.003 4.870 3.291 2.872 3.228 5.623 6.325 3.417 4.600 3.887 1.731 3.495 1.848 7.263 5.370 5.965 
8.033 10.065 5.476 4.074 9.352 6.863 3.175 7.267 8.101 8.681 4.977 9.083 2.475 8.340 4.252 7.631 7.411 4.369 3.826 5.066 3.789 7.978 4.911 7.974 2.377 6.242 6.113 6.704 6.364 5.916 4.571 7.350 4.240 0.404 3.354 6.047 4.435 9.471 9.297 3.939 
7.267 9.608 5.448 4.521 8.934 6.740 2.107 6.432 8.573 7.922 3.924 9.371 3.522 7.777 3.224 6.816 6.529 3.298 4.742 5.622 2.860 7.411 5.819 8.015 1.643 6.713 5.223 6.394 6.359 6.611 5.571 6.875 3.180 1.412 2.540 5.115 3.618 9.815 8.856 4.957 
2.440 1.753 4.075 6.508 1.261 3.075 7.567 3.235 7.493 2.420 8.073 6.524 9.370 0.512 8.245 2.978 3.711 6.875 8.963 7.097 5.607 0.691 9.409 4.210 6.259 6.804 4.096 2.148 3.884 8.241 10.069 1.061 7.767 8.351 5.514 4.526 4.645 7.186 1.097 9.885 
5.467 6.561 1.809 2.064 5.806 3.150 4.581 5.100 5.495 6.029 6.094 5.917 4.346 5.103 5.749 5.323 5.463 4.874 4.156 3.168 3.278 4.771 4.859 4.380 2.475 3.788 4.450 3.084 2.720 4.462 5.291 3.969 5.419 3.553 2.622 4.660 2.984 6.435 5.783 4.991 
0.856 4.202 4.764 6.696 3.887 4.534 5.510 0.638 8.944 1.511 5.644 8.412 8.775 2.201 5.947 0.626 1.150 4.561 8.867 7.625 3.672 1.952 9.575 6.090 4.815 7.765 1.580 3.329 5.079 8.907 10.001 2.363 5.464 7.257 3.871 1.977 2.798 9.073 3.703 9.655 
8.272 9.951 5.052 3.316 9.208 6.488 4.039 7.599 7.267 8.904 5.866 8.359 1.606 8.353 5.169 7.935 7.802 5.146 2.847 4.211 4.321 7.999 3.931 7.443 2.810 5.425 6.533 6.498 5.899 4.982 3.625 7.288 5.117 0.576 3.776 6.528 4.810 8.707 9.174 3.011 
9.456 9.444 4.290 2.131 8.662 5.419 7.837 9.234 3.456 9.945 9.620 5.057 3.500 8.609 9.059 9.414 9.627 8.586 1.820 1.257 7.192 8.350 1.328 5.342 5.894 2.075 8.644 6.210 4.572 0.744 2.326 7.427 8.871 4.858 6.501 8.844 7.119 5.158 8.729 2.625 
8.130 7.561 2.825 2.028 6.794 3.604 8.002 8.111 2.030 8.535 9.634 3.179 5.038 6.988 9.214 8.212 8.562 8.448 3.611 1.158 6.871 6.778 3.403 3.276 5.893 0.195 7.785 4.591 2.778 1.674 4.367 5.847 8.929 5.744 6.206 8.068 6.522 3.443 6.886 4.552 
