10 20 40
35 99 122 115 82 95 38 64 43 121 
362 248 110 164 34 370 101 65 67 160 298 45 202 356 244 253 133 116 354 373 
17 10 30 10 28 32 10 32 9 23 33 12 12 16 8 19 23 27 29 23 7 27 20 35 35 32 15 24 16 10 10 22 26 14 9 21 18 34 18 13 
1278.585 1200.207 730.456 876.688 431.785 1423.718 734.866 576.249 627.810 861.905 1262.516 450.223 1055.838 1268.139 1125.200 1193.643 791.517 782.425 1298.923 1397.684 
7.852 10.016 9.892 9.114 3.068 7.575 8.189 8.844 6.093 2.992 9.295 6.783 5.747 9.313 9.511 4.241 8.964 7.976 8.551 5.330 
7.227 9.388 9.409 8.656 2.471 7.247 7.567 8.333 5.467 2.374 8.679 6.357 5.276 8.813 8.900 3.665 8.395 7.406 8.204 4.711 
6.466 8.468 7.845 7.075 2.465 5.682 6.870 6.801 4.739 2.157 8.062 4.764 3.702 7.266 8.336 2.335 6.986 6.004 6.626 4.181 
4.203 6.450 9.497 9.094 2.165 8.953 4.301 8.240 2.960 2.487 5.072 7.478 6.278 8.791 5.160 4.209 7.474 6.647 9.645 2.127 
1.783 3.812 6.212 5.955 3.398 6.498 2.229 4.961 0.539 3.302 3.458 4.888 3.909 5.505 3.784 2.675 4.040 3.272 6.952 1.342 
4.643 6.903 8.610 8.072 0.428 7.548 4.909 7.382 2.963 0.760 5.940 6.184 4.960 7.924 6.126 2.830 6.924 5.991 8.327 2.072 
3.184 5.387 8.993 8.689 2.848 8.872 3.229 7.738 2.253 3.080 3.950 7.321 6.178 8.285 4.035 4.269 6.804 6.060 9.471 1.668 
7.983 9.848 8.124 7.252 4.171 5.305 8.415 7.262 6.311 3.875 9.630 4.875 4.128 7.647 9.925 3.591 7.788 6.854 6.311 5.838 
4.146 6.351 9.721 9.354 2.617 9.307 4.193 8.463 3.073 2.935 4.872 7.810 6.622 9.014 4.928 4.582 7.627 6.833 9.977 2.317 
3.484 5.761 8.640 8.254 1.951 8.215 3.647 7.382 2.113 2.176 4.549 6.707 5.525 7.933 4.692 3.517 6.608 5.781 8.872 1.261 
3.664 5.006 2.051 5.632 2.320 6.810 2.833 5.216 8.532 7.760 3.923 2.450 1.515 3.310 5.785 3.563 1.659 4.525 5.267 7.104 7.788 7.576 3.129 0.804 8.793 2.226 7.684 3.759 5.097 3.398 5.207 5.065 5.858 4.818 3.740 3.192 6.200 4.551 6.480 5.215 
5.909 6.702 4.241 7.138 0.363 8.689 2.245 7.003 8.669 8.199 5.530 4.726 2.743 5.037 5.342 4.946 3.010 2.259 7.448 8.737 9.804 9.527 5.373 3.040 10.779 4.053 9.768 3.667 7.294 5.674 7.361 7.206 6.028 6.605 5.082 5.307 8.364 2.301 8.315 5.613 
7.831 11.506 6.787 5.239 6.865 7.414 4.298 11.608 2.368 2.581 5.181 7.989 5.312 5.476 1.202 4.615 5.282 6.657 10.748 6.467 8.824 8.300 7.549 7.280 9.390 8.852 9.180 3.012 8.259 8.600 10.815 10.746 1.342 5.998 4.497 9.279 8.705 6.517 7.004 2.098 
7.363 11.296 6.486 4.456 7.160 6.595 4.558 11.363 1.867 1.713 4.627 7.693 5.238 5.009 1.845 4.152 5.161 7.230 10.336 5.591 7.995 7.463 7.133 7.177 8.520 8.730 8.376 3.157 7.647 8.221 10.422 10.367 0.884 5.324 4.010 9.014 8.005 7.099 6.196 1.634 
1.222 5.236 2.887 3.928 7.201 3.223 6.620 5.020 9.096 7.893 3.301 2.705 4.753 3.091 8.120 3.914 4.530 9.287 3.012 4.314 3.474 3.528 1.757 4.267 4.476 4.459 3.146 6.483 0.480 2.022 3.207 3.257 7.159 2.713 4.005 3.331 1.513 9.285 3.178 6.385 
7.128 11.630 6.851 3.336 8.879 4.994 6.390 11.595 2.288 1.113 4.462 7.966 6.330 5.068 4.386 4.405 6.153 9.443 10.105 3.734 6.255 5.702 7.088 8.011 6.539 9.417 6.746 4.990 6.881 8.211 10.247 10.237 2.874 4.565 4.218 9.292 6.862 9.329 4.686 2.984 
3.961 4.782 2.422 6.115 2.121 7.243 3.110 5.026 8.982 8.232 4.405 2.620 1.985 3.785 6.154 4.056 2.144 4.417 5.291 7.572 8.184 7.990 3.432 0.928 9.195 2.014 8.057 4.146 5.423 3.559 5.209 5.057 6.300 5.276 4.233 3.160 6.542 4.459 6.922 5.673 
6.585 10.272 5.531 4.248 5.961 6.447 3.359 10.364 3.067 2.721 3.977 6.734 4.118 4.235 1.120 3.377 4.068 6.128 9.491 5.635 7.863 7.360 6.294 6.078 8.511 7.645 8.173 1.958 7.068 7.341 9.557 9.488 0.529 4.867 3.269 8.030 7.577 6.004 6.024 0.951 
1.955 4.812 0.290 4.276 4.050 5.143 3.723 4.874 8.123 7.155 2.618 1.253 1.806 1.964 6.021 2.566 1.667 6.133 4.179 5.591 6.050 5.864 1.424 1.336 7.062 2.464 5.928 4.058 3.344 2.044 4.194 4.095 5.615 3.267 2.751 2.530 4.440 6.137 4.844 4.861 
1.266 5.554 2.840 3.551 7.175 2.886 6.458 5.352 8.735 7.526 2.989 2.820 4.625 2.830 7.838 3.631 4.390 9.210 3.384 3.946 3.245 3.252 1.773 4.301 4.261 4.623 2.968 6.250 0.225 2.238 3.573 3.618 6.838 2.345 3.710 3.572 1.363 9.201 2.820 6.069 
5.045 4.802 3.606 7.340 1.720 8.459 3.717 5.131 9.940 9.273 5.631 3.578 3.089 5.015 6.888 5.255 3.287 4.001 5.889 8.804 9.364 9.189 4.533 2.018 10.381 2.336 9.211 4.969 6.530 4.460 5.764 5.594 7.246 6.506 5.428 3.740 7.662 4.083 8.145 6.679 
5.660 10.067 5.257 2.167 7.388 4.233 4.992 10.049 3.158 1.954 2.919 6.393 4.741 3.495 3.654 2.797 4.555 8.167 8.666 3.215 5.623 5.086 5.569 6.397 6.142 7.808 6.022 3.666 5.611 6.696 8.791 8.769 2.078 3.239 2.611 7.727 5.794 8.066 3.845 1.775 
4.455 8.939 4.197 1.097 6.894 3.291 4.746 8.900 4.377 3.178 1.772 5.282 4.041 2.396 4.248 1.852 3.816 8.006 7.454 2.551 4.708 4.202 4.395 5.480 5.363 6.801 5.038 3.628 4.394 5.519 7.584 7.567 2.830 2.022 1.671 6.602 4.638 7.924 2.872 2.221 
7.134 10.805 6.078 4.684 6.322 6.877 3.727 10.903 2.736 2.616 4.509 7.281 4.627 4.782 0.944 3.922 4.588 6.307 10.043 6.003 8.293 7.780 6.845 6.593 8.905 8.163 8.623 2.379 7.596 7.893 10.108 10.039 0.767 5.368 3.811 8.573 8.079 6.175 6.460 1.442 
5.263 4.644 3.889 7.692 1.969 8.758 4.098 4.995 10.338 9.670 5.981 3.757 3.478 5.358 7.273 5.625 3.671 4.168 5.906 9.137 9.628 9.469 4.762 2.286 10.648 2.346 9.456 5.363 6.753 4.603 5.767 5.592 7.644 6.830 5.800 3.780 7.889 4.262 8.452 7.077 
2.390 7.027 2.661 1.534 6.458 2.433 4.998 6.939 6.498 5.308 0.917 3.496 3.521 1.222 5.742 1.667 3.253 8.112 5.350 2.695 3.641 3.298 2.443 4.219 4.563 5.233 3.740 4.408 2.316 3.526 5.493 5.487 4.622 0.373 1.671 4.733 2.809 8.068 2.061 3.870 
6.008 9.154 4.663 4.695 4.395 6.812 1.795 9.297 4.634 4.255 3.819 5.813 2.914 3.826 1.520 3.083 2.945 4.644 8.717 6.272 8.194 7.746 5.620 4.862 8.975 6.432 8.402 0.517 6.800 6.553 8.746 8.653 2.037 4.917 3.060 7.025 7.517 4.530 6.381 1.845 
5.103 8.538 3.870 3.772 4.505 5.852 2.017 8.644 4.702 4.063 2.830 5.057 2.367 2.862 2.241 2.097 2.317 5.207 7.898 5.379 7.223 6.784 4.746 4.326 8.022 5.894 7.421 0.757 5.831 5.732 7.944 7.862 2.013 3.931 2.071 6.326 6.530 5.112 5.422 1.458 
7.827 12.204 7.368 4.180 8.916 5.965 6.348 12.199 1.281 0.378 5.083 8.528 6.588 5.641 3.915 4.893 6.445 9.227 10.831 4.727 7.248 6.695 7.734 8.390 7.548 9.861 7.730 4.918 7.711 8.860 10.958 10.937 2.599 5.355 4.712 9.867 7.772 9.102 5.639 2.970 
1.094 4.412 0.712 4.238 4.893 4.699 4.629 4.395 8.587 7.539 2.757 0.769 2.707 2.164 6.763 2.948 2.543 7.032 3.374 5.347 5.441 5.323 0.565 1.963 6.465 2.544 5.252 4.859 2.563 1.208 3.420 3.343 6.200 3.072 3.117 2.074 3.692 7.040 4.457 5.423 
