25 100 100
116 99 70 120 88 112 25 50 102 89 59 48 83 101 115 124 55 129 53 103 54 86 23 74 72 
88 135 88 54 180 176 103 122 17 173 68 60 124 55 172 112 13 115 54 147 117 146 92 137 36 112 176 106 104 143 128 18 137 157 114 72 62 68 111 85 24 120 150 35 98 133 94 134 36 130 166 58 66 88 172 117 58 176 87 156 123 64 51 148 176 162 24 163 84 86 31 177 110 75 108 101 82 111 176 61 49 156 104 178 118 59 143 109 13 108 25 97 66 71 72 98 45 67 79 175 
26 7 17 7 11 5 14 21 26 19 28 9 27 26 19 7 14 20 6 29 26 14 21 33 28 15 20 5 35 21 31 25 12 33 15 9 5 25 33 8 26 10 8 16 33 14 15 16 23 32 25 7 34 33 16 18 19 12 35 25 30 31 22 21 29 16 16 14 26 21 31 27 27 29 8 11 32 19 20 29 33 7 21 16 22 30 17 22 32 8 17 5 11 33 9 10 33 30 20 30 
973.812 1203.721 1018.674 762.630 1374.196 1333.792 1015.230 1171.247 435.467 1404.637 797.954 873.766 1151.198 804.842 1348.958 1067.553 345.666 1122.201 709.062 1229.488 1097.700 1264.611 1011.863 1264.230 649.952 1091.201 1321.615 1030.753 1059.206 1229.261 1132.291 507.093 1216.869 1241.471 1117.315 905.995 825.986 910.798 1154.140 940.607 555.543 1105.906 1176.579 655.429 1043.888 1223.258 1003.753 1210.508 650.918 1149.573 1379.853 778.574 859.359 1022.248 1360.533 1117.337 841.977 1357.663 934.245 1221.411 1141.178 842.245 722.687 1288.751 1369.069 1332.040 561.951 1321.817 984.970 970.870 583.322 1369.563 992.841 910.458 1061.047 975.099 981.050 1094.140 1317.282 876.885 768.040 1255.037 1052.065 1315.803 1135.204 809.034 1282.815 1126.851 351.651 1058.708 551.364 1049.380 773.020 908.702 885.534 1019.370 684.605 890.494 865.121 1299.438 
5.398 4.466 3.304 4.652 2.614 2.680 6.071 2.911 2.276 6.609 6.842 3.995 4.878 5.116 6.787 3.806 5.292 1.416 4.572 1.187 4.466 0.633 4.532 7.637 6.531 4.503 2.668 4.553 2.964 2.467 1.311 2.227 5.710 7.312 4.949 3.569 4.078 6.350 6.206 1.269 0.931 1.903 6.947 7.276 4.979 5.697 3.429 1.088 2.242 7.597 3.773 4.877 5.713 3.333 5.579 6.537 4.360 5.743 7.958 4.938 4.392 7.833 4.330 5.404 6.595 3.158 5.121 7.146 5.003 6.431 7.090 7.274 3.369 7.117 7.182 2.387 4.089 5.075 6.984 7.175 6.877 4.202 5.195 1.267 2.087 2.247 1.351 2.418 3.052 7.227 7.087 9.860 1.126 5.566 2.992 6.514 4.057 4.623 3.116 3.673 
3.203 4.532 2.765 3.253 4.707 3.702 4.695 6.656 6.481 9.498 2.058 3.761 8.975 0.989 2.885 8.215 0.738 5.013 3.490 5.392 7.669 5.772 4.246 5.584 3.163 2.340 8.137 4.798 6.771 5.839 5.878 4.056 2.900 4.501 7.853 3.712 6.431 9.064 1.200 6.996 5.515 7.824 5.867 5.246 1.063 4.174 4.561 7.042 7.321 8.289 2.923 8.724 1.164 2.730 2.164 5.200 6.551 4.876 3.411 5.554 2.644 6.444 2.345 2.142 8.502 3.314 0.914 1.650 4.725 0.478 2.985 6.915 3.731 7.201 8.219 4.762 7.760 3.068 9.820 8.985 7.060 3.388 3.257 5.034 5.511 5.037 7.276 6.284 6.604 3.040 2.697 5.783 5.953 8.334 8.843 0.763 2.392 1.599 3.017 3.660 
6.677 5.000 6.886 6.104 6.960 6.702 6.276 2.252 2.529 2.885 10.396 5.365 0.715 8.342 10.616 0.697 8.405 4.272 8.716 3.981 1.861 4.011 5.275 7.472 7.786 6.683 5.716 4.838 2.136 6.821 5.658 5.035 9.670 7.820 2.185 7.743 2.954 2.875 8.557 4.835 4.031 4.443 6.402 7.260 7.857 6.278 7.768 3.755 2.149 5.337 7.693 1.016 8.130 6.320 7.470 6.415 3.043 5.808 9.372 4.498 8.287 7.100 6.617 9.164 3.742 5.606 8.003 10.430 5.247 9.241 10.894 6.005 5.199 5.570 4.814 6.734 1.393 9.109 3.193 4.157 5.373 8.317 6.478 4.356 3.462 6.624 3.547 2.660 2.313 11.019 8.703 10.445 5.458 2.458 5.016 9.144 6.520 7.309 6.005 5.332 
4.947 3.271 6.294 4.540 7.078 6.460 4.207 1.995 2.636 1.901 9.462 3.932 1.846 7.348 9.883 2.037 7.339 4.089 8.403 3.980 0.547 4.324 3.571 5.239 5.928 5.353 7.022 3.040 1.950 7.310 6.196 4.451 9.105 5.723 0.179 7.538 1.273 1.532 7.082 5.820 4.160 5.767 4.144 5.065 6.719 4.333 7.815 4.771 3.144 3.135 7.246 1.459 6.727 5.475 5.898 4.244 1.144 3.746 7.465 2.471 7.764 4.798 5.351 8.462 1.745 4.646 6.850 9.317 3.336 7.937 10.125 3.685 4.046 3.252 2.625 6.871 1.117 8.651 2.266 2.301 3.052 8.001 4.779 4.244 3.079 6.856 4.677 2.497 1.858 10.235 6.908 8.272 6.024 0.714 6.618 7.756 5.360 6.138 5.175 4.050 
1.477 2.892 2.800 1.601 4.935 3.793 2.981 5.365 5.320 7.883 3.766 2.244 7.564 1.974 4.515 6.913 1.779 4.165 4.436 4.537 6.177 5.031 2.596 4.007 1.708 0.953 7.879 3.149 5.478 5.986 5.683 3.211 4.268 3.023 6.304 4.264 4.908 7.441 0.969 6.582 4.721 7.305 4.172 3.644 1.229 2.451 5.074 6.363 6.266 6.562 3.472 7.279 0.604 2.152 0.488 3.503 4.992 3.148 2.671 3.879 3.501 4.804 1.091 3.461 6.820 2.294 1.250 3.359 3.025 1.845 4.655 5.199 2.434 5.475 6.497 4.909 6.342 4.214 8.191 7.287 5.333 4.193 1.532 4.243 4.383 5.145 6.557 5.079 5.280 4.723 1.779 4.897 5.700 6.743 8.389 1.623 1.346 1.005 2.304 2.260 
4.396 5.598 7.692 5.139 9.816 8.668 4.058 8.526 8.815 9.106 7.586 5.815 9.932 6.621 8.556 9.768 6.360 8.390 9.225 8.695 8.454 9.271 5.419 2.882 3.330 5.516 12.430 5.651 8.610 10.828 10.371 7.602 8.751 2.554 8.270 9.158 7.364 8.691 4.714 11.051 8.935 11.622 3.994 3.035 6.022 4.225 9.975 10.550 9.840 6.350 8.357 9.553 5.024 6.924 4.510 3.872 7.246 4.515 2.443 5.804 8.305 3.597 5.716 7.990 7.639 6.713 5.979 6.803 5.179 5.539 8.557 4.824 6.421 5.355 6.666 9.772 8.895 8.887 9.251 7.784 5.429 9.032 4.596 8.526 8.125 9.992 10.673 8.517 8.364 8.562 3.213 0.236 10.348 8.365 12.724 5.142 6.034 5.907 6.977 6.118 
6.102 5.001 4.205 5.356 3.357 3.560 6.627 2.903 2.274 6.401 7.737 4.652 4.489 6.016 7.658 3.421 6.188 2.103 5.396 1.773 4.358 1.212 5.110 8.178 7.261 5.307 2.236 5.046 2.922 2.959 1.830 3.019 6.568 7.951 4.863 4.397 4.233 6.195 7.058 0.973 1.543 1.162 7.404 7.832 5.861 6.302 4.160 0.204 1.833 7.750 4.654 4.556 6.565 4.200 6.372 7.054 4.511 6.262 8.731 5.320 5.270 8.282 5.142 6.290 6.590 3.949 6.004 8.047 5.517 7.318 7.964 7.611 4.068 7.396 7.300 3.136 3.899 5.923 6.767 7.153 7.156 5.038 5.893 1.996 2.461 2.950 0.481 2.504 3.074 8.101 7.872 10.549 1.628 5.455 2.259 7.391 4.884 5.485 3.967 4.361 
3.006 4.514 5.982 3.741 8.118 6.975 3.259 7.490 7.672 8.784 5.823 4.490 9.222 4.823 6.781 8.879 4.560 6.980 7.430 7.316 7.724 7.872 4.273 2.800 1.826 3.905 10.928 4.641 7.587 9.163 8.794 6.117 6.946 1.818 7.643 7.401 6.516 8.342 2.912 9.578 7.540 10.218 3.747 2.709 4.247 3.189 8.229 9.188 8.695 6.424 6.594 8.865 3.242 5.285 2.844 3.336 6.461 3.718 0.648 5.011 6.516 3.764 4.099 6.184 7.399 5.194 4.196 5.066 4.220 3.743 6.797 4.812 5.020 5.301 6.612 8.090 8.085 7.083 8.994 7.673 5.294 7.248 3.220 7.098 6.875 8.323 9.340 7.384 7.348 6.810 1.431 1.752 8.791 7.866 11.320 3.344 4.410 4.182 5.378 4.736 
6.831 6.381 3.557 6.144 1.508 2.552 7.860 5.354 4.724 9.060 6.293 5.680 7.276 5.220 5.889 6.201 5.471 3.467 3.454 3.435 6.915 3.022 6.359 9.404 7.804 5.615 2.305 6.534 5.412 0.381 1.149 3.784 4.749 8.845 7.394 2.656 6.441 8.801 6.857 2.033 3.217 2.822 8.897 9.020 5.444 7.392 1.969 3.011 4.607 9.910 3.331 7.303 6.399 4.208 6.643 8.388 6.720 7.621 8.980 7.067 3.804 9.775 5.415 4.802 9.011 4.517 5.551 6.858 6.924 6.685 6.196 9.399 5.015 9.315 9.525 1.448 6.539 4.087 9.434 9.594 9.080 3.236 6.661 3.288 4.391 1.182 3.256 4.848 5.487 6.334 8.090 11.155 1.325 8.013 3.362 6.905 5.097 5.337 4.165 5.310 
1.066 1.286 4.443 1.352 6.307 5.223 0.518 4.240 4.503 5.710 6.307 1.699 5.927 4.396 7.022 5.580 4.252 4.230 6.517 4.492 4.432 5.077 1.129 2.032 1.734 2.300 8.314 1.357 4.330 7.134 6.439 3.607 6.639 1.759 4.388 6.048 3.211 5.260 3.297 6.913 4.743 7.400 1.726 1.652 3.625 0.126 6.720 6.303 5.529 4.029 5.377 5.577 3.116 3.458 2.118 1.088 3.164 0.617 3.257 1.738 5.619 2.512 2.450 5.847 4.471 2.886 3.697 5.884 0.915 4.334 7.179 2.672 2.365 2.932 4.000 6.197 4.780 6.453 5.972 4.878 2.794 6.192 1.048 4.386 3.834 6.355 6.405 4.205 4.086 7.253 2.735 4.431 6.374 4.682 8.493 4.037 2.701 3.139 3.353 2.064 
7.620 6.493 5.495 6.874 4.185 4.706 8.121 4.129 3.558 7.237 8.892 6.169 5.140 7.329 8.689 4.166 7.523 3.617 6.307 3.292 5.398 2.726 6.614 9.662 8.777 6.796 1.288 6.525 4.118 3.404 2.579 4.511 7.560 9.464 5.905 5.352 5.526 7.109 8.505 1.291 3.059 0.408 8.852 9.323 7.253 7.810 4.907 1.440 2.790 8.973 5.772 5.310 8.011 5.627 7.868 8.532 5.791 7.744 10.237 6.743 6.365 9.722 6.626 7.405 7.671 5.443 7.392 9.289 7.001 8.690 8.999 8.984 5.585 8.730 8.496 3.996 4.870 6.895 7.581 8.205 8.492 5.998 7.411 3.502 3.933 3.745 1.372 3.831 4.314 9.138 9.373 12.067 2.428 6.447 0.755 8.793 6.357 6.918 5.416 5.880 
5.358 3.670 5.952 4.816 6.388 5.934 4.927 1.238 1.775 2.610 9.348 4.100 1.231 7.256 9.654 0.868 7.292 3.473 7.936 3.268 0.665 3.485 3.951 6.150 6.451 5.464 5.908 3.498 1.140 6.465 5.316 4.067 8.778 6.471 1.149 7.008 1.605 2.390 7.309 4.778 3.395 4.636 5.095 5.925 6.714 4.930 7.167 3.700 2.014 4.345 6.838 1.012 6.901 5.269 6.191 5.078 1.700 4.459 8.034 3.150 7.402 5.827 5.417 8.206 2.912 4.497 6.855 9.313 3.900 8.050 9.918 4.787 4.013 4.393 3.836 6.169 0.098 8.263 2.982 3.435 4.179 7.532 5.164 3.598 2.519 6.112 3.573 1.760 1.206 10.038 7.380 9.102 5.130 1.677 5.440 7.926 5.354 6.149 4.955 4.108 
3.276 3.716 6.901 3.854 8.855 7.747 2.113 6.361 6.763 6.481 8.038 4.279 7.453 6.456 8.898 7.422 6.249 6.770 8.848 7.004 6.016 7.588 3.652 0.549 2.851 4.643 10.841 3.662 6.427 9.710 9.017 6.187 8.748 1.516 5.771 8.498 5.058 6.073 4.833 9.439 7.259 9.864 1.473 0.935 5.709 2.562 9.218 8.752 7.755 3.726 7.773 7.066 4.897 5.953 3.996 1.654 4.890 2.445 3.352 3.548 7.920 0.961 4.827 7.942 5.006 5.452 5.732 7.418 3.190 5.891 8.990 2.183 4.946 2.715 4.026 8.755 6.505 8.684 6.615 5.143 2.796 8.561 3.393 6.932 6.254 8.922 8.823 6.465 6.183 9.036 3.520 2.852 8.948 5.800 10.940 5.507 5.121 5.353 5.887 4.645 
5.964 6.560 2.732 5.597 2.720 2.644 7.433 7.315 6.855 10.891 2.597 5.644 9.675 2.786 1.958 8.680 3.035 5.099 0.636 5.367 8.755 5.393 6.365 8.681 6.413 4.627 6.272 6.813 7.417 3.615 4.337 4.543 0.886 7.735 9.111 1.636 7.773 10.518 4.673 5.633 5.322 6.531 8.651 8.303 3.484 6.875 2.019 6.226 7.295 10.602 1.749 9.553 4.410 3.681 5.194 8.000 7.994 7.431 6.955 7.569 1.319 9.394 4.476 1.431 10.301 4.501 3.483 3.361 6.978 3.942 2.255 9.532 5.185 9.670 10.382 2.921 8.607 0.502 11.258 10.864 9.476 1.029 5.904 4.998 6.035 3.158 6.503 6.802 7.357 2.389 6.185 9.328 4.510 9.705 7.278 4.308 4.246 3.833 3.928 5.335 
3.222 4.912 4.730 3.720 6.801 5.726 4.309 7.637 7.634 9.777 3.674 4.464 9.736 3.142 4.653 9.164 2.872 6.486 5.678 6.861 8.292 7.340 4.615 4.566 2.394 3.286 10.051 5.131 7.748 7.918 7.808 5.522 4.975 3.411 8.346 5.875 7.016 9.327 1.472 8.810 7.038 9.573 5.232 4.332 2.835 3.956 6.725 8.667 8.592 7.912 5.071 9.425 1.965 4.353 2.356 4.644 7.050 4.667 1.587 5.748 4.833 5.538 3.420 4.277 8.546 4.620 2.723 2.880 4.857 1.768 4.639 6.353 4.750 6.764 7.982 6.828 8.525 5.230 10.048 8.931 6.689 5.578 3.396 6.556 6.707 7.092 8.870 7.383 7.537 4.641 1.415 3.808 7.853 8.709 10.641 1.430 3.649 3.065 4.561 4.549 
2.485 0.809 4.037 1.976 5.358 4.472 2.319 2.184 2.473 4.396 6.932 1.351 4.063 4.825 7.423 3.575 4.793 2.652 6.228 2.798 2.628 3.362 1.079 3.807 3.594 2.773 6.601 0.704 2.275 5.933 5.020 2.452 6.744 3.806 2.750 5.494 1.353 3.969 4.514 5.209 3.053 5.562 2.989 3.489 4.161 2.158 5.966 4.446 3.492 3.945 5.034 3.752 4.145 3.100 3.351 2.670 1.441 1.898 5.184 0.975 5.472 3.869 2.781 6.043 3.559 2.266 4.287 6.746 1.180 5.353 7.647 3.316 1.592 3.229 3.655 5.192 2.858 6.368 4.729 4.108 2.997 5.843 2.292 2.829 1.954 5.270 4.506 2.173 2.033 7.750 4.508 6.481 4.908 3.222 6.627 5.176 2.821 3.579 2.838 1.516 
5.439 4.180 4.155 4.705 3.823 3.726 5.803 1.905 1.276 5.465 7.753 3.958 3.656 5.871 7.802 2.582 6.007 1.635 5.698 1.254 3.381 0.955 4.324 7.331 6.619 4.820 3.225 4.194 1.926 3.680 2.516 2.606 6.768 7.193 3.882 4.701 3.244 5.238 6.661 1.956 1.137 2.063 6.506 6.999 5.592 5.524 4.637 0.958 1.010 6.754 4.791 3.675 6.175 3.913 5.845 6.197 3.519 5.413 8.144 4.396 5.409 7.375 4.678 6.378 5.597 3.479 5.740 7.961 4.673 7.059 8.098 6.655 3.444 6.423 6.302 3.596 2.947 6.158 5.836 6.164 6.184 5.312 5.225 1.609 1.615 3.472 0.976 1.517 2.076 8.231 7.314 9.831 2.320 4.482 3.100 7.078 4.459 5.146 3.635 3.714 
6.219 4.562 7.539 5.840 8.164 7.635 5.362 2.984 3.573 0.808 10.763 5.241 1.435 8.649 11.166 2.271 8.645 5.204 9.610 5.037 1.458 5.291 4.862 6.213 7.156 6.663 7.630 4.323 2.904 8.277 7.130 5.672 10.363 6.831 1.151 8.715 2.577 0.738 8.381 6.564 5.183 6.347 5.101 6.093 8.026 5.549 8.929 5.476 3.772 3.404 8.473 1.149 8.032 6.753 7.191 5.317 2.452 4.915 8.662 3.699 9.007 5.627 6.660 9.737 1.744 5.932 8.158 10.626 4.584 9.245 11.412 4.420 5.345 3.916 2.890 7.949 1.730 9.888 1.172 2.059 3.769 9.206 6.059 5.343 4.209 7.904 5.326 3.516 2.899 11.525 8.149 9.283 6.945 0.747 7.052 9.061 6.666 7.446 6.448 5.358 
4.475 4.294 1.229 3.826 1.190 0.441 5.627 4.298 3.800 7.972 4.608 3.478 6.622 3.042 4.543 5.612 3.260 2.060 2.442 2.299 5.798 2.333 4.207 7.131 5.406 3.217 4.147 4.494 4.393 2.098 1.888 1.762 3.486 6.490 6.197 1.478 4.956 7.629 4.498 3.047 2.248 3.917 6.743 6.742 3.113 5.123 1.760 3.329 4.227 8.155 1.527 6.520 4.026 1.807 4.235 6.180 5.207 5.452 6.576 5.146 2.146 7.598 3.016 3.157 7.565 2.238 3.234 4.968 4.813 4.464 4.845 7.390 2.842 7.394 7.846 1.078 5.594 2.873 8.347 8.147 7.172 2.045 4.320 1.941 3.044 1.268 3.597 3.773 4.360 4.981 5.685 8.750 1.967 6.810 4.884 4.629 2.697 2.944 1.800 3.106 
6.358 6.091 2.917 5.707 0.785 1.918 7.489 5.455 4.851 9.198 5.495 5.322 7.538 4.492 5.091 6.468 4.749 3.377 2.656 3.434 7.022 3.135 6.033 9.006 7.268 5.084 3.083 6.269 5.526 0.427 1.415 3.485 3.951 8.372 7.479 1.867 6.410 8.907 6.193 2.599 3.255 3.458 8.579 8.618 4.772 6.995 1.173 3.440 4.900 9.796 2.575 7.525 5.750 3.676 6.074 8.035 6.683 7.290 8.369 6.863 3.020 9.444 4.884 4.007 9.019 4.103 4.870 6.071 6.624 5.957 5.399 9.163 4.667 9.123 9.443 0.811 6.698 3.288 9.575 9.605 8.893 2.437 6.203 3.207 4.365 0.637 3.706 4.930 5.567 5.537 7.483 10.593 1.618 8.102 4.106 6.195 4.565 4.718 3.683 4.948 
3.414 5.010 6.065 4.119 8.198 7.070 3.859 7.966 8.108 9.415 5.498 4.888 9.780 4.736 6.475 9.392 4.466 7.299 7.338 7.647 8.285 8.188 4.752 3.476 2.239 4.130 11.164 5.158 8.067 9.274 8.987 6.398 6.745 2.473 8.227 7.401 7.056 8.970 2.839 9.840 7.861 10.518 4.411 3.378 4.244 3.733 8.242 9.516 9.123 7.095 6.589 9.430 3.241 5.456 3.050 3.978 7.018 4.309 0.669 5.582 6.447 4.440 4.314 6.014 8.044 5.466 4.170 4.702 4.760 3.514 6.464 5.484 5.369 5.969 7.277 8.189 8.624 6.943 9.632 8.330 5.957 7.190 3.628 7.404 7.275 8.434 9.682 7.827 7.833 6.464 1.543 1.985 8.998 8.473 11.615 3.131 4.612 4.271 5.585 5.099 
2.564 3.388 1.425 2.255 3.554 2.432 4.045 5.134 4.920 8.198 3.125 2.505 7.492 1.012 3.628 6.685 1.027 3.425 3.055 3.805 6.253 4.195 3.143 5.289 3.118 1.250 6.723 3.657 5.249 4.639 4.476 2.470 3.105 4.391 6.488 2.833 5.064 7.778 1.883 5.510 3.931 6.308 5.265 4.908 0.543 3.486 3.647 5.481 5.739 7.380 2.043 7.264 1.418 1.143 1.872 4.608 5.219 4.080 4.039 4.436 2.126 5.994 1.131 2.328 7.339 1.776 0.688 3.051 3.718 2.008 3.839 6.189 2.294 6.376 7.225 3.550 6.290 2.918 8.538 7.863 6.199 2.785 2.510 3.449 3.951 3.802 5.709 4.736 5.097 3.938 3.162 6.318 4.524 7.011 7.353 2.079 0.998 0.445 1.431 2.301 
5.435 4.661 2.983 4.699 2.078 2.254 6.232 3.390 2.765 7.113 6.447 4.097 5.415 4.816 6.341 4.346 5.009 1.607 4.077 1.495 4.955 1.053 4.694 7.799 6.532 4.432 2.610 4.775 3.451 1.948 0.822 2.229 5.246 7.397 5.429 3.076 4.485 6.842 6.042 1.297 1.261 2.106 7.171 7.429 4.752 5.822 2.892 1.525 2.787 7.979 3.345 5.406 5.550 3.163 5.512 6.723 4.766 5.934 7.902 5.225 3.958 8.057 4.247 4.985 7.042 3.128 4.889 6.798 5.205 6.180 6.647 7.568 3.445 7.443 7.581 1.853 4.599 4.601 7.489 7.626 7.204 3.717 5.240 1.433 2.447 1.703 1.800 2.880 3.519 6.784 7.019 9.887 0.668 6.049 3.136 6.293 3.955 4.448 2.987 3.752 
3.369 5.018 4.381 3.771 6.402 5.358 4.593 7.618 7.567 9.956 3.097 4.476 9.791 2.698 4.077 9.164 2.434 6.316 5.175 6.695 8.375 7.146 4.718 4.999 2.707 3.191 9.742 5.253 7.731 7.529 7.488 5.344 4.423 3.841 8.463 5.429 7.099 9.508 1.297 8.537 6.856 9.327 5.590 4.739 2.501 4.190 6.278 8.461 8.497 8.236 4.636 9.494 1.770 4.109 2.396 4.975 7.155 4.915 2.134 5.915 4.356 5.957 3.298 3.745 8.776 4.473 2.374 2.306 5.025 1.262 4.063 6.706 4.685 7.092 8.274 6.444 8.571 4.704 10.241 9.186 7.002 5.097 3.519 6.371 6.621 6.714 8.675 7.330 7.531 4.065 1.806 4.385 7.545 8.858 10.379 0.987 3.488 2.823 4.345 4.514 
3.815 2.155 5.475 3.439 6.536 5.781 3.100 1.981 2.568 2.861 8.470 2.882 2.887 6.361 8.949 2.764 6.331 3.594 7.642 3.588 1.393 4.048 2.455 4.246 4.790 4.299 7.065 1.914 2.002 6.931 5.889 3.728 8.238 4.633 1.317 6.842 0.600 2.432 5.976 5.754 3.812 5.878 3.188 4.033 5.698 3.199 7.218 4.796 3.379 2.929 6.459 2.521 5.637 4.585 4.783 3.192 0.321 2.634 6.333 1.340 6.934 3.935 4.316 7.555 2.108 3.745 5.823 8.277 2.198 6.861 9.177 2.962 3.096 2.640 2.509 6.346 1.846 7.830 3.191 2.685 2.407 7.247 3.651 3.767 2.632 6.374 4.766 2.327 1.795 9.282 5.770 7.227 5.740 1.703 6.840 6.663 4.358 5.116 4.303 3.050 
2.380 6.257 3.904 4.048 4.235 1.881 4.999 4.843 3.977 3.985 3.165 7.354 2.118 5.173 4.306 4.055 0.306 6.727 5.325 4.442 5.834 4.998 6.672 3.926 2.722 6.122 4.437 5.511 2.793 5.572 8.329 4.602 4.504 4.490 1.854 3.044 5.808 3.660 3.417 7.616 0.908 6.258 6.370 5.213 6.182 5.134 7.255 6.071 1.814 3.934 3.988 3.232 3.308 6.703 1.326 5.609 2.109 6.281 7.536 2.339 3.473 2.103 2.798 4.002 3.377 5.177 6.626 4.969 3.591 5.604 7.015 2.894 0.763 4.101 6.076 4.201 4.807 0.671 7.676 7.036 5.971 5.801 4.995 4.647 4.343 3.084 6.834 5.881 2.122 0.807 3.567 1.331 2.908 5.724 4.964 4.998 6.756 5.525 4.919 4.978 
2.669 4.645 4.559 4.134 3.781 1.220 3.502 3.780 3.282 3.302 3.486 5.988 3.443 6.398 3.145 2.933 1.743 5.028 6.246 5.746 4.783 3.437 5.612 5.169 4.100 5.433 3.718 5.183 4.292 3.886 7.293 2.904 4.884 4.654 1.363 3.202 6.371 2.295 2.101 6.858 0.797 5.563 7.362 5.462 7.065 3.551 5.655 4.718 2.046 4.753 2.860 2.628 1.621 5.613 2.970 5.204 0.685 4.731 6.563 1.759 4.158 1.515 2.314 4.802 4.218 5.881 4.976 4.245 5.043 4.364 5.391 2.426 2.425 3.766 4.520 5.517 5.420 2.193 6.604 5.986 4.378 6.064 6.296 5.773 3.267 4.172 6.266 4.201 3.385 2.354 4.636 2.933 4.460 4.192 3.610 4.682 5.059 4.294 4.371 3.404 
1.281 7.823 1.084 0.524 1.645 2.690 4.618 3.282 2.091 7.156 6.774 5.941 2.530 3.621 6.995 6.799 3.325 7.372 2.834 3.368 3.884 4.866 4.546 7.210 5.969 3.326 7.585 2.237 3.245 6.075 5.905 5.626 1.007 0.864 2.529 0.683 2.529 3.528 3.339 4.727 3.746 3.447 3.938 1.611 3.501 5.058 8.802 4.881 1.924 1.532 3.058 1.892 4.504 4.640 3.471 2.431 4.566 5.765 5.071 2.254 0.996 2.431 6.067 7.577 1.373 2.193 6.606 2.575 6.597 4.214 8.460 6.178 3.483 1.352 5.633 7.370 1.677 3.186 5.413 4.818 7.643 2.212 3.757 2.894 7.138 1.977 3.725 7.056 2.382 4.258 2.074 4.505 3.535 7.629 4.132 1.814 7.533 8.080 2.183 6.814 
1.811 5.935 3.540 3.465 3.529 1.141 4.318 4.097 3.240 4.182 3.704 6.629 2.157 5.153 4.287 4.052 0.586 6.224 5.116 4.478 5.087 4.343 5.925 4.670 3.470 5.397 4.628 4.840 3.001 5.020 7.583 4.113 4.031 3.939 1.107 2.458 5.425 2.958 2.709 6.887 0.721 5.532 6.207 4.701 5.957 4.489 6.947 5.348 1.185 3.654 3.248 2.495 2.787 5.956 1.754 4.924 1.882 5.613 6.791 1.594 3.115 1.356 3.034 4.682 3.099 4.853 6.021 4.235 4.332 4.867 6.679 3.141 1.259 3.414 5.412 4.948 4.436 0.956 6.929 6.289 5.670 5.299 5.031 4.557 4.368 2.952 6.128 5.462 2.107 1.554 3.429 2.059 3.176 5.479 4.247 4.325 6.278 5.481 4.205 4.695 
3.260 8.553 2.692 1.632 1.785 4.273 4.772 3.088 2.453 8.764 8.698 5.099 4.652 4.909 8.367 8.212 5.340 7.641 3.699 4.954 3.093 5.108 3.408 9.333 8.089 1.858 9.162 0.603 5.288 6.440 4.318 6.349 1.830 1.372 4.160 2.598 2.528 4.216 4.144 2.894 5.562 1.921 4.512 1.310 3.949 5.286 9.443 4.411 3.827 3.123 3.471 2.896 5.549 3.536 5.605 0.837 6.108 5.568 3.547 3.719 2.903 3.970 7.781 9.627 3.278 2.837 6.581 2.003 8.733 3.780 9.071 7.893 5.584 1.723 5.508 9.502 2.468 5.267 4.006 3.545 8.446 1.459 5.179 4.272 8.553 3.949 1.810 7.655 4.507 6.323 3.875 6.614 5.572 8.555 4.137 0.880 7.858 9.313 1.517 7.783 
2.125 7.975 1.780 0.489 1.204 3.265 4.433 2.875 1.867 7.787 7.600 5.338 3.536 4.244 7.489 7.314 4.208 7.288 3.212 4.137 3.249 4.730 3.800 8.186 6.942 2.434 8.199 1.247 4.228 6.023 5.027 5.751 1.103 0.495 3.133 1.461 2.428 3.586 3.456 3.768 4.490 2.544 4.209 1.154 3.693 4.920 8.915 4.413 2.714 2.249 2.945 2.048 4.787 3.910 4.461 1.462 5.142 5.439 4.204 2.738 1.883 2.971 6.758 8.492 2.271 2.406 6.373 1.940 7.592 3.742 8.555 6.870 4.437 0.974 5.337 8.357 1.916 4.122 4.589 4.031 7.831 1.692 4.451 3.546 7.656 2.921 2.739 7.134 3.389 5.182 2.931 5.467 4.517 7.882 3.859 0.893 7.479 8.502 1.452 7.084 
3.679 5.286 5.370 5.320 5.229 2.613 5.061 5.400 4.810 2.479 1.910 7.581 3.627 6.673 2.960 2.701 1.799 6.129 6.842 5.928 6.405 4.952 7.237 3.659 2.737 6.987 2.930 6.599 4.219 5.154 8.918 4.077 5.899 5.803 2.689 4.318 7.269 3.916 3.727 8.438 1.254 7.119 7.890 6.570 7.697 5.041 6.234 6.322 3.043 5.433 4.482 4.105 3.004 7.240 2.685 6.653 1.459 6.231 8.182 3.177 4.940 2.912 1.290 3.176 4.874 6.664 6.330 5.797 3.697 5.988 6.050 1.380 2.166 5.162 6.017 4.042 6.272 2.182 8.230 7.611 4.973 7.169 6.477 6.163 2.949 4.603 7.787 5.118 3.638 1.545 5.087 2.025 4.289 4.638 5.221 6.086 6.098 4.174 5.866 3.989 
4.113 3.389 5.769 4.635 3.517 2.940 0.724 2.192 2.832 4.973 6.084 3.223 5.723 8.170 4.044 4.012 4.514 2.642 7.558 7.704 2.855 0.489 3.491 8.114 7.077 4.128 5.213 4.643 6.677 1.345 5.030 1.278 5.613 5.109 3.078 4.201 7.099 1.226 1.457 5.168 3.739 4.216 8.669 5.851 8.224 0.573 4.264 2.088 3.831 6.150 1.753 2.841 1.485 3.431 5.677 4.514 3.025 1.761 4.490 2.883 5.511 2.924 4.557 7.575 5.760 6.907 2.097 3.235 8.022 2.086 3.892 4.644 5.199 3.723 1.548 8.478 6.386 4.885 4.333 3.832 3.315 6.356 8.200 7.454 4.296 6.039 5.033 2.475 5.611 5.305 6.395 5.877 6.911 3.510 1.267 4.312 2.805 4.604 3.671 2.838 
3.894 4.000 5.422 4.204 3.017 2.925 0.312 1.574 2.354 5.518 6.496 2.793 5.614 7.885 4.641 4.593 4.595 3.073 7.189 7.468 2.214 0.515 2.872 8.386 7.299 3.492 5.781 4.062 6.572 1.828 4.446 1.920 5.185 4.652 3.035 3.886 6.639 1.068 1.326 4.529 3.924 3.578 8.284 5.363 7.817 0.707 4.844 1.568 3.708 5.828 1.301 2.502 1.915 2.818 5.699 3.919 3.385 1.617 3.875 2.745 5.200 2.843 5.015 7.943 5.479 6.499 2.267 2.640 8.227 1.462 4.467 5.108 5.259 3.247 1.427 8.732 5.979 4.925 3.745 3.220 3.942 5.844 7.944 7.161 4.888 5.819 4.395 3.064 5.491 5.464 6.142 6.021 6.821 4.150 0.627 3.761 3.269 5.240 3.099 3.480 
7.276 0.371 9.134 8.206 7.207 5.773 4.273 5.924 6.513 4.181 6.187 5.887 8.423 11.289 2.976 3.188 6.701 2.038 10.925 10.688 6.443 3.913 6.897 8.836 8.209 7.818 4.069 8.386 9.282 2.639 8.134 2.593 9.155 8.712 5.950 7.572 10.679 4.758 4.897 8.673 5.704 7.893 12.056 9.493 11.670 3.768 0.667 5.300 6.784 9.441 5.452 6.348 3.730 6.800 7.909 8.259 4.478 4.196 7.818 6.019 8.800 5.925 4.727 7.741 8.963 10.381 3.312 6.979 9.137 5.609 0.514 4.733 7.349 7.381 4.089 9.270 9.870 7.162 7.510 7.170 0.616 10.029 11.229 10.620 3.167 9.058 8.706 1.299 8.356 7.022 9.492 7.565 9.445 0.984 4.923 8.041 1.773 2.332 7.413 1.611 
4.094 10.957 2.517 3.929 5.215 5.550 8.161 6.879 5.687 9.222 8.045 9.502 3.123 0.123 9.484 9.244 4.996 10.800 1.233 0.894 7.420 8.377 7.997 7.173 6.169 6.579 9.674 5.283 2.663 9.499 9.139 8.877 3.112 3.714 5.373 3.996 2.660 6.950 6.725 7.731 5.906 6.673 1.453 3.537 1.676 8.567 11.968 8.477 4.538 2.071 6.605 5.379 7.608 8.107 4.138 5.536 7.081 9.349 8.340 5.368 2.683 5.418 8.034 8.158 2.416 2.047 10.148 6.098 6.292 7.808 11.660 8.126 4.595 4.922 9.209 7.115 2.373 4.571 8.758 8.220 10.727 3.647 0.530 0.722 9.549 2.274 6.645 10.316 3.130 5.362 1.829 5.190 2.736 10.604 7.712 5.071 10.930 10.685 5.639 9.796 
1.753 5.385 3.645 3.255 3.050 0.444 3.543 3.393 2.652 4.181 4.088 5.870 2.709 5.562 4.060 3.849 1.361 5.529 5.348 4.945 4.395 3.572 5.235 5.355 4.183 4.832 4.607 4.425 3.620 4.297 6.906 3.443 3.975 3.767 0.512 2.300 5.455 2.185 1.937 6.303 0.942 4.966 6.469 4.570 6.160 3.721 6.399 4.587 1.133 3.851 2.516 1.931 2.114 5.258 2.500 4.475 1.601 4.839 6.132 0.999 3.248 0.735 3.127 5.231 3.324 4.966 5.266 3.648 5.071 4.126 6.110 3.240 2.030 2.990 4.638 5.655 4.504 1.709 6.240 5.604 5.141 5.172 5.487 4.915 4.184 3.327 5.614 4.835 2.628 2.283 3.778 2.814 3.825 5.003 3.482 3.914 5.599 5.199 3.690 4.197 
6.482 1.969 8.167 7.012 5.839 5.181 2.625 4.303 5.174 5.452 7.154 3.744 7.990 10.553 4.241 4.355 6.556 0.251 9.956 10.063 4.594 2.309 4.914 9.582 8.721 6.033 5.501 6.816 8.927 1.064 6.021 1.945 7.993 7.471 5.339 6.599 9.459 3.619 3.839 6.697 5.640 6.087 11.065 8.185 10.614 2.121 2.389 3.323 6.141 8.546 4.107 5.239 3.242 4.804 7.774 6.646 4.589 2.125 5.775 5.224 7.906 5.225 5.560 8.738 8.147 9.297 1.150 5.389 9.682 3.762 2.017 5.609 7.249 6.068 2.066 9.990 8.775 6.978 5.425 5.149 2.143 8.660 10.570 9.842 4.494 8.395 6.876 1.174 7.890 7.167 8.769 7.746 9.141 2.615 3.254 6.557 0.493 4.125 5.877 2.511 
1.996 8.845 1.044 2.311 3.457 3.436 6.143 5.010 3.795 7.316 6.407 7.723 1.375 2.090 7.465 7.232 3.077 8.711 1.967 1.619 5.694 6.335 6.377 6.156 4.980 5.142 7.767 3.971 1.629 7.413 7.730 6.765 1.934 2.357 3.259 2.014 2.679 4.881 4.647 6.498 3.899 5.258 3.030 2.663 2.825 6.521 9.854 6.605 2.425 0.736 4.609 3.370 5.494 6.469 2.544 4.193 5.027 7.375 6.898 3.263 0.852 3.305 6.139 6.840 0.464 1.946 8.117 4.399 5.401 5.952 9.545 6.238 2.848 3.168 7.220 6.223 1.738 2.714 7.247 6.653 8.617 3.101 2.097 1.413 7.550 0.318 5.457 8.204 1.301 3.680 0.291 3.689 1.895 8.503 5.745 3.607 8.834 8.648 4.018 7.692 
4.494 11.400 2.678 3.945 5.237 6.018 8.348 6.934 5.793 9.947 8.887 9.439 3.870 1.110 10.119 9.886 5.700 11.088 0.905 1.848 7.352 8.596 7.846 8.136 7.104 6.352 10.399 5.040 3.555 9.788 8.839 9.258 3.008 3.613 5.839 4.253 2.087 7.230 7.023 7.364 6.552 6.431 0.468 3.226 0.784 8.788 12.401 8.506 5.021 2.329 6.788 5.607 8.039 7.965 4.960 5.298 7.677 9.469 8.073 5.754 2.973 5.845 8.763 9.081 2.816 1.718 10.334 6.047 7.263 7.833 12.077 8.860 5.374 4.955 9.346 8.089 2.191 5.304 8.525 8.031 11.190 3.174 1.509 1.334 10.203 2.894 6.286 10.700 3.848 6.173 2.411 6.053 3.662 11.106 7.845 4.921 11.239 11.300 5.554 10.290 
5.661 2.796 7.257 6.042 4.833 4.491 1.604 3.251 4.186 5.658 7.129 2.848 7.283 9.698 4.527 4.584 6.012 1.319 9.029 9.251 3.520 1.330 3.866 9.384 8.424 4.958 5.790 5.758 8.235 0.657 5.065 1.724 7.023 6.482 4.633 5.708 8.464 2.766 3.009 5.650 5.173 5.012 10.125 7.174 9.657 1.138 3.398 2.267 5.392 7.656 3.142 4.329 2.772 3.761 7.199 5.583 4.275 1.126 4.757 4.442 7.022 4.484 5.538 8.686 7.288 8.339 0.601 4.335 9.381 2.687 3.016 5.605 6.703 5.075 1.023 9.771 7.819 6.403 4.439 4.118 2.879 7.633 9.742 8.978 4.790 7.590 5.803 1.838 7.171 6.737 7.936 7.315 8.467 3.269 2.206 5.516 1.565 4.686 4.830 2.905 
2.047 8.825 1.311 2.531 3.637 3.423 6.229 5.153 3.938 7.176 6.208 7.878 1.156 2.105 7.366 7.129 2.930 8.749 2.145 1.545 5.867 6.409 6.565 5.897 4.728 5.361 7.628 4.210 1.357 7.456 7.944 6.775 2.201 2.607 3.249 2.148 2.936 4.943 4.703 6.733 3.789 5.479 3.169 2.934 3.004 6.593 9.837 6.741 2.415 1.005 4.711 3.474 5.486 6.654 2.318 4.427 4.944 7.477 7.110 3.294 1.084 3.315 5.994 6.603 0.698 2.193 8.193 4.584 5.135 6.095 9.534 6.091 2.652 3.352 7.317 5.958 2.006 2.545 7.449 6.849 8.590 3.374 2.059 1.478 7.442 0.130 5.698 8.208 1.101 3.479 0.368 3.461 1.624 8.460 5.854 3.832 8.864 8.558 4.218 7.653 
2.446 5.574 3.721 2.450 1.279 2.147 1.994 0.858 0.598 6.123 6.549 3.569 4.300 6.232 5.536 5.413 3.810 4.826 5.460 5.884 1.826 2.273 2.664 7.925 6.731 2.397 6.475 2.501 5.235 3.559 4.326 3.362 3.431 2.895 2.155 2.257 4.883 1.237 1.211 3.792 3.500 2.521 6.542 3.617 6.067 2.464 6.486 2.364 2.500 4.149 0.488 0.950 2.633 2.697 4.683 2.422 3.552 3.130 3.550 1.677 3.544 1.905 5.314 7.794 3.859 4.749 3.973 1.238 7.581 1.750 6.120 5.422 4.366 1.493 2.993 8.209 4.230 4.004 3.668 3.028 5.459 4.118 6.328 5.504 5.746 4.288 3.271 4.698 4.160 4.815 4.550 5.300 5.509 5.567 1.494 2.110 5.014 6.391 1.536 4.803 
3.415 9.928 1.719 2.094 3.218 4.883 6.448 4.867 3.878 9.313 8.757 7.167 3.925 3.001 9.189 8.991 5.292 9.301 1.688 3.266 5.107 6.744 5.510 8.756 7.563 3.976 9.749 2.676 4.204 8.032 6.414 7.710 1.188 1.592 4.721 2.876 0.423 5.557 5.403 4.929 5.865 4.043 2.390 0.899 1.827 6.934 10.886 6.356 4.060 1.873 4.951 3.952 6.659 5.635 5.073 2.931 6.752 7.430 5.661 4.444 2.142 4.626 8.198 9.364 2.343 0.882 8.381 3.863 8.010 5.694 10.532 8.306 5.266 2.983 7.336 8.831 0.871 5.043 6.127 5.663 9.767 0.746 3.339 2.496 9.329 2.922 3.852 9.114 3.817 6.097 2.609 6.207 4.444 9.782 5.869 2.663 9.489 10.274 3.348 8.972 
2.827 5.432 4.065 2.756 1.519 2.454 1.710 0.514 0.896 6.239 6.773 3.190 4.680 6.587 5.585 5.478 4.143 4.576 5.785 6.253 1.517 2.017 2.357 8.234 7.051 2.290 6.575 2.596 5.616 3.334 4.033 3.247 3.730 3.174 2.479 2.627 5.150 1.237 1.290 3.611 3.777 2.404 6.855 3.862 6.369 2.204 6.317 1.984 2.869 4.501 0.457 1.331 2.666 2.378 5.045 2.482 3.725 2.784 3.280 2.017 3.903 2.231 5.485 8.057 4.225 5.055 3.663 1.220 7.913 1.370 5.945 5.592 4.714 1.766 2.657 8.527 4.539 4.354 3.361 2.727 5.337 4.336 6.692 5.859 5.805 4.664 3.191 4.528 4.540 5.137 4.919 5.633 5.889 5.479 1.156 2.261 4.776 6.383 1.621 4.738 
5.277 1.824 7.074 6.064 5.028 3.862 2.159 3.759 4.335 4.159 5.719 4.225 6.643 9.348 3.021 3.079 5.115 1.658 8.873 8.804 4.357 1.803 4.905 8.096 7.223 5.682 4.283 6.203 7.561 0.851 6.312 0.499 7.027 6.561 4.032 5.497 8.541 2.596 2.757 6.644 4.173 5.765 9.999 7.331 9.587 1.692 2.737 3.358 4.859 7.413 3.269 4.215 1.827 4.825 6.340 6.079 3.093 2.489 5.876 4.003 6.768 3.956 4.121 7.294 6.969 8.283 2.050 4.801 8.183 3.543 2.380 4.178 5.804 5.210 2.316 8.500 7.766 5.550 5.641 5.216 1.750 7.858 9.329 8.654 3.284 7.143 6.582 0.966 6.554 5.683 7.548 6.260 7.760 1.990 2.791 5.856 1.677 3.263 5.229 1.449 
3.261 5.719 4.293 2.907 1.611 3.028 1.833 0.146 1.178 6.780 7.356 2.767 5.128 6.836 6.079 5.985 4.701 4.689 5.944 6.559 0.938 2.181 1.778 8.809 7.619 1.817 7.104 2.377 6.047 3.514 3.450 3.594 3.846 3.256 3.043 2.968 5.178 1.752 1.843 3.057 4.360 1.918 6.976 3.862 6.466 2.351 6.558 1.668 3.375 4.748 1.020 1.796 3.168 1.806 5.564 2.215 4.297 2.673 2.694 2.569 4.184 2.794 6.054 8.642 4.530 5.170 3.646 0.951 8.472 0.998 6.179 6.159 5.255 1.897 2.586 9.097 4.665 4.893 2.783 2.146 5.653 4.278 6.970 6.110 6.307 5.020 2.728 4.782 4.984 5.704 5.234 6.191 6.326 5.837 1.186 2.145 4.911 6.824 1.451 5.127 
2.477 4.943 4.345 4.000 3.739 1.125 3.710 3.871 3.282 3.437 3.439 6.166 3.154 6.126 3.368 3.147 1.444 5.320 6.008 5.466 4.879 3.666 5.714 4.980 3.882 5.453 3.865 5.130 3.995 4.166 7.395 3.196 4.712 4.512 1.240 3.042 6.180 2.453 2.240 6.899 0.523 5.585 7.118 5.314 6.834 3.788 5.952 4.889 1.839 4.521 2.958 2.595 1.900 5.722 2.671 5.166 0.913 4.959 6.649 1.688 3.937 1.429 2.388 4.689 3.979 5.669 5.239 4.263 4.815 4.504 5.690 2.500 2.128 3.701 4.749 5.317 5.218 1.893 6.712 6.088 4.674 5.917 6.017 5.510 3.476 3.906 6.266 4.501 3.100 2.092 4.375 2.667 4.162 4.481 3.776 4.623 5.354 4.536 4.355 3.697 
5.102 6.014 6.633 6.768 6.773 4.169 6.516 6.960 6.373 2.268 0.426 9.056 4.630 7.536 3.298 3.064 3.057 7.188 7.926 6.753 7.963 6.369 8.791 2.595 2.178 8.552 2.621 8.126 4.973 6.377 10.471 5.282 7.255 7.227 4.234 5.760 8.534 5.445 5.269 10.006 2.790 8.684 8.899 7.962 8.784 6.437 6.853 7.817 4.492 6.619 6.040 5.661 4.397 8.790 3.504 8.192 2.878 7.619 9.743 4.729 6.203 4.465 1.541 1.697 6.071 7.874 7.590 7.363 2.996 7.519 6.747 1.516 3.134 6.691 7.406 3.030 7.532 3.304 9.780 9.165 5.686 8.551 7.276 7.131 3.161 5.680 9.344 6.077 4.683 2.304 6.147 2.448 4.954 5.258 6.730 7.612 7.108 4.347 7.420 4.786 
3.273 7.132 4.426 4.885 5.269 3.056 6.176 6.004 5.082 4.261 2.849 8.537 2.272 5.107 4.873 4.613 1.350 7.776 5.549 4.324 6.986 6.164 7.821 2.849 1.608 7.186 4.697 6.464 2.544 6.669 9.466 5.659 5.161 5.264 3.014 3.921 6.287 4.843 4.601 8.684 1.997 7.322 6.488 5.909 6.402 6.295 8.103 7.255 2.818 4.332 5.162 4.340 4.407 7.857 1.107 6.589 3.045 7.452 8.662 3.483 4.012 3.261 3.116 3.221 3.811 5.583 7.759 6.060 2.421 6.782 7.897 3.183 0.927 5.102 7.245 3.078 5.298 1.254 8.823 8.181 6.828 6.466 4.849 4.717 4.850 3.334 7.850 6.860 2.352 0.436 3.781 0.148 2.538 6.523 6.149 5.961 7.783 6.082 5.963 5.834 
1.084 6.804 2.563 2.720 3.112 1.515 4.687 4.085 3.022 5.184 4.533 6.772 1.299 4.176 5.293 5.060 1.063 6.909 4.104 3.533 5.009 4.785 5.822 5.034 3.790 5.041 5.631 4.275 2.237 5.650 7.417 4.848 3.136 3.138 1.368 1.736 4.464 3.312 3.054 6.536 1.733 5.176 5.195 3.847 4.947 4.952 7.818 5.520 0.729 2.648 3.364 2.313 3.525 5.875 1.468 4.402 2.862 5.990 6.596 1.648 2.133 1.535 4.023 5.308 2.091 3.863 6.540 3.957 4.523 4.957 7.532 4.128 1.273 2.927 5.803 5.242 3.466 0.937 6.807 6.166 6.556 4.433 4.080 3.559 5.378 1.954 5.671 6.252 1.208 1.992 2.426 2.303 2.466 6.401 4.477 3.773 6.992 6.479 3.808 5.601 
6.022 8.142 6.225 4.874 3.950 6.215 4.409 3.355 4.060 9.953 10.611 2.766 7.801 8.566 9.138 9.079 7.805 6.588 7.357 8.563 2.377 4.738 1.629 11.959 10.740 2.054 10.247 3.244 8.605 5.825 0.746 6.360 5.433 4.877 6.201 5.499 6.105 4.954 5.081 0.824 7.582 1.930 8.104 4.970 7.534 4.821 8.759 3.156 6.343 6.687 4.273 4.805 6.304 1.690 8.491 3.003 7.543 4.258 0.630 5.702 6.328 5.952 9.292 11.877 6.717 6.494 5.260 3.085 11.542 3.038 8.380 9.396 8.280 4.182 4.349 12.218 6.127 7.920 0.982 1.292 8.178 5.002 8.825 7.914 9.382 7.350 1.878 7.165 7.649 8.832 7.385 9.273 8.895 8.489 3.884 3.573 6.863 9.709 3.270 7.912 
2.925 4.392 4.820 4.362 3.954 1.445 3.446 3.847 3.427 3.093 3.419 5.959 3.707 6.667 2.886 2.678 1.978 4.831 6.514 6.014 4.842 3.354 5.663 5.233 4.202 5.556 3.500 5.359 4.547 3.719 7.340 2.708 5.130 4.884 1.598 3.444 6.623 2.307 2.136 6.961 1.001 5.683 7.630 5.696 7.331 3.456 5.401 4.701 2.307 5.019 2.927 2.800 1.467 5.658 3.203 5.370 0.442 4.644 6.627 1.964 4.421 1.731 2.156 4.790 4.486 6.141 4.835 4.372 5.153 4.381 5.142 2.267 2.651 3.954 4.431 5.594 5.677 2.434 6.646 6.037 4.122 6.296 6.565 6.043 3.015 4.442 6.403 3.973 3.651 2.518 4.906 3.098 4.711 3.928 3.602 4.863 4.851 4.027 4.524 3.143 
4.228 3.319 5.879 4.738 3.611 3.053 0.719 2.256 2.929 5.004 6.149 3.177 5.838 8.284 4.055 4.030 4.621 2.533 7.668 7.818 2.887 0.436 3.503 8.200 7.170 4.181 5.236 4.722 6.791 1.238 5.022 1.245 5.718 5.210 3.192 4.313 7.201 1.339 1.572 5.195 3.839 4.266 8.778 5.948 8.331 0.487 4.181 2.068 3.946 6.262 1.850 2.950 1.558 3.438 5.787 4.588 3.103 1.677 4.498 2.998 5.623 3.039 4.613 7.647 5.874 7.014 1.984 3.308 8.117 2.103 3.808 4.698 5.307 3.821 1.463 8.566 6.493 4.995 4.328 3.838 3.254 6.450 8.315 7.568 4.309 6.154 5.083 2.394 5.726 5.406 6.510 5.978 7.025 3.463 1.302 4.398 2.699 4.586 3.751 2.807 
4.231 8.712 3.826 2.693 2.404 5.025 4.800 3.140 2.938 9.401 9.532 4.544 5.743 5.989 8.877 8.747 6.276 7.581 4.737 6.072 2.775 5.156 2.808 10.345 9.100 1.325 9.775 1.044 6.410 6.478 3.363 6.577 2.960 2.498 4.939 3.589 3.450 4.567 4.556 1.848 6.377 1.306 5.448 2.381 4.878 5.315 9.536 4.123 4.741 4.256 3.776 3.554 5.978 2.944 6.649 0.978 6.765 5.350 2.670 4.459 4.029 4.722 8.494 10.555 4.407 3.879 6.405 2.135 9.781 3.583 9.155 8.606 6.583 2.471 5.333 10.534 3.558 6.251 3.175 2.837 8.646 2.348 6.276 5.375 9.083 5.076 0.788 7.769 5.596 7.284 5.009 7.615 6.695 8.819 4.146 1.558 7.822 9.729 1.836 8.090 
3.836 7.574 3.987 2.616 1.780 4.300 3.649 2.019 2.098 8.493 8.815 3.510 5.564 6.398 7.884 7.772 5.746 6.417 5.257 6.339 1.621 4.007 1.796 9.892 8.656 0.242 8.846 1.070 6.350 5.322 2.821 5.467 3.235 2.653 4.246 3.273 4.144 3.539 3.566 1.652 5.683 0.337 6.118 2.885 5.560 4.162 8.383 2.974 4.230 4.454 2.749 2.812 4.967 1.927 6.316 0.812 5.904 4.193 2.004 3.745 4.072 4.008 7.660 9.953 4.461 4.400 5.245 1.137 9.413 2.419 8.001 7.770 6.155 1.972 4.171 10.122 3.981 5.803 2.422 1.929 7.519 3.075 6.631 5.722 8.102 5.091 0.901 6.623 5.412 6.775 5.134 7.172 6.641 7.710 2.996 1.318 6.658 8.679 1.085 6.999 
1.476 5.978 2.921 1.858 1.172 1.470 2.797 1.814 0.770 5.865 5.993 4.541 3.328 5.369 5.468 5.306 2.976 5.492 4.709 4.972 2.721 3.014 3.538 7.129 5.911 2.934 6.257 2.575 4.263 4.193 5.157 3.764 2.809 2.373 1.412 1.370 4.331 1.643 1.461 4.419 2.850 3.069 5.821 3.173 5.385 3.204 6.943 3.333 1.562 3.315 1.256 0.025 2.735 3.588 3.753 2.595 3.212 4.022 4.348 0.910 2.684 1.174 4.924 7.122 2.967 4.073 4.783 1.764 6.726 2.722 6.595 5.036 3.476 1.187 3.867 7.389 3.553 3.113 4.530 3.888 5.816 3.740 5.437 4.645 5.648 3.348 3.706 5.184 3.187 4.002 3.640 4.449 4.536 5.842 2.398 2.081 5.649 6.454 1.783 5.039 
3.799 10.633 1.892 2.950 4.215 5.343 7.393 5.909 4.812 9.538 8.700 8.348 3.659 1.819 9.579 9.360 5.335 10.189 0.509 2.276 6.267 7.661 6.732 8.303 7.179 5.223 9.985 3.913 3.636 8.896 7.699 8.448 1.975 2.558 5.167 3.432 0.971 6.355 6.167 6.223 6.079 5.299 1.165 2.096 0.672 7.853 11.619 7.458 4.394 1.706 5.847 4.719 7.290 6.852 4.821 4.170 7.117 8.465 6.936 5.002 2.279 5.132 8.374 9.092 2.263 0.649 9.366 4.977 7.484 6.786 11.282 8.478 5.141 3.944 8.353 8.316 1.169 4.997 7.392 6.907 10.443 2.038 2.200 1.509 9.688 2.598 5.144 9.883 3.594 5.974 2.148 5.962 3.820 10.400 6.858 3.822 10.356 10.725 4.474 9.583 
4.380 6.708 5.722 6.041 6.240 3.758 6.542 6.699 5.940 3.286 1.552 9.030 3.611 6.428 4.148 3.895 2.300 7.658 6.894 5.641 7.705 6.457 8.544 2.130 1.235 8.107 3.683 7.527 3.860 6.698 10.220 5.620 6.414 6.460 3.775 5.044 7.602 5.323 5.110 9.594 2.415 8.242 7.830 7.149 7.747 6.556 7.615 7.757 3.830 5.656 5.800 5.199 4.532 8.562 2.451 7.623 2.997 7.744 9.450 4.278 5.300 4.024 2.298 1.988 5.124 6.910 7.872 6.938 2.180 7.371 7.464 2.325 2.174 6.115 7.531 2.502 6.607 2.421 9.548 8.915 6.387 7.722 6.154 6.059 4.061 4.672 8.840 6.620 3.683 1.349 5.124 1.334 3.822 6.007 6.645 7.014 7.617 5.289 6.919 5.427 
5.538 1.411 7.374 6.425 5.436 4.070 2.658 4.231 4.743 3.797 5.471 4.716 6.803 9.586 2.617 2.703 5.188 1.780 9.170 9.015 4.856 2.305 5.413 7.932 7.118 6.166 3.885 6.647 7.699 1.305 6.818 0.815 7.376 6.931 4.245 5.806 8.899 2.980 3.116 7.148 4.216 6.252 10.300 7.713 9.904 2.199 2.383 3.867 5.079 7.695 3.691 4.567 2.007 5.333 6.415 6.531 3.062 2.974 6.385 4.271 7.052 4.196 3.880 7.056 7.231 8.610 2.442 5.258 8.075 4.046 2.053 3.927 5.867 5.604 2.808 8.345 8.096 5.636 6.149 5.724 1.285 8.252 9.548 8.904 2.877 7.365 7.069 0.758 6.723 5.673 7.785 6.243 7.885 1.485 3.282 6.284 1.717 2.768 5.672 0.964 
2.886 9.054 1.693 1.307 2.261 4.221 5.484 3.879 2.940 8.728 8.376 6.171 3.863 3.718 8.498 8.315 4.917 8.350 2.502 3.809 4.106 5.791 4.529 8.680 7.452 3.014 9.151 1.703 4.357 7.093 5.516 6.831 0.814 0.782 4.073 2.258 1.426 4.667 4.533 4.085 5.346 3.092 3.353 0.113 2.802 5.979 9.995 5.355 3.525 2.059 4.019 3.111 5.849 4.651 4.932 1.961 6.108 6.438 4.738 3.727 2.013 3.940 7.658 9.137 2.340 1.639 7.400 2.863 8.004 4.694 9.635 7.770 5.020 2.051 6.349 8.804 1.283 4.747 5.186 4.698 8.909 0.633 4.002 3.100 8.656 3.006 2.999 8.214 3.732 5.821 2.839 6.021 4.628 8.954 4.892 1.660 8.545 9.538 2.347 8.153 
4.123 2.786 5.979 5.105 4.228 2.644 2.128 3.315 3.548 3.564 4.772 4.618 5.390 8.162 2.670 2.617 3.837 2.920 7.769 7.589 4.138 1.879 4.841 6.980 6.040 5.268 3.809 5.534 6.297 1.831 6.420 0.795 6.033 5.624 2.819 4.423 7.564 1.798 1.859 6.446 2.903 5.372 8.901 6.423 8.518 1.897 3.787 3.496 3.654 6.286 2.582 3.254 0.581 4.792 5.063 5.455 1.883 3.041 5.845 2.864 5.645 2.776 3.205 6.306 5.814 7.236 3.005 4.223 7.000 3.433 3.471 3.284 4.527 4.359 2.831 7.369 6.728 4.273 5.720 5.194 2.589 6.984 8.122 7.482 2.914 5.939 6.178 2.155 5.306 4.430 6.361 5.009 6.492 2.591 2.584 5.121 2.954 3.376 4.570 1.793 
6.867 0.235 8.735 7.838 6.870 5.355 4.027 5.647 6.177 3.799 5.777 5.802 7.986 10.866 2.578 2.779 6.255 2.088 10.522 10.258 6.218 3.668 6.714 8.413 7.770 7.565 3.716 8.081 8.840 2.455 8.014 2.250 8.779 8.349 5.533 7.180 10.307 4.411 4.537 8.478 5.257 7.645 11.654 9.137 11.275 3.536 1.116 5.128 6.364 9.034 5.127 5.979 3.325 6.623 7.462 7.962 4.031 4.080 7.656 5.617 8.396 5.515 4.297 7.340 8.551 9.992 3.273 6.686 8.700 5.391 0.931 4.307 6.901 7.035 3.954 8.845 9.483 6.717 7.373 7.002 0.172 9.681 10.801 10.201 2.783 8.633 8.461 1.121 7.920 6.573 9.071 7.115 9.001 0.588 4.669 7.720 1.851 2.061 7.105 1.162 
2.632 8.463 2.892 3.824 4.653 3.391 6.582 5.883 4.737 6.132 4.840 8.606 0.786 3.115 6.562 6.308 2.108 8.739 3.651 2.332 6.748 6.678 7.527 4.253 3.106 6.537 6.580 5.535 0.558 7.504 9.046 6.643 3.752 4.046 3.255 3.088 4.581 5.207 4.949 7.991 3.107 6.666 4.525 4.508 4.485 6.844 9.470 7.375 2.583 2.650 5.226 4.093 5.313 7.595 0.983 5.720 4.340 7.884 8.211 3.535 2.554 3.430 4.950 5.035 2.234 3.830 8.428 5.577 3.487 6.787 9.212 5.033 1.520 4.406 7.698 4.309 3.652 1.644 8.480 7.850 8.189 4.990 2.862 2.757 6.586 1.603 7.018 8.005 0.937 2.190 1.956 1.984 0.644 7.967 6.355 5.090 8.805 7.783 5.318 7.203 
4.731 7.052 5.193 3.776 2.690 4.822 3.179 1.958 2.699 8.591 9.209 2.304 6.556 7.655 7.820 7.747 6.435 5.663 6.541 7.552 1.016 3.528 0.577 10.581 9.370 1.056 8.898 2.363 7.404 4.732 1.711 5.126 4.490 3.893 4.814 4.260 5.440 3.572 3.688 1.315 6.184 0.999 7.416 4.180 6.857 3.640 7.760 2.109 5.001 5.665 2.874 3.438 4.948 0.712 7.174 2.106 6.148 3.332 0.886 4.318 5.228 4.564 7.901 10.477 5.612 5.688 4.391 1.765 10.189 1.787 7.376 8.006 6.933 2.952 3.367 10.849 5.257 6.572 1.173 0.632 7.051 4.366 7.872 6.966 8.058 6.209 1.563 6.076 6.406 7.457 6.304 7.912 7.693 7.318 2.593 2.534 5.925 8.459 2.060 6.688 
2.975 5.592 4.111 2.761 1.485 2.691 1.787 0.298 0.943 6.490 7.029 3.034 4.839 6.646 5.821 5.718 4.368 4.663 5.801 6.339 1.275 2.115 2.115 8.472 7.284 2.052 6.823 2.443 5.766 3.446 3.787 3.427 3.723 3.149 2.708 2.725 5.107 1.476 1.541 3.356 4.024 2.164 6.855 3.804 6.358 2.296 6.459 1.871 3.059 4.557 0.709 1.492 2.903 2.142 5.245 2.311 3.981 2.768 3.027 2.237 3.974 2.459 5.741 8.308 4.308 5.050 3.692 1.033 8.139 1.225 6.083 5.848 4.928 1.754 2.658 8.761 4.538 4.566 3.119 2.483 5.508 4.254 6.765 5.919 6.044 4.774 2.958 4.673 4.696 5.369 5.009 5.858 6.043 5.666 1.180 2.146 4.872 6.602 1.478 4.937 
5.475 6.861 6.065 4.639 3.490 5.380 3.187 2.414 3.386 8.818 9.620 1.588 7.327 8.544 7.948 7.905 7.051 5.311 7.441 8.423 1.416 3.501 0.583 11.161 9.972 1.956 9.091 3.265 8.200 4.548 1.146 5.122 5.382 4.781 5.396 5.051 6.339 3.904 4.068 1.701 6.698 1.891 8.316 5.081 7.757 3.570 7.476 1.886 5.681 6.538 3.315 4.096 5.178 0.550 7.871 3.007 6.511 2.977 0.680 4.918 6.080 5.146 8.231 10.958 6.460 6.589 3.988 2.543 10.821 1.870 7.097 8.331 7.591 3.767 3.065 11.450 6.155 7.228 0.444 0.273 6.901 5.261 8.754 7.850 8.197 7.041 2.338 5.885 7.178 8.057 7.159 8.540 8.487 7.221 2.718 3.422 5.585 8.469 2.906 6.663 
4.867 4.907 6.587 6.484 6.284 3.670 5.598 6.231 5.801 1.380 1.179 8.143 4.818 7.847 2.228 1.984 3.016 6.089 8.056 7.089 7.216 5.420 8.024 3.699 3.139 7.949 1.810 7.677 5.347 5.321 9.693 4.229 7.099 6.978 3.775 5.492 8.485 4.648 4.504 9.358 2.403 8.077 9.096 7.757 8.913 5.470 5.760 6.935 4.223 6.653 5.315 5.136 3.461 8.011 3.812 7.710 2.043 6.637 9.002 4.234 6.158 3.975 0.430 2.751 6.094 7.884 6.540 6.762 4.028 6.698 5.644 0.408 3.329 6.246 6.425 4.131 7.489 3.384 8.994 8.398 4.579 8.359 7.633 7.359 2.122 5.812 8.786 4.969 4.838 2.604 6.295 2.958 5.387 4.159 5.879 7.170 6.003 3.346 6.888 3.674 
4.711 5.925 6.252 6.377 6.389 3.791 6.215 6.607 5.998 2.352 0.802 8.750 4.272 7.208 3.275 3.029 2.669 7.015 7.567 6.429 7.612 6.083 8.443 2.700 2.096 8.177 2.744 7.739 4.652 6.153 10.124 5.059 6.868 6.836 3.852 5.369 8.154 5.111 4.929 9.636 2.409 8.310 8.551 7.573 8.425 6.158 6.796 7.501 4.102 6.246 5.689 5.282 4.113 8.445 3.162 7.807 2.577 7.345 9.389 4.349 5.822 4.085 1.444 1.987 5.696 7.499 7.358 6.990 2.982 7.186 6.670 1.448 2.770 6.304 7.131 3.123 7.152 2.927 9.435 8.817 5.599 8.163 6.958 6.786 3.166 5.317 8.965 5.927 4.321 1.948 5.788 2.144 4.647 5.192 6.407 7.225 6.948 4.383 7.040 4.670 
1.533 8.196 1.528 2.418 3.358 2.808 5.721 4.760 3.560 6.547 5.651 7.500 0.706 2.746 6.719 6.483 2.305 8.170 2.740 2.140 5.542 5.880 6.281 5.548 4.341 5.187 6.998 4.132 1.364 6.884 7.737 6.169 2.350 2.623 2.636 1.797 3.357 4.402 4.155 6.615 3.144 5.313 3.796 3.111 3.597 6.061 9.209 6.323 1.809 1.404 4.238 3.018 4.869 6.361 1.845 4.326 4.296 6.990 6.899 2.725 1.150 2.721 5.368 6.144 0.886 2.659 7.664 4.303 4.846 5.694 8.911 5.467 2.095 3.091 6.823 5.651 2.372 1.945 7.203 6.586 7.957 3.621 2.674 2.126 6.797 0.520 5.621 7.597 0.589 2.932 0.999 2.985 1.654 7.820 5.386 3.703 8.276 7.910 3.992 7.015 
3.138 5.524 4.811 4.789 4.761 2.173 4.878 5.056 4.381 3.008 2.391 7.358 3.094 6.148 3.379 3.123 1.245 6.210 6.289 5.412 6.064 4.807 6.902 3.792 2.739 6.561 3.460 6.113 3.732 5.154 8.581 4.109 5.348 5.265 2.226 3.784 6.711 3.650 3.440 8.030 0.788 6.695 7.342 6.026 7.143 4.915 6.499 6.085 2.509 4.875 4.148 3.658 2.924 6.914 2.214 6.179 1.460 6.099 7.825 2.725 4.381 2.462 1.822 3.512 4.316 6.105 6.291 5.377 3.692 5.704 6.289 1.918 1.670 4.677 5.887 4.142 5.714 1.646 7.902 7.274 5.223 6.623 5.964 5.624 3.397 4.055 7.340 5.262 3.098 1.187 4.539 1.739 3.821 4.927 4.972 5.598 6.203 4.600 5.414 4.227 
3.580 9.305 2.544 1.917 2.477 4.783 5.566 3.890 3.167 9.304 9.082 5.888 4.697 4.442 8.984 8.816 5.650 8.439 3.159 4.604 3.902 5.897 4.178 9.495 8.261 2.616 9.715 1.417 5.208 7.226 4.951 7.091 1.661 1.466 4.651 2.923 1.850 4.938 4.844 3.449 5.995 2.662 3.849 0.925 3.279 6.078 10.210 5.225 4.197 2.903 4.218 3.512 6.225 4.309 5.745 1.640 6.657 6.383 4.222 4.253 2.855 4.488 8.274 9.906 3.189 2.312 7.393 2.809 8.835 4.595 9.840 8.386 5.802 2.351 6.321 9.629 2.059 5.513 4.706 4.287 9.187 0.748 4.753 3.869 9.158 3.856 2.378 8.421 4.563 6.586 3.685 6.815 5.479 9.275 4.937 1.638 8.653 9.971 2.312 8.492 
4.577 5.968 5.432 4.002 2.743 4.320 2.142 1.363 2.473 7.713 8.505 1.582 6.445 7.966 6.869 6.816 6.015 4.574 6.967 7.756 0.509 2.479 0.645 10.093 8.918 1.829 7.994 2.961 7.353 3.645 2.263 4.096 4.860 4.251 4.350 4.234 6.021 2.788 2.956 2.390 5.612 1.843 7.931 4.708 7.392 2.576 6.667 1.022 4.709 5.900 2.227 3.128 4.068 0.592 6.898 2.725 5.394 2.255 1.646 3.888 5.380 4.103 7.114 9.855 5.744 6.145 3.318 1.830 9.785 0.768 6.283 7.214 6.583 3.036 2.279 10.392 5.669 6.221 1.562 0.993 5.975 5.006 8.135 7.250 7.115 6.275 2.573 4.991 6.299 7.007 6.450 7.506 7.635 6.257 1.618 2.949 4.835 7.443 2.305 5.653 
4.726 4.269 6.076 4.751 3.475 3.908 0.750 1.793 2.905 6.385 7.483 1.805 6.514 8.595 5.416 5.401 5.600 2.911 7.789 8.239 1.924 0.946 2.319 9.413 8.326 3.367 6.612 4.234 7.469 1.944 3.703 2.525 5.714 5.138 4.005 4.614 7.080 2.056 2.307 4.093 4.950 3.418 8.846 5.767 8.348 0.966 4.965 0.741 4.620 6.511 2.022 3.256 2.879 2.227 6.677 4.043 4.389 0.777 3.267 3.667 5.907 3.796 5.972 8.950 6.219 7.041 1.755 2.837 9.253 1.095 4.582 6.060 6.255 3.746 0.682 9.759 6.529 5.914 3.026 2.609 4.288 6.181 8.690 7.867 5.672 6.622 4.206 3.290 6.384 6.485 6.905 7.039 7.728 4.595 0.876 4.046 3.161 5.856 3.349 4.044 
6.712 2.990 8.597 8.114 7.514 5.220 5.580 6.832 6.883 1.379 3.461 7.890 7.195 10.248 0.926 1.112 5.318 4.705 10.248 9.530 7.665 5.274 8.349 6.160 5.806 8.770 1.090 8.894 7.863 4.520 9.881 3.670 8.915 8.642 5.381 7.227 10.412 5.249 5.237 9.975 4.422 8.880 11.346 9.457 11.081 5.227 3.544 6.916 6.086 8.768 6.040 6.405 3.822 8.292 6.337 8.851 3.358 6.166 9.351 5.694 8.190 5.487 2.417 4.895 8.222 9.920 5.643 7.678 6.642 6.940 3.568 2.359 5.801 7.578 5.986 6.600 9.463 5.757 9.189 8.694 2.696 10.053 10.083 9.684 0.777 8.084 9.676 3.541 7.180 5.194 8.565 5.619 7.944 2.184 6.099 8.436 4.515 0.773 7.966 2.260 
2.239 8.774 0.894 0.972 2.232 3.689 5.415 3.928 2.831 8.136 7.665 6.432 3.054 3.174 7.994 7.797 4.195 8.232 2.119 3.142 4.343 5.691 4.883 7.879 6.656 3.463 8.569 2.184 3.552 6.946 6.039 6.564 0.010 0.600 3.527 1.681 1.541 4.430 4.261 4.690 4.703 3.562 3.142 0.762 2.648 5.882 9.743 5.490 2.886 1.301 3.879 2.803 5.481 4.995 4.137 2.432 5.561 6.481 5.230 3.250 1.201 3.431 7.033 8.370 1.531 1.337 7.383 3.031 7.195 4.817 9.395 7.143 4.250 1.960 6.368 7.997 0.829 3.992 5.640 5.100 8.605 1.310 3.406 2.495 8.135 2.200 3.617 7.983 2.924 5.063 2.065 5.238 3.826 8.606 4.874 1.951 8.407 9.079 2.546 7.793 
6.263 1.686 7.989 6.875 5.737 4.919 2.569 4.261 5.060 5.062 6.767 3.955 7.723 10.341 3.853 3.965 6.245 0.511 9.784 9.831 4.635 2.230 5.016 9.207 8.358 6.057 5.115 6.773 8.652 0.904 6.204 1.617 7.854 7.347 5.082 6.414 9.337 3.439 3.644 6.800 5.314 6.118 10.900 8.079 10.461 2.052 2.246 3.416 5.895 8.356 3.983 5.072 2.937 4.913 7.467 6.615 4.238 2.270 5.911 4.996 7.712 4.981 5.174 8.351 7.941 9.145 1.400 5.345 9.318 3.797 1.863 5.222 6.936 5.954 2.177 9.616 8.624 6.674 5.587 5.272 1.823 8.571 10.345 9.635 4.107 8.164 6.918 0.811 7.627 6.829 8.549 7.406 8.860 2.274 3.216 6.489 0.576 3.771 5.820 2.126 
2.138 8.137 2.526 3.365 4.162 2.961 6.122 5.392 4.244 6.012 4.874 8.119 0.313 3.144 6.355 6.105 1.845 8.340 3.496 2.395 6.254 6.229 7.033 4.553 3.361 6.053 6.463 5.070 0.805 7.091 8.555 6.259 3.358 3.613 2.816 2.601 4.301 4.752 4.495 7.512 2.824 6.182 4.449 4.120 4.348 6.398 9.148 6.892 2.111 2.343 4.746 3.604 4.929 7.101 0.950 5.250 4.053 7.422 7.720 3.070 2.158 2.978 4.823 5.219 1.873 3.570 7.988 5.085 3.838 6.299 8.879 4.913 1.374 3.919 7.238 4.646 3.339 1.390 7.988 7.357 7.872 4.625 2.945 2.684 6.396 1.306 6.548 7.641 0.460 2.155 1.732 2.082 1.018 7.673 5.880 4.617 8.415 7.571 4.831 6.894 
0.327 6.998 1.768 1.353 1.783 1.717 4.115 3.080 1.886 6.154 5.814 5.820 2.103 4.078 6.017 5.816 2.407 6.718 3.557 3.644 3.885 4.309 4.650 6.442 5.197 3.700 6.584 2.867 2.995 5.416 6.170 4.844 1.994 1.828 1.549 0.345 3.487 2.867 2.641 5.183 2.750 3.833 4.688 2.608 4.312 4.496 7.994 4.645 0.932 2.086 2.590 1.354 3.643 4.721 2.788 3.001 3.575 5.356 5.336 1.351 1.442 1.484 5.067 6.693 1.668 3.053 6.090 2.697 5.904 4.014 7.665 5.178 2.679 1.560 5.197 6.640 2.564 2.346 5.599 4.970 6.798 3.210 4.121 3.362 6.153 2.012 4.281 6.287 1.954 3.392 2.317 3.711 3.278 6.748 3.734 2.368 6.853 7.122 2.467 5.930 
2.125 7.259 3.186 3.674 4.184 2.370 5.606 5.139 4.099 5.010 3.945 7.795 1.121 4.143 5.370 5.119 0.898 7.601 4.410 3.397 6.078 5.663 6.895 4.027 2.784 6.113 5.461 5.299 1.729 6.393 8.497 5.489 3.914 4.033 2.266 2.743 5.061 4.228 3.971 7.606 1.896 6.248 5.409 4.664 5.268 5.818 8.265 6.530 1.796 3.117 4.379 3.383 4.164 6.946 0.408 5.441 3.130 6.910 7.676 2.646 2.768 2.481 3.821 4.465 2.583 4.373 7.373 5.037 3.463 5.990 8.012 3.911 0.388 3.988 6.715 4.205 4.066 0.436 7.883 7.242 6.983 5.220 3.947 3.658 5.405 2.161 6.722 6.826 1.164 1.219 2.631 1.327 1.856 6.756 5.459 4.807 7.653 6.589 4.878 5.995 
4.248 5.184 5.936 5.885 5.762 3.140 5.379 5.846 5.319 2.004 1.415 7.919 4.149 7.180 2.667 2.408 2.353 6.191 7.389 6.425 6.846 5.239 7.669 3.516 2.760 7.488 2.448 7.141 4.690 5.306 9.348 4.213 6.469 6.371 3.227 4.885 7.837 4.313 4.143 8.925 1.809 7.619 8.427 7.140 8.246 5.311 6.092 6.679 3.611 5.992 4.926 4.627 3.267 7.665 3.153 7.188 1.741 6.497 8.629 3.706 5.506 3.443 0.851 2.823 5.433 7.227 6.508 6.298 3.697 6.385 5.940 0.915 2.662 5.705 6.283 3.927 6.839 2.715 8.654 8.044 4.863 7.739 6.970 6.690 2.611 5.144 8.302 5.123 4.169 1.956 5.626 2.351 4.738 4.484 5.593 6.629 6.134 3.849 6.388 3.906 
4.300 2.614 6.173 5.336 4.487 2.794 2.388 3.597 3.811 3.315 4.600 4.854 5.495 8.313 2.394 2.349 3.883 2.926 7.957 7.724 4.418 2.124 5.116 6.873 5.968 5.550 3.548 5.803 6.387 1.928 6.688 0.840 6.254 5.858 2.971 4.627 7.786 2.071 2.120 6.727 2.922 5.654 9.088 6.661 8.716 2.128 3.624 3.753 3.805 6.468 2.858 3.492 0.766 5.066 5.110 5.727 1.826 3.246 6.121 3.054 5.829 2.948 3.018 6.150 5.985 7.441 3.133 4.501 6.929 3.708 3.324 3.092 4.566 4.611 3.039 7.269 6.936 4.328 5.989 5.468 2.396 7.226 8.262 7.641 2.640 6.084 6.459 2.064 5.417 4.417 6.514 4.993 6.573 2.360 2.860 5.386 2.933 3.097 4.842 1.551 
3.600 4.857 5.374 5.200 5.001 2.382 4.630 5.052 4.539 2.355 2.209 7.160 3.785 6.841 2.650 2.395 1.911 5.664 6.922 6.115 6.052 4.509 6.877 4.121 3.203 6.702 2.804 6.390 4.454 4.687 8.556 3.609 5.842 5.699 2.484 4.214 7.258 3.527 3.352 8.134 1.133 6.833 7.994 6.485 7.770 4.593 5.817 5.910 2.953 5.478 4.132 3.858 2.551 6.874 2.942 6.428 1.003 5.783 7.835 2.948 4.949 2.687 1.200 3.578 4.921 6.687 5.865 5.512 4.164 5.601 5.621 1.309 2.394 4.957 5.569 4.508 6.271 2.343 7.863 7.251 4.548 7.087 6.669 6.297 2.673 4.710 7.524 4.661 3.778 1.889 5.194 2.412 4.549 4.231 4.817 5.881 5.635 3.871 5.616 3.558 
4.503 8.599 5.177 5.964 6.571 4.586 7.755 7.484 6.483 5.342 3.489 10.078 2.966 5.064 6.162 5.904 2.869 9.341 5.854 4.289 8.444 7.751 9.268 2.006 1.094 8.500 5.737 7.638 2.674 8.254 10.882 7.231 6.018 6.256 4.523 5.093 6.871 6.408 6.161 9.990 3.588 8.634 6.599 6.779 6.651 7.884 9.545 8.799 4.178 4.947 6.678 5.757 5.994 9.314 2.023 7.795 4.593 9.037 10.064 4.962 4.818 4.761 4.320 3.071 4.519 6.114 9.350 7.427 1.189 8.300 9.363 4.358 2.264 6.368 8.831 2.016 5.950 2.626 10.262 9.620 8.287 7.277 4.720 4.891 6.092 3.900 9.086 8.392 3.101 2.022 4.239 1.444 2.498 7.944 7.701 7.159 9.338 7.327 7.264 7.302 
3.688 3.712 5.589 5.071 4.551 2.176 3.470 4.194 3.968 2.500 3.271 6.015 4.457 7.439 2.130 1.937 2.668 4.364 7.291 6.777 5.152 3.302 5.942 5.422 4.510 6.019 2.870 5.952 5.271 3.378 7.597 2.298 5.871 5.598 2.340 4.183 7.375 2.575 2.469 7.365 1.669 6.141 8.408 6.413 8.106 3.364 4.709 4.806 3.079 5.796 3.301 3.411 1.334 5.920 3.868 5.939 0.437 4.545 6.932 2.652 5.195 2.441 1.783 4.771 5.264 6.908 4.564 4.858 5.471 4.589 4.472 1.881 3.307 4.584 4.331 5.815 6.439 3.131 6.895 6.312 3.426 7.010 7.329 6.819 2.278 5.217 6.895 3.401 4.408 3.030 5.683 3.596 5.419 3.193 3.760 5.472 4.347 3.252 5.070 2.433 
2.575 9.293 0.784 1.569 2.847 4.092 6.010 4.544 3.431 8.449 7.833 7.049 2.996 2.600 8.383 8.176 4.375 8.809 1.500 2.654 4.961 6.278 5.488 7.835 6.635 4.043 8.889 2.744 3.333 7.517 6.601 7.095 0.611 1.218 3.922 2.113 1.141 4.983 4.802 5.211 4.988 4.136 2.531 1.058 2.054 6.470 10.271 6.110 3.208 0.983 4.464 3.348 5.969 5.602 4.139 2.998 5.929 7.092 5.801 3.700 1.211 3.856 7.318 8.429 1.412 0.735 7.985 3.651 7.101 5.436 9.928 7.425 4.332 2.571 6.977 7.919 0.215 4.114 6.224 5.696 9.112 1.399 2.861 1.954 8.511 2.016 4.129 8.523 2.886 5.164 1.756 5.273 3.588 9.091 5.480 2.553 8.978 9.497 3.163 8.276 
5.673 5.364 7.331 7.311 7.156 4.537 6.439 7.115 6.683 1.409 0.701 8.979 5.443 8.414 2.577 2.378 3.731 6.714 8.724 7.639 8.097 6.244 8.903 3.394 3.142 8.834 1.696 8.545 5.867 6.049 10.568 4.970 7.887 7.797 4.635 6.311 9.235 5.526 5.387 10.245 3.232 8.963 9.731 8.563 9.583 6.284 6.131 7.786 5.037 7.363 6.200 6.012 4.305 8.887 4.361 8.584 2.925 7.435 9.883 5.103 6.900 4.842 1.203 2.189 6.807 8.608 7.271 7.647 3.912 7.567 6.065 1.114 3.935 7.111 7.225 3.834 8.235 4.049 9.868 9.276 5.037 9.162 8.172 7.973 2.393 6.472 9.669 5.559 5.480 3.138 6.948 3.367 5.869 4.573 6.742 8.036 6.601 3.502 7.767 4.214 
0.884 6.817 2.414 2.522 2.920 1.468 4.586 3.929 2.847 5.312 4.711 6.629 1.351 4.130 5.382 5.153 1.246 6.867 3.998 3.512 4.842 4.697 5.650 5.234 3.989 4.849 5.758 4.075 2.305 5.599 7.238 4.825 2.958 2.945 1.309 1.536 4.309 3.217 2.960 6.343 1.849 4.984 5.100 3.663 4.834 4.868 7.831 5.384 0.583 2.526 3.230 2.148 3.511 5.706 1.645 4.203 2.935 5.886 6.414 1.534 1.987 1.449 4.160 5.504 1.974 3.724 6.462 3.773 4.718 4.812 7.538 4.266 1.472 2.731 5.702 5.439 3.314 1.137 6.632 5.992 6.575 4.251 4.053 3.495 5.476 1.897 5.474 6.241 1.243 2.190 2.357 2.502 2.547 6.435 4.353 3.573 6.958 6.558 3.615 5.631 
3.095 9.984 1.231 2.519 3.816 4.636 6.897 5.507 4.350 8.754 7.894 8.065 2.854 1.570 8.828 8.604 4.539 9.637 0.571 1.751 5.977 7.144 6.523 7.537 6.397 5.084 9.203 3.783 2.880 8.337 7.637 7.825 1.632 2.240 4.458 2.808 1.395 5.780 5.577 6.231 5.304 5.176 1.702 2.041 1.376 7.335 10.980 7.090 3.661 0.940 5.337 4.156 6.627 6.636 4.018 4.038 6.368 8.029 6.841 4.335 1.560 4.444 7.586 8.297 1.484 0.641 8.884 4.660 6.734 6.417 10.651 7.688 4.335 3.529 7.902 7.565 0.871 4.194 7.264 6.735 9.782 2.213 1.861 0.985 8.930 1.793 5.146 9.266 2.788 5.168 1.350 5.160 3.084 9.717 6.400 3.590 9.791 9.986 4.183 8.900 
6.507 1.345 8.411 7.671 6.846 4.963 4.377 5.849 6.167 2.697 4.714 6.472 7.404 10.378 1.499 1.723 5.591 3.061 10.163 9.724 6.559 4.034 7.155 7.381 6.809 7.807 2.600 8.149 8.203 3.050 8.584 2.428 8.566 8.196 5.141 6.907 10.097 4.411 4.477 8.867 4.599 7.902 11.290 9.004 10.953 3.946 2.067 5.627 5.945 8.664 5.187 5.841 3.102 7.080 6.756 8.063 3.372 4.728 8.136 5.320 8.041 5.172 3.299 6.260 8.150 9.708 4.083 6.816 7.721 5.770 1.998 3.294 6.194 6.969 4.569 7.817 9.215 6.055 7.912 7.475 1.039 9.576 10.275 9.746 1.683 8.149 8.717 1.919 7.356 5.769 8.608 6.284 8.338 0.530 4.971 7.741 2.860 1.041 7.182 0.868 
0.764 6.166 2.606 2.008 1.902 0.913 3.473 2.727 1.685 5.424 5.282 5.428 2.473 4.842 5.215 5.021 2.083 5.953 4.390 4.347 3.653 3.624 4.471 6.237 5.009 3.791 5.844 3.223 3.427 4.656 6.084 4.030 2.788 2.528 0.764 1.101 4.303 2.147 1.903 5.288 2.136 3.927 5.522 3.338 5.151 3.805 7.165 4.191 0.631 2.907 2.044 0.958 2.807 4.521 2.822 3.298 2.800 4.755 5.271 0.517 2.265 0.652 4.382 6.310 2.452 3.891 5.408 2.655 5.807 3.610 6.841 4.494 2.549 1.790 4.581 6.483 3.398 2.187 5.461 4.820 5.962 3.938 4.850 4.140 5.361 2.681 4.502 5.472 2.342 3.113 3.050 3.536 3.688 5.908 3.183 2.708 6.076 6.301 2.584 5.091 
1.682 8.323 1.572 2.533 3.496 2.942 5.869 4.907 3.706 6.621 5.682 7.647 0.672 2.631 6.816 6.578 2.375 8.311 2.685 2.008 5.685 6.027 6.421 5.508 4.310 5.315 7.073 4.245 1.236 7.026 7.870 6.305 2.417 2.717 2.771 1.938 3.364 4.549 4.302 6.737 3.238 5.439 3.723 3.176 3.543 6.208 9.336 6.472 1.947 1.404 4.387 3.167 5.002 6.502 1.836 4.443 4.402 7.139 7.032 2.870 1.218 2.861 5.439 6.137 0.918 2.651 7.811 4.442 4.789 5.842 9.040 5.537 2.123 3.227 6.971 5.600 2.390 1.996 7.340 6.724 8.082 3.672 2.546 2.028 6.890 0.436 5.736 7.731 0.581 2.956 0.920 2.981 1.527 7.940 5.536 3.823 8.416 8.011 4.125 7.136 
4.073 10.781 2.819 4.251 5.489 5.412 8.245 7.094 5.881 8.762 7.450 9.783 2.750 0.731 9.122 8.873 4.608 10.770 1.987 0.487 7.727 8.431 8.362 6.404 5.450 7.017 9.211 5.754 2.082 9.479 9.604 8.775 3.564 4.132 5.241 4.114 3.395 6.968 6.728 8.255 5.569 7.122 2.295 4.102 2.527 8.616 11.795 8.694 4.415 2.347 6.714 5.476 7.472 8.464 3.616 6.000 6.782 9.480 8.788 5.316 2.859 5.325 7.576 7.450 2.515 2.707 10.215 6.412 5.507 8.035 11.504 7.661 4.122 5.196 9.326 6.323 2.926 4.158 9.178 8.612 10.533 4.301 0.327 1.108 9.166 2.147 7.176 10.201 2.796 4.831 1.821 4.589 2.084 10.371 7.850 5.481 10.880 10.336 5.988 9.576 
3.094 4.603 4.949 4.621 4.319 1.729 3.924 4.308 3.827 2.815 2.953 6.441 3.623 6.643 2.797 2.565 1.793 5.188 6.586 5.958 5.307 3.824 6.132 4.765 3.759 5.978 3.243 5.718 4.405 4.123 7.811 3.081 5.332 5.134 1.855 3.664 6.795 2.786 2.608 7.400 0.804 6.108 7.688 5.936 7.420 3.921 5.599 5.183 2.452 5.107 3.388 3.167 1.904 6.129 2.981 5.743 0.457 5.110 7.091 2.283 4.536 2.031 1.781 4.308 4.560 6.272 5.265 4.790 4.715 4.860 5.363 1.894 2.419 4.296 4.897 5.133 5.827 2.258 7.119 6.506 4.316 6.539 6.512 6.049 2.887 4.444 6.812 4.270 3.586 2.159 4.920 2.733 4.544 4.070 4.084 5.215 5.190 3.988 4.915 3.322 
2.988 9.364 2.503 3.739 4.793 4.100 7.151 6.228 5.026 7.199 5.908 8.968 1.300 2.055 7.587 7.336 3.084 9.499 2.763 1.266 6.999 7.292 7.724 5.103 4.041 6.563 7.648 5.425 0.520 8.232 9.139 7.444 3.391 3.821 3.941 3.251 3.888 5.808 5.556 7.946 4.066 6.683 3.525 4.101 3.553 7.469 10.376 7.790 3.160 2.125 5.693 4.482 6.119 7.807 2.051 5.641 5.294 8.433 8.303 4.116 2.299 4.070 6.014 6.017 1.914 3.119 9.070 5.741 4.261 7.162 10.101 6.099 2.564 4.516 8.260 5.093 3.070 2.625 8.628 8.019 9.103 4.493 1.785 1.792 7.622 1.261 6.914 8.843 1.391 3.267 1.343 3.047 0.602 8.911 6.841 5.041 9.587 8.805 5.401 8.129 
4.731 11.638 2.947 4.239 5.533 6.245 8.628 7.228 6.080 10.103 8.990 9.744 4.008 1.086 10.306 10.071 5.859 11.356 1.200 1.868 7.656 8.872 8.155 8.146 7.143 6.662 10.555 5.350 3.624 10.054 9.149 9.507 3.309 3.915 6.066 4.516 2.390 7.496 7.286 7.673 6.732 6.741 0.578 3.537 1.041 9.064 12.642 8.804 5.242 2.578 7.068 5.879 8.277 8.273 5.069 5.608 7.873 9.759 8.384 5.998 3.223 6.081 8.916 9.131 3.044 2.026 10.616 6.350 7.261 8.131 12.321 9.011 5.503 5.250 9.634 8.083 2.494 5.451 8.836 8.341 11.423 3.481 1.454 1.472 10.384 3.068 6.595 10.950 3.997 6.289 2.590 6.142 3.708 11.330 8.132 5.229 11.503 11.494 5.859 10.516 
5.672 4.137 7.479 7.219 6.847 4.316 5.613 6.524 6.292 0.262 1.900 8.111 5.845 8.893 1.345 1.164 3.994 5.557 9.027 8.147 7.463 5.374 8.231 4.597 4.194 8.362 0.710 8.252 6.426 5.000 9.861 3.958 7.916 7.732 4.450 6.259 9.355 4.898 4.807 9.701 3.229 8.484 10.091 8.532 9.877 5.386 4.894 6.980 5.025 7.587 5.640 5.695 3.541 8.199 4.889 8.254 2.466 6.488 9.230 4.855 7.056 4.613 0.932 3.425 7.030 8.794 6.214 7.199 5.039 6.848 4.831 0.840 4.383 6.852 6.285 5.037 8.373 4.398 9.158 8.597 3.811 9.136 8.696 8.377 1.157 6.804 9.236 4.386 5.851 3.699 7.288 4.075 6.479 3.341 6.001 7.760 5.427 2.304 7.395 3.026 
1.365 5.551 3.262 2.681 2.385 0.243 3.198 2.809 1.993 4.763 4.754 5.385 2.769 5.392 4.529 4.336 1.847 5.468 5.027 4.843 3.798 3.289 4.636 5.954 4.758 4.171 5.177 3.767 3.722 4.190 6.296 3.467 3.475 3.205 0.183 1.788 4.988 1.819 1.561 5.648 1.608 4.306 6.158 4.017 5.806 3.456 6.558 4.112 0.899 3.533 1.978 1.265 2.192 4.667 2.835 3.811 2.123 4.503 5.509 0.333 2.900 0.070 3.751 5.886 3.045 4.561 5.047 2.991 5.616 3.600 6.244 3.864 2.445 2.335 4.313 6.237 4.074 2.091 5.640 5.001 5.335 4.617 5.366 4.709 4.676 3.180 4.948 4.902 2.659 2.843 3.591 3.337 3.959 5.258 3.033 3.258 5.570 5.616 3.024 4.441 
5.785 3.617 7.635 7.276 6.811 4.359 5.334 6.358 6.224 0.415 2.430 7.794 6.115 9.170 0.828 0.683 4.243 5.084 9.235 8.439 7.268 5.073 8.013 5.125 4.687 8.239 0.620 8.212 6.748 4.599 9.618 3.590 8.020 7.797 4.506 6.343 9.487 4.733 4.669 9.537 3.400 8.357 10.317 8.606 10.078 5.069 4.363 6.701 5.145 7.773 5.499 5.669 3.331 7.973 5.216 8.198 2.473 6.136 9.016 4.875 7.218 4.646 1.270 3.956 7.220 8.957 5.802 7.095 5.548 6.615 4.304 1.210 4.690 6.839 5.938 5.564 8.518 4.669 8.917 8.373 3.292 9.207 8.991 8.628 0.625 7.038 9.127 3.907 6.109 4.057 7.521 4.472 6.819 2.816 5.764 7.731 4.944 1.793 7.326 2.542 
6.504 2.491 8.404 7.845 7.182 4.984 5.114 6.419 6.535 1.660 3.747 7.390 7.118 10.158 0.735 0.988 5.248 4.183 10.091 9.458 7.227 4.800 7.893 6.446 6.003 8.368 1.482 8.546 7.832 4.006 9.405 3.185 8.676 8.374 5.152 6.989 10.187 4.861 4.868 9.541 4.309 8.474 11.200 9.190 10.913 4.745 3.109 6.437 5.892 8.600 5.653 6.094 3.444 7.832 6.324 8.492 3.172 5.660 8.892 5.430 8.006 5.238 2.520 5.240 8.061 9.724 5.122 7.297 6.872 6.486 3.102 2.483 5.776 7.262 5.483 6.886 9.255 5.699 8.717 8.233 2.189 9.781 10.012 9.571 0.748 7.966 9.276 3.017 7.092 5.226 8.442 5.687 7.931 1.679 5.650 8.100 3.995 0.493 7.606 1.741 
3.192 8.341 2.765 1.608 1.605 4.139 4.549 2.864 2.260 8.613 8.591 4.885 4.653 5.046 8.194 8.043 5.262 7.417 3.860 5.061 2.869 4.886 3.201 9.289 8.044 1.662 9.007 0.379 5.321 6.220 4.161 6.141 1.927 1.420 4.032 2.537 2.725 4.016 3.950 2.771 5.447 1.733 4.699 1.474 4.140 5.064 9.227 4.185 3.739 3.209 3.263 2.736 5.361 3.329 5.576 0.623 5.958 5.341 3.377 3.580 2.946 3.835 7.644 9.550 3.327 2.999 6.355 1.778 8.707 3.553 8.854 7.757 5.532 1.571 5.281 9.468 2.608 5.208 3.826 3.349 8.237 1.671 5.306 4.396 8.383 3.993 1.698 7.439 4.507 6.256 3.946 6.564 5.608 8.352 3.913 0.686 7.635 9.128 1.297 7.584 
5.288 2.188 7.016 5.922 4.813 3.961 1.751 3.420 4.128 4.712 6.210 3.664 6.769 9.365 3.588 3.639 5.346 1.439 8.812 8.859 3.926 1.392 4.423 8.523 7.605 5.296 4.848 5.911 7.705 0.292 5.782 0.812 6.898 6.402 4.121 5.440 8.391 2.469 2.670 6.182 4.447 5.370 9.930 7.147 9.496 1.246 2.994 2.849 4.928 7.380 3.049 4.105 2.034 4.335 6.560 5.769 3.450 1.923 5.377 4.022 6.737 4.012 4.615 7.776 6.964 8.182 1.514 4.490 8.566 3.096 2.617 4.678 6.040 5.019 1.756 8.919 7.662 5.764 5.120 4.719 2.181 7.652 9.371 8.658 3.851 7.191 6.184 1.224 6.670 5.991 7.574 6.570 7.919 2.489 2.403 5.598 1.552 3.820 4.945 2.011 
3.461 10.180 1.594 2.396 3.624 4.985 6.832 5.308 4.248 9.310 8.613 7.702 3.651 2.374 9.271 9.061 5.181 9.657 1.052 2.693 5.625 7.113 6.073 8.427 7.262 4.558 9.753 3.248 3.800 8.371 7.030 7.977 1.416 1.959 4.814 3.010 0.430 5.852 5.678 5.558 5.844 4.633 1.810 1.433 1.268 7.304 11.155 6.838 4.087 1.581 5.302 4.221 6.864 6.195 4.818 3.506 6.813 7.871 6.267 4.597 2.021 4.752 8.167 9.119 2.119 0.345 8.792 4.349 7.646 6.169 10.810 8.274 5.073 3.364 7.766 8.474 0.709 4.886 6.724 6.243 10.003 1.385 2.723 1.914 9.395 2.602 4.477 9.401 3.562 5.910 2.220 5.963 4.020 9.987 6.279 3.176 9.832 10.390 3.840 9.172 
7.625 0.742 9.490 8.574 7.582 6.114 4.647 6.301 6.888 4.282 6.325 6.216 8.740 11.626 3.111 3.338 6.997 2.327 11.278 11.016 6.813 4.287 7.257 8.996 8.410 8.192 4.132 8.764 9.589 3.006 8.474 2.965 9.521 9.082 6.292 7.931 11.047 5.131 5.267 9.036 5.998 8.266 12.410 9.865 12.028 4.140 0.459 5.658 7.124 9.792 5.828 6.716 4.081 7.159 8.198 8.636 4.768 4.540 8.171 6.373 9.152 6.273 4.908 7.861 9.310 10.742 3.629 7.357 9.329 5.978 0.562 4.906 7.636 7.755 4.439 9.432 10.232 7.460 7.856 7.527 0.932 10.403 11.559 10.961 3.281 9.392 9.078 1.672 8.676 7.283 9.830 7.817 9.746 1.177 5.298 8.418 2.053 2.329 7.790 1.900 
7.051 1.567 8.958 8.243 7.430 5.507 4.941 6.431 6.752 2.781 4.862 6.975 7.884 10.881 1.709 1.963 6.047 3.411 10.699 10.214 7.130 4.595 7.712 7.557 7.070 8.388 2.590 8.735 8.658 3.556 9.117 3.001 9.131 8.769 5.683 7.466 10.661 4.998 5.062 9.435 5.067 8.482 11.824 9.579 11.497 4.499 2.012 6.171 6.478 9.200 5.773 6.419 3.680 7.635 7.187 8.650 3.854 5.232 8.688 5.880 8.582 5.724 3.559 6.362 8.680 10.260 4.526 7.402 7.958 6.334 2.054 3.537 6.628 7.551 5.081 7.996 9.770 6.509 8.452 8.027 1.333 10.152 10.766 10.259 1.822 8.658 9.298 2.338 7.842 6.155 9.122 6.649 8.782 0.872 5.543 8.326 3.183 0.771 7.769 1.448 
5.588 3.494 7.447 7.063 6.582 4.146 5.097 6.118 5.992 0.615 2.504 7.563 5.969 9.024 0.712 0.512 4.093 4.909 9.062 8.300 7.027 4.839 7.773 5.179 4.686 8.001 0.860 7.982 6.625 4.388 9.380 3.367 7.817 7.585 4.296 6.137 9.291 4.493 4.430 9.297 3.225 8.119 10.150 8.396 9.903 4.837 4.277 6.465 4.949 7.595 5.260 5.442 3.091 7.733 5.098 7.966 2.259 5.912 8.776 4.657 7.032 4.431 1.204 4.056 7.043 8.770 5.595 6.859 5.566 6.376 4.198 1.163 4.564 6.614 5.712 5.617 8.326 4.527 8.678 8.134 3.167 8.997 8.853 8.471 0.576 6.877 8.889 3.736 5.959 3.958 7.359 4.394 6.704 2.705 5.525 7.503 4.776 1.806 7.093 2.375 
3.064 9.526 1.484 1.692 2.819 4.509 6.047 4.476 3.475 8.962 8.460 6.815 3.717 3.141 8.814 8.619 4.990 8.899 1.881 3.312 4.745 6.343 5.177 8.559 7.352 3.661 9.395 2.351 4.079 7.628 6.145 7.307 0.820 1.188 4.349 2.503 0.813 5.153 5.000 4.691 5.526 3.736 2.705 0.537 2.154 6.533 10.482 5.979 3.711 1.729 4.548 3.550 6.263 5.300 4.844 2.608 6.385 7.040 5.375 4.059 1.885 4.247 7.857 9.116 2.136 1.021 7.985 3.485 7.837 5.313 10.128 7.966 5.004 2.581 6.944 8.652 0.779 4.764 5.829 5.345 9.366 0.659 3.449 2.568 8.958 2.757 3.607 8.710 3.600 5.828 2.500 5.967 4.334 9.384 5.472 2.295 9.086 9.891 2.972 8.575 
2.247 6.109 3.841 3.915 4.056 1.669 4.786 4.633 3.781 3.971 3.265 7.139 2.160 5.214 4.231 3.983 0.283 6.541 5.312 4.497 5.626 4.787 6.465 4.127 2.931 5.934 4.422 5.347 2.889 5.376 8.124 4.417 4.409 4.369 1.646 2.908 5.744 3.445 3.202 7.426 0.742 6.070 6.372 5.106 6.166 4.924 7.111 5.856 1.658 3.896 3.775 3.037 3.115 6.495 1.468 5.440 1.968 6.069 7.334 2.136 3.410 1.897 2.791 4.164 3.338 5.129 6.423 4.775 3.804 5.391 6.865 2.890 0.913 3.930 5.865 4.408 4.744 0.740 7.469 6.830 5.828 5.698 5.051 4.667 4.280 3.085 6.656 5.711 2.148 1.018 3.570 1.546 3.021 5.593 4.749 4.834 6.575 5.445 4.737 4.837 
2.490 5.721 3.678 2.372 1.158 2.288 2.080 0.782 0.510 6.301 6.713 3.519 4.354 6.203 5.713 5.591 3.932 4.933 5.399 5.876 1.708 2.374 2.540 8.059 6.859 2.220 6.654 2.336 5.280 3.676 4.192 3.514 3.349 2.799 2.287 2.253 4.781 1.406 1.388 3.625 3.651 2.345 6.471 3.503 5.988 2.563 6.625 2.343 2.586 4.116 0.636 1.009 2.809 2.579 4.776 2.251 3.726 3.172 3.406 1.800 3.521 2.036 5.488 7.947 3.846 4.672 4.044 1.060 7.701 1.707 6.257 5.596 4.473 1.391 3.044 8.338 4.155 4.111 3.541 2.900 5.611 3.992 6.310 5.475 5.924 4.298 3.093 4.836 4.211 4.943 4.543 5.420 5.557 5.727 1.542 1.958 5.126 6.564 1.367 4.967 
2.925 4.568 4.498 3.351 2.273 2.032 1.273 1.328 1.580 5.328 6.007 3.484 4.654 6.933 4.635 4.534 3.740 3.923 6.281 6.503 2.278 1.446 3.081 7.679 6.545 3.239 5.650 3.502 5.611 2.629 4.753 2.352 4.329 3.830 2.121 2.942 5.820 0.300 0.470 4.508 3.180 3.350 7.388 4.584 6.939 1.634 5.491 2.201 2.750 4.890 0.534 1.566 1.718 3.070 4.793 3.410 2.901 2.563 4.062 1.790 4.256 1.911 4.639 7.368 4.525 5.623 3.227 2.170 7.450 1.798 5.128 4.742 4.381 2.458 2.384 8.003 5.102 4.036 4.057 3.455 4.449 5.104 6.984 6.212 4.859 4.851 4.144 3.706 4.528 4.664 5.180 5.203 5.864 4.560 1.092 3.120 4.090 5.428 2.531 3.802 
3.399 8.309 3.045 1.855 1.683 4.272 4.474 2.782 2.299 8.713 8.752 4.677 4.907 5.325 8.257 8.113 5.456 7.328 4.131 5.343 2.697 4.818 2.976 9.510 8.264 1.421 9.100 0.288 5.589 6.152 3.887 6.123 2.209 1.697 4.173 2.752 2.967 4.026 3.978 2.489 5.601 1.482 4.952 1.742 4.389 4.991 9.179 4.031 3.925 3.491 3.256 2.834 5.397 3.106 5.809 0.440 6.062 5.209 3.110 3.708 3.219 3.967 7.767 9.741 3.602 3.268 6.235 1.698 8.941 3.416 8.803 7.879 5.748 1.696 5.158 9.696 2.886 5.419 3.567 3.106 8.216 1.893 5.587 4.677 8.452 4.266 1.416 7.394 4.759 6.459 4.226 6.781 5.876 8.348 3.829 0.772 7.553 9.165 1.260 7.590 
4.790 5.827 5.691 4.264 2.996 4.462 2.077 1.539 2.693 7.714 8.572 1.312 6.658 8.228 6.837 6.794 6.168 4.381 7.237 8.008 0.778 2.397 0.764 10.220 9.056 2.092 7.982 3.238 7.573 3.503 2.245 4.020 5.130 4.521 4.502 4.468 6.297 2.857 3.043 2.548 5.728 2.100 8.205 4.984 7.667 2.476 6.499 0.837 4.895 6.158 2.357 3.324 4.082 0.667 7.079 3.001 5.452 2.045 1.715 4.051 5.630 4.257 7.154 9.945 5.991 6.418 3.104 2.095 9.933 0.785 6.116 7.252 6.750 3.290 2.088 10.527 5.940 6.390 1.544 1.054 5.848 5.283 8.392 7.511 7.086 6.514 2.809 4.849 6.513 7.149 6.698 7.657 7.853 6.147 1.618 3.224 4.646 7.369 2.575 5.568 
3.710 3.917 5.300 4.130 2.991 2.669 0.587 1.681 2.310 5.248 6.199 3.093 5.392 7.735 4.399 4.341 4.322 3.131 7.081 7.296 2.418 0.654 3.113 8.089 7.006 3.632 5.520 4.112 6.350 1.849 4.711 1.768 5.111 4.596 2.787 3.745 6.586 0.831 1.088 4.732 3.633 3.725 8.185 5.329 7.731 0.837 4.796 1.861 3.487 5.694 1.232 2.369 1.627 3.067 5.440 3.986 3.086 1.876 4.118 2.525 5.060 2.605 4.724 7.643 5.325 6.413 2.439 2.708 7.937 1.708 4.424 4.818 4.991 3.203 1.678 8.436 5.892 4.661 4.009 3.469 3.835 5.829 7.781 7.014 4.643 5.639 4.541 3.007 5.273 5.178 5.976 5.738 6.595 4.010 0.857 3.780 3.308 5.041 3.140 3.310 
4.082 3.285 5.772 4.671 3.583 2.858 0.909 2.320 2.893 4.785 5.905 3.409 5.655 8.150 3.861 3.826 4.400 2.643 7.566 7.668 3.017 0.671 3.667 7.955 6.928 4.267 5.026 4.743 6.605 1.341 5.213 1.130 5.646 5.153 3.002 4.199 7.142 1.221 1.434 5.332 3.603 4.358 8.682 5.906 8.245 0.734 4.181 2.276 3.773 6.144 1.818 2.854 1.312 3.609 5.574 4.621 2.856 1.924 4.668 2.835 5.503 2.860 4.373 7.401 5.743 6.930 2.192 3.345 7.876 2.259 3.814 4.460 5.087 3.779 1.710 8.322 6.410 4.780 4.516 4.010 3.196 6.420 8.171 7.437 4.112 6.002 5.175 2.392 5.546 5.171 6.368 5.745 6.835 3.372 1.430 4.398 2.789 4.436 3.769 2.682 
4.841 11.747 3.071 4.372 5.666 6.349 8.755 7.361 6.211 10.176 9.040 9.881 4.077 1.105 10.393 10.156 5.935 11.477 1.336 1.894 7.793 8.998 8.294 8.156 7.166 6.802 10.628 5.489 3.663 10.175 9.288 9.621 3.445 4.052 6.171 4.637 2.526 7.616 7.405 7.811 6.816 6.881 0.669 3.676 1.164 9.189 12.752 8.938 5.345 2.695 7.195 6.002 8.386 8.412 5.124 5.747 7.965 9.890 8.523 6.110 3.340 6.190 8.988 9.157 3.151 2.165 10.743 6.486 7.266 8.265 12.432 9.083 5.567 5.383 9.764 8.085 2.631 5.523 8.975 8.480 11.530 3.619 1.451 1.551 10.468 3.154 6.733 11.064 4.070 6.346 2.679 6.188 3.738 11.433 8.262 5.367 11.623 11.583 5.996 10.619 
3.612 8.134 4.339 5.078 5.682 3.777 6.986 6.632 5.608 5.198 3.585 9.257 2.111 4.505 5.866 5.606 2.083 8.732 5.157 3.715 7.580 7.005 8.401 2.746 1.593 7.610 5.623 6.747 1.980 7.595 10.005 6.609 5.163 5.380 3.699 4.200 6.088 5.622 5.371 9.099 2.914 7.744 5.986 5.925 5.982 7.147 9.107 7.983 3.303 4.141 5.846 4.888 5.330 8.450 1.132 6.903 4.027 8.280 9.184 4.119 3.966 3.931 4.082 3.554 3.686 5.342 8.652 6.544 2.036 7.465 8.898 4.140 1.428 5.476 8.077 2.835 5.142 1.781 9.391 8.749 7.832 6.437 4.198 4.235 5.833 3.094 8.193 7.842 2.239 1.423 3.470 0.892 1.872 7.529 6.895 6.267 8.750 7.069 6.374 6.837 
6.624 9.085 7.517 8.191 8.635 6.323 9.215 9.290 8.432 5.220 3.135 11.693 5.288 7.364 6.345 6.121 4.687 10.222 8.218 6.607 10.288 9.131 11.128 0.547 1.758 10.551 5.485 9.813 5.045 9.330 12.790 8.241 8.337 8.527 6.311 7.258 9.242 7.977 7.757 12.049 5.046 10.687 8.922 9.098 9.003 9.229 9.909 10.416 6.184 7.309 8.411 7.687 7.199 11.154 4.225 9.946 5.657 10.418 11.998 6.801 7.142 6.562 4.609 1.732 6.863 8.486 10.519 9.417 1.195 10.006 9.814 4.588 4.271 8.466 10.205 0.365 8.312 4.616 12.132 11.494 8.757 9.615 6.998 7.243 6.185 6.261 11.213 9.132 5.413 3.660 6.611 3.244 4.859 8.323 9.302 9.315 10.155 7.313 9.329 7.856 
3.846 7.392 4.091 2.698 1.775 4.236 3.464 1.852 2.028 8.377 8.742 3.318 5.603 6.527 7.747 7.639 5.718 6.220 5.403 6.448 1.418 3.823 1.613 9.871 8.639 0.155 8.724 1.228 6.407 5.133 2.722 5.297 3.362 2.771 4.190 3.304 4.314 3.399 3.437 1.653 5.621 0.291 6.282 3.043 5.725 3.975 8.195 2.771 4.214 4.561 2.613 2.756 4.828 1.742 6.325 0.971 5.802 3.991 1.894 3.687 4.157 3.949 7.562 9.902 4.545 4.550 5.044 1.041 9.408 2.220 7.812 7.671 6.146 1.990 3.970 10.108 4.121 5.791 2.287 1.768 7.341 3.253 6.752 5.844 7.967 5.165 1.029 6.439 5.452 6.748 5.226 7.157 6.698 7.539 2.812 1.418 6.463 8.525 1.083 6.835 
6.083 0.825 7.939 7.023 6.052 4.586 3.261 4.851 5.359 3.669 5.500 5.205 7.267 10.106 2.439 2.581 5.587 1.843 9.730 9.514 5.459 2.905 5.993 8.054 7.317 6.782 3.685 7.269 8.143 1.788 7.359 1.434 7.967 7.533 4.763 6.378 9.494 3.593 3.720 7.741 4.597 6.866 10.861 8.319 10.476 2.787 1.832 4.428 5.598 8.247 4.312 5.164 2.537 5.909 6.807 7.154 3.395 3.462 6.955 4.824 7.606 4.733 3.944 7.084 7.772 9.188 2.790 5.880 8.265 4.642 1.539 3.973 6.251 6.216 3.313 8.477 8.677 6.044 6.700 6.296 0.663 8.863 10.053 9.433 2.685 7.876 7.683 0.662 7.195 5.988 8.306 6.546 8.316 0.911 3.893 6.905 1.689 2.332 6.294 0.716 
6.550 7.581 7.021 5.615 4.531 6.482 4.136 3.516 4.474 9.817 10.691 1.971 8.390 9.449 8.897 8.871 8.154 5.899 8.289 9.379 2.519 4.419 1.683 12.263 11.075 2.815 10.071 4.109 9.248 5.320 0.415 6.018 6.286 5.701 6.499 6.100 7.100 4.973 5.148 1.931 7.796 2.717 9.097 5.903 8.530 4.458 8.098 2.775 6.775 7.491 4.411 5.192 6.199 1.651 8.963 3.854 7.574 3.662 1.052 6.021 7.070 6.250 9.278 12.047 7.455 7.428 4.565 3.594 11.924 2.909 7.729 9.375 8.690 4.797 3.796 12.553 7.026 8.327 0.690 1.330 7.658 6.000 9.682 8.772 9.152 8.056 2.901 6.621 8.240 9.160 8.145 9.642 9.536 8.017 3.738 4.350 6.179 9.338 3.907 7.522 
2.998 9.159 2.764 3.916 4.899 3.979 7.102 6.265 5.080 6.871 5.532 9.005 1.181 2.449 7.301 7.048 2.827 9.368 3.156 1.657 7.074 7.224 7.821 4.704 3.638 6.717 7.318 5.621 0.227 8.114 9.275 7.290 3.654 4.044 3.830 3.336 4.246 5.742 5.486 8.128 3.822 6.841 3.928 4.383 3.953 7.396 10.169 7.804 3.087 2.422 5.681 4.494 5.961 7.899 1.724 5.827 5.055 8.394 8.438 4.050 2.513 3.979 5.690 5.615 2.140 3.478 8.992 5.844 3.867 7.191 9.903 5.772 2.260 4.632 8.216 4.700 3.395 2.363 8.744 8.126 8.891 4.802 2.162 2.194 7.326 1.467 7.113 8.672 1.304 2.921 1.650 2.670 0.203 8.681 6.825 5.215 9.444 8.521 5.531 7.909 
0.565 6.847 2.196 2.209 2.614 1.445 4.437 3.687 2.574 5.522 4.998 6.405 1.490 4.079 5.533 5.311 1.546 6.810 3.848 3.505 4.579 4.569 5.379 5.552 4.308 4.543 5.965 3.756 2.446 5.528 6.953 4.803 2.683 2.642 1.271 1.218 4.072 3.085 2.832 6.036 2.058 4.678 4.964 3.373 4.670 4.745 7.858 5.174 0.444 2.356 3.029 1.898 3.508 5.438 1.938 3.886 3.073 5.728 6.126 1.391 1.779 1.359 4.387 5.818 1.820 3.517 6.346 3.481 5.029 4.585 7.555 4.495 1.790 2.419 5.550 5.755 3.087 1.456 6.354 5.716 6.616 3.966 4.034 3.417 5.639 1.851 5.158 6.233 1.362 2.507 2.283 2.821 2.705 6.500 4.167 3.255 6.912 6.692 3.308 5.688 
1.067 7.614 1.784 2.313 3.059 2.229 5.202 4.338 3.165 6.045 5.272 7.076 0.813 3.324 6.170 5.938 1.840 7.604 3.232 2.720 5.171 5.347 5.940 5.427 4.192 4.951 6.495 3.999 1.724 6.322 7.452 5.592 2.484 2.626 2.058 1.499 3.684 3.864 3.614 6.416 2.609 5.082 4.318 3.234 4.079 5.525 8.627 5.871 1.238 1.800 3.753 2.562 4.289 6.011 1.678 4.168 3.734 6.484 6.617 2.176 1.357 2.154 4.876 5.891 1.242 3.040 7.128 3.985 4.796 5.259 8.329 4.979 1.774 2.816 6.311 5.573 2.682 1.547 6.889 6.260 7.376 3.790 3.256 2.689 6.256 1.090 5.466 7.018 0.664 2.600 1.553 2.757 2.000 7.241 4.899 3.533 7.706 7.354 3.728 6.435 
0.461 6.700 2.063 1.466 1.641 1.483 3.804 2.816 1.645 5.974 5.733 5.556 2.329 4.393 5.788 5.592 2.395 6.403 3.859 3.955 3.655 3.995 4.437 6.496 5.254 3.570 6.398 2.836 3.245 5.101 5.989 4.538 2.214 1.975 1.325 0.528 3.730 2.551 2.326 5.064 2.621 3.705 4.989 2.778 4.602 4.182 7.693 4.365 0.863 2.396 2.287 1.059 3.351 4.503 2.911 2.946 3.364 5.051 5.160 1.065 1.751 1.226 4.910 6.678 1.984 3.329 5.777 2.514 5.997 3.742 7.363 5.022 2.743 1.456 4.890 6.712 2.831 2.395 5.402 4.767 6.505 3.381 4.435 3.678 5.932 2.315 4.202 5.980 2.183 3.407 2.630 3.767 3.524 6.464 3.434 2.326 6.539 6.875 2.336 5.647 
1.458 5.535 3.366 2.899 2.679 0.166 3.402 3.102 2.300 4.533 4.458 5.647 2.652 5.391 4.361 4.159 1.567 5.555 5.102 4.808 4.095 3.467 4.934 5.653 4.462 4.478 4.954 4.052 3.592 4.295 6.597 3.510 3.647 3.416 0.139 1.962 5.143 2.023 1.767 5.955 1.306 4.612 6.229 4.222 5.898 3.627 6.547 4.369 0.889 3.602 2.253 1.570 2.201 4.963 2.609 4.103 1.921 4.706 5.813 0.637 2.983 0.377 3.494 5.579 3.092 4.680 5.202 3.298 5.328 3.874 6.244 3.606 2.190 2.616 4.511 5.939 4.206 1.844 5.939 5.300 5.305 4.824 5.342 4.724 4.497 3.162 5.250 4.931 2.554 2.549 3.594 3.053 3.816 5.199 3.277 3.541 5.643 5.477 3.325 4.385 
