25 50 100
66 109 73 78 89 124 70 91 119 96 122 49 77 25 120 36 38 49 95 106 65 83 51 45 86 
225 157 232 253 173 27 303 215 23 215 202 288 44 263 240 107 333 42 210 70 167 62 195 235 111 282 361 292 271 107 141 239 40 330 264 104 259 327 299 66 133 43 217 269 237 260 44 283 241 277 
23 8 33 6 33 6 12 31 35 25 17 17 25 15 11 27 28 15 25 26 12 7 18 19 12 32 33 24 16 19 33 21 18 27 34 13 20 33 25 17 24 13 30 10 32 8 14 9 19 33 22 10 13 10 17 11 15 13 26 7 7 32 20 27 5 18 32 18 19 19 19 11 32 27 21 34 24 22 17 13 10 13 7 13 27 19 24 5 7 5 24 19 23 24 17 17 31 35 15 11 
1030.211 869.006 1073.991 1133.161 963.723 452.478 1187.104 1018.651 395.483 1104.438 1038.987 1152.390 506.223 1220.073 1141.826 784.232 1348.190 509.180 1083.434 663.899 991.294 590.639 1020.041 1140.386 744.500 1213.624 1376.521 1187.111 1157.338 743.287 874.448 1167.921 468.050 1331.951 1140.260 762.765 1160.340 1246.335 1284.332 647.911 887.591 511.593 1050.252 1191.857 1145.972 1166.121 517.959 1250.450 1210.250 1198.757 
0.872 10.644 8.191 5.387 9.520 7.982 8.307 6.952 5.579 0.308 10.098 1.838 4.703 4.671 7.166 4.750 7.745 8.307 6.927 8.054 4.766 4.572 10.819 8.973 7.761 7.575 6.723 9.343 9.070 11.742 9.537 4.939 11.892 9.901 6.908 1.054 9.401 5.104 9.391 2.385 4.109 8.095 9.232 11.236 5.228 4.764 3.585 2.347 10.599 11.026 
6.147 7.480 3.447 5.407 9.397 1.581 2.839 0.547 4.099 6.713 8.558 7.373 6.195 4.826 8.175 2.671 2.462 4.145 1.798 1.648 3.610 1.839 8.368 9.870 2.225 3.912 6.167 5.169 11.035 9.114 6.351 8.566 8.782 6.984 8.752 5.695 4.706 2.657 7.156 7.234 4.949 6.072 3.949 8.329 2.911 5.677 7.516 7.109 6.128 8.580 
5.358 6.618 6.934 2.665 3.560 9.015 7.731 8.348 4.058 6.326 4.893 4.845 1.963 3.221 1.128 5.399 7.322 6.399 7.007 9.122 4.426 7.033 6.120 2.763 7.585 5.738 2.634 6.845 3.153 6.954 5.974 2.164 7.466 5.925 0.778 5.387 7.415 5.376 5.016 4.089 3.256 4.258 7.976 6.802 5.132 2.391 2.875 4.058 7.876 6.267 
2.350 9.493 8.229 4.147 7.240 9.115 8.687 8.179 5.069 3.004 8.306 1.261 2.975 3.844 4.793 5.248 8.150 8.038 7.495 9.209 4.678 6.070 9.326 6.396 8.289 7.265 5.197 8.872 6.198 10.227 8.560 1.975 10.577 8.741 4.252 2.644 9.181 5.472 8.004 0.644 3.330 6.873 9.354 9.897 5.418 3.375 0.828 0.722 10.092 9.507 
4.434 7.305 7.096 2.648 4.549 8.868 7.806 8.114 4.009 5.373 5.770 3.853 1.560 2.954 2.104 5.077 7.350 6.658 6.926 8.973 4.161 6.562 6.924 3.737 7.582 5.942 3.089 7.242 3.880 7.788 6.550 1.352 8.244 6.583 1.631 4.501 7.736 5.122 5.726 3.099 2.813 4.808 8.185 7.570 4.921 2.110 1.878 3.072 8.351 7.085 
8.956 0.929 3.712 4.491 4.002 6.835 4.673 6.856 4.240 9.998 2.126 9.270 5.589 5.092 4.868 5.708 4.704 2.888 5.149 6.925 5.164 7.351 1.434 5.312 5.035 3.034 3.382 2.249 7.077 2.217 0.679 7.750 2.153 0.185 5.915 8.694 3.042 5.361 0.809 8.615 5.670 1.700 4.067 1.528 5.078 5.241 7.815 8.519 2.578 1.644 
11.429 1.577 5.417 6.957 5.360 8.400 6.214 8.662 6.679 12.470 3.289 11.732 8.021 7.567 6.939 8.037 6.431 4.724 7.068 8.472 7.583 9.560 1.871 6.852 6.725 5.148 5.791 3.691 8.629 1.352 2.738 10.036 0.516 2.317 7.967 11.163 4.281 7.675 2.990 11.067 8.145 4.165 5.284 1.135 7.413 7.699 10.220 10.973 3.023 1.788 
7.295 6.819 8.184 4.387 2.618 10.616 9.080 10.048 5.701 8.221 4.568 6.630 3.938 5.079 1.630 7.226 8.746 7.520 8.570 10.724 6.236 8.938 5.983 1.205 9.041 6.977 3.813 7.704 1.253 6.655 6.505 3.526 7.342 6.254 1.244 7.356 8.388 7.149 5.276 5.892 5.202 5.002 9.121 6.746 6.877 4.300 4.636 5.883 8.532 6.068 
1.931 8.295 5.708 3.361 7.861 5.836 5.874 4.848 3.193 2.784 8.054 3.043 3.176 2.533 5.763 2.280 5.311 5.821 4.522 5.922 2.315 2.633 8.599 7.656 5.358 5.096 4.707 6.867 8.218 9.514 7.156 4.724 9.581 7.569 5.858 1.513 6.912 2.624 7.160 2.923 2.086 5.838 6.763 8.943 2.739 2.965 3.448 2.801 8.121 8.813 
1.366 10.609 7.890 5.517 9.828 7.421 7.918 6.387 5.508 1.015 10.251 2.583 4.996 4.740 7.539 4.452 7.361 8.081 6.522 7.487 4.630 4.006 10.877 9.387 7.347 7.377 6.872 9.149 9.606 11.796 9.473 5.559 11.888 9.880 7.376 1.267 9.142 4.822 9.440 3.048 4.213 8.124 8.891 11.246 4.988 4.969 4.181 2.991 10.396 11.089 
4.364 8.576 4.911 5.079 9.533 3.607 4.584 2.580 4.106 4.786 9.134 5.687 5.475 4.301 7.852 2.345 4.090 5.412 3.249 3.663 3.266 0.526 9.253 9.694 3.958 4.926 6.186 6.520 10.573 10.092 7.394 7.463 9.913 7.964 8.203 3.917 6.238 2.609 7.896 5.694 4.177 6.643 5.676 9.372 2.924 5.063 6.238 5.577 7.640 9.472 
4.263 7.533 4.033 4.074 8.471 3.428 3.872 2.425 3.028 4.904 8.042 5.465 4.603 3.338 6.871 1.269 3.333 4.447 2.476 3.510 2.227 0.573 8.177 8.687 3.273 3.905 5.125 5.562 9.645 9.024 6.348 6.794 8.870 6.905 7.292 3.814 5.354 1.517 6.811 5.329 3.305 5.553 4.912 8.316 1.833 4.145 5.670 5.204 6.726 8.397 
6.403 4.983 1.263 3.760 7.078 2.791 1.484 2.512 2.378 7.262 6.060 7.308 4.874 3.529 6.248 2.212 0.970 1.706 0.788 2.897 2.527 3.225 5.835 7.750 1.199 1.377 4.077 2.808 9.121 6.593 3.833 7.485 6.304 4.457 7.012 6.000 2.570 1.868 4.633 6.921 3.925 3.614 2.273 5.821 1.818 4.309 6.764 6.795 3.942 6.047 
4.032 5.845 4.405 0.644 5.202 5.997 5.009 5.276 1.206 5.084 5.331 4.400 1.329 0.202 3.376 2.318 4.522 4.135 4.054 6.102 1.338 4.032 5.973 5.221 4.734 3.365 1.974 4.958 6.152 6.896 4.795 3.933 7.061 5.092 3.821 3.800 5.274 2.291 4.544 3.813 0.741 3.255 5.526 6.398 2.062 0.767 3.331 3.703 6.188 6.181 
7.937 2.511 1.711 3.958 5.439 4.830 2.690 4.864 3.112 8.923 3.942 8.523 5.206 4.258 5.467 4.151 2.696 0.881 3.179 4.921 3.880 5.596 3.436 6.480 3.028 1.188 3.400 0.828 8.117 4.141 1.381 7.720 3.833 2.028 6.443 7.605 1.425 3.778 2.442 7.967 4.823 1.975 2.266 3.354 3.548 4.718 7.426 7.854 2.030 3.639 
4.288 5.589 3.814 1.036 5.463 5.382 4.388 4.687 0.626 5.314 5.352 4.814 1.958 0.615 3.838 1.817 3.896 3.599 3.427 5.488 0.832 3.613 5.846 5.630 4.105 2.824 2.129 4.485 6.669 6.762 4.485 4.559 6.851 4.849 4.373 4.002 4.743 1.728 4.408 4.280 1.125 3.087 4.938 6.205 1.472 1.394 3.904 4.164 5.732 6.061 
5.671 7.068 3.153 4.741 8.779 2.029 2.722 1.070 3.442 6.307 8.011 6.849 5.532 4.159 7.513 2.012 2.253 3.769 1.454 2.116 2.943 1.519 7.896 9.220 2.093 3.438 5.524 4.840 10.371 8.672 5.915 7.923 8.388 6.532 8.085 5.222 4.463 1.989 6.640 6.670 4.293 5.510 3.825 7.904 2.245 5.010 6.898 6.544 5.883 8.110 
1.425 9.644 7.976 4.229 7.802 8.563 8.338 7.591 4.919 2.111 8.681 0.561 3.207 3.751 5.372 4.789 7.786 7.878 7.074 8.652 4.372 5.381 9.598 7.082 7.892 7.105 5.425 8.788 7.026 10.514 8.642 2.850 10.794 8.888 4.961 1.748 9.020 5.059 8.225 0.291 3.184 7.019 9.089 10.118 5.056 3.479 1.529 0.273 10.032 9.790 
6.397 4.183 4.905 1.987 2.632 7.487 5.819 7.039 2.833 7.455 2.866 6.382 2.621 2.829 1.751 4.573 5.518 4.235 5.442 7.593 3.639 6.409 3.843 3.050 5.827 3.702 0.717 4.493 4.492 4.737 3.514 4.475 5.132 3.473 2.748 6.251 5.136 4.382 2.599 5.663 3.271 1.822 5.837 4.455 4.072 2.495 4.693 5.586 5.449 4.019 
4.910 6.541 6.563 2.205 3.854 8.546 7.329 7.858 3.603 5.900 4.992 4.488 1.432 2.710 1.417 4.888 6.903 6.069 6.553 8.653 3.922 6.506 6.143 3.207 7.156 5.381 2.384 6.584 3.684 7.006 5.817 2.118 7.464 5.825 1.308 4.915 7.116 4.876 4.955 3.732 2.727 4.079 7.627 6.791 4.641 1.871 2.570 3.689 7.659 6.303 
8.855 2.763 5.580 4.367 1.793 8.613 6.575 8.430 4.814 9.915 0.435 8.827 5.080 5.174 3.378 6.548 6.473 4.753 6.709 8.712 5.740 8.362 1.804 3.221 6.811 4.597 3.011 4.400 5.011 2.530 2.872 6.618 3.166 2.382 4.364 8.697 5.191 6.273 1.525 8.098 5.672 2.320 6.161 2.571 5.957 4.948 7.064 8.026 4.828 1.897 
2.459 8.500 5.536 3.921 8.474 5.240 5.558 4.222 3.460 3.091 8.496 3.726 3.924 3.075 6.478 2.123 5.000 5.771 4.166 5.318 2.516 1.894 8.920 8.370 4.995 5.098 5.224 6.859 9.013 9.820 7.332 5.581 9.814 7.800 6.642 2.007 6.804 2.499 7.489 3.705 2.729 6.166 6.527 9.200 2.702 3.643 4.301 3.588 8.091 9.138 
8.212 1.667 3.403 3.749 3.805 6.489 4.394 6.411 3.519 9.256 2.228 8.529 4.862 4.348 4.319 5.040 4.341 2.569 4.686 6.584 4.452 6.731 1.998 4.985 4.678 2.540 2.676 2.222 6.707 2.865 0.871 7.081 2.887 0.910 5.358 7.953 3.001 4.704 0.735 7.878 4.926 0.964 3.953 2.244 4.411 4.503 7.097 7.781 2.892 2.217 
9.186 1.874 2.393 5.137 5.837 5.391 3.194 5.634 4.359 10.170 4.012 9.761 6.371 5.489 6.319 5.349 3.403 1.769 4.069 5.468 5.126 6.684 3.080 7.061 3.696 2.364 4.413 0.672 8.785 3.555 1.264 8.819 3.029 1.791 7.338 8.853 1.302 4.973 2.621 9.194 6.059 2.770 2.350 2.726 4.760 5.905 8.609 9.083 0.862 3.241 
9.284 2.911 5.991 4.819 1.739 9.045 6.984 8.883 5.290 10.342 0.414 9.218 5.489 5.633 3.642 7.025 6.901 5.159 7.159 9.143 6.215 8.838 1.800 3.232 7.239 5.037 3.463 4.742 5.007 2.380 3.186 6.912 3.107 2.641 4.587 9.135 5.536 6.749 1.879 8.483 6.123 2.783 6.528 2.575 6.434 5.381 7.423 8.415 5.075 1.838 
0.343 4.169 7.410 10.020 7.304 1.174 3.208 7.084 4.373 0.575 5.249 5.927 3.629 3.418 4.071 7.932 6.553 10.036 11.321 4.873 4.218 4.874 3.907 5.652 4.297 9.445 8.062 7.839 7.029 2.090 9.177 9.893 8.854 1.775 4.456 10.947 2.953 7.121 2.116 8.627 1.273 8.594 1.407 3.079 8.328 6.148 2.772 5.316 9.855 2.731 7.474 6.807 8.336 6.258 3.999 8.335 8.003 3.735 4.678 11.399 3.181 6.124 2.647 3.495 7.947 3.079 2.814 6.108 6.570 0.531 10.298 4.331 9.875 8.298 7.354 2.424 1.282 5.103 7.487 7.127 6.617 8.053 6.397 3.992 7.205 7.106 5.360 1.367 7.155 2.693 2.913 1.777 7.776 7.616 10.977 4.719 4.847 1.048 11.148 8.747 
10.170 5.776 3.675 1.730 3.039 9.252 7.759 3.569 6.372 10.213 4.724 5.558 6.727 6.803 6.471 3.943 8.045 0.343 1.461 5.547 6.062 5.306 8.324 6.439 7.984 1.769 3.076 2.484 3.502 9.507 3.382 2.156 1.102 9.816 7.718 1.360 7.183 5.513 9.423 4.601 8.804 7.659 10.333 8.295 1.589 8.126 7.089 6.856 2.318 7.158 4.156 6.444 4.275 3.854 6.982 2.174 3.687 7.546 5.763 1.809 8.866 6.384 7.285 6.628 3.513 7.865 7.077 3.860 6.585 9.942 2.061 5.701 1.372 2.395 2.583 9.279 9.745 4.817 3.662 2.959 6.524 1.890 3.484 5.928 5.605 5.401 8.231 9.344 2.860 7.466 9.265 9.273 3.450 2.246 1.352 5.411 5.980 10.120 1.333 6.888 
7.945 4.610 5.299 5.492 1.556 6.649 4.679 1.084 5.956 7.759 4.120 6.184 5.795 5.698 3.548 0.335 3.963 4.027 5.231 5.235 5.334 2.853 4.823 6.931 4.393 5.167 1.034 4.301 4.687 8.130 6.312 2.773 3.848 6.905 7.531 5.462 5.846 6.931 8.063 1.240 6.945 3.713 7.561 7.388 3.591 4.088 5.125 7.152 5.854 5.413 5.860 2.347 6.558 4.129 3.792 4.538 5.798 6.940 5.362 5.892 8.013 7.161 5.034 5.467 5.585 4.812 5.356 2.429 2.511 7.883 3.218 4.760 5.138 1.718 3.511 6.182 8.010 3.998 0.563 1.993 2.446 3.608 3.326 3.894 7.066 1.298 4.329 7.653 3.747 4.910 8.266 7.766 0.667 3.103 4.492 4.779 2.795 8.239 5.304 3.063 
4.836 0.383 3.009 5.470 3.421 4.193 3.540 3.503 1.513 4.979 0.703 2.311 1.422 1.423 2.672 4.705 6.083 5.632 6.866 0.960 0.878 2.001 4.581 2.762 4.520 4.896 4.399 3.288 2.528 4.130 4.786 5.910 4.361 4.959 3.078 6.421 1.769 3.495 4.049 5.694 3.412 7.258 5.301 3.072 3.841 5.866 1.895 2.846 5.328 1.824 3.237 5.194 4.167 1.709 3.268 3.785 3.657 2.507 0.990 6.867 3.692 3.133 2.276 1.225 3.554 3.575 1.741 2.133 5.098 4.565 6.249 0.321 5.326 4.349 2.847 4.704 4.329 0.608 4.065 3.074 5.094 3.552 1.941 1.368 3.624 4.764 5.424 3.928 2.619 2.705 4.022 3.868 4.272 3.187 6.633 0.442 2.953 4.710 6.659 6.952 
8.857 4.885 1.771 3.157 5.426 8.592 8.080 5.940 4.277 9.168 4.084 2.736 5.027 5.258 7.062 7.029 10.078 4.899 5.410 3.865 4.503 6.036 9.071 3.262 8.943 2.831 6.230 2.712 2.423 7.374 1.274 6.455 3.758 9.429 4.795 4.510 5.723 1.712 7.291 8.020 7.379 10.611 9.668 5.964 3.666 9.966 6.364 3.720 2.555 6.161 1.343 8.781 0.437 3.275 7.684 2.632 1.186 5.134 4.027 4.733 6.321 2.909 6.799 5.232 1.397 8.123 6.088 4.975 8.790 8.480 6.510 4.615 3.368 5.671 3.471 9.249 7.955 4.317 6.420 4.995 8.758 3.512 3.898 5.856 1.701 7.959 9.695 7.594 3.253 7.260 6.781 7.335 6.413 3.908 5.811 4.197 7.068 8.418 5.022 10.033 
8.013 6.324 8.103 8.615 4.564 6.535 4.502 3.992 7.801 7.614 6.320 8.517 7.353 7.160 4.111 3.258 1.496 7.086 8.205 7.291 7.129 4.349 3.891 9.100 3.443 8.277 4.139 7.275 7.456 8.939 9.330 5.543 6.966 6.363 9.254 8.538 7.105 9.493 8.895 2.797 7.536 0.948 7.080 8.664 6.680 1.875 6.059 9.193 8.963 6.455 8.624 1.156 9.422 6.715 3.848 7.574 8.676 8.492 7.340 8.951 9.238 9.435 5.724 6.946 8.473 4.624 6.435 4.918 1.276 8.125 5.949 6.574 8.262 4.831 6.443 5.535 8.533 6.123 3.645 4.935 1.267 6.663 5.986 5.216 9.631 1.920 2.593 8.270 6.616 5.316 9.350 8.522 3.791 6.115 7.392 6.772 3.494 8.596 8.330 1.169 
8.144 5.260 6.266 6.451 2.543 6.764 4.702 2.032 6.673 7.888 4.914 7.044 6.422 6.293 3.750 1.064 3.243 4.885 6.021 6.005 6.026 3.346 4.609 7.752 4.147 6.145 1.955 5.292 5.644 8.563 7.306 3.405 4.820 6.889 8.231 6.337 6.380 7.853 8.502 0.889 7.291 2.725 7.579 7.954 4.580 3.445 5.535 7.940 6.832 5.867 6.821 1.654 7.538 5.037 3.835 5.532 6.779 7.583 6.110 6.751 8.572 8.012 5.360 6.062 6.567 4.838 5.820 3.273 1.880 8.136 3.831 5.446 6.093 2.648 4.495 6.114 8.353 4.766 1.555 2.970 1.808 4.602 4.244 4.387 7.988 0.748 3.838 8.020 4.720 5.137 8.785 8.178 1.636 4.096 5.227 5.522 2.971 8.534 6.134 2.071 
6.997 5.623 7.754 8.614 4.477 5.517 3.510 3.892 7.090 6.588 5.765 7.945 6.578 6.367 3.266 3.470 0.723 7.273 8.475 6.655 6.421 3.716 2.857 8.459 2.411 8.222 4.278 7.061 7.102 7.994 9.123 5.917 6.954 5.329 8.482 8.699 6.268 8.996 7.954 3.310 6.576 1.917 6.045 7.802 6.604 0.965 5.187 8.511 8.897 5.592 8.242 0.902 9.088 6.294 2.921 7.412 8.363 7.692 6.679 9.135 8.357 8.824 4.818 6.163 8.170 3.627 5.579 4.551 0.771 7.122 6.348 5.891 8.278 4.947 6.217 4.501 7.555 5.552 3.682 4.780 0.824 6.541 5.627 4.468 9.132 1.951 1.587 7.305 6.344 4.377 8.443 7.574 3.894 5.963 7.713 6.133 2.754 7.600 8.553 2.181 
5.167 1.448 3.725 5.598 2.491 4.153 2.825 2.383 2.892 5.144 1.440 3.598 2.612 2.500 1.642 3.482 4.783 5.244 6.554 2.331 2.228 0.633 3.680 4.140 3.505 5.058 3.353 3.508 3.108 4.991 5.380 5.088 4.183 4.730 4.427 6.296 2.656 4.682 4.919 4.416 3.940 5.863 5.231 4.188 3.667 4.605 2.106 4.243 5.615 2.306 4.112 3.804 5.026 2.200 2.262 3.987 4.384 3.770 2.386 6.762 4.814 4.485 2.207 2.269 4.228 2.906 2.237 1.271 3.718 5.003 5.479 1.652 5.371 3.485 2.797 4.259 4.979 1.216 2.893 2.287 3.711 3.435 1.854 0.849 4.817 3.377 4.258 4.597 2.719 2.367 5.073 4.653 3.143 2.909 6.152 1.812 1.658 5.276 6.422 5.557 
0.821 5.228 8.466 11.080 8.286 1.849 3.925 8.036 5.401 0.730 6.307 6.948 4.673 4.469 4.941 8.822 7.038 11.067 12.358 5.927 5.273 5.835 4.408 6.625 4.845 10.505 9.007 8.898 8.090 2.757 10.230 10.863 9.901 1.971 5.346 11.998 4.005 8.123 2.809 9.460 2.301 9.155 1.297 3.962 9.375 6.620 3.810 6.266 10.916 3.789 8.520 7.493 9.373 7.318 4.777 9.395 9.054 4.684 5.729 12.452 3.946 7.090 3.642 4.552 9.002 3.789 3.872 7.118 7.244 1.229 11.275 5.392 10.933 9.276 8.405 2.782 1.940 6.158 8.412 8.130 7.297 9.103 7.445 5.001 8.202 7.894 5.822 2.190 8.210 3.606 3.600 2.559 8.706 8.657 11.997 5.780 5.702 1.506 12.192 9.389 
9.508 5.114 1.916 1.102 4.140 8.921 7.922 4.718 5.111 9.699 4.071 3.850 5.703 5.868 6.724 5.595 9.207 2.844 3.326 4.420 5.058 5.558 8.753 4.645 8.522 0.741 4.720 1.602 2.216 8.384 0.878 4.533 1.908 9.653 6.118 2.455 6.319 3.372 8.298 6.491 8.038 9.344 10.031 7.025 2.043 9.178 6.624 5.108 0.637 6.546 2.137 7.736 1.893 3.049 7.329 1.170 1.539 6.199 4.633 2.740 7.505 4.448 6.966 5.760 1.466 7.997 6.464 4.191 7.804 9.193 4.526 4.921 1.273 4.071 2.409 9.299 8.813 4.264 5.080 3.794 7.758 2.042 3.256 5.753 3.430 6.788 9.069 8.421 2.396 7.315 7.949 8.247 4.990 2.608 3.718 4.525 6.499 9.246 2.947 8.670 
1.214 4.423 7.340 10.120 7.912 2.503 4.380 7.783 4.149 1.827 5.474 5.616 3.550 3.421 5.019 8.756 7.825 10.408 11.644 4.828 4.213 5.605 5.202 5.150 5.560 9.544 8.763 7.977 7.067 1.039 9.043 10.505 9.136 3.158 3.744 11.168 3.015 6.702 1.109 9.541 1.495 9.802 2.719 2.403 8.618 7.429 3.337 4.745 9.871 3.126 7.296 7.927 8.081 6.412 5.078 8.457 7.869 3.212 4.613 11.602 2.245 5.591 3.410 3.577 7.850 4.262 3.199 6.643 7.704 0.854 10.884 4.499 10.024 8.902 7.622 3.792 0.452 5.380 8.245 7.666 7.744 8.326 6.716 4.608 6.764 8.104 6.654 0.851 7.377 3.646 1.856 1.008 8.518 7.962 11.399 4.823 5.794 0.337 11.429 9.889 
4.065 1.061 3.606 6.353 4.674 3.792 3.814 4.745 0.658 4.340 1.844 2.162 0.217 0.426 3.327 5.930 6.844 6.759 7.946 1.067 0.457 3.023 4.933 2.178 4.991 5.777 5.650 4.219 3.300 2.993 5.355 7.147 5.434 4.664 1.949 7.421 0.890 3.410 2.909 6.900 2.581 8.241 4.845 1.830 4.930 6.572 1.751 2.061 6.113 1.429 3.642 6.166 4.508 2.677 3.829 4.694 4.178 1.271 0.857 7.848 2.445 2.642 2.245 0.474 4.133 3.803 1.372 3.385 6.035 3.722 7.476 0.933 6.262 5.597 3.937 4.622 3.332 1.831 5.300 4.322 6.042 4.630 3.111 2.095 3.513 5.861 6.018 2.937 3.663 2.793 2.792 2.792 5.516 4.337 7.781 1.113 3.820 3.760 7.708 8.011 
4.170 0.542 3.846 6.209 3.660 3.398 2.720 3.606 1.927 4.250 1.456 3.061 1.452 1.297 1.984 4.714 5.485 6.187 7.461 1.677 1.271 1.660 3.787 3.375 3.764 5.641 4.566 4.031 3.341 3.776 5.617 6.240 4.989 4.134 3.342 7.086 1.424 4.283 3.702 5.635 2.826 6.847 4.508 2.965 4.463 5.232 1.114 3.364 6.108 1.165 4.082 4.771 5.012 2.480 2.538 4.529 4.497 2.612 1.620 7.541 3.588 3.792 1.444 1.068 4.389 2.746 1.086 2.374 4.640 3.946 6.612 0.838 6.040 4.641 3.493 3.860 3.826 1.271 4.124 3.392 4.647 4.190 2.533 0.703 4.408 4.500 4.727 3.434 3.310 1.860 3.840 3.454 4.371 3.755 7.152 1.226 2.427 4.160 7.283 6.629 
6.483 3.011 2.040 4.877 5.173 6.380 6.253 5.517 1.964 6.839 2.669 0.493 2.758 3.016 5.475 6.755 8.857 6.019 6.927 1.875 2.385 4.714 7.336 0.848 7.309 4.363 6.158 3.239 2.271 4.928 3.339 7.069 4.641 7.259 2.377 6.173 3.460 0.825 4.846 7.798 5.025 9.854 7.413 3.519 4.280 8.657 4.298 1.318 4.432 4.015 1.674 7.838 2.240 2.484 6.065 3.537 2.274 2.693 1.947 6.515 3.880 0.683 4.778 3.050 2.356 6.266 3.952 4.200 7.777 6.088 7.271 2.715 4.931 5.811 3.524 7.203 5.529 2.876 6.085 4.720 7.763 4.001 3.289 4.166 0.919 7.239 8.228 5.179 3.192 5.299 4.339 4.902 6.192 4.057 7.054 2.365 5.721 5.996 6.596 9.438 
4.545 2.683 5.484 7.221 3.527 3.205 1.298 3.139 4.101 4.321 3.138 5.160 3.533 3.313 0.204 3.780 3.316 6.566 7.889 3.794 3.449 1.258 1.939 5.547 1.744 6.706 4.061 5.212 4.868 5.090 7.132 5.967 5.697 3.496 5.433 7.770 3.208 6.326 5.039 4.425 3.741 4.858 4.128 4.755 5.210 3.054 2.148 5.541 7.299 2.545 5.860 2.834 6.779 3.960 0.517 5.673 6.144 4.632 3.773 8.238 5.327 5.952 1.842 3.115 5.988 1.420 2.527 2.704 2.648 4.534 6.401 2.972 6.962 4.452 4.445 2.842 4.789 2.904 3.423 3.528 2.673 5.019 3.559 1.499 6.457 2.925 2.575 4.479 4.418 1.539 5.448 4.684 3.723 4.448 7.355 3.289 0.652 4.942 7.819 4.792 
7.582 4.790 6.041 6.480 2.419 6.201 4.142 1.854 6.225 7.325 4.519 6.683 5.936 5.796 3.190 1.245 2.949 5.049 6.244 5.588 5.568 2.841 4.084 7.360 3.628 6.132 2.055 5.148 5.404 8.021 7.195 3.720 4.826 6.336 7.770 6.483 5.865 7.550 7.962 1.428 6.738 2.839 7.023 7.444 4.532 3.095 4.995 7.525 6.817 5.334 6.582 1.330 7.341 4.735 3.273 5.432 6.587 7.100 5.680 6.914 8.058 7.640 4.808 5.567 6.379 4.279 5.290 2.938 1.509 7.575 4.159 4.989 6.132 2.735 4.325 5.566 7.799 4.356 1.504 2.804 1.441 4.517 3.963 3.870 7.687 0.281 3.404 7.469 4.520 4.576 8.260 7.633 1.681 3.975 5.489 5.092 2.412 7.975 6.324 2.316 
7.993 4.282 4.541 4.666 0.798 6.786 4.937 0.590 5.524 7.870 3.631 5.579 5.467 5.405 3.708 0.839 4.705 3.292 4.547 4.754 4.942 2.786 5.251 6.367 4.854 4.332 0.414 3.494 3.950 7.964 5.487 2.322 3.016 7.144 7.099 4.700 5.614 6.238 7.892 1.862 6.876 4.548 7.765 7.100 2.755 4.791 5.033 6.625 5.019 5.271 5.111 3.110 5.773 3.478 4.068 3.712 5.013 6.577 4.903 5.142 7.727 6.559 5.023 5.179 4.798 5.063 5.205 1.944 3.245 7.885 2.761 4.387 4.316 0.955 2.728 6.474 7.930 3.548 0.322 1.255 3.185 2.780 2.673 3.763 6.370 2.079 4.945 7.555 2.986 4.991 8.016 7.624 0.232 2.292 3.868 4.339 3.028 8.200 4.583 3.884 
6.793 4.360 6.090 6.897 2.756 5.389 3.313 2.173 5.830 6.512 4.277 6.474 5.451 5.283 2.457 1.992 2.391 5.642 6.888 5.273 5.160 2.366 3.227 7.078 2.773 6.496 2.675 5.343 5.439 7.351 7.407 4.471 5.238 5.490 7.330 7.042 5.296 7.444 7.296 2.282 6.025 2.921 6.182 6.878 4.879 2.444 4.347 7.193 7.170 4.711 6.598 0.927 7.418 4.675 2.460 5.687 6.682 6.609 5.336 7.488 7.479 7.400 4.108 5.059 6.484 3.449 4.676 2.888 0.960 6.809 4.916 4.592 6.566 3.305 4.501 4.714 7.076 4.085 2.030 3.052 0.916 4.813 3.963 3.325 7.581 0.662 2.630 6.762 4.641 3.824 7.649 6.952 2.279 4.236 6.176 4.759 1.703 7.226 6.932 2.630 
8.092 6.431 8.208 8.705 4.662 6.613 4.587 4.090 7.907 7.688 6.427 8.625 7.457 7.263 4.211 3.341 1.521 7.164 8.277 7.398 7.235 4.456 3.958 9.207 3.513 8.370 4.224 7.376 7.561 9.032 9.430 5.608 7.058 6.430 9.359 8.617 7.206 9.600 8.988 2.856 7.626 0.850 7.146 8.764 6.775 1.910 6.158 9.300 9.056 6.554 8.729 1.263 9.526 6.822 3.941 7.673 8.779 8.596 7.447 9.029 9.337 9.542 5.820 7.050 8.576 4.707 6.535 5.024 1.380 8.208 6.012 6.681 8.351 4.917 6.544 5.602 8.621 6.230 3.738 5.035 1.372 6.760 6.091 5.321 9.738 2.019 2.643 8.360 6.719 5.409 9.446 8.615 3.879 6.214 7.460 6.879 3.598 8.681 8.405 1.136 
4.419 1.700 4.587 6.545 3.242 3.287 1.885 3.003 3.143 4.327 2.189 4.170 2.633 2.439 0.815 3.922 4.273 6.133 7.451 2.804 2.481 0.792 2.801 4.565 2.686 6.006 3.982 4.450 3.994 4.557 6.284 5.817 5.117 3.808 4.537 7.226 2.422 5.342 4.495 4.737 3.340 5.661 4.339 4.004 4.604 4.030 1.531 4.576 6.559 1.859 4.929 3.591 5.856 3.080 1.425 4.932 5.250 3.772 2.787 7.693 4.607 4.965 1.447 2.224 5.106 1.961 1.816 2.148 3.445 4.311 6.229 1.986 6.317 4.230 3.744 3.314 4.405 1.955 3.425 3.118 3.456 4.378 2.800 0.518 5.473 3.432 3.566 4.050 3.663 1.474 4.789 4.179 3.707 3.843 7.008 2.299 1.227 4.643 7.335 5.490 
4.652 4.398 7.324 8.951 5.022 3.172 1.369 4.526 5.713 4.215 4.966 6.915 5.039 4.785 1.979 4.759 2.210 8.090 9.397 5.533 5.103 3.065 0.476 7.214 0.098 8.458 5.301 7.010 6.706 5.858 8.960 7.188 7.371 2.946 6.861 9.384 4.548 8.113 5.830 5.064 4.423 4.281 3.663 5.929 6.910 1.812 3.423 7.146 9.072 3.826 7.697 2.745 8.618 5.799 1.359 7.457 7.983 6.014 5.482 9.849 6.414 7.646 2.956 4.628 7.826 1.444 3.843 4.441 2.482 4.815 7.634 4.694 8.671 5.829 6.218 2.119 5.322 4.732 4.627 5.129 2.546 6.747 5.369 3.251 8.242 3.430 1.052 5.120 6.219 2.416 6.417 5.435 4.916 6.162 8.773 5.049 2.128 5.312 9.374 4.542 
10.283 5.828 3.077 0.462 3.836 9.523 8.248 4.413 6.128 10.401 4.747 5.054 6.614 6.737 6.982 5.012 8.973 1.573 1.895 5.355 5.947 5.791 8.941 5.898 8.646 0.740 4.121 2.180 3.133 9.375 2.278 3.426 1.363 10.172 7.305 1.080 7.160 4.746 9.289 5.767 8.852 8.779 10.626 8.072 1.823 9.010 7.266 6.348 1.082 7.263 3.439 7.408 3.323 3.755 7.545 1.707 2.880 7.273 5.575 1.461 8.598 5.757 7.537 6.594 2.753 8.341 7.180 4.329 7.521 10.009 3.323 5.691 0.166 3.428 2.681 9.718 9.716 4.894 4.628 3.622 7.466 2.027 3.651 6.224 4.816 6.390 9.026 9.317 2.843 7.802 9.025 9.190 4.462 2.584 2.317 5.340 6.604 10.124 1.526 8.035 
8.274 4.863 2.616 4.649 6.345 8.259 8.121 6.794 3.845 8.666 4.343 2.361 4.641 4.903 7.276 7.972 10.556 6.301 6.895 3.733 4.275 6.410 9.189 2.464 9.137 4.287 7.247 3.830 3.190 6.568 2.776 7.734 5.066 9.144 3.866 6.006 5.339 1.122 6.490 9.000 6.847 11.356 9.275 5.185 4.877 10.388 6.190 2.842 4.057 5.908 2.039 9.412 1.690 3.824 7.881 3.893 2.313 4.409 3.827 6.237 5.421 2.001 6.668 4.943 2.516 8.139 5.846 5.628 9.381 7.863 7.835 4.568 4.841 6.764 4.443 9.097 7.246 4.570 7.324 5.891 9.360 4.668 4.586 5.984 0.997 8.700 10.011 6.923 4.158 7.185 5.874 6.608 7.369 4.946 7.251 4.190 7.441 7.717 6.511 10.857 
7.629 5.015 6.367 6.813 2.757 6.224 4.146 2.190 6.464 7.348 4.794 6.969 6.145 5.995 3.276 1.529 2.669 5.357 6.537 5.848 5.802 3.042 3.996 7.631 3.531 6.467 2.370 5.484 5.728 8.152 7.532 3.974 5.160 6.310 7.997 6.796 6.042 7.857 8.095 1.512 6.842 2.509 7.006 7.624 4.869 2.843 5.134 7.783 7.153 5.486 6.904 1.054 7.670 5.045 3.296 5.770 6.917 7.309 5.933 7.223 8.233 7.921 4.918 5.767 6.711 4.282 5.446 3.243 1.264 7.642 4.408 5.225 6.463 3.055 4.659 5.524 7.897 4.624 1.838 3.140 1.193 4.855 4.280 4.052 7.994 0.200 3.211 7.577 4.851 4.653 8.421 7.757 2.003 4.313 5.767 5.346 2.509 8.055 6.626 2.021 
7.243 3.524 4.151 4.759 0.629 6.066 4.283 0.185 4.804 7.137 2.935 4.974 4.711 4.641 3.022 1.401 4.532 3.679 4.985 4.057 4.204 2.032 4.705 5.728 4.342 4.350 1.165 3.254 3.523 7.189 5.310 3.009 3.105 6.465 6.381 5.004 4.842 5.733 7.117 2.432 6.106 4.740 7.067 6.337 2.733 4.551 4.263 5.959 5.024 4.496 4.701 3.027 5.442 2.923 3.439 3.563 4.687 5.832 4.194 5.464 6.964 5.951 4.266 4.414 4.479 4.405 4.431 1.234 3.102 7.125 3.433 3.641 4.435 1.468 2.425 5.827 7.158 2.830 0.740 0.917 3.054 2.671 2.123 2.991 5.868 2.103 4.585 6.782 2.620 4.260 7.248 6.850 0.953 2.104 4.391 3.620 2.400 7.432 4.966 4.175 
6.149 1.735 1.685 4.157 3.025 5.550 4.759 3.328 2.073 6.321 0.748 1.786 2.449 2.564 3.714 4.572 6.853 4.565 5.721 1.240 1.779 2.727 5.727 2.575 5.596 3.580 4.029 1.993 1.172 5.226 3.444 5.191 3.214 6.307 3.524 5.188 2.990 2.647 5.141 5.613 4.695 7.691 6.658 3.987 2.723 6.701 3.252 2.869 3.982 3.166 2.005 5.711 2.930 0.457 4.337 2.479 2.345 3.248 1.454 5.618 4.561 2.765 3.619 2.424 2.223 4.811 3.084 2.001 5.673 5.854 5.467 1.546 4.042 3.771 1.749 6.018 5.542 0.976 3.901 2.585 5.653 2.419 1.148 2.529 2.784 5.056 6.376 5.143 1.449 4.015 4.957 5.023 4.026 2.212 5.601 1.169 3.765 5.952 5.475 7.248 
8.996 5.047 4.548 3.982 1.389 7.838 6.034 1.605 6.137 8.905 4.233 5.922 6.201 6.178 4.787 1.515 5.688 2.324 3.506 5.321 5.618 3.793 6.365 6.767 5.966 3.760 0.729 3.340 4.048 8.819 5.133 1.237 2.443 8.230 7.685 3.774 6.440 6.378 8.743 2.194 7.814 5.220 8.838 7.851 2.372 5.812 5.976 7.082 4.436 6.175 5.125 4.070 5.638 3.817 5.172 3.409 4.898 7.254 5.497 4.191 8.472 6.887 6.015 5.960 4.683 6.158 6.104 2.683 4.237 8.862 1.663 5.101 3.614 0.443 2.752 7.575 8.851 4.203 1.401 1.708 4.172 2.516 3.072 4.704 6.502 3.020 6.020 8.467 3.072 6.030 8.795 8.502 1.123 2.225 2.780 4.975 4.130 9.148 3.586 4.462 
8.351 5.785 4.294 6.426 7.914 8.647 8.925 8.313 4.465 8.832 5.550 3.357 5.208 5.478 8.279 9.530 11.714 8.087 8.677 4.677 5.055 7.586 10.038 2.947 10.062 6.076 8.860 5.550 4.796 6.417 4.542 9.478 6.832 9.559 3.803 7.778 5.840 2.474 6.352 10.569 7.057 12.731 9.556 5.182 6.613 11.499 6.863 3.088 5.822 6.512 3.724 10.719 3.479 5.271 8.846 5.655 4.079 4.575 4.693 7.992 5.210 2.516 7.357 5.589 4.273 8.917 6.467 7.046 10.657 7.911 9.597 5.494 6.627 8.425 6.087 9.663 7.196 5.755 8.867 7.456 10.644 6.386 6.071 6.967 2.344 10.106 11.032 6.943 5.780 7.907 5.613 6.569 8.943 6.608 9.041 5.191 8.579 7.655 8.290 12.298 
11.207 6.752 3.919 1.020 4.606 10.441 9.134 5.168 7.025 11.324 5.671 5.895 7.528 7.655 7.861 5.630 9.697 1.863 1.468 6.263 6.861 6.672 9.797 6.720 9.488 1.562 4.755 3.099 4.031 10.281 2.825 3.721 2.206 11.083 8.158 0.531 8.081 5.479 10.195 6.286 9.774 9.350 11.544 8.967 2.703 9.760 8.189 7.177 1.547 8.187 4.225 8.108 3.967 4.677 8.413 2.617 3.638 8.160 6.482 0.637 9.483 6.546 8.455 7.514 3.541 9.230 8.104 5.206 8.238 10.932 3.511 6.614 1.050 4.068 3.597 10.616 10.633 5.817 5.319 4.440 8.180 2.929 4.568 7.136 5.535 7.071 9.819 10.234 3.766 8.713 9.915 10.103 5.122 3.467 2.192 6.259 7.453 11.044 1.067 8.574 
9.089 4.767 3.283 2.443 1.862 8.119 6.581 2.409 5.536 9.104 3.760 4.956 5.796 5.841 5.293 2.949 6.937 1.279 2.598 4.697 5.147 4.136 7.138 5.838 6.800 2.189 2.056 2.012 2.919 8.554 3.595 1.922 0.875 8.658 6.980 2.517 6.191 5.168 8.472 3.754 7.760 6.722 9.190 7.410 0.943 6.996 6.002 6.216 2.867 6.102 3.838 5.356 4.213 3.017 5.798 1.944 3.508 6.707 4.903 2.979 8.004 5.865 6.168 5.651 3.301 6.689 6.022 2.708 5.480 8.883 2.083 4.728 2.082 1.366 1.735 8.106 8.733 3.819 2.568 1.776 5.422 1.193 2.490 4.806 5.279 4.329 7.070 8.334 2.062 6.321 8.380 8.293 2.395 1.264 2.216 4.484 4.794 9.089 2.515 5.995 
4.224 3.687 5.181 8.084 7.230 4.841 5.815 7.348 2.410 4.763 4.317 3.207 2.519 2.670 5.717 8.548 9.173 8.939 9.997 3.236 2.969 5.620 6.909 2.432 7.094 7.542 8.226 6.190 5.171 2.208 6.620 9.600 7.555 5.732 0.944 9.325 2.713 3.945 2.151 9.524 3.145 10.753 5.572 1.271 7.102 8.852 3.814 1.963 7.684 3.403 4.925 8.688 5.505 4.881 6.105 6.588 5.532 1.357 3.051 9.700 1.016 2.748 4.240 2.895 5.587 5.755 3.408 5.967 8.534 3.777 9.892 3.535 8.093 8.107 6.166 6.050 3.019 4.369 7.910 6.847 8.549 6.800 5.510 4.629 3.964 8.461 8.200 2.828 5.848 4.766 1.383 2.425 8.115 6.644 9.985 3.581 6.322 3.460 9.701 10.581 
11.394 6.959 4.427 1.688 4.374 10.530 9.083 4.898 7.399 11.465 5.886 6.397 7.833 7.934 7.797 5.180 9.332 1.348 0.601 6.601 7.163 6.625 9.660 7.251 9.321 2.108 4.343 3.424 4.424 10.611 3.574 3.049 2.238 11.118 8.634 0.351 8.338 6.114 10.526 5.730 9.997 8.813 11.619 9.342 2.764 9.429 8.330 7.696 2.301 8.371 4.806 7.720 4.669 4.944 8.315 2.993 4.248 8.559 6.821 0.545 9.886 7.121 8.552 7.774 4.121 9.188 8.288 5.169 7.873 11.146 2.779 6.855 1.534 3.683 3.744 10.597 10.904 6.004 4.958 4.292 7.811 3.041 4.694 7.204 6.183 6.672 9.555 10.503 3.974 8.759 10.304 10.403 4.729 3.493 1.361 6.532 7.316 11.296 0.197 8.014 
9.420 5.020 3.055 1.790 2.466 8.522 7.076 3.031 5.631 9.471 3.967 4.876 5.974 6.047 5.791 3.604 7.578 1.005 2.212 4.803 5.310 4.613 7.686 5.759 7.364 1.579 2.712 1.811 2.811 8.753 3.077 2.320 0.415 9.102 7.001 1.952 6.426 4.928 8.669 4.391 8.050 7.376 9.607 7.548 0.840 7.628 6.343 6.165 2.243 6.406 3.572 6.003 3.818 3.107 6.321 1.589 3.163 6.806 5.017 2.420 8.123 5.733 6.549 5.871 2.970 7.179 6.324 3.155 6.122 9.189 2.369 4.945 1.427 2.020 1.829 8.585 8.989 4.062 3.219 2.313 6.066 1.144 2.729 5.195 5.029 4.981 7.678 8.588 2.114 6.745 8.519 8.517 3.050 1.496 2.050 4.657 5.339 9.365 2.046 6.643 
6.198 3.458 3.081 5.875 6.107 6.337 6.550 6.409 2.090 6.627 3.408 1.314 2.834 3.104 5.947 7.655 9.424 7.066 7.960 2.399 2.699 5.348 7.665 0.593 7.700 5.377 7.107 4.286 3.310 4.429 4.240 8.094 5.688 7.243 1.722 7.189 3.479 1.487 4.353 8.694 4.816 10.581 7.295 3.061 5.323 9.188 4.486 0.750 5.400 4.140 2.675 8.531 3.082 3.431 6.498 4.580 3.256 2.328 2.376 7.518 3.276 0.364 4.981 3.212 3.362 6.541 4.093 5.048 8.445 5.775 8.306 3.175 5.949 6.797 4.543 7.306 5.127 3.582 6.984 5.662 8.439 5.042 4.221 4.642 1.486 8.016 8.690 4.820 4.209 5.531 3.729 4.488 7.113 5.073 8.100 2.920 6.304 5.598 7.623 10.220 
0.775 3.970 7.273 9.817 6.969 0.723 2.765 6.727 4.323 0.628 5.041 5.881 3.553 3.322 3.669 7.543 6.101 9.754 11.049 4.756 4.102 4.522 3.455 5.672 3.845 9.245 7.701 7.634 6.861 2.387 9.050 9.549 8.602 1.408 4.567 10.705 2.856 7.100 2.400 8.217 1.306 8.143 1.195 3.215 8.076 5.696 2.511 5.365 9.678 2.531 7.371 6.365 8.251 6.060 3.569 8.133 7.881 3.800 4.571 11.161 3.397 6.149 2.323 3.369 7.814 2.635 2.613 5.800 6.126 0.949 9.960 4.155 9.659 7.960 7.114 1.995 1.626 4.881 7.115 6.811 6.174 7.808 6.149 3.683 7.190 6.682 4.909 1.619 6.930 2.307 3.176 2.030 7.406 7.352 10.680 4.558 4.441 1.467 10.888 8.301 
9.109 5.411 5.275 4.761 1.785 7.869 5.955 1.734 6.610 8.965 4.704 6.537 6.591 6.538 4.771 1.020 5.167 3.008 4.086 5.819 6.048 3.914 6.147 7.359 5.720 4.553 0.785 4.097 4.744 9.108 5.925 1.476 3.239 8.178 8.179 4.462 6.755 7.073 9.036 1.431 8.015 4.501 8.819 8.230 3.158 5.336 6.172 7.647 5.227 6.414 5.853 3.553 6.403 4.420 5.072 4.191 5.655 7.687 5.980 4.856 8.856 7.512 6.149 6.313 5.440 6.086 6.349 3.050 3.750 9.013 1.915 5.503 4.390 1.130 3.455 7.475 9.070 4.641 1.282 2.203 3.681 3.285 3.638 4.904 7.200 2.523 5.632 8.697 3.761 6.091 9.152 8.769 0.994 2.944 3.283 5.430 4.049 9.335 4.219 3.719 
4.878 2.645 5.261 6.899 3.155 3.562 1.674 2.763 4.101 4.673 2.972 5.063 3.590 3.388 0.465 3.420 3.326 6.202 7.525 3.720 3.436 0.977 2.245 5.504 1.998 6.393 3.685 4.923 4.633 5.327 6.874 5.591 5.358 3.872 5.495 7.420 3.334 6.197 5.272 4.096 4.010 4.719 4.500 4.905 4.877 3.104 2.332 5.530 6.996 2.709 5.660 2.660 6.570 3.734 0.854 5.376 5.916 4.719 3.722 7.888 5.492 5.892 2.086 3.178 5.753 1.796 2.680 2.378 2.500 4.849 6.024 2.923 6.633 4.077 4.140 3.217 5.068 2.741 3.050 3.169 2.515 4.694 3.280 1.476 6.331 2.639 2.711 4.744 4.131 1.850 5.640 4.928 3.349 4.118 6.983 3.205 0.324 5.242 7.460 4.592 
8.865 4.413 2.085 1.585 2.670 8.085 6.831 3.254 4.836 8.971 3.333 3.955 5.258 5.363 5.576 4.095 7.790 1.918 2.933 4.030 4.589 4.385 7.560 4.834 7.286 1.099 3.221 0.885 1.906 8.036 2.257 3.242 0.564 8.735 6.132 2.387 5.772 3.952 7.951 4.997 7.447 7.849 9.188 6.776 0.545 7.788 5.834 5.254 1.762 5.842 2.595 6.283 2.871 2.371 6.152 0.613 2.193 6.003 4.249 2.830 7.329 4.783 6.099 5.207 1.996 6.921 5.759 2.937 6.365 8.601 3.330 4.293 1.342 2.579 1.242 8.289 8.337 3.469 3.589 2.362 6.316 0.624 2.213 4.786 4.051 5.314 7.737 7.936 1.418 6.365 7.741 7.830 3.492 1.214 2.956 3.960 5.242 8.735 2.668 7.171 
1.679 3.795 6.608 9.411 7.369 2.623 4.243 7.282 3.411 2.252 4.821 4.863 2.848 2.743 4.699 8.310 7.735 9.767 10.985 4.115 3.516 5.148 5.176 4.394 5.488 8.836 8.255 7.283 6.355 0.384 8.300 9.949 8.473 3.416 3.003 10.483 2.370 5.946 0.418 9.141 1.154 9.627 3.113 1.649 7.960 7.356 2.876 3.992 9.148 2.601 6.551 7.684 7.329 5.731 4.845 7.758 7.128 2.456 3.898 10.912 1.549 4.837 3.046 2.917 7.114 4.139 2.666 6.083 7.475 1.235 10.317 3.844 9.325 8.352 6.963 3.929 0.458 4.743 7.768 7.098 7.509 7.664 6.078 4.119 6.007 7.768 6.606 0.436 6.707 3.379 1.220 0.272 8.032 7.324 10.770 4.144 5.455 0.908 10.759 9.650 
3.593 0.929 4.299 6.754 4.217 2.889 2.525 4.131 1.937 3.692 1.979 3.285 1.268 1.034 2.077 5.200 5.583 6.769 8.041 1.938 1.377 2.068 3.638 3.454 3.688 6.182 5.101 4.571 3.833 3.244 6.080 6.805 5.564 3.671 3.155 7.655 0.979 4.536 3.173 6.087 2.244 7.092 3.997 2.562 5.038 5.296 0.595 3.362 6.629 0.583 4.484 5.029 5.404 3.003 2.540 5.070 4.937 2.353 1.820 8.108 3.171 3.903 1.029 0.850 4.844 2.523 0.505 2.941 4.873 3.364 7.182 1.167 6.595 5.204 4.062 3.481 3.253 1.817 4.632 3.964 4.888 4.762 3.107 1.021 4.653 4.863 4.722 2.864 3.868 1.539 3.379 2.905 4.888 4.335 7.734 1.588 2.663 3.580 7.859 6.936 
7.588 3.159 1.900 2.891 1.870 6.768 5.519 2.387 3.800 7.671 2.097 3.271 4.105 4.175 4.277 3.487 6.731 2.860 4.073 2.963 3.444 3.091 6.283 4.141 6.032 2.360 2.736 0.944 1.349 6.882 3.006 3.532 1.571 7.410 5.239 3.662 4.557 3.680 6.799 4.499 6.195 7.068 7.869 5.694 1.048 6.684 4.533 4.499 2.954 4.565 2.474 5.315 3.133 1.275 4.866 1.343 2.373 4.973 3.172 4.118 6.279 4.215 4.782 4.000 2.161 5.606 4.482 1.684 5.358 7.341 3.773 3.074 2.667 2.284 0.101 6.966 7.121 2.201 2.864 1.438 5.318 0.766 0.895 3.462 3.805 4.433 6.559 6.720 0.368 5.041 6.665 6.645 2.874 0.506 3.886 2.788 3.998 7.502 3.870 6.477 
9.017 5.724 6.106 5.804 2.397 7.686 5.667 2.085 7.045 8.805 5.181 7.177 6.911 6.819 4.605 0.851 4.328 4.053 5.086 6.303 6.434 3.974 5.671 7.956 5.217 5.577 1.477 4.993 5.532 9.253 6.899 2.395 4.253 7.881 8.622 5.505 6.971 7.834 9.186 0.381 8.054 3.464 8.556 8.510 4.122 4.548 6.242 8.200 6.256 6.536 6.680 2.762 7.297 5.080 4.783 5.140 6.540 8.050 6.439 5.891 9.136 8.157 6.135 6.588 6.325 5.802 6.480 3.480 2.992 8.972 2.797 5.864 5.435 2.071 4.279 7.127 9.120 5.075 1.508 2.854 2.920 4.215 4.275 5.018 7.965 1.832 4.950 8.767 4.557 5.983 9.391 8.886 1.372 3.802 4.253 5.863 3.833 9.339 5.242 2.670 
10.730 6.289 3.770 1.188 3.851 9.887 8.485 4.399 6.719 10.811 5.213 5.733 7.154 7.257 7.202 4.810 8.902 1.040 1.132 5.921 6.484 6.021 9.099 6.592 8.774 1.500 3.941 2.744 3.747 9.931 3.053 2.917 1.584 10.491 7.963 0.538 7.662 5.494 9.846 5.457 9.327 8.522 10.981 8.662 2.109 8.976 7.673 7.034 1.826 7.706 4.169 7.305 4.096 4.266 7.735 2.319 3.627 7.880 6.140 1.007 9.207 6.475 7.906 7.099 3.488 8.587 7.623 4.558 7.442 10.477 2.738 6.180 0.939 3.258 3.077 9.988 10.228 5.336 4.519 3.725 7.382 2.377 4.035 6.564 5.569 6.264 9.061 9.827 3.300 8.127 9.624 9.725 4.313 2.853 1.570 5.854 6.752 10.622 0.795 7.746 
4.962 2.406 4.945 6.598 2.917 3.697 1.908 2.561 3.875 4.793 2.672 4.784 3.405 3.217 0.626 3.312 3.588 5.943 7.266 3.456 3.205 0.660 2.550 5.251 2.313 6.087 3.507 4.610 4.317 5.286 6.557 5.400 5.068 4.067 5.305 7.140 3.202 5.905 5.227 4.052 4.011 4.885 4.673 4.783 4.582 3.385 2.262 5.294 6.686 2.617 5.348 2.812 6.256 3.419 1.140 5.065 5.600 4.550 3.468 7.609 5.382 5.629 2.081 3.000 5.436 2.022 2.580 2.077 2.674 4.905 5.829 2.675 6.336 3.861 3.831 3.447 5.075 2.442 2.893 2.902 2.682 4.394 2.965 1.268 6.039 2.673 3.018 4.737 3.817 1.928 5.554 4.896 3.189 3.821 6.745 2.937 0.463 5.276 7.192 4.709 
4.174 0.506 3.517 6.137 4.166 3.694 3.430 4.209 1.081 4.373 1.445 2.368 0.682 0.650 2.823 5.381 6.333 6.392 7.613 1.043 0.461 2.460 4.532 2.565 4.552 5.560 5.129 3.967 3.122 3.359 5.295 6.677 5.102 4.523 2.509 7.139 1.020 3.620 3.278 6.343 2.715 7.688 4.785 2.319 4.586 6.074 1.474 2.522 5.949 1.259 3.642 5.613 4.548 2.389 3.355 4.457 4.131 1.830 0.906 7.578 2.944 3.003 1.941 0.459 4.059 3.434 1.184 2.869 5.487 3.874 7.019 0.468 6.016 5.108 3.590 4.385 3.586 1.380 4.758 3.834 5.492 4.293 2.706 1.555 3.735 5.297 5.548 3.186 3.343 2.458 3.259 3.105 4.981 3.950 7.399 0.813 3.278 3.983 7.395 7.449 
2.866 3.197 5.575 8.442 6.869 3.474 4.635 6.878 2.406 3.387 4.093 3.728 2.057 2.066 4.753 8.005 8.085 8.993 10.154 3.202 2.697 4.905 5.691 3.180 5.922 7.874 7.819 6.377 5.401 0.972 7.203 9.382 7.650 4.356 1.748 9.583 1.873 4.744 0.894 8.918 1.777 9.807 4.188 0.466 7.155 7.739 2.803 2.760 8.128 2.420 5.454 7.779 6.183 4.889 5.050 6.830 6.047 1.300 2.984 9.994 0.419 3.608 3.150 2.288 6.055 4.560 2.452 5.569 7.599 2.421 9.719 3.154 8.389 7.816 6.168 4.712 1.699 4.069 7.409 6.541 7.622 6.853 5.361 3.861 4.798 7.692 7.044 1.459 5.882 3.626 0.553 1.071 7.647 6.583 10.021 3.360 5.439 2.162 9.899 9.721 
1.634 3.691 6.538 9.331 7.255 2.521 4.119 7.163 3.345 2.193 4.723 4.811 2.763 2.650 4.572 8.187 7.612 9.668 10.890 4.036 3.430 5.025 5.057 4.362 5.366 8.755 8.137 7.197 6.276 0.466 8.237 9.836 8.378 3.326 2.995 10.395 2.268 5.908 0.480 9.017 1.028 9.501 3.043 1.626 7.864 7.233 2.752 3.968 9.074 2.482 6.490 7.557 7.277 5.641 4.719 7.674 7.064 2.417 3.818 10.825 1.576 4.810 2.919 2.819 7.047 4.016 2.548 5.970 7.348 1.187 10.205 3.746 9.241 8.238 6.867 3.825 0.442 4.642 7.648 6.986 7.382 7.569 5.978 3.998 5.972 7.641 6.485 0.321 6.614 3.252 1.276 0.204 7.913 7.224 10.669 4.052 5.328 0.911 10.666 9.523 
10.254 6.257 5.314 4.013 2.635 9.090 7.257 2.853 7.272 10.161 5.387 6.898 7.391 7.383 6.026 2.440 6.576 2.014 2.823 6.441 6.788 5.050 7.525 7.768 7.109 3.969 1.909 4.046 4.910 10.047 5.521 0.130 2.821 9.465 8.791 3.380 7.663 7.195 9.970 2.675 9.066 5.736 10.081 9.040 2.980 6.755 7.230 8.116 4.578 7.421 5.873 4.968 6.233 4.848 6.386 3.967 5.541 8.412 6.629 3.710 9.657 7.836 7.274 7.170 5.336 7.384 7.349 3.913 5.170 10.119 0.494 6.291 3.648 1.645 3.650 8.793 10.099 5.381 2.565 2.907 5.101 3.215 4.167 5.959 7.308 3.945 7.055 9.713 3.985 7.284 9.994 9.738 2.266 3.122 1.960 6.133 5.347 10.401 3.032 4.912 
10.487 6.032 3.225 0.425 4.048 9.735 8.467 4.624 6.306 10.609 4.951 5.203 6.804 6.931 7.202 5.204 9.182 1.676 1.834 5.540 6.138 6.010 9.161 6.039 8.866 0.865 4.314 2.375 3.311 9.559 2.310 3.551 1.581 10.388 7.461 0.957 7.357 4.852 9.473 5.942 9.052 8.965 10.839 8.249 2.043 9.222 7.476 6.492 1.062 7.468 3.563 7.613 3.394 3.954 7.765 1.893 2.991 7.446 5.760 1.296 8.770 5.885 7.750 6.790 2.876 8.560 7.385 4.549 7.729 10.209 3.424 5.891 0.326 3.620 2.895 9.936 9.909 5.100 4.830 3.839 7.673 2.245 3.865 6.439 4.917 6.592 9.243 9.510 3.052 8.018 9.199 9.379 4.660 2.804 2.336 5.536 6.824 10.320 1.447 8.216 
