20 40 100
450.555 253.102 255.817 325.865 366.171 278.876 215.770 217.032 180.217 345.446 125.229 478.897 281.994 477.257 230.525 380.092 157.083 128.881 442.855 276.720 
68.199 98.666 91.814 40.720 23.330 80.030 83.276 115.053 17.456 19.097 72.945 87.103 84.444 74.968 77.562 72.714 47.549 119.660 74.989 89.741 42.116 122.114 79.788 34.147 22.790 48.058 13.102 99.410 138.869 47.386 40.054 88.069 94.660 110.525 120.566 58.546 45.564 93.376 119.497 76.239 
8.531 24.645 30.241 6.126 16.703 9.543 33.722 22.606 34.145 6.928 33.000 21.403 24.021 7.456 32.111 15.270 7.898 32.426 11.003 14.557 18.117 22.287 14.779 8.569 32.207 10.130 10.166 25.895 32.421 5.048 30.605 28.343 7.171 27.177 29.312 32.310 19.274 14.873 14.450 6.889 24.077 30.520 6.081 17.397 20.318 11.321 29.375 34.874 10.294 17.778 9.074 7.951 17.901 32.913 10.107 17.800 26.908 15.467 7.245 26.587 24.267 19.797 13.416 7.024 10.304 34.937 6.350 26.956 19.589 25.383 24.063 31.458 31.317 25.539 6.869 19.565 32.665 29.832 30.981 5.114 15.334 21.795 19.789 18.920 24.403 8.951 23.289 26.856 10.131 18.704 8.278 14.041 34.810 21.080 8.174 27.442 16.357 12.692 15.287 28.024 
1021.502 1113.512 1083.558 709.710 555.683 1022.052 1072.032 1273.202 499.902 464.857 984.054 1068.537 1097.982 1064.654 1086.246 990.708 785.065 1255.039 964.891 1113.542 732.671 1229.359 972.528 658.360 552.784 852.287 428.599 1169.790 1378.564 767.808 732.971 1063.229 1127.380 1199.038 1254.967 946.923 780.185 1188.137 1187.109 978.250 
9.095 13.444 7.501 4.064 6.626 5.070 12.065 11.561 11.405 12.122 10.420 11.845 10.494 8.332 11.599 5.642 2.301 2.432 3.119 7.216 7.107 6.609 10.945 4.752 10.645 10.249 9.023 13.752 1.572 8.997 6.361 8.639 4.229 2.629 7.439 12.850 1.160 8.090 12.729 7.877 
2.180 3.941 10.341 10.100 13.332 12.275 4.177 3.469 14.221 2.644 2.428 5.570 5.631 9.156 0.978 8.936 11.307 11.724 10.113 7.966 3.908 4.896 3.887 15.600 11.072 9.158 6.883 3.520 9.513 6.508 12.368 4.782 13.930 12.476 9.287 4.134 11.973 3.396 2.460 12.032 
3.229 1.947 10.574 10.978 13.925 13.050 2.789 2.293 14.021 0.996 4.360 4.415 4.977 9.170 2.262 9.541 13.014 13.428 11.150 8.246 5.709 5.906 5.705 17.014 10.698 8.723 6.704 1.525 10.882 6.346 12.927 6.823 15.019 13.671 11.323 2.382 13.395 5.377 0.437 12.290 
5.337 8.394 2.987 3.263 5.898 5.090 6.623 6.380 7.366 7.408 8.594 5.885 4.447 2.517 8.485 1.526 8.243 8.543 3.819 0.994 5.714 2.931 9.863 10.264 5.086 4.054 2.671 9.099 4.875 2.717 4.905 8.589 7.469 6.484 10.612 7.550 7.057 6.812 8.320 4.587 
4.702 7.491 3.492 4.199 6.725 5.997 5.700 5.481 7.635 6.550 8.137 4.952 3.517 2.549 7.830 2.429 8.920 9.240 4.731 1.126 5.516 2.652 9.478 11.169 4.997 3.644 1.852 8.229 5.629 1.833 5.721 8.415 8.405 7.404 10.833 6.632 7.903 6.541 7.487 5.180 
9.655 14.169 11.352 8.133 11.079 9.508 13.299 12.635 15.584 12.736 9.284 13.627 12.516 11.764 11.115 9.224 2.435 2.636 7.235 10.362 6.883 8.137 9.169 7.465 14.283 13.437 11.646 14.105 5.113 11.490 10.732 6.749 8.496 7.019 3.490 13.862 5.166 7.314 13.016 12.062 
5.565 1.061 11.075 12.316 14.766 14.171 2.479 2.828 13.734 2.491 7.315 3.680 4.943 9.469 5.174 10.607 15.374 15.776 12.688 8.992 8.348 7.767 8.621 18.911 10.318 8.406 7.014 1.787 12.849 6.739 13.759 9.760 16.507 15.334 14.206 1.563 15.365 8.204 2.585 12.734 
8.409 11.334 1.532 2.056 2.837 2.420 9.487 9.339 5.433 10.439 11.511 8.482 7.071 2.976 11.555 1.681 8.363 8.537 2.998 2.960 8.377 5.842 12.682 8.665 4.712 4.949 5.013 12.112 5.051 5.238 1.831 11.118 5.302 4.932 12.216 10.435 6.267 9.537 11.377 1.965 
8.804 12.722 5.042 1.644 4.113 2.534 11.102 10.731 8.776 11.542 10.996 10.547 9.120 6.120 11.713 3.521 4.935 5.056 0.878 5.298 7.577 6.047 11.831 5.572 8.234 8.117 7.342 13.239 2.122 7.411 3.744 9.781 3.089 1.802 9.612 11.981 2.704 8.716 12.311 5.254 
5.857 9.962 5.067 2.637 6.217 4.820 8.479 8.020 9.505 8.708 8.079 8.198 6.847 5.307 8.732 2.869 5.299 5.618 2.318 3.921 4.686 3.146 9.014 8.066 7.841 7.014 5.470 10.386 2.077 5.406 5.454 7.149 6.066 4.637 8.077 9.300 4.538 5.851 9.420 6.147 
6.358 10.224 4.197 1.760 5.318 3.979 8.627 8.237 8.596 9.042 8.851 8.165 6.762 4.614 9.349 2.027 5.802 6.078 1.687 3.363 5.503 3.584 9.851 7.926 7.092 6.438 5.162 10.741 2.381 5.162 4.525 8.056 5.555 4.279 8.990 9.494 4.576 6.677 9.822 5.208 
8.213 12.611 7.399 4.062 7.027 5.449 11.289 10.759 11.512 11.269 9.460 11.157 9.840 8.050 10.660 5.387 2.347 2.622 3.144 6.815 6.156 5.809 9.991 5.698 10.463 9.896 8.490 12.880 1.100 8.432 6.634 7.698 5.038 3.398 6.766 12.048 2.120 7.131 11.847 7.980 
7.357 11.103 13.102 10.857 14.395 12.882 10.990 10.242 17.585 9.755 4.942 11.970 11.372 12.756 7.129 10.963 7.684 8.030 10.252 11.211 4.910 7.671 4.112 12.900 15.267 13.788 11.488 10.612 8.395 11.186 13.715 2.406 12.986 11.345 2.668 11.189 9.862 4.288 9.599 14.392 
5.924 3.495 8.555 10.505 12.379 12.054 2.356 3.083 10.643 4.052 8.935 1.502 2.847 6.886 7.142 8.627 14.752 15.122 11.075 6.842 8.689 7.024 10.418 17.507 7.251 5.453 4.712 4.658 11.754 4.569 11.396 10.871 14.685 13.746 14.867 2.662 14.162 8.988 4.862 10.098 
6.424 10.931 7.749 4.916 8.355 6.812 9.796 9.196 12.153 9.539 7.350 9.919 8.726 7.961 8.640 5.557 3.447 3.852 4.203 6.511 4.107 4.396 7.869 7.783 10.515 9.565 7.755 11.083 2.299 7.608 7.756 5.603 7.013 5.371 5.458 10.471 4.243 5.028 10.021 8.725 
3.432 3.225 11.374 11.399 14.535 13.544 4.121 3.553 15.042 2.335 3.264 5.713 6.122 10.073 1.071 10.128 12.744 13.162 11.462 9.007 5.343 6.205 4.476 17.035 11.781 9.821 7.676 2.457 10.937 7.306 13.554 5.896 15.301 13.871 10.480 3.750 13.406 4.750 1.610 13.084 
10.581 14.852 7.912 4.525 6.220 4.798 13.395 12.929 11.390 13.561 12.009 13.051 11.660 8.994 13.159 6.354 3.010 2.909 3.664 8.078 8.685 8.006 12.529 3.208 11.107 10.980 10.033 15.212 2.929 10.056 6.201 10.209 3.074 1.798 8.681 14.212 0.431 9.678 14.207 7.945 
7.631 12.106 10.539 7.670 11.001 9.431 11.339 10.652 14.952 10.670 7.140 11.798 10.784 10.664 8.963 8.342 3.655 4.019 6.892 9.169 4.808 6.431 7.099 8.858 13.232 12.151 10.159 11.995 4.811 9.956 10.474 4.660 9.094 7.479 2.701 11.850 5.871 5.167 10.906 11.517 
6.310 10.637 10.711 8.275 11.789 10.265 10.077 9.357 15.195 9.208 5.323 10.742 9.890 10.543 7.238 8.532 5.421 5.808 7.639 9.000 3.471 5.740 5.236 10.552 13.101 11.789 9.609 10.417 5.765 9.352 11.134 2.796 10.388 8.744 2.758 10.487 7.337 3.526 9.335 11.908 
3.741 8.278 7.738 5.952 9.520 8.147 7.314 6.658 12.206 6.863 4.868 7.704 6.712 7.358 5.926 5.657 6.151 6.564 5.610 5.811 1.456 2.445 5.697 10.428 9.886 8.503 6.310 8.362 4.458 6.057 8.709 3.876 9.141 7.570 6.033 7.900 6.817 2.565 7.291 9.120 
12.476 9.773 2.804 9.475 8.414 13.362 8.934 8.782 6.938 3.520 11.184 10.995 4.651 9.879 8.119 3.364 4.804 6.079 7.405 10.834 8.867 8.816 5.764 12.678 3.207 3.450 7.651 8.969 7.740 5.800 9.434 4.514 10.345 5.399 5.534 10.376 11.595 1.620 4.985 3.445 4.026 6.654 7.717 6.863 11.607 5.260 9.738 5.004 7.405 8.488 9.308 10.385 10.389 12.737 10.648 6.310 1.294 7.686 9.501 7.485 1.365 3.443 8.704 8.669 8.426 8.395 6.482 5.443 11.203 11.058 7.796 1.480 2.900 9.198 6.138 10.006 11.865 4.796 3.754 4.528 10.714 9.415 6.228 6.572 6.576 9.619 8.221 2.917 6.940 4.014 9.522 6.645 3.400 4.430 9.547 4.913 8.772 5.242 4.165 11.326 
16.748 10.967 5.648 13.995 12.492 17.613 12.855 11.937 10.288 6.200 12.956 15.198 9.180 14.405 12.170 1.182 7.496 9.829 9.736 13.930 11.716 11.856 5.376 16.893 7.651 1.788 10.973 9.486 10.842 10.121 12.565 8.332 13.601 0.905 9.541 14.610 15.857 3.316 8.964 3.678 3.574 8.872 12.109 10.247 13.000 3.645 13.541 2.197 11.937 13.010 13.835 14.907 14.650 16.848 15.181 6.302 3.826 11.994 13.911 11.461 5.437 1.583 11.479 10.932 11.637 10.822 10.996 8.393 12.771 13.124 8.459 5.977 3.950 11.163 10.317 14.511 16.348 9.244 2.796 1.543 15.038 13.931 9.694 10.916 11.033 11.789 12.320 2.235 7.898 5.230 14.013 10.627 6.994 1.221 12.029 8.822 12.566 3.144 7.117 15.632 
9.329 2.943 5.465 11.116 5.577 9.915 13.887 2.366 13.448 4.746 3.155 7.804 8.421 11.257 12.909 9.897 3.396 3.860 0.830 3.736 1.572 2.055 6.004 9.153 8.776 10.717 2.513 3.999 14.415 6.067 2.701 4.546 3.725 10.947 11.277 7.548 8.586 7.926 11.004 6.882 7.079 1.689 7.111 2.715 3.906 7.707 5.102 9.034 9.498 9.029 10.850 10.230 7.717 8.659 10.769 5.247 9.407 6.514 8.224 4.766 6.894 10.562 1.284 0.501 14.834 0.280 7.878 12.736 3.366 2.877 3.702 8.247 11.047 1.276 11.175 9.635 10.633 9.301 7.804 9.295 8.360 11.140 12.746 10.783 10.091 1.442 12.835 8.416 3.432 5.330 11.592 12.066 10.646 9.520 1.470 4.588 14.074 8.253 11.750 8.669 
6.103 6.374 5.912 7.901 2.133 6.796 11.298 1.552 11.491 5.389 5.929 4.506 6.273 7.988 10.345 10.626 4.251 1.903 3.563 3.176 2.374 1.862 8.236 6.021 7.222 11.170 0.973 7.352 12.459 3.482 1.989 3.455 2.535 12.164 9.242 4.167 5.292 8.388 9.121 8.141 8.566 3.990 3.857 1.381 6.936 9.572 2.072 10.587 6.546 5.774 7.634 6.815 4.322 5.689 7.362 7.737 9.261 3.230 4.787 1.486 6.620 11.081 2.512 3.755 12.726 3.322 5.035 11.247 6.348 5.261 6.814 7.397 10.816 4.568 8.891 6.220 7.192 7.178 9.115 10.626 4.952 7.940 10.858 8.273 7.464 4.270 10.222 9.326 6.258 6.767 8.428 9.806 9.383 10.764 3.530 3.097 11.589 10.029 10.541 5.313 
6.970 5.685 8.710 10.864 4.948 7.283 14.724 2.379 15.065 8.051 4.011 5.820 9.850 10.850 13.792 13.388 6.695 5.352 4.575 0.427 2.455 2.353 9.840 6.618 10.774 14.094 3.542 7.358 16.031 7.043 1.732 6.772 1.150 14.630 12.816 5.887 6.482 11.260 12.701 10.525 10.796 5.412 6.995 4.326 5.109 11.515 3.379 12.792 9.853 8.770 10.607 9.286 6.092 5.907 9.844 9.083 12.441 6.384 7.255 4.889 9.792 13.968 2.707 3.665 16.280 3.559 8.463 14.812 4.589 3.151 7.386 10.796 14.053 4.006 12.434 8.728 9.043 10.752 11.480 12.997 6.714 10.924 14.436 11.765 10.927 3.281 13.649 11.959 7.246 8.992 11.449 13.347 12.908 13.198 2.543 6.521 15.053 12.050 14.064 6.751 
5.800 6.332 7.885 9.292 3.370 6.253 13.165 1.625 13.596 7.286 5.102 4.475 8.399 9.286 12.239 12.618 6.005 4.110 4.394 1.155 2.283 1.842 9.610 5.526 9.428 13.233 2.523 7.770 14.557 5.577 1.153 5.631 0.435 14.025 11.350 4.449 5.197 10.417 11.265 9.933 10.283 5.118 5.418 3.288 6.207 11.149 1.854 12.310 8.282 7.193 9.033 7.765 4.650 4.925 8.326 8.957 11.417 4.811 5.716 3.377 8.763 13.129 2.570 3.885 14.779 3.606 6.917 13.438 5.640 4.276 7.556 9.611 12.994 4.488 10.928 7.198 7.642 9.293 10.907 12.432 5.291 9.350 12.984 10.231 9.384 3.887 12.091 11.251 7.230 8.458 9.874 11.839 11.600 12.602 3.027 5.305 13.504 11.651 12.757 5.407 
15.277 9.074 3.996 13.106 10.947 16.121 12.640 10.120 10.387 4.457 11.042 13.693 8.300 13.490 11.856 1.686 5.687 8.200 7.841 12.087 9.855 10.021 3.571 15.382 6.964 2.788 9.202 7.649 11.075 8.773 10.739 6.776 11.787 2.333 9.243 13.130 14.385 2.184 8.679 1.786 1.664 6.976 10.787 8.503 11.103 2.061 11.868 1.242 11.004 11.892 12.921 13.770 13.187 15.278 14.096 4.470 3.631 10.599 12.587 9.884 4.234 2.552 9.612 9.026 11.828 8.926 9.877 8.638 10.863 11.207 6.589 5.235 4.504 9.246 9.894 13.328 15.105 8.541 0.879 0.839 13.621 13.054 9.722 10.337 10.304 9.876 11.969 0.850 5.996 3.334 13.203 10.356 6.880 0.918 10.131 7.283 12.435 1.747 7.308 14.194 
14.821 9.277 3.637 12.446 10.527 15.676 11.896 9.928 9.641 4.185 11.153 13.253 7.628 12.836 11.116 1.321 5.491 7.832 7.794 11.931 9.729 9.855 3.975 14.947 6.253 2.344 8.957 7.960 10.335 8.250 10.560 6.356 11.591 2.667 8.500 12.676 13.928 1.510 7.935 1.814 1.949 6.933 10.257 8.231 11.287 2.682 11.535 1.985 10.351 11.291 12.266 13.177 12.724 14.877 13.488 4.823 2.888 10.100 12.060 9.482 3.627 2.128 9.499 9.014 11.085 8.878 9.272 7.903 11.013 11.262 6.857 4.524 3.842 9.299 9.160 12.750 14.549 7.837 1.219 1.483 13.137 12.392 8.975 9.620 9.608 9.895 11.232 0.219 6.192 3.324 12.527 9.612 6.132 1.426 10.089 6.854 11.687 2.447 6.572 13.720 
12.361 2.543 9.383 15.352 9.495 12.708 18.365 5.949 17.896 8.674 1.539 11.089 12.907 15.441 17.388 13.139 7.498 8.309 5.053 5.699 5.079 5.609 8.194 12.032 13.196 14.119 6.699 4.185 18.858 10.502 5.783 9.008 6.235 13.644 15.747 11.034 11.804 11.545 15.456 10.008 9.954 5.622 11.306 7.115 0.592 10.042 8.410 11.557 13.877 13.226 15.085 14.173 11.230 11.334 14.731 7.255 13.285 10.681 12.108 8.921 11.001 13.924 4.961 4.005 19.300 4.438 12.281 17.083 1.130 2.338 5.064 12.495 14.888 3.225 15.662 13.584 14.233 13.785 10.744 12.032 11.879 15.388 17.186 15.263 14.555 3.225 17.308 11.645 5.628 8.589 15.868 16.550 14.958 12.322 3.925 9.073 18.559 10.614 16.022 12.020 
15.460 10.589 4.595 12.563 11.260 16.333 11.486 10.981 9.005 5.226 12.431 13.932 7.752 12.974 10.778 0.259 6.581 8.677 8.988 13.011 10.849 10.934 5.286 15.626 6.215 1.020 9.957 9.287 9.613 8.801 11.623 7.142 12.630 2.330 8.145 13.332 14.571 2.086 7.569 3.121 3.271 8.135 10.769 9.205 12.593 3.855 12.401 2.769 10.510 11.609 12.405 13.506 13.362 15.618 13.771 6.145 2.406 10.684 12.565 10.256 4.117 0.802 10.631 10.228 10.394 10.067 9.600 7.158 12.307 12.511 8.182 4.547 2.818 10.552 8.902 13.122 14.971 7.808 2.517 2.071 13.728 12.498 8.384 9.486 9.597 11.126 10.921 1.484 7.507 4.586 12.577 9.239 5.626 1.808 11.276 7.614 11.217 3.505 5.851 14.329 
13.796 13.391 6.411 9.177 10.393 14.693 6.754 11.718 3.996 7.096 14.656 12.550 5.144 9.626 6.226 5.303 8.265 8.736 10.825 13.706 11.987 11.826 9.324 14.121 3.578 4.538 10.541 12.648 4.549 7.583 12.349 7.322 13.122 7.179 3.778 11.903 12.986 4.936 3.261 6.919 7.418 10.146 9.039 9.769 15.162 8.481 12.014 7.750 7.483 9.024 9.105 10.780 11.855 14.385 10.860 9.943 3.019 9.259 10.593 9.711 4.750 4.724 11.871 12.060 5.337 11.736 7.342 2.094 14.727 14.441 11.475 3.331 2.380 12.665 4.722 10.582 12.478 4.612 6.930 7.095 11.993 9.086 3.448 5.611 6.107 13.008 6.426 5.838 10.615 7.686 8.979 4.705 1.452 6.861 12.816 7.555 6.386 8.301 0.837 12.621 
14.893 7.560 3.717 13.419 10.514 15.700 13.524 9.189 11.510 3.923 9.617 13.278 8.733 13.772 12.679 3.332 4.894 7.694 6.687 11.066 8.803 9.043 1.943 14.941 7.628 4.429 8.393 6.050 12.266 8.670 9.773 6.448 10.844 3.575 10.130 12.757 14.008 3.033 9.591 1.313 0.688 5.837 10.666 7.768 9.597 0.655 11.212 1.558 11.312 11.988 13.211 13.816 12.839 14.749 14.193 2.866 4.869 10.387 12.429 9.422 4.598 4.195 8.541 7.792 12.985 7.753 10.015 9.877 9.396 9.854 5.032 5.955 5.994 7.913 10.673 13.329 15.013 9.128 0.969 1.942 13.329 13.380 10.814 10.981 10.819 8.585 12.763 2.109 4.523 2.379 13.590 11.237 7.962 2.234 8.933 6.960 13.380 0.899 8.549 13.868 
13.489 6.550 2.493 12.301 9.108 14.287 12.819 7.763 11.067 2.558 8.471 11.870 7.745 12.633 11.930 4.048 3.455 6.284 5.325 9.663 7.406 7.627 1.609 13.526 6.840 5.054 6.953 5.266 11.890 7.384 8.355 5.101 9.423 4.817 9.474 11.360 12.608 2.835 8.966 0.940 0.947 4.464 9.355 6.328 8.566 1.907 9.774 2.944 10.207 10.764 12.082 12.558 11.447 13.321 12.957 2.237 4.786 9.045 11.096 8.014 3.737 4.848 7.150 6.477 12.561 6.403 8.830 9.594 8.306 8.632 4.141 5.285 6.185 6.673 9.913 12.054 13.695 8.243 1.698 3.163 11.951 12.269 10.348 10.108 9.855 7.311 11.988 2.565 3.465 0.941 12.515 10.558 7.549 3.396 7.599 5.608 12.733 2.324 8.299 12.479 
10.564 2.855 4.280 11.528 6.492 11.219 13.738 3.804 12.935 3.563 4.135 8.980 8.186 11.727 12.762 8.416 2.401 4.161 1.000 5.390 3.161 3.552 4.334 10.447 8.216 9.297 3.510 3.025 13.882 6.258 4.258 4.242 5.319 9.347 10.861 8.639 9.767 6.577 10.516 5.334 5.476 0.641 7.684 3.327 4.533 6.045 6.392 7.398 9.717 9.533 11.267 10.949 8.788 10.027 11.461 3.593 8.216 7.145 9.045 5.518 5.882 9.127 2.875 1.953 14.377 1.950 8.090 12.006 4.121 4.152 2.338 7.392 9.840 2.196 10.902 10.364 11.575 9.008 6.223 7.691 9.406 11.537 12.212 10.658 10.063 2.785 12.722 6.918 1.844 3.792 11.942 11.753 9.870 7.928 3.099 4.468 13.854 6.596 10.916 9.788 
15.018 12.713 5.871 10.983 11.229 15.916 8.936 11.911 6.177 6.596 14.258 13.642 6.509 11.425 8.370 3.318 7.923 9.121 10.519 13.959 12.015 11.955 7.990 15.284 4.818 2.411 10.767 11.699 6.666 8.468 12.562 7.579 13.450 5.046 5.832 13.002 14.165 3.712 5.277 5.592 5.972 9.743 10.194 9.978 14.615 6.839 12.688 5.877 9.121 10.525 10.878 12.367 12.984 15.444 12.517 8.737 1.916 10.294 11.884 10.391 4.504 2.621 11.852 11.788 7.470 11.528 8.661 4.235 14.242 14.171 10.537 3.731 0.320 12.283 6.731 12.095 14.000 6.210 5.346 5.182 13.216 10.900 5.641 7.529 7.890 12.735 8.557 4.203 9.742 6.702 10.857 6.830 3.265 4.912 12.688 7.932 8.577 6.560 3.030 13.843 
8.005 5.045 4.340 8.988 3.815 8.716 11.698 2.056 11.378 3.721 5.266 6.394 6.271 9.154 10.721 9.063 2.445 1.661 1.929 4.105 2.156 2.059 6.316 7.941 6.780 9.716 1.088 5.686 12.350 3.868 2.705 2.545 3.698 10.460 9.175 6.006 7.176 6.887 8.938 6.378 6.755 2.132 5.047 0.637 6.093 7.700 3.981 8.784 7.311 6.935 8.723 8.276 6.144 7.613 8.796 5.813 8.039 4.484 6.355 2.828 5.396 9.601 2.052 2.665 12.732 2.229 5.686 10.807 5.539 4.822 5.013 6.507 9.657 3.476 9.021 7.688 8.889 7.165 7.353 8.877 6.749 9.006 10.691 8.596 7.893 3.494 10.642 7.684 4.387 4.935 9.443 9.920 8.779 9.040 3.069 2.471 11.898 8.176 9.916 7.161 
4.023 12.648 9.537 2.282 4.206 4.811 7.098 7.754 8.891 9.458 12.160 3.639 5.408 2.094 6.419 13.219 9.063 6.284 9.646 8.484 8.649 8.099 13.111 4.513 7.098 13.243 7.196 13.413 9.663 4.611 7.945 6.955 7.784 15.207 7.092 3.224 3.530 11.140 7.390 11.971 12.567 9.794 2.745 7.106 13.205 13.844 5.512 14.318 2.921 1.391 2.092 0.572 3.034 5.145 1.066 12.937 10.855 3.252 1.636 4.945 9.007 13.272 8.811 10.051 9.520 9.609 3.383 9.771 12.616 11.420 12.666 8.517 11.862 10.871 6.214 0.257 2.104 5.769 12.795 14.057 2.627 2.377 8.574 5.197 4.427 10.564 6.179 12.444 11.932 11.140 2.906 6.879 8.927 14.056 9.786 6.481 7.619 14.125 9.840 3.063 
3.741 12.850 9.905 2.511 4.365 4.498 7.381 7.901 9.253 9.810 12.292 3.512 5.826 2.260 6.733 13.625 9.380 6.567 9.879 8.534 8.806 8.250 13.449 4.248 7.517 13.657 7.396 13.660 10.012 4.965 8.060 7.295 7.845 15.609 7.485 3.161 3.319 11.538 7.791 12.345 12.938 10.057 3.052 7.345 13.348 14.210 5.565 14.702 3.327 1.809 2.351 0.351 2.961 4.918 0.911 13.257 11.270 3.519 1.724 5.166 9.403 13.684 8.978 10.240 9.848 9.803 3.791 10.165 12.760 11.539 12.936 8.931 12.280 11.055 6.598 0.297 1.690 6.184 13.177 14.449 2.485 2.613 8.952 5.579 4.822 10.724 6.488 12.839 12.216 11.492 3.123 7.246 9.342 14.451 9.932 6.815 7.915 14.498 10.250 2.855 
5.339 7.318 6.253 7.006 1.191 6.085 10.581 2.428 10.970 5.810 6.839 3.719 5.787 7.076 9.644 10.891 4.811 2.049 4.458 3.729 3.295 2.761 8.903 5.314 6.911 11.353 1.886 8.259 11.929 2.965 2.751 3.581 3.024 12.532 8.725 3.316 4.495 8.633 8.656 8.593 9.060 4.814 2.977 2.071 7.860 10.135 1.699 11.060 5.752 4.875 6.740 5.870 3.456 5.079 6.418 8.467 9.318 2.347 3.842 0.746 6.730 11.282 3.448 4.701 12.147 4.267 4.313 10.872 7.271 6.144 7.676 7.305 10.818 5.514 8.297 5.275 6.270 6.673 9.556 11.044 4.068 7.049 10.365 7.612 6.775 5.204 9.505 9.663 7.076 7.302 7.547 9.208 9.109 11.158 4.445 3.134 10.902 10.564 10.262 4.470 
9.781 4.390 3.094 10.127 5.501 10.509 12.193 3.627 11.411 2.378 5.400 8.161 6.641 10.351 11.219 7.631 1.022 2.870 1.582 5.561 3.336 3.502 4.504 9.735 6.693 8.399 2.878 4.445 12.363 4.825 4.226 2.706 5.289 8.853 9.321 7.740 8.937 5.585 8.985 4.745 5.056 0.940 6.409 2.381 5.952 5.925 5.793 7.078 8.255 8.192 9.870 9.715 7.865 9.423 10.205 4.024 7.032 5.919 7.908 4.444 4.542 8.255 3.105 2.846 12.845 2.592 6.639 10.539 5.487 5.234 3.547 5.965 8.672 3.409 9.355 9.144 10.495 7.461 5.709 7.232 8.448 10.129 10.691 9.119 8.538 3.795 11.182 6.181 2.781 3.233 10.513 10.207 8.416 7.421 3.781 2.969 12.307 6.418 9.490 8.894 
10.518 10.911 4.364 6.718 6.973 11.417 6.287 8.480 4.889 4.861 11.832 9.199 1.995 7.138 5.405 6.116 5.673 5.448 8.026 10.412 8.856 8.626 8.092 10.808 0.355 5.938 7.305 10.557 5.827 4.163 9.091 4.185 9.798 8.184 2.980 8.553 9.680 4.438 2.530 6.025 6.649 7.486 5.707 6.564 12.481 7.949 8.597 7.842 4.712 6.011 6.572 7.877 8.519 11.024 8.068 8.429 3.543 5.874 7.358 6.301 2.797 6.001 8.777 9.180 6.356 8.807 4.126 4.079 11.990 11.502 9.429 1.378 4.467 9.877 3.389 7.577 9.480 1.951 6.516 7.381 8.712 6.649 4.161 3.726 3.739 10.104 5.475 5.763 8.530 6.076 6.715 4.037 2.120 7.281 9.788 4.313 6.219 8.005 3.277 9.340 
9.904 8.048 1.898 7.923 5.706 10.772 8.853 6.116 7.751 2.153 9.049 8.366 3.451 8.262 7.905 5.765 2.809 3.308 5.218 8.151 6.316 6.190 5.761 10.061 3.043 6.114 4.956 7.737 8.691 3.296 6.763 1.753 7.626 7.602 5.744 7.769 9.013 3.531 5.356 4.223 4.836 4.634 5.307 4.169 9.650 6.142 6.967 6.551 5.826 6.475 7.707 8.326 7.805 10.058 8.684 5.900 4.062 5.152 7.108 4.735 1.473 6.062 6.191 6.417 9.208 6.073 4.491 6.842 9.174 8.782 6.633 2.353 5.613 7.073 5.932 7.864 9.622 4.096 5.027 6.323 8.194 7.889 7.024 5.921 5.552 7.358 7.917 4.751 5.735 3.674 8.134 6.716 4.732 6.351 7.134 2.139 8.880 6.379 5.832 8.785 
14.235 14.794 7.837 9.098 11.165 15.120 5.917 12.821 2.913 8.503 15.971 13.108 5.716 9.546 5.578 6.713 9.614 9.795 12.135 14.762 13.161 12.957 10.838 14.602 4.399 5.860 11.644 14.113 3.246 8.394 13.437 8.474 14.146 8.495 3.549 12.465 13.469 6.453 3.191 8.435 8.934 11.493 9.615 10.892 16.522 9.987 12.860 9.210 7.660 9.298 9.069 10.925 12.393 14.944 10.928 11.449 4.532 9.918 11.023 10.592 6.147 6.066 13.066 13.348 4.060 13.004 7.837 0.990 16.070 15.713 12.942 4.619 3.701 13.986 4.503 10.808 12.662 4.999 8.438 8.540 12.456 8.998 2.574 5.501 6.168 14.290 5.814 7.337 12.073 9.176 8.804 4.194 2.241 8.293 14.046 8.646 5.458 9.792 1.101 13.074 
1.336 12.812 12.535 7.374 5.582 0.438 12.267 7.827 14.083 12.178 11.436 2.830 9.987 7.056 11.630 16.953 11.254 8.388 10.554 7.194 8.676 8.146 15.342 1.142 11.617 17.233 8.056 14.184 14.876 7.988 7.581 9.746 6.769 18.750 12.177 3.420 2.194 14.713 12.403 14.953 15.453 11.095 6.157 8.476 12.541 16.567 5.137 17.424 7.995 6.313 7.237 5.109 3.398 1.557 5.422 14.868 14.967 6.104 4.543 6.664 12.636 17.207 8.945 10.311 14.739 9.977 7.789 14.818 12.005 10.579 13.828 12.682 16.240 10.962 11.353 4.965 3.576 10.579 15.897 17.346 3.143 7.480 13.726 10.353 9.530 10.367 11.386 15.871 13.351 13.728 7.959 12.069 13.686 17.428 9.508 9.240 12.808 16.979 14.709 2.514 
12.503 0.946 6.402 14.046 8.739 13.060 16.293 5.523 15.380 5.746 3.230 10.994 10.741 14.228 15.320 9.775 4.834 6.666 3.157 6.444 4.646 5.189 4.778 12.307 10.675 10.783 5.665 0.993 16.314 8.808 5.744 6.808 6.650 10.227 13.357 10.744 11.774 8.319 12.987 6.662 6.565 3.212 10.132 5.697 2.949 6.627 8.277 8.141 12.274 12.016 13.784 13.337 10.912 11.772 13.865 3.839 10.150 9.563 11.367 7.860 8.097 10.579 4.383 3.011 16.841 3.373 10.644 14.333 2.855 3.775 1.648 9.693 11.708 2.408 13.439 12.746 13.815 11.548 7.354 8.617 11.554 14.059 14.652 13.222 12.634 3.110 15.285 8.296 2.287 5.325 14.477 14.278 12.187 8.910 3.906 7.040 16.397 7.200 13.176 11.863 
12.573 2.824 4.651 13.203 8.452 13.231 14.948 5.787 13.784 4.064 4.921 10.983 9.435 13.437 13.988 7.798 3.475 5.954 2.994 7.222 5.076 5.515 2.896 12.458 9.139 8.806 5.515 1.664 14.693 7.898 6.198 5.661 7.235 8.308 11.857 10.629 11.769 6.381 11.444 4.685 4.593 2.505 9.499 5.271 4.860 4.749 8.404 6.239 11.289 11.287 12.949 12.799 10.772 12.036 13.295 1.983 8.247 8.996 10.953 7.443 6.358 8.602 4.786 3.615 15.265 3.777 9.691 12.612 4.664 5.262 0.512 7.991 9.778 3.434 12.042 12.224 13.514 10.177 5.383 6.680 11.383 13.202 13.051 11.940 11.440 4.175 13.980 6.318 0.388 3.387 13.572 12.837 10.471 6.965 4.753 6.002 14.996 5.324 11.410 11.781 
11.797 4.876 2.275 11.418 7.448 12.555 12.724 5.731 11.431 1.737 6.571 10.172 7.291 11.699 11.779 5.917 1.724 4.661 3.250 7.597 5.336 5.577 2.440 11.783 6.830 6.821 5.004 4.043 12.332 6.202 6.307 3.841 7.380 6.885 9.554 9.710 10.934 4.177 9.120 2.832 3.022 2.388 8.037 4.454 6.809 3.799 7.899 5.010 9.402 9.658 11.177 11.334 9.819 11.509 11.785 2.182 5.955 7.632 9.678 6.359 3.981 6.643 5.076 4.424 12.918 4.331 7.874 10.233 6.477 6.650 2.880 5.618 7.534 4.688 9.800 10.790 12.290 7.969 3.741 5.235 10.370 11.402 10.698 9.782 9.359 5.287 11.790 4.416 1.997 1.288 11.722 10.563 8.094 5.457 5.532 4.288 12.737 4.303 9.033 10.855 
17.111 12.010 6.293 13.945 12.943 17.989 12.402 12.669 9.692 6.909 13.945 15.598 9.189 14.368 11.782 1.562 8.253 10.380 10.606 14.692 12.513 12.614 6.481 17.290 7.574 1.298 11.655 10.580 10.167 10.439 13.309 8.840 14.322 1.702 9.181 14.991 16.225 3.790 8.609 4.605 4.598 9.746 12.383 10.906 14.036 4.791 14.103 3.361 11.938 13.126 13.803 15.020 15.016 17.298 15.257 7.397 3.689 12.326 14.171 11.948 5.778 1.239 12.289 11.829 10.976 11.690 11.136 7.749 13.785 14.071 9.528 6.001 3.327 12.109 10.018 14.661 16.530 9.137 3.809 2.695 15.365 13.874 9.146 10.703 10.912 12.710 11.951 3.019 8.928 6.136 13.911 10.233 6.592 2.369 12.900 9.308 12.068 4.303 6.536 15.971 
4.828 9.247 6.595 4.882 1.299 5.708 8.555 4.556 9.248 6.366 8.949 3.348 4.288 4.977 7.643 10.841 5.758 2.876 6.208 5.765 5.393 4.878 9.888 5.023 5.733 11.101 3.823 9.969 10.180 1.860 4.887 3.826 5.043 12.685 7.049 2.721 3.942 8.617 7.082 9.058 9.610 6.355 0.839 3.667 9.948 10.822 3.086 11.500 3.661 2.755 4.615 3.995 2.734 5.138 4.509 9.626 8.847 0.210 2.198 1.557 6.516 11.076 5.517 6.681 10.315 6.233 2.384 9.429 9.361 8.273 9.233 6.594 10.173 7.511 6.486 3.412 4.811 5.086 9.961 11.351 3.109 4.920 8.704 5.695 4.825 7.274 7.485 9.819 8.519 8.021 5.412 7.374 7.917 11.405 6.550 3.316 8.914 11.169 9.027 3.699 
11.843 5.252 1.938 11.264 7.477 12.615 12.449 5.930 11.105 1.460 6.929 10.218 7.051 11.555 11.509 5.578 1.731 4.665 3.537 7.833 5.579 5.793 2.445 11.846 6.530 6.467 5.147 4.399 11.999 6.093 6.521 3.731 7.589 6.607 9.253 9.740 10.973 3.806 8.810 2.523 2.765 2.672 7.969 4.557 7.180 3.640 8.009 4.778 9.229 9.545 11.026 11.252 9.842 11.597 11.691 2.331 5.580 7.587 9.640 6.383 3.636 6.292 5.327 4.737 12.594 4.622 7.724 9.883 6.843 6.990 3.231 5.279 7.159 5.031 9.521 10.716 12.253 7.706 3.456 4.966 10.379 11.245 10.372 9.532 9.133 5.615 11.526 4.081 2.357 0.971 11.552 10.272 7.747 5.175 5.829 4.198 12.450 4.119 8.675 10.878 
7.206 5.025 7.712 10.509 4.543 7.628 14.142 1.463 14.324 7.048 3.684 5.893 9.106 10.535 13.194 12.382 5.689 4.499 3.592 0.849 1.448 1.374 8.870 6.915 9.939 13.094 2.641 6.585 15.295 6.337 0.874 5.857 1.068 13.622 12.078 5.848 6.615 10.261 11.933 9.516 9.791 4.418 6.534 3.407 4.790 10.525 3.230 11.791 9.335 8.386 10.246 9.097 6.047 6.280 9.658 8.133 11.471 5.908 7.035 4.281 8.827 12.967 1.707 2.773 15.578 2.611 7.871 13.987 4.225 2.859 6.514 9.879 13.089 3.236 11.748 8.520 9.046 10.014 10.473 11.990 6.693 10.560 13.679 11.131 10.316 2.567 13.065 10.951 6.316 7.985 11.073 12.663 12.044 12.190 1.738 5.639 14.443 11.057 13.196 6.823 
11.865 13.810 7.160 6.670 9.057 12.743 4.146 11.129 2.008 7.712 14.686 10.806 3.580 7.119 3.533 7.608 8.572 8.097 10.902 12.963 11.593 11.311 10.704 12.251 2.759 7.026 9.974 13.426 2.929 6.390 11.708 6.996 12.306 9.612 1.123 10.169 11.123 6.591 0.774 8.449 9.037 10.382 7.358 9.275 15.363 10.258 10.807 9.824 5.234 6.887 6.633 8.486 10.084 12.634 8.485 11.143 5.000 7.724 8.664 8.616 5.491 7.178 11.540 12.032 3.498 11.645 5.555 1.643 14.863 14.321 12.286 3.852 4.964 12.747 2.088 8.380 10.225 2.743 8.729 9.240 10.104 6.571 1.275 3.066 3.729 12.942 3.722 7.767 11.388 8.783 6.401 1.996 1.729 9.058 12.579 7.046 3.865 10.199 1.935 10.715 
3.201 9.271 10.081 8.320 3.615 3.435 12.853 4.463 13.941 9.588 7.838 2.474 9.055 8.173 12.028 14.753 8.454 5.907 7.264 3.596 5.230 4.743 12.342 2.795 10.442 15.222 4.979 10.733 14.849 6.425 4.105 7.451 3.204 16.353 11.781 2.869 2.909 12.498 11.842 12.348 12.772 7.913 5.281 5.580 8.943 13.757 2.184 14.795 7.993 6.494 8.096 6.315 3.051 2.058 6.832 11.759 13.161 4.869 4.590 4.412 10.595 15.152 5.513 6.846 14.910 6.553 7.078 14.198 8.407 6.981 10.486 11.071 14.626 7.443 11.149 5.858 5.597 9.851 13.321 14.829 3.502 8.404 13.431 10.273 9.389 6.815 11.830 13.499 10.106 10.968 8.944 12.005 12.644 14.961 5.964 7.001 13.297 14.225 13.770 3.291 
2.866 9.218 8.904 6.829 2.089 3.496 11.251 4.117 12.295 8.483 8.151 1.423 7.435 6.726 10.410 13.483 7.478 4.699 6.763 4.062 5.013 4.456 11.533 2.722 8.862 13.881 4.237 10.461 13.204 4.875 3.996 6.169 3.443 15.176 10.137 1.483 2.165 11.223 10.204 11.266 11.737 7.277 3.635 4.663 9.253 12.808 1.362 13.735 6.366 4.913 6.593 4.976 1.688 2.404 5.522 11.047 11.742 3.237 3.078 3.044 9.239 13.826 5.263 6.636 13.270 6.268 5.433 12.569 8.682 7.328 10.041 9.585 13.160 7.350 9.503 4.461 4.617 8.218 12.226 13.708 2.289 6.907 11.786 8.631 7.747 6.834 10.217 12.300 9.538 9.977 7.448 10.361 11.056 13.814 5.977 5.687 11.682 13.240 12.172 2.354 
9.810 15.876 10.301 3.572 8.773 10.558 1.336 11.904 4.037 10.631 16.126 9.331 5.048 3.907 1.126 11.998 11.003 9.278 12.733 13.273 12.633 12.189 14.155 10.311 5.846 11.536 10.941 16.000 4.464 7.079 12.326 8.893 12.552 14.051 3.623 8.810 9.321 10.589 4.197 12.196 12.824 12.490 6.719 10.467 17.016 14.128 10.500 13.977 3.848 5.156 3.720 5.838 8.649 10.939 5.553 14.372 9.334 7.319 7.075 8.896 8.922 11.667 12.688 13.595 4.050 13.152 5.335 5.715 16.451 15.552 14.975 7.539 9.540 14.409 2.847 6.056 7.457 4.411 12.692 13.469 8.371 3.466 4.141 2.558 3.065 14.367 0.891 11.887 14.096 12.084 2.997 2.604 6.214 13.332 13.769 8.669 1.920 14.183 6.507 8.856 
16.102 9.967 4.872 13.678 11.797 16.954 12.894 11.062 10.480 5.370 11.966 14.530 8.853 14.074 12.156 1.280 6.624 9.079 8.793 13.035 10.805 10.967 4.380 16.223 7.418 2.307 10.130 8.488 11.104 9.538 11.683 7.623 12.728 1.408 9.524 13.956 15.209 2.774 8.951 2.738 2.585 7.928 11.546 9.423 12.001 2.684 12.766 1.341 11.591 12.564 13.503 14.453 14.007 16.141 14.757 5.304 3.788 11.388 13.348 10.745 4.907 2.065 10.563 9.975 11.881 9.878 10.544 8.650 11.775 12.145 7.458 5.698 4.311 10.186 10.238 14.031 15.835 9.012 1.817 0.627 14.423 13.620 9.847 10.757 10.794 10.821 12.286 1.494 6.900 4.286 13.739 10.629 7.055 0.317 11.083 8.125 12.647 2.219 7.337 15.005 
2.309 10.631 9.063 4.988 2.300 3.199 9.583 5.532 10.919 8.777 9.812 1.030 6.441 4.852 8.796 13.365 8.012 5.071 7.881 5.880 6.454 5.885 12.162 2.555 8.032 13.615 5.294 11.675 11.785 4.368 5.573 6.270 5.214 15.202 8.862 0.464 1.435 11.139 9.016 11.515 12.048 8.237 2.548 5.475 10.897 13.224 2.949 13.973 4.827 3.227 4.764 3.069 0.307 2.846 3.616 11.803 11.339 2.481 1.275 3.370 9.040 13.594 6.666 8.005 11.771 7.594 4.267 11.427 10.314 9.020 11.105 9.054 12.616 8.781 8.126 2.561 2.910 7.104 12.435 13.848 0.647 5.072 10.477 7.183 6.310 8.355 8.584 12.332 10.491 10.396 5.612 8.931 10.145 13.910 7.523 5.757 10.052 13.598 11.204 1.179 
11.475 11.931 5.177 7.176 8.088 12.373 5.875 9.653 3.997 5.752 12.938 10.217 2.825 7.616 5.093 5.984 6.691 6.622 9.116 11.587 10.016 9.795 8.711 11.792 1.259 5.599 8.476 11.467 4.885 5.285 10.265 5.335 10.972 8.046 2.475 9.570 10.659 4.684 1.916 6.485 7.083 8.538 6.706 7.731 13.556 8.331 9.740 8.010 5.318 6.778 7.067 8.587 9.523 12.051 8.716 9.144 3.319 6.928 8.280 7.452 3.495 5.706 9.932 10.293 5.492 9.929 5.025 2.944 13.077 12.632 10.319 1.853 3.818 10.971 3.177 8.346 10.251 2.403 6.824 7.471 9.670 7.095 3.266 3.813 4.088 11.224 5.217 5.926 9.424 6.784 7.074 3.588 0.952 7.323 10.932 5.481 5.699 8.309 2.107 10.298 
16.104 11.619 5.501 12.856 11.982 16.987 11.377 11.893 8.729 6.160 13.451 14.608 8.106 13.280 10.735 1.065 7.528 9.482 9.975 13.933 11.796 11.860 6.290 16.296 6.486 0.211 10.843 10.311 9.252 9.427 12.539 7.926 13.530 2.455 8.124 13.995 15.221 2.952 7.549 4.151 4.290 9.127 11.352 10.079 13.622 4.782 13.200 3.542 10.853 12.055 12.716 13.948 14.013 16.328 14.178 7.162 2.604 11.315 13.133 11.008 4.806 0.242 11.585 11.222 10.053 11.050 10.071 6.811 13.332 13.519 9.210 4.926 2.359 11.562 8.948 13.595 15.470 8.048 3.524 2.827 14.347 12.785 8.157 9.621 9.823 12.127 10.899 2.514 8.538 5.606 12.822 9.186 5.541 2.516 12.257 8.379 11.060 4.379 5.558 14.957 
9.081 3.108 7.171 11.831 5.962 9.536 15.033 2.414 14.839 6.454 2.002 7.699 9.701 11.912 14.063 11.607 5.094 4.996 2.545 2.679 1.562 2.076 7.519 8.813 10.237 12.433 3.239 4.750 15.811 7.126 2.302 5.990 2.985 12.610 12.628 7.583 8.446 9.642 12.401 8.571 8.739 3.396 7.786 3.776 3.043 9.286 4.970 10.661 10.419 9.702 11.564 10.646 7.773 8.197 11.202 6.693 11.101 7.159 8.583 5.407 8.556 12.277 1.495 1.317 16.183 1.485 8.850 14.250 2.455 1.379 4.842 9.846 12.741 1.409 12.437 10.055 10.773 10.603 9.478 10.954 8.426 11.869 14.154 11.949 11.197 0.672 13.965 10.121 4.819 7.020 12.356 13.344 12.195 11.189 0.412 5.933 15.270 9.844 13.317 8.619 
