20 40 100
409.111 1012.671 471.002 413.514 272.561 894.172 674.841 216.902 231.049 787.914 687.835 486.515 446.654 517.299 621.798 1069.805 762.765 1060.469 959.365 912.761 
92.260 88.561 103.000 113.586 98.793 170.565 68.998 78.296 81.515 44.590 163.306 12.310 79.736 51.444 16.791 67.552 80.437 127.599 49.669 130.351 126.308 80.338 22.485 107.826 99.825 167.679 14.588 48.997 145.642 60.774 104.736 27.273 54.225 41.903 127.432 93.732 14.960 61.974 27.347 79.848 
21.005 29.741 8.546 20.412 8.304 15.253 29.092 20.355 27.917 23.474 12.958 6.947 19.757 34.512 34.402 21.417 20.159 24.968 5.033 18.580 28.024 34.337 29.878 12.480 25.640 30.385 16.299 28.077 10.734 10.560 29.516 34.875 12.544 13.893 19.056 15.935 14.067 13.778 12.900 10.249 21.036 21.702 18.778 17.221 34.599 14.654 21.980 27.738 27.995 31.880 17.661 17.556 26.885 28.696 34.275 34.255 15.966 24.001 6.626 24.948 13.396 28.454 10.241 10.496 32.257 9.587 22.743 32.567 32.962 17.395 34.939 6.471 27.256 34.640 14.551 14.312 32.225 32.908 34.856 19.367 18.207 15.939 27.412 14.287 18.062 29.131 7.611 24.564 22.543 12.397 19.785 11.834 19.260 29.672 18.397 30.362 31.740 34.614 15.767 13.783 
969.311 965.269 1101.059 1141.196 1050.714 1331.684 854.001 909.851 979.888 715.353 1374.558 376.785 914.203 768.440 497.809 866.455 928.226 1086.759 764.285 1103.648 1136.087 956.629 514.752 1065.435 1053.826 1338.645 408.277 740.222 1249.303 847.763 1121.003 536.666 786.811 693.973 1182.893 1050.874 437.820 815.064 586.374 965.309 
9.979 9.823 10.098 4.024 11.596 14.458 7.387 12.846 7.374 11.638 9.413 4.319 12.229 12.041 13.925 6.960 1.668 12.169 5.607 13.961 6.154 7.039 10.027 7.397 7.873 12.111 1.644 8.929 16.606 7.395 2.340 6.463 12.294 11.527 14.307 9.345 6.405 5.960 11.341 2.051 
2.690 8.410 4.894 8.154 2.607 4.024 8.238 5.577 3.088 10.021 3.183 6.240 3.915 2.201 3.758 5.589 10.574 7.603 5.197 3.508 9.005 7.252 3.827 4.081 9.218 8.619 12.014 4.238 6.150 3.174 11.457 6.696 9.673 7.107 5.230 3.292 8.079 5.073 6.374 10.803 
10.972 9.692 10.406 4.070 12.555 15.212 7.224 13.936 8.202 11.397 9.919 5.280 13.250 12.943 14.600 8.090 2.711 12.244 6.606 14.735 5.854 8.230 11.087 8.426 9.063 13.303 1.689 9.322 17.383 8.282 1.274 6.593 13.493 11.626 14.807 9.840 6.278 6.505 12.492 1.269 
10.886 0.674 3.918 6.484 11.338 10.652 3.125 14.238 8.129 1.416 5.564 9.052 12.635 10.857 9.398 11.423 11.799 2.735 9.419 10.533 4.549 12.945 11.880 10.202 14.907 16.495 11.954 4.580 12.533 8.675 9.552 4.335 17.344 2.518 7.877 5.460 4.092 6.307 14.482 9.155 
10.094 4.657 6.306 1.858 11.260 12.527 2.214 13.566 6.784 6.301 6.606 5.669 12.338 11.243 11.581 8.836 6.909 7.451 6.684 12.178 0.758 9.890 10.715 8.233 11.515 14.472 6.746 5.645 14.697 7.181 4.260 2.534 15.043 6.898 11.072 6.494 1.433 4.248 12.931 3.873 
2.010 10.745 8.014 7.873 3.663 7.676 9.590 4.446 3.134 12.665 6.207 4.329 3.914 4.477 7.817 1.718 7.908 10.960 3.003 7.098 9.704 3.121 1.624 1.245 5.000 5.253 9.688 6.855 9.464 2.592 10.147 7.737 6.090 10.351 9.464 6.260 9.004 5.426 3.459 9.529 
7.924 5.363 2.437 8.824 7.631 5.615 6.775 10.632 6.646 6.106 3.334 9.214 8.911 6.837 4.300 10.110 13.233 2.974 8.804 5.631 8.179 11.835 9.060 8.572 13.896 13.867 14.105 3.540 7.315 7.099 12.485 6.369 14.911 2.831 2.602 3.352 7.275 6.601 11.625 11.910 
6.745 6.222 2.749 8.835 6.352 4.430 7.257 9.344 5.851 7.216 2.828 8.668 7.622 5.537 3.148 9.193 12.849 4.193 8.092 4.389 8.550 10.918 7.883 7.639 12.962 12.666 13.877 3.431 6.282 6.250 12.499 6.517 13.728 3.939 2.119 2.891 7.603 6.278 10.411 11.893 
0.964 9.652 6.353 8.362 1.677 5.046 9.102 4.209 2.902 11.392 4.537 5.688 2.749 2.055 5.144 4.231 9.859 9.181 4.442 4.472 9.632 5.785 2.102 2.892 7.665 6.910 11.467 5.472 6.950 2.677 11.328 7.387 7.952 8.646 6.889 4.627 8.771 5.374 4.685 10.677 
5.179 13.420 11.127 9.346 6.596 10.844 11.847 5.886 6.062 15.414 9.388 5.494 6.299 7.550 11.121 2.578 7.205 14.066 4.655 10.267 11.580 1.325 4.265 3.969 1.785 3.800 9.115 9.877 12.435 5.532 10.504 10.019 4.012 13.428 12.844 9.425 11.080 7.755 3.676 9.992 
9.018 10.964 10.584 5.237 10.696 14.005 8.636 11.542 6.944 12.886 9.573 3.795 11.147 11.282 13.648 5.616 0.676 12.974 4.820 13.472 7.604 5.336 8.861 6.407 5.932 10.362 2.568 9.311 16.080 6.817 4.347 7.372 10.454 12.308 14.367 9.527 7.650 6.228 9.823 4.024 
9.348 2.566 4.222 3.247 10.239 10.831 0.411 12.850 6.152 4.456 4.925 6.181 11.436 10.036 9.773 8.963 8.571 5.186 6.824 10.547 1.654 10.310 10.160 8.001 12.159 14.405 8.738 3.852 12.949 6.650 6.461 1.469 15.124 4.626 8.999 4.805 0.888 3.789 12.608 6.008 
6.479 12.874 11.147 8.094 8.089 12.143 10.998 7.921 6.213 14.893 9.575 4.491 8.062 8.946 12.209 2.912 5.100 13.997 4.191 11.566 10.472 1.402 5.822 4.440 1.581 5.947 6.995 9.828 13.929 5.772 8.646 9.272 5.968 13.332 13.633 9.585 10.130 7.208 5.828 8.193 
0.633 11.077 7.831 9.314 1.510 5.751 10.391 2.875 3.931 12.848 6.008 6.189 1.789 2.450 6.135 3.933 10.058 10.662 4.855 5.176 10.802 5.196 0.842 3.046 6.859 5.481 11.791 6.917 7.370 3.546 11.995 8.619 6.554 10.127 8.115 6.096 9.984 6.471 3.230 11.357 
1.254 11.039 7.618 9.807 0.512 4.794 10.575 2.840 4.347 12.722 5.851 6.923 1.270 1.496 5.271 4.893 10.924 10.346 5.615 4.225 11.116 6.195 1.820 3.869 7.851 6.133 12.617 6.845 6.370 4.058 12.668 8.870 7.249 9.852 7.368 5.951 10.255 6.848 3.865 12.021 
9.385 1.083 2.833 5.188 9.951 9.721 2.158 12.790 6.533 3.039 4.206 7.463 11.229 9.549 8.539 9.799 10.418 3.111 7.797 9.530 3.673 11.322 10.346 8.592 13.289 14.912 10.736 3.146 11.727 7.077 8.533 2.838 15.745 2.571 7.379 4.093 2.958 4.691 12.929 8.067 
10.683 4.151 6.297 2.714 11.772 12.773 1.875 14.176 7.380 5.638 6.834 6.483 12.891 11.692 11.766 9.611 7.739 7.095 7.449 12.456 0.526 10.711 11.358 8.937 12.362 15.230 7.484 5.809 14.920 7.807 4.873 2.838 15.827 6.590 11.078 6.717 1.481 4.842 13.635 4.559 
4.875 8.836 5.136 10.066 3.914 1.836 9.360 6.739 5.543 10.052 4.104 8.703 5.046 2.945 1.175 8.145 13.052 7.116 7.742 1.571 10.422 9.774 5.933 6.657 11.690 10.450 14.401 5.151 4.009 5.712 13.573 8.163 11.573 6.814 3.057 4.221 9.457 7.075 8.186 12.928 
6.581 6.449 5.713 2.162 7.955 10.154 4.479 9.957 3.382 8.457 4.891 2.036 8.889 8.154 9.504 5.057 5.244 8.129 2.895 9.697 4.133 6.230 7.058 4.480 8.020 10.682 6.164 4.469 12.339 3.644 5.190 2.783 11.274 7.458 9.784 4.824 3.641 1.437 9.163 4.538 
5.093 9.142 5.452 10.449 4.027 1.470 9.716 6.769 5.903 10.314 4.473 9.066 5.099 3.032 0.867 8.436 13.414 7.335 8.089 1.266 10.791 10.049 6.125 6.964 11.944 10.563 14.774 5.511 3.631 6.058 13.956 8.536 11.695 7.059 3.004 4.589 9.825 7.459 8.307 13.311 
1.612 9.912 7.701 7.245 10.331 7.155 6.931 9.729 2.859 1.909 6.917 4.182 4.453 6.362 8.972 2.610 2.591 9.280 8.625 12.048 3.041 2.638 9.312 3.133 11.754 3.367 8.865 3.520 7.498 9.589 3.335 7.168 7.001 6.917 10.946 4.906 3.256 3.954 4.322 7.947 10.123 5.403 11.380 9.646 8.137 6.664 11.269 7.159 8.727 6.111 4.620 1.203 2.697 10.106 6.586 11.332 8.087 6.817 4.774 7.156 9.774 5.813 2.173 1.059 6.254 9.256 2.997 7.077 4.165 7.342 2.684 10.079 11.532 6.148 5.574 4.909 3.247 5.838 12.090 7.680 0.680 7.622 7.947 8.008 5.781 9.752 3.760 4.487 3.383 9.600 4.176 11.339 1.890 3.125 10.139 4.297 9.049 9.709 7.726 4.927 
10.418 2.266 10.803 16.604 1.966 11.368 12.885 3.024 12.015 12.085 9.995 14.640 9.020 9.584 6.130 11.977 12.960 12.237 11.012 1.681 8.676 12.223 3.550 11.928 1.682 12.250 3.004 9.383 4.872 4.940 13.339 12.912 14.573 15.247 11.830 8.853 7.637 9.161 6.352 5.339 6.717 9.057 10.115 10.931 3.336 4.024 1.299 4.821 2.141 5.882 7.308 11.224 11.304 2.750 6.162 2.443 7.134 16.412 7.145 8.931 10.983 9.553 9.413 10.363 12.114 3.301 12.092 6.570 13.387 7.105 12.424 9.876 2.281 5.387 9.919 7.252 12.595 12.090 1.662 5.613 9.887 5.741 12.497 7.437 15.500 11.619 13.859 7.013 13.125 3.328 13.146 1.390 12.294 12.659 2.052 10.646 7.346 6.057 12.124 15.312 
7.605 4.496 7.360 14.037 4.638 7.806 11.308 2.558 8.428 9.054 6.479 11.398 7.199 8.454 6.790 9.213 9.840 11.645 10.472 5.036 6.273 9.408 2.307 9.335 4.628 9.659 4.137 5.698 1.678 6.215 10.417 11.410 12.583 13.028 11.963 7.222 4.143 7.142 3.884 2.429 7.835 7.612 10.880 10.799 3.722 2.655 4.881 4.422 1.613 4.799 5.488 8.204 8.695 2.884 5.427 5.588 7.147 13.740 3.439 8.226 10.888 5.914 6.754 6.956 10.482 4.724 9.422 3.217 9.759 6.743 9.569 10.178 4.286 1.686 8.441 5.590 9.007 10.323 5.344 5.593 6.780 2.628 11.363 4.370 12.754 11.357 10.368 5.048 9.578 5.010 10.593 4.971 8.974 9.095 2.887 6.938 7.792 7.129 8.584 12.182 
7.789 3.645 13.034 12.689 4.102 13.162 7.934 7.919 11.292 9.597 12.067 12.343 5.065 4.561 0.399 8.931 10.548 6.560 5.356 7.242 5.800 9.240 8.111 8.567 7.456 8.832 2.840 9.762 8.053 1.253 10.419 7.882 9.967 10.896 6.026 4.669 7.566 5.469 4.876 8.818 1.571 4.548 4.534 5.135 2.817 3.843 5.490 2.111 6.151 2.687 4.113 8.866 8.085 7.907 2.133 4.566 1.482 12.693 8.338 3.583 5.181 11.168 6.755 9.226 7.301 2.524 8.846 9.374 12.725 1.860 9.493 4.082 8.063 7.442 5.249 3.840 11.799 7.443 6.602 1.085 8.039 8.971 7.154 10.637 11.990 5.841 12.471 4.241 12.067 2.589 9.535 5.490 10.527 11.739 7.341 11.202 1.544 1.002 13.947 12.651 
3.296 10.773 6.346 8.161 11.149 5.685 8.561 9.797 1.261 2.958 5.666 4.185 6.092 8.026 10.322 4.004 3.169 10.972 10.309 12.488 4.596 3.933 9.302 4.627 12.119 4.807 9.804 2.512 7.359 10.798 4.238 8.805 8.435 8.195 12.620 6.533 3.370 5.602 5.331 7.658 11.505 7.046 12.974 11.315 9.078 7.494 11.939 8.298 9.075 7.364 6.028 2.623 4.287 10.212 7.918 12.171 9.550 7.645 4.439 8.776 11.443 4.630 3.807 0.817 7.911 10.254 4.425 6.568 2.689 8.806 3.888 11.696 11.758 6.111 7.256 6.330 1.767 7.484 12.653 8.967 2.229 7.267 9.625 7.280 6.611 11.437 2.872 5.811 2.158 10.606 5.491 12.016 1.819 1.742 10.359 2.824 10.516 11.038 6.189 5.157 
7.229 11.224 2.055 12.391 11.448 1.487 12.568 8.316 4.025 7.251 1.536 8.007 9.367 11.312 12.228 8.247 7.402 14.546 13.686 11.664 7.758 8.205 7.696 8.822 11.136 9.036 10.571 2.388 5.808 12.230 8.513 12.791 12.678 12.487 15.841 9.720 4.390 8.955 7.103 5.645 13.435 10.264 15.674 14.521 9.944 8.331 11.765 9.795 8.415 9.301 8.577 6.829 8.392 8.771 9.999 12.436 11.886 11.843 3.648 11.781 14.642 1.058 7.311 4.649 11.843 11.135 8.657 4.259 4.525 11.205 8.176 14.557 10.452 5.207 10.722 8.867 4.358 11.457 12.137 10.803 5.930 5.174 13.435 4.199 10.826 14.796 5.982 8.184 5.045 11.473 9.769 11.855 5.991 4.600 9.189 1.480 12.802 12.822 2.181 9.067 
9.348 0.237 11.851 15.141 0.734 12.236 10.937 5.073 11.802 11.132 10.948 13.828 7.366 7.553 3.703 10.792 12.062 9.943 8.726 3.829 7.416 11.070 5.441 10.613 4.062 10.920 0.937 9.548 6.100 2.472 12.240 10.930 12.792 13.582 9.396 7.107 7.492 7.614 5.437 6.759 4.250 7.201 7.647 8.548 1.637 3.153 2.114 2.978 3.517 4.182 5.815 10.297 10.028 4.934 4.231 1.594 4.816 15.030 7.551 6.762 8.592 10.284 8.284 9.913 10.214 0.902 10.829 7.722 13.239 4.912 11.298 7.436 4.749 6.065 8.031 5.673 12.368 10.258 3.228 3.428 9.114 7.058 10.373 8.822 14.195 9.254 13.414 5.650 12.801 0.861 11.758 2.130 11.647 12.381 4.279 10.943 4.922 3.589 13.023 14.360 
4.389 13.410 8.573 6.163 13.823 7.705 8.464 12.799 2.587 2.745 8.103 1.450 7.432 9.111 12.341 3.868 1.981 11.463 11.098 15.395 6.323 3.598 12.311 4.546 15.055 4.522 12.370 5.401 10.371 13.046 2.974 8.735 7.564 6.929 13.461 7.902 6.316 6.934 7.826 10.659 13.451 8.315 14.302 12.239 11.642 10.149 14.722 10.649 12.008 9.569 8.005 3.293 4.623 13.209 9.994 14.828 11.341 5.544 7.448 10.083 12.367 7.217 5.371 3.506 8.042 12.762 4.219 9.530 2.462 10.607 3.380 12.943 14.735 9.116 8.210 8.276 2.238 7.574 15.501 11.106 4.168 10.259 9.837 10.141 4.627 12.178 0.837 7.932 1.590 13.105 4.710 14.795 1.618 1.987 13.334 5.179 12.284 13.090 7.972 2.519 
2.824 6.732 8.733 9.068 7.180 8.556 6.453 7.616 5.838 4.576 7.784 7.272 2.489 4.300 5.743 4.366 5.503 7.629 6.660 9.271 1.208 4.614 7.364 4.355 9.084 4.680 5.642 4.759 5.985 6.284 5.748 6.598 7.533 7.960 8.744 2.731 2.811 2.245 1.270 6.659 6.928 3.260 8.650 7.427 4.923 3.613 8.244 3.853 6.224 2.811 1.517 3.737 3.719 7.904 3.339 8.151 5.024 8.832 4.307 4.676 7.546 6.705 1.803 3.765 5.628 5.992 4.494 6.353 7.265 4.291 4.821 7.474 9.070 4.686 3.891 1.821 6.338 5.395 9.164 4.401 2.634 6.508 6.842 7.587 7.898 7.745 7.066 1.234 6.612 6.329 5.600 8.304 5.180 6.277 7.750 6.116 5.986 6.462 9.286 7.811 
12.318 4.034 11.562 18.572 3.605 12.257 14.902 3.389 13.568 13.938 10.858 16.425 11.032 11.593 7.964 13.896 14.787 14.180 12.957 0.460 10.635 14.133 4.022 13.879 0.517 14.203 4.947 10.795 5.839 6.684 15.228 14.928 16.588 17.250 13.645 10.871 9.260 11.163 8.270 6.077 8.403 11.076 11.795 12.812 5.341 5.996 2.295 6.832 3.553 7.900 9.311 13.076 13.250 2.947 8.173 3.564 9.056 18.363 8.507 10.914 12.856 10.602 11.338 12.052 14.132 5.155 14.031 7.441 14.888 9.076 14.326 11.684 1.386 6.701 11.938 9.263 14.147 14.108 1.375 7.579 11.703 6.536 14.495 8.034 17.435 13.515 15.499 9.003 14.717 5.107 15.108 2.330 14.035 14.235 2.457 11.949 9.183 7.790 12.969 17.142 
5.786 5.363 6.895 12.229 5.647 7.109 9.786 4.372 6.788 7.215 5.937 9.582 5.705 7.201 6.546 7.393 8.005 10.506 9.394 6.716 4.587 7.581 4.041 7.543 6.370 7.866 4.636 4.278 2.626 6.349 8.580 9.912 10.910 11.292 11.138 5.809 2.411 5.569 2.345 3.344 7.713 6.262 10.397 9.894 4.005 2.415 6.240 4.047 3.324 3.939 4.114 6.365 6.905 4.718 4.650 6.667 6.539 11.918 2.293 7.181 9.996 5.115 4.976 5.180 8.957 5.196 7.616 3.378 8.173 5.988 7.737 9.503 6.107 1.453 7.036 4.287 7.368 8.754 6.890 5.172 4.942 3.273 10.008 4.677 10.926 10.372 8.646 3.644 7.898 5.535 8.800 6.322 7.172 7.431 4.715 5.652 7.340 7.052 7.901 10.350 
4.384 6.743 11.892 8.837 7.245 11.719 4.472 9.453 8.521 6.076 10.938 8.753 1.336 1.313 3.944 5.232 6.998 4.610 3.546 10.062 2.691 5.546 9.385 4.785 10.076 5.027 5.628 7.899 8.470 5.064 6.696 4.501 6.281 7.118 5.580 0.874 5.966 1.827 3.614 9.221 4.872 0.699 5.693 4.263 5.107 4.738 8.578 3.611 7.763 2.558 1.824 5.473 4.372 9.622 2.290 7.997 2.696 8.830 7.367 1.528 4.382 9.867 3.522 6.486 3.714 5.674 5.086 9.204 9.856 2.041 5.804 4.420 10.374 7.347 1.520 1.616 8.937 3.744 9.660 3.195 5.067 9.175 4.240 10.487 8.133 4.601 9.255 2.293 9.043 5.912 5.685 8.609 7.272 8.815 9.264 9.213 3.578 4.686 12.444 8.938 
3.676 11.981 7.113 7.349 12.371 6.325 8.573 11.108 1.097 2.633 6.552 3.007 6.703 8.554 11.278 3.838 2.434 11.270 10.732 13.787 5.354 3.669 10.610 4.528 13.425 4.626 10.982 3.688 8.660 11.851 3.597 8.832 8.108 7.694 13.083 7.166 4.672 6.198 6.459 8.939 12.436 7.642 13.648 11.805 10.254 8.701 13.200 9.384 10.379 8.382 6.931 2.706 4.362 11.524 8.884 13.388 10.404 6.783 5.733 9.411 11.933 5.602 4.458 1.937 8.012 11.411 4.257 7.810 1.940 9.659 3.541 12.329 13.070 7.422 7.713 7.223 1.124 7.559 13.936 9.967 2.988 8.537 9.787 8.445 5.780 11.848 1.582 6.777 1.068 11.760 5.125 13.276 1.062 0.912 11.671 3.614 11.366 12.011 6.704 4.037 
4.063 10.543 5.347 9.174 10.888 4.722 9.398 9.135 1.471 3.953 4.653 5.103 6.622 8.584 10.470 4.952 4.181 11.651 10.916 11.991 5.049 4.903 8.610 5.546 11.585 5.746 9.638 1.574 6.635 10.820 5.251 9.634 9.387 9.185 13.186 7.037 2.964 6.153 5.322 6.865 11.673 7.568 13.378 11.870 8.924 7.296 11.578 8.298 8.564 7.472 6.298 3.542 5.154 9.564 8.080 11.914 9.815 8.656 3.705 9.245 11.996 3.617 4.381 1.413 8.714 10.124 5.366 5.704 2.831 9.081 4.874 12.142 11.155 5.462 7.872 6.603 2.048 8.303 12.224 9.076 2.842 6.452 10.386 6.338 7.623 12.043 3.517 6.015 2.649 10.477 6.467 11.659 2.812 2.152 9.765 1.851 10.777 11.160 5.266 6.106 
7.346 10.133 2.036 12.973 10.326 2.135 12.594 7.010 4.864 7.686 1.080 8.821 9.102 10.995 11.444 8.556 7.986 14.300 13.363 10.389 7.525 8.563 6.388 9.066 9.849 9.313 9.554 2.429 4.529 11.327 9.034 12.799 12.932 12.859 15.424 9.410 3.894 8.737 6.476 4.330 12.636 9.948 15.071 14.115 8.962 7.395 10.565 8.966 7.194 8.606 8.095 7.139 8.570 7.466 9.320 11.295 11.231 12.462 2.729 11.347 14.231 0.275 7.233 4.963 11.830 10.130 8.945 2.943 5.612 10.585 8.573 14.022 9.146 4.058 10.495 8.368 5.290 11.476 10.890 10.033 6.032 3.859 13.326 2.922 11.428 14.450 6.935 7.667 5.988 10.458 10.117 10.656 6.617 5.508 7.901 2.305 12.113 11.996 2.927 9.857 
2.088 9.550 11.201 5.803 10.041 10.757 3.299 11.143 6.432 3.193 10.341 5.658 2.034 3.236 7.192 2.114 4.007 5.667 5.179 12.528 2.333 2.420 10.903 1.557 12.416 1.774 8.408 6.950 9.484 8.241 3.498 3.515 4.001 4.448 7.543 2.417 5.739 1.726 4.741 10.125 8.123 2.638 8.428 6.308 7.769 6.845 11.273 6.366 9.684 5.158 3.559 2.898 1.310 11.417 5.229 10.904 5.948 5.700 7.415 4.295 6.436 9.218 2.121 4.738 2.571 8.586 1.879 9.652 7.540 5.295 2.674 7.055 12.502 8.150 2.313 3.670 6.698 2.183 12.288 6.293 3.350 9.930 4.252 10.804 4.923 6.278 6.569 3.835 6.600 8.870 2.461 11.320 4.674 6.512 11.223 7.941 6.798 7.939 11.371 5.726 
8.144 8.979 16.240 10.099 9.429 16.059 4.637 12.942 12.525 9.484 15.285 11.808 5.295 3.331 5.061 8.361 10.268 1.600 1.134 12.576 6.891 8.649 13.016 7.711 12.783 7.807 8.126 12.221 12.461 6.408 9.574 4.423 6.796 7.961 1.275 4.898 10.314 5.763 7.866 13.235 4.961 4.357 2.778 0.211 7.934 8.323 10.810 6.664 11.162 6.173 6.131 9.127 7.599 13.005 5.529 9.798 4.012 10.370 11.682 2.878 0.247 14.216 7.550 10.590 4.547 7.857 8.047 13.395 13.749 4.237 8.888 1.689 13.348 11.476 4.104 5.877 12.867 4.968 11.917 5.605 9.126 13.256 3.159 14.692 10.060 0.534 12.858 6.581 12.844 7.916 8.024 10.805 10.941 12.705 12.506 13.498 3.856 5.385 16.776 11.651 
10.545 5.112 8.368 16.983 4.949 9.095 14.124 0.390 10.949 11.950 7.695 14.197 10.032 11.103 8.563 12.153 12.703 14.139 12.929 3.367 9.203 12.342 0.900 12.283 2.748 12.607 5.420 8.049 2.887 7.597 13.331 14.208 15.490 15.964 14.134 10.006 6.902 10.019 6.791 2.944 9.377 10.349 12.696 13.081 5.387 5.085 4.328 6.599 2.098 7.313 8.287 11.109 11.643 0.339 7.829 5.532 9.276 16.679 5.786 10.710 13.154 7.530 9.702 9.707 13.305 5.902 12.368 4.331 12.174 9.036 12.497 12.237 1.893 4.051 11.201 8.346 11.515 13.177 4.121 7.667 9.676 3.415 14.052 4.828 15.688 13.706 12.986 7.874 12.137 6.049 13.540 4.413 11.752 11.638 1.037 9.055 9.719 8.675 9.790 15.026 
3.042 7.409 10.926 7.950 7.903 10.674 4.338 9.429 7.219 4.754 9.992 7.456 0.229 2.116 5.112 3.974 5.686 5.386 4.488 10.496 1.457 4.286 9.272 3.599 10.429 3.871 6.268 6.814 8.103 6.095 5.457 4.447 5.771 6.437 6.700 0.542 5.046 0.506 3.138 8.815 6.124 1.077 7.009 5.380 5.650 4.886 9.164 4.216 7.849 3.018 1.538 4.133 3.121 9.656 3.061 8.748 3.963 7.867 6.582 2.784 5.505 8.894 2.201 5.210 3.511 6.425 3.876 8.605 8.534 3.256 4.542 5.708 10.601 6.865 1.615 1.566 7.620 3.371 10.202 4.133 3.767 8.703 4.576 9.853 7.088 5.603 7.913 1.933 7.709 6.705 4.626 9.207 5.929 7.491 9.385 8.066 4.881 5.867 11.374 7.696 
6.652 10.961 2.617 11.847 11.205 2.055 11.993 8.290 3.527 6.683 2.002 7.513 8.824 10.774 11.811 7.671 6.853 13.995 13.148 11.573 7.214 7.632 7.682 8.244 11.064 8.459 10.265 1.847 5.745 11.862 7.956 12.216 12.101 11.916 15.317 9.184 3.926 8.406 6.651 5.661 13.021 9.728 15.194 13.996 9.620 7.991 11.585 9.402 8.267 8.861 8.079 6.252 7.814 8.745 9.551 12.204 11.427 11.305 3.360 11.265 14.118 1.211 6.748 4.071 11.270 10.820 8.080 4.288 4.150 10.737 7.605 14.060 10.422 5.020 10.172 8.373 3.897 10.882 12.006 10.384 5.355 5.192 12.869 4.400 10.284 14.261 5.537 7.697 4.592 11.162 9.196 11.674 5.447 4.131 9.126 0.940 12.351 12.420 2.716 8.568 
9.532 1.676 13.080 14.917 1.975 13.394 10.339 6.588 12.460 11.350 12.153 14.093 7.156 6.946 2.606 10.853 12.300 8.945 7.758 5.088 7.534 11.149 6.943 10.581 5.417 10.870 1.713 10.446 7.473 1.226 12.334 10.297 12.327 13.211 8.149 6.820 8.301 7.488 5.924 8.165 2.860 6.799 6.254 7.421 2.317 3.956 3.260 3.026 4.996 4.172 5.837 10.552 10.041 6.451 3.959 2.171 3.918 14.873 8.610 6.011 7.449 11.413 8.462 10.477 9.679 1.130 10.831 9.041 13.908 4.223 11.392 6.192 6.189 7.279 7.565 5.629 13.008 9.789 4.335 2.911 9.506 8.434 9.591 10.192 14.106 8.151 13.912 5.792 13.380 0.821 11.645 3.239 12.055 12.993 5.794 11.875 3.775 2.273 14.186 14.523 
3.579 10.887 12.767 4.639 11.387 12.262 1.915 12.810 7.618 4.044 11.937 5.920 3.331 3.646 8.092 2.827 4.599 4.975 4.867 14.025 4.034 3.032 12.591 2.134 13.953 2.071 9.752 8.525 11.205 9.282 3.698 2.180 2.296 2.917 7.148 3.560 7.445 3.210 6.407 11.851 8.860 3.532 8.492 6.068 9.160 8.394 12.674 7.698 11.305 6.522 5.048 4.085 2.419 13.070 6.451 12.190 6.747 4.706 9.125 4.774 6.188 10.816 3.830 6.169 1.502 9.859 2.417 11.374 8.543 6.202 3.217 7.122 14.095 9.875 2.824 5.095 7.785 1.043 13.722 7.423 4.893 11.657 3.275 12.515 4.176 5.835 7.323 5.391 7.555 10.115 2.042 12.713 5.634 7.567 12.846 9.408 7.467 8.804 12.837 5.668 
1.482 10.736 8.629 6.120 11.174 8.007 6.315 10.824 3.201 0.772 7.894 3.260 4.548 6.313 9.436 1.673 1.533 8.958 8.439 13.040 3.420 1.614 10.420 2.311 12.771 2.477 9.655 4.546 8.625 10.181 2.197 6.569 6.104 5.908 10.796 5.017 4.385 4.045 5.161 9.083 10.540 5.455 11.468 9.531 8.934 7.541 12.177 7.839 9.763 6.719 5.117 0.405 2.060 11.192 7.108 12.157 8.428 5.682 5.911 7.231 9.659 6.812 2.465 2.004 5.721 10.005 2.094 8.212 4.249 7.694 1.607 10.126 12.588 7.271 5.446 5.381 3.417 5.274 13.038 8.225 1.554 8.759 7.485 9.125 4.645 9.550 3.396 5.081 3.316 10.341 3.179 12.243 1.423 3.222 11.201 5.138 9.372 10.188 8.521 3.888 
1.207 8.590 9.763 6.964 9.063 9.380 4.787 9.716 5.473 2.970 8.879 5.712 1.875 3.748 6.819 2.398 3.919 6.733 6.022 11.334 0.992 2.685 9.444 2.266 11.171 2.588 7.462 5.527 7.961 7.670 3.868 4.982 5.530 5.872 8.333 2.341 4.189 1.369 3.374 8.588 7.889 2.810 8.820 7.031 6.775 5.640 10.212 5.495 8.336 4.303 2.633 2.301 1.647 10.012 4.572 9.988 5.755 6.751 5.861 4.581 7.159 7.757 0.591 3.551 4.008 7.725 2.444 8.096 6.743 5.028 2.924 7.497 11.180 6.617 2.968 2.849 5.839 3.671 11.176 5.692 2.084 8.383 5.542 9.248 5.846 7.150 6.076 2.748 5.891 8.039 3.496 10.266 4.093 5.696 9.864 6.627 6.692 7.575 10.029 6.059 
5.478 12.724 14.596 3.614 13.226 14.023 1.900 14.861 9.122 5.479 13.802 6.616 5.290 5.100 9.630 4.358 5.755 5.109 5.486 15.966 6.101 4.452 14.651 3.763 15.922 3.556 11.603 10.391 13.270 10.907 4.642 2.085 0.313 1.460 7.442 5.443 9.460 5.233 8.463 13.912 10.240 5.297 9.232 6.635 11.049 10.389 14.547 9.564 13.334 8.425 7.040 5.760 4.239 15.114 8.268 13.977 8.250 3.957 11.142 6.149 6.734 12.690 5.863 7.937 2.364 11.657 3.939 13.410 9.841 7.810 4.548 7.940 16.102 11.937 4.474 7.056 9.191 2.241 15.617 9.153 6.783 13.712 3.353 14.531 3.905 6.186 8.421 7.407 8.840 11.889 2.963 14.582 7.022 8.949 14.873 11.153 8.834 10.294 14.550 6.039 
5.577 14.995 12.663 2.094 15.468 11.841 6.464 15.619 6.617 4.063 12.106 2.756 7.675 8.627 12.839 4.025 3.425 9.802 9.893 17.645 7.393 3.770 15.231 4.208 17.428 3.919 13.864 9.042 13.445 13.882 2.681 6.719 4.688 3.640 12.087 8.067 9.204 7.306 9.640 13.891 13.739 8.249 13.561 11.094 13.180 11.994 16.604 11.873 14.473 10.667 9.001 4.897 4.773 15.977 10.832 16.389 11.572 1.439 10.692 9.753 11.209 11.129 6.585 6.615 6.457 14.108 3.973 12.964 6.639 10.938 3.570 12.194 17.320 12.091 7.731 9.177 6.381 6.054 17.546 11.920 6.332 13.555 8.014 13.785 0.975 10.784 4.976 9.152 5.772 14.413 3.221 16.661 4.721 6.120 15.948 9.170 12.382 13.584 12.148 1.727 
9.888 9.046 17.565 11.968 9.440 17.465 6.519 13.459 14.223 11.310 16.598 13.690 6.922 5.012 5.195 10.214 12.119 3.287 3.036 12.587 8.467 10.507 13.619 9.578 12.883 9.687 8.380 13.684 13.325 6.365 11.460 6.294 8.645 9.819 1.043 6.487 11.670 7.414 9.073 14.103 4.647 5.969 1.421 1.839 8.354 9.077 10.763 7.312 11.681 7.117 7.455 10.906 9.430 13.458 6.411 9.612 4.584 12.257 12.910 4.277 1.716 15.563 9.208 12.237 6.457 7.996 9.914 14.427 15.491 5.068 10.751 1.557 13.566 12.477 5.865 7.171 14.593 6.877 11.831 6.153 10.786 14.182 5.006 15.725 11.966 2.173 14.670 7.867 14.610 7.970 9.929 10.742 12.730 14.444 12.894 15.015 4.021 5.252 18.205 13.554 
6.471 4.273 7.804 12.859 4.549 8.092 9.981 3.814 7.853 8.022 6.864 10.493 5.873 7.130 5.803 8.073 8.857 10.344 9.182 5.741 5.009 8.287 3.626 8.144 5.445 8.469 3.599 5.378 2.762 5.443 9.343 10.080 11.292 11.771 10.749 5.890 3.465 5.831 2.592 3.540 6.922 6.281 9.799 9.557 3.012 1.563 5.159 3.333 2.450 3.533 4.156 7.162 7.504 4.087 4.194 5.567 5.993 12.591 3.339 6.938 9.649 6.113 5.560 6.170 9.156 4.172 8.254 3.969 9.250 5.531 8.464 9.014 5.301 2.051 7.108 4.258 8.432 9.005 5.850 4.504 5.774 3.616 10.033 5.236 11.625 10.092 9.666 3.719 8.944 4.503 9.398 5.239 8.117 8.485 3.948 6.746 6.710 6.237 8.884 11.212 
9.049 13.320 2.074 13.558 13.517 1.171 14.385 10.038 5.172 8.749 2.569 8.900 11.416 13.377 14.422 9.856 8.699 16.555 15.744 13.485 9.807 9.762 9.406 10.486 12.923 10.661 12.712 4.478 7.652 14.412 9.858 14.621 14.270 13.942 17.940 11.791 6.569 10.983 9.289 7.344 15.629 12.334 17.842 16.618 12.099 10.500 13.743 11.987 10.366 11.492 10.726 8.482 10.131 10.489 12.187 14.487 14.070 12.963 5.805 13.899 16.741 3.008 9.275 6.400 13.700 13.282 10.278 5.988 5.050 13.383 9.688 16.706 12.155 7.250 12.740 11.020 5.284 13.290 14.030 12.997 7.799 6.885 15.355 5.525 11.994 16.863 6.703 10.345 5.869 13.615 11.300 13.835 7.299 5.547 10.978 3.214 14.989 15.015 0.674 9.965 
2.300 7.233 8.896 8.520 7.688 8.658 6.040 8.147 5.601 4.078 7.962 6.796 2.219 4.129 6.033 3.824 5.015 7.416 6.504 9.817 0.730 4.076 7.884 3.806 9.632 4.132 6.131 4.811 6.457 6.662 5.218 6.198 7.034 7.433 8.661 2.537 3.027 1.891 1.818 7.114 7.195 3.080 8.718 7.340 5.419 4.149 8.771 4.285 6.770 3.184 1.693 3.253 3.171 8.441 3.642 8.649 5.210 8.284 4.612 4.631 7.462 6.864 1.260 3.524 5.221 6.460 3.946 6.737 7.005 4.467 4.287 7.496 9.617 5.137 3.619 1.992 6.075 4.961 9.701 4.737 2.264 6.941 6.522 7.947 7.351 7.609 6.701 1.549 6.302 6.792 5.052 8.831 4.777 5.994 8.295 6.110 6.177 6.767 9.368 7.304 
10.215 6.652 16.617 13.666 6.979 16.681 8.274 11.397 14.241 11.884 15.646 14.507 7.156 5.660 3.271 10.955 12.788 5.554 4.743 10.051 8.427 11.268 11.654 10.420 10.414 10.607 6.218 13.117 11.716 4.036 12.362 8.109 10.482 11.600 3.801 6.687 10.956 7.655 8.231 12.478 2.259 6.293 1.452 3.763 6.391 7.510 8.215 5.754 9.674 6.031 6.986 11.304 10.105 11.324 5.332 6.986 3.477 13.843 11.902 4.571 3.710 14.703 9.322 12.170 7.950 5.732 10.744 13.040 15.620 4.203 11.525 2.293 11.191 11.102 6.583 6.680 14.692 8.278 9.233 4.615 10.817 12.639 6.956 14.306 13.367 4.447 15.085 7.281 14.844 5.618 11.073 8.182 13.101 14.589 10.703 14.533 2.532 2.968 17.457 14.577 
7.505 2.058 10.927 13.299 2.545 11.179 9.251 5.418 10.175 9.299 9.981 12.011 5.544 5.917 2.913 8.936 10.235 8.610 7.385 5.292 5.561 9.216 5.590 8.756 5.356 9.063 0.922 8.139 5.610 2.319 10.388 9.266 11.027 11.780 8.432 5.311 5.990 5.771 3.680 6.361 3.904 5.452 7.057 7.414 0.343 1.667 3.813 1.175 3.640 2.346 3.959 8.471 8.170 5.435 2.504 3.448 3.589 13.179 6.359 5.263 7.480 9.187 6.438 8.219 8.498 1.275 8.971 7.039 11.621 3.456 9.445 6.531 5.793 5.170 6.303 3.826 10.729 8.509 4.880 1.995 7.331 6.551 8.822 8.264 12.338 8.067 11.689 3.793 11.122 1.625 9.905 3.851 9.877 10.723 4.911 9.570 4.023 3.196 11.972 12.519 
6.458 15.714 13.819 1.249 16.196 12.999 6.442 16.583 7.773 5.082 13.256 3.901 8.250 8.977 13.336 4.861 4.525 9.757 9.990 18.486 8.159 4.642 16.214 4.910 18.296 4.596 14.575 10.163 14.464 14.444 3.663 6.674 4.429 3.271 12.079 8.607 10.230 7.928 10.483 14.934 14.170 8.725 13.716 11.178 13.910 12.803 17.374 12.554 15.377 11.343 9.697 5.886 5.521 16.928 11.447 17.090 12.027 0.719 11.755 10.107 11.287 12.272 7.415 7.707 6.582 14.785 4.729 14.041 7.783 11.431 4.475 12.371 18.230 13.102 8.120 9.847 7.538 6.228 18.344 12.508 7.323 14.609 7.976 14.890 1.322 10.798 6.118 9.891 6.926 15.077 3.763 17.427 5.856 7.277 16.871 10.322 12.787 14.067 13.304 2.851 
9.944 4.602 8.311 16.372 4.485 8.979 13.455 0.355 10.525 11.383 7.582 13.679 9.366 10.428 7.941 11.552 12.155 13.468 12.259 3.351 8.561 11.748 0.820 11.665 2.783 11.990 4.825 7.661 2.572 7.014 12.753 13.537 14.836 15.323 13.485 9.336 6.387 9.360 6.143 2.803 8.785 9.676 12.082 12.423 4.752 4.410 4.024 5.935 1.436 6.639 7.619 10.537 11.025 0.545 7.158 5.154 8.623 16.078 5.376 10.038 12.497 7.321 9.081 9.203 12.637 5.327 11.758 4.156 11.785 8.372 11.908 11.596 2.121 3.595 10.528 7.674 11.096 12.512 3.989 7.014 9.109 3.256 13.377 4.825 15.094 13.043 12.535 7.209 11.703 5.494 12.922 4.114 11.240 11.208 0.839 8.735 9.085 8.079 9.700 14.488 
8.982 9.238 2.968 15.013 9.319 3.771 13.954 5.227 7.208 9.661 2.408 11.098 10.118 11.855 11.350 10.376 10.093 15.199 14.148 8.724 8.670 10.435 4.597 10.796 8.129 11.075 8.915 4.459 3.180 10.941 11.063 14.129 14.595 14.668 16.000 10.337 5.007 9.844 7.002 2.626 12.471 10.846 15.285 14.735 8.454 7.112 9.257 8.865 5.928 8.834 8.781 9.003 10.235 5.662 9.546 10.195 11.433 14.542 3.349 11.985 14.841 2.702 8.622 6.935 13.149 9.503 10.730 1.587 8.037 10.883 10.486 14.397 7.294 3.516 11.520 9.007 7.669 12.850 9.366 10.022 7.720 2.241 14.468 0.589 13.501 15.172 9.310 8.314 8.366 9.792 11.943 9.349 8.788 7.874 6.220 4.714 12.214 11.782 4.414 12.108 
5.844 5.243 6.999 12.283 5.528 7.220 9.789 4.311 6.900 7.290 6.042 9.672 5.701 7.173 6.452 7.452 8.086 10.471 9.353 6.613 4.610 7.643 3.994 7.592 6.273 7.915 4.518 4.398 2.632 6.241 8.650 9.912 10.935 11.328 11.079 5.796 2.519 5.575 2.335 3.361 7.615 6.242 10.318 9.840 3.889 2.306 6.124 3.952 3.229 3.871 4.092 6.438 6.953 4.651 4.579 6.547 6.463 11.978 2.408 7.134 9.941 5.227 5.020 5.280 8.960 5.079 7.669 3.441 8.287 5.920 7.802 9.434 6.023 1.502 7.023 4.258 7.480 8.762 6.780 5.083 5.018 3.307 9.992 4.739 10.989 10.324 8.751 3.624 8.007 5.418 8.849 6.207 7.266 7.541 4.633 5.772 7.256 6.952 8.013 10.434 
8.800 1.222 12.119 14.398 1.690 12.428 10.045 5.844 11.566 10.608 11.190 13.336 6.610 6.649 2.716 10.180 11.552 8.961 7.747 4.818 6.823 10.469 6.148 9.953 5.045 10.252 0.762 9.498 6.555 1.542 11.649 10.028 11.948 12.776 8.413 6.316 7.365 6.897 5.060 7.262 3.332 6.364 6.709 7.558 1.357 3.004 3.082 2.289 4.175 3.491 5.160 9.793 9.389 5.752 3.418 2.328 3.837 14.318 7.645 5.817 7.602 10.447 7.729 9.607 9.341 0.175 10.186 8.100 13.013 3.972 10.705 6.455 5.701 6.320 7.176 4.983 12.120 9.408 4.198 2.513 8.691 7.515 9.430 9.268 13.514 8.264 13.068 5.059 12.510 0.255 11.061 3.090 11.240 12.113 5.128 10.923 3.935 2.649 13.220 13.810 
5.216 4.379 10.137 11.004 4.860 10.184 7.263 6.600 8.276 7.025 9.165 9.759 3.321 4.147 3.418 6.617 7.971 7.277 6.104 7.375 3.246 6.900 6.556 6.434 7.323 6.742 3.245 6.690 5.830 3.766 8.076 7.319 8.876 9.558 7.705 3.169 4.499 3.490 1.794 6.603 4.632 3.433 6.980 6.487 2.574 1.877 6.069 1.317 4.903 0.488 1.648 6.216 5.847 6.762 1.206 5.770 3.119 10.869 5.422 3.858 6.584 8.207 4.144 6.235 6.467 3.515 6.648 6.828 9.720 2.536 7.132 6.050 7.551 4.882 4.298 1.556 8.801 6.411 7.089 1.997 5.175 6.631 7.095 8.126 10.018 7.010 9.602 1.477 9.119 3.839 7.592 6.116 7.720 8.760 6.408 8.127 3.983 4.076 10.960 10.227 
3.664 13.193 10.489 3.966 13.648 9.709 6.379 13.456 4.473 1.928 9.891 1.344 6.290 7.649 11.457 2.376 1.162 9.554 9.361 15.640 5.633 2.063 13.045 2.873 15.386 2.711 12.084 6.777 11.224 12.364 0.933 6.652 5.256 4.578 11.690 6.734 6.985 5.843 7.688 11.649 12.466 7.038 12.812 10.546 11.377 10.071 14.711 10.170 12.389 8.993 7.328 2.790 3.235 13.826 9.268 14.607 10.295 3.402 8.439 8.721 10.670 8.892 4.731 4.348 6.082 12.387 2.547 10.700 4.761 9.602 1.807 11.433 15.219 9.880 6.722 7.548 4.325 5.620 15.604 10.385 4.184 11.305 7.842 11.516 2.397 10.382 3.188 7.396 3.801 12.709 2.566 14.773 2.473 4.062 13.834 6.968 11.181 12.213 10.071 1.360 
9.587 6.241 15.981 13.191 6.598 16.037 7.846 10.902 13.592 11.270 15.009 13.908 6.535 5.098 2.687 10.359 12.180 5.297 4.386 9.711 7.784 10.673 11.138 9.836 10.046 10.031 5.728 12.464 11.138 3.579 11.777 7.694 10.050 11.151 3.778 6.066 10.306 7.032 7.581 11.904 1.791 5.687 1.628 3.514 5.853 6.913 7.877 5.145 9.162 5.385 6.333 10.678 9.506 10.848 4.683 6.688 2.822 13.348 11.265 3.991 3.481 14.061 8.684 11.520 7.476 5.270 10.158 12.436 14.974 3.549 10.931 2.030 10.788 10.493 6.015 6.027 14.046 7.785 8.924 3.994 10.172 12.054 6.588 13.708 12.844 4.235 14.454 6.627 14.203 5.186 10.523 7.850 12.470 13.944 10.240 13.879 1.881 2.476 16.812 14.000 
