20 40 100
269.853 72.544 376.158 226.413 364.221 331.919 376.000 149.900 254.494 389.469 187.328 376.447 153.777 269.693 270.391 337.978 264.427 341.842 230.341 375.058 
85.153 20.385 61.298 121.033 16.403 73.758 9.892 102.102 92.325 37.715 109.863 9.677 140.387 119.552 42.027 77.044 85.104 97.649 105.223 36.082 53.600 26.786 69.146 121.029 12.716 45.146 46.062 25.729 137.754 57.489 38.315 14.729 119.015 109.219 14.241 19.508 122.455 108.630 107.605 117.280 
14.693 18.348 5.011 5.506 11.237 11.956 5.966 13.071 33.686 24.098 22.466 22.448 14.775 27.548 32.357 7.143 7.351 23.222 14.034 21.839 18.780 18.444 29.395 7.212 8.911 23.258 9.426 29.444 17.069 29.258 32.450 10.447 26.945 9.098 34.539 6.336 27.801 5.280 11.373 20.720 15.587 18.712 14.298 15.718 26.579 21.648 17.870 23.610 12.143 20.252 23.457 10.931 22.823 33.218 13.569 15.418 22.508 27.444 18.549 33.962 28.115 28.491 6.868 6.457 12.111 32.449 10.189 5.495 19.018 6.063 31.938 28.726 21.880 31.290 14.148 14.640 13.087 10.010 5.385 5.895 34.274 26.741 5.592 33.409 10.348 30.707 33.622 5.715 9.049 28.996 32.078 22.431 5.943 6.571 21.696 25.633 33.607 15.652 9.340 27.857 
1076.522 525.050 899.985 1188.286 525.243 980.325 433.338 1114.938 1142.977 748.623 1171.601 410.757 1353.664 1267.141 705.124 1002.306 1069.986 1142.993 1138.378 749.321 792.966 598.987 947.559 1269.128 475.345 716.771 752.787 577.975 1408.256 840.023 723.832 501.892 1195.222 1180.658 453.537 540.738 1294.030 1205.566 1231.303 1289.327 
2.829 5.652 6.713 8.362 2.117 12.981 3.202 11.767 9.024 4.572 10.506 8.111 2.376 11.900 2.739 2.898 3.648 1.423 8.519 7.624 4.441 0.935 3.918 9.853 9.139 3.450 2.328 4.539 2.814 11.284 10.750 5.286 2.425 1.837 10.509 9.351 6.481 10.088 7.865 10.045 
5.740 9.646 13.022 6.953 4.405 7.080 4.073 6.726 9.461 8.114 5.088 3.298 4.723 10.645 8.621 9.145 6.872 5.063 9.211 4.572 9.711 6.543 6.517 3.850 2.735 6.567 7.964 10.716 9.228 11.025 8.657 3.492 6.188 7.164 5.411 3.339 2.582 6.221 3.428 3.624 
2.598 6.604 9.200 7.440 0.988 10.411 1.990 9.359 8.348 5.152 7.998 5.639 1.304 10.675 4.859 5.455 4.398 1.396 7.924 5.989 6.161 2.731 4.327 7.251 6.562 3.564 4.234 6.915 5.437 10.429 9.169 3.661 2.788 3.742 8.063 6.744 4.395 7.922 5.447 7.436 
6.779 9.800 14.563 10.507 7.053 4.442 7.239 3.248 7.652 8.398 1.864 0.541 6.369 7.792 10.091 11.542 10.114 7.556 7.597 8.040 10.608 8.388 9.843 1.940 3.834 7.229 9.405 12.204 11.381 8.601 5.648 7.089 7.379 9.894 1.923 1.744 6.143 2.737 0.907 3.622 
7.210 7.738 13.763 15.040 9.477 8.100 10.357 5.582 3.115 6.998 6.036 5.428 7.798 2.373 9.950 12.571 12.892 9.614 3.413 12.806 9.471 9.279 12.838 7.247 9.319 6.906 9.401 11.658 12.035 3.156 0.818 11.177 7.732 11.761 5.416 7.203 10.782 3.326 5.087 9.103 
1.835 5.680 9.538 9.072 2.810 9.513 3.807 8.101 6.560 4.148 6.945 4.546 1.338 8.815 5.048 6.582 6.222 2.984 6.163 7.329 5.844 3.320 6.180 6.558 6.574 2.597 4.360 7.178 6.332 8.591 7.346 5.162 2.376 5.265 6.878 6.096 5.477 6.381 4.245 7.226 
8.923 12.839 15.984 6.610 7.173 6.386 6.406 7.210 12.246 11.307 5.567 5.100 7.853 12.852 11.679 11.779 8.760 7.866 12.066 4.153 12.866 9.549 8.283 3.895 1.291 9.761 11.043 13.730 12.005 13.531 10.723 4.830 9.349 9.645 6.154 3.637 3.272 7.758 5.452 2.162 
10.317 13.418 18.086 11.583 10.056 1.375 9.881 2.931 10.806 12.021 2.138 4.127 9.755 10.048 13.597 14.744 12.675 10.653 10.852 9.072 14.209 11.767 12.300 2.039 3.946 10.826 12.909 15.725 14.691 11.262 7.938 9.045 10.902 12.892 2.712 2.548 7.668 4.798 4.530 2.871 
2.766 6.053 7.445 7.814 1.385 12.360 2.513 11.229 9.024 4.847 9.920 7.539 1.992 11.760 3.397 3.500 3.424 0.691 8.537 6.952 5.025 1.349 3.600 9.207 8.423 3.542 2.916 5.261 3.509 11.249 10.497 4.598 2.506 2.002 9.953 8.700 5.758 9.641 7.315 9.342 
7.436 11.289 12.179 2.553 4.337 11.683 2.993 11.679 13.101 9.929 10.008 8.251 6.157 15.034 8.690 7.402 3.552 4.816 12.714 2.076 10.378 6.702 3.002 8.586 6.447 8.393 8.264 10.298 7.954 15.052 13.238 1.555 7.490 5.255 10.378 8.115 2.656 11.135 8.321 7.577 
4.702 8.355 12.359 8.442 4.379 6.889 4.564 5.939 7.777 6.839 4.490 2.210 3.971 9.007 7.874 8.970 7.434 4.916 7.539 6.167 8.707 5.970 7.183 3.773 3.823 5.393 7.190 10.005 8.888 9.338 7.071 4.700 5.241 7.231 4.616 3.284 4.143 4.922 2.144 4.373 
9.202 13.039 13.608 0.790 6.096 12.474 4.755 12.780 14.815 11.690 11.084 9.562 7.923 16.633 10.343 8.773 4.768 6.553 14.439 2.039 12.066 8.412 4.235 9.548 7.153 10.158 9.951 11.846 9.409 16.723 14.773 3.158 9.250 6.722 11.521 9.118 3.707 12.488 9.687 8.248 
5.333 8.519 8.508 5.786 2.622 13.411 2.281 12.711 11.575 7.408 11.216 8.980 4.350 14.175 5.389 3.713 0.838 2.503 11.099 5.680 7.190 3.789 1.056 10.175 8.739 6.138 5.122 6.733 4.291 13.769 12.758 3.724 5.102 1.598 11.387 9.659 5.252 11.473 8.863 9.805 
4.850 8.533 9.547 5.288 1.720 11.861 0.761 11.244 10.888 7.235 9.714 7.533 3.650 13.231 5.868 4.944 2.118 2.042 10.450 4.556 7.550 3.881 1.873 8.626 7.173 5.770 5.436 7.549 5.346 12.992 11.668 2.336 4.801 2.750 9.915 8.111 3.783 10.137 7.450 8.235 
0.967 3.130 7.018 10.758 3.883 12.015 5.225 10.309 6.034 1.712 9.389 7.054 2.185 9.077 2.667 5.205 6.612 3.500 5.517 9.460 3.082 2.130 6.801 9.221 9.346 0.497 2.040 4.682 4.632 8.318 8.198 7.114 0.730 4.864 9.206 8.783 7.833 8.244 6.688 9.996 
10.426 14.200 14.394 0.584 7.295 13.525 5.968 13.960 16.109 12.884 12.261 10.819 9.158 17.938 11.372 9.552 5.543 7.708 15.728 3.113 13.131 9.519 5.052 10.690 8.219 11.375 11.022 12.756 10.253 18.028 16.073 4.462 10.443 7.615 12.720 10.279 4.955 13.750 10.958 9.283 
4.153 5.324 11.025 12.678 6.594 8.904 7.608 6.715 3.039 4.249 6.351 4.610 4.812 5.028 6.985 9.519 9.974 6.654 2.808 10.667 6.740 6.222 9.968 6.913 8.244 3.883 6.403 8.814 9.001 4.828 3.834 8.743 4.676 8.732 5.931 6.656 8.669 4.355 4.167 8.406 
10.487 13.422 18.270 12.250 10.430 0.795 10.335 2.355 10.544 12.064 1.985 4.245 10.005 9.582 13.791 15.076 13.159 11.005 10.624 9.730 14.315 12.026 12.801 2.441 4.603 10.939 13.104 15.910 14.984 10.865 7.509 9.603 11.083 13.280 2.433 2.957 8.265 4.443 4.612 3.557 
6.282 9.886 13.913 8.453 5.671 5.577 5.568 5.099 8.814 8.381 3.464 1.841 5.514 9.531 9.435 10.370 8.417 6.272 8.648 5.990 10.286 7.487 8.090 2.354 2.403 6.962 8.753 11.564 10.350 10.117 7.450 5.118 6.818 8.510 3.787 1.839 4.094 4.755 2.101 2.808 
9.445 11.371 16.960 14.298 10.538 3.934 10.924 1.462 7.449 10.263 2.840 4.208 9.445 5.867 12.683 14.682 13.777 10.940 7.664 11.802 12.726 11.363 13.550 4.506 7.105 9.567 12.032 14.673 14.367 7.301 3.933 10.918 10.056 13.291 2.239 4.770 9.955 1.777 4.235 6.415 
7.892 9.791 10.725 3.143 8.403 5.459 8.280 7.001 7.217 5.788 9.329 9.352 9.144 2.438 5.870 7.671 4.985 6.275 9.419 7.954 5.196 3.789 8.542 5.665 5.384 8.713 6.107 6.004 8.648 4.273 2.752 3.997 10.236 4.820 7.031 1.503 5.704 5.141 8.229 4.615 9.730 4.309 3.206 5.391 6.311 7.667 5.684 3.732 5.926 2.260 2.926 5.533 6.614 2.328 6.323 6.164 1.910 6.364 4.490 6.874 6.755 1.026 9.142 1.796 4.935 8.563 9.131 9.213 5.703 9.348 5.618 10.045 2.084 2.952 7.177 2.016 5.606 8.677 6.896 7.843 2.604 6.082 1.624 4.917 7.337 2.497 3.639 7.236 4.129 2.195 4.166 9.568 3.234 1.974 10.075 2.412 8.825 2.695 8.982 7.126 
8.417 8.576 13.879 0.929 12.451 2.481 11.992 10.696 4.721 4.485 12.931 12.233 13.164 1.628 8.769 6.296 0.990 5.474 12.837 11.759 8.976 7.805 10.764 5.805 7.157 12.751 3.792 5.851 12.691 7.956 5.628 6.734 14.090 1.683 5.965 4.459 9.657 2.798 11.761 3.130 13.548 8.356 4.790 7.695 10.355 8.464 8.885 6.284 9.172 4.806 5.338 7.586 10.661 5.959 3.868 3.651 4.450 9.675 8.509 10.659 10.666 5.060 13.182 3.559 7.862 8.367 10.940 11.969 9.635 12.265 9.150 8.199 5.992 3.595 10.928 5.653 9.023 12.667 10.660 7.420 5.498 6.264 5.349 7.294 10.661 1.587 1.766 11.273 3.834 2.305 8.014 8.839 6.474 2.912 13.503 5.581 12.862 4.734 8.516 10.783 
14.459 14.643 18.481 6.508 14.608 3.786 15.742 14.529 10.554 10.632 16.875 17.135 14.702 6.732 13.641 12.393 5.745 11.622 17.092 12.401 10.120 10.135 16.170 3.101 12.714 14.534 9.804 2.644 14.594 9.159 10.434 6.887 14.600 7.712 12.105 6.790 12.869 8.898 11.609 9.275 13.981 10.927 5.265 12.981 12.520 14.440 8.764 11.351 9.040 9.751 10.424 6.183 12.966 7.933 2.395 2.603 9.341 9.515 11.519 14.298 13.954 8.583 14.970 6.023 7.681 14.509 16.583 16.986 11.143 17.132 13.312 14.078 9.705 4.876 11.541 7.810 9.286 14.019 14.348 13.567 6.775 3.104 7.820 12.520 10.261 6.292 4.774 13.806 9.846 7.642 9.624 14.974 7.537 8.161 17.733 7.137 15.270 9.960 14.665 14.686 
15.505 18.700 11.587 12.994 4.020 14.238 8.064 8.029 17.061 15.348 8.958 11.858 2.585 12.326 10.624 16.976 14.610 15.479 9.900 2.050 4.834 6.340 13.167 11.136 12.516 3.150 15.972 11.584 3.426 5.858 10.475 7.609 0.401 14.802 16.249 9.361 6.617 15.076 2.677 14.430 0.262 6.170 9.695 11.707 4.540 15.023 5.490 10.967 5.202 10.890 11.072 8.050 4.641 7.851 14.324 14.285 10.894 4.713 6.642 7.524 6.673 9.147 3.187 10.324 6.615 16.774 14.344 12.162 4.331 11.740 8.757 19.384 8.753 10.795 2.898 8.160 5.060 2.217 7.649 16.425 8.456 11.130 8.484 11.455 4.011 12.235 12.690 4.938 13.633 12.179 5.829 18.094 7.449 11.865 10.120 8.286 4.673 11.430 17.367 8.229 
10.093 12.589 10.356 6.124 5.898 7.715 7.144 6.064 10.341 8.799 8.330 9.467 6.325 5.452 6.484 10.600 7.799 9.139 8.750 4.830 2.054 1.325 9.461 5.939 7.179 5.999 9.234 6.396 5.996 1.162 4.505 2.389 7.142 7.936 9.915 2.581 4.180 8.284 5.110 7.719 6.615 2.132 3.580 6.752 3.755 9.740 2.906 5.357 3.075 4.574 5.006 4.080 4.174 1.041 8.140 8.044 4.432 3.420 2.858 5.726 5.232 2.452 6.443 3.591 2.639 11.050 10.352 9.492 2.699 9.416 5.298 13.009 2.614 4.350 4.035 1.318 2.626 5.765 5.802 10.469 2.066 6.188 1.612 6.329 4.338 5.375 6.008 4.987 7.088 5.339 1.056 12.210 1.396 5.090 9.334 1.732 6.495 5.136 11.553 6.258 
7.897 11.646 1.454 13.250 8.939 16.267 4.933 5.421 13.332 11.423 4.016 1.870 10.397 12.722 5.387 11.551 15.009 10.630 3.059 12.177 11.533 10.059 3.719 16.681 7.087 9.808 12.806 17.078 9.532 11.752 8.634 13.597 12.830 13.525 10.992 12.353 7.411 12.734 13.664 11.828 12.858 9.352 14.101 6.387 9.276 7.397 13.529 7.819 13.523 9.397 8.780 15.301 8.900 11.680 17.380 17.196 9.799 13.544 8.490 5.899 6.711 10.479 9.820 12.996 13.747 9.319 4.400 2.098 10.733 1.874 5.937 13.080 9.399 14.154 12.208 11.654 12.934 10.769 5.783 9.807 12.817 17.038 11.489 6.772 13.964 13.072 14.569 8.237 10.676 11.841 11.103 10.543 12.562 11.233 2.916 12.435 8.316 9.353 9.902 5.199 
10.934 13.660 10.126 7.469 4.785 8.992 6.684 5.769 11.607 9.998 7.881 9.475 5.051 6.795 6.846 11.746 9.140 10.266 8.437 3.497 0.775 1.247 9.807 6.816 7.947 4.777 10.505 7.284 4.804 0.711 5.431 3.012 5.798 9.267 11.044 3.905 3.770 9.577 3.931 8.977 5.277 1.790 4.679 7.384 2.718 10.538 2.415 6.170 2.457 5.646 5.984 4.434 3.182 2.363 9.333 9.251 5.564 2.624 2.661 5.353 4.703 3.672 5.220 4.906 2.715 11.994 10.796 9.570 1.393 9.406 5.368 14.163 3.538 5.580 2.731 2.656 1.884 4.458 5.450 11.480 3.216 6.998 2.957 7.004 3.388 6.721 7.319 4.059 8.277 6.653 0.293 13.210 2.305 6.369 8.968 2.945 5.454 6.207 12.528 5.982 
5.359 9.118 3.373 11.252 9.440 14.322 5.481 5.357 10.874 9.014 5.049 1.745 10.945 10.791 3.850 9.033 12.913 8.171 4.082 12.235 11.025 9.293 1.275 15.256 4.866 10.311 10.410 15.617 10.045 11.016 6.899 12.555 13.323 11.299 8.493 10.921 7.087 10.427 13.584 9.542 13.232 8.711 12.707 4.365 9.186 4.863 12.891 5.970 12.941 7.573 6.907 14.296 8.906 10.527 15.521 15.326 7.983 13.059 7.849 5.868 6.730 9.042 10.431 11.421 12.903 6.783 1.887 1.297 10.408 1.887 5.127 10.544 8.067 12.573 12.084 10.437 12.363 11.162 5.742 7.271 11.577 15.650 10.204 4.812 13.637 11.179 12.712 8.446 8.427 9.881 10.393 8.024 11.508 9.292 4.353 11.214 8.985 7.416 7.371 5.151 
3.649 3.589 11.310 5.024 12.947 7.649 10.829 9.688 2.347 0.750 11.370 9.417 14.117 5.117 6.713 1.419 5.745 0.368 10.881 13.681 11.111 9.306 7.280 10.689 4.214 13.547 2.021 10.834 13.388 10.343 5.154 10.216 15.770 3.740 0.800 7.618 9.659 2.550 14.259 2.124 15.358 9.435 8.900 5.189 11.265 3.921 11.919 4.904 12.147 4.719 4.552 11.608 11.368 8.543 9.061 8.843 4.772 12.557 9.082 9.905 10.330 6.732 13.907 7.267 11.191 3.194 6.953 9.007 11.306 9.503 8.096 3.829 6.864 7.986 13.022 8.246 11.777 13.859 9.844 2.225 8.805 11.158 7.849 5.077 13.507 5.551 6.786 11.621 2.130 4.481 10.066 3.641 9.492 4.366 11.490 8.658 13.045 4.171 3.291 9.664 
7.699 8.545 12.473 0.603 10.950 3.546 10.477 9.181 5.195 4.324 11.434 10.881 11.706 0.157 7.382 6.269 2.513 5.149 11.372 10.424 7.641 6.348 9.566 5.706 6.005 11.275 4.117 5.872 11.207 6.653 4.178 5.734 12.735 2.390 5.784 3.239 8.126 3.057 10.546 2.917 12.209 6.865 4.048 6.422 8.871 7.654 7.774 4.914 8.048 3.368 3.954 6.856 9.164 4.642 4.767 4.564 2.989 8.532 6.988 9.135 9.135 3.555 11.702 2.523 6.831 7.914 9.861 10.645 8.231 10.905 7.653 8.443 4.462 3.022 9.615 4.326 7.833 11.231 9.138 7.026 4.387 6.174 3.987 5.993 9.522 0.564 2.021 9.758 3.131 0.899 6.644 8.610 5.298 1.500 12.038 4.391 11.346 3.384 8.172 9.274 
6.008 9.884 2.642 10.619 7.743 13.630 3.818 3.663 11.002 9.032 3.534 0.794 9.249 10.085 2.755 9.411 12.393 8.330 2.653 10.558 9.460 7.805 1.918 14.135 4.585 8.614 10.384 14.520 8.348 9.527 5.998 11.206 11.624 10.960 8.786 9.793 5.446 10.226 11.930 9.310 11.534 7.173 11.559 3.799 7.518 5.457 11.375 5.183 11.407 6.759 6.143 12.935 7.226 9.226 14.743 14.559 7.161 11.495 6.302 4.175 5.039 7.909 8.739 10.397 11.465 7.514 3.083 0.624 8.792 0.848 3.601 11.206 6.857 11.556 10.433 9.172 10.823 9.463 4.049 7.812 10.330 14.505 8.978 4.159 12.034 10.434 11.931 6.749 8.141 9.207 8.890 8.855 10.160 8.598 3.091 9.955 7.302 6.721 8.145 3.455 
5.683 9.412 4.571 8.454 6.595 11.394 3.503 2.558 9.605 7.579 3.991 3.114 8.043 7.873 0.672 8.404 10.294 7.095 3.617 8.835 7.346 5.566 3.068 11.732 3.199 7.401 8.823 12.119 7.165 7.286 3.731 8.845 10.256 9.047 7.701 7.392 3.648 8.475 10.066 7.554 10.058 5.019 9.156 2.203 5.789 5.136 9.168 3.059 9.228 4.534 3.984 10.581 5.607 6.842 12.452 12.274 4.919 9.369 4.173 2.948 3.681 5.510 7.632 8.018 9.167 7.146 4.162 3.023 6.817 3.106 1.513 10.520 4.454 9.176 8.567 6.777 8.655 8.088 2.845 7.139 7.933 12.101 6.576 2.340 9.998 8.192 9.654 5.378 6.374 7.034 6.668 8.540 7.797 6.420 4.270 7.559 6.385 4.599 7.789 2.457 
8.447 10.721 10.126 4.421 7.158 6.513 7.382 6.142 8.419 6.873 8.490 8.925 7.858 3.720 5.583 8.691 6.227 7.243 8.695 6.685 3.951 2.499 8.451 5.912 5.677 7.438 7.314 6.312 7.381 3.087 2.914 3.362 8.952 6.110 8.016 1.613 4.635 6.381 7.040 5.793 8.453 3.059 3.332 5.451 5.045 8.148 4.679 3.874 4.891 2.776 3.311 5.061 5.367 1.353 7.220 7.084 2.569 5.288 3.346 5.944 5.714 0.560 7.870 2.460 4.104 9.291 9.189 8.852 4.413 8.902 4.933 11.095 1.376 3.543 5.926 1.125 4.505 7.384 5.984 8.654 2.171 6.273 0.798 4.989 6.235 3.739 4.704 6.030 5.167 3.470 2.907 10.395 2.406 3.174 9.334 1.834 7.616 3.321 9.763 6.293 
2.099 1.855 10.534 8.405 14.170 11.085 11.195 10.310 5.007 4.184 11.387 8.657 15.522 8.412 7.161 2.729 9.172 3.191 10.652 15.635 13.337 11.408 6.240 13.992 4.887 14.901 5.247 14.169 14.695 12.742 7.149 13.058 17.491 7.163 2.751 10.541 10.928 5.966 16.473 5.539 17.168 11.318 12.015 5.783 12.865 2.660 14.492 6.464 14.683 7.064 6.613 14.590 12.846 11.182 12.498 12.280 7.278 15.033 10.750 10.668 11.306 9.276 15.194 10.372 13.923 0.619 5.392 8.172 13.295 8.777 8.954 3.326 9.052 11.217 15.101 10.918 14.237 15.414 10.575 1.273 11.675 14.460 10.532 5.960 15.920 8.860 10.179 12.871 5.203 7.664 12.341 0.795 12.209 7.403 11.149 11.462 14.073 6.515 0.169 10.214 
10.654 11.718 13.991 3.258 10.599 3.176 11.309 10.074 8.197 7.497 12.422 12.666 10.960 3.043 9.191 9.439 3.996 8.310 12.610 9.058 6.407 5.919 11.824 2.575 8.507 10.678 7.175 2.814 10.688 5.357 6.036 3.517 11.395 5.181 8.956 2.346 8.498 6.116 8.730 6.086 10.805 6.669 1.397 8.646 8.453 10.532 5.738 6.991 6.037 5.422 6.107 4.043 8.861 3.694 3.439 3.345 5.022 6.556 7.163 9.868 9.586 4.093 11.122 1.536 4.624 11.017 12.341 12.533 7.302 12.659 8.824 11.566 5.217 0.389 8.184 3.500 6.034 10.349 9.911 10.157 2.697 3.038 3.427 8.175 7.503 2.615 1.899 9.643 6.229 3.774 5.658 11.771 3.667 4.133 13.255 2.978 11.181 5.723 11.310 10.225 
13.263 14.725 15.065 6.381 10.065 5.789 11.880 10.802 11.333 10.515 13.069 14.054 9.985 6.075 10.812 12.469 7.051 11.251 13.484 7.584 5.507 6.041 13.696 1.781 10.761 9.882 10.296 2.209 9.972 4.676 8.042 2.395 9.758 8.326 11.940 3.908 8.912 9.233 6.769 9.126 9.138 6.843 2.263 10.658 8.089 13.058 3.942 9.031 4.209 7.653 8.305 1.348 8.560 4.180 5.340 5.370 7.308 4.674 7.599 10.467 9.946 5.683 10.306 3.906 2.909 13.816 14.410 14.024 6.571 14.017 9.926 14.661 6.595 3.208 6.737 4.232 4.501 9.280 10.543 13.015 3.084 1.754 4.460 10.188 5.424 5.684 4.995 9.442 9.104 6.663 5.251 14.687 3.348 6.875 14.073 3.451 10.786 8.090 14.171 10.993 
13.510 15.899 12.890 8.620 6.591 9.198 9.344 8.549 13.304 11.958 10.527 12.332 6.197 8.055 9.696 13.830 9.927 12.406 11.170 3.628 2.426 4.085 12.667 5.780 10.591 6.216 12.195 6.224 6.361 2.398 7.921 2.567 5.740 10.595 13.173 4.988 6.546 11.176 2.773 10.753 5.120 4.659 4.662 10.124 4.984 13.158 0.512 8.772 0.430 7.940 8.409 2.692 5.453 3.871 9.097 9.081 7.753 0.680 5.529 8.100 7.371 5.742 6.606 5.743 1.438 14.445 13.632 12.439 3.358 12.259 8.242 16.213 6.031 5.863 2.835 4.166 1.019 5.466 8.207 13.834 3.825 5.768 4.563 9.716 1.462 7.828 7.866 6.329 10.287 8.224 2.981 15.576 2.954 8.128 11.659 3.846 7.382 8.494 14.934 8.767 
10.251 12.562 10.966 5.696 6.566 7.104 7.808 6.704 10.103 8.658 8.989 10.015 6.933 5.049 6.925 10.508 7.296 9.073 9.383 5.269 2.493 2.014 9.886 5.251 7.407 6.634 8.992 5.706 6.643 1.463 4.670 1.813 7.607 7.573 9.843 2.044 4.850 8.009 5.366 7.506 7.057 2.819 2.890 7.063 4.430 9.929 2.836 5.582 3.058 4.617 5.120 3.547 4.857 0.567 7.480 7.390 4.417 3.478 3.515 6.382 5.911 2.407 7.078 3.029 2.305 11.131 10.730 10.018 3.280 9.970 5.857 12.902 2.858 3.704 4.436 0.886 2.714 6.347 6.454 10.502 1.380 5.508 1.268 6.622 4.446 4.925 5.435 5.677 6.970 5.042 1.621 12.243 0.769 4.865 9.976 1.067 7.176 5.166 11.609 6.893 
3.999 4.119 11.354 4.486 12.667 7.144 10.697 9.526 2.313 0.334 11.288 9.478 13.804 4.578 6.627 1.904 5.256 0.775 10.842 13.289 10.689 8.911 7.418 10.149 4.181 13.244 1.737 10.294 13.093 9.899 4.828 9.713 15.406 3.260 1.337 7.111 9.394 2.089 13.829 1.591 14.981 9.073 8.370 5.124 10.936 4.216 11.446 4.670 11.678 4.335 4.230 11.088 11.057 8.072 8.554 8.335 4.356 12.096 8.757 9.718 10.105 6.285 13.612 6.740 10.700 3.678 7.174 9.084 10.917 9.557 7.915 4.279 6.475 7.449 12.614 7.771 11.320 13.524 9.663 2.719 8.302 10.618 7.375 4.964 13.052 5.011 6.251 11.344 1.653 3.952 9.641 4.178 9.007 3.859 11.464 8.164 12.794 3.802 3.811 9.514 
13.226 16.585 9.095 11.709 1.521 13.430 5.538 5.516 15.329 13.501 6.466 9.326 0.617 11.011 8.237 15.001 13.474 13.510 7.389 2.211 3.987 4.792 10.677 11.004 10.287 0.722 14.274 11.472 0.975 5.009 8.517 7.203 2.476 13.355 14.265 8.304 4.261 13.461 3.774 12.731 2.413 4.357 9.084 9.420 2.407 12.723 5.509 8.869 5.292 9.049 9.118 8.164 2.333 6.766 13.760 13.684 9.125 4.949 4.587 5.016 4.177 7.626 1.011 9.316 6.467 14.556 11.865 9.632 3.048 9.208 6.359 17.379 6.993 10.021 2.810 7.036 4.893 0.322 5.140 14.283 7.652 11.104 7.281 9.214 4.716 11.005 11.733 2.441 11.820 10.700 4.705 15.907 6.705 10.297 7.640 7.387 2.260 9.553 15.167 5.712 
10.170 10.653 14.638 2.234 12.048 1.510 12.289 11.012 6.826 6.500 13.337 13.148 12.536 2.443 9.629 8.365 2.253 7.437 13.401 10.777 8.065 7.314 11.987 3.716 8.467 12.207 5.898 3.743 12.193 7.010 6.381 5.322 13.121 3.792 7.988 3.653 9.644 4.887 10.525 5.098 12.542 8.000 3.213 8.812 9.898 10.143 7.543 7.230 7.842 5.629 6.277 5.825 10.273 5.173 2.366 2.186 5.223 8.360 8.362 10.877 10.715 4.987 12.650 2.642 6.439 10.288 12.334 12.951 8.891 13.160 9.607 10.308 6.091 2.024 9.910 4.920 7.808 11.959 10.902 9.366 4.355 4.169 4.735 8.364 9.315 2.016 0.477 10.998 5.565 3.361 7.230 10.860 5.358 3.909 14.061 4.567 12.570 5.761 10.490 11.136 
9.963 11.725 12.132 4.043 8.449 5.177 9.265 8.064 8.784 7.606 10.406 10.947 8.860 3.480 7.582 9.540 5.471 8.207 10.667 7.122 4.382 3.762 10.403 3.891 7.409 8.552 7.683 4.294 8.553 3.329 4.696 2.113 9.468 6.016 8.941 0.568 6.396 6.644 7.020 6.308 8.900 4.518 1.310 7.323 6.300 9.735 4.156 5.686 4.438 4.309 4.955 3.490 6.704 1.537 5.593 5.492 3.975 4.935 5.050 7.820 7.484 2.376 8.996 1.186 3.194 10.607 11.078 10.869 5.207 10.924 6.935 11.856 3.396 1.796 6.265 1.350 4.280 8.273 7.872 9.858 0.757 4.253 1.347 6.852 5.923 3.251 3.533 7.486 6.038 3.747 3.548 11.570 1.736 3.784 11.296 0.881 9.024 4.764 11.006 8.228 
13.442 15.944 12.501 8.872 6.068 9.597 8.925 8.176 13.474 12.065 10.101 12.004 5.648 8.282 9.473 13.913 10.247 12.470 10.770 3.080 2.069 3.869 12.430 6.289 10.492 5.676 12.363 6.738 5.825 2.267 7.868 2.920 5.220 10.827 13.243 5.199 6.182 11.359 2.312 10.897 4.601 4.373 5.038 9.979 4.526 13.072 0.698 8.684 0.400 7.945 8.380 3.225 4.989 3.964 9.548 9.525 7.784 0.134 5.235 7.716 6.964 5.778 6.061 6.013 1.825 14.423 13.423 12.128 2.917 11.927 7.956 16.309 5.964 6.220 2.283 4.273 0.765 4.916 7.826 13.842 4.076 6.293 4.666 9.584 1.091 8.080 8.207 5.854 10.376 8.395 2.780 15.583 3.141 8.260 11.244 4.048 6.864 8.504 14.928 8.396 
7.334 11.199 2.391 10.749 6.133 13.640 2.151 2.225 11.841 9.823 1.965 1.754 7.637 10.148 2.964 10.473 12.607 9.255 1.315 9.112 8.303 6.834 3.518 13.622 5.355 7.009 11.105 14.035 6.739 8.519 6.008 10.407 10.036 11.384 9.801 9.343 4.186 10.797 10.546 9.875 9.978 6.118 11.047 4.408 6.128 6.772 10.293 5.393 10.290 6.825 6.305 12.096 5.787 8.541 14.643 14.473 7.197 10.321 5.258 2.725 3.574 7.511 7.111 10.074 10.521 8.848 4.719 2.065 7.528 1.643 2.807 12.438 6.394 11.218 9.067 8.542 9.701 7.893 2.603 9.022 9.701 13.957 8.412 4.630 10.771 10.445 11.870 5.220 8.693 9.331 7.870 10.223 9.382 8.719 1.946 9.316 5.655 6.924 9.490 2.002 
9.532 13.307 3.999 11.247 3.628 13.849 0.470 1.526 13.306 11.287 1.421 4.296 5.108 10.574 4.548 12.269 13.159 10.911 2.266 6.906 6.732 5.761 6.070 12.993 7.068 4.502 12.430 13.441 4.227 7.232 6.702 9.406 7.536 12.283 11.553 9.006 2.906 11.926 8.436 11.033 7.540 4.955 10.514 6.067 4.186 8.975 8.775 6.443 8.705 7.501 7.173 10.957 3.749 7.853 14.652 14.509 7.791 8.624 4.254 1.519 1.850 7.405 4.553 9.899 9.250 11.018 7.284 4.665 5.779 4.167 3.159 14.419 6.306 10.964 7.031 7.951 8.131 5.450 1.511 11.040 9.036 13.261 7.943 6.108 8.891 10.778 12.029 2.980 9.892 9.894 6.601 12.412 8.470 9.316 2.600 8.657 3.067 7.783 11.664 1.517 
7.605 9.161 11.255 2.200 9.342 4.744 9.018 7.727 6.348 5.049 10.023 9.778 10.106 1.493 6.260 6.976 4.076 5.644 10.040 8.905 6.137 4.754 8.743 5.661 5.370 9.669 5.236 5.941 9.599 5.189 3.019 4.646 11.195 3.860 6.375 2.040 6.559 4.240 9.133 3.790 10.684 5.258 3.435 5.554 7.264 7.443 6.497 3.920 6.753 2.320 2.999 6.037 7.556 3.203 5.746 5.569 1.912 7.210 5.391 7.641 7.587 1.947 10.096 1.808 5.664 8.121 9.214 9.595 6.667 9.787 6.261 9.306 2.895 2.826 8.118 2.884 6.471 9.642 7.653 7.335 3.236 6.108 2.511 5.090 8.193 1.621 2.958 8.156 3.475 1.272 5.116 9.030 4.012 1.218 10.703 3.131 9.745 2.585 8.489 7.835 
10.104 11.336 13.303 3.025 10.037 3.585 10.640 9.400 7.972 7.121 11.748 11.980 10.458 2.676 8.509 9.073 4.086 7.883 11.927 8.661 5.955 5.327 11.160 3.135 7.878 10.151 6.916 3.421 10.150 4.900 5.368 3.276 11.006 5.013 8.557 1.696 7.850 5.853 8.440 5.728 10.428 6.059 1.279 7.988 7.887 9.960 5.481 6.330 5.777 4.775 5.460 4.097 8.283 3.125 4.027 3.914 4.380 6.292 6.522 9.201 8.937 3.406 10.595 0.849 4.407 10.528 11.697 11.849 6.803 11.972 8.138 11.264 4.531 0.312 7.795 2.903 5.711 9.867 9.242 9.692 2.240 3.583 2.793 7.516 7.261 2.294 2.031 9.047 5.762 3.301 5.146 11.335 3.243 3.595 12.573 2.466 10.598 5.099 10.848 9.548 
12.361 12.935 16.121 4.492 12.496 2.582 13.420 12.194 9.051 8.784 14.542 14.777 12.719 4.578 11.288 10.649 4.290 9.712 14.741 10.591 8.114 7.908 13.855 1.816 10.447 12.495 8.160 1.643 12.531 7.102 8.095 4.947 12.875 6.043 10.272 4.454 10.578 7.163 10.009 7.378 12.265 8.685 3.058 10.666 10.372 12.299 7.037 9.026 7.331 7.432 8.111 4.727 10.802 5.682 1.905 1.942 7.024 7.838 9.233 11.977 11.665 6.225 12.936 3.662 5.905 12.546 14.309 14.633 9.091 14.773 10.956 12.556 7.349 2.520 9.715 5.530 7.471 12.066 12.023 11.633 4.566 2.175 5.507 10.201 8.694 4.124 2.718 11.617 7.787 5.455 7.502 13.142 5.422 5.930 15.385 4.907 13.121 7.672 12.763 12.348 
12.733 14.024 15.034 5.600 10.447 4.896 11.976 10.845 10.538 9.805 13.151 13.926 10.482 5.347 10.594 11.754 6.179 10.580 13.504 8.186 5.919 6.178 13.417 1.138 10.344 10.331 9.517 1.608 10.402 4.998 7.680 2.691 10.417 7.514 11.249 3.531 9.023 8.458 7.483 8.402 9.800 6.986 1.756 10.319 8.403 12.558 4.563 8.669 4.848 7.217 7.887 2.143 8.864 4.129 4.486 4.506 6.850 5.339 7.683 10.543 10.084 5.392 10.764 3.322 3.461 13.212 14.071 13.865 6.960 13.898 9.853 13.905 6.390 2.465 7.322 4.113 5.064 9.795 10.611 12.385 2.955 1.335 4.270 9.845 6.151 4.937 4.142 9.729 8.457 5.998 5.514 14.032 3.476 6.265 14.112 3.341 11.138 7.616 13.541 11.026 
3.260 1.302 11.761 7.274 14.564 9.723 11.965 10.953 3.322 2.957 12.309 9.852 15.831 7.405 7.816 1.112 7.774 2.218 11.667 15.644 13.171 11.303 7.489 12.962 5.327 15.233 3.734 13.093 15.050 12.465 7.039 12.472 17.640 5.783 1.496 9.884 11.269 4.598 16.329 4.374 17.265 11.338 11.196 6.316 13.054 3.772 14.106 6.560 14.323 6.755 6.451 13.893 13.099 10.737 11.137 10.921 6.878 14.715 10.882 11.250 11.795 8.880 15.562 9.560 13.423 1.947 6.806 9.387 13.270 9.961 9.464 2.059 8.871 10.280 15.033 10.448 13.927 15.643 11.171 1.377 11.063 13.432 10.053 6.366 15.647 7.833 9.015 13.241 4.386 6.777 12.139 1.539 11.714 6.641 12.215 10.900 14.563 6.192 1.584 10.888 
0.142 3.966 8.431 8.072 12.147 11.026 9.048 8.202 5.979 4.460 9.222 6.536 13.535 7.897 5.077 3.896 9.247 3.430 8.490 13.842 11.707 9.756 4.138 13.327 3.040 12.905 5.811 13.567 12.689 11.222 5.647 11.849 15.588 7.315 3.485 9.479 8.959 6.199 14.790 5.501 15.300 9.565 11.110 3.805 10.970 0.509 13.050 4.807 13.213 5.776 5.202 13.481 10.911 9.863 12.399 12.184 6.077 13.518 8.922 8.580 9.254 7.966 13.179 9.507 12.607 1.596 3.434 6.059 11.549 6.652 6.916 5.321 7.532 10.489 13.370 9.633 12.726 13.474 8.482 2.051 10.526 13.783 9.269 4.067 14.355 8.351 9.817 10.868 4.738 7.033 10.759 2.961 10.920 6.626 8.994 10.263 12.006 5.286 2.232 8.096 
11.675 14.777 9.198 9.368 2.788 11.058 5.564 4.991 13.178 11.427 6.712 8.932 2.977 8.674 6.996 13.039 11.111 11.542 7.449 2.157 1.769 2.485 9.774 8.812 8.665 2.694 12.100 9.282 2.736 2.705 6.538 4.985 4.108 11.064 12.313 5.929 3.131 11.241 3.367 10.555 3.700 2.233 6.760 7.914 1.114 11.215 3.661 7.055 3.529 6.963 7.135 6.171 1.549 4.390 11.419 11.337 6.984 3.368 2.767 4.494 3.670 5.338 3.137 6.941 4.416 12.896 10.886 9.130 0.716 8.838 5.212 15.447 4.837 7.660 1.867 4.661 3.000 2.430 4.614 12.512 5.301 8.957 4.911 7.622 3.604 8.651 9.357 2.402 9.718 8.412 2.338 14.196 4.381 8.044 7.878 5.023 3.529 7.498 13.477 5.214 
8.421 10.164 11.305 2.973 8.684 5.004 8.781 7.513 7.379 6.080 9.851 9.954 9.340 2.298 6.479 7.998 4.718 6.643 9.972 7.982 5.200 3.988 9.156 5.054 5.974 8.941 6.269 5.390 8.893 4.218 3.365 3.619 10.296 4.802 7.385 1.023 6.126 5.261 8.138 4.829 9.768 4.587 2.623 6.002 6.560 8.214 5.463 4.343 5.721 2.846 3.520 5.066 6.893 2.211 5.794 5.643 2.478 6.183 4.864 7.361 7.194 1.469 9.376 1.183 4.626 9.034 9.738 9.820 5.809 9.947 6.171 10.340 2.590 2.341 7.175 1.893 5.454 8.836 7.390 8.282 2.207 5.474 1.546 5.529 7.169 2.244 3.187 7.562 4.477 2.298 4.206 9.994 2.975 2.237 10.625 2.091 9.148 3.251 9.430 7.646 
12.422 14.422 13.179 6.678 7.868 7.060 9.860 8.852 11.507 10.334 11.056 12.321 7.805 6.173 9.280 12.259 7.857 10.901 11.542 5.488 3.310 4.053 12.241 3.826 9.667 7.687 10.411 4.290 7.775 2.529 6.906 0.651 7.741 8.676 11.646 3.245 6.900 9.365 4.883 9.044 7.128 4.827 2.548 9.385 5.915 12.137 1.896 7.855 2.191 6.722 7.296 1.233 6.391 2.675 6.976 6.953 6.453 2.702 5.641 8.479 7.896 4.531 8.113 3.810 0.766 13.189 13.075 12.343 4.376 12.271 8.153 14.588 5.179 3.764 4.621 2.869 2.363 7.109 8.565 12.488 2.056 3.911 3.224 8.935 3.600 5.893 5.774 7.278 8.738 6.483 3.142 14.216 1.622 6.497 12.105 2.247 8.594 7.238 13.623 9.054 
5.362 9.234 3.216 10.315 8.245 13.355 4.397 4.107 10.462 8.513 4.183 1.304 9.748 9.809 2.618 8.815 12.050 7.776 3.317 10.940 9.694 7.968 1.257 14.061 4.120 9.109 9.881 14.434 8.848 9.692 5.792 11.267 12.098 10.551 8.205 9.717 5.773 9.772 12.270 8.862 11.984 7.381 11.497 3.422 7.884 4.815 11.564 4.918 11.612 6.517 5.875 13.005 7.620 9.253 14.506 14.317 6.925 11.728 6.518 4.612 5.468 7.832 9.255 10.268 11.590 6.865 2.442 0.894 9.083 1.403 3.797 10.569 6.822 11.425 10.769 9.176 11.033 9.928 4.487 7.186 10.324 14.444 8.957 3.824 12.309 10.175 11.691 7.198 7.706 8.915 9.066 8.199 10.219 8.312 3.755 9.956 7.841 6.427 7.492 3.911 
7.339 11.179 2.880 10.364 5.749 13.224 1.878 1.739 11.637 9.613 1.993 2.211 7.255 9.751 2.706 10.351 12.235 9.090 1.591 8.648 7.791 6.318 3.724 13.130 5.181 6.621 10.867 13.545 6.355 8.002 5.624 9.895 9.636 11.064 9.664 8.864 3.678 10.517 10.067 9.598 9.559 5.601 10.558 4.206 5.646 6.778 9.778 5.062 9.777 6.445 5.952 11.581 5.317 8.038 14.207 14.039 6.808 9.811 4.741 2.247 3.106 7.044 6.745 9.609 10.004 8.847 4.938 2.468 7.026 2.112 2.320 12.377 5.921 10.750 8.583 8.044 9.188 7.480 2.123 8.965 9.201 13.461 7.921 4.382 10.271 10.037 11.445 4.783 8.419 8.950 7.353 10.232 8.871 8.340 2.255 8.816 5.314 6.575 9.492 1.520 
11.209 14.562 7.781 10.046 1.516 12.043 4.127 3.763 13.410 11.544 5.234 7.698 2.432 9.340 6.257 13.003 11.877 11.516 6.029 3.163 3.246 3.220 8.818 10.168 8.262 1.879 12.372 10.635 1.764 4.045 6.546 6.358 4.406 11.580 12.266 6.883 2.255 11.601 4.641 10.836 4.195 2.595 7.961 7.401 0.647 10.710 5.210 6.856 5.086 7.121 7.144 7.662 0.317 5.407 12.536 12.435 7.230 4.923 2.631 3.251 2.387 5.904 2.277 7.891 5.904 12.531 9.983 7.948 2.186 7.592 4.385 15.372 5.139 8.740 3.217 5.629 4.548 2.270 3.376 12.259 6.456 10.346 5.799 7.189 5.095 9.387 10.278 0.853 9.883 8.938 3.539 13.881 5.627 8.490 6.413 6.133 2.107 7.606 13.142 3.977 
3.277 7.155 5.299 8.961 9.499 12.043 6.027 5.369 8.489 6.600 6.075 3.387 10.963 8.549 2.598 6.748 10.559 5.786 5.307 11.727 10.031 8.141 1.150 13.336 2.524 10.319 7.993 13.665 10.078 9.805 4.927 11.010 13.189 8.897 6.161 9.074 6.566 8.006 12.896 7.126 12.988 7.720 10.851 2.285 8.698 2.725 11.705 3.941 11.805 5.484 4.800 12.743 8.534 8.944 13.288 13.087 5.887 12.008 6.928 5.814 6.592 7.253 10.535 9.440 11.526 4.787 1.476 2.931 9.619 3.494 4.420 8.475 6.429 10.566 11.408 8.799 11.255 11.020 5.701 5.092 9.882 13.754 8.510 2.759 12.716 8.958 10.500 8.305 6.026 7.629 9.234 6.140 9.983 7.063 5.804 9.545 9.234 5.233 5.421 5.223 
5.378 9.059 4.983 8.038 6.824 10.995 3.897 2.883 9.170 7.143 4.426 3.458 8.249 7.467 0.274 7.999 9.870 6.674 4.060 8.912 7.295 5.464 3.117 11.435 2.792 7.610 8.382 11.814 7.382 7.172 3.332 8.640 10.415 8.607 7.291 7.090 3.765 8.031 10.095 7.111 10.193 4.969 8.864 1.792 5.889 4.841 9.066 2.627 9.140 4.125 3.561 10.381 5.740 6.614 12.070 11.889 4.515 9.304 4.147 3.235 3.916 5.205 7.860 7.683 9.011 6.820 4.137 3.321 6.825 3.461 1.626 10.141 4.178 8.842 8.602 6.532 8.574 8.257 3.140 6.774 7.679 11.812 6.313 1.902 9.967 7.792 9.265 5.576 5.931 6.618 6.569 8.212 7.593 6.005 4.713 7.311 6.658 4.171 7.460 2.805 
9.235 13.080 2.884 11.778 4.701 14.498 0.891 2.067 13.438 11.410 0.307 3.423 6.154 11.128 4.515 12.226 13.680 10.937 1.192 8.033 7.812 6.726 5.464 13.895 7.033 5.566 12.625 14.335 5.290 8.262 7.108 10.386 8.587 12.663 11.531 9.803 3.855 12.206 9.566 11.296 8.621 5.931 11.379 6.043 5.303 8.673 9.855 6.699 9.796 7.927 7.518 11.974 4.873 8.741 15.371 15.218 8.253 9.730 5.172 2.308 2.872 8.111 5.580 10.653 10.287 10.744 6.655 3.847 6.881 3.285 3.541 14.275 6.988 11.749 8.160 8.813 9.217 6.536 2.246 10.864 9.928 14.182 8.770 6.170 10.015 11.366 12.686 4.110 10.129 10.391 7.622 12.128 9.422 9.795 1.470 9.544 4.077 8.141 11.390 1.934 
