20 40 100
1176.082 716.857 1293.625 763.624 545.424 531.584 729.691 1133.396 764.498 598.935 273.964 1072.643 886.774 218.140 954.243 436.783 785.023 909.862 536.077 933.891 
131.179 33.136 12.422 118.961 96.895 64.435 49.510 18.993 67.617 75.752 83.817 63.711 17.046 61.649 129.778 32.461 44.516 128.802 19.319 115.238 15.870 64.141 51.291 132.938 125.518 101.810 90.508 11.279 59.775 79.192 88.024 49.007 21.208 38.330 101.154 92.861 80.221 91.201 128.859 73.035 
34.077 16.074 11.211 5.162 8.339 5.370 17.624 19.294 26.951 34.390 16.977 16.542 8.157 24.019 33.217 6.782 25.728 33.057 22.637 25.357 7.733 31.075 32.547 21.902 31.555 7.730 32.866 8.715 13.741 20.579 5.845 10.843 25.208 21.481 10.070 28.664 28.823 21.567 16.150 26.250 33.804 21.638 15.980 34.714 33.575 6.791 5.646 5.647 23.727 7.999 19.358 11.170 18.467 18.746 18.351 13.762 16.244 21.789 30.563 25.748 5.971 16.400 29.377 19.935 29.395 11.280 30.753 28.972 11.357 14.388 5.851 7.916 16.140 13.593 18.789 30.437 30.503 23.579 11.836 34.396 18.064 11.402 23.231 21.838 18.470 14.086 17.060 5.079 6.663 10.053 11.968 6.947 30.676 23.946 8.183 20.129 34.263 17.753 25.083 13.846 
1307.010 711.205 487.766 1269.761 1178.475 936.700 827.591 542.777 974.603 1077.783 1100.626 960.889 501.401 900.737 1373.555 738.766 853.886 1373.426 599.608 1304.848 515.349 971.846 829.083 1346.431 1338.617 1147.988 1129.786 431.024 859.827 991.528 1108.026 808.433 532.706 726.115 1155.310 1159.107 1134.557 1055.096 1389.018 1053.592 
6.265 12.956 5.060 2.157 5.661 2.941 4.326 6.930 6.846 7.649 8.856 4.835 2.870 6.610 5.717 5.313 7.131 8.537 10.252 6.337 3.363 4.429 11.136 4.862 5.618 2.296 6.862 3.244 1.763 3.612 10.317 8.761 4.176 7.529 1.285 2.151 10.372 1.804 7.055 10.218 
11.537 13.109 10.611 6.891 2.787 7.168 9.800 11.357 5.770 4.396 4.678 10.425 2.835 12.115 6.657 1.160 12.213 3.491 12.907 6.167 8.951 10.050 10.740 10.219 11.083 3.367 6.784 7.278 7.253 7.471 15.121 10.756 8.768 4.349 6.811 3.499 12.832 3.871 8.457 9.117 
10.036 12.341 9.150 5.387 2.336 5.664 8.501 9.870 5.042 4.375 5.129 9.065 1.691 10.638 5.495 1.155 10.705 4.410 11.635 5.219 7.591 8.635 10.060 8.727 9.602 2.104 5.859 5.781 5.928 6.541 13.622 9.558 7.715 4.289 5.469 2.208 11.590 2.438 7.298 8.582 
4.130 8.534 5.484 5.014 9.016 4.271 7.902 1.522 7.329 9.774 11.331 7.307 9.181 5.516 5.128 9.989 3.606 12.163 3.568 6.313 6.996 6.347 8.008 4.407 4.980 8.705 6.170 4.012 7.341 10.117 4.795 3.512 9.781 9.657 7.232 8.571 3.866 7.850 4.185 8.407 
8.053 15.927 6.375 4.996 7.633 5.840 4.254 9.402 9.482 9.736 10.660 5.188 3.858 7.901 8.640 6.687 9.083 9.876 13.155 9.124 4.005 5.355 14.035 6.675 7.116 3.566 9.694 6.160 2.692 1.014 12.353 11.750 2.407 9.631 2.688 3.523 13.301 3.842 10.048 12.991 
10.765 9.587 10.414 6.421 0.864 6.251 10.548 9.775 2.333 1.349 2.689 10.876 4.676 11.696 3.925 2.457 11.152 3.225 10.121 3.013 9.477 10.220 7.193 9.692 10.656 4.863 3.536 6.194 8.049 9.364 13.585 7.838 10.332 1.231 7.571 4.900 9.964 4.689 5.549 5.556 
13.229 12.736 12.484 8.600 3.075 8.719 11.897 12.702 5.719 3.527 3.081 12.467 4.973 13.935 7.256 2.357 13.800 1.447 13.517 6.428 10.993 12.020 10.293 11.981 12.890 5.466 6.953 8.766 9.327 9.674 16.521 11.247 10.962 3.547 8.870 5.584 13.371 5.832 8.946 8.513 
7.843 7.559 7.990 4.420 3.875 3.824 8.991 6.374 2.069 4.394 5.952 8.997 5.724 8.988 0.329 5.210 8.005 6.842 6.622 1.096 7.840 8.147 5.600 7.052 8.014 5.519 1.391 3.607 6.931 9.147 10.118 4.428 9.633 4.276 6.524 5.452 6.518 4.823 2.132 4.751 
7.404 5.317 8.676 7.208 9.058 6.354 10.903 4.765 6.522 9.088 10.538 10.417 10.500 8.789 4.884 10.420 6.829 11.786 1.451 5.671 9.894 9.444 5.226 7.576 8.226 10.146 5.222 6.029 9.870 12.588 7.130 0.873 12.513 8.996 9.647 10.039 1.306 9.319 3.134 6.148 
11.953 4.742 12.411 9.010 5.975 8.379 13.581 9.908 3.276 4.546 5.405 13.555 9.409 13.223 4.540 7.607 11.858 7.131 7.700 3.662 12.430 12.678 2.307 11.399 12.324 9.406 3.202 8.133 11.487 13.530 13.194 5.599 14.150 4.538 11.063 9.388 7.353 8.911 4.403 0.456 
2.280 11.590 2.222 2.391 8.243 2.287 4.197 2.937 7.846 9.719 11.210 3.725 6.858 3.191 5.768 8.618 2.964 11.486 7.282 6.926 3.256 2.752 10.458 1.219 2.185 6.295 7.136 2.353 3.801 6.530 6.108 6.630 6.062 9.589 3.816 6.144 7.543 5.536 6.016 10.243 
5.243 12.059 4.289 0.921 5.842 1.741 4.269 5.705 6.458 7.668 9.009 4.524 3.796 5.768 4.991 5.838 6.034 8.938 9.064 5.798 3.153 3.900 10.375 3.884 4.735 3.227 6.251 2.058 2.062 4.552 9.165 7.671 4.795 7.542 1.687 3.076 9.201 2.506 6.125 9.623 
3.204 12.756 2.041 2.040 8.010 2.502 2.867 4.486 8.189 9.724 11.130 2.680 5.938 3.537 6.340 8.086 4.154 11.159 8.769 7.375 1.797 1.832 11.415 1.786 2.524 5.361 7.703 2.744 2.297 4.982 7.411 7.921 4.518 9.595 2.396 5.212 9.007 4.717 6.967 10.979 
11.790 12.781 10.936 7.139 2.490 7.356 10.234 11.486 5.472 3.919 4.121 10.829 3.290 12.420 6.534 1.016 12.428 2.928 12.818 5.949 9.354 10.418 10.389 10.498 11.381 3.795 6.550 7.443 7.672 8.000 15.275 10.629 9.277 3.881 7.221 3.918 12.724 4.220 8.318 8.728 
12.330 5.034 12.747 9.281 5.942 8.673 13.851 10.321 3.388 4.385 5.134 13.851 9.476 13.588 4.835 7.558 12.257 6.892 8.155 3.884 12.700 12.985 2.635 11.746 12.678 9.500 3.475 8.437 11.713 13.693 13.633 6.053 14.353 4.390 11.281 9.488 7.807 9.039 4.809 0.819 
6.573 11.368 5.804 1.923 4.284 2.274 5.746 6.548 5.152 6.142 7.457 6.070 2.761 7.235 4.072 4.347 7.246 7.390 9.146 4.636 4.665 5.459 9.476 5.287 6.190 2.278 5.170 2.457 3.319 5.276 10.224 7.431 5.874 6.017 2.856 2.146 9.209 1.423 5.537 8.518 
9.723 4.035 10.438 7.538 6.546 6.774 11.996 7.475 3.583 5.900 7.177 11.809 9.188 11.054 3.297 8.140 9.497 8.667 5.108 3.183 10.861 10.875 2.252 9.367 10.236 9.023 2.544 6.477 10.222 12.601 10.602 2.958 12.966 5.837 9.857 8.963 4.790 8.347 2.211 2.430 
2.890 13.539 1.287 2.999 8.935 3.448 2.180 4.730 9.149 10.676 12.071 1.780 6.662 2.861 7.276 8.942 3.950 12.056 9.285 8.327 1.357 0.875 12.280 1.579 1.960 6.088 8.644 3.674 2.581 4.974 7.207 8.625 4.233 10.547 2.837 5.942 9.556 5.508 7.823 11.899 
3.148 12.727 4.902 7.509 12.974 7.189 7.591 3.391 11.798 14.092 15.646 6.629 12.006 3.620 9.554 13.598 2.193 16.227 6.983 10.782 7.288 6.019 12.571 4.552 4.124 11.444 10.732 7.112 8.554 10.969 1.325 7.973 10.027 13.968 8.716 11.294 7.420 10.676 8.846 13.079 
4.379 14.432 2.631 3.245 8.649 3.959 1.352 6.158 9.355 10.551 11.841 1.775 5.836 4.155 7.729 8.384 5.450 11.604 10.546 8.645 0.304 1.624 12.978 3.081 3.386 5.285 9.051 4.256 1.420 3.476 8.699 9.665 2.776 10.426 1.840 5.151 10.785 4.876 8.568 12.397 
3.542 5.427 5.881 12.350 9.735 9.315 9.621 2.325 8.833 10.489 6.682 10.235 5.205 7.964 12.189 1.928 10.223 5.434 2.204 2.269 11.108 9.121 2.660 3.056 13.035 3.294 13.490 8.261 4.584 10.070 7.822 10.923 3.517 9.230 6.409 9.804 8.545 8.207 6.452 0.734 5.476 2.222 10.406 1.998 3.957 10.514 5.157 5.648 7.889 11.674 8.157 9.775 3.375 9.489 6.532 2.631 8.890 6.691 2.912 11.199 10.001 9.621 6.775 10.264 2.600 6.825 9.443 6.837 6.362 5.204 4.591 3.908 12.944 4.862 7.291 1.532 1.226 6.564 3.870 10.577 14.021 8.115 2.634 6.555 6.661 11.155 4.917 5.009 4.182 10.277 3.932 10.999 9.176 4.187 11.022 1.555 4.483 2.274 12.410 3.616 
13.439 13.957 12.687 13.255 9.618 9.552 17.515 13.132 15.192 11.486 16.571 10.816 7.431 9.293 0.447 14.345 2.713 14.854 10.476 14.445 3.322 18.521 11.282 14.431 0.460 9.711 13.541 4.748 16.391 6.641 17.877 5.202 13.741 3.449 6.397 11.037 9.022 16.409 14.238 13.366 10.076 14.107 14.406 10.762 14.526 15.953 8.120 7.113 13.237 14.668 9.794 4.599 12.793 5.272 6.468 15.156 19.240 6.843 12.810 2.269 16.230 14.767 11.637 5.694 14.810 7.769 16.880 18.053 6.333 7.494 11.419 12.754 10.191 8.404 5.499 11.377 11.564 16.798 9.882 12.981 12.419 16.975 13.901 17.468 12.086 2.840 7.762 8.070 9.561 2.948 12.726 14.839 15.541 12.299 6.148 11.651 14.227 12.520 6.170 13.585 
2.037 7.060 4.735 11.458 9.359 8.950 7.867 3.964 7.342 9.784 4.824 9.643 6.365 7.681 13.281 0.952 11.162 3.702 3.741 0.761 11.810 7.256 4.535 1.178 14.090 4.013 12.640 9.116 2.852 10.253 5.945 11.328 5.060 10.268 7.777 9.155 8.302 6.474 4.944 1.589 5.190 3.371 9.176 3.033 2.141 9.043 5.763 6.604 6.703 10.502 7.752 10.365 2.182 9.974 7.979 1.701 7.018 8.270 1.743 12.067 8.446 8.268 5.932 10.611 1.109 7.065 7.751 5.015 7.385 6.545 3.917 2.716 12.586 6.496 8.611 3.329 3.002 4.690 5.671 9.608 13.385 6.309 4.010 4.693 5.698 11.931 5.975 6.576 5.963 11.143 2.752 9.745 7.656 3.182 11.268 2.077 2.798 4.064 12.658 5.207 
2.495 9.857 1.746 7.699 5.365 4.960 6.719 6.889 5.005 5.867 5.224 5.671 5.104 3.733 10.954 4.949 8.638 3.511 4.577 4.677 8.801 7.277 6.338 3.943 11.642 2.982 8.840 6.611 5.688 6.600 6.533 7.897 8.094 8.032 6.722 5.204 4.362 5.392 3.132 4.998 1.410 6.843 5.975 3.520 3.524 6.500 3.455 4.785 3.516 7.155 3.760 7.258 1.957 6.727 7.120 5.670 7.894 7.792 2.292 9.344 6.249 5.414 2.137 7.136 4.931 3.731 6.250 6.854 5.532 5.700 0.090 1.619 8.589 6.553 7.281 5.056 4.840 5.463 6.622 5.945 9.441 5.787 7.283 6.216 2.104 9.046 4.593 6.384 6.740 8.474 1.580 6.582 5.394 1.058 7.647 3.179 2.984 6.650 9.003 8.154 
8.301 15.250 5.749 3.024 0.951 1.315 8.701 12.562 6.223 1.227 9.512 0.650 8.250 2.655 10.105 10.967 8.056 8.276 9.701 10.673 7.004 10.437 11.532 9.814 10.389 7.760 3.675 6.985 11.279 3.683 10.490 5.174 13.733 8.265 9.331 1.170 2.233 8.148 6.779 10.953 5.034 12.729 4.480 8.901 9.121 6.257 6.522 7.435 4.664 4.407 2.357 5.860 7.896 5.219 9.814 11.669 11.725 10.710 8.288 8.072 6.840 5.269 4.249 4.628 10.902 4.688 7.970 11.691 7.654 9.003 6.100 7.430 2.646 10.419 9.298 10.482 10.364 9.940 11.205 2.816 3.581 8.968 13.075 10.986 4.642 7.481 7.908 10.075 11.161 7.633 7.389 4.762 6.442 6.889 4.299 8.956 8.330 12.196 5.023 13.745 
3.084 9.524 2.547 7.938 5.207 4.790 7.560 6.666 5.762 5.982 6.048 5.694 4.276 3.466 10.133 5.178 7.827 4.326 4.082 4.982 8.066 8.131 5.902 4.416 10.835 2.311 9.035 5.787 6.266 6.064 7.364 7.271 7.859 7.194 5.887 5.281 4.075 6.244 3.982 5.005 0.951 6.770 6.512 3.100 4.162 7.192 2.597 3.931 4.144 7.616 3.615 6.534 2.470 6.034 6.294 5.952 8.721 6.988 2.686 8.562 7.002 6.063 2.556 6.522 5.275 3.025 7.074 7.593 4.675 4.895 0.913 2.278 8.433 5.826 6.429 4.691 4.518 6.268 6.023 6.277 9.478 6.644 7.137 6.974 2.668 8.288 3.765 5.632 6.109 7.680 2.244 7.119 6.153 1.777 7.099 3.002 3.724 6.360 8.477 7.896 
2.190 9.620 4.209 10.665 9.523 9.161 5.457 6.609 5.624 9.400 2.166 9.452 8.580 8.127 15.207 3.093 12.958 1.842 6.365 2.582 13.305 4.533 7.307 1.598 15.957 6.084 11.870 10.889 1.379 11.153 3.181 12.468 7.603 12.202 10.120 8.906 8.747 4.186 3.503 4.277 5.981 5.792 7.888 5.472 1.098 7.265 7.504 8.615 5.726 9.252 8.008 11.777 2.835 11.274 10.390 3.112 4.259 10.794 2.836 13.755 6.507 6.787 5.724 11.707 2.423 8.265 5.509 2.460 9.417 8.908 4.483 2.971 12.604 9.094 10.885 6.075 5.748 1.947 8.397 8.780 12.942 3.798 6.500 1.988 5.316 13.513 8.122 9.121 8.673 12.855 3.007 8.375 5.847 3.514 12.202 4.486 1.656 6.787 13.542 7.779 
5.105 5.551 6.509 12.083 8.838 8.431 11.098 3.339 9.760 10.022 8.615 9.617 2.713 7.073 9.604 4.570 7.762 7.077 0.497 4.825 8.838 11.032 1.834 5.296 10.467 2.020 13.117 5.922 7.086 8.409 9.875 8.967 4.310 6.710 3.741 9.295 7.547 9.679 7.582 3.404 4.951 4.119 10.778 1.477 5.917 11.318 3.403 3.351 8.352 11.891 7.423 7.653 4.630 7.496 3.850 5.311 11.076 4.045 4.316 8.780 10.998 10.251 6.832 8.397 5.184 5.334 10.766 9.218 3.939 2.562 4.825 4.998 11.874 2.261 4.632 1.330 1.522 8.610 1.797 10.511 13.307 9.797 4.064 8.830 6.909 8.815 2.571 2.350 1.966 7.875 5.000 11.386 10.140 4.966 9.246 2.388 6.137 2.793 10.588 4.252 
8.687 13.911 6.747 5.982 2.288 2.295 10.847 11.607 8.377 4.140 10.850 3.470 6.308 2.654 7.120 10.864 5.085 9.320 8.531 10.699 4.041 12.278 10.236 10.111 7.432 6.709 6.454 4.258 11.875 0.715 12.017 2.298 12.684 5.391 7.019 3.724 2.106 10.000 8.150 10.492 4.824 12.048 7.166 8.008 9.697 8.827 5.007 5.451 6.506 7.327 2.963 2.885 8.130 2.268 7.483 11.658 13.347 8.380 8.399 5.089 9.246 7.701 5.305 1.661 10.998 3.111 10.146 12.820 5.409 7.006 6.282 7.806 3.788 8.496 6.790 9.446 9.418 11.208 9.562 5.654 5.770 10.726 12.239 12.137 5.791 4.507 6.108 8.110 9.436 4.654 7.766 7.551 8.676 7.238 1.615 8.391 9.062 11.135 2.850 12.647 
10.095 16.279 7.691 4.256 2.364 2.744 10.792 13.804 8.322 3.199 11.569 2.744 8.816 3.988 9.075 12.606 7.328 10.264 10.795 12.361 5.944 12.542 12.568 11.595 9.200 8.894 4.343 6.794 13.171 3.009 12.575 4.053 14.930 7.815 9.591 3.274 3.380 10.252 8.823 12.434 6.503 14.117 6.458 10.140 10.988 8.260 7.354 7.960 6.755 6.137 3.937 5.191 9.630 4.678 10.056 13.351 13.821 10.953 9.981 7.079 8.894 7.332 6.166 3.781 12.619 5.411 10.061 13.720 7.969 9.532 7.775 9.207 1.215 11.015 9.359 11.662 11.593 11.987 12.011 4.739 3.299 11.069 14.385 13.016 6.598 6.448 8.574 10.635 11.909 6.864 9.166 6.657 8.532 8.646 3.094 10.364 10.236 13.376 3.310 14.913 
11.460 17.838 8.945 4.250 3.744 4.154 11.540 15.346 9.139 3.979 12.664 3.740 10.361 5.469 10.063 14.050 8.527 11.468 12.349 13.784 7.002 13.417 14.125 12.970 10.071 10.442 3.895 8.212 14.472 4.417 13.587 5.176 16.478 9.127 11.089 4.298 4.881 11.163 9.950 13.929 7.982 15.636 7.007 11.678 12.306 8.802 8.913 9.504 7.776 6.389 5.351 6.484 11.026 6.040 11.548 14.778 14.779 12.441 11.397 8.138 9.534 8.027 7.440 5.068 14.029 6.970 10.811 14.864 9.486 11.071 9.192 10.580 0.559 12.557 10.814 13.209 13.134 13.101 13.567 5.303 2.358 12.006 15.919 14.159 7.839 7.503 10.128 12.175 13.463 8.054 10.539 7.076 9.296 10.028 4.254 11.873 11.523 14.925 3.992 16.464 
2.134 8.625 4.642 11.290 9.831 9.450 6.450 5.637 6.470 9.888 3.171 9.879 8.089 8.322 14.875 2.107 12.676 2.620 5.646 1.607 13.150 5.517 6.434 0.881 15.653 5.630 12.495 10.608 1.102 11.215 4.137 12.448 6.609 11.857 9.573 9.346 8.950 5.155 4.221 3.338 6.011 4.792 8.638 4.846 1.235 8.141 7.206 8.216 6.354 10.001 8.267 11.648 2.710 11.185 9.808 2.115 5.125 10.149 2.542 13.522 7.416 7.581 6.098 11.700 1.421 8.188 6.476 3.088 9.015 8.346 4.539 3.020 12.984 8.399 10.376 5.255 4.930 2.933 7.599 9.402 13.472 4.799 5.504 2.779 5.738 13.323 7.659 8.459 7.891 12.608 3.061 9.152 6.720 3.591 12.258 3.855 2.086 5.842 13.623 6.789 
5.919 14.353 3.197 3.699 3.986 3.862 4.860 11.335 2.379 2.826 6.002 3.200 8.892 3.934 12.912 8.830 10.636 5.134 9.068 8.414 10.036 6.623 10.851 7.332 13.372 7.320 4.903 9.009 8.345 6.836 6.814 8.432 12.539 10.478 10.367 2.687 4.200 4.359 3.477 9.251 4.497 11.140 1.508 8.030 6.398 2.744 6.985 8.281 1.256 2.646 3.418 8.615 5.779 7.944 10.830 9.364 7.978 11.638 6.248 10.955 3.105 1.566 2.463 7.735 8.540 5.897 4.131 8.255 8.824 9.608 4.550 5.229 6.250 10.739 10.664 9.570 9.347 6.466 11.038 1.818 6.076 5.204 11.657 7.559 2.412 10.450 8.416 10.496 11.116 10.300 5.197 2.110 2.607 4.859 7.718 7.654 5.531 11.138 8.700 12.616 
3.610 5.615 6.272 12.954 10.648 10.232 9.336 2.616 8.912 11.214 6.164 11.029 6.588 8.916 13.574 0.920 11.593 5.219 3.582 1.430 12.439 8.541 3.691 2.564 14.419 4.575 14.125 9.616 3.585 11.240 7.162 12.174 3.597 10.610 7.788 10.561 9.520 7.968 6.516 0.653 6.400 1.825 10.741 3.325 3.623 10.614 6.435 7.010 8.257 12.060 9.046 11.076 3.692 10.760 7.899 1.342 8.094 8.019 3.228 12.561 10.005 9.842 7.391 11.493 1.629 7.998 9.263 5.903 7.736 6.587 5.284 4.240 13.878 6.179 8.673 2.820 2.551 5.956 5.067 11.121 14.798 7.733 2.506 5.736 7.193 12.501 6.290 6.353 5.400 11.637 4.273 11.313 9.223 4.659 12.219 2.656 4.348 2.880 13.612 3.769 
6.918 11.679 5.498 7.120 3.251 2.953 10.202 9.370 7.879 5.004 9.553 4.389 4.182 2.105 6.984 8.819 4.665 7.900 6.288 8.703 4.412 11.308 7.995 8.244 7.536 4.488 7.872 3.026 10.106 2.345 10.811 3.431 10.441 4.474 5.138 4.352 2.097 9.133 7.030 8.344 3.078 9.841 7.345 5.797 7.984 8.742 2.764 3.333 5.924 7.898 2.645 2.866 6.310 2.273 5.621 9.631 12.173 6.519 6.509 5.130 8.946 7.535 4.329 2.684 9.023 0.902 9.562 11.324 3.464 4.913 4.570 6.080 5.839 6.383 5.114 7.208 7.189 9.850 7.365 6.198 7.574 9.748 10.010 10.673 4.788 4.726 3.925 6.012 7.260 4.371 6.043 7.852 8.234 5.536 3.326 6.247 7.464 8.893 4.720 10.402 
8.243 15.922 5.517 1.619 2.401 2.605 7.518 13.078 5.127 0.535 8.826 1.179 9.364 3.644 11.736 11.071 9.652 7.825 10.405 10.715 8.644 9.409 12.247 9.737 12.032 8.488 2.621 8.462 10.980 5.318 9.656 6.819 14.275 9.798 10.584 1.242 3.448 7.179 6.208 11.251 5.587 13.098 3.034 9.497 8.911 4.842 7.527 8.594 3.953 2.773 3.172 7.466 7.949 6.813 11.068 11.702 10.805 11.950 8.386 9.704 5.529 4.005 4.195 6.266 10.898 5.860 6.787 11.069 8.917 10.120 6.321 7.431 3.483 11.468 10.643 11.094 10.933 9.283 12.101 1.308 3.329 8.032 13.519 10.369 4.455 9.119 8.971 11.151 12.099 9.239 7.392 3.216 5.274 6.945 5.940 9.384 8.067 12.776 6.598 14.313 
4.565 4.534 6.731 13.002 10.149 9.731 10.677 1.590 9.787 11.064 7.776 10.756 4.785 8.362 11.681 2.922 9.840 6.495 1.710 3.319 10.871 10.216 1.574 4.153 12.547 3.366 14.113 7.968 5.628 10.166 8.919 10.874 2.777 8.794 5.781 10.359 8.909 9.258 7.430 1.609 5.956 2.068 11.235 2.092 5.044 11.450 5.141 5.364 8.722 12.468 8.615 9.627 4.324 9.413 5.836 3.521 9.982 5.881 3.881 10.852 10.976 10.511 7.477 10.259 3.629 6.963 10.476 7.905 6.001 4.635 5.294 4.833 13.313 4.038 6.681 0.754 0.660 7.661 2.884 11.282 14.529 9.192 2.165 7.641 7.418 10.869 4.593 4.246 3.217 9.942 4.852 11.835 10.140 5.037 11.067 2.168 5.537 1.317 12.438 2.819 
11.385 18.492 8.709 2.838 4.118 4.528 10.527 15.822 8.261 3.463 12.078 3.546 11.307 5.896 11.756 14.138 10.086 11.080 12.946 13.817 8.651 12.521 14.770 12.894 11.812 11.006 2.182 9.527 14.215 5.766 12.868 6.777 16.992 10.581 12.221 4.037 5.410 10.350 9.469 14.186 8.291 15.978 5.915 12.160 12.116 7.635 9.680 10.465 7.214 5.044 5.617 7.959 11.034 7.440 12.695 14.811 13.972 13.596 11.447 9.790 8.447 7.046 7.296 6.547 14.024 7.776 9.812 14.326 10.567 12.046 9.293 10.540 1.674 13.503 12.050 13.739 13.623 12.538 14.379 4.347 0.556 11.211 16.333 13.627 7.618 9.155 11.010 13.140 14.313 9.619 10.501 5.852 8.351 10.022 5.825 12.209 11.285 15.454 5.754 17.002 
9.462 8.119 9.868 13.408 9.542 9.246 14.879 7.510 13.014 11.279 12.964 10.678 3.059 8.223 5.409 9.427 4.422 11.286 5.349 9.663 6.070 15.265 5.656 10.002 6.296 5.473 14.158 3.782 11.877 7.566 14.280 7.193 7.985 3.331 1.438 10.600 8.368 13.539 11.286 8.248 7.409 8.590 13.218 6.027 10.439 14.287 4.833 3.485 11.217 13.996 8.747 5.686 8.868 5.985 1.078 10.167 15.567 1.011 8.699 5.438 14.232 13.091 9.466 7.010 10.026 5.997 14.397 13.904 2.939 2.568 8.197 9.055 11.748 2.768 1.189 6.079 6.338 13.053 4.176 12.344 13.719 13.860 8.276 13.445 9.764 5.788 3.570 2.539 3.834 4.780 9.041 13.786 13.404 8.789 7.918 7.018 10.440 6.898 8.902 7.813 
7.910 12.892 6.185 6.502 2.611 2.448 10.585 10.602 8.165 4.494 10.295 3.831 5.308 2.232 6.882 9.965 4.683 8.702 7.519 9.823 3.974 11.876 9.218 9.294 7.307 5.715 7.112 3.509 11.108 1.183 11.507 2.564 11.672 4.791 6.092 3.947 1.869 9.634 7.658 9.540 4.026 11.064 7.249 7.021 8.950 8.806 3.992 4.450 6.234 7.594 2.681 2.562 7.329 1.888 6.563 10.768 12.856 7.464 7.567 4.895 9.131 7.632 4.838 1.798 10.132 2.117 9.908 12.181 4.453 6.015 5.516 7.045 4.731 7.502 5.929 8.440 8.419 10.627 8.547 5.886 6.606 10.314 11.240 11.510 5.322 4.381 5.095 7.119 8.426 4.300 7.006 7.695 8.492 6.484 2.223 7.440 8.364 10.125 3.596 11.632 
1.095 9.456 3.185 9.816 8.442 8.071 5.469 6.361 5.120 8.427 2.555 8.435 7.586 7.003 14.111 3.046 11.847 1.324 5.610 2.543 12.163 4.994 6.774 1.356 14.850 5.088 11.020 9.782 2.366 10.007 3.807 11.317 7.452 11.116 9.158 7.897 7.626 4.080 2.793 3.987 4.830 5.722 7.199 4.632 0.284 6.814 6.412 7.565 4.882 8.559 6.905 10.632 1.737 10.125 9.454 3.360 5.045 9.913 1.833 12.629 6.148 6.173 4.669 10.556 2.547 7.117 5.367 3.530 8.366 7.964 3.332 1.823 11.562 8.278 9.893 5.471 5.148 2.547 7.721 7.927 12.003 3.928 6.387 2.966 4.289 12.378 7.113 8.267 7.971 11.733 1.858 7.726 5.400 2.363 11.055 3.682 0.610 6.436 12.398 7.603 
1.441 8.139 4.167 10.910 9.167 8.773 6.789 5.065 6.443 9.377 3.697 9.310 7.115 7.587 13.908 1.695 11.718 2.675 4.729 1.198 12.224 6.127 5.652 0.097 14.690 4.656 12.107 9.651 2.057 10.385 4.821 11.576 6.128 10.889 8.605 8.793 8.216 5.416 4.077 2.695 5.197 4.378 8.434 3.890 1.073 8.142 6.252 7.244 6.033 9.784 7.578 10.733 1.899 10.286 8.847 2.085 5.920 9.204 1.642 12.574 7.493 7.453 5.530 10.834 1.259 7.303 6.712 4.007 8.042 7.380 3.767 2.312 12.359 7.473 9.404 4.413 4.086 3.563 6.738 9.032 12.981 5.205 5.052 3.623 5.221 12.387 6.684 7.520 7.017 11.658 2.353 8.980 6.734 2.869 11.422 2.897 1.856 5.188 12.798 6.286 
12.062 14.146 10.915 10.848 7.309 7.286 15.550 12.792 13.153 9.145 14.941 8.481 6.795 7.211 2.360 13.404 1.875 13.260 9.860 13.421 1.024 16.726 11.018 13.220 2.445 8.694 11.101 3.613 15.162 4.306 16.215 2.790 13.581 3.011 6.273 8.743 6.858 14.535 12.449 12.589 8.409 13.624 12.167 9.899 13.154 13.781 6.904 6.230 11.212 12.340 7.676 2.554 11.423 3.180 6.519 14.232 17.579 7.161 11.520 0.833 14.126 12.619 9.717 3.362 13.775 6.050 14.885 16.610 5.569 7.102 9.852 11.294 7.742 8.333 5.490 10.820 10.946 15.217 9.784 10.675 9.970 15.165 13.543 15.984 10.188 0.737 6.984 7.946 9.509 1.642 11.261 12.568 13.485 10.789 3.719 10.675 12.739 12.202 3.751 13.459 
2.156 6.845 4.485 11.045 8.645 8.229 8.277 3.742 7.416 9.250 5.482 9.044 5.261 6.913 12.174 1.846 10.063 4.103 2.756 1.842 10.744 7.924 3.855 2.056 12.985 2.912 12.202 8.023 3.914 9.315 6.696 10.327 4.928 9.162 6.690 8.585 7.520 6.854 5.040 1.619 4.397 3.491 9.008 1.946 2.740 9.096 4.692 5.498 6.494 10.290 7.043 9.317 1.957 8.948 6.908 2.672 7.857 7.237 1.495 10.977 8.590 8.207 5.464 9.623 2.204 6.091 8.067 5.981 6.278 5.460 3.313 2.493 11.874 5.498 7.515 2.539 2.218 5.427 4.808 9.243 12.821 6.821 3.999 5.590 5.312 10.853 4.867 5.548 5.073 10.051 2.518 9.598 7.762 2.801 10.312 0.972 3.142 3.672 11.706 5.032 
2.683 6.307 5.266 11.919 9.606 9.191 8.632 3.199 8.021 10.166 5.608 9.980 5.950 7.881 12.922 0.984 10.865 4.456 3.139 1.194 11.618 8.040 3.774 1.959 13.749 3.743 13.087 8.848 3.494 10.274 6.722 11.260 4.321 9.926 7.280 9.512 8.489 7.233 5.621 0.840 5.366 2.704 9.762 2.601 2.917 9.718 5.574 6.278 7.264 11.069 8.003 10.215 2.685 9.867 7.448 1.801 7.777 7.679 2.214 11.804 9.150 8.898 6.349 10.564 1.549 7.043 8.498 5.726 7.036 6.054 4.235 3.235 12.837 5.874 8.139 2.615 2.294 5.471 4.963 10.094 13.750 7.087 3.299 5.440 6.162 11.707 5.600 5.985 5.267 10.878 3.267 10.342 8.346 3.628 11.266 1.764 3.531 3.281 12.660 4.458 
5.346 13.791 2.620 4.233 4.077 3.896 4.738 10.765 2.251 3.160 5.576 3.441 8.464 3.765 12.744 8.255 10.445 4.618 8.533 7.842 9.934 6.374 10.305 6.766 13.236 6.812 5.438 8.750 7.817 6.805 6.458 8.397 11.969 10.229 9.967 2.897 4.108 4.081 2.973 8.675 4.037 10.564 2.013 7.486 5.843 2.977 6.566 7.883 0.715 3.212 3.281 8.478 5.202 7.812 10.424 8.794 7.666 11.217 5.671 10.816 3.176 1.762 1.968 7.678 7.971 5.597 4.025 7.815 8.456 9.169 3.999 4.652 6.571 10.266 10.300 9.017 8.790 6.031 10.524 2.344 6.543 4.902 11.082 7.115 1.864 10.331 7.981 10.033 10.610 10.127 4.620 2.621 2.547 4.284 7.730 7.091 4.977 10.575 8.778 12.048 
8.269 12.784 6.687 7.093 3.225 3.081 11.179 10.613 8.773 5.114 10.785 4.448 5.095 2.831 6.240 10.188 4.047 9.165 7.513 10.077 3.356 12.427 9.151 9.612 6.671 5.786 7.659 2.979 11.462 1.068 12.016 2.089 11.649 4.197 5.728 4.582 2.504 10.201 8.184 9.687 4.401 11.140 7.890 7.101 9.327 9.441 3.983 4.243 6.834 8.230 3.301 1.921 7.669 1.247 6.188 11.002 13.371 7.084 7.877 4.257 9.755 8.263 5.388 1.326 10.397 2.261 10.508 12.622 4.137 5.769 5.899 7.420 5.087 7.263 5.490 8.456 8.460 11.103 8.386 6.523 7.059 10.863 11.275 11.960 5.868 3.752 4.940 6.870 8.241 3.660 7.382 8.337 9.105 6.868 1.968 7.597 8.778 10.112 3.360 11.597 
3.352 9.435 2.856 8.031 5.162 4.742 7.877 6.630 6.049 6.037 6.370 5.716 3.969 3.395 9.815 5.319 7.513 4.647 3.945 5.150 7.779 8.460 5.780 4.642 10.521 2.108 9.108 5.468 6.518 5.861 7.688 7.029 7.814 6.870 5.575 5.325 3.987 6.567 4.305 5.068 0.916 6.793 6.719 3.010 4.438 7.453 2.270 3.607 4.391 7.792 3.591 6.254 2.726 5.767 5.987 6.108 9.044 6.692 2.907 8.257 7.286 6.312 2.754 6.286 5.455 2.764 7.385 7.891 4.348 4.601 1.241 2.571 8.375 5.571 6.108 4.607 4.454 6.585 5.828 6.410 9.491 6.972 7.129 7.279 2.908 7.993 3.459 5.365 5.899 7.372 2.538 7.325 6.441 2.087 6.888 3.018 4.029 6.297 8.272 7.841 
1.869 10.818 1.718 8.118 7.047 6.706 4.366 7.701 3.493 6.826 2.509 6.897 7.669 5.796 13.688 4.642 11.366 0.884 6.338 4.169 11.444 4.571 7.792 3.009 14.365 5.288 9.323 9.348 3.944 8.955 3.801 10.379 8.853 10.772 9.291 6.347 6.393 2.945 1.102 5.379 4.028 7.217 5.478 5.259 1.996 5.196 6.159 7.455 3.176 6.837 5.601 9.894 2.136 9.324 9.652 5.050 5.165 10.238 2.542 12.043 4.611 4.475 3.240 9.610 4.227 6.386 4.080 4.388 8.224 8.180 2.673 1.739 10.064 8.783 9.919 6.443 6.144 2.801 8.500 6.230 10.366 3.146 7.838 3.700 2.797 11.717 7.163 8.693 8.698 11.188 1.741 6.012 3.809 1.929 9.999 4.466 1.133 7.677 11.287 8.980 
4.411 13.128 3.870 8.282 8.500 8.250 1.804 10.041 2.674 7.667 1.651 7.968 10.423 7.696 16.187 6.643 13.848 2.434 9.050 6.125 13.731 1.983 10.390 4.972 16.814 8.063 9.429 11.888 4.803 10.922 1.989 12.452 11.117 13.346 12.047 7.421 8.208 0.621 2.320 7.666 6.504 9.354 5.157 7.989 3.936 3.985 8.840 10.165 3.937 6.427 7.351 12.191 4.836 11.574 12.417 6.769 3.137 13.013 5.178 14.438 3.108 3.956 5.059 11.692 6.036 8.789 1.881 3.735 10.917 10.951 5.334 4.502 11.090 11.551 12.651 9.058 8.744 2.097 11.207 6.542 10.828 0.420 10.039 3.126 4.576 14.053 9.915 11.467 11.423 13.625 4.507 5.485 2.707 4.694 11.926 7.139 3.396 10.115 13.100 11.274 
7.834 1.839 9.907 15.867 12.658 12.253 13.939 2.342 13.029 13.829 10.965 13.436 5.928 10.897 11.810 5.832 10.475 9.753 3.900 6.314 11.868 13.390 2.064 7.310 12.699 5.819 16.920 9.009 8.504 12.031 12.047 12.366 1.927 9.340 6.066 13.104 11.365 12.522 10.689 4.591 8.723 3.468 14.356 4.879 8.266 14.676 7.152 6.750 11.865 15.540 11.243 10.934 7.580 10.912 5.856 6.165 13.019 5.403 7.145 11.534 14.229 13.700 10.485 11.887 6.554 9.095 13.745 10.825 7.083 5.377 8.355 8.076 15.663 4.012 6.883 3.344 3.597 10.811 2.622 14.242 17.131 12.432 2.800 10.661 10.492 11.728 6.026 4.408 2.850 10.715 8.092 14.962 13.388 8.233 12.780 5.329 8.799 2.082 14.059 1.697 
8.620 9.570 8.417 11.209 7.313 7.042 13.443 8.238 11.376 9.103 11.957 8.481 2.377 6.130 4.612 9.299 2.771 10.234 5.441 9.415 4.132 14.106 6.434 9.476 5.455 4.726 11.910 1.485 11.430 5.249 13.283 4.967 8.985 1.680 1.712 8.450 6.196 12.183 9.927 8.313 5.803 9.137 11.282 5.714 9.683 12.501 3.386 2.152 9.488 11.950 6.668 3.452 7.982 3.688 2.055 10.106 14.623 2.874 7.932 3.821 12.551 11.289 7.743 4.720 9.782 3.968 12.894 13.223 1.350 2.526 6.889 8.035 9.430 3.739 1.157 6.364 6.533 12.123 5.180 10.265 11.415 12.618 8.999 12.682 8.105 3.977 2.723 3.346 4.910 2.968 8.012 11.824 11.758 7.653 5.637 6.623 9.498 7.638 6.695 8.859 
3.848 12.087 4.304 9.601 9.401 9.107 3.120 9.057 4.056 8.789 0.323 9.014 10.255 8.368 16.433 5.558 14.113 2.003 8.481 5.044 14.175 2.122 9.628 3.976 17.113 7.793 10.771 12.090 3.422 11.580 1.054 13.049 10.069 13.504 11.862 8.458 8.932 2.105 2.886 6.703 6.773 8.261 6.532 7.481 3.068 5.462 8.857 10.118 4.967 7.838 8.098 12.625 4.406 12.044 12.191 5.556 2.417 12.704 4.637 14.789 4.592 5.337 5.720 12.281 4.892 9.127 3.341 2.286 10.902 10.702 5.409 4.228 12.183 11.119 12.542 8.340 8.015 0.628 10.598 7.801 12.095 1.447 8.968 1.646 5.236 14.456 9.761 11.087 10.846 13.935 4.246 6.902 4.143 4.583 12.612 6.549 2.835 9.204 13.856 10.243 
9.967 16.157 7.568 4.235 2.238 2.616 10.699 13.678 8.226 3.118 11.453 2.647 8.703 3.859 9.044 12.476 7.273 10.143 10.671 12.231 5.910 12.439 12.445 11.467 9.181 8.768 4.357 6.709 13.045 2.931 12.464 4.015 14.804 7.745 9.490 3.172 3.251 10.147 8.706 12.304 6.373 13.989 6.383 10.013 10.862 8.183 7.233 7.848 6.646 6.087 3.808 5.127 9.501 4.604 9.956 13.222 13.713 10.854 9.851 7.042 8.809 7.245 6.042 3.721 12.490 5.290 9.968 13.601 7.864 9.421 7.645 9.079 1.317 10.903 9.266 11.536 11.466 11.870 11.893 4.667 3.361 10.963 14.258 12.897 6.476 6.413 8.459 10.524 11.793 6.811 9.038 6.592 8.439 8.518 3.057 10.235 10.111 13.251 3.329 14.788 
2.094 11.005 1.251 7.676 6.571 6.233 4.405 7.894 3.256 6.352 2.900 6.418 7.487 5.343 13.360 4.958 11.030 1.352 6.348 4.502 11.060 4.824 7.876 3.369 14.022 5.167 8.881 9.030 4.409 8.517 4.160 9.957 9.063 10.468 9.111 5.868 5.934 3.014 0.883 5.610 3.671 7.472 5.104 5.257 2.401 4.947 5.906 7.225 2.741 6.455 5.135 9.510 2.227 8.930 9.487 5.414 5.525 10.104 2.672 11.684 4.427 4.148 2.767 9.188 4.588 6.018 4.045 4.849 7.981 8.030 2.398 1.749 9.585 8.707 9.709 6.525 6.237 3.225 8.504 5.788 9.900 3.337 8.071 4.156 2.319 11.343 6.977 8.596 8.686 10.839 1.740 5.654 3.597 1.792 9.558 4.527 1.534 7.834 10.838 9.180 
5.200 13.640 2.471 4.364 4.091 3.896 4.741 10.614 2.265 3.240 5.487 3.495 8.340 3.711 12.682 8.109 10.378 4.499 8.386 7.697 9.890 6.338 10.157 6.625 13.182 6.670 5.569 8.667 7.692 6.782 6.390 8.370 11.818 10.148 9.849 2.947 4.073 4.041 2.860 8.525 3.908 10.414 2.159 7.339 5.707 3.072 6.445 7.766 0.600 3.363 3.238 8.426 5.053 7.762 10.305 8.652 7.610 11.094 5.522 10.761 3.233 1.859 1.833 7.647 7.829 5.506 4.035 7.721 8.346 9.043 3.850 4.503 6.641 10.131 10.190 8.867 8.640 5.938 10.381 2.476 6.654 4.853 10.932 7.019 1.716 10.282 7.855 9.901 10.468 10.064 4.471 2.767 2.576 4.133 7.717 6.941 4.842 10.424 8.782 11.897 
9.704 8.568 9.996 13.309 9.423 9.141 15.021 7.933 13.106 11.190 13.188 10.578 3.237 8.167 4.960 9.772 4.026 11.497 5.697 9.993 5.697 15.464 6.076 10.295 5.847 5.702 14.029 3.541 12.187 7.339 14.508 6.889 8.424 2.958 1.626 10.523 8.278 13.696 11.437 8.611 7.491 9.001 13.226 6.328 10.698 14.341 4.923 3.564 11.281 13.965 8.697 5.392 9.100 5.729 1.370 10.522 15.806 1.458 8.950 5.029 14.314 13.139 9.527 6.743 10.358 5.955 14.523 14.183 2.942 2.829 8.347 9.265 11.534 3.177 1.104 6.455 6.706 13.290 4.604 12.299 13.538 14.041 8.699 13.710 9.843 5.399 3.741 2.924 4.265 4.399 9.249 13.785 13.494 8.976 7.642 7.316 10.668 7.319 8.584 8.255 
4.785 13.025 2.031 4.723 3.783 3.528 5.221 10.027 2.813 3.286 5.542 3.401 7.610 3.137 12.056 7.667 9.740 4.356 7.715 7.280 9.321 6.656 9.502 6.257 12.579 5.969 5.914 7.990 7.476 6.295 6.555 7.867 11.233 9.474 9.121 2.844 3.565 4.363 2.809 7.997 3.181 9.881 2.851 6.681 5.405 3.784 5.716 7.038 0.867 3.983 2.708 7.833 4.565 7.177 9.576 8.254 7.830 10.365 5.025 10.160 3.880 2.576 1.115 7.128 7.439 4.815 4.542 7.724 7.623 8.314 3.212 4.025 6.583 9.410 9.467 8.228 8.011 5.968 9.685 2.868 6.838 5.124 10.374 7.018 1.084 9.699 7.126 9.177 9.766 9.440 3.989 3.458 3.160 3.601 7.265 6.331 4.558 9.813 8.394 11.303 
7.623 10.786 6.769 8.897 4.999 4.731 11.680 8.850 9.458 6.797 10.643 6.169 3.025 3.888 5.554 9.003 3.222 8.933 5.769 8.991 3.578 12.595 7.251 8.762 6.221 4.323 9.599 1.290 10.705 3.184 11.946 3.455 9.806 2.777 3.557 6.154 3.899 10.518 8.318 8.282 4.144 9.520 9.109 5.593 8.716 10.439 2.478 2.211 7.519 9.700 4.430 2.184 6.981 1.984 4.021 9.832 13.310 4.920 7.064 3.945 10.579 9.225 5.828 2.935 9.340 1.899 11.077 12.203 1.973 3.647 5.497 6.882 7.249 5.136 3.384 6.740 6.803 10.883 6.340 8.002 9.158 11.055 9.558 11.595 6.246 3.721 2.972 4.736 6.165 3.057 6.851 9.630 9.827 6.400 3.833 6.287 8.344 8.307 5.114 9.729 
11.576 14.864 10.055 9.154 5.832 5.884 14.410 13.159 11.955 7.584 14.158 6.937 7.189 6.090 4.212 13.278 3.119 12.537 10.103 13.223 1.383 15.756 11.489 12.863 4.228 8.653 9.331 4.020 14.753 2.909 15.383 1.327 14.064 4.093 7.076 7.265 5.630 13.504 11.540 12.619 7.745 13.866 10.728 9.938 12.649 12.414 6.790 6.471 10.057 10.773 6.486 2.172 10.959 2.489 7.415 14.105 16.735 8.179 11.129 2.403 12.840 11.295 8.719 2.085 13.560 5.471 13.718 15.986 5.975 7.658 9.239 10.747 5.913 9.043 6.436 11.076 11.149 14.476 10.413 9.153 8.141 14.194 13.881 15.328 9.204 1.808 7.250 8.639 10.181 2.682 10.710 11.083 12.261 10.205 2.070 10.591 12.131 12.600 1.901 13.969 
