20 40 100
373.840 172.133 104.203 383.133 119.434 193.306 217.078 350.268 190.427 161.660 96.649 382.084 74.634 119.797 234.878 106.239 195.193 121.531 276.864 110.374 
33.100 133.042 38.103 73.933 111.618 75.327 68.368 28.135 10.120 93.195 46.353 138.127 38.153 46.283 40.541 86.856 75.466 133.728 108.082 10.759 111.445 130.515 60.509 90.871 56.941 13.243 27.558 83.360 111.528 55.442 70.986 16.924 81.597 128.691 40.571 136.795 105.731 109.424 95.765 70.607 
14.362 23.373 9.312 23.386 9.005 9.612 8.508 5.583 5.937 32.195 26.586 18.273 31.137 21.998 13.852 30.032 10.096 31.317 34.350 21.534 10.014 34.194 12.725 28.103 5.457 15.924 29.509 19.883 20.302 23.313 25.973 11.798 27.368 16.261 17.842 32.708 27.193 8.232 18.451 24.462 12.126 26.143 24.142 32.287 9.680 32.280 34.033 21.541 28.276 28.696 20.697 8.505 34.946 34.772 15.404 16.390 25.304 5.063 31.474 21.982 31.849 13.103 28.607 5.219 22.245 19.853 26.096 33.400 14.279 11.915 5.592 8.334 22.661 12.602 10.946 10.022 28.212 15.694 25.924 10.990 13.005 28.395 21.851 13.349 21.306 6.998 19.799 5.672 15.121 22.691 25.405 18.736 17.315 21.297 8.299 15.712 17.346 34.595 21.208 32.324 
708.888 1321.999 733.893 966.534 1215.423 1010.731 1012.419 690.021 376.545 1177.366 795.713 1322.276 751.142 801.139 797.041 1100.370 1020.344 1353.284 1243.337 391.205 1210.257 1399.640 920.499 1091.684 899.711 462.093 607.692 1053.527 1198.170 813.654 984.324 467.037 1091.854 1316.689 731.709 1421.629 1144.656 1240.443 1200.980 976.042 
9.923 8.939 4.242 9.033 6.062 4.786 2.873 9.381 9.346 4.197 4.933 3.872 5.791 6.517 3.710 5.391 3.203 9.577 4.119 11.514 5.416 8.641 0.780 7.908 5.809 2.167 2.764 7.759 6.564 5.430 6.688 4.173 5.689 5.089 8.128 7.762 2.833 7.465 4.386 7.165 
7.621 5.204 1.039 4.425 6.631 6.223 7.209 6.519 8.166 5.428 4.880 8.340 9.976 2.251 4.533 1.048 5.065 10.700 3.354 7.649 6.508 4.182 3.902 4.860 3.352 3.465 3.043 6.196 7.599 9.202 4.885 5.402 9.680 2.953 8.611 3.774 4.946 3.269 8.000 9.354 
7.808 13.421 7.218 11.084 12.064 2.052 7.723 8.224 6.003 2.811 10.796 8.000 10.005 8.575 9.635 9.270 9.216 3.766 5.013 11.294 2.061 10.323 6.203 12.863 6.316 7.868 5.285 13.394 1.892 10.348 5.688 10.178 10.261 6.011 3.243 8.862 3.542 11.486 9.677 1.184 
17.032 13.869 11.236 15.761 7.644 11.049 4.338 16.579 16.152 10.774 8.285 3.452 1.421 13.482 7.547 11.700 6.664 14.914 11.298 18.679 11.702 15.533 7.856 12.388 13.020 7.908 9.972 10.750 12.590 2.333 13.828 6.972 1.710 12.299 14.215 14.854 9.487 13.194 3.485 11.990 
3.910 9.215 3.466 5.801 10.534 3.520 8.859 3.470 3.828 3.090 8.845 9.738 11.757 3.576 8.103 5.314 8.242 6.726 1.908 6.164 3.346 4.990 5.516 9.171 1.168 6.408 3.304 10.566 4.009 11.445 0.672 8.930 11.700 1.448 4.512 3.489 3.903 7.158 10.367 6.259 
7.392 8.025 2.081 6.817 7.374 3.578 5.497 6.772 7.085 2.780 5.812 6.477 8.414 4.180 4.865 3.929 4.847 8.388 1.591 8.920 4.022 6.299 2.038 7.409 3.185 3.058 0.219 8.092 5.209 7.999 4.160 5.628 8.298 2.465 6.533 5.253 2.025 6.179 6.895 6.622 
3.879 9.828 3.962 6.428 10.897 3.064 8.884 3.681 3.438 2.750 9.235 9.710 11.756 4.217 8.434 5.880 8.509 6.085 2.100 6.549 2.810 5.608 5.658 9.743 1.801 6.689 3.477 11.066 3.391 11.518 0.856 9.241 11.735 1.974 3.875 4.099 3.745 7.771 10.473 5.669 
14.240 14.530 9.980 14.802 9.751 7.742 4.125 14.144 12.897 7.763 9.528 3.201 4.035 12.205 8.374 11.231 7.463 10.734 9.092 16.761 8.321 14.333 6.625 13.302 10.947 7.654 8.085 12.451 8.931 5.138 11.280 8.264 4.620 10.286 10.462 13.273 6.801 13.243 5.353 7.795 
6.766 4.932 2.153 2.730 7.997 6.985 8.908 5.485 7.755 6.246 6.267 10.033 11.686 0.922 6.110 1.720 6.717 11.004 4.028 6.104 7.124 2.483 5.536 5.119 3.147 5.171 4.260 6.990 8.079 10.905 4.608 6.964 11.389 3.121 8.811 2.365 6.094 2.882 9.702 10.089 
5.744 10.478 4.249 7.933 10.247 1.140 7.309 5.700 4.706 0.741 8.727 8.011 10.089 5.418 7.731 6.332 7.588 5.499 1.944 8.557 1.227 7.186 4.501 10.092 3.182 5.897 2.710 10.985 2.335 10.009 2.875 8.445 10.143 2.853 3.612 5.753 1.986 8.484 9.056 4.176 
8.132 14.820 8.591 12.178 13.585 3.394 9.108 8.787 6.077 4.194 12.321 9.287 11.232 9.767 11.161 10.664 10.733 2.595 6.323 11.924 3.180 11.379 7.729 14.319 7.416 9.393 6.741 14.907 2.414 11.675 6.544 11.698 11.538 7.210 3.019 9.881 5.052 12.853 11.070 0.384 
8.012 3.839 4.959 1.428 9.238 9.722 11.369 6.564 9.555 9.013 7.685 12.521 14.003 3.202 7.943 3.668 8.728 13.404 6.799 5.702 9.797 2.191 8.184 4.866 5.583 7.494 7.086 7.281 10.659 13.075 6.801 8.708 13.630 5.766 11.176 3.514 8.923 2.572 11.876 12.779 
10.316 17.658 11.433 14.944 16.090 6.233 11.173 11.190 8.101 7.028 14.937 11.115 12.867 12.583 13.740 13.502 13.226 3.365 9.167 14.331 6.017 14.127 10.345 17.127 10.207 12.030 9.548 17.613 5.135 13.538 9.222 14.206 13.279 10.037 5.138 12.616 7.788 15.697 13.115 3.105 
7.328 6.164 0.411 5.111 6.836 5.269 6.608 6.369 7.616 4.469 5.110 7.707 9.453 2.632 4.525 2.015 4.885 9.836 2.476 7.895 5.584 4.732 3.156 5.720 2.905 3.118 2.055 6.820 6.703 8.787 4.361 5.390 9.212 2.349 7.794 4.018 3.959 4.253 7.602 8.393 
2.842 11.331 8.273 6.112 15.276 9.176 14.789 2.583 5.035 8.986 13.528 15.731 17.706 6.498 13.162 9.047 13.569 9.871 7.845 2.106 8.744 5.487 11.311 12.092 6.115 11.780 9.153 14.243 8.743 17.267 5.442 14.033 17.591 6.836 8.051 4.976 9.949 9.636 16.128 11.014 
1.463 10.147 5.479 5.577 12.700 5.691 11.464 0.992 2.755 5.478 10.964 12.351 14.367 4.443 10.379 6.850 10.634 7.262 4.493 4.106 5.298 4.713 8.074 10.480 2.998 8.800 5.867 12.260 5.463 14.028 1.966 11.234 14.300 3.673 5.147 3.372 6.469 8.163 12.931 7.800 
5.909 7.017 1.064 4.744 8.262 4.590 7.549 5.001 6.225 3.848 6.538 8.584 10.453 2.086 5.923 2.958 6.217 8.801 1.630 6.810 4.758 4.157 4.019 6.820 1.478 4.400 2.136 8.150 5.769 9.908 2.952 6.781 10.276 0.971 6.670 3.072 3.798 4.987 8.750 7.705 
5.180 6.542 2.302 3.136 9.223 5.937 9.222 3.971 6.127 5.282 7.472 10.284 12.103 0.759 7.096 3.124 7.549 9.569 3.144 5.194 5.955 2.453 5.701 6.744 1.711 5.815 3.892 8.524 6.787 11.481 3.038 7.968 11.889 1.976 7.350 1.341 5.470 4.503 10.300 8.936 
10.616 14.292 8.466 12.940 11.479 4.213 6.226 10.866 8.920 4.638 10.564 6.105 7.881 10.299 9.321 10.310 8.659 6.207 6.681 13.823 4.590 12.274 6.192 13.440 8.361 7.823 6.325 13.426 4.805 8.527 8.130 9.637 8.273 7.870 6.166 10.929 4.450 12.551 8.141 3.281 
10.324 13.324 7.597 12.172 10.468 3.789 5.306 10.443 8.791 4.059 9.540 5.295 7.176 9.517 8.297 9.384 7.640 6.641 5.950 13.310 4.279 11.539 5.183 12.444 7.704 6.804 5.455 12.402 4.746 7.714 7.636 8.620 7.516 7.163 6.252 10.243 3.633 11.616 7.248 3.706 
8.981 11.004 4.197 2.573 10.833 2.894 11.384 8.265 10.767 4.892 6.884 10.662 5.064 3.876 11.446 15.542 13.619 14.282 8.275 13.304 3.885 5.369 6.502 4.155 9.582 9.160 10.576 8.250 0.919 12.299 4.171 12.057 8.382 6.802 12.147 7.562 11.577 12.552 12.983 14.040 17.242 5.626 13.869 6.460 12.314 5.837 7.482 7.495 11.348 6.858 13.346 9.342 5.752 11.498 12.603 6.856 7.050 7.178 10.707 4.419 12.059 9.612 8.730 4.089 12.546 8.309 13.118 8.156 9.068 7.474 3.922 4.695 12.394 6.510 4.860 15.285 10.642 7.645 10.234 11.443 6.905 9.362 15.815 7.512 14.807 5.807 9.953 3.812 8.759 6.699 6.677 9.251 3.417 7.528 8.729 0.845 5.441 4.733 12.908 0.966 
11.916 14.335 12.915 10.707 13.990 8.667 12.140 11.621 17.010 13.630 9.239 17.069 7.983 12.796 14.892 13.881 2.322 12.193 14.966 2.617 10.094 9.432 5.340 13.143 16.503 16.017 7.359 3.939 11.713 3.795 8.798 8.584 9.985 7.796 13.531 15.056 8.963 3.707 2.636 6.215 14.362 14.566 3.675 6.238 8.339 11.186 4.771 16.095 0.612 12.032 9.569 2.131 8.776 14.178 8.768 11.224 15.831 4.806 16.945 8.925 0.608 6.342 2.952 10.947 14.272 3.605 12.048 7.404 13.066 10.973 11.294 9.324 12.835 5.055 12.724 10.631 5.435 9.916 2.183 4.772 14.463 8.890 12.777 11.094 12.746 5.762 1.560 10.807 13.114 14.340 5.149 11.427 12.637 4.623 15.852 12.283 6.210 7.868 6.531 12.169 
6.049 8.605 6.969 5.191 8.280 5.110 7.108 5.614 10.856 7.607 3.095 10.899 6.584 6.915 9.174 10.313 7.796 8.728 8.739 7.125 7.819 3.235 4.721 7.229 10.284 9.796 3.985 2.302 6.771 5.591 6.730 5.641 4.219 1.636 8.396 8.829 5.416 5.883 6.713 7.110 11.577 8.509 7.398 0.581 5.771 4.957 1.543 9.922 5.828 5.811 6.994 4.695 2.554 8.631 6.141 5.021 9.687 1.741 10.789 7.061 6.811 2.796 3.404 4.947 9.075 5.141 7.952 2.013 7.066 4.863 5.331 3.267 8.040 2.501 6.636 8.836 3.703 3.920 4.245 4.542 8.248 3.857 9.981 4.982 9.318 4.036 4.773 4.879 7.050 8.133 1.837 5.722 6.863 1.718 9.620 7.586 4.351 2.248 5.984 7.868 
10.582 13.148 9.216 6.722 12.845 3.765 11.916 10.027 14.742 10.012 7.511 14.732 2.800 9.004 13.709 15.042 7.546 13.409 12.338 7.576 4.867 6.833 0.167 9.371 13.900 13.407 8.381 3.820 7.126 7.488 3.565 10.039 8.909 6.227 13.176 12.092 9.997 7.620 7.394 9.848 16.151 10.957 8.432 4.345 10.039 8.551 3.741 12.739 5.324 9.665 11.352 3.184 6.447 13.278 10.461 9.058 12.380 3.319 14.674 3.710 5.771 7.058 3.365 7.572 13.833 1.708 12.731 6.824 11.411 9.170 7.804 6.359 12.858 2.331 9.331 13.003 7.207 8.462 4.878 7.396 11.415 8.674 14.523 9.278 14.002 1.068 3.979 7.328 11.301 11.245 3.013 10.377 8.711 3.611 13.113 7.503 1.249 4.772 9.344 7.213 
9.664 11.309 13.539 12.267 10.981 12.113 8.422 9.790 14.925 13.992 8.525 15.067 12.797 13.581 11.758 8.272 5.737 6.771 13.687 4.625 14.529 9.684 10.173 13.828 14.938 14.537 4.290 6.490 13.965 2.917 13.280 4.012 8.108 7.725 9.649 14.222 4.783 2.963 4.306 0.492 8.179 14.746 3.681 7.713 3.546 10.826 6.984 15.658 6.104 11.070 4.117 7.491 9.015 10.828 3.758 10.252 15.572 7.398 14.871 13.543 6.727 4.704 6.811 11.619 10.348 9.167 7.254 6.435 10.909 9.627 12.019 10.061 8.648 8.412 12.955 4.324 3.520 8.547 5.462 2.836 13.852 6.451 6.758 9.721 7.191 10.010 6.736 11.657 11.148 13.819 7.914 8.965 13.654 7.014 14.573 14.798 10.483 9.449 1.401 15.087 
2.465 4.550 3.431 4.001 4.338 6.972 5.017 1.760 5.733 3.589 2.284 5.753 9.526 3.626 5.046 9.300 12.835 8.296 3.540 12.028 9.626 2.236 8.917 3.712 5.085 4.596 6.351 7.502 5.774 10.102 9.119 7.210 2.676 3.645 5.621 3.738 6.493 10.426 11.580 10.740 11.162 4.186 12.065 5.298 7.620 0.713 6.718 5.055 10.997 0.618 8.209 9.846 2.736 4.974 7.729 0.430 4.940 6.810 5.666 9.480 11.996 6.173 8.592 2.459 5.999 9.964 6.993 4.453 2.609 1.183 2.657 2.758 5.983 7.147 2.621 10.077 7.579 2.101 9.372 8.692 3.261 4.282 9.923 1.152 8.742 8.025 9.972 2.745 2.375 3.203 6.673 2.871 3.934 6.884 4.429 6.638 8.070 4.296 9.235 7.411 
5.120 5.955 10.497 10.286 5.665 11.789 3.001 5.576 9.798 10.660 5.874 9.975 13.547 10.663 6.316 3.439 10.646 1.776 9.166 9.522 14.618 7.392 11.559 10.783 10.106 9.793 3.363 8.050 12.204 7.233 13.628 2.009 4.520 6.162 4.028 9.949 1.677 7.496 9.081 6.087 4.631 11.156 8.903 7.533 2.351 7.591 7.903 11.503 9.964 7.254 1.674 10.257 7.009 5.350 2.004 6.655 11.553 8.315 9.754 13.972 10.902 4.652 9.026 9.048 4.687 11.451 1.575 5.017 6.170 5.900 9.389 8.052 2.978 9.326 9.704 3.118 5.152 5.245 8.545 5.867 9.791 3.410 3.092 5.938 2.369 10.968 9.811 9.229 6.509 9.829 8.644 4.443 10.913 8.047 9.956 13.115 11.311 8.427 4.698 13.706 
8.986 11.218 5.011 2.777 11.008 1.441 11.214 8.278 11.464 5.781 6.510 11.384 3.742 4.713 11.701 15.231 12.255 13.869 8.940 11.990 3.024 5.061 5.047 5.045 10.353 9.902 9.795 7.010 2.065 11.112 2.937 11.357 8.088 6.130 12.115 8.348 10.950 11.350 11.687 12.980 16.829 6.620 12.603 5.435 11.570 5.964 6.291 8.505 9.978 7.087 12.682 7.939 5.276 11.633 11.892 6.908 8.079 5.950 11.401 3.238 10.658 8.727 7.398 4.290 12.586 6.860 12.786 7.429 9.272 7.425 4.257 4.346 12.235 5.191 5.508 14.599 9.640 7.377 8.935 10.361 7.665 8.839 15.340 7.485 14.418 4.368 8.576 3.983 9.005 7.463 5.434 9.148 4.292 6.317 9.501 2.301 3.991 3.901 11.939 2.111 
7.639 9.340 2.143 2.093 9.217 4.681 10.200 6.944 8.648 2.725 6.228 8.528 7.158 1.827 9.726 14.472 14.666 13.385 6.211 14.195 6.136 4.784 8.151 2.023 7.424 7.025 10.376 9.065 1.379 12.868 6.328 11.671 7.498 6.632 10.759 5.415 11.080 13.152 13.826 14.289 16.298 3.388 14.611 6.935 11.997 4.537 8.223 5.246 12.453 5.329 12.868 10.610 5.377 9.917 12.220 5.570 4.799 8.018 8.591 6.605 13.271 9.639 9.771 2.965 11.060 9.852 12.124 7.977 7.467 6.286 2.626 4.291 11.169 7.609 2.948 14.805 10.854 6.767 11.137 11.797 4.789 8.780 14.985 6.291 13.863 7.341 11.109 2.810 7.117 4.584 7.582 8.047 1.379 8.313 6.578 1.801 7.068 5.076 12.993 2.699 
2.557 4.923 3.857 3.910 4.671 6.574 4.908 1.855 6.476 4.146 1.488 6.506 9.050 4.000 5.454 9.128 12.030 8.006 4.338 11.226 9.311 1.616 8.272 4.148 5.874 5.388 5.655 6.712 5.782 9.313 8.711 6.619 2.163 2.843 5.695 4.537 5.933 9.636 10.778 10.011 10.923 4.833 11.272 4.533 7.010 0.946 5.937 5.823 10.197 1.402 7.686 9.075 2.003 5.247 7.150 0.643 5.686 6.045 6.409 9.075 11.197 5.405 7.810 2.463 6.156 9.247 6.752 3.669 3.047 0.999 2.758 2.247 5.913 6.428 3.126 9.587 6.807 1.482 8.570 7.915 4.040 3.664 9.610 1.055 8.486 7.392 9.184 2.700 2.894 3.971 5.930 2.768 4.239 6.105 5.231 6.676 7.469 3.672 8.523 7.391 
8.541 10.455 11.966 10.583 10.113 10.363 7.718 8.565 13.878 12.460 7.026 14.001 11.103 11.990 10.948 8.469 5.263 6.826 12.434 4.128 12.799 8.083 8.519 12.252 13.767 13.342 3.037 4.783 12.250 1.890 11.559 3.434 6.827 6.099 9.045 12.889 4.068 2.115 3.701 1.629 8.785 13.250 3.518 5.971 3.055 9.342 5.241 14.273 4.988 9.698 4.109 6.036 7.397 10.065 3.426 8.858 14.156 5.660 13.821 11.829 5.788 3.106 5.208 10.010 9.778 7.643 6.975 4.871 9.799 8.289 10.411 8.415 8.136 6.688 11.425 5.041 1.807 7.172 4.012 1.125 12.472 5.219 7.223 8.391 7.337 8.309 5.343 10.030 9.997 12.422 6.174 7.873 12.037 5.277 13.335 13.074 8.775 7.727 0.943 13.347 
5.454 5.768 11.074 11.081 5.523 12.782 2.983 6.010 9.655 11.162 6.707 9.849 14.619 11.265 6.040 2.287 11.704 0.699 9.327 10.572 15.624 8.219 12.684 11.353 10.110 9.843 4.522 9.203 12.999 8.301 14.666 3.122 5.236 7.151 3.639 10.183 2.835 8.552 10.140 6.970 3.661 11.578 9.904 8.614 3.413 8.212 9.039 11.744 11.096 7.730 2.440 11.416 7.899 5.079 3.019 7.223 11.838 9.447 9.618 15.015 12.023 5.806 10.185 9.766 4.187 12.606 0.903 6.076 6.348 6.473 10.085 8.903 2.566 10.447 10.250 3.223 6.299 5.977 9.695 6.976 10.102 4.369 2.281 6.492 1.268 12.075 10.966 9.970 6.716 10.162 9.763 4.843 11.548 9.186 10.057 13.908 12.407 9.405 5.676 14.539 
7.499 7.497 13.155 13.140 7.298 14.703 4.947 8.077 11.343 13.232 8.746 11.550 16.411 13.348 7.673 1.726 12.337 1.441 11.260 11.195 17.529 10.263 14.326 13.434 11.924 11.696 6.009 10.690 15.059 9.051 16.522 4.374 7.308 9.079 5.286 12.154 4.417 9.249 10.804 7.222 1.763 13.626 10.371 10.400 4.470 10.297 10.647 13.711 12.093 9.800 3.163 12.719 9.910 6.755 4.029 9.306 13.829 11.074 11.312 16.863 12.941 7.333 11.574 11.844 5.661 14.056 2.801 7.912 8.321 8.557 12.166 10.936 4.302 12.114 12.329 2.519 7.506 8.047 10.854 7.940 12.111 6.324 0.201 8.575 1.157 13.782 12.177 12.043 8.699 12.180 11.439 6.909 13.633 10.779 11.945 15.969 14.145 11.345 6.265 16.585 
7.929 10.498 7.247 4.934 10.192 3.366 9.292 7.387 12.254 8.003 4.858 12.261 4.346 7.095 11.060 12.592 7.827 11.003 9.924 7.462 5.788 4.301 2.534 7.453 11.495 10.999 6.153 2.446 5.976 6.566 4.602 7.828 6.253 3.573 10.532 9.791 7.663 6.794 7.139 8.574 13.835 8.954 8.037 1.742 7.909 6.077 1.804 10.618 5.586 7.141 9.176 3.771 3.841 10.619 8.303 6.481 10.304 1.409 12.187 4.909 6.397 4.875 2.916 5.379 11.182 3.457 10.226 4.285 8.788 6.541 5.682 3.932 10.250 0.743 7.184 10.959 5.419 5.805 4.389 5.957 9.139 6.114 12.230 6.652 11.593 1.770 4.234 5.189 8.696 8.986 0.884 7.718 6.897 1.790 10.743 6.624 2.073 2.323 7.716 6.660 
7.328 9.208 11.026 9.824 8.867 9.985 6.476 7.384 12.655 11.476 6.010 12.782 11.017 11.073 9.700 7.488 6.376 5.809 11.269 5.262 12.565 7.183 8.568 11.316 12.575 12.157 1.836 4.774 11.572 2.962 11.374 2.271 5.664 5.244 7.811 11.762 2.847 3.236 4.814 2.604 8.017 12.232 4.737 5.468 1.955 8.313 5.035 13.176 5.790 8.589 3.170 6.475 6.524 8.818 2.373 7.761 13.078 5.477 12.598 11.669 6.682 2.238 5.447 9.118 8.547 7.947 5.827 3.931 8.585 7.158 9.517 7.586 6.920 6.548 10.439 4.478 1.390 6.060 4.546 1.631 11.370 4.029 6.407 7.256 6.351 8.230 5.880 9.166 8.794 11.331 5.957 6.652 11.155 5.112 12.165 12.426 8.670 7.095 1.128 12.771 
7.900 10.401 8.949 6.959 10.064 5.925 8.536 7.542 12.879 9.621 5.099 12.932 6.568 8.868 10.967 11.141 5.762 9.468 10.810 5.182 8.251 5.308 4.090 9.197 12.348 11.862 4.362 0.349 8.308 4.021 7.005 5.979 5.990 3.646 9.896 10.912 6.032 4.263 4.803 6.041 12.111 10.538 5.607 2.174 5.943 7.040 0.814 11.993 3.746 7.876 7.264 2.811 4.635 10.335 6.372 7.072 11.749 1.150 12.814 7.276 4.730 3.052 1.470 6.940 10.613 3.752 8.952 3.452 8.996 6.851 7.309 5.274 9.370 2.134 8.673 8.881 3.093 5.830 2.188 3.443 10.329 5.179 10.477 6.972 10.060 3.771 2.737 6.838 9.017 10.213 1.675 7.479 8.770 0.774 11.696 9.034 4.228 3.978 5.302 9.152 
6.799 8.513 10.924 9.928 8.178 10.404 5.699 6.936 12.071 11.317 5.869 12.210 11.615 10.998 8.984 6.545 7.295 4.865 10.832 6.172 13.065 7.169 9.255 11.217 12.073 11.673 1.565 5.484 11.738 3.884 11.911 1.361 5.280 5.323 7.001 11.391 2.023 4.146 5.731 3.095 7.122 12.025 5.590 5.862 1.013 8.120 5.637 12.849 6.728 8.270 2.246 7.335 6.553 8.078 1.430 7.469 12.782 6.082 12.017 12.219 7.625 2.500 6.249 9.088 7.728 8.751 4.912 3.961 8.045 6.816 9.481 7.644 6.072 7.158 10.283 3.711 2.139 5.768 5.446 2.572 11.045 3.620 5.501 6.904 5.409 8.852 6.771 9.166 8.284 11.021 6.531 6.101 11.119 5.734 11.715 12.614 9.274 7.349 1.537 13.017 
6.361 6.663 3.200 5.715 6.721 9.162 8.803 5.952 4.323 2.397 7.114 4.141 11.796 3.454 6.802 12.888 17.457 12.320 2.616 16.736 10.973 6.430 12.226 3.098 3.016 2.801 11.231 11.898 6.200 14.921 11.051 11.966 7.459 8.310 8.714 1.617 11.209 15.241 16.302 15.631 14.895 1.498 16.861 9.584 12.400 4.822 11.050 0.397 15.461 4.457 12.826 13.995 7.126 7.414 12.459 5.269 0.093 11.021 4.282 11.354 16.412 11.046 12.877 4.923 8.690 13.685 10.953 9.301 5.428 5.914 4.627 6.494 9.518 11.025 3.118 14.586 12.446 6.974 13.908 13.549 1.703 9.112 13.948 5.829 12.641 11.334 14.286 5.119 5.050 1.706 10.737 7.043 3.837 11.194 2.339 6.597 11.191 8.017 14.120 7.481 
4.358 6.905 4.805 3.524 6.613 4.994 6.122 3.771 8.689 5.381 1.352 8.713 7.210 4.801 7.461 9.975 10.096 8.586 6.474 9.385 7.841 0.939 6.124 5.083 8.034 7.541 4.865 4.598 5.379 7.682 7.031 6.259 2.938 1.112 7.209 6.520 5.759 7.992 8.958 8.824 11.546 6.253 9.573 2.341 6.544 2.651 3.784 7.612 8.141 3.580 7.532 6.890 0.239 7.092 6.808 2.859 7.387 3.852 8.622 7.394 9.119 4.133 5.655 2.812 7.794 7.030 7.528 2.451 5.150 2.907 3.212 1.236 7.136 4.213 4.379 9.474 5.417 2.324 6.557 6.437 5.934 3.567 10.062 3.015 9.138 5.266 7.050 2.824 5.054 5.819 3.713 4.260 4.831 3.945 7.342 6.276 5.397 1.680 7.480 6.783 
11.785 14.147 8.149 5.886 13.913 2.696 13.793 11.101 14.602 8.911 9.011 14.525 1.580 7.847 14.655 17.566 11.859 16.076 12.077 11.891 0.577 7.728 4.235 8.171 13.499 13.047 11.478 7.603 5.032 11.614 0.811 13.137 10.609 8.244 14.826 11.494 12.882 11.784 11.693 13.834 18.991 9.722 12.718 6.915 13.256 8.927 7.155 11.606 9.646 10.082 14.490 7.505 7.741 14.499 13.634 9.794 11.171 6.722 14.539 0.616 10.059 10.239 7.507 7.341 15.358 5.948 15.130 9.350 12.218 10.217 7.355 7.030 14.809 5.680 8.652 16.319 10.807 9.958 9.086 11.257 10.811 11.023 17.424 10.293 16.652 4.117 8.292 7.034 11.981 10.609 6.224 11.843 7.416 7.100 12.647 4.866 3.631 6.031 13.088 4.162 
3.062 4.961 2.773 3.553 4.780 6.710 5.646 2.375 5.688 2.935 2.743 5.680 9.317 2.975 5.424 9.935 13.198 8.951 3.335 12.426 9.281 2.321 8.899 3.052 4.906 4.410 6.930 7.766 5.246 10.559 8.851 7.842 3.319 3.996 6.188 3.360 7.133 10.881 11.985 11.292 11.809 3.567 12.509 5.504 8.245 0.524 6.954 4.566 11.298 0.807 8.858 10.044 2.932 5.446 8.365 1.090 4.412 7.006 5.620 9.208 12.283 6.678 8.824 2.004 6.525 10.049 7.643 4.930 3.018 1.844 2.131 2.695 6.598 7.248 1.960 10.732 8.076 2.709 9.694 9.179 2.809 4.901 10.581 1.813 9.393 7.997 10.220 2.307 2.725 2.721 6.822 3.511 3.299 7.114 4.182 6.090 8.001 4.299 9.803 6.887 
9.946 12.500 8.355 5.856 12.206 2.934 11.413 9.366 13.964 9.152 6.885 13.948 2.491 8.140 13.056 14.704 8.144 13.100 11.539 8.075 4.374 6.101 0.705 8.507 13.096 12.605 8.162 3.833 6.268 7.754 3.070 9.836 8.341 5.676 12.637 11.266 9.727 7.918 7.853 10.024 15.901 10.096 8.865 3.873 9.876 7.784 3.559 11.886 5.882 8.914 11.171 3.749 5.765 12.665 10.286 8.339 11.524 3.115 13.897 3.284 6.425 6.853 3.638 6.742 13.275 2.486 12.351 6.411 10.724 8.495 6.962 5.590 12.377 2.043 8.488 12.891 7.171 7.851 5.218 7.491 10.586 8.245 14.285 8.600 13.692 0.363 4.493 6.491 10.596 10.413 2.705 9.783 7.843 3.460 12.301 6.669 0.386 4.034 9.389 6.417 
3.991 6.170 7.845 7.091 5.822 8.271 3.939 3.969 9.336 8.209 2.806 9.448 10.035 7.938 6.711 6.829 9.016 5.265 7.840 8.027 11.092 4.219 8.171 8.139 9.173 8.745 1.610 4.965 8.976 5.834 10.098 2.674 2.231 2.673 5.319 8.330 2.155 6.157 7.558 6.035 8.162 8.907 7.800 4.034 3.004 5.007 4.617 9.758 7.688 5.171 3.924 7.392 3.695 5.947 3.223 4.358 9.677 4.988 9.276 10.443 8.707 1.936 6.068 6.083 6.051 8.312 4.473 1.492 5.244 3.729 6.466 4.791 4.750 5.930 7.179 5.867 3.210 2.653 6.068 4.315 7.953 0.670 6.602 3.825 5.850 7.519 7.136 6.196 5.417 7.921 5.247 3.367 8.090 4.780 8.739 9.878 7.835 4.932 4.502 10.389 
11.126 13.441 12.813 10.785 13.093 9.214 11.066 10.911 16.356 13.480 8.682 16.434 8.942 12.732 13.986 12.502 1.907 10.828 14.458 1.458 10.978 9.120 6.217 13.062 15.956 15.482 6.189 3.769 12.005 2.257 9.669 7.259 9.205 7.305 12.454 14.651 7.711 2.149 1.258 4.653 12.890 14.391 2.317 6.038 6.974 10.795 4.627 15.800 1.031 11.527 8.157 2.981 8.426 13.215 7.391 10.691 15.574 4.804 16.292 9.842 1.683 5.340 3.147 10.801 13.200 4.691 10.782 6.664 12.325 10.348 11.173 9.130 11.690 5.362 12.521 9.122 4.230 9.243 1.689 3.400 14.098 7.941 11.324 10.466 11.365 6.446 2.167 10.702 12.415 13.994 5.253 10.578 12.628 4.520 15.359 12.660 6.926 7.827 5.032 12.654 
6.125 8.623 4.868 2.742 8.349 3.153 7.978 5.489 9.968 5.605 3.203 9.958 5.382 4.741 9.166 11.782 9.926 10.346 7.574 9.398 6.004 2.121 4.619 5.090 9.141 8.647 6.186 4.284 4.239 8.066 5.176 7.735 4.794 2.525 9.054 7.388 7.337 8.345 9.020 9.639 13.294 6.553 9.794 2.126 7.954 3.780 3.428 8.197 7.773 4.907 9.061 6.135 1.945 8.869 8.271 4.360 7.886 3.275 9.900 5.539 8.661 5.174 5.106 2.959 9.624 5.851 9.338 3.808 6.781 4.600 3.272 1.585 8.992 3.142 4.765 10.978 6.219 4.166 6.364 7.073 6.729 5.284 11.773 4.695 10.910 3.718 6.499 2.780 6.626 6.572 2.907 6.088 4.593 3.534 8.369 5.060 3.748 0.292 8.470 5.388 
5.673 7.769 9.203 8.102 7.421 8.629 5.287 5.651 11.020 9.642 4.175 11.133 9.999 9.257 8.294 7.329 7.437 5.647 9.507 6.410 11.340 5.385 7.795 9.493 10.857 10.425 0.534 4.171 9.902 4.175 10.224 2.190 3.904 3.496 6.675 9.962 2.216 4.495 5.942 4.430 8.302 10.396 6.128 4.102 2.256 6.477 4.116 11.357 6.311 6.775 3.526 6.379 4.747 7.478 2.647 5.940 11.251 4.549 10.961 10.545 7.306 0.796 5.135 7.317 7.421 7.567 5.234 2.143 6.929 5.359 7.714 5.829 5.939 5.606 8.605 5.317 1.580 4.246 4.772 2.649 9.553 2.337 6.671 5.462 6.237 7.293 5.978 7.378 7.104 9.509 4.944 5.035 9.353 4.243 10.409 10.776 7.683 5.518 2.955 11.181 
3.907 6.462 5.947 4.910 6.138 6.189 5.141 3.496 8.842 6.429 1.105 8.902 8.186 5.989 7.031 8.748 9.464 7.294 6.879 8.643 9.036 2.112 6.703 6.235 8.378 7.902 3.501 4.334 6.776 6.742 8.127 4.861 2.097 0.606 6.360 7.122 4.366 7.064 8.195 7.621 10.241 7.233 8.693 2.499 5.151 3.361 3.662 8.383 7.702 3.955 6.135 6.796 1.507 6.503 5.410 3.112 8.218 3.885 8.776 8.484 8.717 2.925 5.475 4.041 7.012 7.277 6.311 1.161 4.951 2.805 4.439 2.607 6.122 4.562 5.396 8.076 4.294 1.788 6.055 5.379 6.616 2.232 8.728 2.925 7.859 5.925 6.790 4.108 4.963 6.537 3.936 3.591 6.078 3.840 7.782 7.674 6.153 2.809 6.212 8.177 
11.300 13.342 14.024 12.273 12.997 11.227 10.656 11.241 16.645 14.611 9.378 16.755 11.268 13.994 13.848 11.234 2.623 9.646 15.031 1.545 13.234 10.163 8.536 14.295 16.436 15.990 5.862 5.459 13.710 1.555 11.931 6.379 9.484 8.194 11.993 15.384 7.020 1.239 1.338 2.628 11.281 15.469 0.584 7.426 5.982 11.654 6.224 16.679 3.505 12.184 6.918 5.396 9.452 12.983 6.326 11.332 16.512 6.527 16.585 12.132 3.853 5.523 5.235 12.008 12.728 7.129 9.900 7.200 12.553 10.848 12.401 10.336 11.089 7.319 13.600 7.426 4.128 9.713 3.645 3.004 14.905 7.966 9.818 10.959 10.120 8.640 4.573 11.966 12.716 14.831 7.037 10.663 13.963 6.173 15.939 14.444 9.128 9.285 3.646 14.549 
3.834 5.230 2.038 3.677 5.122 7.103 6.452 3.233 5.079 1.926 3.938 5.028 9.768 2.321 5.609 10.732 14.329 9.869 2.573 13.580 9.469 3.338 9.649 2.264 4.107 3.619 8.120 8.833 5.056 11.743 9.199 8.986 4.447 5.146 6.789 2.320 8.261 12.063 13.143 12.490 12.660 2.414 13.686 6.538 9.399 1.645 8.002 3.391 12.385 1.517 9.960 11.041 4.006 5.831 9.502 2.195 3.218 8.019 5.014 9.545 13.357 7.875 9.860 2.305 7.016 10.923 8.531 6.124 3.401 2.917 2.213 3.546 7.342 8.161 1.178 11.805 9.272 3.880 10.801 10.372 1.694 6.063 11.509 2.858 10.277 8.742 11.265 2.594 3.033 1.573 7.790 4.401 2.742 8.156 3.305 5.808 8.691 5.150 10.997 6.668 
7.764 8.184 13.211 12.935 7.944 14.190 5.391 8.261 12.071 13.369 8.522 12.266 15.727 13.377 8.437 3.042 11.055 2.080 11.721 9.917 16.976 10.033 13.513 13.498 12.532 12.261 5.229 9.794 14.847 7.824 15.910 3.554 7.225 8.637 6.026 12.554 3.822 8.004 9.538 5.894 2.832 13.848 9.062 9.761 3.526 10.305 9.842 14.114 10.927 9.955 2.214 11.692 9.600 7.483 3.103 9.368 14.189 10.279 12.034 16.241 11.742 6.531 10.607 11.739 6.515 13.106 3.316 7.374 8.730 8.614 12.086 10.669 4.967 11.342 12.417 1.155 6.499 7.944 9.770 6.808 12.437 5.993 1.350 8.649 2.175 13.030 11.106 11.910 9.089 12.486 10.682 7.110 13.623 9.960 12.466 15.757 13.420 10.888 5.031 16.316 
6.145 8.456 3.478 1.200 8.226 3.065 8.352 5.445 9.194 4.255 3.692 9.153 5.680 3.307 8.962 12.407 11.455 11.091 6.704 10.940 5.726 2.208 5.623 3.668 8.233 7.748 7.383 5.820 2.841 9.589 5.209 8.830 5.245 3.591 9.257 6.346 8.340 9.872 10.562 11.078 14.053 5.208 11.333 3.655 9.100 3.242 4.968 6.955 9.281 4.406 10.112 7.564 2.518 8.827 9.377 4.107 6.606 4.796 9.128 5.569 10.147 6.501 6.603 1.830 9.742 7.086 9.967 4.955 6.525 4.578 2.020 1.499 9.374 4.537 3.545 12.052 7.643 4.525 7.900 8.547 5.660 6.129 12.602 4.643 11.627 4.725 7.980 1.558 6.292 5.482 4.396 6.286 3.104 5.068 7.415 3.720 4.612 1.796 9.844 4.203 
7.778 9.486 11.765 10.642 9.152 10.856 6.647 7.902 13.055 12.187 6.721 13.194 11.868 11.824 9.951 7.130 6.591 5.496 11.799 5.452 13.432 7.955 9.391 12.057 13.051 12.649 2.432 5.597 12.409 3.233 12.237 2.246 6.227 6.045 7.926 12.342 2.971 3.452 5.033 2.114 7.465 12.918 4.769 6.337 1.814 9.002 5.893 13.788 6.288 9.202 2.772 7.168 7.312 9.037 2.138 8.391 13.710 6.333 13.000 12.529 7.116 3.072 6.209 9.887 8.645 8.697 5.715 4.708 9.026 7.754 10.284 8.386 6.970 7.401 11.150 3.783 2.237 6.686 5.186 2.199 11.982 4.568 5.890 7.846 6.000 9.076 6.527 9.947 9.262 11.953 6.817 7.082 11.923 5.964 12.685 13.269 9.521 7.947 0.572 13.626 
7.711 7.907 13.280 13.137 7.689 14.548 5.231 8.253 11.779 13.396 8.726 11.981 16.169 13.460 8.119 2.388 11.755 1.745 11.574 10.615 17.355 10.243 14.014 13.563 12.306 12.059 5.699 10.331 15.055 8.503 16.318 4.032 7.351 8.951 5.713 12.441 4.187 8.690 10.232 6.605 2.172 13.831 9.769 10.175 4.066 10.393 10.336 14.001 11.584 9.967 2.742 12.290 9.850 7.182 3.630 9.427 14.099 10.769 11.745 16.654 12.412 7.017 11.177 11.889 6.141 13.671 3.091 7.732 8.604 8.673 12.223 10.900 4.687 11.823 12.468 1.858 7.081 8.083 10.392 7.448 12.363 6.241 0.636 8.699 1.662 13.503 11.723 12.074 8.974 12.423 11.154 7.088 13.726 10.461 12.288 15.966 13.880 11.214 5.710 16.554 
5.573 8.107 5.043 3.176 7.821 3.857 7.317 4.968 9.689 5.731 2.571 9.696 5.991 4.960 8.659 11.075 9.668 9.630 7.367 9.071 6.707 1.737 4.967 5.290 8.938 8.443 5.493 4.029 4.824 7.609 5.842 7.026 4.139 1.804 8.427 7.278 6.618 7.899 8.673 9.065 12.575 6.661 9.397 1.737 7.253 3.514 3.168 8.207 7.580 4.579 8.347 6.094 1.365 8.311 7.564 3.946 7.928 3.106 9.621 6.203 8.509 4.524 4.963 3.045 9.017 6.016 8.632 3.099 6.315 4.091 3.406 1.426 8.326 3.217 4.815 10.268 5.631 3.546 6.092 6.536 6.644 4.566 11.052 4.194 10.195 4.090 6.372 2.930 6.192 6.503 2.836 5.483 4.874 3.300 8.198 5.674 4.193 0.478 7.849 6.052 
5.455 6.613 1.045 3.515 6.554 7.003 8.067 4.866 5.576 0.372 5.324 5.461 9.661 1.350 6.924 12.335 15.377 11.500 3.147 14.704 9.006 4.389 9.998 1.061 4.370 3.957 9.601 9.771 4.294 12.991 8.963 10.554 6.029 6.350 8.331 2.351 9.845 13.305 14.282 13.910 14.276 0.926 14.898 7.457 10.956 3.028 8.914 2.576 13.330 3.151 11.563 11.803 5.099 7.273 11.078 3.781 2.224 8.858 5.518 9.282 14.264 9.237 10.715 2.723 8.500 11.457 10.158 7.471 4.908 4.522 2.406 4.351 8.936 8.816 0.951 13.422 10.610 5.417 11.809 11.683 1.715 7.609 13.140 4.472 11.903 9.105 12.122 2.900 4.523 1.510 8.552 6.033 1.798 9.052 3.518 4.873 8.967 5.823 12.450 5.770 
8.655 11.179 6.845 4.358 10.898 1.911 10.317 8.041 12.483 7.640 5.640 12.461 3.003 6.637 11.728 13.850 9.003 12.306 10.041 8.760 4.259 4.698 2.205 7.004 11.594 11.103 7.595 3.922 4.949 8.044 3.110 9.260 7.171 4.590 11.477 9.751 9.038 8.256 8.473 10.105 15.186 8.586 9.418 3.048 9.370 6.324 3.339 10.368 6.726 7.469 10.613 4.703 4.445 11.394 9.751 6.938 10.009 2.930 12.415 3.436 7.419 6.348 4.167 5.225 12.084 3.810 11.444 5.550 9.355 7.156 5.442 4.138 11.309 2.004 6.968 12.430 6.954 6.616 5.730 7.491 9.070 7.308 13.599 7.255 12.891 1.324 5.325 4.972 9.204 8.896 2.409 8.557 6.353 3.314 10.793 5.465 1.201 2.657 9.253 5.362 
2.048 4.620 5.232 5.065 4.310 7.281 3.850 1.592 6.983 5.503 1.035 7.056 9.574 5.372 5.186 7.934 11.236 6.720 5.177 10.356 10.104 2.306 8.410 5.524 6.611 6.152 4.393 6.237 6.976 8.321 9.363 5.259 0.805 2.403 4.856 5.578 4.562 8.647 9.897 8.802 9.663 6.150 10.298 4.319 5.660 2.319 5.560 6.978 9.562 2.391 6.310 8.699 2.255 4.745 5.786 1.571 6.891 5.763 6.919 9.728 10.583 4.334 7.379 3.735 5.427 9.127 5.515 2.723 3.047 0.994 4.067 3.022 4.872 6.359 4.493 8.212 5.738 0.142 7.907 6.862 5.173 2.315 8.302 1.106 7.223 7.579 8.688 3.934 3.069 5.136 5.769 1.892 5.599 5.737 6.085 7.883 7.742 4.045 7.283 8.545 
10.145 12.633 10.858 8.657 12.294 6.794 10.658 9.791 15.114 11.575 7.335 15.162 6.523 10.738 13.198 12.903 4.103 11.208 13.002 3.912 8.531 7.419 3.790 11.086 14.551 14.062 6.141 1.974 9.717 3.870 7.223 7.600 8.230 5.876 12.035 13.052 7.821 3.957 3.687 6.333 13.648 12.514 4.711 4.216 7.452 9.190 2.757 14.060 1.835 10.078 8.761 0.815 6.779 12.544 7.894 9.289 13.789 2.756 15.048 7.406 2.664 4.941 0.899 8.895 12.763 2.470 10.860 5.670 11.246 9.093 9.239 7.282 11.441 3.035 10.677 10.125 4.416 8.079 1.243 4.167 12.448 7.321 12.022 9.214 11.787 3.991 0.511 8.752 11.264 12.320 3.092 9.711 10.581 2.599 13.879 10.323 4.470 5.812 6.140 10.265 
7.072 7.845 12.318 11.899 7.571 13.033 4.923 7.501 11.715 12.527 7.505 11.898 14.532 12.466 8.168 3.696 10.074 2.244 11.129 8.932 15.805 9.000 12.308 12.608 12.060 11.752 4.033 8.591 13.802 6.770 14.727 2.360 6.305 7.519 5.801 11.906 2.702 6.972 8.534 5.035 3.950 13.060 8.137 8.579 2.321 9.402 8.637 13.457 9.818 9.151 1.011 10.514 8.532 7.199 1.898 8.509 13.499 9.075 11.673 15.055 10.661 5.329 9.413 10.761 6.390 11.911 3.090 6.229 8.134 7.760 11.120 9.615 4.723 10.139 11.549 1.158 5.310 6.999 8.612 5.673 11.734 4.953 2.348 7.807 2.617 11.829 9.944 10.916 8.472 11.766 9.480 6.385 12.688 8.755 11.919 14.709 12.220 9.755 3.989 15.242 
3.657 3.740 4.041 6.018 3.780 9.446 5.925 3.433 2.746 3.531 5.347 2.715 12.107 4.362 3.934 9.948 15.909 9.436 0.464 15.062 11.799 5.290 11.866 4.166 1.949 1.462 8.971 10.637 7.277 13.046 11.546 9.448 5.147 6.763 5.769 1.328 8.664 13.372 14.606 13.394 11.959 3.342 15.023 8.427 9.903 3.501 9.853 2.864 14.118 2.525 10.168 12.977 5.855 4.480 9.902 3.341 3.032 9.939 2.680 11.891 15.122 9.055 11.727 4.636 5.755 13.031 8.071 7.427 2.563 3.732 4.559 5.671 6.593 10.225 3.323 11.841 10.455 4.866 12.484 11.581 1.559 6.781 11.053 3.619 9.733 10.962 13.107 4.932 2.214 1.729 9.782 4.369 4.823 10.019 1.363 7.954 10.946 7.280 11.842 8.840 
