20 40 100
564.074 612.078 540.039 604.465 207.670 610.571 606.495 507.597 628.231 443.392 581.137 643.773 196.148 371.495 672.977 645.838 719.068 396.120 543.752 848.521 
98.489 165.772 53.522 161.082 113.388 49.643 78.143 49.231 116.562 14.746 66.613 101.100 132.952 66.039 127.624 122.404 124.757 99.169 81.879 76.127 57.299 141.020 32.363 138.721 63.512 48.675 92.141 13.290 149.332 47.869 140.842 65.165 91.223 44.694 41.302 31.074 86.665 31.152 49.850 17.599 
30.798 23.772 29.192 5.627 12.175 6.781 11.892 12.699 19.822 11.875 14.009 18.219 19.476 9.333 25.970 32.800 29.119 34.381 14.595 23.842 22.010 34.518 15.938 32.551 16.582 20.465 32.871 15.089 24.548 29.656 9.656 27.432 33.621 27.613 29.742 34.928 11.881 20.960 17.482 6.783 10.408 24.745 17.332 33.390 31.271 22.427 33.856 33.747 33.797 9.741 25.572 12.949 20.939 31.055 32.837 34.610 9.678 30.466 8.549 22.062 18.610 9.126 5.262 33.438 18.173 14.548 14.395 12.426 33.466 31.401 31.236 24.307 28.557 20.219 28.963 7.005 34.745 13.863 8.732 33.418 16.421 10.837 30.293 27.193 18.965 7.389 12.884 28.166 32.499 25.925 14.803 5.001 32.918 15.191 26.570 29.914 17.874 24.591 26.789 32.437 
1151.816 1385.183 779.187 1279.573 1202.977 754.384 999.012 764.856 1156.014 466.137 885.266 1058.060 1278.313 870.364 1162.016 1177.010 1164.516 1093.398 1000.944 963.095 831.468 1288.012 653.919 1252.991 934.519 818.995 1022.991 438.806 1309.287 758.814 1284.957 917.004 968.765 762.991 752.609 609.198 1015.277 632.268 753.138 519.964 
10.746 9.321 5.177 7.375 5.740 1.556 11.345 3.602 6.905 9.595 12.255 5.408 9.882 9.444 6.962 7.219 9.225 7.787 11.025 1.928 2.526 3.465 4.974 11.274 9.976 4.520 3.712 11.118 5.700 10.911 7.486 6.102 10.573 10.431 1.568 4.378 10.892 4.902 11.803 3.018 
11.574 10.276 4.913 8.138 6.729 2.304 12.177 3.022 7.248 10.482 12.790 6.155 10.868 9.986 8.024 8.150 10.181 8.806 12.086 1.386 2.734 2.405 6.024 11.686 11.034 5.550 4.151 11.751 5.332 11.944 8.159 7.164 11.354 11.325 2.069 5.294 11.944 4.445 12.598 3.448 
10.775 9.432 4.846 7.366 5.880 1.511 11.376 3.238 6.723 9.658 12.148 5.772 10.219 9.338 7.229 7.571 9.571 7.957 11.264 1.965 2.276 3.205 5.189 11.121 10.260 4.703 3.550 11.051 5.356 11.224 7.433 6.372 10.576 10.499 1.887 4.457 11.107 4.547 11.814 3.341 
12.335 11.548 3.369 8.822 8.275 3.828 12.933 1.215 6.865 11.481 12.631 8.724 13.300 9.944 10.127 10.654 12.658 10.428 14.015 3.453 3.077 1.575 7.933 11.232 13.197 7.343 4.469 11.897 3.486 14.254 8.575 9.289 11.961 12.326 4.631 6.659 13.746 2.525 13.219 5.959 
7.576 5.054 13.374 7.879 5.860 9.882 7.755 13.261 11.200 6.343 12.013 8.059 3.968 10.536 3.633 5.611 4.687 4.055 1.031 12.023 10.951 14.056 5.781 12.671 1.107 6.408 10.213 10.317 14.087 2.522 8.784 4.495 8.225 6.388 10.351 7.436 1.870 13.845 8.524 10.182 
3.452 5.504 8.211 3.570 6.681 8.858 3.716 9.869 4.238 4.249 1.914 13.161 13.358 1.090 9.319 12.669 13.482 6.932 9.967 12.289 8.356 12.396 8.122 2.156 11.022 7.768 6.865 0.974 8.650 12.787 3.041 9.235 2.660 4.495 11.613 6.727 9.085 9.195 3.373 12.705 
1.875 2.133 8.574 1.743 3.799 7.399 2.476 9.570 5.067 1.139 5.127 10.369 9.927 3.459 6.006 9.480 10.106 3.503 6.589 10.795 7.492 11.615 5.265 5.567 7.552 5.123 6.068 3.434 9.198 9.316 2.338 6.063 1.836 1.884 9.718 4.553 5.753 9.408 2.971 10.533 
2.768 5.417 10.362 4.866 7.676 10.606 2.648 11.940 6.381 4.143 2.003 14.266 13.617 3.250 9.880 13.387 13.891 7.302 9.592 14.067 10.279 14.387 9.152 3.610 11.008 8.939 8.773 1.217 10.820 12.759 4.674 9.983 2.211 3.953 13.226 8.129 8.655 11.337 1.955 14.196 
4.482 6.805 8.982 5.020 8.138 10.116 4.589 10.806 5.128 5.518 0.644 14.599 14.776 2.229 10.766 14.127 14.920 8.347 11.224 13.505 9.490 13.427 9.575 1.371 12.383 9.210 8.032 1.586 9.335 14.150 4.441 10.692 3.723 5.625 12.922 8.134 10.320 9.982 4.046 14.057 
7.731 5.931 6.562 4.791 2.312 2.636 8.306 6.059 6.040 6.413 10.206 4.969 7.393 7.535 3.702 5.347 6.988 4.261 7.576 5.293 3.816 6.917 1.478 9.708 6.780 0.990 3.549 8.776 7.259 7.996 5.264 2.902 7.730 7.209 3.925 1.574 7.381 6.825 8.874 4.624 
8.820 9.197 2.051 5.794 7.307 5.440 9.343 4.180 2.395 8.551 7.698 11.438 14.265 5.370 10.189 12.324 13.944 9.104 13.009 7.941 4.079 6.948 7.967 6.073 13.029 7.289 3.471 7.398 2.285 14.549 5.080 9.582 8.207 9.283 8.148 5.940 12.410 3.032 9.361 9.578 
7.762 5.073 11.666 7.036 4.381 7.882 8.097 11.325 10.007 6.325 11.884 5.907 3.166 9.961 1.566 3.667 3.459 3.271 2.993 9.818 9.064 11.925 3.874 12.212 1.523 4.551 8.515 10.181 12.378 2.892 7.915 2.386 8.259 6.657 8.134 5.766 3.381 12.038 8.868 7.940 
7.291 4.887 8.936 5.344 2.226 5.093 7.781 8.531 7.714 5.809 10.712 4.746 5.174 8.358 1.232 3.813 4.959 2.788 5.270 7.292 6.276 9.230 1.140 10.639 4.310 1.827 5.816 9.093 9.643 5.562 6.104 0.480 7.542 6.445 5.683 3.166 5.234 9.265 8.478 5.830 
9.657 7.024 14.048 9.397 6.828 10.108 9.895 13.576 12.447 8.322 13.987 6.862 1.795 12.253 3.936 4.184 2.671 5.543 3.307 11.630 11.369 13.918 6.240 14.469 1.413 6.926 10.914 12.279 14.756 0.449 10.289 4.658 10.250 8.487 9.918 8.189 4.163 14.373 10.672 9.433 
7.169 5.315 6.847 4.354 1.701 3.153 7.738 6.509 5.945 5.827 9.809 5.276 7.180 7.192 3.293 5.345 6.850 3.645 7.037 5.914 4.217 7.496 0.985 9.406 6.351 0.378 3.742 8.334 7.553 7.652 4.901 2.554 7.199 6.614 4.539 1.314 6.807 7.184 8.323 5.184 
4.709 2.277 11.739 5.484 4.450 8.972 4.896 12.058 8.980 3.525 9.165 9.060 6.435 7.861 3.904 7.149 6.929 2.297 2.198 11.752 9.732 13.379 5.103 9.913 3.615 5.523 8.686 7.479 12.436 5.321 6.361 4.570 5.370 3.521 10.232 6.079 1.361 12.367 5.669 10.467 
6.549 4.500 7.592 4.094 1.033 4.089 7.095 7.398 6.244 5.142 9.550 5.562 6.645 7.065 2.551 5.153 6.427 2.719 6.109 6.826 5.082 8.445 0.461 9.329 5.537 0.572 4.439 7.995 8.305 6.934 4.776 1.952 6.665 5.889 5.391 1.712 5.860 7.997 7.725 5.904 
13.604 11.103 12.395 11.440 8.358 8.056 14.077 10.902 12.923 12.115 16.903 2.023 5.382 14.364 6.430 3.097 4.421 8.973 9.624 7.238 9.507 9.834 6.894 16.591 7.591 7.260 10.045 15.340 12.971 7.210 12.067 6.079 13.864 12.704 5.897 8.469 10.133 12.210 14.789 4.586 
8.122 7.412 3.131 4.607 4.468 1.987 8.722 3.316 3.475 7.266 8.935 7.841 10.869 6.135 6.990 8.762 10.468 6.571 10.392 5.193 1.223 5.369 4.679 7.859 10.001 3.993 0.294 7.945 3.842 11.367 4.437 6.277 7.779 8.109 4.874 2.846 9.972 3.579 9.038 6.220 
11.926 10.527 5.471 8.524 6.943 2.670 12.527 3.540 7.772 10.793 13.272 5.798 10.683 10.464 8.031 7.913 9.963 8.976 12.137 0.845 3.264 2.514 6.131 12.200 10.996 5.705 4.644 12.199 5.878 11.831 8.587 7.169 11.733 11.631 1.697 5.579 12.039 4.980 12.970 2.988 
6.458 13.366 7.814 8.232 8.969 3.020 9.867 13.115 5.207 12.359 7.862 7.151 9.787 11.784 4.419 10.245 9.777 10.224 10.465 10.111 12.315 5.978 8.942 10.380 9.034 11.090 8.452 14.772 7.558 11.415 11.240 5.304 10.432 7.576 7.683 6.410 9.321 7.188 7.015 6.838 10.098 11.056 5.204 8.009 10.549 5.793 9.925 11.414 9.865 9.172 4.555 4.542 8.069 11.942 9.490 5.307 3.554 6.901 8.781 3.672 13.394 1.729 10.546 14.432 0.501 9.486 13.082 11.893 10.537 8.429 6.182 6.472 10.819 11.391 7.492 15.335 8.659 13.974 8.351 8.644 1.073 13.103 9.175 11.455 6.631 8.107 13.797 15.037 7.984 10.012 4.657 5.008 7.848 7.280 8.048 12.029 2.192 9.831 8.928 4.637 
7.663 11.017 5.444 8.080 6.985 4.272 7.357 10.695 3.123 10.083 6.437 4.716 7.484 10.190 6.416 7.602 9.506 8.495 8.185 9.016 9.661 5.730 6.654 8.436 6.477 8.541 6.603 12.342 5.697 9.560 10.998 2.707 9.614 5.003 6.809 4.246 6.944 4.533 6.250 6.760 7.552 8.844 4.869 6.152 7.871 3.137 9.581 10.340 9.613 7.941 2.612 6.694 5.383 10.642 7.162 7.564 3.501 4.690 8.057 1.245 11.416 2.689 9.783 12.065 2.985 7.238 10.746 9.274 10.009 6.830 7.588 4.097 8.198 9.850 6.665 12.793 6.320 12.919 5.668 6.284 3.408 12.065 7.389 9.620 4.208 5.821 11.671 12.553 6.384 9.985 5.899 2.418 7.680 6.231 8.382 9.366 1.767 8.193 9.316 4.358 
5.232 11.056 8.844 2.004 16.294 7.338 15.158 11.412 8.057 9.982 5.306 9.071 8.988 6.249 7.872 14.357 0.789 6.345 9.104 3.768 13.337 4.363 15.391 7.348 14.232 11.293 6.676 12.599 15.304 7.287 1.137 11.550 2.719 13.091 3.838 7.986 15.369 12.197 4.091 3.377 15.109 8.965 5.223 15.719 13.948 10.192 0.969 3.956 0.674 4.333 12.524 8.344 12.131 5.070 15.702 8.793 6.781 13.944 2.764 11.072 8.893 11.731 2.521 11.886 9.815 8.592 10.795 12.520 1.624 16.597 5.851 8.752 11.900 5.865 3.858 14.012 8.855 5.386 12.380 8.963 9.439 4.711 6.442 7.211 13.103 14.709 9.938 13.245 5.839 0.319 6.191 11.421 2.404 4.533 2.443 13.331 8.600 5.901 2.035 5.766 
4.454 10.865 5.718 4.849 10.268 1.832 10.082 10.768 3.180 9.763 4.587 5.300 7.371 8.488 4.160 9.898 6.361 7.066 7.964 6.630 10.816 2.514 9.727 7.420 9.136 9.179 5.503 12.398 9.053 8.328 7.848 5.607 6.917 7.716 4.184 4.164 9.905 6.989 3.508 3.470 10.185 8.413 1.698 9.502 9.892 4.974 6.485 7.920 6.458 5.748 6.017 4.622 7.470 8.502 10.175 5.532 0.087 7.906 5.266 4.586 10.374 4.916 7.031 11.935 3.268 6.993 10.567 10.213 7.051 10.231 4.522 4.611 9.207 8.071 3.987 13.240 6.405 10.467 7.771 6.433 3.098 9.596 6.116 8.349 7.250 8.928 10.937 12.787 4.833 6.714 2.889 5.380 4.453 3.838 4.982 10.615 1.769 6.618 5.913 1.128 
7.137 7.914 2.586 5.689 8.785 4.953 7.775 7.743 0.584 6.864 2.929 2.207 4.349 6.571 7.291 7.247 6.817 4.877 4.993 5.609 7.705 3.758 7.872 4.884 6.826 6.049 2.999 9.392 7.872 5.973 8.231 4.102 6.389 5.593 3.768 1.032 7.878 4.718 3.435 4.714 7.785 5.541 3.152 8.267 7.076 2.671 6.807 6.906 6.936 4.487 5.413 7.753 4.848 7.090 8.202 8.665 3.191 6.461 5.026 4.095 7.894 6.210 6.596 8.988 5.541 4.008 7.623 7.084 7.022 9.202 7.361 1.566 6.090 6.238 3.699 10.149 3.307 9.449 5.132 3.325 5.642 8.618 3.775 6.026 5.593 7.185 8.264 9.737 2.789 7.526 5.875 4.023 5.332 3.083 6.554 7.518 3.369 4.574 7.426 3.033 
7.321 6.821 4.839 3.601 12.995 7.318 11.343 7.098 5.127 5.700 1.618 5.277 4.614 2.770 9.009 10.332 3.623 2.038 4.702 1.100 8.952 3.966 11.878 2.987 10.472 6.906 2.462 8.411 12.252 3.205 4.580 8.538 2.142 9.552 1.867 4.501 11.739 8.642 2.521 3.936 11.229 4.592 4.369 12.613 9.815 6.899 3.440 2.360 3.731 0.121 9.957 9.542 8.320 2.673 12.092 10.299 5.843 10.787 1.818 8.634 5.157 10.379 2.396 7.741 9.092 4.233 6.542 8.130 3.157 13.602 7.840 5.198 7.558 2.322 2.080 9.734 4.641 4.911 8.526 4.757 8.953 4.072 2.062 3.164 9.868 11.312 6.039 9.013 1.899 4.581 7.141 8.502 3.546 2.018 5.075 8.963 7.161 1.542 5.519 4.848 
6.877 13.880 8.314 8.805 8.939 3.514 10.025 13.612 5.738 12.886 8.458 7.633 10.305 12.379 4.671 10.490 10.353 10.809 10.989 10.715 12.709 6.567 9.012 10.949 9.222 11.544 9.026 15.268 7.511 11.993 11.811 5.548 11.032 7.783 8.286 6.940 9.422 7.456 7.618 7.414 10.275 11.592 5.800 7.954 10.838 6.184 10.506 12.018 10.440 9.775 4.608 4.730 8.381 12.545 9.571 5.430 4.152 6.968 9.381 3.896 13.964 1.421 11.144 14.943 0.941 10.014 13.599 12.313 11.126 8.301 6.564 6.965 11.238 11.988 8.094 15.794 9.168 14.577 8.656 9.148 1.432 13.706 9.755 12.035 6.777 8.184 14.349 15.517 8.573 10.569 5.101 5.252 8.424 7.884 8.580 12.414 2.774 10.422 9.449 5.235 
7.207 9.447 8.304 3.325 16.329 8.735 14.800 9.894 8.206 8.452 4.885 8.704 7.958 4.444 9.671 13.803 1.915 5.018 7.916 2.460 12.218 5.359 15.273 6.039 13.919 10.184 5.932 10.916 15.492 5.688 1.522 11.728 1.329 12.943 3.934 7.813 15.163 12.032 4.480 4.613 14.694 7.621 6.139 15.876 13.274 10.181 1.649 2.010 1.902 3.460 12.962 10.172 11.769 3.088 15.512 10.714 7.791 14.058 2.671 11.555 7.026 12.732 1.080 10.177 11.031 7.609 9.210 11.385 0.828 16.828 7.822 8.551 10.918 4.132 4.064 12.407 8.101 3.233 11.983 8.218 10.736 2.523 5.461 5.594 13.161 14.669 8.115 11.595 5.303 2.508 7.871 11.651 3.636 4.573 4.384 12.270 9.484 4.688 4.183 6.709 
1.887 11.950 7.883 2.377 13.753 3.450 13.300 12.069 5.990 10.797 5.100 7.758 8.920 8.153 3.991 12.886 3.816 7.337 9.323 5.643 13.005 1.979 13.123 8.090 12.345 11.105 6.552 13.557 12.568 8.597 5.111 9.026 5.298 10.994 3.657 6.514 13.246 10.190 3.185 1.507 13.352 9.513 2.504 13.014 12.719 8.103 4.050 6.619 3.867 5.320 9.546 4.497 10.470 7.552 13.537 5.093 3.445 11.378 3.893 8.110 10.593 8.078 5.283 12.953 6.009 8.495 11.654 12.280 4.860 13.758 2.404 7.192 11.408 7.701 3.472 14.703 8.289 8.815 10.760 8.362 5.575 7.998 6.799 8.570 10.669 12.347 11.434 14.084 5.615 3.749 2.218 8.823 2.147 3.942 1.638 12.885 5.242 6.813 2.503 2.782 
6.671 11.905 6.339 7.661 8.111 3.178 8.647 11.639 3.773 10.915 6.685 5.665 8.331 10.571 5.181 8.898 9.161 8.950 9.016 9.098 10.831 5.313 7.885 9.031 7.774 9.596 7.124 13.295 6.764 10.101 10.652 4.004 9.549 6.300 6.743 4.972 8.202 5.828 6.115 6.285 8.848 9.626 4.468 7.222 9.150 4.318 9.273 10.420 9.261 8.091 3.653 5.431 6.653 10.851 8.407 6.288 2.882 5.884 7.927 2.466 12.043 2.203 9.691 12.968 1.712 8.043 11.624 10.401 9.797 7.800 6.528 4.992 9.328 10.197 6.571 13.842 7.193 13.002 6.942 7.173 2.110 12.135 7.874 10.148 5.470 7.048 12.398 13.551 6.740 9.529 4.864 3.714 7.264 6.254 7.745 10.550 1.077 8.589 8.666 3.907 
4.475 16.324 11.133 8.139 13.463 3.644 14.315 16.238 8.492 15.211 9.781 10.636 12.841 13.469 1.776 14.556 9.565 12.277 13.431 11.174 16.114 6.739 13.452 12.769 13.450 14.590 10.898 17.865 12.040 13.569 10.760 9.682 11.008 11.978 8.840 9.583 13.818 11.487 8.184 7.023 14.523 13.861 6.426 12.486 14.753 9.799 9.808 12.282 9.606 10.583 9.069 1.281 12.250 13.124 13.996 1.185 5.427 11.413 9.480 8.108 15.630 5.922 11.017 17.392 4.079 12.463 16.025 15.568 10.626 12.829 3.886 9.929 14.530 13.024 8.626 18.700 11.858 14.570 12.547 11.880 3.582 13.741 11.435 13.572 11.106 12.616 16.288 18.256 10.133 9.353 3.632 9.390 7.878 8.787 7.182 15.877 5.633 11.785 7.762 6.075 
12.755 1.392 4.200 9.554 10.989 11.424 8.251 1.176 6.815 0.880 5.823 4.915 2.242 4.799 13.650 6.726 9.652 4.072 1.643 6.690 3.554 9.022 9.543 3.068 7.735 1.974 4.376 2.804 10.928 3.381 10.398 8.285 7.843 7.698 7.380 5.620 9.116 7.047 7.742 9.480 7.952 1.461 8.917 11.107 5.871 6.753 9.446 7.099 9.754 6.137 10.119 14.150 6.071 6.269 9.460 15.033 9.640 9.544 7.847 9.431 3.323 12.309 8.092 2.436 12.075 2.605 1.143 2.777 8.996 12.171 13.159 5.553 2.964 4.971 7.528 3.785 3.343 8.411 6.056 3.362 12.219 8.002 4.175 3.489 8.687 9.380 2.750 3.210 5.303 10.614 11.990 8.455 9.414 6.982 10.976 3.754 9.913 4.519 11.526 9.108 
14.358 6.501 5.138 12.457 6.032 11.766 2.959 5.786 6.983 6.440 8.646 5.105 5.350 9.764 14.141 1.357 13.167 8.375 5.637 10.749 2.607 10.912 4.567 7.459 2.855 3.608 7.320 6.843 6.478 8.356 14.316 5.688 11.889 3.745 10.196 6.345 4.006 3.771 10.187 11.771 2.588 6.254 10.375 6.486 0.469 5.257 13.052 11.621 13.286 9.790 7.174 14.530 2.823 11.095 4.293 15.444 10.187 5.482 11.189 7.327 8.867 10.386 12.146 7.085 11.184 5.640 6.419 2.992 12.907 7.457 14.551 5.667 2.623 9.765 10.238 6.312 5.124 13.499 2.541 5.010 11.565 12.924 7.747 8.471 4.978 4.757 8.277 6.592 8.113 14.051 12.986 5.976 12.169 9.546 13.582 2.227 9.423 8.581 14.377 10.247 
2.525 13.679 8.716 5.460 12.542 1.346 12.809 13.643 6.196 12.549 7.015 8.317 10.273 10.660 1.183 12.781 6.953 9.499 10.824 8.372 13.834 3.928 12.235 10.034 11.886 12.170 8.204 15.246 11.201 10.793 8.257 8.184 8.254 10.425 6.030 7.166 12.497 9.785 5.375 4.257 12.955 11.202 3.656 11.659 12.838 7.866 7.176 9.502 7.008 7.773 8.090 1.697 10.375 10.322 12.731 2.565 2.953 10.277 6.694 6.831 12.853 5.714 8.279 14.738 3.494 9.877 13.379 13.222 7.958 12.216 2.196 7.629 12.222 10.214 5.815 16.170 9.366 11.844 10.678 9.403 2.945 11.002 8.696 10.792 9.769 11.405 13.542 15.675 7.396 6.881 0.933 7.918 5.164 5.992 4.720 13.633 3.887 9.000 5.458 3.368 
10.137 6.545 1.580 8.454 6.795 7.662 5.058 6.122 2.775 5.774 4.906 1.060 3.315 7.327 10.043 4.294 9.360 5.611 3.996 7.411 5.038 6.733 5.582 5.044 4.160 3.843 3.941 7.735 6.293 6.206 10.653 3.144 8.438 3.282 6.285 2.193 5.416 2.394 6.153 7.637 4.991 4.750 6.162 6.582 4.067 1.627 9.291 8.534 9.481 6.317 4.972 10.463 2.020 8.334 5.771 11.382 6.012 4.810 7.418 4.309 7.623 7.305 8.681 7.544 7.500 3.261 6.302 4.581 9.309 7.633 10.336 1.463 3.508 7.150 6.285 8.089 2.259 10.831 2.260 2.161 7.783 10.101 4.632 6.302 3.877 5.086 7.574 7.888 4.458 10.175 8.793 3.299 8.133 5.596 9.470 4.782 5.501 5.586 10.305 6.027 
12.984 3.793 3.473 10.447 8.386 10.960 5.565 3.147 6.020 3.568 6.527 3.873 2.741 6.962 13.316 4.030 10.916 5.718 2.850 8.242 1.718 9.309 6.921 4.738 5.102 0.723 5.055 4.538 8.459 5.531 11.923 6.340 9.410 5.269 8.154 5.005 6.463 4.769 8.303 10.012 5.259 3.396 8.956 8.592 3.181 5.129 10.763 8.973 11.031 7.401 8.133 13.770 3.695 8.346 6.801 14.685 9.218 7.158 8.964 7.748 5.978 10.807 9.670 4.569 11.030 3.118 3.658 1.061 10.497 9.642 13.282 4.578 0.272 7.008 8.242 4.603 3.007 10.693 3.604 2.928 11.290 10.164 5.287 5.647 6.378 6.836 5.442 4.531 5.964 11.847 11.879 6.567 10.215 7.583 11.726 1.636 8.982 6.005 12.428 8.980 
14.251 5.555 4.819 12.103 6.955 11.842 3.908 4.835 6.951 5.545 8.226 4.930 4.694 9.020 14.224 2.300 12.715 7.716 4.896 10.173 1.671 10.705 5.482 6.763 3.722 2.750 6.830 5.883 7.325 7.593 13.803 6.147 11.330 4.420 9.818 6.172 4.937 4.276 9.870 11.510 3.543 5.462 10.230 7.361 1.386 5.453 12.583 10.975 12.832 9.265 7.753 14.636 3.221 10.389 5.234 15.555 10.196 6.241 10.741 7.747 7.985 10.839 11.589 6.124 11.467 5.025 5.483 2.034 12.383 8.354 14.483 5.560 1.802 9.052 9.878 5.400 4.650 12.754 2.983 4.545 11.813 12.212 7.179 7.709 5.649 5.612 7.356 5.646 7.677 13.621 12.967 6.423 11.836 9.194 13.293 1.286 9.599 7.964 14.054 10.155 
8.317 8.905 3.354 7.644 6.756 5.381 6.211 8.569 1.572 7.998 5.062 2.605 5.402 8.506 7.736 6.065 8.879 6.760 6.108 7.752 7.624 5.479 5.992 6.550 5.262 6.419 4.849 10.213 5.758 7.709 10.323 1.994 8.543 3.861 5.885 2.372 6.100 3.112 5.482 6.511 6.309 6.793 4.705 6.166 6.154 1.172 8.892 9.039 8.997 6.625 3.287 8.110 3.667 9.160 6.393 9.022 3.961 4.391 7.153 2.089 9.465 4.794 8.748 9.947 4.901 5.186 8.638 7.191 9.152 7.073 8.398 2.035 6.118 8.212 5.796 10.671 4.234 11.562 3.969 4.189 5.212 10.741 5.650 7.781 3.582 5.240 9.642 10.423 4.857 9.528 6.748 1.881 7.265 5.213 8.312 7.350 2.997 6.536 9.226 4.364 
11.987 10.201 5.720 11.546 2.861 8.716 3.080 9.632 5.378 9.641 8.629 5.055 7.392 11.471 10.886 3.900 12.738 9.738 8.029 11.289 7.286 9.385 2.189 9.203 2.391 7.136 7.968 11.076 2.134 10.363 14.154 1.961 12.205 1.301 9.689 5.694 2.485 1.860 9.345 10.420 3.371 8.792 8.595 2.442 4.547 3.307 12.731 12.500 12.857 10.159 2.421 11.151 2.852 12.412 2.689 12.006 7.645 0.658 10.937 3.254 11.697 5.859 12.429 11.076 7.257 7.393 10.007 7.280 12.923 3.479 11.977 4.996 6.349 11.275 9.623 10.960 6.407 14.897 2.939 6.304 7.761 14.132 8.713 10.460 0.331 1.371 11.522 11.028 8.292 13.419 10.287 2.178 11.170 8.997 12.213 6.910 6.170 9.666 13.131 8.215 
10.440 5.652 6.835 6.417 15.184 10.775 12.994 6.235 8.108 4.869 4.819 7.510 5.515 1.083 12.383 11.686 5.652 2.828 5.132 2.974 9.147 7.376 13.893 3.429 12.252 7.279 4.707 6.961 14.684 2.412 5.722 11.183 3.584 11.662 5.283 7.185 13.622 10.797 5.960 7.168 12.786 4.538 7.827 14.988 10.966 9.453 5.371 2.267 5.707 3.574 12.804 12.915 10.178 1.155 13.984 13.632 9.293 13.196 4.724 11.610 2.929 13.673 3.732 6.204 12.515 5.343 5.471 8.336 4.599 16.032 11.006 7.712 8.196 1.334 5.498 8.524 6.225 2.788 10.305 6.340 12.398 2.434 3.911 2.297 12.258 13.474 4.043 7.669 4.796 6.513 10.504 11.213 6.519 5.475 7.848 9.302 10.520 3.011 7.982 8.309 
6.333 8.229 6.100 2.352 14.004 6.985 12.555 8.538 5.875 7.125 2.594 6.439 6.067 3.748 8.355 11.631 2.151 3.460 6.174 1.144 10.413 3.499 12.967 4.442 11.658 8.368 3.812 9.803 13.158 4.519 3.190 9.394 1.140 10.639 1.675 5.497 12.876 9.729 2.309 3.096 12.468 6.054 4.145 13.543 11.160 7.853 1.973 2.191 2.259 1.403 10.649 8.883 9.517 3.042 13.222 9.563 5.773 11.725 0.628 9.255 6.333 10.611 1.313 9.114 9.067 5.677 7.957 9.594 1.810 14.494 6.898 6.243 8.997 3.308 1.844 11.163 6.008 4.670 9.743 6.120 8.839 3.801 3.516 4.459 10.831 12.351 7.298 10.424 3.062 3.110 6.478 9.319 2.416 2.261 3.826 10.415 7.347 2.991 4.148 4.698 
9.929 8.240 8.855 5.934 17.211 11.109 15.246 8.834 9.550 7.467 6.043 9.436 7.861 3.460 12.286 14.028 4.660 4.896 7.577 3.409 11.707 7.630 16.000 5.742 14.449 9.792 6.506 9.495 16.569 4.902 4.072 12.909 3.093 13.708 5.776 8.846 15.787 12.812 6.443 7.076 15.071 7.050 8.296 16.909 13.360 11.228 4.381 2.084 4.660 4.494 14.376 12.800 12.322 2.121 16.147 13.391 9.919 15.089 4.729 13.062 5.445 14.696 3.050 8.737 13.215 7.622 8.066 10.887 3.515 17.923 10.539 9.489 10.675 3.432 5.966 11.075 8.387 0.520 12.483 8.507 12.990 0.359 5.795 4.787 14.157 15.506 6.550 10.210 6.248 5.261 10.442 12.892 6.183 6.241 7.122 11.844 11.440 4.843 6.951 8.848 
8.284 6.442 1.249 6.184 8.891 6.386 7.370 6.266 1.760 5.405 2.609 1.262 2.872 5.594 8.692 6.564 7.046 3.839 3.523 5.204 6.418 4.667 7.786 3.626 6.462 4.652 1.944 7.915 8.185 4.776 8.341 4.553 6.176 5.457 3.978 0.582 7.676 4.546 3.895 5.477 7.305 4.097 4.251 8.532 6.230 2.845 6.976 6.402 7.167 4.083 6.159 9.168 4.333 6.363 8.024 10.073 4.607 6.708 5.104 5.026 6.588 7.496 6.413 7.515 6.993 2.538 6.152 5.745 7.008 9.539 8.572 1.104 4.805 5.325 3.989 8.690 1.850 8.826 4.574 1.880 7.112 8.045 2.738 4.846 5.780 7.207 6.872 8.263 2.207 7.870 7.181 4.568 5.880 3.296 7.281 6.270 4.822 3.658 8.080 4.273 
2.843 15.846 10.988 6.801 14.469 3.578 14.963 15.844 8.480 14.706 9.074 10.601 12.497 12.515 1.229 15.008 8.114 11.506 13.026 10.072 16.116 5.849 14.284 12.121 14.054 14.437 10.351 17.427 13.082 12.797 9.195 10.311 9.747 12.583 7.899 9.443 14.586 11.984 7.298 5.876 15.128 13.367 5.768 13.538 15.094 10.112 8.376 11.073 8.140 9.634 10.007 1.034 12.618 11.997 14.801 0.757 5.236 12.282 8.330 8.860 14.841 7.185 9.721 16.895 5.075 12.094 15.546 15.500 9.225 13.994 2.223 9.914 14.504 12.064 7.691 18.397 11.621 13.219 12.920 11.662 4.508 12.420 10.784 12.786 11.850 13.447 15.594 17.878 9.500 7.784 2.692 10.034 6.599 7.984 5.661 15.917 6.037 10.993 6.123 5.566 
12.531 8.298 4.601 11.380 3.970 9.562 2.053 7.684 5.293 7.859 7.973 4.134 5.871 10.221 11.878 2.006 12.379 8.566 6.430 10.487 5.170 9.456 2.600 7.872 1.108 5.192 6.999 9.058 3.915 8.978 13.704 2.942 11.516 0.834 9.290 5.140 2.351 1.122 9.088 10.433 2.093 7.181 8.768 4.056 2.482 3.165 12.325 11.589 12.500 9.395 4.272 12.214 1.120 11.328 2.710 13.109 8.186 2.676 10.461 4.589 10.069 7.565 11.759 9.114 8.588 5.970 8.129 5.206 12.375 5.116 12.624 4.374 4.332 10.093 9.271 8.864 5.079 13.824 1.023 4.962 9.025 13.121 7.653 9.084 2.068 2.322 9.765 8.968 7.536 13.162 10.973 3.238 11.036 8.593 12.272 4.793 7.070 8.598 13.148 8.505 
7.715 6.668 1.871 5.498 9.491 6.032 8.047 6.564 1.853 5.582 1.968 1.949 3.173 5.255 8.283 7.253 6.363 3.531 3.759 4.619 6.987 4.048 8.422 3.502 7.133 5.147 1.629 8.193 8.732 4.595 7.669 5.037 5.549 6.093 3.290 0.981 8.330 5.182 3.213 4.821 7.988 4.240 3.698 9.093 6.912 3.378 6.297 5.854 6.484 3.487 6.550 8.774 5.013 5.899 8.675 9.666 4.247 7.267 4.428 5.328 6.513 7.588 5.781 7.741 6.881 2.789 6.372 6.284 6.349 10.083 8.029 1.698 5.384 4.948 3.300 9.065 2.307 8.329 5.257 2.364 6.946 7.527 2.420 4.650 6.350 7.820 6.906 8.587 1.631 7.182 6.699 5.021 5.198 2.608 6.613 6.859 4.717 3.271 7.402 3.784 
5.078 8.931 5.776 1.583 13.159 5.478 12.002 9.131 4.922 7.787 2.338 5.939 6.250 4.959 6.904 11.243 2.441 4.205 6.518 2.533 10.553 1.993 12.231 5.046 11.073 8.545 3.829 10.536 12.210 5.433 3.872 8.442 2.572 9.928 0.718 4.827 12.205 9.033 0.983 1.704 11.962 6.572 2.668 12.616 10.879 7.036 2.440 3.694 2.561 2.127 9.534 7.435 8.982 4.483 12.538 8.148 4.314 10.824 0.918 8.103 7.402 9.218 2.679 9.895 7.596 5.829 8.642 9.766 2.788 13.521 5.603 5.593 9.033 4.507 0.696 11.781 5.904 6.165 9.236 6.003 7.351 5.298 3.848 5.398 9.967 11.558 8.271 11.105 2.901 3.198 5.024 8.330 1.394 1.384 2.955 10.500 5.963 3.683 3.571 3.232 
4.414 14.835 9.536 7.440 11.864 2.256 12.621 14.710 6.872 13.741 8.483 9.006 11.309 12.296 1.760 12.848 8.955 10.984 11.923 10.157 14.455 5.673 11.793 11.393 11.750 12.979 9.486 16.351 10.454 12.264 10.281 7.980 10.148 10.276 7.737 7.997 12.144 9.779 7.056 6.172 12.824 12.393 5.198 10.905 13.048 8.100 9.169 11.347 9.015 9.447 7.433 1.713 10.544 12.099 12.331 2.413 3.957 9.761 8.543 6.420 14.321 4.451 10.194 15.907 2.430 10.945 14.538 13.929 9.930 11.308 3.951 8.298 12.881 11.860 7.523 17.129 10.289 13.756 10.840 10.304 1.900 12.904 10.077 12.277 9.423 10.956 14.915 16.715 8.782 8.911 2.964 7.690 7.122 7.579 6.753 14.211 3.941 10.513 7.484 4.764 
5.526 11.599 9.544 2.670 17.003 7.876 15.870 11.980 8.767 10.544 6.003 9.780 9.641 6.711 8.247 15.062 1.478 6.935 9.733 4.325 13.986 5.021 16.104 7.948 14.945 11.940 7.353 13.123 16.006 7.820 0.982 12.256 3.213 13.805 4.550 8.699 16.082 12.911 4.802 4.013 15.820 9.565 5.884 16.423 14.646 10.905 1.604 4.341 1.358 4.974 13.211 8.700 12.843 5.451 16.416 9.089 7.413 14.651 3.455 11.757 9.342 12.341 2.987 12.400 10.386 9.250 11.344 13.166 2.058 17.296 6.139 9.465 12.566 6.349 4.571 14.561 9.539 5.451 13.090 9.648 9.991 4.858 7.090 7.738 13.813 15.421 10.407 13.780 6.530 0.766 6.640 12.124 3.069 5.246 2.851 13.989 9.242 6.509 2.231 6.417 
14.220 8.225 5.716 12.835 4.162 11.313 1.110 7.534 6.897 8.028 9.236 5.425 6.507 10.974 13.638 0.516 13.730 9.435 6.936 11.597 4.473 11.030 2.702 8.615 1.123 5.191 8.087 8.680 4.684 9.627 14.990 4.690 12.685 2.435 10.664 6.565 2.135 2.880 10.535 11.974 0.789 7.630 10.383 4.654 1.422 4.846 13.651 12.601 13.851 10.554 5.859 13.978 2.423 12.207 2.426 14.875 9.899 3.861 11.774 6.326 10.399 9.238 12.936 8.882 10.345 6.710 8.113 4.787 13.620 5.601 14.335 5.811 4.210 10.912 10.669 8.184 5.976 14.673 2.144 5.856 10.787 14.031 8.647 9.740 3.567 2.972 9.912 8.454 8.750 14.556 12.698 4.986 12.510 9.979 13.814 4.090 8.832 9.553 14.666 10.157 
3.549 11.401 6.438 4.363 11.145 1.387 10.986 11.352 3.999 10.278 4.854 6.078 7.977 8.656 3.477 10.785 5.911 7.357 8.534 6.590 11.582 2.180 10.626 7.818 10.039 9.885 5.949 12.960 9.911 8.643 7.371 6.506 6.722 8.620 4.141 4.898 10.808 7.891 3.452 2.971 11.087 8.929 1.567 10.363 10.759 5.866 6.066 7.830 5.997 5.821 6.850 3.973 8.353 8.514 11.077 4.860 0.819 8.790 5.074 5.436 10.704 5.431 6.806 12.464 3.525 7.582 11.102 10.953 6.711 11.068 3.624 5.406 9.967 8.222 3.930 13.872 7.072 10.323 8.654 7.111 3.215 9.456 6.487 8.652 8.147 9.824 11.339 13.382 5.184 6.154 2.021 6.275 3.982 3.939 4.278 11.394 2.510 6.879 5.195 1.130 
9.761 6.003 0.719 7.801 7.657 7.533 5.847 5.653 2.585 5.143 4.133 0.447 2.594 6.470 9.899 4.958 8.630 4.750 3.296 6.581 5.073 6.229 6.437 4.204 4.972 3.575 3.092 7.298 7.139 5.372 9.888 3.855 7.627 4.143 5.581 1.679 6.255 3.256 5.513 7.076 5.752 4.030 5.737 7.436 4.612 2.188 8.548 7.685 8.751 5.498 5.652 10.345 2.819 7.473 6.612 11.261 5.810 5.654 6.670 4.833 6.859 7.708 7.873 7.037 7.664 2.479 5.742 4.498 8.526 8.483 10.005 1.142 3.468 6.289 5.601 7.808 1.467 9.970 3.031 1.386 7.890 9.243 3.772 5.466 4.718 5.948 6.881 7.520 3.659 9.471 8.528 3.972 7.498 4.907 8.890 4.872 5.570 4.725 9.696 5.675 
5.724 13.537 8.041 7.743 9.730 2.371 10.525 13.327 5.380 12.498 7.733 7.421 9.959 11.657 3.628 10.830 9.296 10.159 10.619 9.845 12.716 5.567 9.659 10.392 9.672 11.395 8.455 14.983 8.326 11.384 10.739 5.913 10.084 8.204 7.394 6.574 10.019 7.761 6.712 6.359 10.742 11.174 4.847 8.779 11.089 6.231 9.460 11.128 9.378 8.960 5.294 3.757 8.592 11.718 10.200 4.539 3.238 7.624 8.430 4.316 13.396 2.493 10.182 14.608 0.296 9.635 13.248 12.254 10.111 9.215 5.424 6.724 11.186 11.250 7.194 15.619 8.860 13.662 8.881 8.855 0.286 12.792 9.144 11.416 7.308 8.822 13.858 15.282 7.909 9.472 3.943 5.619 7.370 7.051 7.452 12.445 2.280 9.740 8.312 4.296 
7.226 12.570 6.991 8.464 7.834 3.709 8.677 12.272 4.507 11.606 7.521 6.285 9.011 11.393 5.458 9.079 9.975 9.758 9.705 9.946 11.278 6.126 7.762 9.805 7.848 10.153 7.913 13.924 6.439 10.891 11.463 4.133 10.396 6.394 7.591 5.690 8.134 6.032 6.960 7.080 8.911 10.337 5.290 6.894 9.408 4.757 10.093 11.268 10.073 8.936 3.391 5.635 6.944 11.694 8.307 6.437 3.677 5.724 8.770 2.491 12.812 1.355 10.535 13.625 1.614 8.741 12.293 10.895 10.630 7.376 7.025 5.638 9.819 11.024 7.417 14.405 7.858 13.850 7.221 7.830 2.153 12.983 8.673 10.941 5.441 6.926 13.134 14.151 7.561 10.317 5.405 3.837 8.068 7.102 8.484 10.980 1.917 9.407 9.397 4.724 
10.216 4.412 5.198 6.401 13.507 9.996 11.282 4.884 6.737 3.451 3.785 5.903 3.802 0.707 11.834 9.975 6.038 1.363 3.435 3.003 7.551 6.794 12.200 1.731 10.546 5.626 3.257 5.895 13.048 0.738 6.504 9.623 4.024 9.988 4.729 5.716 11.920 9.135 5.337 6.831 11.073 2.884 7.076 13.340 9.262 7.888 5.788 3.052 6.121 3.015 11.300 12.366 8.484 2.165 12.281 13.149 8.377 11.563 4.596 10.173 2.272 12.434 4.247 5.167 11.475 3.638 4.179 6.727 5.176 14.391 10.734 6.171 6.520 0.904 4.935 7.371 4.543 4.434 8.604 4.655 11.423 3.929 2.465 0.624 10.626 11.799 3.231 6.565 3.592 6.982 9.984 9.675 6.397 4.704 7.883 7.680 9.390 1.756 8.212 7.488 
6.364 7.719 3.259 4.199 10.412 5.018 9.239 7.703 2.221 6.589 1.467 3.255 4.385 5.368 7.144 8.550 5.215 3.832 4.887 4.039 8.362 2.666 9.455 4.155 8.303 6.484 2.257 9.290 9.517 5.073 6.605 5.747 4.757 7.149 2.138 2.073 9.425 6.254 1.899 3.438 9.212 5.242 2.398 9.910 8.256 4.268 5.189 5.357 5.335 2.948 7.013 7.653 6.235 5.662 9.759 8.522 3.287 8.100 3.385 5.648 7.111 7.398 4.959 8.777 6.306 3.971 7.418 7.643 5.378 10.847 6.706 2.833 6.764 4.983 2.089 10.273 3.652 7.929 6.498 3.721 6.264 7.081 2.849 5.099 7.224 8.792 7.676 9.738 1.582 5.968 5.463 5.665 3.874 1.444 5.244 8.242 4.246 3.417 6.055 2.593 
11.224 10.584 5.737 11.026 3.438 7.890 4.025 10.057 4.952 9.937 8.349 5.013 7.561 11.434 10.015 4.765 12.283 9.682 8.231 11.036 7.941 8.800 3.051 9.237 3.305 7.583 7.844 11.560 2.354 10.411 13.727 1.421 11.893 2.040 9.282 5.454 3.405 2.269 8.886 9.843 4.308 8.990 7.983 2.765 5.347 3.074 12.296 12.286 12.400 9.902 1.482 10.264 3.363 12.282 3.583 11.109 6.920 1.076 10.547 2.382 11.873 4.914 12.107 11.505 6.337 7.509 10.371 7.856 12.544 3.679 11.186 4.822 6.873 11.204 9.198 11.554 6.502 14.744 3.517 6.409 6.849 13.954 8.618 10.501 0.824 2.213 11.785 11.563 8.063 12.920 9.494 1.535 10.641 8.603 11.605 7.576 5.358 9.560 12.532 7.568 
6.233 10.798 9.114 2.834 16.831 8.271 15.535 11.209 8.602 9.768 5.582 9.418 9.034 5.848 8.871 14.647 1.311 6.217 9.071 3.591 13.357 5.158 15.866 7.241 14.625 11.311 6.834 12.298 15.895 7.020 0.186 12.126 2.430 13.548 4.284 8.404 15.808 12.643 4.662 4.228 15.461 8.850 6.006 16.300 14.183 10.690 1.248 3.441 1.210 4.382 13.197 9.345 12.496 4.540 16.149 9.795 7.609 14.505 3.066 11.755 8.460 12.577 2.183 11.567 10.713 8.658 10.551 12.529 1.284 17.207 6.852 9.165 11.984 5.507 4.349 13.762 9.030 4.504 12.731 9.143 10.355 3.896 6.487 6.932 13.640 15.213 9.538 12.966 6.076 1.294 7.174 12.016 3.222 4.980 3.444 13.380 9.401 5.826 3.005 6.564 
6.703 14.552 9.001 8.979 9.627 3.545 10.788 14.303 6.390 13.541 8.944 8.337 10.973 12.871 4.287 11.267 10.532 11.342 11.649 11.099 13.465 6.824 9.748 11.530 9.992 12.270 9.598 15.959 8.192 12.550 11.965 6.325 11.344 8.556 8.649 7.593 10.169 8.234 7.969 7.601 11.043 12.235 6.107 8.629 11.615 6.940 10.702 12.384 10.613 10.201 5.348 4.268 9.155 12.963 10.310 4.890 4.492 7.706 9.690 4.673 14.543 2.021 11.441 15.619 1.216 10.669 14.268 13.058 11.363 8.925 6.331 7.659 11.984 12.469 8.450 16.517 9.846 14.921 9.432 9.831 1.443 14.051 10.308 12.586 7.540 8.924 14.964 16.224 9.095 10.680 4.994 6.029 8.610 8.295 8.626 13.174 3.343 10.936 9.462 5.555 
11.530 3.030 5.284 7.802 13.287 11.038 10.824 3.578 7.290 2.208 4.824 6.047 3.474 2.018 12.996 9.405 7.490 2.341 2.895 4.451 6.548 7.998 11.911 1.975 10.174 4.785 3.900 4.460 12.980 1.051 7.941 9.788 5.477 9.813 5.995 6.157 11.567 9.018 6.555 8.137 10.574 2.164 8.182 13.231 8.618 8.076 7.241 4.454 7.574 4.350 11.550 13.524 8.230 3.470 11.924 14.336 9.347 11.516 5.996 10.553 1.047 13.049 5.698 3.723 12.301 3.477 2.827 5.756 6.627 14.297 12.028 6.461 5.750 2.338 6.192 5.965 4.484 5.432 8.301 4.577 12.306 5.085 3.218 1.074 10.594 11.601 1.806 5.141 4.502 8.436 11.176 9.882 7.775 5.865 9.285 6.731 10.160 2.854 9.645 8.542 
