20 40 100
446.558 371.413 1372.241 225.034 518.273 294.824 909.674 441.856 1087.923 757.599 558.210 446.053 678.637 857.391 253.072 301.368 578.562 954.081 1383.020 1215.740 
34.833 99.390 94.184 120.954 83.856 66.550 47.594 111.945 86.909 22.148 58.083 75.573 109.750 124.621 27.953 72.023 109.385 33.743 86.353 113.359 100.080 40.993 46.634 34.398 51.714 116.243 54.752 34.024 81.560 35.072 44.003 15.308 130.794 29.386 87.498 139.541 26.952 100.071 51.949 125.150 
20.436 15.943 16.579 27.195 28.522 20.493 21.287 11.148 7.892 27.503 16.683 8.035 6.720 28.292 13.099 17.849 21.058 26.717 6.069 15.110 6.841 22.729 25.344 16.415 23.553 34.146 20.557 22.618 15.445 21.691 13.116 12.300 27.012 27.336 20.373 6.901 16.296 21.001 7.948 9.220 27.849 12.204 13.542 25.231 13.908 9.951 31.708 34.097 26.336 19.605 6.990 18.055 30.107 13.816 6.758 24.379 15.642 12.407 6.699 9.582 18.433 21.113 27.637 20.620 11.803 27.935 23.903 31.084 6.617 32.638 29.444 18.135 33.803 31.963 27.286 7.190 22.649 5.667 19.889 16.554 18.215 18.905 23.496 17.203 34.945 22.720 6.807 26.833 13.475 25.291 19.884 23.342 15.972 19.434 20.947 32.828 11.105 30.932 28.881 18.302 
661.475 1084.139 1106.924 1237.138 1023.959 967.295 775.423 1137.593 1011.795 539.594 898.225 1064.065 1266.722 1321.684 607.949 975.953 1200.038 641.170 1071.985 1268.583 1214.899 707.420 820.176 632.174 876.786 1178.527 808.920 731.559 1065.047 711.960 817.632 445.545 1312.721 704.717 1059.147 1339.886 649.553 1117.709 836.679 1305.267 
6.221 6.378 4.683 8.489 10.759 6.586 10.871 6.513 3.224 7.230 8.991 10.991 8.078 7.782 15.497 8.181 6.027 0.208 11.979 5.201 13.948 6.300 6.739 3.100 14.097 3.243 6.103 11.287 6.045 6.410 8.477 8.510 12.366 6.100 3.095 9.592 6.298 7.119 13.110 4.000 
4.754 4.054 1.938 5.506 8.407 2.828 7.056 2.451 3.797 8.296 6.285 7.464 6.985 3.849 11.404 4.453 6.147 4.044 8.252 3.716 9.863 6.597 6.810 5.026 9.998 4.623 2.080 8.640 3.243 4.574 6.211 8.480 8.793 6.737 4.861 5.486 5.548 5.201 11.552 7.260 
7.033 7.332 6.690 4.479 6.903 4.831 2.002 4.126 9.494 11.707 5.240 3.357 8.330 3.835 5.300 2.665 9.371 10.163 3.115 8.157 3.745 9.801 9.685 10.138 3.931 10.390 4.110 6.403 5.219 8.109 6.117 10.611 4.021 10.223 9.943 0.947 9.718 6.474 10.534 12.678 
4.720 7.991 6.672 1.927 4.544 5.402 1.883 4.364 9.190 9.334 2.700 2.038 5.800 4.922 7.176 0.996 7.057 9.080 2.899 8.436 5.680 7.461 7.290 8.328 5.981 10.043 3.478 4.230 3.269 8.750 3.563 8.096 3.357 7.919 8.134 2.932 10.210 4.031 8.206 10.885 
7.957 5.494 5.415 6.056 8.849 3.329 4.271 3.118 8.237 12.552 6.939 5.577 9.653 2.087 6.302 3.905 10.182 9.539 5.384 6.532 4.897 10.641 10.627 10.252 4.894 9.124 3.906 8.469 5.906 6.243 7.653 11.824 6.298 10.987 10.066 1.444 7.884 7.647 12.511 12.678 
3.451 11.897 9.755 5.915 5.535 10.254 9.399 9.341 10.382 1.981 5.462 8.481 2.134 10.746 14.759 7.655 1.834 7.985 9.806 11.368 13.354 1.517 1.105 4.827 13.692 10.788 7.928 6.463 5.539 12.370 4.427 0.696 9.551 1.811 4.776 10.342 13.067 3.797 5.999 6.193 
8.130 5.999 5.907 6.057 8.749 3.828 3.987 3.562 8.734 12.760 6.912 5.339 9.742 2.593 5.795 3.949 10.390 9.980 5.044 7.042 4.389 10.845 10.809 10.590 4.385 9.622 4.240 8.319 6.110 6.746 7.677 11.948 5.972 11.208 10.402 1.304 8.388 7.762 12.406 13.041 
2.132 9.151 6.997 5.245 6.412 7.786 8.593 7.006 7.471 3.169 5.270 8.080 3.192 8.482 13.921 6.261 1.079 5.167 9.342 8.524 12.409 1.477 1.806 2.322 12.688 7.889 5.713 7.158 3.698 9.571 4.394 3.602 9.372 1.588 2.197 8.732 10.186 3.082 8.190 4.523 
4.316 8.699 6.643 7.273 8.785 8.017 10.366 7.513 6.180 4.068 7.467 10.072 5.574 8.983 15.525 7.802 3.179 3.355 11.263 7.769 13.978 3.338 3.821 0.169 14.211 6.362 6.520 9.495 5.220 8.938 6.680 5.505 11.416 3.037 0.360 9.935 9.175 5.308 10.521 2.402 
5.854 5.523 4.620 4.138 7.112 2.925 3.487 2.062 7.398 10.461 5.060 4.438 7.580 2.262 7.344 1.972 8.090 8.096 4.747 6.188 5.801 8.547 8.525 8.360 5.942 8.292 2.082 6.880 3.810 6.300 5.668 9.729 5.515 8.903 8.168 1.446 7.851 5.560 10.751 10.852 
9.072 10.583 9.997 6.001 7.101 8.131 2.569 7.432 12.788 13.538 6.354 3.356 9.699 7.072 2.985 5.176 11.364 13.256 2.058 11.458 1.874 11.734 11.498 12.770 2.292 13.682 7.249 6.272 7.707 11.353 7.388 11.985 2.683 12.223 12.576 4.205 12.979 8.264 10.275 15.328 
5.062 11.796 10.147 3.007 0.884 9.299 4.550 8.210 12.227 8.310 2.216 3.157 4.314 8.992 9.224 4.854 6.677 11.203 4.254 11.997 8.086 6.879 6.478 9.239 8.487 12.981 6.997 0.156 5.326 12.517 2.691 6.299 3.633 7.415 9.077 6.945 13.837 4.082 4.226 11.531 
1.705 9.944 7.972 2.378 2.892 7.801 5.844 6.751 9.519 5.292 1.939 4.961 1.511 7.971 11.205 4.314 3.321 8.021 6.283 9.794 9.800 3.600 3.283 5.804 10.140 10.170 5.312 3.592 2.937 10.565 0.916 3.810 6.110 4.126 5.648 7.011 11.630 0.889 5.486 8.087 
7.142 6.085 4.658 9.268 11.647 6.688 11.460 6.777 2.634 8.185 9.819 11.675 9.046 7.929 15.897 8.786 7.019 0.839 12.606 4.811 14.361 7.291 7.730 4.069 14.485 2.436 6.567 12.142 6.806 6.001 9.356 9.501 13.044 7.086 4.074 9.974 5.665 8.015 14.074 4.656 
7.055 13.513 11.979 4.892 2.554 10.956 5.386 9.889 14.165 9.955 4.189 4.001 6.074 10.498 9.081 6.463 8.534 13.211 4.624 13.814 8.220 8.690 8.255 11.211 8.637 14.936 8.780 1.855 7.291 14.255 4.693 7.792 3.739 9.221 11.053 8.128 15.638 6.083 4.113 13.451 
8.801 3.115 3.909 7.752 10.786 2.137 6.795 2.885 6.434 13.031 8.687 7.979 10.823 1.537 8.704 5.634 10.735 8.435 7.979 4.371 7.424 11.202 11.307 9.990 7.351 7.258 4.303 10.573 6.743 3.783 9.179 12.770 8.861 11.441 9.825 3.943 5.405 8.786 14.405 12.155 
8.420 1.652 2.625 7.920 11.016 1.568 7.608 2.648 4.967 12.346 8.849 8.644 10.562 2.008 10.089 5.957 10.135 7.142 8.846 2.875 8.748 10.595 10.760 9.009 8.709 5.775 4.058 10.930 6.467 2.374 9.182 12.338 9.672 10.774 8.858 4.885 4.016 8.572 14.542 11.025 
8.624 5.568 5.738 6.716 9.473 3.639 4.758 3.600 8.523 13.208 7.591 6.107 10.326 2.375 6.171 4.572 10.839 9.990 5.807 6.696 4.857 11.299 11.291 10.837 4.797 9.398 4.509 9.065 6.567 6.287 8.318 12.497 6.737 11.639 10.652 2.028 7.926 8.320 13.133 13.237 
8.182 6.471 6.322 5.954 8.545 4.258 3.645 3.919 9.155 12.837 6.780 5.028 9.709 3.040 5.352 3.909 10.471 10.317 4.651 7.498 3.926 10.921 10.863 10.806 3.937 10.046 4.476 8.073 6.201 7.220 7.588 11.942 5.586 11.300 10.616 1.205 8.861 7.759 12.189 13.282 
3.344 8.203 6.084 6.245 7.876 7.266 9.328 6.676 6.066 4.125 6.469 9.036 4.821 8.160 14.502 6.775 2.638 3.552 10.224 7.397 12.958 2.923 3.351 0.891 13.196 6.390 5.598 8.551 4.185 8.521 5.718 5.131 10.384 2.781 0.704 8.958 8.937 4.333 9.838 3.440 
4.324 5.230 8.395 6.043 10.021 4.008 8.735 4.206 6.864 10.138 4.985 3.383 7.553 4.894 5.881 9.614 8.540 9.855 2.809 7.974 6.306 7.598 4.082 2.928 2.666 9.347 6.142 7.884 7.009 5.282 7.202 4.584 8.911 5.325 11.594 4.831 4.725 2.104 3.539 3.857 5.796 6.848 10.223 7.810 4.382 5.002 7.663 7.613 8.045 7.058 5.247 11.028 8.158 10.107 9.741 7.414 6.419 5.520 6.598 6.050 9.539 8.341 10.181 0.365 6.844 6.136 11.719 6.085 4.622 4.584 6.440 7.700 3.946 4.428 1.249 6.825 7.658 4.686 7.986 5.411 5.465 5.835 9.034 4.276 6.414 8.218 6.915 7.566 3.886 12.084 10.473 5.049 6.669 3.259 3.682 9.459 3.785 6.312 5.179 8.099 
12.009 4.108 10.715 4.932 6.603 11.630 11.064 12.776 11.096 5.351 3.786 6.639 8.432 13.258 11.587 10.114 6.453 2.599 10.279 3.733 13.483 10.054 12.466 10.365 8.887 2.978 14.536 5.762 7.915 8.791 15.338 12.018 10.807 3.519 2.838 7.118 13.354 10.078 11.700 11.815 10.187 9.890 2.206 8.722 12.928 8.057 5.092 3.445 9.689 4.112 8.220 11.098 8.622 2.286 9.142 1.538 6.143 5.568 13.229 14.616 5.408 11.327 1.831 8.400 8.671 9.214 11.277 10.916 4.504 4.208 12.881 4.423 7.681 9.904 9.849 6.330 16.203 6.519 7.889 3.489 3.887 7.116 11.708 10.210 3.980 1.913 9.815 8.385 4.881 3.359 1.760 12.086 4.472 11.552 11.587 1.528 5.740 12.865 7.186 11.565 
10.191 2.698 9.069 3.196 7.073 9.479 10.310 10.783 9.908 6.167 1.817 4.504 6.878 11.321 9.536 9.753 6.431 3.483 8.435 3.938 11.801 9.189 10.318 8.212 7.125 3.303 12.602 5.615 7.194 7.540 13.476 9.872 10.141 1.379 4.978 5.863 11.222 7.929 9.786 9.941 8.895 8.074 4.093 7.192 10.943 6.090 3.947 2.485 8.097 3.788 7.010 10.924 8.122 3.560 8.999 1.380 5.421 4.537 11.651 12.634 5.973 9.603 3.514 6.324 6.956 7.345 11.251 8.927 2.355 2.268 11.330 3.379 6.196 7.820 7.819 4.793 14.234 4.521 7.454 1.336 2.558 5.311 10.915 8.618 2.337 2.644 8.016 7.756 2.849 5.400 3.793 9.955 2.962 9.609 9.433 2.832 4.076 11.291 5.264 9.777 
3.282 4.723 11.349 7.836 7.909 6.919 5.620 4.683 3.811 8.428 5.348 5.707 10.207 4.826 8.995 6.636 6.339 10.615 1.773 6.727 4.671 4.503 6.517 5.985 0.478 10.327 6.027 5.887 4.276 2.237 6.621 7.508 5.814 6.036 11.454 2.475 6.711 5.110 3.308 3.248 2.707 9.815 9.659 10.496 4.769 7.785 9.462 8.889 10.880 5.767 2.359 8.033 5.327 10.688 6.947 7.295 4.324 3.870 4.532 6.309 7.747 11.369 10.539 3.112 9.612 9.058 8.761 9.191 5.875 4.904 4.235 9.292 1.458 7.529 2.881 9.042 7.770 7.037 5.322 6.194 4.953 8.332 5.916 1.546 7.850 7.645 9.867 4.745 4.518 12.145 10.578 8.044 8.306 3.324 6.510 9.930 3.094 4.177 7.730 11.163 
0.580 7.816 12.785 10.397 10.483 7.026 6.367 2.704 3.969 11.227 8.340 7.897 12.121 2.288 9.639 8.063 8.925 13.602 1.841 9.736 1.748 5.655 5.961 6.592 3.032 13.253 3.215 8.636 6.499 4.254 3.568 7.564 6.756 8.966 14.554 5.335 5.583 5.746 1.569 1.130 3.489 11.247 12.744 12.371 2.665 9.556 12.042 11.699 12.543 8.790 4.713 9.293 7.252 13.713 8.788 10.385 7.123 6.878 2.076 3.701 10.526 12.614 13.599 4.812 11.386 10.596 10.096 10.149 8.625 7.890 2.020 11.975 4.432 8.602 3.488 11.355 4.930 9.230 7.519 9.108 8.049 10.411 6.336 2.033 10.579 10.739 11.330 6.759 7.408 15.239 13.666 8.217 10.953 1.900 6.527 12.970 6.169 1.855 9.757 12.286 
9.636 1.723 10.919 5.135 4.994 10.303 8.543 10.625 8.490 4.211 2.234 5.686 8.816 11.010 10.855 7.782 4.345 4.965 7.955 1.872 10.994 7.494 10.863 9.019 6.508 5.055 12.272 3.543 5.388 6.188 12.982 10.772 8.320 2.594 5.074 4.524 11.609 8.547 9.441 9.503 7.586 9.792 3.369 9.137 10.760 7.664 6.041 4.571 9.995 1.724 5.616 8.896 6.200 4.801 6.953 1.143 3.596 2.962 10.690 12.426 3.933 11.385 4.433 6.544 8.788 9.018 9.188 10.390 3.650 2.468 10.332 5.479 5.147 9.082 7.822 6.779 13.980 6.106 5.497 2.708 1.479 7.107 9.176 7.695 4.368 1.335 9.752 5.899 3.194 5.798 4.286 10.974 5.010 9.334 10.159 4.007 3.390 10.325 6.933 11.499 
5.717 5.336 14.338 9.855 5.448 10.416 2.451 7.662 2.259 6.473 6.597 8.409 12.871 7.486 12.382 3.135 3.987 11.333 4.942 5.730 6.001 1.241 9.990 9.440 3.981 11.302 8.445 3.992 1.430 1.265 8.577 11.004 2.477 7.410 11.105 2.314 10.081 8.581 6.247 5.995 1.846 12.852 9.007 13.184 7.690 10.683 11.329 10.310 13.727 4.990 1.339 4.531 2.015 11.208 3.591 7.543 2.905 3.499 5.317 8.936 5.774 14.469 10.832 6.439 12.420 12.056 5.261 12.474 7.752 6.264 4.915 10.976 2.705 10.816 6.380 11.337 10.130 9.613 2.331 7.595 5.462 10.934 2.969 3.310 9.549 7.299 12.882 1.530 6.287 11.965 10.589 11.528 10.132 6.396 10.012 10.413 4.473 4.998 10.420 14.330 
8.542 0.701 10.722 5.150 5.066 9.502 7.757 9.563 7.514 4.598 1.797 5.150 8.739 9.930 10.276 7.212 4.098 5.824 6.867 2.214 9.905 6.653 9.960 8.226 5.416 5.798 11.189 3.255 4.630 5.179 11.888 9.996 7.578 2.450 6.168 3.497 10.655 7.691 8.361 8.416 6.571 9.490 4.430 9.064 9.695 7.292 6.303 5.002 9.857 1.548 4.617 8.422 5.567 5.733 6.528 2.101 2.856 2.015 9.614 11.355 4.167 11.119 5.433 5.595 8.598 8.693 8.799 9.901 3.335 1.833 9.260 5.816 4.066 8.495 6.804 6.799 12.902 5.790 4.915 2.614 0.476 6.920 8.370 6.610 4.531 2.391 9.465 5.191 2.477 6.881 5.349 10.246 5.175 8.262 9.322 4.939 2.317 9.249 6.649 11.180 
11.999 5.382 7.289 2.167 9.794 9.663 13.053 12.156 12.441 8.740 4.128 4.835 4.976 12.838 8.893 12.581 9.253 2.429 10.255 6.679 13.797 11.901 10.848 8.527 9.149 1.644 14.095 8.445 9.976 10.080 15.119 9.914 12.911 3.332 5.595 8.453 11.916 8.542 11.403 11.645 11.374 6.697 5.797 5.240 12.334 5.289 1.516 0.394 6.235 6.618 9.591 13.761 10.940 2.969 11.836 3.963 8.224 7.279 13.790 13.990 8.648 7.972 3.510 7.611 5.379 6.143 14.086 8.049 3.449 4.513 13.507 0.847 8.599 7.429 9.194 2.969 15.594 4.037 10.283 3.154 5.290 4.070 13.639 10.816 1.541 5.108 6.599 10.554 4.763 5.519 4.280 9.804 1.467 11.163 9.767 2.820 6.436 13.442 4.385 8.283 
6.977 9.482 6.570 7.996 14.638 0.676 13.078 5.280 10.932 14.626 8.773 5.608 7.145 6.190 2.621 14.182 13.189 12.502 6.437 12.341 8.791 12.024 1.733 1.940 7.073 11.789 6.872 12.501 11.662 9.788 8.164 0.261 13.323 8.761 15.016 9.505 2.791 2.587 5.938 6.385 10.001 5.328 14.071 7.232 5.442 5.091 9.193 9.945 6.852 11.489 9.840 15.584 12.793 12.930 14.392 11.170 11.075 10.126 9.478 6.301 14.070 6.068 13.236 4.889 6.240 5.111 16.304 3.553 7.731 8.488 9.502 9.560 8.592 2.916 4.696 7.761 7.511 6.124 12.654 8.763 9.690 6.431 13.271 8.258 8.789 12.208 5.461 12.201 7.762 15.287 13.749 0.835 8.694 5.601 1.045 12.467 8.296 9.326 5.904 5.580 
2.346 5.633 11.553 8.458 8.739 6.633 5.849 3.838 3.760 9.318 6.179 6.150 10.578 3.914 8.911 7.105 7.166 11.449 0.960 7.659 3.820 4.830 6.032 5.836 0.868 11.128 5.099 6.757 4.966 2.769 5.686 7.218 6.111 6.832 12.375 3.356 6.085 4.943 2.432 2.331 2.772 10.006 10.593 10.854 3.907 8.083 10.099 9.630 11.162 6.700 3.041 8.469 5.937 11.544 7.552 8.200 5.201 4.799 3.790 5.403 8.631 11.506 11.418 3.265 9.927 9.281 9.228 9.213 6.577 5.731 3.535 9.975 2.366 7.569 2.556 9.565 6.843 7.496 6.020 6.982 5.867 8.755 6.048 1.113 8.550 8.576 10.070 5.373 5.287 13.054 11.480 7.799 8.969 2.494 6.188 10.796 3.983 3.451 8.128 11.257 
4.404 6.007 14.128 10.130 6.864 9.644 2.828 6.429 1.215 7.845 7.102 8.339 12.857 6.171 11.820 4.212 5.382 12.117 3.898 6.899 4.578 1.838 9.042 8.784 3.288 11.999 7.074 5.312 2.827 1.157 7.162 10.231 3.091 7.895 12.199 2.840 9.009 7.899 5.040 4.742 0.425 12.605 10.153 13.158 6.438 10.520 11.687 10.833 13.609 6.076 1.706 5.516 3.389 12.054 4.895 8.414 4.045 4.357 3.906 7.594 7.141 14.179 11.744 5.944 12.320 11.834 6.299 12.026 8.050 6.715 3.505 11.405 2.688 10.364 5.560 11.503 8.739 9.623 3.754 8.075 6.175 10.942 3.082 2.110 9.953 8.338 12.650 2.944 6.582 13.022 11.580 10.799 10.493 5.232 9.206 11.261 4.804 3.581 10.376 13.987 
3.071 7.310 9.408 8.120 11.633 3.498 9.164 2.102 6.946 11.947 7.197 5.378 9.045 2.931 6.098 10.445 10.087 12.075 2.467 9.925 5.027 8.175 2.686 3.090 3.432 11.547 4.085 9.532 8.158 6.069 5.259 4.054 9.447 7.558 13.806 6.205 2.850 2.306 2.039 2.481 6.069 7.898 12.370 9.257 2.292 6.482 9.695 9.785 9.285 8.977 6.242 11.815 9.206 12.336 10.826 9.605 7.988 7.261 5.593 3.887 11.306 9.166 12.414 2.598 8.232 7.321 12.570 6.653 6.839 6.784 5.565 9.798 5.191 5.175 1.206 8.689 5.485 6.570 9.201 7.645 7.552 7.552 9.311 4.296 8.573 10.345 7.995 8.627 6.102 14.311 12.699 4.692 8.776 1.688 3.008 11.692 5.739 5.398 6.888 8.806 
9.515 2.153 12.074 6.352 3.754 10.967 7.564 10.731 7.788 3.124 3.205 6.622 10.016 11.015 11.761 6.634 3.099 6.035 7.927 0.726 10.682 6.589 11.370 9.696 6.447 6.213 12.247 2.321 4.428 5.604 12.844 11.469 7.298 3.728 5.527 4.045 12.017 9.137 9.457 9.460 6.989 10.893 3.510 10.339 10.849 8.720 7.304 5.832 11.174 0.616 5.022 7.694 5.113 5.791 5.741 2.279 2.700 2.434 10.279 12.474 2.747 12.507 5.318 6.987 9.943 10.105 7.956 11.370 4.719 3.306 9.902 6.743 4.858 9.980 8.094 8.003 13.982 7.191 4.384 3.865 1.956 8.259 8.213 7.379 5.615 1.700 10.861 4.878 3.966 6.366 4.999 11.729 6.260 9.396 10.774 5.013 3.562 9.918 8.038 12.593 
10.622 9.378 19.351 14.253 5.400 15.802 3.721 12.714 6.121 6.913 10.806 13.386 17.647 12.347 17.711 2.279 5.303 14.332 10.219 8.016 10.175 4.498 15.338 14.814 9.365 14.585 13.061 6.070 5.056 6.650 12.817 16.391 3.312 11.573 12.814 7.266 15.343 13.962 11.354 11.027 6.678 17.927 10.698 17.971 12.704 15.703 15.488 14.144 18.634 7.887 6.643 0.862 3.878 13.998 2.662 10.665 6.472 7.576 9.270 13.674 6.535 19.571 13.405 11.781 17.325 17.116 0.515 17.733 12.241 10.617 8.926 14.995 7.977 16.091 11.758 15.867 14.573 14.448 4.352 11.750 9.385 15.727 3.926 8.445 13.709 9.826 17.940 4.437 10.899 13.779 12.853 16.911 14.348 11.561 15.397 13.265 9.238 9.084 15.300 19.487 
5.410 3.017 11.704 7.196 5.833 8.378 5.143 6.840 4.249 6.265 4.069 5.748 10.185 6.998 10.028 5.464 4.285 9.131 3.940 4.587 6.548 3.931 8.282 7.262 2.493 8.980 8.188 3.755 2.702 1.884 8.716 8.952 5.146 4.866 9.534 0.472 8.650 6.471 5.480 5.417 3.214 10.241 7.631 10.499 6.933 8.044 8.709 7.803 11.062 3.638 1.422 6.872 3.882 9.106 5.414 5.524 2.195 1.725 6.200 8.482 5.591 11.875 8.850 4.185 9.752 9.437 7.499 10.007 5.095 3.690 5.840 8.398 0.726 8.372 4.654 8.652 9.932 6.928 3.630 5.047 3.207 8.246 5.641 3.240 6.952 5.666 10.264 3.302 3.622 10.288 8.774 9.399 7.511 5.480 8.041 8.320 1.809 5.836 7.742 11.769 
5.550 7.164 6.895 6.413 12.268 1.694 10.974 4.453 8.962 12.272 6.564 3.737 6.668 5.353 3.725 11.942 10.821 10.756 4.553 10.009 7.533 9.870 2.324 0.635 4.894 10.115 6.381 10.131 9.355 7.580 7.629 2.253 11.180 6.657 12.997 7.171 3.369 0.259 4.540 4.971 7.953 5.393 11.895 6.854 4.644 4.168 7.843 8.275 6.808 9.141 7.579 13.354 10.502 11.120 12.087 9.002 8.709 7.755 8.054 6.020 11.708 6.655 11.339 2.529 5.818 4.849 14.054 4.167 5.700 6.243 7.992 8.077 6.290 2.661 2.670 6.624 7.520 4.636 10.329 6.686 7.379 5.375 11.227 6.292 7.066 9.977 5.494 9.910 5.510 13.352 11.774 2.704 7.111 4.189 1.467 10.578 5.929 7.834 4.735 6.308 
10.636 6.090 4.546 1.340 11.418 7.004 13.308 10.310 12.167 10.657 4.669 2.950 2.354 11.108 5.910 13.309 10.516 5.444 9.015 8.332 12.590 12.099 8.362 6.012 8.262 4.638 12.293 9.672 10.513 9.948 13.442 7.166 13.279 3.974 8.538 8.551 9.504 6.250 9.852 10.178 11.040 3.724 8.390 2.674 10.500 2.364 1.783 2.954 3.561 7.936 9.578 14.629 11.627 5.986 12.826 5.915 8.968 7.867 12.781 12.057 10.394 5.130 6.492 6.048 2.472 3.129 15.095 5.037 3.199 4.824 12.567 2.256 8.331 4.565 7.542 0.513 13.619 1.644 11.088 3.819 6.123 1.063 13.810 10.043 2.243 7.179 3.638 11.136 4.600 8.528 7.210 6.967 1.737 9.557 7.196 5.763 6.392 12.464 1.520 5.372 
5.604 6.582 15.291 11.018 6.294 10.962 1.515 7.677 1.332 7.462 7.816 9.423 13.924 7.352 13.102 3.007 4.955 12.594 5.219 6.927 5.459 0.610 10.365 10.083 4.572 12.559 8.164 5.094 2.503 2.061 8.109 11.550 1.769 8.627 12.318 3.496 10.314 9.201 6.311 5.989 1.637 13.782 10.202 14.231 7.673 11.656 12.521 11.541 14.729 6.223 2.402 4.243 2.581 12.468 3.877 8.803 4.139 4.759 4.656 8.730 6.779 15.375 12.087 7.193 13.429 12.999 5.039 13.276 8.917 7.469 4.265 12.187 3.680 11.613 6.879 12.464 9.773 10.670 3.149 8.811 6.714 11.993 1.862 3.414 10.751 8.537 13.821 2.326 7.445 13.190 11.833 12.112 11.323 6.520 10.527 11.673 5.630 4.385 11.453 15.203 
12.044 4.442 9.469 3.822 7.835 10.932 11.859 12.589 11.642 6.652 3.672 5.906 7.168 13.150 10.623 11.087 7.528 1.678 10.287 4.829 13.655 10.785 11.904 9.700 8.981 1.755 14.431 6.779 8.706 9.286 15.322 11.273 11.645 3.137 3.590 7.600 12.866 9.519 11.623 11.788 10.661 8.732 3.525 7.448 12.752 7.032 3.769 2.138 8.429 5.014 8.738 12.152 9.525 1.704 10.197 2.198 6.912 6.164 13.493 14.442 6.652 10.112 1.757 8.084 7.470 8.096 12.386 9.884 3.904 4.122 13.167 3.095 8.007 9.005 9.611 5.087 16.046 5.557 8.814 3.038 4.264 5.985 12.485 10.459 2.878 3.079 8.649 9.226 4.675 3.786 2.274 11.276 3.275 11.438 10.942 1.011 5.915 13.132 6.136 10.379 
9.428 7.845 17.794 12.717 4.347 14.345 2.788 11.477 5.053 5.858 9.271 11.830 16.094 11.182 16.196 0.837 3.934 12.964 8.870 6.650 9.206 3.240 13.945 13.328 7.927 13.176 11.988 4.644 3.506 5.217 11.866 14.932 2.297 10.045 11.663 5.725 14.011 12.486 10.088 9.789 5.426 16.373 9.512 16.417 11.483 14.147 13.975 12.660 17.077 6.435 5.157 0.743 2.325 12.661 1.247 9.240 4.929 6.027 8.342 12.562 5.379 18.018 12.098 10.279 15.769 15.561 1.318 16.199 10.694 9.072 7.972 13.495 6.469 14.561 10.331 14.325 13.571 12.891 2.805 10.223 7.860 14.172 3.220 7.146 12.190 8.472 16.385 2.891 9.345 12.619 11.594 15.438 12.826 10.271 13.951 11.910 7.682 8.113 13.743 17.937 
5.689 7.631 6.870 6.764 12.725 1.243 11.321 4.427 9.266 12.738 7.022 4.128 6.801 5.344 3.494 12.335 11.272 11.148 4.814 10.477 7.643 10.232 1.936 0.523 5.256 10.493 6.308 10.588 9.772 7.958 7.575 1.815 11.540 7.101 13.433 7.600 3.038 0.670 4.660 5.101 8.279 5.401 12.352 6.969 4.615 4.360 8.156 8.649 6.855 9.608 7.977 13.743 10.913 11.523 12.504 9.457 9.158 8.213 8.209 5.900 12.172 6.576 11.756 2.973 5.931 4.914 14.450 4.040 6.131 6.706 8.168 8.415 6.703 2.647 2.961 6.889 7.357 4.955 10.755 7.126 7.847 5.612 11.556 6.588 7.446 10.439 5.509 10.321 5.973 13.776 12.203 2.312 7.464 4.308 1.001 10.993 6.392 8.005 4.989 6.198 
5.251 7.725 7.363 7.142 12.698 1.418 11.054 3.933 8.950 12.770 7.200 4.461 7.292 4.853 3.916 12.135 11.221 11.477 4.470 10.546 7.187 9.987 1.619 1.022 5.028 10.841 5.809 10.560 9.626 7.742 7.077 2.006 11.289 7.331 13.679 7.485 2.640 0.772 4.215 4.660 7.989 5.898 12.533 7.463 4.120 4.834 8.568 9.002 7.354 9.658 7.795 13.537 10.751 11.835 12.353 9.649 9.099 8.191 7.774 5.403 12.188 7.058 12.044 2.935 6.425 5.412 14.257 4.511 6.395 6.863 7.746 8.806 6.557 3.145 2.666 7.332 6.868 5.361 10.625 7.366 7.947 6.069 11.266 6.270 7.792 10.593 6.008 10.159 6.130 14.050 12.466 2.585 7.840 3.864 1.014 11.286 6.409 7.580 5.437 6.670 
8.347 6.765 4.218 3.938 12.323 3.721 12.588 7.552 10.945 11.939 5.637 2.196 3.541 8.427 3.044 13.104 11.095 8.467 6.989 9.541 10.359 11.395 5.138 2.826 6.734 7.720 9.506 10.293 10.310 9.070 10.735 3.880 12.684 5.337 11.221 8.101 6.307 3.278 7.415 7.809 9.838 2.681 10.586 3.749 7.744 1.035 5.058 5.896 3.859 8.860 8.873 14.508 11.492 8.937 12.939 7.756 9.158 8.053 10.744 9.164 11.506 4.262 9.316 4.078 2.728 1.940 15.109 2.555 4.243 5.513 10.611 5.439 7.507 1.368 5.198 3.650 10.661 2.089 11.125 5.277 6.910 2.332 12.970 8.443 4.804 8.939 2.734 10.927 4.904 11.383 9.912 3.725 4.620 7.080 3.943 8.550 6.206 10.475 1.770 4.128 
9.820 7.966 17.993 12.842 4.165 14.658 3.207 11.861 5.465 5.684 9.395 12.037 16.258 11.577 16.469 1.226 3.904 12.943 9.230 6.624 9.620 3.635 14.287 13.625 8.256 13.181 12.394 4.656 3.748 5.555 12.280 15.244 2.716 10.157 11.537 5.978 14.372 12.790 10.467 10.174 5.815 16.585 9.399 16.583 11.869 14.354 14.068 12.723 17.260 6.469 5.466 0.780 2.566 12.622 1.241 9.255 5.070 6.183 8.759 12.964 5.244 18.233 12.043 10.567 15.953 15.772 1.067 16.451 10.840 9.213 8.387 13.573 6.758 14.820 10.661 14.460 13.981 13.073 2.963 10.334 7.969 14.344 3.631 7.522 12.290 8.440 16.595 3.149 9.514 12.498 11.515 15.742 12.929 10.644 14.270 11.881 7.885 8.528 13.929 18.164 
12.692 6.269 6.936 2.564 10.651 9.953 13.939 12.741 13.290 9.561 4.992 5.317 4.642 13.455 8.936 13.478 10.140 2.639 10.962 7.547 14.526 12.783 11.221 8.876 9.908 1.802 14.699 9.335 10.869 10.935 15.756 10.157 13.802 4.186 6.005 9.319 12.322 8.974 12.055 12.316 12.214 6.527 6.463 4.871 12.923 5.398 1.270 1.273 5.874 7.509 10.454 14.657 11.836 3.251 12.730 4.824 9.120 8.169 14.552 14.559 9.495 7.667 3.904 8.230 5.177 6.063 14.978 8.029 4.189 5.363 14.279 0.882 9.433 7.591 9.808 2.838 16.156 4.342 11.180 4.005 6.182 4.094 14.522 11.601 2.216 5.935 6.417 11.449 5.564 5.791 4.734 9.989 1.896 11.801 10.099 3.310 7.277 14.207 4.525 8.028 
7.203 0.767 10.047 4.931 5.991 8.171 7.400 8.134 6.730 5.794 1.605 4.192 8.253 8.529 9.160 7.255 4.750 6.696 5.493 3.510 8.676 6.219 8.551 6.910 4.075 6.507 9.796 3.942 4.470 4.361 10.542 8.685 7.312 2.416 7.500 2.723 9.219 6.323 6.961 7.039 5.691 8.706 5.857 8.577 8.270 6.468 6.345 5.337 9.271 2.650 3.861 8.580 5.573 6.717 6.814 3.297 2.942 1.823 8.467 9.938 5.271 10.356 6.535 4.171 7.972 7.893 9.069 8.888 2.859 1.277 8.135 5.981 2.975 7.390 5.355 6.499 11.497 5.091 5.046 2.600 1.012 6.343 7.958 5.433 4.557 3.819 8.699 5.089 1.522 8.153 6.575 8.978 5.151 6.847 7.963 5.946 0.924 8.105 5.955 10.353 
1.530 7.827 13.536 10.815 9.978 7.928 5.499 3.643 3.095 10.824 8.502 8.427 12.760 3.144 10.500 7.275 8.445 13.770 2.403 9.503 1.568 4.872 6.903 7.431 3.232 13.475 3.898 8.236 5.945 3.773 3.980 8.475 5.909 9.180 14.499 5.082 6.537 6.566 2.510 2.078 2.780 11.991 12.610 13.021 3.591 10.215 12.459 11.998 13.244 8.581 4.294 8.460 6.592 13.839 8.077 10.400 6.778 6.681 1.426 4.468 10.118 13.399 13.674 5.402 12.056 11.314 9.267 10.970 8.947 8.057 1.227 12.343 4.292 9.392 4.227 11.871 5.538 9.772 6.928 9.334 8.049 10.995 5.430 1.741 10.920 10.642 12.068 6.136 7.645 15.227 13.680 9.121 11.336 2.829 7.433 13.077 6.235 1.107 10.351 13.091 
5.153 3.206 9.194 5.376 7.988 5.975 7.552 5.773 6.123 8.054 3.263 3.335 7.854 6.259 7.433 8.066 6.546 8.461 3.392 5.893 6.891 6.349 6.168 4.780 2.258 8.081 7.540 5.851 5.310 4.047 8.408 6.527 7.628 3.811 9.793 3.079 6.781 4.069 4.715 4.874 4.993 7.701 8.274 8.154 5.922 5.550 7.008 6.530 8.623 4.972 3.813 9.478 6.491 8.615 8.005 5.564 4.445 3.476 6.899 7.608 7.463 9.317 8.577 1.794 7.327 6.907 10.108 7.397 3.467 2.819 6.635 6.866 2.451 5.763 2.912 6.588 9.196 4.630 6.203 3.945 3.448 5.944 7.969 4.001 5.439 6.244 7.733 5.912 2.250 10.366 8.758 6.914 5.865 4.549 5.701 7.903 1.698 6.557 5.373 9.187 
12.690 4.835 10.665 5.025 7.261 12.017 11.840 13.390 11.868 5.949 4.385 6.994 8.359 13.898 11.805 10.869 7.188 1.935 10.950 4.475 14.199 10.833 12.924 10.768 9.579 2.457 15.179 6.515 8.692 9.557 16.008 12.378 11.580 4.013 2.421 7.881 13.849 10.534 12.349 12.479 10.952 9.941 2.461 8.635 13.546 8.225 4.930 3.325 9.621 4.887 8.988 11.832 9.390 1.541 9.878 2.286 6.922 6.340 13.965 15.236 6.063 11.315 1.054 8.958 8.677 9.304 11.991 11.081 4.914 4.823 13.620 4.256 8.421 10.166 10.440 6.288 16.831 6.731 8.655 3.953 4.621 7.193 12.485 10.939 4.077 2.654 9.857 9.159 5.461 2.763 1.161 12.408 4.485 12.189 12.003 0.852 6.441 13.601 7.333 11.587 
2.191 5.901 10.746 8.101 9.539 5.611 6.883 3.107 4.755 10.010 6.214 5.614 9.917 3.393 7.947 8.125 7.972 11.431 0.457 8.193 4.044 5.864 5.001 4.859 1.255 11.040 4.656 7.496 5.895 3.756 5.448 6.194 7.147 6.782 12.636 4.091 5.099 3.967 1.825 1.915 3.799 9.198 10.965 10.179 3.213 7.375 9.747 9.442 10.418 7.228 3.966 9.495 6.910 11.582 8.529 8.413 5.932 5.377 4.245 4.832 9.338 10.653 11.523 2.560 9.218 8.501 10.249 8.300 6.365 5.766 4.070 9.688 3.063 6.676 1.556 9.069 6.366 6.953 6.946 6.913 6.144 8.159 7.071 2.075 8.305 8.928 9.270 6.336 5.220 13.259 11.661 6.783 8.664 1.755 5.159 10.861 4.228 3.947 7.512 10.379 
4.885 9.194 8.691 8.940 13.844 2.125 11.420 3.018 9.144 14.066 8.820 6.249 8.910 3.908 4.867 12.749 12.316 13.255 4.735 11.940 6.579 10.461 0.577 2.684 5.729 12.629 4.568 11.723 10.457 8.377 5.862 2.468 11.720 9.020 15.370 8.458 0.844 2.535 3.882 4.314 8.327 7.324 14.130 9.052 3.167 6.541 10.360 10.794 8.830 11.016 8.547 14.113 11.513 13.601 13.133 11.274 10.200 9.401 7.323 4.021 13.448 8.264 13.787 4.299 8.020 6.948 14.872 5.698 8.127 8.454 7.388 10.603 7.458 4.636 3.383 9.097 5.327 7.155 11.495 9.069 9.427 7.815 11.531 6.544 9.581 12.151 7.446 10.932 7.728 15.774 14.181 3.133 9.637 3.579 1.688 13.034 7.741 7.206 7.196 7.807 
5.056 7.243 15.483 11.490 7.238 10.805 1.880 7.173 0.525 8.402 8.403 9.714 14.233 6.757 13.077 3.752 5.895 13.317 4.957 7.799 4.661 1.492 10.081 10.014 4.579 13.241 7.474 6.011 3.415 2.465 7.322 11.387 2.298 9.205 13.176 4.087 9.927 9.122 5.864 5.502 1.446 13.955 11.076 14.533 7.148 11.885 13.034 12.138 14.977 7.058 2.942 4.854 3.516 13.220 4.738 9.559 4.974 5.489 3.813 8.078 7.717 15.517 12.868 7.258 13.691 13.189 5.664 13.325 9.403 8.030 3.434 12.737 4.053 11.666 6.738 12.876 9.030 11.001 4.094 9.387 7.394 12.319 1.898 3.130 11.289 9.363 14.003 3.269 7.931 14.034 12.647 11.978 11.839 6.110 10.349 12.425 6.137 3.571 11.752 15.312 
6.219 7.891 6.398 6.675 13.078 0.933 11.825 4.905 9.788 13.041 7.198 4.134 6.445 5.827 2.959 12.805 11.646 11.121 5.345 10.751 8.166 10.726 2.090 0.352 5.749 10.441 6.752 10.944 10.213 8.440 8.029 1.435 12.036 7.218 13.515 8.024 3.258 1.115 5.187 5.629 8.792 4.953 12.510 6.596 5.090 4.079 8.002 8.593 6.430 9.902 8.441 14.216 11.363 11.519 12.945 9.609 9.540 8.569 8.740 6.313 12.491 6.077 11.785 3.375 5.561 4.510 14.916 3.527 6.211 6.905 8.701 8.300 7.150 2.210 3.483 6.674 7.732 4.829 11.184 7.229 8.099 5.372 12.069 7.112 7.405 10.630 5.067 10.771 6.177 13.822 12.265 1.844 7.378 4.836 0.930 11.019 6.724 8.538 4.773 5.687 
8.202 6.583 4.401 3.865 12.138 3.725 12.396 7.443 10.760 11.763 5.468 2.019 3.658 8.312 3.189 12.909 10.906 8.393 6.825 9.367 10.213 11.202 5.108 2.777 6.552 7.655 9.403 10.105 10.115 8.878 10.625 3.913 12.490 5.183 11.110 7.906 6.269 3.181 7.277 7.668 9.652 2.867 10.447 3.875 7.635 1.109 5.035 5.823 4.019 8.679 8.679 14.313 11.297 8.854 12.744 7.608 8.965 7.861 10.588 9.073 11.327 4.454 9.220 3.902 2.863 2.116 14.913 2.735 4.089 5.337 10.450 5.395 7.313 1.475 5.047 3.660 10.580 2.000 10.931 5.128 6.730 2.356 12.780 8.265 4.713 8.784 2.917 10.731 4.722 11.287 9.806 3.791 4.553 6.945 3.924 8.453 6.013 10.316 1.763 4.323 
7.810 3.455 13.571 8.330 3.143 10.984 4.671 9.443 5.123 3.787 4.882 7.665 11.768 9.500 12.410 3.907 1.583 8.878 6.532 2.897 8.557 3.726 10.972 9.815 5.148 8.979 10.621 1.197 1.555 3.272 10.981 11.547 4.411 5.651 8.293 2.309 11.353 9.071 8.045 7.920 4.519 12.208 6.168 12.093 9.519 9.969 9.585 8.306 12.798 2.286 2.749 5.136 2.279 8.668 3.299 5.061 0.610 1.724 7.992 10.992 3.082 13.860 8.210 6.768 11.499 11.394 5.568 12.258 6.334 4.706 7.596 9.116 3.338 10.684 7.356 9.948 12.360 8.619 1.610 5.830 3.467 9.867 5.321 5.419 7.797 4.579 12.207 1.987 5.049 9.179 7.876 11.952 8.432 8.087 10.674 7.882 3.571 7.649 9.482 13.833 
13.894 6.231 10.256 5.127 8.866 12.523 13.447 14.414 13.382 7.512 5.522 7.533 7.953 14.989 11.945 12.509 8.830 0.687 12.137 6.117 15.500 12.419 13.582 11.325 10.829 1.524 16.269 8.155 10.293 11.043 17.169 12.823 13.198 4.970 2.739 9.358 14.582 11.213 13.467 13.635 12.430 9.758 3.804 8.190 14.579 8.332 4.495 3.181 9.193 6.504 10.484 13.473 11.019 0.146 11.520 3.795 8.511 7.864 15.325 16.267 7.669 10.974 0.779 9.889 8.428 9.218 13.626 11.119 5.656 5.972 14.994 3.877 9.817 10.426 11.431 6.026 17.873 6.980 10.286 4.860 6.038 7.141 14.088 12.290 4.276 4.295 9.657 10.774 6.518 2.470 1.616 12.767 4.466 13.278 12.572 0.929 7.749 14.963 7.424 11.315 
3.439 5.298 9.385 6.824 9.658 4.668 7.872 3.687 5.920 9.918 5.319 4.258 8.526 4.246 6.764 8.873 8.131 10.399 1.836 7.882 5.383 6.766 4.423 3.726 1.789 9.947 5.523 7.539 6.379 4.489 6.489 5.256 8.076 5.779 11.892 4.293 4.839 2.847 2.770 3.026 4.876 7.838 10.378 8.787 3.843 5.985 8.463 8.276 9.035 6.934 4.531 10.279 7.492 10.603 9.099 7.667 6.014 5.236 5.631 5.535 9.286 9.321 10.614 1.173 7.828 7.128 10.994 7.029 5.219 4.886 5.461 8.448 3.322 5.382 0.838 7.716 7.134 5.588 7.393 5.890 5.542 6.777 8.138 3.301 7.105 8.345 7.905 6.901 4.251 12.445 10.834 5.782 7.418 2.543 4.275 9.917 3.701 5.338 6.127 9.069 
3.376 11.282 14.109 13.080 14.115 7.606 9.422 2.936 7.086 14.889 11.602 10.371 14.012 2.150 10.367 11.337 12.567 16.766 5.036 13.367 2.946 8.966 6.068 7.799 6.481 16.322 0.970 12.297 10.099 7.885 0.438 7.970 9.877 12.128 18.029 8.989 5.081 7.198 3.628 3.492 6.942 12.670 16.303 14.204 2.744 11.475 14.685 14.635 14.132 12.413 8.365 12.425 10.753 16.949 12.213 13.813 10.785 10.505 3.859 1.514 14.187 13.734 16.916 7.378 13.168 12.185 13.236 11.162 11.592 11.156 4.195 14.742 8.057 9.920 5.796 13.721 1.460 11.596 11.091 12.248 11.522 12.581 9.210 5.689 13.448 14.277 12.782 10.301 10.577 18.662 17.065 8.630 13.712 3.832 7.131 16.243 9.608 4.039 11.918 13.294 
10.498 9.148 1.939 5.372 14.720 4.660 15.135 9.359 13.434 14.223 7.904 4.617 2.764 10.277 2.273 15.661 13.556 9.621 9.312 11.824 12.494 13.946 6.263 4.423 9.215 8.800 11.208 12.739 12.863 11.617 12.488 4.473 15.238 7.458 12.733 10.659 7.428 5.185 9.502 9.927 12.340 0.673 12.446 2.736 9.545 2.388 5.832 7.155 2.158 11.218 11.430 17.064 14.044 10.177 15.476 9.763 11.669 10.554 12.975 10.744 13.840 1.741 10.693 6.535 1.967 1.084 17.658 1.217 6.403 7.855 12.882 6.410 10.063 2.310 7.446 4.267 12.099 3.943 13.664 7.360 9.268 3.195 15.505 10.876 6.325 11.003 0.814 13.481 7.315 12.726 11.404 3.957 5.913 9.154 5.086 9.962 8.732 12.733 3.149 1.569 
