20 40 100
632.084 417.465 162.557 609.524 503.352 238.104 699.759 554.120 637.254 353.597 479.287 499.061 407.539 357.987 434.677 756.271 726.543 470.842 734.740 442.012 
34.871 80.338 14.645 34.103 32.790 110.381 108.984 36.467 53.371 68.674 65.662 51.082 62.067 75.177 77.771 44.294 46.788 124.178 70.752 72.936 114.692 68.303 125.069 37.065 69.481 89.026 124.890 53.027 98.828 80.432 135.739 121.696 101.840 116.657 98.951 55.051 72.466 30.464 57.969 118.056 
8.777 22.180 28.094 13.055 16.499 20.613 32.054 15.623 33.320 21.481 26.047 26.688 30.745 20.918 19.611 29.500 26.071 32.699 15.765 6.828 7.892 32.595 10.816 21.757 25.962 24.758 15.290 13.429 7.898 12.291 26.045 6.964 12.845 29.943 25.682 33.005 29.851 7.199 15.012 11.761 33.063 26.140 6.484 29.311 9.414 12.126 28.679 14.711 7.058 31.862 17.794 13.199 15.759 7.812 30.868 17.126 25.456 16.312 25.686 24.565 13.387 13.496 10.127 30.623 19.163 25.580 28.129 7.746 10.712 15.348 31.789 33.028 12.578 10.540 19.335 29.523 34.382 24.942 30.734 34.956 20.709 14.439 29.200 11.686 9.525 17.593 18.373 27.423 13.637 23.943 29.901 19.606 5.441 22.563 12.946 12.631 26.786 21.564 12.355 25.924 
709.571 1000.759 525.231 701.722 653.883 1259.041 1157.879 719.874 887.604 943.493 1008.875 779.471 913.852 1010.324 1037.214 840.411 758.512 1342.313 982.052 1059.550 1210.085 938.655 1328.706 721.634 976.673 1165.630 1253.977 902.904 1201.706 1043.365 1340.389 1287.581 1202.504 1271.227 1178.197 891.076 1033.975 669.529 879.142 1321.574 
2.909 8.512 9.110 4.381 6.102 14.486 11.086 9.969 10.322 5.107 11.309 6.346 12.122 9.987 7.005 6.958 8.400 1.932 5.732 9.673 6.446 11.886 3.818 12.141 12.916 13.725 10.615 11.487 2.347 6.156 7.381 9.921 2.235 8.736 7.886 6.839 6.870 6.258 10.518 2.405 
6.581 11.693 13.534 10.034 6.152 8.868 8.205 6.039 2.437 4.349 2.492 4.026 4.865 7.983 5.960 6.085 5.788 8.831 4.046 5.097 8.034 3.942 6.448 4.486 5.993 7.594 1.383 5.069 9.049 6.243 4.146 9.851 7.511 11.691 7.076 7.104 7.632 4.101 3.471 7.277 
7.775 1.057 3.073 4.235 4.840 9.329 5.319 15.122 13.015 8.542 10.842 7.078 15.469 4.333 12.915 4.718 5.302 10.009 7.631 14.385 13.585 10.173 10.095 9.996 9.646 9.329 12.147 15.366 6.116 4.729 6.653 2.513 9.116 0.939 3.829 3.717 13.728 10.795 8.925 9.024 
8.865 14.666 16.488 12.795 9.093 10.912 10.957 4.836 1.284 6.658 4.138 6.903 2.206 10.856 6.246 9.064 8.738 10.545 6.739 4.022 8.407 5.761 8.041 6.335 7.901 9.597 1.694 2.847 11.579 9.188 7.126 12.793 9.418 14.668 10.054 10.079 7.852 5.428 5.922 9.209 
3.229 9.982 10.644 5.881 6.995 15.233 12.061 8.921 9.815 5.085 11.392 6.761 11.381 11.010 5.928 7.843 9.207 0.584 5.996 8.741 5.062 12.165 3.058 12.483 13.412 14.373 10.342 10.659 3.786 7.067 7.916 11.162 1.821 10.198 8.901 7.891 5.541 5.666 10.868 2.062 
4.533 12.676 13.725 8.904 8.228 15.404 13.024 5.325 7.259 4.695 10.103 6.903 8.241 12.174 2.444 8.935 9.943 3.263 5.972 5.350 1.344 11.300 2.255 11.750 13.012 14.319 8.283 7.380 6.810 8.333 8.137 12.962 3.332 12.842 10.208 9.401 1.740 3.575 10.279 3.356 
9.701 3.537 1.694 5.013 8.367 13.867 9.888 17.767 16.462 11.277 15.002 10.507 18.814 8.909 15.119 8.604 9.572 10.818 10.758 17.183 15.157 14.537 11.902 14.419 14.185 13.907 15.889 18.522 7.014 8.283 10.483 7.002 10.495 3.737 8.091 7.594 15.475 13.422 13.208 10.509 
3.280 7.451 9.168 5.548 1.839 8.785 6.110 8.521 6.454 2.273 5.622 0.487 8.863 5.304 6.682 2.212 3.028 6.236 1.048 7.740 7.947 5.934 4.762 6.151 6.930 7.872 5.890 8.699 4.870 1.951 1.408 6.453 4.815 7.497 3.508 3.028 7.881 4.348 4.534 4.591 
6.864 7.719 9.721 7.738 3.561 5.184 3.259 10.659 7.397 5.628 4.233 3.461 9.811 3.081 9.580 2.832 1.487 9.835 4.374 9.750 11.193 3.500 8.271 3.402 3.595 4.291 6.092 10.019 7.876 3.559 2.220 5.135 8.418 7.631 2.948 3.629 11.016 7.200 2.245 8.195 
8.373 13.863 15.707 12.129 8.322 10.083 10.069 5.322 1.339 6.135 3.294 6.169 3.054 9.975 6.326 8.253 7.877 10.253 6.084 4.441 8.501 4.929 7.763 5.506 7.078 8.769 0.823 3.584 11.009 8.414 6.312 11.926 9.055 13.858 9.213 9.275 7.983 5.174 5.037 8.836 
5.625 4.013 4.244 1.061 5.306 12.752 8.780 13.732 12.798 7.401 12.074 7.093 15.046 7.620 11.014 5.866 7.216 6.739 7.115 13.199 11.019 11.984 7.774 12.012 12.197 12.403 12.462 14.662 2.873 5.263 7.434 6.562 6.355 4.280 5.966 5.064 11.334 9.440 10.560 6.369 
2.597 8.826 10.410 6.290 3.374 10.098 7.713 6.984 5.460 0.675 5.817 1.547 7.730 6.951 5.022 3.862 4.631 5.238 0.626 6.256 6.330 6.548 3.336 6.886 7.926 9.077 5.306 7.428 5.052 3.489 2.771 8.095 3.811 8.903 5.164 4.604 6.237 2.710 5.287 3.571 
4.619 11.397 11.948 7.264 8.470 16.643 13.541 8.994 10.477 6.240 12.487 8.089 11.783 12.500 6.065 9.313 10.653 1.640 7.271 8.972 4.685 13.371 3.834 13.720 14.722 15.747 11.195 10.974 5.218 8.546 9.279 12.662 3.067 11.621 10.392 9.388 5.263 6.377 12.120 3.299 
5.805 9.069 9.009 5.183 8.382 16.729 13.039 12.638 13.258 8.034 14.153 9.075 14.996 11.884 9.646 9.202 10.690 4.299 8.560 12.436 8.661 14.618 6.637 14.826 15.464 16.102 13.558 14.317 4.055 8.408 9.992 11.326 5.117 9.337 9.882 8.824 9.187 9.164 13.216 5.312 
5.090 6.836 6.870 3.012 6.692 14.858 11.046 12.835 12.756 7.288 12.984 7.817 14.750 9.880 9.906 7.454 8.932 4.857 7.494 12.473 9.394 13.235 6.651 13.376 13.847 14.329 12.787 14.194 2.503 6.696 8.546 9.165 5.058 7.103 7.962 6.928 9.826 8.885 11.804 5.175 
6.874 10.089 12.037 9.236 4.977 6.555 5.865 8.410 4.820 4.947 1.817 3.466 7.172 5.781 7.914 4.602 3.836 9.603 4.029 7.472 9.821 2.184 7.524 2.566 3.850 5.326 3.412 7.463 8.761 5.035 2.830 7.798 8.179 10.040 5.283 5.610 9.515 5.708 1.131 7.938 
7.468 15.044 16.557 12.101 9.566 14.164 13.099 0.791 3.420 5.882 7.602 7.423 3.316 12.627 2.623 9.921 10.252 7.912 6.747 0.346 4.478 9.182 5.650 9.744 11.278 12.892 5.020 2.370 10.339 9.680 8.284 14.131 7.246 15.128 11.173 10.775 3.855 3.667 8.748 7.113 
5.361 3.126 4.019 1.043 4.126 11.325 7.352 13.329 12.007 6.797 10.918 6.116 14.339 6.192 10.773 4.586 5.869 7.081 6.293 12.719 11.059 10.720 7.654 10.715 10.831 10.991 11.522 14.037 3.081 4.066 6.284 5.207 6.413 3.354 4.568 3.714 11.301 8.965 9.311 6.373 
7.122 1.122 2.522 3.034 4.875 10.549 6.509 14.846 13.099 8.235 11.371 7.098 15.512 5.437 12.449 5.003 5.918 9.060 7.496 14.168 12.908 10.884 9.450 10.772 10.594 10.442 12.394 15.316 5.075 4.780 6.920 3.862 8.313 1.350 4.438 3.979 13.108 10.473 9.556 8.251 
11.741 11.146 13.114 12.334 8.408 1.544 4.808 13.816 9.887 10.250 5.562 8.236 11.817 5.786 13.570 7.603 6.117 14.688 9.085 12.875 15.460 3.932 12.917 3.360 1.826 0.775 8.238 12.399 12.742 8.387 7.054 7.748 13.256 10.962 7.194 8.160 15.168 11.345 4.532 13.026 
2.662 7.969 2.646 3.045 9.138 5.220 8.759 8.328 5.038 7.444 7.638 9.793 9.192 9.918 7.393 5.232 1.389 6.095 3.384 7.389 6.047 6.629 3.961 4.079 6.713 9.167 6.978 4.829 3.469 4.845 7.850 5.688 9.410 7.903 7.300 3.773 3.921 1.554 5.421 0.902 4.223 8.416 3.572 5.914 3.860 9.525 3.137 4.615 5.733 9.710 0.307 5.416 4.582 7.917 4.207 7.080 8.627 7.413 0.539 4.696 10.510 5.934 10.929 9.836 4.280 9.425 2.146 5.544 10.419 2.796 1.566 7.161 11.110 10.750 9.527 3.092 4.650 8.457 8.055 4.856 5.276 2.706 8.919 1.453 8.628 7.323 9.789 8.325 6.270 3.775 9.821 5.413 10.108 3.044 5.622 1.584 8.696 4.417 9.363 1.009 
7.697 4.244 10.315 10.060 1.111 6.462 0.882 2.885 6.601 0.920 4.384 3.432 16.570 6.797 12.040 12.270 6.962 12.027 10.270 3.686 2.142 13.171 11.861 11.457 2.762 11.825 14.520 12.431 5.049 10.350 14.701 4.996 3.205 4.150 11.242 11.955 12.064 9.687 13.489 8.566 7.972 4.942 6.712 13.240 5.869 6.669 7.219 7.218 13.574 1.637 8.434 9.057 10.428 7.356 12.361 11.097 15.840 0.770 8.719 12.375 3.022 2.550 9.677 6.217 8.189 2.747 10.147 9.782 3.240 5.522 7.016 5.124 10.411 8.887 10.581 5.545 8.802 1.118 11.234 8.279 12.022 9.608 13.947 8.606 0.445 4.835 2.533 6.419 4.523 7.977 8.765 13.538 11.048 7.899 12.391 9.710 15.275 10.865 11.098 7.754 
8.348 3.287 11.199 11.596 2.334 8.391 1.150 4.802 8.514 2.881 6.388 1.534 18.150 8.689 13.930 13.868 8.047 13.786 10.938 5.699 3.548 14.871 12.763 12.181 4.762 13.824 16.038 13.187 5.975 10.668 16.373 6.958 1.437 3.226 13.169 13.093 13.299 10.791 14.450 9.600 8.242 6.904 8.463 13.863 7.635 8.594 8.917 9.087 14.986 1.190 9.657 9.093 10.820 9.373 13.581 13.015 17.453 2.514 9.914 13.827 1.154 3.445 11.632 8.081 10.004 0.885 11.161 9.859 1.243 6.591 8.427 7.142 12.385 10.817 12.599 7.108 9.007 2.952 13.205 10.145 13.665 10.345 15.836 9.527 1.845 4.152 0.521 8.417 4.323 8.358 10.750 14.790 13.065 9.580 14.039 10.954 17.000 11.368 13.113 9.121 
3.579 3.438 6.366 7.307 5.248 5.903 4.456 5.683 5.895 3.747 6.078 5.107 13.784 8.886 10.643 9.623 3.307 9.969 6.173 5.461 2.254 10.838 7.930 7.392 4.252 11.421 11.597 8.388 1.222 6.216 12.232 5.088 4.725 3.355 10.139 8.307 8.571 6.008 9.617 4.797 3.882 6.928 5.073 9.134 4.469 8.594 5.268 6.115 10.411 5.403 4.985 5.088 6.282 8.099 8.841 9.943 13.160 3.466 5.209 9.327 5.922 1.598 11.082 8.505 6.655 4.769 6.341 5.762 5.781 1.932 4.103 6.225 11.596 10.535 10.887 3.378 4.728 4.864 10.517 7.021 9.529 5.544 12.460 4.695 4.565 3.047 5.193 7.759 1.972 3.844 9.979 10.062 11.453 5.793 9.901 6.269 12.980 6.722 11.103 4.663 
5.423 7.494 6.605 4.644 6.282 1.676 6.434 4.725 1.620 4.721 3.725 8.372 11.009 5.979 6.613 6.719 3.583 6.404 7.204 3.592 3.910 7.546 7.881 8.028 3.283 7.123 9.041 8.788 3.611 8.289 9.084 1.729 8.017 7.395 5.969 7.337 7.198 5.431 9.200 4.766 6.717 4.469 1.085 9.872 0.241 5.593 1.635 1.842 8.273 7.264 4.057 8.110 8.133 4.258 7.509 5.789 10.255 4.937 4.369 7.035 8.528 4.414 7.354 5.875 2.617 7.800 6.079 8.532 8.619 3.179 2.395 3.200 7.706 7.021 6.667 1.173 7.457 5.440 6.248 2.838 6.430 6.479 8.502 5.163 6.026 7.299 7.900 4.430 6.259 6.401 6.220 8.554 7.246 2.319 6.793 5.043 9.647 8.165 6.821 3.062 
13.824 14.228 14.581 10.941 9.965 6.850 11.122 7.460 7.009 9.715 6.144 13.747 14.755 3.558 8.351 11.641 11.957 9.999 15.405 6.858 10.330 11.275 15.542 16.019 8.092 5.807 13.753 16.593 11.766 16.661 12.553 7.010 13.542 14.123 7.362 14.447 13.984 13.219 16.428 12.913 15.089 5.429 8.466 17.760 8.396 3.673 8.894 7.423 13.873 11.316 12.009 16.482 16.477 4.151 14.259 7.445 13.919 10.216 12.278 12.808 12.954 11.217 1.109 4.181 8.030 13.062 13.903 16.930 13.329 11.496 10.564 5.797 1.408 1.494 3.755 9.567 15.850 9.300 6.415 7.479 11.110 14.708 9.493 13.399 10.411 14.474 12.712 4.260 13.670 14.792 2.205 14.877 3.552 9.137 11.283 12.540 12.437 16.422 4.586 11.017 
10.349 10.187 11.653 8.838 6.099 3.940 7.166 3.510 4.164 5.686 2.109 9.779 14.135 0.912 8.088 10.259 8.610 9.080 12.275 2.818 6.311 10.434 12.854 13.085 4.060 6.620 12.611 13.810 8.024 13.277 11.941 3.404 9.554 10.082 7.053 12.086 11.792 10.414 14.033 9.834 11.458 1.409 5.536 14.918 5.151 0.522 6.107 4.851 12.296 7.464 9.073 12.834 13.152 1.991 12.096 7.016 13.296 6.184 9.376 11.090 9.104 7.204 3.326 1.058 5.830 9.093 11.083 13.357 9.443 7.873 7.449 1.962 4.084 2.557 4.808 6.137 12.263 5.359 6.524 5.446 9.797 11.548 9.787 10.234 6.463 10.450 8.792 0.797 9.678 11.213 2.491 12.964 5.129 6.583 10.077 9.902 12.142 13.225 5.553 8.058 
10.256 16.077 7.626 5.730 16.566 10.325 16.497 14.974 10.099 14.927 13.600 17.846 1.453 14.677 6.612 3.683 9.497 4.936 8.753 13.727 13.765 3.632 6.684 7.945 13.615 9.404 1.302 7.418 11.548 10.561 2.566 11.670 17.463 16.011 7.553 5.191 4.571 7.084 5.636 8.258 11.545 14.073 9.291 8.177 10.103 14.286 8.700 9.328 2.399 17.406 7.805 12.208 10.144 12.005 4.420 7.461 1.613 15.037 7.619 3.452 18.426 13.861 13.902 14.938 8.234 17.430 7.108 11.889 18.392 10.843 8.847 12.751 13.545 14.278 11.205 10.241 11.523 15.752 8.544 8.498 4.101 8.752 6.171 8.635 16.214 15.402 17.724 13.093 14.368 11.109 13.161 3.394 11.557 8.020 3.810 6.569 3.222 9.417 10.468 8.168 
10.287 15.183 8.518 4.626 14.435 7.639 14.671 12.419 7.444 12.944 10.818 16.494 3.685 11.332 2.726 2.638 8.876 1.833 9.762 11.113 12.090 1.119 8.290 9.435 11.327 5.413 3.190 9.322 10.603 11.649 1.508 9.132 16.124 15.099 3.756 6.599 5.838 7.390 8.023 8.228 11.810 11.113 7.160 10.376 7.997 10.968 6.711 6.725 4.159 15.489 7.385 12.837 11.263 8.665 5.914 3.723 2.851 13.174 7.357 3.926 16.759 12.436 10.123 11.696 5.685 15.966 7.770 12.756 16.829 9.885 7.659 9.891 9.680 10.604 7.322 8.593 12.075 13.562 4.655 5.701 2.420 9.454 2.213 8.772 14.245 14.707 16.116 9.875 13.615 11.352 9.505 5.647 7.621 6.069 2.119 6.566 1.507 10.696 6.535 7.221 
4.908 9.792 4.064 0.936 9.980 4.428 9.884 8.598 4.201 8.325 7.478 11.338 7.480 9.258 5.180 3.252 3.379 3.861 5.152 7.441 7.156 4.511 4.788 5.426 7.123 7.166 5.361 5.867 5.183 6.861 5.861 5.446 10.958 9.715 5.184 3.743 3.435 2.651 5.717 2.981 6.468 8.120 2.961 7.048 3.667 8.850 2.340 3.530 4.430 10.793 2.002 7.637 6.543 6.880 3.742 4.966 6.814 8.424 2.082 3.209 11.834 7.300 9.660 9.323 2.740 10.882 3.296 7.711 11.822 4.459 2.290 6.775 9.691 9.654 7.834 3.630 6.868 9.187 6.027 3.294 3.174 4.604 6.672 3.567 9.606 9.256 11.141 7.598 8.169 6.019 8.620 4.706 8.392 1.782 3.541 1.836 6.634 6.206 7.532 1.736 
10.956 14.286 10.315 5.926 12.122 5.443 12.715 9.714 5.354 10.935 7.944 14.978 7.998 7.622 1.710 5.530 9.120 3.659 11.450 8.448 10.557 4.726 10.714 11.587 9.085 1.120 7.257 11.827 10.156 13.165 5.830 6.847 14.647 14.187 1.131 9.220 8.566 8.924 11.057 9.236 12.504 7.957 5.975 12.997 6.600 7.315 5.890 4.951 7.732 13.369 8.222 13.784 12.851 5.163 8.770 1.346 7.173 11.295 8.361 6.923 14.860 11.171 5.903 8.106 4.453 14.354 9.525 13.946 15.048 9.545 7.564 7.008 5.388 6.493 3.038 7.674 13.027 11.238 0.614 4.025 5.000 10.912 2.776 9.822 12.145 14.073 14.325 6.446 13.013 12.082 5.450 9.014 3.298 5.567 5.038 8.062 5.649 12.499 2.217 7.540 
5.887 9.416 5.972 2.701 8.516 2.260 8.676 6.771 2.028 6.969 5.452 10.527 8.801 7.059 4.608 4.541 3.995 4.168 6.894 5.528 6.096 5.299 6.912 7.399 5.463 5.774 6.902 7.955 5.045 8.382 6.841 3.474 10.163 9.325 4.168 5.953 5.625 4.588 7.924 4.445 7.403 6.022 1.163 9.122 2.007 6.651 0.768 1.323 6.290 9.511 3.463 8.728 8.128 4.678 5.927 3.961 8.032 7.179 3.699 5.051 10.758 6.494 7.531 7.148 0.754 9.982 5.271 8.974 10.831 4.401 2.421 4.672 7.632 7.473 5.981 2.690 7.990 7.663 4.723 1.314 4.213 6.242 6.438 4.994 8.273 9.080 10.117 5.398 7.995 6.999 6.462 6.814 6.563 0.509 4.570 3.906 7.400 7.941 5.845 2.562 
12.207 17.438 10.051 6.730 16.894 10.109 17.100 14.890 9.914 15.386 13.281 18.855 2.291 13.689 4.971 4.459 10.986 4.277 11.276 13.583 14.487 3.178 9.480 10.715 13.790 7.321 3.472 10.386 12.832 13.163 1.857 11.601 18.481 17.358 6.023 7.814 7.071 9.129 8.780 10.123 13.668 13.558 9.587 11.296 10.428 13.336 9.111 9.192 4.934 17.931 9.391 14.567 12.757 11.046 7.043 6.032 1.858 15.603 9.308 5.305 19.173 14.791 12.242 14.082 8.143 18.346 9.378 14.384 19.228 12.108 9.904 12.350 11.711 12.804 9.375 10.957 13.826 16.023 6.787 8.171 4.481 11.094 3.649 10.620 16.689 16.908 18.520 12.279 15.823 13.212 11.731 6.361 9.584 8.451 4.112 8.390 1.031 12.105 8.532 9.388 
9.236 9.085 10.665 8.137 5.276 3.178 6.232 2.675 3.411 4.654 1.014 8.814 13.777 1.995 7.995 9.747 7.537 8.745 11.232 1.734 5.172 10.082 11.921 12.087 2.938 6.925 12.124 12.845 6.868 12.174 11.623 2.344 8.568 8.980 7.002 11.250 11.010 9.472 13.170 8.822 10.313 0.720 4.659 13.933 4.169 1.661 5.261 4.158 11.686 6.630 8.109 11.685 12.062 2.157 11.317 6.929 12.951 5.142 8.418 10.459 8.252 6.061 4.356 1.814 5.215 8.131 10.129 12.218 8.557 6.740 6.456 0.863 5.044 3.664 5.346 5.069 11.124 4.470 6.634 4.920 9.317 10.502 9.793 9.196 5.547 9.315 7.882 1.036 8.525 10.078 3.386 12.247 5.756 5.801 9.624 9.015 11.914 12.162 5.987 7.102 
7.342 13.307 4.636 3.798 14.336 8.756 14.101 13.064 8.524 12.654 11.916 15.215 4.360 13.477 6.784 2.921 6.800 4.800 5.762 11.905 11.362 4.047 3.743 5.003 11.571 9.550 2.339 4.589 8.891 7.584 4.145 9.894 14.832 13.249 7.446 2.198 1.613 4.207 3.029 5.419 8.578 12.519 7.410 5.504 8.134 13.071 6.788 7.786 0.899 15.039 5.134 9.216 7.168 10.922 1.431 7.283 4.126 12.695 4.899 1.601 15.920 11.336 13.328 13.620 6.784 14.849 4.150 8.900 15.840 8.218 6.446 11.168 13.153 13.516 10.952 7.983 8.533 13.577 8.489 7.209 3.455 5.766 7.179 5.738 13.901 12.583 15.202 11.825 11.580 8.149 12.416 0.610 11.416 6.170 3.430 3.841 5.108 6.455 10.374 5.707 
6.273 7.940 7.418 5.114 6.130 1.006 6.460 4.274 1.056 4.691 3.047 8.588 11.280 5.147 6.439 7.037 4.439 6.492 8.048 3.042 4.148 7.714 8.656 8.849 3.022 6.620 9.400 9.587 4.349 9.145 9.271 1.014 8.249 7.838 5.690 8.024 7.832 6.207 9.923 5.597 7.545 3.729 1.472 10.685 0.913 4.757 2.095 1.607 8.744 7.223 4.848 8.939 8.990 3.420 8.143 5.530 10.499 4.985 5.156 7.502 8.594 4.782 6.515 5.074 2.625 7.981 6.867 9.375 8.732 3.977 3.211 2.415 6.891 6.167 5.976 2.011 8.296 5.255 5.834 2.667 6.695 7.325 8.346 6.008 5.975 7.833 8.008 3.580 6.829 7.239 5.381 9.139 6.546 2.726 7.044 5.762 9.761 9.016 6.204 3.839 
7.736 9.160 8.678 5.780 6.594 0.860 7.186 4.301 1.080 5.412 2.649 9.528 11.442 3.984 5.939 7.367 5.872 6.446 9.397 2.995 5.230 7.763 9.814 10.120 3.547 5.543 9.747 10.797 5.823 10.579 9.316 1.367 9.216 9.057 5.036 9.003 8.710 7.391 10.955 6.916 9.030 3.031 2.498 11.927 2.307 3.577 3.040 1.786 9.304 7.829 6.084 10.424 10.406 1.941 9.014 4.918 10.624 5.796 6.376 8.081 9.328 5.974 5.036 4.056 2.830 8.884 8.068 10.850 9.531 5.466 4.531 1.732 5.403 4.732 4.612 3.489 9.775 5.708 4.932 2.555 6.945 8.685 7.816 7.367 6.606 9.142 8.812 2.330 8.178 8.718 3.902 9.903 5.164 3.498 7.259 6.839 9.669 10.390 4.947 5.068 
2.602 8.714 0.755 5.089 11.238 8.199 10.577 10.901 8.019 9.596 10.442 10.960 9.682 12.845 9.709 6.629 3.473 8.058 0.503 10.110 8.080 8.149 1.973 1.281 9.266 11.834 7.532 2.258 5.131 2.384 8.974 8.570 10.593 8.680 9.831 3.149 3.804 2.038 3.680 2.110 3.380 11.255 6.553 3.120 6.792 12.458 6.110 7.586 6.043 11.529 3.003 3.869 1.998 10.898 3.922 9.614 9.342 9.440 2.756 5.506 11.984 7.678 13.906 12.725 7.159 10.757 1.507 3.588 11.782 4.737 4.501 10.051 14.070 13.731 12.401 5.866 3.203 10.690 10.695 7.740 6.896 0.595 10.944 1.732 10.615 7.853 11.257 11.277 7.010 3.007 12.801 5.008 12.974 5.946 7.155 2.911 9.926 1.539 12.166 3.986 
5.363 9.488 5.126 1.856 9.076 3.161 9.117 7.501 2.932 7.469 6.280 10.797 8.219 7.982 4.759 3.919 3.561 3.917 6.108 6.297 6.449 4.886 6.003 6.538 6.103 6.324 6.222 7.058 4.959 7.682 6.377 4.264 10.424 9.402 4.517 5.022 4.703 3.724 6.992 3.721 6.915 6.889 1.799 8.231 2.591 7.574 1.190 2.251 5.489 9.990 2.709 8.191 7.403 5.607 5.007 4.299 7.485 7.629 2.908 4.246 11.147 6.733 8.430 8.057 1.528 10.289 4.401 8.373 11.182 4.262 2.074 5.540 8.500 8.394 6.750 2.900 7.436 8.248 5.220 2.104 3.673 5.486 6.472 4.294 8.770 9.063 10.480 6.322 7.968 6.490 7.373 5.924 7.323 0.533 4.045 3.002 7.028 7.163 6.535 1.946 
9.890 15.565 7.420 5.030 15.830 9.478 15.812 14.166 9.254 14.209 12.756 17.253 1.589 13.768 5.672 2.858 8.982 4.000 8.600 12.906 13.094 2.689 6.650 7.907 12.842 8.471 0.639 7.490 10.994 10.454 1.712 10.851 16.871 15.496 6.610 5.047 4.353 6.719 5.821 7.845 11.249 13.207 8.510 8.352 9.334 13.379 7.933 8.485 2.117 16.709 7.299 12.004 10.040 11.093 4.262 6.519 1.215 14.340 7.141 2.912 17.776 13.235 12.960 14.041 7.387 16.814 6.831 11.740 17.762 10.279 8.213 11.893 12.602 13.341 10.262 9.546 11.294 15.003 7.602 7.625 3.233 8.521 5.302 8.268 15.504 14.927 17.083 12.195 13.875 10.803 12.225 3.429 10.616 7.249 2.920 6.117 2.503 9.345 9.527 7.566 
6.995 13.153 4.016 5.285 14.951 10.108 14.526 14.019 9.880 13.257 13.082 15.281 6.019 14.934 8.884 5.018 7.042 6.902 4.819 12.964 11.843 6.220 2.585 3.731 12.441 11.600 4.339 2.983 9.087 6.393 6.245 11.050 14.904 13.110 9.475 2.060 2.253 4.298 1.096 5.462 7.922 13.766 8.595 3.617 9.204 14.526 7.986 9.198 3.053 15.483 5.583 8.249 5.985 12.496 1.956 9.299 5.994 13.216 5.283 3.598 16.165 11.651 15.098 15.002 8.307 15.002 3.904 7.784 16.020 8.501 7.174 12.430 14.996 15.201 12.875 8.776 7.669 14.267 10.509 8.801 5.531 5.094 9.353 5.567 14.429 12.332 15.436 13.274 11.425 7.548 14.126 1.566 13.367 7.462 5.554 4.377 7.186 5.205 12.353 6.421 
11.435 14.066 11.195 6.932 11.353 5.129 12.090 8.830 5.110 10.337 7.048 14.489 9.634 6.274 3.279 6.936 9.532 5.123 12.258 7.637 10.184 6.288 11.773 12.539 8.453 0.749 8.815 12.882 10.253 13.870 7.456 6.335 14.181 13.964 2.408 10.381 9.779 9.781 12.286 9.908 12.939 6.908 6.087 14.065 6.544 6.009 6.171 4.936 9.174 12.657 8.895 14.276 13.588 4.067 10.009 2.558 8.806 10.744 9.081 8.269 14.214 10.891 4.292 6.814 4.796 13.839 10.423 14.519 14.448 9.714 7.957 6.159 3.749 4.936 1.412 7.730 13.540 10.488 1.368 4.255 6.396 11.662 4.360 10.480 11.471 13.963 13.734 5.311 12.943 12.544 3.946 10.377 1.667 6.022 6.487 8.954 7.289 13.315 0.579 8.085 
4.073 10.037 1.758 2.782 11.467 6.918 11.082 10.555 6.703 9.772 9.706 12.008 7.427 11.753 7.338 4.125 3.625 5.600 3.001 9.538 8.377 5.645 2.119 2.886 8.964 9.652 5.218 3.207 5.713 4.887 6.515 7.691 11.626 9.981 7.575 1.443 1.686 0.924 3.219 2.146 5.393 10.432 5.313 4.391 5.829 11.348 4.739 6.104 3.795 12.035 2.091 6.207 4.501 9.486 1.937 7.365 6.997 9.744 1.796 3.060 12.795 8.236 12.322 11.753 5.402 11.677 1.020 6.036 12.683 5.081 3.699 9.120 12.361 12.288 10.476 5.301 5.473 10.775 8.507 5.962 4.399 2.734 8.472 2.458 10.958 9.300 12.069 10.108 8.306 4.948 11.270 3.162 11.025 4.336 4.652 0.946 7.455 3.965 10.128 2.956 
11.660 14.039 11.549 7.346 11.132 5.145 11.921 8.578 5.152 10.187 6.804 14.364 10.212 5.839 3.848 7.456 9.744 5.663 12.586 7.422 10.119 6.848 12.181 12.912 8.302 1.263 9.371 13.286 10.355 14.160 8.031 6.253 14.065 13.936 2.947 10.824 10.238 10.134 12.745 10.203 13.144 6.601 6.235 14.470 6.627 5.595 6.373 5.064 9.700 12.453 9.195 14.494 13.889 3.781 10.475 3.083 9.383 10.609 9.394 8.770 14.030 10.855 3.732 6.401 5.045 13.705 10.785 14.765 14.281 9.844 8.175 5.945 3.172 4.404 0.853 7.837 13.767 10.279 1.920 4.483 6.916 11.974 4.926 10.767 11.286 13.976 13.573 4.984 12.974 12.758 3.449 10.879 1.099 6.282 7.020 9.322 7.867 13.643 0.058 8.351 
12.362 14.057 12.576 8.551 10.639 5.480 11.567 8.033 5.552 9.909 6.333 14.107 11.782 4.786 5.401 8.899 10.438 7.157 13.542 7.018 10.079 8.380 13.336 13.977 8.059 2.796 10.892 14.428 10.757 15.010 9.595 6.271 13.836 13.952 4.458 12.069 11.527 11.168 14.022 11.094 13.781 5.945 6.848 15.611 7.065 4.624 7.112 5.678 11.147 11.994 10.113 15.160 14.769 3.374 11.779 4.570 10.951 10.368 10.342 10.162 13.613 10.884 2.242 5.406 5.937 13.431 11.839 15.497 13.909 10.326 8.908 5.600 1.604 3.026 0.808 8.302 14.461 9.830 3.461 5.356 8.359 12.893 6.481 11.635 10.895 14.102 13.223 4.336 13.158 13.424 2.273 12.265 0.571 7.158 8.491 10.399 9.441 14.592 1.578 9.197 
13.103 14.054 13.646 9.844 10.135 6.091 11.199 7.549 6.220 9.665 6.025 13.804 13.452 3.842 7.054 10.418 11.203 8.738 14.529 6.745 10.091 9.997 14.530 15.073 7.918 4.493 12.489 15.600 11.219 15.874 11.255 6.509 13.569 13.948 6.076 13.366 12.871 12.261 15.339 12.045 14.437 5.439 7.640 16.775 7.681 3.815 8.010 6.533 12.659 11.500 11.105 15.830 15.667 3.509 13.138 6.169 12.618 10.153 11.360 11.622 13.141 10.951 0.793 4.495 7.021 13.119 12.942 16.234 13.482 10.880 9.745 5.493 0.098 1.721 2.446 8.894 15.168 9.397 5.114 6.452 9.883 13.848 8.179 12.555 10.499 14.214 12.830 4.005 13.345 14.115 1.642 13.707 2.243 8.181 10.041 11.544 11.126 15.562 3.272 10.137 
10.451 14.810 9.111 4.827 13.531 6.649 13.899 11.355 6.483 12.134 9.676 15.900 5.322 9.912 1.190 3.490 8.836 1.773 10.334 10.047 11.442 2.270 9.149 10.197 10.412 3.757 4.731 10.232 10.336 12.179 3.164 8.159 15.542 14.720 2.240 7.509 6.777 7.841 9.144 8.482 12.011 9.878 6.504 11.348 7.300 9.565 6.167 5.837 5.464 14.664 7.539 13.153 11.817 7.286 6.914 2.261 4.497 12.415 7.580 4.926 16.025 11.892 8.522 10.320 4.916 15.333 8.328 13.168 16.139 9.643 7.444 8.731 8.050 9.044 5.693 8.094 12.383 12.646 3.043 4.776 3.054 9.924 1.131 9.057 13.417 14.429 15.418 8.535 13.336 11.560 7.960 6.882 5.974 5.608 2.925 6.970 2.999 11.331 4.891 7.153 
11.627 17.051 9.329 6.332 16.803 10.128 16.930 14.909 9.922 15.249 13.361 18.574 1.323 13.971 5.343 4.016 10.524 4.272 10.536 13.612 14.269 2.997 8.658 9.906 13.727 7.893 2.600 9.524 12.443 12.410 1.448 11.592 18.196 16.975 6.386 7.020 6.297 8.498 7.865 9.550 13.050 13.697 9.448 10.396 10.291 13.605 8.931 9.175 4.098 17.787 8.885 13.886 12.000 11.301 6.239 6.362 0.863 15.437 8.773 4.634 18.968 14.515 12.721 14.327 8.095 18.090 8.690 13.665 18.998 11.719 9.550 12.447 12.241 13.229 9.887 10.713 13.158 15.944 7.242 8.195 4.155 10.401 4.307 10.020 16.554 16.477 18.299 12.499 15.402 12.597 12.136 5.470 10.143 8.254 3.781 7.807 1.206 11.325 9.070 8.982 
1.522 5.131 4.236 5.827 7.272 5.997 6.573 7.261 5.907 5.670 7.210 7.131 12.072 9.907 9.774 8.086 1.558 8.757 4.074 6.721 4.139 9.434 5.800 5.273 5.671 11.054 9.854 6.262 1.200 4.398 10.712 5.702 6.753 5.072 9.463 6.266 6.598 3.993 7.494 2.770 2.416 8.071 4.678 7.044 4.398 9.563 4.611 5.852 8.570 7.525 3.191 3.805 4.381 8.565 6.851 9.250 11.511 5.471 3.346 7.573 8.038 3.676 11.656 9.639 6.042 6.852 4.256 4.307 7.873 1.185 2.948 7.089 12.036 11.254 10.921 3.165 3.213 6.783 10.031 6.530 8.086 3.422 11.463 2.587 6.628 4.444 7.309 8.539 3.409 2.168 10.522 8.076 11.507 4.930 8.444 4.393 11.534 4.714 10.968 3.220 
5.469 7.434 6.693 4.760 6.171 1.676 6.332 4.610 1.636 4.615 3.622 8.286 11.121 5.901 6.695 6.832 3.642 6.507 7.279 3.481 3.823 7.653 7.978 8.113 3.168 7.165 9.156 8.879 3.606 8.345 9.192 1.637 7.933 7.336 6.039 7.444 7.310 5.528 9.304 4.849 6.747 4.373 1.193 9.960 0.350 5.517 1.749 1.904 8.389 7.158 4.152 8.140 8.194 4.221 7.621 5.861 10.366 4.836 4.465 7.151 8.430 4.342 7.317 5.788 2.708 7.711 6.173 8.571 8.525 3.193 2.486 3.112 7.680 6.971 6.676 1.207 7.493 5.328 6.302 2.914 6.541 6.553 8.586 5.239 5.919 7.253 7.805 4.363 6.218 6.436 6.182 8.668 7.253 2.433 6.904 5.148 9.752 8.235 6.844 3.161 
6.848 9.650 7.186 3.837 8.053 1.265 8.400 6.038 1.051 6.632 4.539 10.477 9.526 5.877 4.510 5.393 4.924 4.614 8.065 4.742 6.015 5.886 8.156 8.620 4.934 5.040 7.776 9.195 5.582 9.477 7.447 2.728 10.130 9.552 3.816 7.184 6.829 5.816 9.159 5.589 8.308 5.005 1.397 10.358 1.958 5.469 1.576 0.336 7.322 9.164 4.638 9.669 9.245 3.437 7.127 3.640 8.722 6.920 4.893 6.102 10.531 6.566 6.297 6.011 0.845 9.885 6.500 9.975 10.659 5.026 3.375 3.677 6.429 6.227 4.917 3.065 8.954 7.173 4.110 0.726 4.987 7.393 6.413 6.115 7.916 9.433 9.936 4.219 8.377 7.931 5.220 7.962 5.505 1.736 5.313 5.150 7.879 9.104 4.900 3.681 
9.112 7.554 11.077 9.354 3.155 4.634 4.256 0.600 4.849 2.960 1.432 6.881 15.423 3.316 9.969 11.237 7.707 10.483 11.417 1.201 4.003 11.778 12.484 12.429 1.968 9.101 13.614 13.291 6.466 12.035 13.338 3.249 6.679 7.452 9.020 12.094 11.982 10.066 13.909 9.198 9.906 1.577 5.703 14.290 4.979 3.208 6.323 5.613 12.985 4.520 8.685 11.200 11.998 4.350 12.293 8.924 14.619 3.463 9.000 11.743 6.160 4.885 6.255 2.736 6.712 6.196 10.670 11.827 6.503 6.574 7.017 2.380 7.028 5.431 7.538 5.435 10.751 2.435 8.746 6.559 10.864 10.691 11.817 9.455 3.546 7.963 5.862 3.192 7.355 9.760 5.424 13.337 7.934 6.967 11.199 9.782 13.724 12.238 8.183 7.751 
2.488 8.547 1.037 3.770 10.423 6.820 9.903 9.825 6.632 8.743 9.222 10.614 9.023 11.531 8.376 5.550 2.463 6.815 1.899 8.943 7.273 7.054 2.471 2.466 8.195 10.423 6.811 3.241 4.432 3.622 8.039 7.291 10.236 8.497 8.444 2.808 3.242 0.770 4.080 0.868 3.803 10.011 5.169 4.304 5.471 11.138 4.701 6.172 5.392 10.862 1.586 4.691 3.287 9.507 3.457 8.226 8.580 8.651 1.323 4.618 11.494 7.009 12.494 11.443 5.723 10.328 0.772 4.608 11.346 3.890 3.174 8.768 12.643 12.341 10.964 4.648 3.939 9.802 9.288 6.303 5.746 1.355 9.703 0.909 9.855 7.775 10.765 9.937 6.813 3.355 11.395 4.668 11.537 4.513 6.040 1.611 8.961 2.956 10.734 2.592 
7.919 4.519 10.506 10.145 0.864 6.430 1.012 2.671 6.577 0.950 4.227 3.621 16.638 6.582 12.018 12.338 7.135 12.052 10.484 3.542 2.319 13.212 12.047 11.663 2.691 11.738 14.603 12.633 5.253 10.595 14.748 4.948 3.413 4.426 11.204 12.109 12.203 9.850 13.665 8.741 8.224 4.752 6.750 13.455 5.906 6.464 7.271 7.213 13.679 1.618 8.582 9.321 10.666 7.223 12.501 11.063 15.901 0.945 8.871 12.474 3.103 2.788 9.486 5.993 8.202 2.935 10.321 10.042 3.357 5.706 7.136 4.997 10.230 8.685 10.453 5.640 9.056 0.861 11.170 8.272 12.079 9.817 13.924 8.796 0.371 5.117 2.666 6.255 4.804 8.221 8.591 13.672 10.912 7.954 12.446 9.852 15.307 11.093 10.987 7.879 
7.146 7.774 8.582 6.412 5.158 1.753 5.699 3.050 1.945 3.923 1.748 8.044 12.488 4.086 7.316 8.281 5.427 7.605 9.124 1.771 3.805 8.872 9.876 9.996 2.069 7.031 10.655 10.774 4.883 10.076 10.433 0.291 7.736 7.670 6.460 9.306 9.130 7.426 11.188 6.727 8.277 2.474 2.776 11.848 2.140 3.722 3.399 2.687 10.036 6.361 6.051 9.660 9.957 2.975 9.441 6.328 11.693 4.307 6.364 8.794 7.843 4.599 5.938 3.916 3.778 7.397 8.072 10.165 8.042 4.681 4.382 1.252 6.453 5.435 5.997 2.958 9.072 4.270 6.413 3.688 7.916 8.394 9.213 7.090 5.130 7.828 7.322 2.683 6.916 8.020 4.830 10.442 6.524 4.023 8.256 7.027 10.869 10.052 6.397 5.058 
6.091 7.025 7.637 5.875 5.143 1.967 5.434 3.490 2.062 3.669 2.620 7.573 12.188 5.136 7.467 7.913 4.405 7.475 8.122 2.391 3.156 8.669 8.982 9.033 2.076 7.569 10.251 9.842 3.835 9.026 10.219 0.924 7.239 6.922 6.713 8.526 8.414 6.542 10.359 5.766 7.215 3.430 2.258 10.892 1.451 4.778 2.849 2.631 9.506 6.207 5.159 8.599 8.915 3.922 8.725 6.555 11.421 3.956 5.474 8.267 7.566 3.844 6.951 4.934 3.615 6.960 7.168 9.102 7.705 3.619 3.481 2.302 7.426 6.481 6.768 1.962 8.010 4.280 6.825 3.691 7.601 7.390 9.373 6.097 4.959 6.987 6.980 3.741 6.025 6.957 5.831 9.783 7.320 3.526 7.959 6.218 10.739 9.031 7.073 4.198 
7.374 13.513 4.421 5.119 15.113 10.023 14.741 14.077 9.793 13.418 13.069 15.591 5.383 14.823 8.464 4.596 7.271 6.480 5.312 12.986 12.035 5.718 3.084 4.279 12.521 11.216 3.736 3.584 9.344 6.948 5.659 11.035 15.212 13.466 9.103 2.224 2.195 4.524 1.722 5.725 8.378 13.728 8.560 4.252 9.209 14.416 7.942 9.089 2.520 15.694 5.737 8.770 6.536 12.337 1.884 8.934 5.367 13.400 5.450 3.217 16.431 11.887 14.862 14.919 8.154 15.290 4.210 8.332 16.303 8.731 7.268 12.384 14.727 15.002 12.564 8.864 8.168 14.405 10.143 8.625 5.124 5.530 8.843 5.887 14.614 12.714 15.703 13.163 11.781 7.990 13.914 1.110 13.042 7.384 5.113 4.482 6.591 5.764 12.012 6.511 
6.330 11.814 4.370 1.445 12.233 6.378 12.126 10.792 6.145 10.578 9.571 13.495 5.337 11.084 4.991 1.514 5.240 3.102 5.614 9.598 9.391 3.033 4.310 5.361 9.353 7.571 3.154 5.403 7.232 7.500 4.022 7.564 13.112 11.743 5.440 2.711 2.038 3.278 4.537 4.247 7.794 10.150 5.097 6.540 5.862 10.677 4.480 5.400 2.193 13.040 3.576 8.739 7.114 8.536 2.253 5.251 4.746 10.672 3.456 0.957 14.050 9.490 11.013 11.229 4.391 13.065 3.622 8.621 14.021 6.517 4.472 8.801 10.887 11.162 8.762 5.883 7.985 11.437 6.454 4.820 1.808 5.314 5.916 4.743 11.857 11.198 13.350 9.431 10.135 7.337 10.071 2.789 9.259 3.833 2.041 2.512 4.923 6.561 8.259 3.806 
10.043 12.666 9.954 5.827 10.165 3.722 10.825 7.714 3.690 9.055 5.936 13.169 9.455 5.667 3.103 6.223 8.131 4.575 10.976 6.466 8.816 5.875 10.638 11.331 7.182 1.905 8.327 11.738 8.817 12.538 7.233 4.999 12.852 12.564 2.053 9.338 8.789 8.540 11.286 8.582 11.534 5.928 4.655 12.922 5.110 5.340 4.762 3.501 8.464 11.438 7.577 12.880 12.269 3.140 9.041 2.082 8.610 9.442 7.780 7.444 12.962 9.499 4.403 6.119 3.422 12.528 9.198 13.144 13.174 8.280 6.559 5.008 4.121 4.809 1.957 6.294 12.150 9.287 1.426 2.862 5.688 10.357 4.689 9.145 10.230 12.544 12.456 4.423 11.518 11.144 3.704 9.541 2.494 4.659 5.852 7.741 7.256 12.032 1.673 6.727 
2.594 8.592 1.227 3.538 10.345 6.611 9.853 9.692 6.421 8.660 9.055 10.623 8.887 11.339 8.140 5.353 2.383 6.591 2.140 8.790 7.203 6.852 2.583 2.667 8.066 10.182 6.669 3.406 4.398 3.858 7.861 7.112 10.244 8.539 8.204 2.770 3.154 0.591 4.147 0.779 3.961 9.838 4.960 4.491 5.282 10.944 4.482 5.950 5.268 10.811 1.371 4.889 3.526 9.293 3.384 7.986 8.429 8.580 1.096 4.456 11.476 6.967 12.272 11.260 5.488 10.323 0.803 4.826 11.338 3.829 2.990 8.586 12.416 12.127 10.728 4.491 4.131 9.709 9.047 6.069 5.537 1.591 9.478 0.977 9.788 7.836 10.747 9.739 6.858 3.508 11.175 4.604 11.300 4.282 5.835 1.392 8.776 3.197 10.494 2.384 
