20 40 100
490.213 1037.032 711.037 1057.774 1441.275 681.103 373.517 1266.182 1593.595 787.970 1593.722 662.865 370.319 861.409 408.253 319.784 1547.451 388.766 236.010 443.377 
67.277 65.185 54.829 33.281 146.339 119.100 87.599 125.238 138.794 28.093 16.192 109.170 47.046 80.169 73.492 76.780 136.508 147.221 98.552 117.532 13.243 83.850 23.104 81.097 41.502 64.031 31.635 110.783 19.829 92.376 120.658 18.995 128.227 42.447 23.837 85.089 66.561 21.321 141.068 72.881 
29.464 27.828 7.230 18.740 30.968 14.567 19.531 17.131 18.686 31.984 27.592 5.350 6.130 8.457 15.404 17.596 12.242 23.235 5.161 9.849 13.277 23.002 20.915 33.072 32.976 23.479 30.954 30.962 24.309 34.068 29.929 6.339 19.716 28.524 9.555 19.512 15.340 27.900 20.154 11.808 25.292 32.733 15.603 23.001 22.110 18.015 5.106 32.029 20.065 22.627 28.412 9.087 29.551 20.581 9.871 29.230 7.634 15.488 5.453 27.276 29.071 25.434 10.157 31.482 23.490 19.219 29.374 10.678 6.399 18.377 18.142 6.419 30.818 26.437 14.602 12.769 28.965 31.813 32.894 16.407 21.777 21.382 24.395 25.946 9.965 9.242 12.922 25.020 30.073 15.000 32.611 31.191 8.119 28.338 33.566 22.777 10.511 13.986 10.366 21.730 
872.421 916.048 879.356 686.763 1371.925 1223.368 1062.058 1282.460 1370.947 610.914 474.401 1251.120 811.537 1036.636 923.776 977.034 1240.173 1388.614 1129.548 1230.438 439.141 1020.773 571.926 968.096 722.459 868.247 699.240 1177.987 543.424 1013.206 1232.815 535.344 1328.545 714.710 620.550 1033.107 939.175 518.478 1344.899 958.147 
12.137 9.012 9.081 11.368 9.279 11.767 7.572 12.128 11.713 9.992 9.382 8.446 12.543 5.486 5.757 7.935 7.564 0.305 12.026 6.004 6.084 11.240 11.063 4.140 7.265 2.582 13.017 7.196 12.907 2.902 1.557 12.865 6.540 13.469 15.852 5.989 9.727 5.996 8.703 8.740 
11.203 12.905 5.393 8.396 12.270 13.500 12.851 14.466 14.614 10.820 6.427 6.168 10.502 6.534 4.068 6.297 5.374 5.232 10.513 11.218 8.122 8.157 10.561 1.969 2.188 7.591 12.062 3.234 14.048 2.902 3.981 12.625 9.810 10.657 17.976 2.482 7.161 9.071 12.679 4.714 
3.738 6.620 7.981 7.070 4.451 3.089 10.763 4.558 5.514 0.105 6.759 5.822 5.798 4.599 6.677 5.081 6.040 9.954 4.649 9.719 3.904 7.239 2.564 11.353 10.168 8.600 4.299 8.547 3.334 9.064 9.664 3.325 4.917 7.660 7.484 8.461 6.095 4.816 6.724 8.531 
5.589 5.904 10.797 9.659 3.736 0.377 10.777 2.041 3.414 2.728 9.549 8.643 7.960 6.947 9.376 7.905 8.858 11.878 6.787 10.115 5.742 9.860 4.761 13.798 12.943 9.992 5.764 11.344 1.417 11.431 11.817 4.199 5.679 9.866 4.680 11.188 8.847 5.949 6.141 11.355 
10.355 6.491 8.836 10.525 6.652 9.236 6.127 9.519 9.087 7.731 8.733 7.610 11.187 3.731 5.331 6.889 6.850 2.815 10.479 4.487 3.749 10.462 9.185 6.079 8.044 1.179 11.198 7.408 10.468 3.974 3.351 10.804 3.914 12.409 13.242 6.332 8.850 3.393 6.202 8.717 
2.478 8.537 8.676 6.921 6.286 3.574 12.988 5.235 6.584 2.303 7.300 6.680 4.892 6.708 8.260 6.175 7.176 12.169 3.751 12.021 6.236 7.162 2.035 13.203 11.423 10.950 2.566 9.746 2.589 11.026 11.770 1.083 7.231 6.780 7.037 9.918 6.487 7.172 8.698 9.351 
14.275 6.234 13.686 15.216 7.849 11.273 2.109 10.811 9.739 10.960 13.519 12.359 15.538 8.213 10.184 11.575 11.649 6.056 14.674 1.397 7.454 15.181 13.032 9.887 12.703 3.778 15.026 12.226 12.855 8.370 7.237 14.240 6.016 16.952 14.202 11.108 13.557 6.132 5.887 13.569 
4.249 11.029 2.645 2.191 9.277 8.581 13.726 10.065 10.901 5.598 1.279 1.018 3.393 4.829 3.733 1.478 1.916 9.244 3.376 12.257 6.015 2.188 4.009 8.598 5.721 9.544 5.038 4.080 8.384 7.069 8.307 5.962 8.192 4.108 12.822 4.698 0.626 7.608 10.993 3.346 
13.720 6.583 12.675 14.349 7.909 11.215 3.215 10.932 9.994 10.580 12.587 11.452 14.832 7.410 9.165 10.705 10.705 4.837 14.025 1.972 6.861 14.297 12.492 8.666 11.548 2.712 14.506 11.135 12.731 7.192 6.030 13.836 5.742 16.166 14.457 9.995 12.679 5.710 6.229 12.518 
6.905 7.117 5.906 7.069 6.075 7.321 8.925 8.188 8.352 4.964 5.456 4.257 7.601 0.270 2.807 3.435 3.662 5.250 6.920 7.408 1.899 7.040 5.809 6.583 6.432 4.753 7.777 5.175 8.110 4.230 4.815 7.627 3.956 8.853 11.754 4.517 5.416 3.229 6.971 6.027 
2.329 9.630 4.904 3.602 7.651 6.447 13.011 8.002 8.977 3.540 3.541 2.942 2.887 4.667 4.993 2.604 3.561 9.909 2.087 11.690 5.231 3.770 1.768 10.068 7.760 9.540 3.216 6.081 6.133 8.168 9.199 3.795 7.163 4.503 10.590 6.430 2.760 6.729 9.656 5.580 
7.028 12.148 0.955 3.768 10.762 10.793 13.875 12.126 12.726 7.817 1.812 1.988 5.943 5.231 2.597 2.638 1.728 7.929 6.126 12.283 6.849 3.539 6.689 6.324 2.959 9.042 7.817 1.404 10.857 5.384 6.777 8.700 9.040 6.032 15.193 2.389 2.613 8.338 12.035 0.906 
7.916 4.761 8.296 9.144 4.103 6.313 6.782 6.732 6.531 4.890 7.730 6.512 9.181 2.321 5.192 5.630 6.020 5.584 8.291 5.400 1.069 9.161 6.684 8.086 8.719 3.791 8.697 7.563 7.525 5.693 5.705 8.082 1.592 10.683 10.446 6.807 7.560 0.844 4.588 8.444 
11.035 1.823 12.463 13.130 3.531 7.022 3.528 6.394 5.296 7.376 11.853 10.635 12.762 6.489 9.297 9.738 10.183 7.743 11.726 3.048 5.005 13.178 9.798 11.195 12.669 4.923 11.656 11.651 8.671 9.008 8.462 10.578 2.818 14.440 9.763 10.793 11.614 3.421 1.470 12.604 
5.040 14.482 4.688 1.866 12.497 10.884 17.610 12.528 13.662 8.232 3.890 4.805 2.632 8.786 7.486 5.464 5.670 13.086 3.764 16.183 9.815 2.013 5.776 11.830 8.123 13.531 5.258 6.866 10.100 10.725 12.055 6.853 11.900 0.954 14.500 7.888 3.527 11.388 14.500 5.392 
8.792 3.130 9.925 10.582 2.971 5.917 5.570 5.923 5.395 5.334 9.289 8.071 10.343 3.967 6.860 7.173 7.636 6.508 9.358 4.427 2.440 10.623 7.541 9.453 10.366 4.111 9.490 9.230 7.376 7.110 6.892 8.615 0.380 11.962 9.625 8.459 9.052 0.863 2.934 10.097 
11.359 10.975 6.822 9.524 10.686 12.477 10.405 13.200 13.112 10.126 7.472 6.810 11.196 5.462 4.121 6.588 5.904 2.690 10.938 8.788 6.757 9.338 10.486 1.510 4.408 5.175 12.252 4.710 13.300 0.962 1.452 12.483 8.042 11.755 16.852 3.533 8.020 7.346 10.713 6.321 
11.094 3.231 11.672 12.660 4.448 7.828 3.297 7.461 6.535 7.617 11.208 9.994 12.593 5.747 8.349 9.126 9.441 6.268 11.634 2.153 4.523 12.675 9.844 9.799 11.543 3.430 11.794 10.652 9.402 7.688 7.043 10.893 2.672 14.161 10.990 9.712 11.071 2.986 2.885 11.732 
6.941 6.063 6.859 7.744 5.028 6.515 8.165 7.260 7.339 4.453 6.286 5.069 7.959 0.905 3.869 4.193 4.577 5.592 7.152 6.720 0.850 7.748 5.759 7.419 7.496 4.513 7.775 6.234 7.457 5.022 5.383 7.399 2.916 9.368 10.885 5.580 6.139 2.207 5.925 7.031 
8.751 5.834 7.950 9.275 5.491 7.742 6.787 8.181 7.934 6.091 7.626 6.442 9.707 2.278 4.565 5.638 5.786 4.142 8.940 5.232 2.112 9.244 7.565 6.735 7.816 2.703 9.583 6.865 8.895 4.377 4.270 9.157 2.817 11.035 11.897 5.951 7.620 2.132 5.604 7.964 
7.054 11.021 12.301 4.692 6.546 9.090 8.232 11.644 6.943 8.612 10.090 5.676 7.749 11.082 4.477 9.785 5.802 5.051 2.102 11.298 4.938 8.259 6.087 5.627 5.014 8.939 4.069 4.926 9.988 13.049 8.348 10.772 8.195 5.462 10.571 11.191 5.196 6.375 9.731 6.066 8.725 6.512 7.161 8.122 10.200 10.004 2.792 10.839 4.255 1.768 5.836 11.484 14.081 11.954 9.345 0.939 8.753 10.444 6.843 12.074 6.510 3.667 3.804 9.235 11.435 7.485 2.458 14.566 14.627 1.772 7.872 9.492 5.606 8.877 1.827 9.770 10.120 1.133 11.868 9.246 5.448 7.696 6.182 1.884 4.214 7.390 8.121 8.190 7.160 6.523 2.554 9.214 4.338 2.750 5.804 4.925 5.184 6.426 5.993 10.214 
3.371 0.862 5.568 5.696 8.454 6.005 2.800 10.590 4.920 5.303 11.073 4.683 3.061 9.176 11.613 1.013 16.099 9.614 8.834 9.863 5.445 13.570 5.768 6.678 12.111 7.928 6.958 7.564 1.723 15.030 3.280 0.537 2.176 6.299 11.601 9.375 8.956 4.505 3.380 13.314 6.854 5.429 7.741 10.899 11.335 11.767 11.960 13.987 8.049 12.117 13.328 1.646 5.417 6.316 14.052 10.818 1.893 7.933 6.839 4.224 13.563 6.825 13.033 1.390 1.260 9.683 11.105 6.214 5.380 10.705 5.641 10.776 11.911 11.659 9.449 11.604 11.066 9.424 1.868 13.355 12.301 3.205 7.519 12.081 8.140 13.002 7.508 13.119 13.869 5.398 7.988 11.204 6.858 9.507 14.273 5.440 5.176 11.381 4.366 2.596 
9.781 13.658 11.549 8.234 4.534 14.415 12.009 7.428 11.813 8.251 5.239 9.233 11.525 7.736 2.345 12.764 7.769 3.249 5.866 7.508 8.983 1.447 11.317 6.142 1.848 14.916 6.478 5.330 11.557 6.707 9.631 13.338 11.164 6.574 5.437 7.722 11.715 8.423 13.910 1.463 14.388 11.613 13.239 3.243 5.179 4.638 4.443 4.377 5.047 6.729 1.767 13.132 14.012 10.654 2.565 5.968 10.917 7.919 6.135 12.150 1.270 7.258 4.209 11.417 13.387 3.851 4.394 14.127 14.896 5.051 7.574 4.783 1.247 3.391 5.510 4.475 5.279 6.358 13.528 2.693 1.415 9.609 5.335 7.720 10.464 0.597 6.209 1.510 1.152 7.410 8.173 4.136 6.408 9.437 3.141 8.840 8.936 1.480 9.463 13.976 
9.732 13.845 13.070 7.670 5.926 13.315 11.615 10.049 10.886 9.415 7.974 8.767 11.109 10.067 1.675 12.766 4.830 3.991 4.600 9.988 8.275 4.396 10.188 6.620 1.553 13.429 6.115 5.652 12.122 9.759 10.202 13.546 11.097 6.853 8.271 10.097 9.802 8.549 13.391 1.747 13.092 10.562 11.666 5.831 7.967 7.510 1.831 7.428 5.048 3.965 1.438 13.731 15.348 12.351 5.519 3.674 11.191 9.949 7.198 13.365 2.173 6.520 1.181 11.711 13.865 5.937 2.317 15.612 16.122 2.998 8.645 7.442 2.358 6.236 4.029 7.318 8.013 4.616 14.136 5.745 1.817 9.905 6.311 4.983 8.736 3.634 7.836 4.559 2.845 7.931 6.666 6.886 6.191 7.363 1.295 8.176 8.355 3.669 9.057 13.658 
1.533 2.850 6.651 3.591 7.271 4.811 1.133 10.437 2.972 4.947 10.460 2.517 1.039 9.110 9.854 1.626 13.949 8.064 6.781 9.742 3.235 12.240 3.682 5.229 10.391 6.505 5.069 5.981 2.724 14.451 2.794 2.612 0.276 4.751 11.023 9.307 6.843 2.915 2.883 11.636 5.468 3.411 5.931 9.865 10.710 11.035 9.949 13.106 6.338 9.938 11.612 3.696 7.206 7.085 12.863 8.687 1.510 7.885 5.781 5.594 11.929 4.754 11.049 1.637 3.462 8.634 9.113 7.934 7.367 8.656 4.963 10.064 10.302 10.695 7.401 10.843 10.462 7.288 4.012 12.243 10.631 2.110 6.266 9.859 5.935 11.585 6.810 11.834 12.306 4.138 5.754 10.372 5.033 7.257 12.438 3.250 3.000 9.963 2.201 2.696 
3.556 5.989 9.874 3.060 8.074 3.359 2.872 12.410 1.000 7.279 11.834 2.540 2.560 11.268 9.086 4.729 11.657 8.014 5.421 11.794 2.269 12.284 0.294 5.948 9.682 4.086 4.731 6.222 6.167 15.662 5.566 5.844 3.690 5.405 12.409 11.448 3.353 4.299 3.875 10.945 3.363 0.569 2.827 10.631 12.049 12.195 8.394 13.911 6.181 7.650 10.826 7.168 10.680 10.104 13.141 6.732 4.842 10.158 7.060 8.979 11.325 3.826 9.514 5.099 6.876 9.493 7.695 11.389 10.859 7.066 6.941 11.324 9.878 11.512 5.967 11.971 11.847 5.453 7.460 12.698 10.030 4.657 7.116 7.281 2.586 11.491 8.434 11.992 11.848 5.540 3.435 11.426 4.901 4.189 11.285 2.444 2.495 9.992 2.576 4.521 
7.507 5.075 3.483 9.759 10.239 10.958 7.820 9.778 9.928 6.537 11.202 8.999 8.007 8.448 14.280 6.055 19.765 11.987 12.474 9.114 9.805 15.041 10.717 9.340 14.641 12.920 10.404 10.304 4.490 14.646 6.009 5.041 6.861 9.224 11.579 8.610 13.888 7.976 8.248 15.654 11.850 10.415 12.789 11.976 11.453 12.063 15.284 14.381 10.977 16.015 15.765 3.411 1.074 4.615 15.155 14.584 5.840 7.492 8.751 2.583 15.776 10.687 16.223 5.477 3.830 10.974 14.422 1.751 0.331 14.212 7.283 11.167 14.183 12.485 13.030 11.988 11.179 13.279 3.201 14.338 14.693 6.679 9.632 16.203 12.938 14.727 8.545 14.523 15.882 8.092 12.306 11.797 10.191 14.093 16.972 9.738 9.463 13.259 8.720 7.346 
3.805 4.905 9.686 4.266 9.123 2.062 2.010 13.047 0.696 7.667 12.729 3.408 2.006 11.805 10.592 3.752 13.317 9.329 6.986 12.388 3.496 13.627 1.580 6.959 11.182 3.493 6.021 7.403 5.717 16.650 5.666 4.834 3.300 6.412 13.304 11.994 4.465 4.941 2.302 12.452 2.495 1.134 2.997 11.736 12.960 13.176 10.022 15.035 7.481 9.315 12.351 6.383 10.092 10.099 14.425 8.388 4.544 10.624 7.907 8.598 12.816 5.231 11.145 4.636 5.990 10.550 9.300 10.857 10.123 8.689 7.490 12.258 11.317 12.610 7.554 12.962 12.737 7.088 6.610 13.926 11.510 4.823 8.124 8.930 4.063 12.864 9.176 13.301 13.312 6.273 5.093 12.439 6.139 5.768 12.876 3.646 3.586 11.316 3.287 3.071 
3.734 3.520 8.845 4.980 9.447 2.510 1.346 12.878 2.055 7.392 12.822 3.941 1.724 11.558 11.454 2.512 14.646 9.950 7.993 12.186 4.309 14.226 3.029 7.314 12.028 4.404 6.709 7.919 4.798 16.800 5.241 3.504 2.718 6.788 13.391 11.754 5.990 5.077 0.847 13.298 3.331 2.587 4.365 12.071 13.066 13.355 11.121 15.351 8.126 10.616 13.227 5.164 8.941 9.402 14.940 9.586 3.858 10.333 8.059 7.627 13.635 6.080 12.247 3.785 4.709 10.851 10.352 9.735 8.869 9.786 7.373 12.399 12.070 12.925 8.591 13.154 12.826 8.235 5.338 14.376 12.322 4.535 8.432 10.302 5.556 13.510 9.186 13.859 14.083 6.393 6.331 12.662 6.765 7.223 13.871 4.420 4.273 11.916 3.713 1.544 
3.345 7.277 9.154 1.038 5.401 6.349 4.594 10.183 3.791 5.775 9.264 1.929 4.094 9.233 6.117 6.051 9.519 5.059 2.543 9.652 1.215 9.301 3.244 3.468 6.709 6.933 1.888 3.446 6.341 12.938 4.892 7.026 4.448 3.002 9.828 9.390 4.568 2.957 6.275 7.978 6.327 3.544 5.377 7.833 9.455 9.513 5.682 11.066 3.264 5.510 7.873 7.783 10.632 9.041 10.182 4.271 5.056 8.285 4.760 8.678 8.348 0.879 6.806 5.522 7.706 6.770 4.902 11.197 11.082 4.351 5.185 8.714 6.883 8.710 3.141 9.281 9.283 2.875 8.159 9.777 7.046 4.119 4.549 5.493 3.180 8.500 6.207 9.024 8.859 3.652 1.537 8.719 2.131 3.523 8.432 1.181 1.437 7.022 2.246 6.626 
8.853 12.853 11.366 7.113 4.176 13.195 10.981 8.001 10.624 7.843 5.923 8.155 10.487 8.066 0.935 11.881 6.880 2.442 4.531 7.957 7.830 2.852 10.074 5.359 0.530 13.610 5.384 4.453 10.895 7.949 8.953 12.539 10.244 5.718 6.230 8.086 10.332 7.543 12.853 1.305 13.121 10.391 11.912 3.779 5.921 5.481 3.109 5.640 4.030 5.382 1.384 12.496 13.740 10.569 3.954 4.561 10.126 8.030 5.637 11.805 1.562 6.070 3.076 10.639 12.700 3.953 2.989 13.936 14.570 3.641 7.108 5.390 0.307 4.209 4.136 5.282 5.962 4.967 12.898 3.971 0.315 8.814 4.769 6.357 9.100 1.985 6.037 2.834 2.012 6.677 6.829 4.838 5.360 8.033 2.687 7.697 7.819 1.616 8.408 12.986 
7.695 11.661 10.206 6.070 3.018 12.252 9.876 7.267 9.646 6.642 5.337 7.079 9.387 7.163 1.300 10.711 7.638 1.223 3.817 7.134 6.816 3.412 9.160 4.152 1.483 12.791 4.316 3.264 9.680 7.936 7.738 11.345 9.085 4.528 5.730 7.205 9.722 6.366 11.767 2.522 12.239 9.451 11.138 3.206 5.385 5.058 3.379 5.723 2.902 5.491 2.595 11.280 12.553 9.442 4.386 4.394 8.928 7.005 4.429 10.606 2.743 5.094 3.725 9.439 11.487 3.040 2.938 12.768 13.372 3.443 5.900 4.761 1.091 3.845 3.557 4.836 5.373 4.448 11.681 4.163 1.525 7.616 3.555 6.384 8.426 2.588 4.913 3.205 3.088 5.465 6.112 4.321 4.258 7.551 3.822 6.674 6.773 1.308 7.317 11.861 
8.950 13.040 13.458 6.638 6.816 11.500 10.423 11.614 9.293 9.698 9.746 7.708 9.926 11.340 3.288 11.850 3.875 4.929 3.494 11.409 7.049 6.867 8.468 6.658 3.626 11.334 5.512 5.754 11.715 12.086 9.917 12.770 10.207 6.683 10.139 11.411 7.507 8.025 12.024 4.323 11.139 8.885 9.554 7.615 9.796 9.452 1.044 9.775 5.035 1.345 4.032 13.280 15.489 12.929 7.996 1.597 10.586 10.950 7.631 13.466 4.765 5.493 1.547 11.093 13.306 7.336 1.635 15.880 16.141 1.677 8.917 9.166 4.413 8.211 2.894 9.235 9.782 2.964 13.678 8.099 4.041 9.405 6.811 2.363 6.613 6.041 8.653 6.939 5.441 7.816 4.890 8.729 5.705 5.042 3.609 7.000 7.234 5.569 8.022 12.444 
4.398 7.828 6.079 4.077 1.490 9.997 6.804 5.487 7.413 2.398 4.801 4.573 6.397 4.578 5.368 7.092 11.241 3.061 4.602 4.960 4.820 6.615 7.347 1.237 5.715 11.126 2.971 1.782 5.603 8.721 3.709 7.503 5.655 1.707 5.377 4.723 9.264 3.048 8.709 6.751 10.302 7.455 9.809 4.007 5.027 5.253 6.665 7.246 2.487 7.992 6.847 7.162 8.330 5.471 7.093 6.528 5.118 3.771 0.178 6.361 6.909 3.929 7.467 5.586 7.438 2.774 5.855 8.598 9.126 5.862 1.645 4.324 5.282 4.831 4.948 5.045 4.811 5.584 7.555 6.422 5.775 3.873 0.709 8.529 7.877 6.097 1.525 6.156 7.095 1.732 5.892 4.543 2.673 7.923 8.047 4.643 4.560 4.505 4.652 8.545 
7.319 10.784 8.053 6.496 1.553 12.705 9.709 4.534 10.072 4.940 2.767 7.246 9.278 4.446 4.038 10.070 10.380 2.278 5.518 4.387 7.290 3.776 9.838 3.704 4.077 13.629 4.897 3.348 8.485 6.158 6.646 10.459 8.615 4.247 3.258 4.476 11.173 5.937 11.629 4.689 12.900 10.023 12.148 1.082 2.883 2.780 6.077 4.381 3.584 8.046 4.894 9.991 10.540 7.145 4.132 6.776 8.090 4.446 3.090 8.727 4.686 5.905 6.471 8.549 10.315 0.343 5.514 10.628 11.447 5.871 4.363 2.170 3.342 1.960 5.532 2.542 2.798 6.402 10.371 3.444 3.919 6.851 2.568 8.852 9.791 3.434 2.756 3.278 4.656 4.679 7.532 1.971 4.681 9.338 6.284 7.118 7.111 2.118 7.388 11.506 
6.799 10.753 9.427 5.247 2.300 11.476 9.003 6.971 8.854 5.805 5.218 6.229 8.519 6.700 1.974 9.808 8.148 0.348 3.312 6.753 6.010 4.130 8.414 3.244 2.312 12.099 3.488 2.359 8.777 8.212 6.835 10.437 8.188 3.621 5.675 6.764 9.194 5.462 10.903 3.423 11.504 8.684 10.482 3.208 5.310 5.091 3.682 6.105 2.042 5.576 3.478 10.379 11.733 8.710 5.010 4.316 8.020 6.410 3.584 9.768 3.652 4.329 4.250 8.531 10.582 2.695 3.056 11.975 12.533 3.402 5.049 4.623 1.998 3.980 3.188 4.857 5.251 4.085 10.781 4.663 2.417 6.707 2.700 6.384 7.859 3.359 4.214 3.845 3.983 4.559 5.540 4.303 3.404 7.141 4.640 5.861 5.945 1.845 6.457 10.977 
7.523 11.362 9.497 6.140 2.327 12.397 9.797 6.357 9.765 6.039 4.445 7.078 9.323 6.270 2.198 10.483 8.541 1.084 4.311 6.227 6.917 3.230 9.361 3.854 2.281 13.070 4.389 3.089 9.266 7.237 7.336 11.042 8.899 4.305 4.857 6.308 10.196 6.152 11.711 3.100 12.455 9.618 11.467 2.339 4.504 4.214 4.277 5.106 2.927 6.342 3.244 10.847 11.895 8.686 4.044 5.175 8.621 6.162 3.872 9.983 3.214 5.278 4.631 9.120 11.093 2.141 3.786 12.071 12.745 4.234 5.332 3.864 1.643 3.044 4.159 3.987 4.481 5.058 11.244 3.665 2.197 7.315 3.048 7.206 8.861 2.530 4.156 2.898 3.393 5.113 6.542 3.454 4.270 8.131 4.572 6.762 6.826 0.917 7.287 11.734 
8.487 9.965 4.475 9.245 5.654 14.230 10.587 1.987 11.941 4.626 3.954 9.364 10.362 1.158 9.611 9.918 15.941 7.531 10.029 1.488 9.867 8.571 12.171 6.697 9.679 15.739 8.443 7.204 7.525 6.812 6.668 9.687 9.185 7.076 4.122 1.164 14.549 7.592 12.194 10.214 14.775 12.150 14.709 5.643 4.144 4.819 11.504 6.948 7.849 13.216 10.447 8.382 6.849 3.343 8.270 11.803 8.071 1.761 5.378 5.842 10.139 9.354 12.025 8.268 8.916 5.284 10.822 6.543 7.874 11.013 4.963 4.213 8.934 5.718 10.296 4.842 3.919 11.013 8.623 7.431 9.511 7.463 5.927 13.868 13.193 8.616 3.994 8.053 9.957 6.460 11.347 4.918 8.142 13.394 11.854 9.700 9.535 7.662 9.308 11.659 
7.853 11.919 12.629 5.518 6.310 10.342 9.260 11.294 8.117 8.879 9.568 6.572 8.766 10.884 3.474 10.715 4.901 4.568 2.452 11.021 5.895 7.243 7.297 5.830 3.952 10.235 4.520 4.988 10.676 12.246 8.924 11.653 9.083 5.784 10.009 10.973 6.483 6.995 10.848 4.899 10.004 7.711 8.457 7.501 9.649 9.379 1.527 9.979 4.270 1.256 4.647 12.223 14.570 12.170 8.354 0.420 9.512 10.380 6.913 12.548 5.347 4.392 2.506 10.013 12.226 7.037 1.431 14.997 15.184 0.959 8.108 8.975 4.634 8.187 1.902 9.151 9.601 1.806 12.617 8.340 4.388 8.365 6.147 2.042 5.510 6.382 8.054 7.231 6.012 6.905 3.715 8.615 4.741 4.025 4.519 5.853 6.093 5.615 6.889 11.276 
6.616 5.143 1.856 8.721 8.692 10.840 7.410 8.174 9.441 5.034 9.561 8.087 7.498 6.825 12.800 5.838 18.446 10.490 11.230 7.499 8.879 13.424 10.132 7.952 13.137 12.740 9.158 8.903 3.756 13.038 4.872 5.007 6.247 7.895 9.942 6.991 13.234 6.845 8.212 14.115 11.668 9.883 12.385 10.350 9.812 10.421 13.920 12.739 9.596 14.795 14.238 3.273 0.911 2.998 13.521 13.341 5.082 5.851 7.255 1.113 14.222 9.551 14.820 4.837 3.825 9.369 13.066 1.473 1.752 12.904 5.803 9.524 12.648 10.847 11.759 10.344 9.538 12.082 3.257 12.701 13.169 5.658 8.141 15.055 12.174 13.130 6.951 12.904 14.305 6.764 11.294 10.156 8.923 13.178 15.475 8.788 8.520 11.686 7.837 7.379 
2.758 6.160 5.444 3.099 3.169 8.495 5.158 6.641 5.988 1.812 6.335 3.242 4.779 5.490 6.590 5.391 11.987 4.412 4.823 6.015 3.700 8.270 6.074 1.546 7.021 9.773 2.790 2.515 4.046 10.309 2.107 5.836 3.962 1.439 6.906 5.668 8.398 1.512 7.045 8.156 8.885 6.110 8.601 5.708 6.577 6.868 7.476 8.928 3.168 8.388 8.210 5.645 7.370 5.146 8.787 6.919 3.432 4.415 1.606 5.348 8.364 3.443 8.416 3.912 5.864 4.475 6.617 7.776 8.048 6.446 1.216 5.908 6.711 6.524 5.322 6.671 6.340 5.731 6.047 8.124 7.151 2.171 2.219 8.742 7.060 7.706 2.731 7.825 8.619 0.343 5.422 6.194 2.522 7.473 9.298 3.533 3.372 6.089 3.239 6.849 
9.836 13.940 13.031 7.812 5.863 13.520 11.757 9.876 11.072 9.401 7.781 8.906 11.252 9.930 1.635 12.875 5.035 3.954 4.781 9.833 8.433 4.115 10.389 6.654 1.409 13.663 6.226 5.691 12.177 9.490 10.250 13.638 11.208 6.909 8.064 9.955 10.061 8.631 13.548 1.456 13.312 10.757 11.905 5.647 7.766 7.295 2.109 7.159 5.109 4.263 1.143 13.787 15.333 12.292 5.235 3.941 11.271 9.847 7.181 13.359 1.877 6.670 1.473 11.790 13.933 5.806 2.543 15.582 16.120 3.235 8.636 7.257 2.178 6.022 4.223 7.107 7.820 4.843 14.192 5.479 1.617 9.978 6.294 5.281 8.980 3.366 7.767 4.292 2.548 7.972 6.886 6.687 6.288 7.629 1.145 8.330 8.502 3.488 9.191 13.798 
5.840 9.855 11.070 3.481 5.605 8.384 7.157 10.718 6.058 7.402 9.308 4.501 6.663 10.062 4.382 8.637 6.936 4.358 1.057 10.325 3.800 8.044 5.283 4.462 4.970 8.485 2.843 3.843 8.750 12.509 7.098 9.598 7.021 4.256 9.818 10.182 5.062 5.126 8.753 6.155 8.134 5.681 6.737 7.456 9.441 9.315 3.285 10.382 3.226 2.957 5.976 10.258 12.831 10.749 9.075 1.689 7.530 9.356 5.720 10.825 6.578 2.422 4.401 8.018 10.225 6.682 2.643 13.320 13.377 1.973 6.675 8.714 5.407 8.264 1.153 9.077 9.335 0.344 10.645 8.867 5.378 6.453 5.123 3.126 3.851 7.182 7.053 7.897 7.184 5.295 1.712 8.510 3.122 2.851 6.233 3.767 4.015 5.999 4.819 9.172 
10.929 13.271 8.260 10.923 6.113 16.715 13.265 1.956 14.199 7.285 2.308 11.390 12.939 3.380 8.748 12.988 14.891 7.349 10.557 2.675 11.672 6.293 14.192 8.021 8.574 17.956 9.601 8.073 10.774 2.991 9.472 12.968 11.933 8.540 1.852 3.189 15.993 9.731 15.057 8.629 17.098 14.281 16.660 4.376 2.209 2.567 10.952 3.718 8.496 13.049 8.926 11.875 10.681 7.116 5.578 11.833 11.000 4.579 6.839 9.552 8.398 10.620 11.119 11.312 12.367 4.930 10.495 10.373 11.706 10.912 7.239 2.906 7.742 3.839 10.604 2.768 2.279 11.465 12.162 4.857 8.260 10.082 6.906 13.895 14.598 6.698 5.495 5.871 7.992 8.408 12.433 3.260 9.333 14.333 10.305 11.494 11.408 6.466 11.433 14.671 
11.005 14.337 10.721 10.107 5.243 16.357 13.398 5.126 13.717 8.284 3.068 10.911 12.968 6.005 5.633 13.698 11.204 5.273 8.556 5.509 10.902 2.285 13.425 7.387 5.256 17.191 8.427 6.933 11.951 3.210 10.204 14.013 12.285 7.925 2.893 5.905 14.441 9.626 15.316 4.898 16.509 13.638 15.640 2.626 2.857 2.187 7.854 0.898 7.007 10.120 5.217 13.373 13.275 9.648 1.427 9.184 11.694 6.710 6.724 11.694 4.572 9.393 7.709 12.131 13.753 3.857 7.652 13.182 14.258 8.234 7.842 3.003 4.478 1.821 8.370 2.208 3.100 9.268 13.733 0.820 4.853 10.491 6.258 11.080 13.098 2.927 6.012 2.003 4.047 8.353 10.783 2.382 8.247 12.361 6.482 10.734 10.748 3.528 11.065 15.175 
6.379 7.187 1.779 7.723 5.777 11.869 8.187 4.589 9.799 2.908 5.954 7.540 8.044 3.208 10.028 7.269 16.106 7.726 9.362 3.894 8.188 10.043 10.195 5.832 10.260 13.527 7.443 6.633 4.820 9.433 4.390 6.924 6.785 6.015 6.319 3.380 12.914 5.839 9.631 11.082 12.511 10.094 12.703 6.945 6.201 6.824 11.533 9.131 7.352 12.848 11.252 5.543 4.322 0.700 10.028 11.375 5.582 2.250 4.719 3.014 11.121 8.163 12.278 5.684 6.087 6.112 10.736 4.245 5.322 10.744 3.594 5.959 9.654 7.346 9.776 6.761 5.929 10.322 5.774 9.194 10.211 5.283 5.545 13.321 11.639 9.854 3.871 9.516 11.108 5.061 10.139 6.617 7.153 12.184 12.582 8.043 7.826 8.545 7.405 9.015 
7.634 11.498 13.083 5.290 7.439 9.104 8.605 12.538 7.140 9.423 10.974 6.203 8.140 11.971 5.211 10.241 5.517 5.932 2.967 12.191 5.428 8.996 6.228 6.471 5.717 8.757 4.862 5.798 10.615 13.881 9.044 11.263 8.699 6.276 11.451 12.081 4.862 7.066 9.988 6.691 8.650 6.669 6.982 8.990 11.081 10.874 3.305 11.650 5.138 1.579 6.439 12.073 14.796 12.770 10.097 1.585 9.345 11.320 7.706 12.800 7.139 4.352 4.183 9.812 11.991 8.373 3.158 15.305 15.308 2.525 8.695 10.377 6.360 9.733 2.721 10.641 11.005 1.983 12.449 10.038 6.154 8.349 7.062 1.208 4.084 8.131 9.001 8.957 7.803 7.311 2.905 10.087 5.142 2.410 6.239 5.440 5.710 7.246 6.516 10.535 
9.615 13.154 10.146 8.544 3.869 14.812 11.981 5.355 12.171 7.273 3.138 9.399 11.533 5.857 4.048 12.423 9.941 3.616 6.877 5.528 9.336 1.615 11.835 5.934 3.740 15.580 6.833 5.383 10.853 4.791 9.018 12.829 10.938 6.455 3.273 5.810 12.768 8.226 13.905 3.652 14.926 12.065 14.006 1.521 3.043 2.464 6.291 2.560 5.391 8.530 3.952 12.348 12.679 9.149 1.760 7.538 10.454 6.266 5.456 10.951 3.428 7.776 6.265 10.917 12.681 2.634 6.025 12.689 13.623 6.586 6.726 2.763 2.923 1.271 6.690 2.319 3.178 7.588 12.724 1.139 3.373 9.202 4.864 9.471 11.431 1.744 5.030 1.089 3.082 7.010 9.113 2.067 6.671 10.680 5.328 9.172 9.204 1.858 9.573 13.824 
5.002 7.668 11.359 3.783 8.628 4.081 4.553 13.314 2.540 8.483 12.487 3.715 4.243 12.277 8.824 6.412 10.488 8.178 5.132 12.746 3.128 12.305 1.577 6.639 9.422 3.969 5.117 6.675 7.783 16.161 6.991 7.528 5.334 6.134 13.052 12.446 1.716 5.453 5.360 10.643 3.665 1.993 2.249 11.047 12.680 12.742 7.739 14.253 6.452 6.597 10.480 8.841 12.302 11.496 13.251 5.941 6.439 11.241 7.881 10.548 11.055 4.100 8.819 6.733 8.558 9.998 7.159 12.992 12.515 6.474 8.035 11.940 9.754 11.922 5.566 12.509 12.504 4.859 9.139 12.905 9.810 6.084 7.757 6.063 1.019 11.470 9.314 12.076 11.635 6.539 2.845 11.947 5.358 2.780 10.733 3.294 3.468 10.088 3.863 6.095 
8.522 10.995 6.480 8.576 3.970 14.308 10.864 1.198 11.800 4.925 1.320 9.001 10.534 1.617 7.350 10.643 13.680 5.537 8.517 1.192 9.311 5.927 11.814 5.702 7.325 15.566 7.347 5.868 8.501 4.887 7.103 10.685 9.542 6.204 1.618 1.523 13.727 7.327 12.669 7.715 14.698 11.892 14.299 3.103 1.538 2.201 9.413 4.451 6.372 11.340 7.969 9.703 9.014 5.363 5.623 10.017 8.639 2.493 4.472 7.612 7.598 8.354 9.786 8.972 10.166 3.081 8.830 8.854 10.021 9.143 4.837 1.574 6.534 3.074 8.650 2.200 1.288 9.467 10.017 4.783 7.102 7.686 4.637 12.103 12.333 6.019 3.095 5.413 7.367 6.010 10.234 2.273 7.067 12.195 9.385 9.134 9.036 5.227 9.036 12.306 
8.627 10.592 5.507 9.055 4.919 14.433 10.863 0.819 12.027 4.808 2.687 9.323 10.586 0.650 8.630 10.401 14.972 6.676 9.434 0.221 9.737 7.338 12.155 6.312 8.646 15.828 8.037 6.665 8.104 5.678 6.973 10.297 9.487 6.758 2.844 0.450 14.319 7.575 12.574 9.095 14.906 12.181 14.680 4.489 2.869 3.544 10.621 5.676 7.251 12.451 9.342 9.133 7.972 4.363 7.002 11.080 8.462 1.897 5.001 6.779 8.992 9.005 11.062 8.726 9.638 4.299 9.988 7.725 8.994 10.244 4.948 2.987 7.873 4.486 9.636 3.575 2.650 10.407 9.410 6.165 8.446 7.679 5.385 13.163 12.938 7.428 3.554 6.825 8.775 6.332 10.958 3.685 7.742 12.973 10.756 9.564 9.430 6.577 9.310 12.118 
6.539 10.181 12.409 4.317 7.587 7.452 7.187 12.679 5.575 8.910 11.347 5.053 6.746 11.940 6.262 8.908 7.131 6.423 3.097 12.250 4.247 10.008 4.636 6.185 6.824 7.120 4.448 5.726 9.561 14.572 8.173 9.970 7.452 5.864 11.864 12.072 3.305 6.229 8.448 7.925 6.992 5.082 5.341 9.520 11.487 11.374 4.686 12.433 5.183 3.236 7.706 10.931 13.907 12.233 11.065 2.833 8.239 11.145 7.497 11.959 8.365 3.655 5.679 8.671 10.791 8.721 4.307 14.478 14.334 3.603 8.246 10.756 7.351 10.329 3.186 11.137 11.374 2.287 11.290 10.896 7.251 7.388 7.006 2.718 2.427 9.140 8.895 9.894 9.004 6.756 1.744 10.568 4.749 0.862 7.695 4.302 4.577 8.034 5.348 9.047 
2.021 4.033 4.351 3.920 5.311 7.528 3.871 7.747 5.395 2.266 7.978 3.375 3.667 6.394 8.772 3.470 13.886 6.628 6.566 7.041 4.134 10.436 5.832 3.721 9.222 9.129 4.505 4.673 1.829 11.963 0.113 3.708 2.468 3.462 8.523 6.592 8.715 2.059 5.535 10.371 8.125 5.703 8.314 7.726 8.237 8.636 9.477 10.830 5.267 10.095 10.419 3.435 5.682 4.536 10.888 8.670 1.453 5.159 3.685 3.722 10.583 4.774 10.475 1.831 3.644 6.512 8.609 6.241 6.195 8.341 2.481 7.647 8.930 8.488 7.134 8.465 7.975 7.358 3.839 10.184 9.364 0.929 4.414 10.291 7.537 9.902 4.363 9.975 10.837 2.397 6.493 8.049 4.313 8.407 11.476 4.027 3.768 8.293 3.169 5.121 
10.730 14.845 14.832 8.460 7.862 13.394 12.295 12.259 11.199 11.096 10.218 9.544 11.795 12.196 3.737 13.676 2.606 5.896 5.274 12.161 8.912 6.563 10.373 8.123 3.780 13.171 7.196 7.171 13.401 11.965 11.550 14.567 12.020 8.234 10.528 12.239 9.279 9.722 13.920 3.890 13.013 10.791 11.392 8.067 10.219 9.771 2.176 9.636 6.481 2.881 3.569 14.988 16.984 14.206 7.664 3.501 12.327 11.978 8.934 14.970 4.259 7.299 1.321 12.841 15.046 8.074 3.043 17.320 17.689 3.399 10.312 9.675 4.605 8.498 4.656 9.577 10.256 4.848 15.389 7.962 4.078 11.107 8.066 3.765 8.466 5.853 9.768 6.777 4.885 9.363 6.796 9.136 7.354 6.832 2.532 8.854 9.079 5.907 9.855 14.324 
7.522 7.843 13.279 7.546 12.557 1.969 5.573 16.731 4.110 11.387 16.288 6.920 5.690 15.511 13.281 6.969 14.539 12.443 9.576 16.083 6.754 16.668 4.203 10.420 13.881 0.542 9.196 10.705 9.244 20.143 9.383 7.888 6.956 9.874 16.864 15.699 4.547 8.586 4.671 15.112 1.230 4.040 2.316 15.117 16.508 16.672 12.199 18.394 10.632 10.870 14.954 9.597 13.383 13.767 17.566 10.378 8.185 14.340 11.483 12.093 15.519 8.251 13.263 8.198 9.109 13.978 11.637 14.186 13.246 10.949 11.183 15.790 14.174 15.997 10.036 16.450 16.300 9.338 9.735 17.154 14.260 8.547 11.591 10.182 5.257 15.852 12.811 16.404 16.087 9.896 7.316 15.908 9.380 6.896 15.204 6.928 6.959 14.404 6.870 5.584 
9.105 12.426 9.056 8.316 3.364 14.530 11.504 4.159 11.897 6.402 1.951 9.071 11.081 4.653 4.798 11.781 10.934 3.755 7.098 4.317 9.111 2.814 11.655 5.526 4.605 15.441 6.690 5.156 10.053 4.421 8.290 12.102 10.374 6.070 2.166 4.602 12.884 7.732 13.418 4.733 14.722 11.845 13.940 0.743 1.889 1.402 7.025 2.556 5.325 9.186 5.016 11.496 11.602 8.030 2.705 8.063 9.777 5.118 4.810 9.933 4.558 7.686 7.151 10.216 11.863 1.954 6.635 11.577 12.563 7.118 5.935 1.551 3.773 0.154 7.014 1.207 1.992 7.909 11.861 1.889 4.294 8.575 4.377 10.077 11.514 2.918 4.128 2.293 4.267 6.447 9.224 0.859 6.486 10.940 6.420 8.939 8.935 2.508 9.210 13.264 
8.410 12.474 11.408 6.532 4.250 12.508 10.449 8.505 9.969 7.780 6.509 7.602 9.949 8.441 0.071 11.452 6.370 2.330 3.774 8.397 7.216 3.716 9.375 5.083 0.534 12.852 4.851 4.132 10.627 8.761 8.692 12.166 9.796 5.376 6.862 8.480 9.507 7.150 12.293 1.799 12.396 9.709 11.137 4.356 6.533 6.145 2.304 6.466 3.604 4.552 1.721 12.236 13.711 10.677 4.817 3.697 9.773 8.283 5.559 11.740 2.178 5.443 2.468 10.291 12.404 4.313 2.125 13.957 14.503 2.777 7.018 5.950 1.095 4.888 3.335 5.935 6.547 4.140 12.641 4.809 0.926 8.469 4.673 5.514 8.297 2.850 6.160 3.689 2.743 6.407 6.050 5.454 4.868 7.187 2.684 7.094 7.237 2.241 7.870 12.474 
2.365 4.777 4.286 3.854 4.595 8.081 4.472 7.078 5.823 1.586 7.240 3.514 4.215 5.752 8.183 4.207 13.482 5.991 6.215 6.381 4.206 9.719 6.161 3.135 8.611 9.604 4.141 4.102 2.497 11.228 0.647 4.452 3.096 2.952 7.788 5.948 8.898 1.916 6.207 9.736 8.626 6.080 8.682 6.983 7.498 7.891 9.014 10.081 4.737 9.776 9.796 4.075 5.925 4.279 10.153 8.327 2.184 4.533 2.964 3.911 9.933 4.558 9.979 2.579 4.331 5.772 8.149 6.406 6.534 7.930 1.733 6.903 8.283 7.741 6.757 7.719 7.238 7.061 4.474 9.443 8.734 1.310 3.727 10.041 7.658 9.202 3.617 9.252 10.165 1.831 6.399 7.301 3.916 8.380 10.891 4.075 3.838 7.601 3.365 5.834 
3.429 1.062 5.219 5.779 8.321 6.349 3.083 10.315 5.199 5.081 10.848 4.796 3.310 8.896 11.577 1.349 16.177 9.539 8.885 9.587 5.574 13.444 6.026 6.602 12.065 8.266 6.971 7.506 1.439 14.793 3.125 0.756 2.329 6.246 11.371 9.095 9.214 4.485 3.733 13.256 7.192 5.700 8.048 10.731 11.110 11.555 11.990 13.790 8.015 12.212 13.279 1.331 5.081 5.980 13.902 10.894 1.844 7.656 6.697 3.870 13.495 6.890 13.053 1.324 1.021 9.523 11.131 5.874 5.071 10.750 5.457 10.564 11.841 11.479 9.496 11.396 10.840 9.505 1.592 13.193 12.243 3.146 7.403 12.205 8.364 12.893 7.309 12.986 13.785 5.304 8.126 11.007 6.857 9.694 14.250 5.558 5.289 11.276 4.483 2.948 
10.129 13.911 11.452 8.715 4.649 14.944 12.409 6.960 12.324 8.309 4.746 9.678 11.935 7.394 3.098 13.068 8.476 3.659 6.512 7.106 9.481 0.702 11.869 6.444 2.624 15.514 6.956 5.702 11.733 5.940 9.830 13.588 11.500 6.910 4.881 7.362 12.395 8.752 14.323 2.158 14.954 12.149 13.859 2.916 4.655 4.069 5.225 3.609 5.502 7.510 2.476 13.285 13.951 10.509 1.791 6.725 11.174 7.693 6.278 12.141 1.865 7.790 4.982 11.664 13.569 3.743 5.153 14.020 14.862 5.799 7.674 4.345 1.960 2.877 6.192 3.930 4.786 7.056 13.675 1.928 2.194 9.878 5.536 8.499 11.122 0.187 6.170 0.742 1.470 7.664 8.817 3.662 6.859 10.149 3.786 9.331 9.409 1.699 9.894 14.344 
