913.4 1105.4 806.4 1594.1 1244.4 
1.2 1.1 1.0 1.1 1.2 
93.8 99.9 110.4 127.2 104.1 
107 58 61 49 99 
107 85 122 63 103 
125 75 135 66 69 
75 152 90 106 80 
57 144 112 100 124 
115 50 133 76 75 
78 130 131 109 94 
1.2 1.2 0.8 0.8 0.6 
1.4 1.0 1.2 0.3 1.1 
1.4 0.7 1.7 0.9 0.6 
1.0 1.2 0.9 1.2 1.2 
1.3 0.8 1.2 1.0 0.7 
1.0 1.1 0.6 1.1 1.0 
0.4 1.1 1.2 1.0 1.0 
0.7 0.8 0.9 0.8 0.6 
1.6 0.8 0.7 0.9 1.1 
0.9 1.0 0.2 1.0 0.8 
0.9 1.0 1.3 0.9 0.9 
0.8 0.9 0.8 1.2 1.4 
0.8 1.0 1.2 1.3 1.3 
0.6 1.3 0.6 0.5 1.2 
1.2 1.0 0.9 1.2 0.9 
1.2 1.2 1.0 1.8 0.9 
1.0 1.0 0.8 0.4 1.1 
0.9 0.9 0.7 0.6 1.5 
1.2 0.7 1.5 1.4 1.0 
1.1 1.5 1.0 1.4 0.5 
1.1 0.9 1.5 1.1 1.5 
