10 40 40
129.524 43.626 57.851 32.522 72.067 71.451 123.644 44.844 132.006 130.762 
51.004 17.490 42.191 11.049 49.048 35.793 51.927 31.491 34.655 32.736 17.759 55.358 28.327 23.912 37.627 22.104 14.980 45.735 23.460 39.009 23.323 48.482 4.779 8.930 28.269 53.345 27.303 55.354 36.494 6.518 55.108 24.950 11.447 26.565 25.628 39.457 6.087 27.842 49.688 19.775 
18.717 33.296 9.966 10.070 32.984 28.479 16.653 32.581 30.808 25.656 13.092 15.220 16.575 14.804 25.166 6.309 24.327 22.662 10.996 23.245 28.612 15.928 11.423 25.994 10.905 9.105 28.706 29.263 29.155 18.278 20.527 12.411 22.383 28.933 30.495 15.027 23.352 16.607 31.769 9.517 
1235.606 820.509 1194.166 615.180 1228.919 1045.958 1333.456 1026.385 1112.840 1062.381 813.131 1362.409 936.029 916.999 1138.520 862.373 673.148 1190.180 896.535 1132.905 941.898 1273.598 392.815 526.038 970.733 1312.335 897.500 1325.633 1128.709 490.872 1412.673 909.380 621.107 961.477 907.802 1107.486 498.790 925.980 1191.367 834.692 
3.714 3.464 7.061 2.870 3.402 4.515 3.439 6.273 5.019 3.330 7.995 0.950 5.968 3.809 5.385 9.562 0.622 5.325 4.423 2.202 3.476 7.059 4.383 5.372 1.461 4.288 4.048 6.255 1.175 8.900 7.461 3.094 0.918 3.180 4.964 6.467 2.147 1.398 6.086 3.242 
6.853 6.096 6.064 4.675 4.093 4.363 5.853 8.582 4.365 4.348 2.688 6.958 2.257 5.284 9.794 6.837 8.021 4.053 9.877 5.505 4.379 3.637 5.513 2.490 7.588 4.006 8.904 3.124 7.319 4.771 5.338 4.496 7.478 5.846 5.263 2.804 6.810 6.349 9.485 4.261 
5.509 7.692 3.299 4.964 4.853 3.275 4.809 6.336 2.890 4.428 5.802 6.868 2.044 4.221 8.072 3.714 8.042 2.510 8.561 5.483 5.687 0.897 4.035 4.554 7.176 3.396 7.543 5.810 7.044 1.746 2.391 5.442 7.296 4.949 3.512 1.243 7.877 6.992 7.446 5.034 
3.953 2.846 7.102 2.519 2.944 4.382 3.510 6.600 4.906 3.027 7.413 1.185 5.642 3.791 5.883 9.554 1.251 5.181 4.988 2.003 2.900 6.876 4.417 4.835 1.932 4.077 4.542 5.656 1.583 8.752 7.421 2.571 1.398 3.241 4.966 6.212 1.574 0.783 6.512 2.773 
4.349 3.702 7.793 3.638 4.122 5.304 4.176 6.798 5.804 4.111 8.575 1.693 6.748 4.575 5.675 10.311 0.703 6.114 4.575 2.994 4.076 7.850 5.129 6.023 1.953 5.081 4.369 6.797 1.778 9.688 8.225 3.762 1.480 3.925 5.719 7.259 2.304 1.945 6.488 3.954 
0.828 6.609 4.189 3.861 4.643 3.341 1.845 2.501 3.504 3.774 9.303 2.949 5.488 2.392 2.212 6.719 3.601 3.887 2.276 3.158 5.480 5.432 2.290 6.575 2.352 3.678 1.260 7.977 2.602 6.834 4.962 4.862 2.869 1.923 2.785 5.410 5.623 4.461 2.447 4.626 
4.008 9.352 1.026 6.040 6.491 3.949 4.222 2.824 3.494 5.572 9.566 6.670 5.062 4.039 5.088 2.503 7.658 3.537 6.117 5.929 7.548 3.485 3.361 7.474 6.432 4.544 5.249 8.986 6.537 3.587 1.851 7.018 6.837 4.493 2.922 4.293 8.871 7.696 4.066 6.601 
5.569 5.246 5.196 3.399 2.885 3.111 4.553 7.437 3.185 3.043 3.351 5.672 1.165 3.997 8.529 6.411 6.758 2.919 8.570 4.209 3.356 2.993 4.275 1.794 6.280 2.709 7.605 3.014 6.019 4.551 4.623 3.353 6.188 4.537 4.088 1.993 5.767 5.178 8.278 3.062 
6.251 9.958 2.755 6.901 7.005 4.807 5.951 5.915 4.279 6.350 8.347 8.366 4.467 5.486 8.082 1.298 9.506 4.023 8.939 7.187 7.958 2.544 5.002 7.077 8.429 5.193 7.977 8.385 8.406 0.901 1.920 7.604 8.693 6.174 4.392 3.539 9.917 8.889 7.154 7.171 
4.676 4.847 8.286 4.664 5.222 6.089 4.763 6.818 6.552 5.091 9.760 2.474 7.719 5.250 5.330 10.843 1.312 6.893 4.070 3.925 5.251 8.649 5.715 7.180 2.293 5.954 4.133 7.988 2.318 10.425 8.831 4.906 2.046 4.543 6.323 8.149 3.445 3.124 6.298 5.063 
8.495 2.399 5.137 1.292 6.726 7.827 1.226 4.076 5.281 6.587 5.666 2.980 4.365 1.472 3.902 4.526 6.320 1.302 4.193 3.259 1.843 3.318 1.228 3.339 6.982 5.271 4.448 5.600 4.249 5.129 4.016 5.617 2.062 3.233 7.774 3.868 3.596 4.815 4.332 5.188 
5.584 4.585 7.889 5.648 3.609 6.188 7.331 8.646 8.454 0.809 4.374 3.210 9.691 7.163 6.489 5.558 3.327 5.583 6.970 7.873 4.374 3.189 6.768 6.774 2.116 4.052 6.521 4.080 3.860 8.002 2.279 9.370 7.452 6.635 3.526 6.597 8.490 3.515 7.926 3.554 
8.419 3.943 2.664 3.159 7.388 7.207 2.818 0.508 2.378 8.607 5.858 5.637 1.274 4.500 2.662 3.994 9.622 4.952 2.447 0.647 4.594 6.446 4.533 6.860 8.437 8.765 3.112 5.976 7.724 2.558 6.267 2.193 5.058 6.777 10.935 2.528 0.068 5.676 1.616 8.596 
5.644 1.274 4.982 2.395 3.665 5.366 4.210 5.377 5.464 3.517 3.026 0.973 6.380 4.511 3.471 2.986 4.902 3.162 3.960 4.580 1.446 2.056 4.146 5.169 3.765 4.568 3.684 2.845 3.674 5.067 1.054 6.278 4.972 5.021 5.960 3.552 5.189 1.917 4.792 4.200 
4.871 1.797 4.975 3.038 2.869 4.687 4.904 5.699 5.515 3.008 2.359 1.631 6.817 5.298 3.531 2.752 5.113 3.960 4.017 4.954 2.239 2.612 4.937 5.934 3.055 4.989 3.619 2.144 4.185 5.079 1.052 6.408 5.767 5.785 5.995 3.635 5.583 1.209 4.956 4.574 
6.204 0.961 3.090 1.222 4.703 5.379 2.896 3.195 3.460 5.552 3.379 2.780 4.272 3.976 1.606 2.015 6.897 3.334 2.035 2.417 2.034 3.769 3.737 5.610 5.476 6.293 2.058 3.388 5.283 3.139 3.235 4.167 4.573 5.481 8.077 1.630 3.041 2.820 2.677 6.018 
7.436 1.339 4.532 0.506 5.671 6.798 1.975 3.948 4.789 5.707 4.611 2.213 4.582 2.509 3.146 3.569 6.010 1.741 3.514 3.088 1.050 2.850 2.215 4.011 5.999 5.156 3.644 4.540 4.115 4.553 3.138 5.301 3.072 3.884 7.367 3.141 3.575 3.756 3.887 4.975 
10.608 4.771 5.762 3.499 9.078 9.674 1.619 3.754 5.593 9.279 7.794 5.694 3.061 2.276 5.139 6.233 8.822 3.648 5.181 3.360 4.538 5.991 2.574 4.601 9.575 7.619 5.712 7.800 6.668 5.684 6.704 5.415 2.552 4.576 10.334 5.040 3.187 7.159 4.717 7.637 
6.371 1.497 2.636 1.456 5.007 5.433 2.833 2.673 2.962 6.041 3.593 3.313 3.805 4.103 1.234 1.995 7.426 3.656 1.600 1.921 2.511 4.286 3.908 5.913 5.899 6.794 1.764 3.642 5.777 2.671 3.765 3.637 4.714 5.790 8.615 1.222 2.553 3.180 2.150 6.532 
5.547 0.827 4.432 2.064 3.677 5.125 3.938 4.859 4.911 3.932 2.808 1.421 5.906 4.439 2.919 2.497 5.444 3.228 3.408 4.077 1.471 2.518 4.097 5.359 4.029 5.061 3.145 2.672 4.134 4.516 1.580 5.728 4.945 5.213 6.512 3.000 4.695 1.799 4.244 4.710 
0.207 6.136 6.378 7.334 2.068 1.729 9.160 8.348 6.997 4.727 2.897 6.464 9.783 9.971 5.884 4.576 8.765 8.778 6.118 7.983 7.022 7.301 9.645 10.793 3.393 9.230 5.441 2.936 8.685 6.529 5.538 8.019 10.499 10.644 8.898 6.016 8.561 3.765 7.125 8.742 
7.790 2.778 6.732 2.970 5.711 7.635 4.022 6.435 7.093 4.441 5.296 1.332 7.031 3.412 5.227 5.113 3.549 1.825 5.676 5.575 1.620 0.650 3.021 3.108 5.254 2.681 5.595 5.097 1.650 6.783 2.257 7.716 3.634 2.960 4.979 5.266 6.066 4.161 6.255 2.483 
4.404 2.588 2.328 3.368 3.465 3.341 4.940 3.887 2.948 5.431 1.885 4.058 5.295 6.123 1.375 0.146 7.962 5.389 1.681 3.468 3.822 5.155 5.883 7.657 4.840 7.689 1.031 2.066 6.772 2.462 3.908 3.960 6.721 7.521 8.859 1.509 4.054 2.168 2.744 7.321 
6.957 0.934 3.969 0.340 5.275 6.255 2.228 3.592 4.260 5.603 4.120 2.324 4.392 3.045 2.553 2.977 6.319 2.343 2.937 2.738 1.289 3.140 2.778 4.616 5.762 5.564 3.041 4.074 4.531 3.998 3.087 4.835 3.627 4.488 7.611 2.554 3.285 3.349 3.386 5.343 
11.473 5.375 7.578 4.240 9.662 10.793 2.751 5.847 7.537 9.127 8.647 5.552 5.350 1.547 6.618 7.437 7.655 3.018 6.799 5.271 4.607 5.409 1.906 2.730 9.733 6.297 7.195 8.576 5.515 7.529 6.659 7.533 1.131 2.764 9.214 6.552 5.271 7.770 6.599 6.452 
9.355 6.228 3.164 5.652 8.852 7.921 5.312 2.188 2.530 10.617 7.270 8.016 2.261 6.970 4.220 5.427 12.084 7.514 3.776 3.048 7.056 8.906 7.045 9.375 10.207 11.291 4.375 7.467 10.250 3.014 8.494 1.497 7.491 9.299 13.335 4.098 2.620 7.443 2.743 11.100 
8.650 3.952 7.904 4.075 6.534 8.630 4.866 7.523 8.256 4.776 6.308 2.388 8.018 3.902 6.401 6.264 2.731 2.469 6.848 6.664 2.784 1.338 3.547 2.765 5.799 1.600 6.769 6.087 0.578 7.953 3.076 8.856 3.945 2.637 4.266 6.439 7.124 5.157 7.405 1.542 
6.137 1.747 2.284 1.844 4.876 5.140 3.168 2.592 2.651 6.105 3.407 3.568 3.827 4.481 0.847 1.701 7.688 4.040 1.235 1.923 2.840 4.575 4.292 6.300 5.877 7.103 1.377 3.484 6.093 2.330 3.928 3.391 5.094 6.176 8.838 0.843 2.558 3.115 1.900 6.825 
11.298 5.296 8.140 4.371 9.358 10.794 3.395 6.682 8.200 8.420 8.536 5.013 6.414 1.738 6.987 7.592 6.482 2.533 7.251 5.995 4.288 4.620 1.870 1.397 9.180 5.084 7.539 8.421 4.405 8.115 6.105 8.348 1.138 1.458 8.037 6.945 6.122 7.546 7.243 5.296 
6.512 1.433 5.408 2.122 4.510 6.229 3.739 5.447 5.825 3.965 3.891 0.430 6.282 3.782 3.885 3.651 4.518 2.344 4.356 4.606 0.784 1.412 3.402 4.297 4.433 3.967 4.199 3.717 3.000 5.474 1.397 6.545 4.199 4.149 5.742 3.941 5.172 2.790 5.057 3.658 
4.573 2.836 5.880 4.046 2.451 4.729 5.881 6.740 6.449 1.956 2.585 2.129 7.873 6.113 4.496 3.553 4.638 4.662 4.973 6.006 3.060 2.802 5.735 6.417 2.106 4.807 4.512 2.304 4.178 5.994 1.061 7.377 6.532 6.268 5.295 4.608 6.636 1.562 5.949 4.341 
6.088 3.454 0.529 3.534 5.413 4.776 4.427 2.186 1.028 7.296 3.830 5.248 3.639 5.960 1.001 1.995 9.351 5.739 0.528 2.126 4.595 6.291 5.834 7.967 6.790 8.835 0.943 4.026 7.836 0.598 5.436 2.003 6.574 7.851 10.420 0.941 2.541 4.058 0.919 8.540 
7.362 1.549 3.689 0.473 5.790 6.543 1.733 2.995 3.889 6.275 4.530 2.997 3.715 2.886 2.424 3.148 6.935 2.567 2.720 2.135 1.911 3.759 2.695 4.773 6.387 6.111 2.974 4.520 5.071 3.693 3.771 4.354 3.497 4.657 8.258 2.388 2.644 3.873 2.965 5.921 
2.773 3.444 4.937 4.692 0.940 2.742 6.566 6.409 5.566 3.138 0.845 3.721 7.748 7.242 3.897 2.608 6.594 6.010 4.282 5.852 4.257 4.628 6.904 8.033 2.266 6.788 3.657 0.582 6.113 5.076 2.886 6.587 7.754 7.884 7.105 4.031 6.478 1.017 5.347 6.326 
8.576 3.163 6.965 2.988 6.524 8.333 3.610 6.372 7.258 5.317 5.995 2.094 6.791 2.705 5.508 5.592 3.971 1.212 5.922 5.520 1.922 1.516 2.333 2.252 6.131 2.843 5.938 5.817 1.836 6.997 3.106 7.780 2.841 2.103 5.485 5.526 5.945 4.887 6.367 2.797 
5.696 0.710 3.325 1.598 4.121 4.964 3.409 3.734 3.772 4.974 2.858 2.448 4.862 4.334 1.800 1.761 6.553 3.487 2.280 2.987 1.948 3.503 4.058 5.753 4.869 6.058 2.116 2.839 5.079 3.397 2.739 4.568 4.911 5.616 7.665 1.867 3.618 2.222 3.082 5.746 
10.407 4.350 7.125 3.370 8.516 9.844 2.425 5.724 7.196 7.816 7.616 4.281 5.564 0.742 5.970 6.599 6.372 1.733 6.232 5.011 3.426 4.074 0.857 1.781 8.472 5.047 6.524 7.516 4.214 7.102 5.389 7.375 0.284 1.753 7.927 5.927 5.173 6.665 6.238 5.165 
1.939 4.912 6.269 6.176 0.593 2.762 8.060 7.891 6.906 2.932 2.156 4.866 9.252 8.638 5.366 4.043 6.937 7.313 5.720 7.364 5.593 5.603 8.285 9.197 1.631 7.420 5.068 2.004 6.915 6.415 3.857 7.941 9.121 9.048 7.115 5.502 7.986 2.493 6.784 6.929 
8.239 2.984 6.865 2.963 6.174 8.035 3.783 6.400 7.188 4.935 5.695 1.757 6.897 3.010 5.384 5.384 3.755 1.455 5.815 5.542 1.757 1.135 2.627 2.618 5.751 2.725 5.789 5.508 1.688 6.906 2.739 7.755 3.186 2.470 5.241 5.412 5.997 4.574 6.318 2.615 
7.287 5.317 1.423 5.191 7.024 5.815 5.604 2.448 0.926 9.144 5.474 7.130 3.550 7.263 2.903 3.790 11.244 7.341 2.415 3.003 6.397 8.151 7.218 9.477 8.541 10.677 2.791 5.710 9.663 1.316 7.346 0.879 7.856 9.374 12.329 2.825 3.018 5.883 1.817 10.402 
7.776 4.069 1.739 3.575 6.960 6.477 3.670 0.545 1.378 8.506 5.388 5.865 1.957 5.346 2.191 3.499 9.951 5.592 1.828 1.083 4.939 6.780 5.332 7.631 8.181 9.212 2.498 5.547 8.175 1.615 6.335 1.293 5.928 7.537 11.180 2.057 1.072 5.399 0.789 8.996 
4.990 2.268 5.573 3.449 2.900 4.981 5.270 6.266 6.114 2.485 2.712 1.556 7.350 5.498 4.130 3.330 4.589 4.063 4.616 5.505 2.442 2.356 5.122 5.884 2.726 4.573 4.216 2.461 3.844 5.678 0.611 7.005 5.924 5.734 5.416 4.232 6.129 1.577 5.549 4.135 
8.316 3.220 7.131 3.254 6.232 8.164 4.075 6.697 7.464 4.847 5.825 1.861 7.198 3.247 5.642 5.596 3.468 1.721 6.078 5.839 2.011 1.062 2.871 2.632 5.721 2.424 6.034 5.627 1.387 7.174 2.768 8.043 3.385 2.486 4.965 5.673 6.296 4.691 6.601 2.319 
7.349 1.267 4.700 0.736 5.539 6.763 2.207 4.199 4.981 5.472 4.539 1.950 4.852 2.591 3.279 3.605 5.745 1.648 3.668 3.339 0.782 2.581 2.270 3.924 5.801 4.908 3.754 4.452 3.868 4.727 2.899 5.523 3.127 3.792 7.097 3.283 3.837 3.638 4.093 4.718 
7.263 1.849 3.124 1.062 5.831 6.335 1.948 2.419 3.293 6.594 4.466 3.486 3.265 3.334 1.970 2.896 7.493 3.164 2.201 1.563 2.460 4.313 3.189 5.341 6.591 6.704 2.545 4.496 5.665 3.119 4.161 3.743 3.950 5.230 8.786 1.912 2.116 3.954 2.361 6.501 
5.163 2.902 1.408 3.343 4.387 3.944 4.635 3.055 2.017 6.324 2.804 4.588 4.494 6.003 0.746 0.979 8.622 5.508 0.827 2.763 4.126 5.670 5.814 7.782 5.772 8.227 0.169 2.998 7.264 1.535 4.619 3.024 6.616 7.654 9.607 0.841 3.297 3.067 1.852 7.893 
6.713 4.227 7.961 5.062 4.628 7.098 6.540 8.343 8.467 2.190 5.017 2.513 9.225 6.114 6.470 5.783 2.217 4.524 6.960 7.518 3.654 2.074 5.723 5.456 3.407 2.683 6.625 4.735 2.465 8.054 2.024 9.295 6.330 5.322 2.968 6.558 8.100 3.964 7.810 2.184 
6.698 3.137 7.009 3.881 4.572 6.819 5.341 7.218 7.477 2.849 4.568 1.348 8.051 4.981 5.492 4.974 2.872 3.390 5.978 6.381 2.460 0.968 4.586 4.613 3.786 2.718 5.715 4.314 2.049 7.090 1.261 8.255 5.242 4.470 3.981 5.568 6.949 3.429 6.764 2.283 
11.364 5.336 6.899 4.093 9.691 10.542 2.291 4.973 6.775 9.522 8.526 5.896 4.294 1.929 6.133 7.114 8.508 3.515 6.235 4.515 4.819 5.965 2.317 3.820 9.980 7.205 6.713 8.496 6.340 6.832 6.975 6.645 1.885 3.830 10.056 6.047 4.401 7.768 5.873 7.302 
4.974 1.874 5.149 3.090 2.943 4.832 4.941 5.833 5.684 2.894 2.513 1.512 6.930 5.275 3.697 2.936 4.927 3.904 4.184 5.078 2.208 2.460 4.909 5.837 3.017 4.813 3.796 2.289 4.020 5.251 0.867 6.570 5.731 5.688 5.813 3.798 5.704 1.360 5.112 4.396 
