10 20 40
81.610 55.136 92.179 45.519 96.116 53.672 120.260 113.704 68.968 58.963 
121.016 371.356 431.156 186.321 530.826 170.251 630.459 281.792 245.491 375.074 162.444 530.155 637.590 304.497 585.823 569.711 434.945 489.153 496.234 229.146 
17.984 14.359 27.804 33.201 21.041 8.403 25.000 32.314 14.730 29.992 10.123 19.160 17.535 19.637 16.634 11.478 25.605 12.213 20.049 29.182 23.957 21.446 16.868 33.954 20.146 21.608 31.380 26.165 10.253 34.266 10.509 5.300 22.734 9.560 12.553 13.068 7.968 16.200 18.766 15.199 
616.299 978.243 1046.617 708.764 1230.212 671.522 1332.386 843.348 873.441 1019.400 647.581 1167.064 1211.426 982.265 1239.490 1220.446 1025.853 1193.872 1081.419 731.959 
4.476 5.345 6.815 4.142 6.364 10.388 7.591 4.432 2.889 6.603 9.210 8.161 5.935 1.723 4.214 0.830 5.468 4.169 9.349 3.520 
4.841 8.795 1.423 3.378 9.328 5.587 6.483 6.863 7.435 4.281 4.176 2.888 4.415 6.108 5.857 6.616 2.658 3.624 3.149 7.168 
3.937 3.534 7.082 4.593 4.554 9.880 6.512 3.074 1.302 6.068 8.885 9.297 5.377 3.390 3.272 2.435 5.602 4.384 9.331 2.045 
3.286 4.538 4.880 5.161 4.397 3.992 0.211 3.536 5.284 2.052 3.748 9.080 2.244 7.688 3.384 7.335 4.235 4.647 5.046 4.553 
1.000 3.702 4.256 2.233 4.483 6.987 4.175 1.845 2.127 3.163 5.923 7.265 2.477 3.602 0.985 3.189 2.764 1.786 6.359 1.834 
4.346 8.165 2.429 2.243 8.875 7.110 6.914 6.251 6.354 4.734 5.667 2.792 4.565 4.258 5.250 4.892 2.528 2.722 4.948 6.271 
5.902 9.088 5.127 3.747 9.975 9.798 9.015 7.382 6.797 7.009 8.361 3.737 6.654 3.233 6.524 4.177 4.804 4.285 7.677 7.014 
1.488 4.190 4.231 1.886 5.027 7.373 4.782 2.419 2.277 3.582 6.232 6.887 2.918 2.966 1.632 2.620 2.749 1.562 6.526 2.190 
3.488 7.190 1.068 3.249 7.541 3.669 4.225 5.364 6.413 2.127 2.242 5.218 2.491 6.463 4.459 6.646 1.823 3.114 2.076 5.949 
3.406 6.407 2.761 4.200 6.545 2.614 2.708 4.825 6.251 1.276 1.591 6.949 1.959 7.311 4.142 7.275 2.827 3.857 2.600 5.643 
4.456 0.713 5.627 8.045 3.386 1.159 5.330 0.854 3.982 2.521 4.962 3.538 5.228 6.078 4.531 4.486 0.401 1.281 4.288 4.715 2.769 0.508 6.326 2.338 5.630 4.180 3.815 3.669 3.287 1.446 3.412 1.918 2.112 2.143 1.210 0.606 7.053 3.243 4.918 4.586 
4.650 4.591 9.294 11.836 3.083 5.024 8.881 4.583 7.274 3.483 8.918 2.694 8.608 6.470 6.923 8.066 4.127 4.499 1.915 8.663 6.579 3.507 6.966 5.991 9.048 7.858 4.698 4.197 4.771 3.919 6.297 5.410 5.277 3.681 4.887 3.871 10.734 6.196 8.832 1.539 
7.198 3.118 2.370 5.409 5.997 2.802 3.925 2.935 3.820 5.626 1.754 6.345 2.673 8.310 5.480 3.353 3.388 3.169 7.432 1.232 2.192 4.101 8.335 2.764 4.452 2.909 5.369 5.587 4.671 3.863 4.311 3.195 2.751 4.511 3.137 3.651 4.869 2.837 2.219 7.878 
4.566 1.522 5.043 5.910 5.575 1.099 3.100 2.271 1.867 3.215 3.310 5.758 5.166 5.641 3.030 2.255 2.350 2.895 6.503 3.343 0.700 2.520 5.690 0.142 3.410 1.965 5.714 5.686 5.076 3.431 1.783 0.606 3.260 4.205 1.063 2.707 4.853 4.134 3.000 6.760 
5.670 5.242 9.585 12.568 2.802 5.689 9.689 5.065 8.124 4.454 9.494 2.350 8.789 7.485 7.883 8.860 4.656 4.859 1.213 9.178 7.284 4.166 7.984 6.741 9.889 8.622 4.436 3.915 4.658 4.207 7.194 6.186 5.541 3.788 5.606 4.353 11.510 6.334 9.480 0.628 
10.442 6.081 3.571 9.576 5.597 6.109 8.606 5.179 8.323 8.504 6.064 6.057 2.364 11.992 9.744 8.015 5.588 4.727 7.314 5.368 6.545 6.393 12.172 6.848 9.133 7.566 4.011 4.526 3.736 4.925 8.496 6.980 3.879 4.857 6.493 5.526 9.351 2.754 6.761 7.953 
7.346 3.891 5.909 10.403 1.433 4.218 8.205 3.004 7.138 5.404 6.814 1.894 4.888 9.140 7.874 7.392 3.043 2.382 3.163 6.279 5.569 3.462 9.467 5.408 8.604 7.000 0.473 0.527 0.487 1.907 6.728 5.154 2.344 1.243 4.447 2.741 9.663 2.521 7.133 3.793 
4.008 2.652 7.497 9.937 2.654 3.088 7.048 2.701 5.505 2.231 6.979 2.525 6.925 5.866 5.457 6.218 2.222 2.732 2.708 6.736 4.661 1.567 6.265 4.101 7.260 5.980 3.898 3.510 3.691 2.286 4.631 3.543 3.584 2.374 2.973 2.009 8.868 4.625 6.896 2.809 
2.307 3.272 8.541 9.877 4.402 3.589 6.785 3.792 5.106 1.094 7.437 4.218 8.171 4.178 4.487 6.027 3.302 4.068 4.069 7.354 4.862 2.453 4.622 4.177 6.866 5.910 5.667 5.286 5.420 3.822 4.027 3.566 4.953 4.083 3.297 3.259 8.684 6.067 7.161 3.920 
6.619 2.338 4.103 8.177 3.179 2.483 6.088 1.380 5.214 4.679 4.595 3.562 3.373 8.209 6.277 5.306 1.763 0.911 4.737 4.084 3.512 2.575 8.424 3.514 6.524 4.890 2.574 2.737 1.876 1.323 5.046 3.438 0.122 1.746 2.826 1.720 7.462 1.094 4.908 5.257 
9.345 4.920 2.391 8.215 5.347 4.882 7.163 4.102 6.922 7.459 4.648 5.802 1.145 10.802 8.400 6.579 4.560 3.764 7.073 3.954 5.156 5.402 10.945 5.507 7.691 6.131 3.964 4.420 3.470 4.130 7.159 5.695 2.879 4.279 5.274 4.573 7.934 1.790 5.328 7.677 
8.897 6.385 4.887 1.224 10.053 5.939 2.731 6.708 4.287 8.097 2.477 10.349 5.998 9.177 5.905 3.227 7.029 7.140 11.302 3.113 4.366 7.465 8.937 4.989 3.043 3.237 9.583 9.769 8.882 7.830 5.422 5.595 6.917 8.558 6.058 7.368 1.496 7.046 2.177 11.649 
5.932 1.724 4.580 8.137 3.021 1.942 5.830 0.745 4.801 3.989 4.671 3.344 3.965 7.540 5.726 5.016 1.075 0.232 4.425 4.238 3.193 1.884 7.768 3.073 6.229 4.625 2.796 2.833 2.143 0.858 4.517 2.906 0.657 1.524 2.246 1.037 7.328 1.783 4.871 4.892 
2.588 3.978 8.145 6.892 7.522 3.821 3.806 4.956 2.346 2.975 5.854 7.523 8.373 2.703 0.662 3.386 4.744 5.570 7.786 6.154 3.605 4.300 2.593 3.096 3.620 3.573 8.211 8.024 7.688 5.849 1.487 2.906 6.201 6.511 3.469 5.008 5.586 7.214 5.210 7.775 
3.994 1.636 6.601 8.943 2.984 2.074 6.104 1.778 4.618 2.032 5.965 3.008 6.122 5.763 4.804 5.266 1.280 1.963 3.516 5.734 3.659 0.550 6.089 3.126 6.347 5.007 3.846 3.569 3.468 1.735 3.844 2.597 2.848 2.146 1.982 1.161 7.896 3.956 5.882 3.723 
1.638 3.825 8.481 7.772 6.983 3.778 4.644 4.783 3.059 2.226 6.416 6.934 8.572 2.200 1.610 4.126 4.486 5.355 7.075 6.633 3.966 3.901 2.293 3.347 4.512 4.240 7.834 7.594 7.368 5.524 1.992 2.989 6.079 6.118 3.392 4.698 6.475 7.154 5.842 7.010 
5.776 1.633 3.769 6.113 5.024 1.308 3.851 1.670 3.102 4.140 2.798 5.307 3.749 7.015 4.470 3.075 2.040 2.113 6.274 2.535 1.325 2.660 7.098 1.576 4.291 2.654 4.777 4.864 4.091 2.792 3.228 1.835 2.115 3.538 1.654 2.355 5.287 2.792 2.867 6.655 
4.488 0.972 5.051 6.412 5.026 0.550 3.648 1.750 2.387 2.950 3.621 5.208 5.039 5.723 3.366 2.803 1.801 2.382 5.963 3.557 1.132 1.996 5.825 0.670 3.961 2.500 5.199 5.155 4.574 2.893 2.123 0.558 2.823 3.664 0.562 2.158 5.382 3.771 3.407 6.233 
9.624 5.246 0.930 6.981 6.580 5.079 6.401 4.630 6.507 7.865 3.628 7.020 0.377 10.893 8.167 5.954 5.127 4.483 8.271 2.952 4.867 5.969 10.959 5.378 6.946 5.525 5.338 5.754 4.770 5.007 6.979 5.715 3.652 5.339 5.465 5.239 6.868 2.808 4.399 8.842 
3.015 2.918 8.090 9.885 3.663 3.294 6.863 3.279 5.225 1.436 7.217 3.492 7.639 4.885 4.857 6.067 2.780 3.474 3.440 7.068 4.719 1.956 5.308 4.074 7.001 5.897 4.927 4.543 4.696 3.158 4.221 3.469 4.357 3.364 3.063 2.678 8.740 5.451 7.018 3.370 
