10 20 40
34.751 34.316 68.736 29.159 114.387 109.525 58.607 90.470 110.694 71.951 
354.476 131.192 572.808 167.431 605.513 577.786 360.763 336.064 292.480 69.993 575.379 526.946 192.706 603.633 520.989 63.351 345.881 393.814 319.837 143.368 
5.008 6.943 14.919 7.836 10.892 7.642 34.802 20.013 22.177 10.388 10.196 28.428 29.238 31.047 34.394 27.123 18.143 33.917 19.949 23.775 14.841 5.067 16.914 17.016 14.263 19.742 17.230 17.924 34.478 9.378 5.388 5.234 14.955 15.552 27.460 22.272 12.191 13.951 18.283 16.471 
961.909 633.141 1335.174 715.382 1285.841 1361.399 1039.377 975.944 945.064 478.121 1292.365 1212.135 781.936 1279.001 1186.731 424.502 981.190 1076.433 1006.712 679.121 
5.787 3.338 6.070 6.319 7.332 6.455 4.354 5.044 7.407 4.190 4.020 2.961 1.781 0.434 0.720 5.173 3.268 2.589 6.137 4.564 
3.999 3.681 4.274 4.542 5.865 5.649 5.745 4.813 7.309 3.396 3.510 1.865 1.684 1.498 1.510 4.040 3.186 4.187 6.517 4.581 
1.650 7.113 1.926 1.771 2.233 3.502 7.911 7.646 6.303 5.857 6.291 4.593 5.248 5.096 5.179 5.702 3.935 6.968 6.646 4.657 
3.266 9.281 3.383 2.977 0.300 2.770 9.009 9.826 5.758 8.029 8.476 6.781 7.377 7.062 7.190 7.788 5.016 8.442 6.775 5.159 
8.095 9.921 8.393 8.244 6.667 3.624 4.671 11.475 1.307 10.182 10.252 8.647 8.108 6.869 7.183 10.730 3.600 5.562 0.781 2.211 
8.682 6.667 9.001 9.109 9.050 6.874 0.588 8.579 6.139 7.963 7.732 6.739 5.548 4.225 4.502 8.964 3.790 1.285 4.160 4.018 
6.133 9.698 6.393 6.152 4.166 1.105 6.400 10.913 1.904 9.353 9.579 7.828 7.716 6.758 7.023 9.618 3.396 6.614 3.165 2.440 
7.392 9.905 7.676 7.490 5.737 2.671 5.367 11.338 0.769 9.933 10.064 8.388 8.007 6.859 7.159 10.375 3.437 5.993 1.680 2.075 
3.180 6.679 3.494 3.437 3.250 2.739 6.235 7.638 5.033 5.989 6.278 4.504 4.685 4.110 4.284 6.186 2.226 5.439 5.047 3.000 
3.270 8.240 3.508 3.242 1.760 1.865 7.506 9.028 4.795 7.293 7.660 5.900 6.269 5.774 5.938 7.274 3.509 6.952 5.483 3.721 
4.642 6.346 7.424 5.578 3.819 5.153 7.849 7.197 7.658 5.566 2.682 8.152 5.115 3.764 8.856 10.053 7.864 3.244 4.212 7.627 0.780 1.580 5.954 8.917 6.039 3.369 7.138 5.629 5.683 6.782 4.854 2.142 5.935 7.305 5.824 7.098 8.563 5.140 2.798 6.421 
9.128 1.021 7.138 3.108 7.607 7.966 8.761 7.914 4.671 8.710 9.377 6.308 4.840 3.248 6.393 6.076 10.014 4.612 9.533 5.723 6.641 7.433 6.617 4.088 6.748 9.153 8.912 9.858 4.008 2.598 2.783 7.119 2.371 1.429 6.154 8.841 9.634 1.858 9.511 2.372 
4.877 6.479 7.747 5.611 4.109 5.453 8.163 7.517 7.959 5.850 2.645 8.471 5.430 3.879 9.172 10.352 8.154 3.231 4.390 7.943 0.610 1.814 6.277 9.190 6.362 3.517 7.442 5.861 5.982 6.840 5.109 2.428 6.190 7.525 6.148 7.404 8.872 5.348 2.749 6.488 
4.597 6.905 7.775 6.070 3.954 5.320 8.090 7.478 8.155 5.667 2.185 8.581 5.573 4.313 9.304 10.553 7.986 3.691 4.035 8.074 1.050 1.576 6.293 9.459 6.369 3.137 7.323 5.574 6.187 7.295 5.414 2.283 6.494 7.878 6.197 7.288 8.770 5.714 2.289 6.940 
2.557 9.084 7.308 8.645 2.961 4.139 6.981 6.626 8.705 4.107 1.288 8.572 6.035 6.661 9.386 11.017 6.306 6.390 1.547 8.221 3.864 1.934 5.900 10.410 5.919 0.672 5.987 3.352 6.949 9.781 6.852 2.291 7.841 9.467 6.019 5.978 7.441 7.510 1.365 9.397 
0.529 9.389 4.939 9.632 1.749 1.729 4.144 4.007 7.143 1.262 4.336 6.482 4.840 7.491 7.308 9.178 3.245 7.833 1.592 6.314 5.905 3.558 3.828 9.103 3.783 2.407 3.074 0.566 5.870 10.521 6.538 3.069 7.253 8.966 4.144 3.082 4.466 7.499 4.427 10.112 
7.206 8.050 2.005 9.675 6.304 5.290 3.305 3.002 2.587 5.690 10.193 1.036 4.041 8.185 0.980 2.802 5.041 9.530 8.275 1.669 9.546 8.263 3.369 4.048 3.347 8.664 4.264 7.179 3.938 9.717 5.606 7.477 5.129 5.979 3.325 4.215 3.792 6.484 10.330 9.392 
10.100 1.144 8.880 1.751 8.621 9.226 10.410 9.552 6.594 9.957 9.604 8.194 6.350 3.183 8.329 8.029 11.516 4.023 10.308 7.591 6.536 7.903 8.172 6.024 8.306 9.770 10.430 10.931 5.673 0.687 4.149 7.780 4.117 3.382 7.724 10.361 11.294 3.062 9.723 0.684 
3.536 11.008 4.298 11.715 4.171 3.016 2.642 3.175 7.228 2.419 7.333 5.952 5.834 9.619 6.661 8.653 0.903 10.280 4.524 6.088 8.710 6.436 4.109 9.246 3.988 5.403 1.877 2.719 6.732 12.389 7.974 5.814 8.352 9.949 4.574 1.946 2.319 9.049 7.418 11.984 
8.423 1.443 7.880 1.149 6.981 7.721 9.245 8.389 6.091 8.430 7.787 7.509 5.153 1.368 7.817 7.961 10.171 2.370 8.559 6.878 4.746 6.103 6.948 6.106 7.082 7.986 9.116 9.293 4.707 1.802 3.017 6.020 3.442 3.545 6.531 9.050 10.128 2.050 7.907 1.397 
8.737 0.810 7.804 1.451 7.263 7.909 9.249 8.390 5.808 8.633 8.312 7.302 5.156 1.888 7.548 7.555 10.270 3.002 8.941 6.677 5.325 6.557 6.974 5.648 7.109 8.412 9.195 9.576 4.594 1.574 2.959 6.416 3.184 3.031 6.540 9.128 10.135 1.898 8.435 1.176 
6.962 2.270 6.448 2.626 5.491 6.182 7.742 6.890 5.005 6.896 6.762 6.253 3.672 0.954 6.663 7.121 8.630 2.464 7.186 5.620 4.034 4.885 5.439 5.474 5.572 6.693 7.580 7.804 3.366 3.295 1.685 4.677 2.458 3.293 5.035 7.514 8.621 1.139 6.894 2.885 
7.127 2.247 5.558 3.557 5.606 5.991 7.043 6.183 3.704 6.734 7.623 5.095 2.981 2.351 5.413 5.734 8.161 3.867 7.559 4.464 5.212 5.590 4.801 4.074 4.936 7.225 7.068 7.857 2.345 3.778 0.802 5.200 1.078 2.085 4.352 6.999 7.927 0.365 7.762 3.403 
6.411 3.543 4.201 4.915 4.908 5.020 5.739 4.885 2.499 5.762 7.589 3.753 1.800 3.458 4.136 4.745 6.959 4.899 7.018 3.120 5.677 5.471 3.562 3.421 3.693 6.849 5.856 7.026 0.988 5.131 0.856 4.916 0.748 2.456 3.099 5.785 6.620 1.731 7.734 4.764 
6.626 3.221 4.522 4.616 5.113 5.284 6.060 5.205 2.719 6.028 7.655 4.040 2.095 3.230 4.391 4.896 7.268 4.698 7.196 3.408 5.618 5.548 3.873 3.460 4.005 6.990 6.166 7.266 1.310 4.811 0.680 5.028 0.529 2.234 3.412 6.095 6.941 1.425 7.799 4.446 
8.513 2.616 8.684 0.954 7.168 8.085 9.912 9.070 7.164 8.753 7.310 8.487 5.890 1.491 8.861 9.133 10.671 1.481 8.483 7.853 4.125 5.881 7.610 7.318 7.741 7.803 9.660 9.439 5.612 2.243 3.919 5.962 4.532 4.783 7.228 9.598 10.783 3.109 7.416 1.956 
3.499 6.812 2.180 7.671 2.318 1.715 2.798 2.012 3.736 2.412 6.159 3.315 1.645 5.669 4.134 5.867 3.606 6.620 4.434 3.008 5.864 4.269 0.693 5.695 0.767 4.686 2.535 3.839 2.614 8.238 3.775 3.474 4.183 5.836 0.775 2.468 3.644 4.856 6.297 7.838 
7.001 6.180 2.407 7.847 5.794 5.137 4.173 3.518 0.729 5.726 9.408 0.968 2.785 6.476 1.114 2.362 5.833 7.887 7.945 0.605 8.249 7.344 3.040 2.577 3.095 8.135 4.832 7.232 2.316 7.849 3.871 6.607 3.283 4.130 2.744 4.767 4.909 4.669 9.552 7.528 
4.557 9.969 2.508 11.005 4.485 3.109 0.734 1.561 5.509 2.966 8.268 4.051 4.766 9.034 4.689 6.666 1.202 9.966 5.685 4.304 8.907 6.883 2.950 7.468 2.815 6.401 1.107 4.081 5.470 11.486 6.969 6.134 7.104 8.552 3.383 1.133 0.369 8.052 8.379 11.096 
3.170 8.205 2.065 9.058 2.587 1.305 1.672 1.187 4.596 1.632 6.531 3.662 2.998 7.030 4.475 6.402 2.206 7.901 4.274 3.591 6.850 4.928 1.288 6.623 1.179 4.793 1.141 3.138 3.891 9.639 5.167 4.151 5.509 7.113 1.743 1.078 2.407 6.251 6.655 9.239 
