20 40 100
244.662 99.707 199.272 112.295 238.034 171.351 143.386 282.129 49.400 70.644 316.714 104.502 294.603 278.659 235.138 305.910 301.350 315.041 227.428 86.239 
151.918 47.896 127.126 173.972 31.667 13.562 64.224 96.299 154.062 30.165 55.148 118.395 42.188 101.008 77.278 135.650 142.151 136.063 156.932 41.275 77.834 37.038 143.031 135.239 49.221 115.664 132.908 111.799 169.650 172.445 155.766 69.695 61.077 163.315 117.265 41.562 114.590 55.888 98.421 157.077 
23.510 15.280 25.941 34.172 15.166 18.093 19.389 34.980 18.116 27.823 24.931 10.413 17.408 33.765 5.959 30.085 32.179 17.679 23.002 9.174 23.630 7.302 21.241 30.390 32.299 18.155 28.328 23.736 11.497 31.097 26.397 28.643 26.078 12.884 9.289 9.920 31.112 16.852 8.269 23.728 14.626 34.841 14.640 11.647 24.653 19.334 20.038 33.965 12.672 18.892 14.225 18.026 17.910 20.744 31.219 31.171 30.495 11.442 32.726 7.026 24.569 18.658 5.883 11.471 10.868 27.233 34.266 11.055 25.650 33.974 10.546 30.415 11.625 16.776 31.516 13.584 28.010 15.104 34.635 30.845 16.135 16.496 22.606 20.452 16.389 30.757 8.707 13.126 11.161 16.132 5.233 14.362 9.891 6.789 9.479 14.318 25.150 8.392 32.960 34.811 
1218.727 731.856 1164.566 1301.414 565.633 379.568 804.770 1008.436 1249.948 584.718 745.008 1083.442 697.465 996.232 879.539 1111.841 1229.674 1188.754 1267.441 697.160 890.313 647.301 1173.092 1169.958 713.710 1071.979 1229.967 1030.015 1341.371 1344.289 1249.951 867.294 834.610 1285.172 1091.070 679.316 1079.861 765.618 1019.121 1242.908 
10.974 14.134 5.533 6.982 10.375 12.641 15.139 6.910 5.704 5.783 14.620 8.715 15.664 5.660 3.971 4.249 12.361 14.992 7.021 1.384 15.312 10.558 8.068 12.586 3.483 10.505 8.943 11.876 9.242 9.884 1.395 14.429 13.964 10.381 12.843 11.759 14.012 5.345 3.165 13.777 
6.689 12.453 0.489 4.600 6.015 8.966 10.351 4.589 7.492 3.671 13.730 3.671 10.882 1.074 2.091 6.949 7.862 11.006 2.017 5.329 10.500 6.710 3.436 11.907 4.230 6.568 4.176 6.842 6.867 5.020 4.152 10.882 9.238 6.391 9.137 6.737 13.318 5.032 6.244 13.161 
8.522 2.366 11.195 6.658 8.726 6.865 12.191 15.831 7.233 7.618 2.497 12.114 12.455 10.335 12.852 8.800 9.543 8.653 10.959 11.027 12.438 7.276 9.652 0.921 8.841 7.517 10.031 12.677 4.727 10.552 12.790 7.008 11.213 7.668 6.993 13.961 2.108 7.005 9.612 2.007 
10.026 2.684 12.700 8.168 10.256 8.212 13.529 17.316 8.122 9.079 1.256 13.677 13.763 11.845 14.278 9.732 10.988 9.796 12.506 12.149 13.774 8.792 11.215 0.841 10.099 9.037 11.593 14.203 6.290 12.105 14.059 8.111 12.599 9.194 8.322 15.506 0.605 8.310 10.628 0.444 
9.505 4.681 10.796 6.429 9.549 8.406 13.627 15.268 5.365 7.088 4.036 12.308 13.952 9.981 12.069 6.982 10.742 10.483 10.884 9.495 13.875 8.245 9.870 2.075 7.618 8.457 10.431 13.440 5.225 11.121 11.549 8.925 12.548 8.565 8.569 14.554 3.334 5.949 7.911 3.066 
9.466 11.502 5.437 4.930 8.961 10.681 13.940 8.468 3.122 3.896 11.901 8.475 14.444 5.135 5.101 2.000 10.951 13.125 6.620 1.502 14.140 8.798 7.089 9.864 1.243 8.801 8.008 11.289 6.934 8.999 3.602 12.347 12.720 8.716 10.891 11.542 11.286 2.836 1.200 11.049 
10.748 17.994 5.831 10.353 10.099 13.457 12.595 1.728 13.019 9.525 19.469 5.875 13.078 6.678 5.015 12.115 11.305 14.897 6.199 9.668 12.636 11.330 7.845 17.712 9.699 11.114 7.986 8.317 12.433 8.209 7.243 15.315 11.862 10.908 13.576 7.077 19.101 10.843 11.174 18.959 
9.813 15.015 3.537 7.158 9.139 12.047 13.330 3.470 8.215 6.001 16.000 6.256 13.862 4.160 1.065 7.098 10.964 14.127 4.994 4.498 13.462 9.799 6.552 14.055 5.052 9.669 7.247 9.532 9.549 8.022 2.076 13.955 12.261 9.496 12.224 9.063 15.499 6.632 6.093 15.305 
8.018 15.036 2.948 7.420 7.346 10.664 10.519 2.284 10.519 6.655 16.517 3.335 11.034 3.764 3.064 9.831 8.765 12.287 3.261 7.759 10.604 8.482 4.955 14.780 7.209 8.278 5.215 6.359 9.473 5.614 5.752 12.555 9.618 8.075 10.797 5.545 16.160 8.110 9.006 16.023 
11.311 9.511 9.569 6.718 11.047 11.379 15.910 13.183 1.805 6.479 8.972 12.146 16.344 8.993 9.797 2.894 12.798 13.798 10.348 5.759 16.144 10.239 10.122 7.051 5.117 10.359 10.957 14.345 7.309 11.888 8.278 12.529 14.702 10.370 11.582 15.008 8.241 4.602 3.977 7.957 
10.140 17.503 5.457 9.940 9.498 12.860 11.922 1.905 12.837 9.165 19.026 5.254 12.404 6.283 4.926 12.005 10.663 14.261 5.693 9.657 11.962 10.755 7.298 17.300 9.511 10.535 7.396 7.643 11.964 7.582 7.313 14.707 11.195 10.329 12.975 6.403 18.677 10.560 11.097 18.541 
4.807 3.773 8.736 4.575 5.094 3.189 8.472 13.371 7.869 5.790 5.723 8.895 8.768 7.884 10.843 9.093 5.769 5.330 8.095 10.474 8.720 3.601 6.528 4.696 7.956 3.852 6.695 9.009 2.185 7.048 11.544 3.913 7.457 4.025 3.347 10.374 5.658 6.180 9.552 5.652 
7.397 9.739 4.504 2.779 6.932 8.528 11.939 8.512 3.291 1.822 10.443 7.124 12.432 3.911 5.202 3.223 8.899 10.973 5.294 3.528 12.148 6.669 5.336 8.454 0.989 6.683 6.237 9.614 4.838 7.221 4.816 10.202 10.712 6.609 8.737 10.083 9.900 0.985 3.054 9.693 
4.140 12.376 4.566 6.442 3.627 6.872 5.793 6.962 11.263 6.487 14.321 1.493 6.311 4.546 6.709 11.254 4.353 7.960 3.091 10.242 5.883 5.106 2.861 12.969 8.526 4.855 2.149 1.800 7.443 1.589 9.173 8.591 4.913 4.660 6.946 2.052 14.160 8.369 10.808 14.101 
6.757 14.231 2.986 6.968 6.109 9.468 9.000 3.747 10.743 6.428 15.871 1.906 9.512 3.584 4.140 10.274 7.371 10.939 2.519 8.534 9.080 7.366 3.955 14.240 7.538 7.144 4.003 4.827 8.773 4.239 6.834 11.324 8.124 6.937 9.586 4.069 15.573 8.101 9.564 15.460 
6.674 7.146 6.293 2.247 6.426 6.958 11.276 10.746 3.359 2.592 7.841 8.135 11.715 5.499 7.590 4.392 8.162 9.431 6.535 5.900 11.509 5.616 5.838 5.878 3.522 5.728 6.578 9.897 2.874 7.443 7.436 8.366 10.066 5.735 7.168 10.737 7.322 1.656 4.833 7.128 
3.785 6.202 9.869 7.029 4.449 1.292 5.157 14.046 11.454 8.171 8.582 8.664 5.309 9.156 12.304 12.465 3.556 1.390 8.697 13.274 5.390 3.512 6.950 8.212 10.749 3.649 6.580 7.326 5.246 6.352 13.726 0.828 4.475 3.831 1.097 8.906 8.790 9.240 12.716 8.879 
6.525 4.751 8.141 3.617 6.524 5.834 10.828 12.757 5.082 4.531 5.585 9.334 11.195 7.289 9.765 6.447 7.838 8.161 8.020 8.268 11.074 5.281 6.877 3.745 5.918 5.478 7.398 10.394 2.192 8.072 9.816 6.814 9.696 5.570 6.023 11.507 5.149 4.051 7.067 4.995 
7.008 11.954 1.545 4.065 6.367 9.037 10.989 5.383 6.368 2.962 13.068 4.686 11.517 1.483 2.298 5.791 8.310 11.225 2.890 4.274 11.155 6.819 3.926 11.182 3.081 6.715 4.779 7.737 6.441 5.709 3.524 10.925 9.831 6.559 9.223 7.771 12.613 4.038 5.095 12.439 
9.958 6.336 10.193 6.166 9.885 9.301 14.329 14.461 3.835 6.542 5.715 12.100 14.699 9.434 11.157 5.447 11.318 11.549 10.516 8.107 14.575 8.738 9.751 3.787 6.504 8.920 10.427 13.631 5.614 11.221 10.327 10.089 13.189 8.993 9.484 14.599 4.992 5.062 6.438 4.713 
3.206 9.207 8.484 4.829 6.223 5.738 8.764 1.116 9.718 4.899 8.791 9.910 9.956 11.338 9.081 7.861 7.207 9.021 12.768 0.972 11.402 6.241 1.423 2.398 8.607 2.943 4.861 10.506 9.559 10.034 5.897 6.007 9.985 8.412 9.440 8.723 9.870 7.825 5.960 13.230 8.026 7.896 5.628 7.615 10.079 3.740 5.248 7.011 7.342 3.028 7.525 3.030 4.348 7.324 2.249 3.810 10.500 13.470 4.789 11.879 4.450 8.438 3.574 6.259 8.264 5.185 3.122 4.584 8.902 3.673 4.475 8.442 1.951 2.045 9.828 3.573 6.687 5.359 13.963 3.588 3.791 8.960 6.016 4.995 8.824 8.086 6.723 8.077 8.030 7.249 7.371 7.322 6.661 9.501 9.626 9.777 8.565 10.057 4.079 7.680 
7.576 8.634 14.411 13.009 12.806 12.027 4.839 7.623 2.348 4.000 12.240 6.149 15.302 12.165 15.274 9.818 8.079 16.573 13.455 8.627 13.938 2.268 7.078 8.190 5.486 6.124 13.267 13.166 8.567 7.383 11.964 3.361 14.362 1.212 17.214 15.204 13.862 14.516 2.709 14.333 13.542 0.964 8.518 13.750 11.344 11.763 3.193 14.001 7.411 10.789 5.038 5.860 10.079 1.737 6.773 11.812 14.169 13.641 12.459 13.229 9.109 14.301 4.964 2.369 2.484 13.567 9.553 8.380 5.489 8.660 10.433 14.477 6.479 6.466 15.969 6.852 13.526 12.876 14.550 11.402 11.189 2.423 9.342 9.962 6.697 15.782 10.837 4.352 15.984 1.724 1.175 1.680 10.321 8.178 1.313 10.083 16.206 13.289 4.490 11.458 
9.493 7.566 2.251 4.432 0.908 0.591 9.902 7.320 12.518 8.363 3.819 10.268 3.667 7.536 3.008 4.945 5.906 4.840 8.649 5.350 6.291 10.758 7.314 8.664 9.301 8.869 5.974 5.546 8.043 9.527 11.247 9.001 3.983 11.722 5.725 2.882 4.113 2.265 10.736 8.710 1.757 11.469 4.265 1.456 6.422 3.896 9.844 2.103 6.617 3.686 8.632 6.816 10.229 10.688 8.326 3.831 4.823 9.555 2.946 7.508 3.218 2.183 8.828 10.917 10.895 5.749 3.286 3.995 9.602 9.889 10.226 2.255 7.457 6.863 3.743 9.792 1.605 2.613 9.650 8.088 8.736 11.597 3.638 11.011 8.651 4.434 2.555 9.573 5.142 10.666 11.148 11.940 3.098 8.282 13.170 7.077 4.668 4.793 9.240 3.037 
7.286 4.554 6.528 6.816 5.173 4.360 5.539 5.243 7.982 4.086 4.815 6.192 7.431 6.639 7.407 3.184 2.504 9.181 8.089 3.979 7.156 6.605 4.870 6.844 5.043 5.992 7.846 6.260 4.955 5.840 10.662 4.537 6.679 7.214 9.971 7.392 6.295 6.795 6.703 8.638 5.646 7.004 0.953 5.913 5.400 5.593 5.819 6.448 2.837 4.619 4.213 3.157 9.050 6.212 5.766 5.596 6.758 8.744 5.658 7.293 1.400 6.414 5.369 6.812 6.358 7.904 2.826 0.569 5.360 8.127 9.211 6.604 4.623 3.842 8.087 7.233 5.939 5.842 9.299 8.120 8.472 7.061 1.657 9.605 4.726 8.563 3.032 5.115 9.028 6.200 6.734 7.747 2.619 4.984 8.666 5.012 8.908 6.049 5.633 3.819 
3.890 8.913 7.799 4.297 5.536 5.056 8.772 1.785 9.960 5.109 8.206 9.850 9.278 10.879 8.394 7.410 6.883 8.392 12.295 0.418 10.833 6.671 1.996 3.059 8.557 3.570 4.505 9.942 9.285 9.878 6.331 6.188 9.338 8.702 8.841 8.039 9.241 7.142 6.426 12.725 7.352 8.214 5.208 6.930 9.615 3.146 5.669 6.334 7.085 2.370 7.494 3.160 4.890 7.599 2.900 3.212 9.880 13.022 4.145 11.377 3.923 7.755 4.071 6.712 8.457 4.784 2.484 4.150 8.861 4.315 4.983 7.757 2.434 2.325 9.141 4.256 6.005 4.704 13.482 3.753 4.076 9.167 5.528 5.580 8.678 7.469 6.140 8.113 7.455 7.531 7.709 7.785 6.116 9.257 9.966 9.393 7.944 9.465 4.573 7.097 
1.837 9.498 10.878 7.568 8.723 8.131 7.846 1.684 7.872 3.597 10.435 9.202 12.234 12.276 11.559 8.904 7.752 11.756 13.735 3.443 12.893 3.890 1.377 2.093 7.932 0.245 7.440 11.992 9.743 9.706 6.203 4.647 11.984 6.446 12.191 11.264 11.747 10.397 3.497 14.350 10.288 5.854 6.709 10.039 11.080 6.490 3.004 9.634 7.601 5.729 6.855 2.710 4.289 5.467 0.624 6.559 12.304 14.305 7.508 13.016 6.088 10.813 1.260 3.828 6.664 7.811 5.345 5.849 8.177 2.948 4.596 10.864 1.201 1.938 12.309 1.514 9.268 8.060 14.950 5.248 5.049 7.269 7.345 4.491 8.525 10.830 8.437 7.095 10.780 5.375 5.284 4.823 8.201 9.566 7.447 10.428 11.307 11.703 1.676 9.357 
3.763 13.823 11.766 6.353 9.461 9.287 12.988 4.477 13.185 8.798 13.040 14.257 13.385 15.886 12.103 12.420 11.829 10.713 17.295 5.427 15.690 9.086 5.051 3.238 12.954 5.290 5.155 14.817 14.166 14.533 1.373 9.899 13.843 11.747 10.721 11.584 13.873 10.661 8.625 17.696 11.606 11.140 10.216 10.899 14.621 6.132 8.292 9.734 11.946 6.200 11.858 7.302 1.465 10.791 4.783 6.210 14.554 18.031 7.334 16.352 8.906 11.766 6.587 8.965 11.986 5.635 7.302 9.159 13.230 2.747 1.116 11.662 5.626 6.209 12.789 4.511 9.618 7.920 18.474 1.888 1.160 12.596 10.529 2.149 13.322 9.727 11.006 12.255 9.213 10.698 10.566 9.822 11.056 14.092 12.645 14.389 10.205 14.264 6.971 11.947 
13.408 11.480 2.820 6.384 4.249 4.982 14.383 11.388 17.148 13.019 6.631 14.563 3.160 10.199 1.910 8.820 10.188 2.578 10.807 9.459 7.904 15.374 11.523 12.465 13.730 13.118 7.731 7.614 11.942 13.629 14.003 13.670 4.932 16.387 3.325 1.792 5.589 2.523 15.320 10.445 3.816 16.138 8.800 3.274 9.458 6.821 14.436 3.269 10.955 7.270 13.168 11.393 13.501 15.356 12.490 6.739 6.080 11.743 5.609 9.659 7.887 2.959 13.280 15.519 15.532 7.291 7.686 8.654 14.015 13.540 13.393 2.681 11.787 11.292 1.542 13.849 3.630 5.002 11.437 10.850 11.594 16.225 8.069 14.350 12.925 3.317 6.670 14.124 4.194 15.335 15.814 16.559 7.275 12.264 17.836 10.576 2.976 6.764 13.726 6.577 
12.056 0.863 8.667 11.483 8.664 7.979 4.781 10.233 8.157 7.263 4.837 4.013 8.563 2.778 9.539 2.824 2.703 12.482 4.001 9.164 5.109 9.391 9.765 11.800 4.040 10.515 12.740 4.626 0.915 2.663 15.785 6.817 6.938 8.316 13.413 9.866 6.246 9.719 9.741 4.894 7.690 8.514 4.480 8.549 2.371 10.403 9.063 9.843 2.712 9.543 4.454 7.626 14.089 7.853 10.505 10.384 6.152 4.252 10.093 3.905 6.052 8.524 9.506 9.671 7.031 12.710 7.796 5.517 4.135 13.028 14.283 8.839 9.366 8.612 9.947 11.822 9.363 10.049 5.112 13.309 13.654 7.404 4.533 14.561 2.796 12.188 5.212 5.116 12.906 7.909 8.607 10.205 4.697 1.346 9.520 0.929 12.383 5.187 9.553 4.929 
8.329 4.317 5.507 6.745 4.470 3.671 6.194 6.210 8.922 5.286 3.600 6.603 6.287 5.770 6.409 2.307 2.365 8.512 7.189 4.698 6.008 7.812 5.901 7.806 5.596 7.126 7.958 5.107 4.771 5.997 11.440 5.657 5.462 8.266 9.358 6.464 5.070 5.963 7.922 7.655 4.577 8.102 0.558 4.977 4.506 5.625 7.041 5.753 2.981 4.758 4.936 4.353 9.926 7.307 6.844 5.610 5.536 7.914 5.422 6.304 1.281 5.384 6.571 8.024 7.321 7.942 3.033 1.046 5.899 9.103 10.056 5.604 5.722 4.952 7.055 8.335 5.239 5.479 8.381 8.707 9.138 7.999 0.459 10.535 5.017 7.995 1.833 5.886 8.563 7.303 7.867 8.943 1.393 4.907 9.717 4.405 8.291 4.847 6.848 2.594 
9.945 8.653 15.618 14.918 14.264 13.459 4.615 9.826 1.247 5.761 12.951 5.518 16.312 12.151 16.515 10.405 8.666 18.180 13.291 10.606 14.267 4.608 9.255 10.517 5.377 8.441 15.322 13.585 8.459 6.909 14.351 4.809 15.162 2.116 18.889 16.527 14.591 15.923 5.080 14.226 14.688 2.629 9.571 15.045 11.541 13.644 5.448 15.511 7.908 12.636 5.412 7.730 12.460 3.225 9.056 13.685 14.792 13.310 14.214 13.275 10.475 15.497 7.220 4.742 2.792 15.588 11.222 9.678 5.243 11.040 12.811 15.710 8.636 8.501 17.169 9.231 15.015 14.574 14.279 13.671 13.500 2.140 10.361 12.356 6.603 17.455 11.854 4.486 17.749 3.289 3.180 4.050 11.287 8.029 1.112 10.150 17.851 13.856 6.775 12.326 
7.882 10.011 4.618 1.238 2.467 2.698 11.431 6.003 13.430 8.721 6.980 12.131 6.257 10.592 4.870 7.622 8.079 4.130 11.779 4.240 9.486 10.715 6.258 6.911 10.977 7.828 2.791 8.732 10.474 11.681 8.561 9.640 7.047 12.357 4.607 4.344 7.266 3.422 10.541 11.887 4.678 11.962 6.173 3.795 9.412 1.218 9.718 2.495 8.639 1.928 10.089 6.808 7.905 11.252 7.141 1.137 7.979 12.666 0.297 10.658 4.609 4.641 8.264 10.798 11.820 2.555 3.273 5.394 11.294 7.940 7.815 4.489 6.652 6.347 5.549 8.388 2.415 0.693 12.813 5.360 6.082 12.551 5.882 8.749 10.629 3.212 5.379 10.930 3.316 11.203 11.523 11.875 5.768 10.624 13.734 9.837 3.683 7.988 8.754 6.089 
3.939 14.270 12.296 6.861 9.992 9.819 13.333 4.868 13.416 9.119 13.560 14.622 13.916 16.380 12.629 12.909 12.287 11.196 17.792 5.914 16.210 9.278 5.426 3.532 13.323 5.538 5.630 15.335 14.606 14.933 0.846 10.209 14.374 11.970 11.183 12.106 14.402 11.185 8.805 18.202 12.138 11.357 10.697 11.430 15.115 6.661 8.519 10.258 12.385 6.732 12.227 7.687 1.459 11.039 5.080 6.739 15.082 18.522 7.860 16.857 9.407 12.296 6.849 9.143 12.258 6.107 7.817 9.643 13.593 2.856 1.092 12.191 5.982 6.597 13.313 4.659 10.145 8.445 18.975 2.405 1.689 12.853 11.025 1.956 13.722 10.213 11.523 12.595 9.679 10.944 10.782 9.964 11.565 14.523 12.822 14.861 10.688 14.787 7.210 12.466 
8.860 6.931 3.049 4.547 1.565 0.789 9.086 6.664 11.660 7.503 3.715 9.501 4.335 7.252 3.849 4.385 5.176 5.605 8.457 4.717 6.318 9.910 6.612 8.072 8.501 8.141 6.018 5.506 7.406 8.818 10.896 8.135 4.355 10.856 6.459 3.748 4.349 3.117 9.899 8.614 2.388 10.603 3.456 2.303 6.074 3.779 9.004 2.846 5.859 3.347 7.803 5.987 9.762 9.822 7.629 3.728 5.035 9.334 3.057 7.353 2.352 2.963 8.036 10.073 10.035 5.857 2.587 3.132 8.806 9.326 9.787 3.076 6.713 6.089 4.575 9.114 2.332 2.887 9.518 7.795 8.402 10.739 2.889 10.518 7.898 5.115 2.053 8.738 5.746 9.800 10.283 11.091 2.507 7.617 12.304 6.575 5.393 4.836 8.436 2.759 
11.970 8.111 0.807 6.405 2.817 3.055 11.200 9.788 14.141 10.405 3.254 11.269 1.189 6.930 1.519 5.471 6.939 4.880 7.704 7.824 4.918 12.884 9.757 11.147 10.514 11.290 7.973 4.439 8.568 10.281 13.628 10.890 2.000 13.522 5.839 1.983 2.483 2.317 12.917 7.499 0.762 13.348 5.784 1.440 6.104 6.172 12.021 3.035 7.719 6.120 10.050 9.052 12.685 12.554 10.773 6.098 3.130 8.648 5.050 6.531 5.264 0.699 11.155 13.067 12.558 7.658 5.725 5.900 10.786 12.372 12.668 1.008 9.861 9.226 1.929 12.251 2.869 4.545 8.492 10.439 11.115 13.221 4.987 13.476 9.634 4.980 3.499 11.012 5.903 12.546 13.091 14.051 4.084 8.900 14.972 7.189 4.968 3.574 11.539 3.233 
12.928 2.352 7.802 11.377 8.209 7.622 6.378 10.966 9.759 8.486 3.852 5.627 7.443 1.191 8.619 2.715 3.518 11.786 2.558 9.661 3.557 10.750 10.555 12.563 5.627 11.480 12.748 3.194 2.528 4.260 16.389 8.174 5.723 9.860 12.740 9.024 5.020 9.017 11.065 3.369 6.877 10.023 4.872 7.836 1.006 10.412 10.333 9.284 3.840 9.655 5.940 8.552 14.790 9.333 11.381 10.381 4.803 3.043 9.919 2.293 6.276 7.660 10.579 11.024 8.586 12.657 8.014 5.929 5.739 13.831 14.951 7.989 10.227 9.450 8.936 12.774 8.841 9.778 3.748 13.715 14.134 8.989 4.642 15.330 4.386 11.613 4.838 6.669 12.403 9.383 10.078 11.630 4.457 2.962 11.099 0.906 11.749 3.878 10.685 4.281 
2.481 10.708 9.534 5.052 7.218 6.850 10.047 1.552 10.661 5.984 10.200 11.258 11.077 12.844 10.042 9.368 8.717 9.489 14.269 2.395 12.831 6.851 2.151 1.477 9.951 3.080 4.597 11.940 11.051 11.460 4.381 7.106 11.261 9.283 9.770 9.619 11.197 8.696 6.480 14.716 9.184 8.720 7.141 8.654 11.583 4.248 5.917 7.820 8.831 3.853 8.859 4.293 2.893 8.239 2.365 4.328 11.847 14.980 5.442 13.366 5.918 9.505 4.141 6.807 9.307 5.012 4.455 6.093 10.238 2.504 2.985 9.469 2.778 3.213 10.775 3.110 7.570 6.047 15.461 2.350 2.373 9.971 7.508 3.611 10.249 8.512 8.136 9.335 8.286 8.155 8.164 7.812 8.115 10.982 10.377 11.293 9.004 11.456 4.618 9.092 
1.157 11.959 12.828 8.658 10.566 10.078 10.025 3.308 9.442 5.842 12.783 11.433 14.283 14.750 13.424 11.361 10.231 13.093 16.210 5.272 15.293 5.228 3.432 2.134 10.203 2.266 8.083 14.390 12.190 12.052 4.648 6.775 14.202 7.984 13.376 13.053 14.019 12.146 4.719 16.814 12.344 7.356 9.147 11.961 13.548 7.823 4.664 11.306 10.068 7.298 9.156 5.189 2.859 7.188 2.447 7.902 14.607 16.783 8.986 15.476 8.393 12.780 3.381 5.044 8.506 8.528 7.386 8.243 10.424 1.568 3.228 12.788 3.572 4.353 14.169 0.967 11.008 9.582 17.424 5.092 4.570 9.007 9.747 2.606 10.895 12.118 10.749 9.272 11.887 7.088 6.789 5.745 10.563 11.997 8.665 12.907 12.609 14.057 3.530 11.689 
8.189 8.239 3.526 3.061 1.230 0.951 9.993 6.072 12.289 7.810 5.172 10.564 5.082 8.736 4.088 5.786 6.368 4.800 9.940 4.106 7.735 10.053 6.151 7.311 9.474 7.740 4.545 6.948 8.708 10.006 9.725 8.597 5.516 11.346 5.538 3.754 5.630 2.891 9.964 10.080 3.248 11.021 4.510 2.647 7.552 2.375 9.091 2.212 6.983 2.190 8.668 6.056 8.757 10.266 7.139 2.314 6.336 10.819 1.573 8.830 3.058 3.497 7.877 10.180 10.660 4.373 2.303 3.886 9.788 8.498 8.739 3.467 6.387 5.888 4.836 8.554 1.781 1.480 10.993 6.558 7.212 11.383 4.114 9.555 9.008 4.117 3.519 9.562 4.584 10.231 10.639 11.237 3.920 8.883 12.769 7.996 4.483 6.241 8.327 4.243 
13.445 4.829 5.549 10.192 6.622 6.261 8.777 11.301 12.125 9.894 1.985 8.273 4.825 2.270 6.242 3.275 4.944 9.637 2.956 9.641 0.946 12.360 11.017 12.884 8.012 12.233 11.702 0.352 5.154 6.976 16.295 9.877 3.045 11.988 10.598 6.747 2.370 6.960 12.582 2.929 4.778 12.039 5.298 5.832 1.960 9.477 11.756 7.447 5.593 8.948 8.044 9.391 14.918 11.285 11.965 9.426 1.990 3.896 8.694 1.781 6.134 5.419 11.586 12.611 10.778 11.510 7.634 6.167 8.189 14.184 15.013 5.749 10.841 10.067 6.417 13.455 7.091 8.395 3.873 13.333 13.871 11.284 4.663 15.574 6.832 9.649 3.933 8.908 10.528 11.316 11.984 13.376 3.920 5.581 13.332 3.411 9.693 1.199 11.805 3.009 
3.999 14.054 11.888 6.427 9.591 9.434 13.235 4.721 13.430 9.046 13.221 14.503 13.512 16.094 12.210 12.630 12.056 10.754 17.499 5.641 15.872 9.326 5.296 3.486 13.200 5.536 5.187 15.001 14.399 14.775 1.226 10.147 13.995 11.991 10.740 11.684 14.035 10.764 8.864 17.893 11.747 11.384 10.432 11.025 14.829 6.251 8.536 9.835 12.179 6.354 12.104 7.546 1.649 11.038 5.031 6.329 14.719 18.240 7.445 16.551 9.109 11.891 6.834 9.204 12.233 5.664 7.493 9.374 13.476 2.969 1.288 11.781 5.873 6.454 12.891 4.744 9.731 8.026 18.677 1.982 1.290 12.843 10.735 2.275 13.563 9.771 11.192 12.503 9.236 10.944 10.809 10.055 11.251 14.327 12.884 14.609 10.246 14.441 7.216 12.131 
3.426 8.182 8.622 5.761 6.485 5.877 7.513 1.325 8.489 3.651 8.349 8.684 9.982 10.559 9.310 7.098 6.239 9.693 12.008 1.374 10.887 5.188 1.009 2.925 7.378 2.496 6.001 9.984 8.506 8.866 6.880 4.752 9.785 7.212 10.204 9.030 9.583 8.175 4.968 12.539 8.035 6.717 4.847 7.785 9.318 4.560 4.185 7.442 6.287 3.670 6.290 1.766 5.169 6.113 2.013 4.618 10.167 12.659 5.441 11.190 3.954 8.556 2.668 5.242 7.015 6.285 3.088 3.869 7.670 4.209 5.360 8.609 1.102 0.825 10.060 3.524 7.055 5.955 13.217 4.821 4.957 7.716 5.367 5.689 7.654 8.805 6.309 6.820 8.862 6.042 6.209 6.319 6.139 8.417 8.466 8.875 9.267 9.624 3.156 7.251 
6.488 7.948 5.202 3.223 2.969 2.457 9.001 4.340 10.970 6.307 5.993 9.769 6.683 9.152 5.822 5.848 5.929 6.304 10.482 2.367 8.643 8.427 4.401 5.647 8.579 5.989 4.309 7.785 8.389 9.427 8.442 7.192 6.842 9.923 6.927 5.505 6.818 4.638 8.305 10.773 4.767 9.548 4.011 4.336 7.902 2.004 7.447 3.910 6.397 1.105 7.657 4.450 7.275 8.822 5.393 2.002 7.491 11.297 2.218 9.455 2.404 5.156 6.156 8.537 9.357 4.326 0.811 3.088 8.897 6.875 7.301 5.164 4.641 4.172 6.571 6.822 3.516 2.589 11.615 5.406 5.971 10.087 3.944 8.034 8.322 5.494 4.010 8.481 5.748 8.777 9.129 9.605 4.179 8.482 11.315 8.029 5.922 7.200 6.616 4.922 
9.472 6.617 13.753 13.523 12.531 11.718 2.576 8.913 0.809 4.533 10.951 3.589 14.372 10.125 14.658 8.394 6.667 16.510 11.290 9.358 12.225 4.342 8.316 9.869 3.337 7.828 14.088 11.548 6.433 4.947 13.930 3.436 13.173 1.688 17.262 14.708 12.590 14.150 4.863 12.217 12.804 2.278 7.699 13.220 9.500 12.236 4.885 13.798 5.899 11.210 3.421 6.465 12.009 2.342 8.334 12.269 12.772 11.346 12.686 11.244 8.737 13.627 6.520 4.572 1.169 14.309 9.669 7.919 3.213 10.606 12.338 13.854 7.687 7.388 15.292 8.835 13.293 12.997 12.303 12.814 12.748 0.516 8.465 12.046 4.568 15.835 9.943 2.473 16.198 2.441 2.790 4.326 9.362 6.007 2.287 8.113 16.209 11.831 6.162 10.365 
10.973 3.360 5.348 8.622 5.462 4.854 6.807 8.865 10.028 7.385 1.717 6.635 5.395 3.245 6.231 0.868 2.618 9.173 4.601 7.315 3.475 9.876 8.546 10.461 6.065 9.713 10.020 2.603 3.814 5.554 14.044 7.444 3.957 9.720 10.113 6.542 3.338 6.404 10.077 5.008 4.367 9.707 2.769 5.230 2.000 7.695 9.239 6.582 3.365 6.994 5.863 6.852 12.570 8.932 9.472 7.660 3.527 5.392 7.155 3.658 3.801 5.205 9.043 10.120 8.572 9.911 5.457 3.694 6.298 11.758 12.691 5.517 8.337 7.558 6.676 10.949 6.120 7.007 5.770 11.211 11.690 9.144 2.209 13.188 5.033 8.925 2.068 6.791 9.683 8.954 9.601 10.923 1.733 4.156 11.114 2.546 9.095 2.623 9.262 1.606 
3.470 8.285 8.464 5.511 6.305 5.714 7.716 1.303 8.735 3.893 8.300 8.869 9.845 10.592 9.140 7.123 6.321 9.466 12.037 1.130 10.857 5.439 1.103 2.900 7.565 2.654 5.749 9.954 8.619 9.023 6.773 4.990 9.688 7.462 9.969 8.847 9.503 7.986 5.214 12.551 7.898 6.969 4.871 7.622 9.345 4.315 4.436 7.241 6.398 3.436 6.481 1.988 5.098 6.362 2.121 4.374 10.097 12.702 5.211 11.201 3.902 8.402 2.901 5.490 7.254 6.032 2.936 3.870 7.859 4.196 5.274 8.447 1.305 1.078 9.890 3.620 6.862 5.732 13.243 4.628 4.792 7.958 5.358 5.649 7.811 8.573 6.249 7.029 8.620 6.292 6.462 6.567 6.103 8.540 8.719 8.940 9.037 9.574 3.392 7.197 
5.959 8.780 5.801 2.645 3.489 3.136 9.580 3.915 11.330 6.554 6.893 10.432 7.349 10.069 6.330 6.748 6.743 6.318 11.401 2.038 9.540 8.489 4.095 5.054 9.207 5.685 3.514 8.688 9.212 10.170 7.586 7.519 7.644 10.204 6.834 5.941 7.660 5.033 8.312 11.689 5.477 9.786 4.842 4.921 8.817 1.358 7.491 4.207 7.165 0.330 8.240 4.612 6.506 9.094 5.029 1.388 8.342 12.215 2.064 10.373 3.252 5.772 6.045 8.569 9.742 3.593 1.521 3.866 9.524 6.225 6.506 5.738 4.447 4.118 7.071 6.374 3.895 2.591 12.534 4.509 5.095 10.471 4.834 7.292 9.038 5.429 4.926 9.017 5.529 9.040 9.331 9.647 5.098 9.284 11.558 8.917 5.890 8.087 6.531 5.830 
6.160 12.168 7.889 2.175 5.719 5.798 12.634 5.044 13.903 9.056 9.993 13.618 9.528 13.381 8.079 10.125 10.124 6.435 14.669 4.238 12.586 10.418 5.550 5.166 12.350 6.806 0.911 11.784 12.594 13.473 5.495 10.140 10.293 12.619 6.472 7.510 10.467 6.616 10.101 14.881 7.937 12.108 8.235 7.072 12.145 2.499 9.437 5.691 10.508 3.175 11.323 7.112 5.282 11.524 6.072 2.552 11.177 15.512 3.461 13.598 6.650 7.916 7.711 10.414 12.409 1.387 4.910 7.238 12.662 5.786 5.091 7.755 6.138 6.232 8.718 6.851 5.680 3.965 15.766 2.442 3.191 13.118 8.223 6.138 12.311 5.448 8.160 12.004 4.957 11.452 11.584 11.457 8.411 12.651 13.838 12.308 5.926 11.094 8.211 8.999 
5.877 5.397 8.836 7.977 7.230 6.442 4.440 4.286 6.045 1.689 7.131 5.562 9.816 8.309 9.688 5.113 3.726 11.088 9.762 3.995 9.300 4.206 3.736 5.744 4.258 4.301 8.637 8.429 5.647 5.780 9.890 2.307 9.069 5.056 11.790 9.610 8.661 8.929 4.322 10.445 7.994 4.754 3.204 8.159 7.171 6.690 3.449 8.450 3.504 5.661 3.177 1.478 8.076 3.985 4.339 6.720 9.089 10.273 7.143 9.144 3.518 8.730 3.340 4.417 4.432 8.821 4.133 2.822 4.553 6.901 8.316 8.895 3.239 2.558 10.391 5.608 7.963 7.481 10.971 7.935 8.079 5.163 4.006 8.455 4.570 10.356 5.430 3.789 10.669 3.955 4.420 5.349 4.992 5.486 6.485 6.379 10.753 8.324 3.478 6.186 
5.546 9.711 6.502 2.243 4.177 3.956 10.291 3.710 11.825 6.988 7.861 11.215 8.096 11.061 6.941 7.730 7.665 6.438 12.392 2.161 10.503 8.709 4.026 4.579 9.965 5.557 2.713 9.658 10.135 11.026 6.700 8.015 8.516 10.629 6.827 6.490 8.569 5.563 8.477 12.674 6.281 10.170 5.782 5.625 9.808 1.137 7.705 4.675 8.049 0.882 8.963 5.015 5.757 9.518 4.850 1.212 9.261 13.206 2.293 11.361 4.211 6.489 6.126 8.758 10.271 2.886 2.461 4.778 10.280 5.647 5.719 6.417 4.489 4.329 7.664 6.056 4.450 2.896 13.523 3.567 4.191 10.995 5.812 6.574 9.872 5.487 5.911 9.693 5.414 9.457 9.685 9.833 6.089 10.190 11.935 9.890 5.971 9.040 6.628 6.808 
13.631 7.055 3.506 8.956 5.269 5.219 10.755 11.424 13.987 11.019 2.300 10.475 2.360 4.857 3.984 4.828 6.568 7.475 5.303 9.552 2.389 13.547 11.269 12.918 10.006 12.680 10.523 2.242 7.447 9.272 15.838 11.243 0.712 13.638 8.419 4.575 0.701 5.025 13.682 4.938 3.075 13.588 6.159 4.079 4.416 8.533 12.805 5.722 7.325 8.270 9.820 10.074 14.702 12.803 12.275 8.467 0.603 6.234 7.521 4.175 6.349 3.407 12.283 13.769 12.516 10.245 7.406 6.709 10.227 14.196 14.734 3.702 11.236 10.513 3.996 13.786 5.498 7.083 5.934 12.708 13.336 13.100 5.355 15.443 8.922 7.667 4.022 10.751 8.600 12.816 13.439 14.652 4.377 7.849 15.048 5.787 7.618 1.529 12.591 3.177 
2.134 10.811 12.798 9.294 10.639 10.051 8.528 3.454 7.756 4.480 12.233 9.961 14.146 13.816 13.479 10.541 9.235 13.584 15.270 5.337 14.627 3.543 3.274 3.030 8.774 1.685 8.979 13.732 10.997 10.683 6.320 5.296 13.855 6.300 13.975 13.178 13.593 12.306 3.029 15.939 12.201 5.671 8.415 11.959 12.662 8.289 3.061 11.531 8.967 7.588 7.766 4.321 4.474 5.540 2.320 8.362 14.130 15.776 9.356 14.625 7.940 12.733 2.169 3.351 6.877 9.388 7.265 7.630 8.972 3.081 4.837 12.784 3.101 3.779 14.228 1.366 11.175 9.922 16.480 6.324 5.921 7.349 9.103 4.299 9.566 12.641 10.271 7.781 12.532 5.440 5.108 4.058 9.998 10.764 6.969 11.880 13.123 13.492 2.120 11.173 
3.094 12.606 10.729 5.533 8.409 8.182 11.882 3.341 12.262 7.739 11.848 13.123 12.332 14.659 11.118 11.191 10.606 9.988 16.070 4.198 14.496 8.256 3.932 2.333 11.818 4.403 4.544 13.618 12.954 13.358 2.565 8.853 12.715 10.843 10.091 10.625 12.721 9.697 7.825 16.478 10.516 10.252 8.987 9.855 13.394 5.134 7.401 8.779 10.734 5.088 10.723 6.155 1.658 9.848 3.810 5.215 13.395 16.803 6.357 15.133 7.683 10.721 5.649 8.164 10.994 5.021 6.098 7.930 12.099 2.338 1.521 10.636 4.532 5.064 11.822 3.864 8.622 6.957 17.251 1.254 0.694 11.629 9.303 2.518 12.146 8.994 9.805 11.158 8.574 9.758 9.682 9.086 9.842 12.887 11.824 13.160 9.482 13.081 6.072 10.751 
3.602 8.282 8.279 5.313 6.110 5.527 7.813 1.409 8.895 4.047 8.178 8.946 9.669 10.530 8.948 7.055 6.302 9.259 11.971 0.926 10.747 5.636 1.277 2.988 7.644 2.845 5.575 9.845 8.624 9.069 6.785 5.135 9.535 7.633 9.762 8.651 9.360 7.787 5.416 12.472 7.723 7.146 4.806 7.433 9.279 4.112 4.633 7.039 6.404 3.230 6.565 2.117 5.144 6.530 2.292 4.171 9.961 12.647 5.004 11.121 3.783 8.218 3.107 5.690 7.403 5.850 2.756 3.790 7.941 4.288 5.307 8.260 1.511 1.261 9.698 3.782 6.662 5.525 13.175 4.554 4.749 8.110 5.268 5.719 7.859 8.366 6.121 7.134 8.415 6.462 6.643 6.768 5.991 8.556 8.899 8.905 8.830 9.451 3.598 7.072 
1.655 9.706 11.042 7.645 8.875 8.293 8.019 1.755 7.979 3.771 10.636 9.383 12.409 12.487 11.716 9.114 7.963 11.864 13.947 3.577 13.099 3.952 1.511 1.988 8.116 0.105 7.475 12.198 9.949 9.900 6.053 4.809 12.174 6.546 12.286 11.413 11.941 10.542 3.541 14.560 10.462 5.947 6.917 10.200 11.291 6.587 3.095 9.771 7.809 5.846 7.042 2.921 4.135 5.584 0.633 6.657 12.502 14.516 7.622 13.226 6.283 10.979 1.388 3.876 6.797 7.854 5.511 6.053 8.358 2.778 4.449 11.026 1.393 2.141 12.466 1.303 9.411 8.179 15.161 5.199 4.971 7.392 7.550 4.312 8.721 10.933 8.634 7.268 10.866 5.490 5.376 4.850 8.403 9.769 7.517 10.639 11.411 11.905 1.767 9.557 
7.753 12.842 7.394 1.864 5.484 5.783 13.718 6.554 15.219 10.367 10.065 14.603 9.003 13.658 7.409 10.590 10.837 5.215 14.861 5.500 12.554 11.883 7.028 6.757 13.370 8.351 0.782 11.813 13.289 14.330 6.750 11.420 10.012 13.980 5.099 6.793 10.289 5.973 11.589 14.971 7.640 13.494 8.916 6.664 12.463 2.911 10.891 5.101 11.307 3.874 12.385 8.398 6.782 12.876 7.615 2.921 11.000 15.744 3.357 13.743 7.307 7.449 9.196 11.895 13.684 0.588 5.664 7.998 13.687 7.365 6.560 7.233 7.592 7.602 7.968 8.440 5.232 3.666 15.899 3.924 4.648 14.404 8.762 7.627 13.207 4.272 8.425 13.128 3.617 12.809 12.985 12.950 8.774 13.393 15.242 12.805 4.714 11.057 9.701 9.167 
10.124 7.992 15.178 14.738 13.908 13.098 3.968 9.839 0.781 5.616 12.395 4.796 15.815 11.468 16.082 9.837 8.113 17.863 12.586 10.483 13.631 4.802 9.254 10.634 4.733 8.560 15.216 12.968 7.779 6.192 14.563 4.590 14.619 2.102 18.595 16.119 14.034 15.544 5.301 13.526 14.234 2.703 9.124 14.633 10.892 13.456 5.553 15.168 7.343 12.438 4.867 7.587 12.657 3.145 9.139 13.493 14.210 12.587 13.968 12.597 10.112 15.054 7.298 4.973 2.408 15.463 10.959 9.301 4.578 11.238 13.001 15.277 8.628 8.427 16.721 9.433 14.666 14.303 13.561 13.719 13.588 1.689 9.897 12.602 5.942 17.164 11.379 3.918 17.495 3.225 3.278 4.415 10.801 7.346 1.615 9.487 17.549 13.266 6.880 11.811 
9.626 2.455 6.585 8.613 6.057 5.306 5.096 7.638 8.220 5.594 3.494 5.161 6.961 4.276 7.501 1.036 0.813 10.038 5.734 6.365 5.253 8.053 7.236 9.236 4.389 8.231 9.840 4.420 2.920 4.324 13.072 5.588 5.704 7.860 10.930 7.691 5.135 7.353 8.278 6.354 5.592 7.839 1.593 6.249 3.078 7.507 7.461 7.307 1.598 6.637 4.051 5.309 11.460 7.065 8.086 7.491 5.382 6.350 7.260 5.036 3.145 6.447 7.428 8.303 6.730 9.821 4.892 2.651 4.654 10.508 11.623 6.723 6.932 6.151 8.050 9.510 6.802 7.269 6.949 10.471 10.855 7.323 1.677 12.002 3.522 9.621 2.754 4.998 10.261 7.086 7.735 9.079 2.153 3.103 9.263 2.609 9.872 4.491 7.597 2.937 
13.067 3.221 6.905 10.869 7.533 7.015 7.254 11.022 10.634 8.950 2.974 6.612 6.434 0.933 7.689 2.605 3.887 10.945 2.317 9.568 2.500 11.314 10.657 12.624 6.492 11.703 12.299 2.112 3.483 5.273 16.310 8.759 4.689 10.635 11.904 8.128 3.988 8.192 11.592 2.878 6.019 10.751 4.857 7.018 0.400 9.986 10.817 8.534 4.379 9.305 6.680 8.784 14.788 10.031 11.537 9.948 3.732 3.078 9.385 1.579 6.081 6.766 10.897 11.579 9.383 12.171 7.764 5.873 6.634 13.911 14.925 7.098 10.386 9.603 7.962 12.976 8.116 9.188 3.517 13.516 13.982 9.831 4.452 15.375 5.270 10.834 4.312 7.475 11.658 10.073 10.760 12.253 4.043 3.918 11.921 1.733 10.939 2.826 11.049 3.603 
10.200 7.737 15.009 14.671 13.772 12.961 3.725 9.852 0.734 5.579 12.181 4.517 15.624 11.203 15.915 9.619 7.903 17.740 12.312 10.443 13.384 4.899 9.264 10.686 4.490 8.616 15.177 12.729 7.517 5.916 14.648 4.529 14.409 2.161 18.482 15.962 13.818 15.398 5.406 13.255 14.060 2.780 8.956 14.475 10.642 13.387 5.614 15.036 7.129 12.365 4.666 7.544 12.737 3.155 9.180 13.422 13.986 12.307 13.876 12.334 9.977 14.884 7.341 5.083 2.302 15.416 10.863 9.162 4.325 11.319 13.078 15.111 8.636 8.408 16.549 9.519 14.532 14.201 13.283 13.741 13.626 1.572 9.721 12.701 5.690 17.053 11.198 3.711 17.398 3.240 3.354 4.575 10.617 7.083 1.851 9.231 17.432 13.038 6.935 11.613 
