20 40 100
221.690 514.464 356.162 490.616 269.984 491.017 231.843 374.788 129.253 484.017 373.713 193.560 217.571 499.933 413.340 179.648 117.737 214.065 130.478 410.383 
264.435 175.170 105.477 81.708 234.594 74.706 157.036 112.858 197.225 141.224 249.024 103.498 207.000 94.784 111.906 89.642 179.213 251.434 80.617 98.479 214.995 151.793 26.748 119.958 177.179 255.420 253.828 229.138 237.230 24.111 156.726 259.945 51.809 160.823 173.429 94.034 88.300 121.704 258.910 248.150 
34.906 21.964 9.474 15.449 27.943 24.548 19.307 29.684 14.383 6.364 34.056 15.093 17.451 24.916 25.851 19.312 32.124 31.851 31.948 20.905 27.623 23.666 5.791 10.799 28.195 34.681 26.208 33.353 30.617 7.086 30.361 34.598 20.621 19.878 8.412 20.100 10.370 5.746 29.556 16.155 15.083 10.151 28.182 22.793 8.494 9.880 34.226 8.299 22.767 24.846 34.635 22.069 33.707 20.491 17.664 17.292 25.148 15.243 24.802 15.126 21.045 15.099 18.616 28.587 10.510 30.058 13.285 18.729 34.022 21.318 30.756 17.188 13.479 9.540 34.911 21.709 13.812 29.640 28.332 10.951 11.227 28.156 8.740 27.538 11.447 17.262 20.737 5.116 24.367 30.768 27.598 12.438 11.449 26.578 20.045 34.183 12.662 15.390 15.891 29.335 
1370.985 1086.063 846.382 790.155 1323.580 696.165 1028.332 937.455 1242.598 965.816 1301.973 846.486 1191.386 870.091 919.489 849.706 1172.437 1365.405 817.265 855.042 1224.484 1053.198 479.222 940.279 1094.093 1356.297 1404.847 1275.111 1312.429 495.307 1036.381 1341.162 632.773 1056.558 1106.702 912.182 818.122 898.959 1313.450 1289.517 
1.042 7.539 5.574 1.660 12.850 13.363 11.312 6.834 1.026 4.019 6.674 4.908 10.792 14.069 2.668 12.390 11.044 1.537 1.281 9.664 1.557 10.537 7.876 7.715 2.088 12.486 11.140 12.880 4.492 8.421 1.640 12.932 9.221 8.011 11.287 5.734 8.274 7.539 5.441 11.140 
3.096 5.943 5.439 3.586 8.759 9.453 7.654 4.452 3.990 0.965 3.833 5.788 7.234 11.074 4.785 8.315 7.038 4.628 2.811 5.730 5.601 7.080 7.065 8.852 4.985 8.395 8.797 9.091 2.930 6.858 3.440 10.446 5.535 4.070 7.537 1.910 5.121 6.047 1.471 7.303 
5.194 8.819 8.511 4.551 8.228 7.832 8.871 1.398 6.257 2.297 6.400 4.652 8.650 12.889 7.483 8.163 5.875 5.584 4.797 6.557 7.412 4.677 10.063 11.891 5.650 7.884 11.203 9.939 1.664 9.697 4.473 12.687 6.952 3.059 8.594 4.070 7.261 8.945 3.576 8.196 
11.916 6.017 8.591 13.173 7.916 11.082 3.351 12.850 12.137 10.702 6.248 15.612 3.222 1.223 11.435 6.867 9.298 14.036 11.886 5.555 13.897 12.121 6.969 10.738 14.511 7.823 2.771 3.846 12.513 5.561 13.022 2.114 4.771 9.397 3.830 7.998 4.744 6.135 8.508 4.379 
4.696 4.214 4.642 5.653 7.617 9.051 5.597 6.051 5.283 3.131 1.725 8.021 5.115 8.839 5.413 6.959 6.506 6.612 4.547 3.999 7.074 7.527 5.611 8.238 7.035 7.266 6.635 7.144 5.046 5.053 5.502 8.241 3.490 4.086 5.552 0.647 2.883 4.359 1.102 5.408 
3.492 8.020 7.282 2.878 9.432 9.405 9.263 2.813 4.559 1.125 5.893 3.904 8.927 12.963 5.869 9.209 7.274 3.947 3.090 7.104 5.689 6.389 9.080 10.493 4.086 9.075 10.850 10.541 0.841 8.940 2.786 12.466 7.196 4.267 9.068 3.755 7.073 8.118 3.238 8.749 
11.762 6.586 9.080 12.851 6.290 9.488 2.022 11.891 12.125 10.138 6.123 15.010 2.187 2.417 11.641 5.254 7.830 13.789 11.675 4.384 13.924 10.761 7.800 11.638 14.228 6.217 4.020 2.185 11.828 6.345 12.700 3.758 3.916 8.286 2.431 7.463 4.506 6.738 7.941 2.963 
6.124 10.596 10.077 4.989 9.449 8.450 10.626 0.827 7.175 3.800 8.235 3.718 10.442 14.713 8.612 9.545 6.920 5.832 5.723 8.280 7.969 4.878 11.774 13.314 5.717 9.129 13.063 11.596 2.152 11.490 4.965 14.548 8.765 4.532 10.322 5.916 9.122 10.714 5.412 9.895 
3.228 3.504 2.195 4.838 10.537 11.971 7.851 7.698 3.213 4.091 2.977 8.025 7.252 10.099 2.662 9.823 9.433 5.424 3.352 6.752 4.952 10.122 4.134 5.610 5.961 10.191 7.080 9.523 5.884 4.412 4.704 8.875 5.935 6.809 7.943 3.395 4.578 3.524 3.506 7.934 
3.410 7.479 4.983 4.485 14.832 15.749 12.489 9.635 2.362 6.522 7.615 7.520 11.890 14.483 1.985 14.228 13.318 4.004 3.805 11.258 1.778 13.174 7.213 5.735 4.440 14.473 11.190 14.157 7.304 8.195 4.478 12.977 10.542 10.365 12.571 7.502 9.211 7.407 7.369 12.538 
11.083 10.907 12.125 10.999 2.554 1.503 6.636 6.716 12.024 7.992 8.437 11.150 6.962 10.830 12.696 3.316 1.048 12.085 10.749 4.986 13.558 3.179 12.513 15.693 12.233 2.415 11.118 6.454 8.323 11.423 10.891 11.805 6.253 3.997 6.142 7.088 7.887 11.096 7.061 5.598 
10.603 11.419 12.318 10.278 4.161 2.144 7.853 5.539 11.604 7.459 8.834 10.008 8.086 12.153 12.469 4.836 1.909 11.336 10.240 5.906 13.009 1.615 12.994 15.915 11.419 3.990 12.096 7.888 7.424 12.033 10.186 12.949 7.104 3.683 7.373 7.124 8.569 11.601 6.979 6.824 
12.966 6.372 8.812 14.424 10.628 13.777 5.977 14.920 12.971 12.344 7.599 17.193 5.721 2.345 11.959 9.575 11.911 15.157 13.017 8.001 14.617 14.624 6.711 10.060 15.674 10.528 2.707 6.551 14.259 5.599 14.277 0.978 7.017 11.688 6.470 9.716 6.413 6.415 10.239 7.015 
2.060 4.672 3.122 3.686 10.901 12.033 8.656 7.029 2.153 3.425 3.853 6.927 8.089 11.166 2.136 10.275 9.537 4.257 2.192 7.304 3.950 9.856 5.240 6.204 4.793 10.545 8.223 10.291 5.027 5.580 3.555 10.012 6.641 6.716 8.695 3.576 5.474 4.692 3.513 8.626 
3.088 3.956 1.904 4.809 11.605 13.002 8.836 8.361 2.723 4.746 3.968 8.140 8.221 10.835 1.725 10.889 10.471 5.189 3.329 7.812 4.290 11.038 4.176 4.864 5.743 11.259 7.656 10.519 6.373 4.787 4.693 9.458 6.965 7.787 8.950 4.429 5.533 3.926 4.495 8.962 
10.474 4.679 7.236 11.746 7.616 10.632 2.815 11.648 10.694 9.335 4.812 14.242 2.421 2.640 10.014 6.548 8.620 12.599 10.447 4.640 12.458 11.262 5.777 9.603 13.078 7.460 2.025 3.923 11.180 4.330 11.595 2.466 3.653 8.329 3.308 6.639 3.344 4.812 7.156 3.821 
3.591 8.400 7.594 2.773 9.716 9.572 9.656 2.685 4.656 1.524 6.298 3.507 9.327 13.372 6.039 9.523 7.503 3.806 3.187 7.480 5.670 6.452 9.434 10.749 3.893 9.361 11.257 10.917 0.473 9.322 2.699 12.876 7.595 4.528 9.454 4.166 7.484 8.494 3.648 9.128 
12.102 10.553 12.203 12.316 0.468 2.850 5.271 8.644 12.940 9.193 8.377 12.950 5.762 9.094 13.341 1.535 2.562 13.411 11.814 4.416 14.607 5.473 12.152 15.644 13.636 0.719 9.997 4.609 9.919 10.896 12.192 10.375 5.637 5.330 4.785 7.639 7.417 10.745 7.770 4.308 
9.369 8.818 10.051 9.512 2.672 3.592 5.025 6.028 10.249 6.400 6.343 10.207 5.221 9.368 10.786 2.707 1.093 10.609 9.065 3.037 11.871 3.799 10.421 13.609 10.827 2.325 9.229 5.298 7.126 9.351 9.390 10.079 4.263 2.528 4.560 5.104 5.827 9.006 5.144 4.014 
12.089 9.176 11.187 12.639 2.051 5.298 3.261 9.883 12.781 9.530 7.429 13.869 3.873 6.681 12.873 1.259 4.315 13.710 11.865 3.526 14.547 7.441 10.711 14.411 14.022 2.113 7.955 2.207 10.677 9.342 12.500 8.106 4.412 6.203 2.848 7.402 6.125 9.365 7.686 2.544 
9.539 7.140 1.228 8.258 2.610 7.008 6.435 9.132 2.592 8.964 1.210 6.329 11.011 6.993 5.067 12.597 10.000 6.039 4.235 11.260 6.082 4.617 9.183 4.959 3.660 3.132 5.934 2.289 12.103 9.701 8.633 2.636 6.445 5.772 9.217 5.921 4.686 11.000 10.058 3.692 11.230 4.422 7.033 8.684 9.889 4.783 8.239 9.319 5.511 6.677 4.695 8.962 7.016 12.802 13.596 7.729 6.941 12.901 5.700 13.361 5.867 11.557 4.317 5.987 8.138 12.294 5.957 8.775 4.959 12.752 3.060 2.070 4.848 8.337 12.513 7.674 13.124 1.486 11.723 11.076 13.128 2.031 12.201 1.913 6.964 7.642 2.194 12.148 1.716 1.902 2.623 9.607 10.844 1.769 8.221 5.165 6.908 7.828 12.960 9.015 
3.532 4.606 7.645 3.526 8.839 4.257 10.564 3.064 9.079 6.333 7.033 3.840 10.476 11.068 11.792 6.098 10.295 6.656 7.355 5.908 10.577 3.781 2.720 2.174 8.610 5.425 2.181 7.026 10.339 10.395 10.617 6.178 5.884 12.000 3.161 11.943 4.334 11.980 6.035 5.323 10.140 6.820 1.421 7.977 5.701 5.804 3.109 8.814 9.194 1.573 2.482 4.721 2.560 7.141 7.195 1.969 2.827 6.827 10.412 7.080 11.780 11.574 3.328 7.505 6.523 12.199 11.650 3.214 4.362 7.702 8.230 5.307 10.961 5.398 12.159 5.445 7.650 6.466 8.267 9.571 6.707 7.641 6.903 8.639 4.479 6.636 5.451 5.808 6.819 6.092 7.250 9.201 4.370 7.548 3.014 2.650 4.940 6.010 13.387 3.880 
6.098 6.132 5.635 5.769 6.656 5.813 10.181 4.181 7.554 4.983 5.666 1.997 11.795 10.732 9.974 8.597 11.321 4.217 7.065 8.420 10.047 4.188 5.283 2.690 7.768 4.971 0.944 6.058 12.048 11.287 11.057 3.763 6.813 10.685 4.261 10.751 4.746 12.845 8.232 5.143 11.627 6.720 3.722 9.204 7.928 6.051 5.450 10.031 8.896 3.630 0.473 4.218 2.041 9.705 9.717 4.415 2.015 9.402 9.784 9.632 10.646 12.753 0.815 7.856 7.946 13.439 10.627 3.784 1.855 10.191 5.836 3.144 9.700 4.114 13.483 3.787 10.199 4.302 10.399 11.166 9.228 5.396 9.421 6.782 2.790 7.844 3.207 8.358 4.593 3.845 6.365 10.409 6.903 5.357 3.234 0.249 6.287 4.238 14.491 4.056 
10.888 8.022 1.783 9.440 2.556 7.955 5.400 10.826 0.869 10.620 1.413 8.047 11.027 5.924 3.531 14.018 9.862 7.507 4.072 12.406 4.942 5.700 10.644 6.396 2.734 3.856 7.651 2.230 12.370 9.475 8.115 4.113 6.971 4.058 10.914 4.246 5.610 10.603 10.973 4.378 11.376 4.502 8.462 8.934 10.850 5.250 9.493 9.455 4.783 8.079 6.397 10.687 8.740 13.979 14.972 9.121 8.669 14.185 4.514 14.700 4.221 11.392 6.046 5.979 8.678 12.120 4.376 10.490 6.651 13.780 3.720 3.775 3.174 10.026 12.397 9.340 14.247 2.952 12.419 11.337 14.516 2.833 13.304 1.014 8.665 8.093 3.867 13.521 2.997 3.455 2.395 9.691 12.278 2.590 9.942 6.888 7.700 9.458 12.616 10.742 
8.156 5.680 13.047 6.798 14.371 6.007 8.945 12.598 12.216 16.429 10.962 13.680 1.963 8.967 14.875 9.994 3.305 15.834 8.087 6.658 9.480 7.954 9.202 9.132 9.882 8.740 12.001 9.913 0.255 3.913 5.846 13.538 5.468 13.060 12.677 12.562 7.563 4.554 4.692 8.191 1.091 7.618 8.723 3.188 5.032 7.066 7.307 2.737 8.262 8.557 11.400 14.808 12.664 7.502 9.992 8.406 12.909 8.620 9.762 9.442 12.256 3.002 12.110 6.186 3.930 3.125 11.770 13.077 13.533 6.118 14.845 12.316 12.266 15.493 2.782 15.432 7.138 12.888 3.079 0.783 9.873 13.838 6.571 13.082 14.424 4.258 12.589 9.230 13.277 12.932 9.725 2.619 9.383 13.591 13.047 12.025 5.552 15.956 4.485 13.823 
11.014 7.781 13.559 9.412 14.755 8.130 7.893 15.141 12.142 18.502 11.388 15.598 1.925 7.711 14.420 13.140 2.468 17.334 8.279 9.799 8.491 9.477 11.962 10.968 9.677 9.611 14.003 10.260 3.236 2.803 4.479 14.589 6.824 12.167 15.227 11.592 8.963 2.120 7.680 9.136 2.515 8.045 11.076 4.443 7.990 7.978 9.926 3.606 7.711 10.824 13.176 17.101 14.824 10.736 13.205 10.914 15.032 11.834 8.875 12.658 11.284 0.912 13.758 6.482 5.865 0.189 10.754 15.519 15.173 9.367 15.523 13.420 11.575 17.579 0.516 17.391 10.386 13.735 6.320 3.267 13.062 14.494 9.792 13.290 16.379 5.809 13.692 12.369 14.083 13.899 9.985 3.223 12.377 14.229 15.395 13.864 7.469 17.864 1.235 16.234 
3.423 3.189 11.487 2.599 12.869 3.274 10.290 8.080 11.639 12.365 9.820 9.934 6.027 10.569 14.573 5.340 6.641 12.568 7.939 2.056 10.636 5.666 4.538 5.992 9.876 7.354 8.241 9.084 4.948 7.065 8.374 11.103 4.615 13.572 8.150 13.240 5.623 8.398 0.263 6.837 5.322 7.267 4.715 4.533 0.425 6.153 3.003 5.068 9.103 4.729 8.046 10.519 8.631 3.405 5.579 4.163 8.915 4.258 10.730 5.064 12.973 7.283 8.887 6.596 3.345 7.675 12.610 8.662 10.203 2.651 12.860 9.927 12.582 11.441 7.442 11.548 3.378 10.833 2.211 4.576 5.350 11.978 2.470 11.979 10.588 4.021 10.171 4.566 11.244 10.687 9.066 5.358 4.580 11.782 8.747 8.512 3.551 12.118 9.042 9.423 
11.236 7.221 7.002 9.350 7.872 7.393 0.397 13.245 4.894 14.675 5.067 11.743 6.981 0.860 6.779 14.364 5.580 12.220 2.873 11.718 0.858 6.449 11.547 8.059 2.645 4.941 10.673 4.116 8.837 5.031 3.202 8.882 5.420 4.520 13.342 3.977 5.934 5.711 9.633 4.909 7.625 3.397 9.572 5.883 9.689 4.517 9.671 5.959 1.018 9.157 9.433 14.088 11.780 13.245 15.020 9.945 11.841 13.880 1.198 14.595 3.667 6.897 9.555 3.324 6.583 7.556 3.161 13.216 10.684 12.496 9.019 8.027 3.900 13.897 7.934 13.387 13.273 7.759 10.145 7.901 14.656 8.061 12.351 6.296 12.501 5.889 8.243 13.680 7.973 8.132 3.762 6.009 12.852 7.798 12.813 10.126 6.709 13.671 7.716 13.716 
9.694 7.706 1.066 8.586 2.234 7.535 7.496 8.750 3.374 8.113 2.277 5.638 11.923 8.053 5.429 12.647 10.960 5.030 5.253 11.582 7.132 5.120 9.216 5.115 4.719 3.930 5.503 3.339 12.920 10.684 9.673 1.616 7.213 6.546 8.830 6.761 5.295 12.013 10.561 4.474 12.097 5.387 7.139 9.532 10.363 5.615 8.505 10.202 6.576 6.822 4.359 8.298 6.522 13.087 13.689 7.863 6.406 13.090 6.743 13.494 6.738 12.517 3.812 6.947 8.872 13.254 6.876 8.314 4.191 13.153 2.184 1.431 5.690 7.546 13.457 6.840 13.451 0.443 12.342 11.902 13.211 1.218 12.549 2.268 6.208 8.422 1.432 12.253 0.663 0.939 3.679 10.505 10.892 1.019 7.735 4.704 7.532 6.943 13.959 8.474 
8.657 5.199 4.216 6.957 5.452 5.210 3.901 9.848 3.353 11.057 2.047 8.123 7.966 4.457 6.245 11.859 6.887 8.741 1.093 9.779 3.773 3.382 8.692 4.735 1.747 1.480 7.103 0.934 9.240 6.566 5.523 5.535 3.903 5.414 9.944 5.218 3.044 7.856 8.102 1.724 8.268 1.372 6.550 5.801 8.027 2.215 7.132 6.344 2.670 6.130 5.841 10.500 8.222 11.366 12.691 7.073 8.264 11.741 3.546 12.348 5.009 8.440 5.934 2.902 5.591 9.176 4.804 9.740 7.079 10.983 6.189 4.536 4.373 10.276 9.414 9.770 11.555 4.521 9.371 8.206 12.269 5.161 10.603 4.096 8.880 4.980 4.777 11.265 4.824 4.792 0.753 6.598 10.195 4.894 9.300 6.523 4.801 10.066 9.816 10.192 
3.966 2.303 6.831 2.588 8.186 1.988 8.137 5.681 7.559 8.573 5.535 5.720 8.057 8.612 10.462 7.143 7.742 7.930 4.987 5.590 8.222 1.395 3.916 1.178 6.523 3.353 4.078 5.160 8.220 7.804 7.982 6.228 3.267 10.146 5.776 9.987 1.838 9.389 4.703 3.062 7.829 4.382 1.812 5.492 4.457 3.266 2.563 6.330 6.760 1.393 3.427 7.225 4.904 7.121 8.050 2.297 5.101 7.250 8.114 7.763 9.785 9.088 4.184 4.894 4.144 9.745 9.574 5.845 5.586 7.157 8.029 5.062 9.096 7.647 9.750 7.497 7.458 6.020 6.733 7.345 7.603 7.194 6.548 7.531 6.483 4.127 5.301 6.602 6.428 5.835 5.294 6.716 5.442 7.019 5.601 4.042 2.487 8.000 10.877 6.489 
13.532 10.067 4.970 11.865 5.047 10.104 4.277 14.071 2.509 13.976 4.394 11.424 11.367 4.569 2.433 16.728 9.999 10.739 5.232 14.675 3.674 8.223 13.477 9.315 3.285 6.245 10.957 4.440 13.102 9.473 7.671 7.415 8.574 0.682 14.161 1.057 7.941 10.164 12.905 6.610 11.939 5.897 11.295 9.872 12.862 7.028 12.026 10.141 4.614 10.885 9.681 14.059 12.064 16.261 17.588 11.880 12.009 16.651 3.274 17.253 1.216 11.361 9.395 6.873 10.133 12.025 1.677 13.786 10.027 15.810 6.521 7.153 0.608 13.399 12.399 12.703 16.428 6.286 13.917 12.114 17.159 5.886 15.477 3.752 12.042 9.454 7.242 16.154 6.264 6.802 4.306 10.262 15.036 5.699 13.255 10.215 9.636 12.800 12.151 14.075 
2.865 2.776 10.963 1.936 12.342 2.804 10.134 7.459 11.221 11.705 9.358 9.269 6.372 10.444 14.162 5.092 6.863 11.913 7.636 1.995 10.449 5.146 3.946 5.371 9.551 6.905 7.577 8.669 5.456 7.246 8.425 10.502 4.364 13.266 7.530 12.957 5.150 8.644 0.633 6.405 5.721 6.956 4.050 4.641 0.275 5.804 2.339 5.257 8.903 4.070 7.396 9.872 7.967 3.511 5.464 3.500 8.251 4.206 10.516 4.978 12.698 7.623 8.242 6.416 3.305 8.059 12.355 8.025 9.549 3.024 12.288 9.336 12.261 10.780 7.856 10.884 3.602 10.267 2.858 4.995 5.185 11.422 2.654 11.499 9.923 3.939 9.577 4.325 10.677 10.104 8.672 5.575 4.149 11.232 8.098 7.854 3.197 11.453 9.413 8.786 
3.616 6.871 14.213 4.980 15.530 6.772 14.431 7.275 14.972 12.095 12.976 10.517 10.200 14.760 17.896 1.858 10.958 13.539 11.759 2.344 14.716 8.708 4.347 8.190 13.600 10.659 9.086 12.488 8.721 11.408 12.727 13.142 8.620 17.323 7.297 17.068 8.910 12.684 4.601 10.239 9.405 11.076 6.180 8.894 4.441 9.877 4.892 9.414 13.164 6.480 9.512 9.969 8.918 1.172 1.357 5.446 9.227 0.219 14.753 0.804 16.826 11.442 10.370 10.710 7.636 11.731 16.520 8.060 11.354 2.654 15.142 12.141 16.291 11.291 11.426 11.697 1.707 13.237 5.578 8.645 1.383 14.433 2.083 14.977 10.934 8.276 12.329 1.469 13.625 12.943 12.558 9.687 2.863 14.295 8.433 9.677 7.361 12.287 13.107 8.739 
8.938 7.669 2.660 8.122 3.467 7.436 8.880 7.341 5.035 6.448 3.674 4.010 12.516 9.445 7.005 11.697 11.699 3.539 6.289 11.042 8.572 5.121 8.297 4.559 6.138 4.552 4.109 4.570 13.274 11.497 10.715 0.601 7.574 8.213 7.414 8.418 5.461 12.921 10.336 5.017 12.577 6.261 6.388 10.006 10.094 6.178 7.945 10.747 7.832 6.141 3.147 6.670 5.038 12.469 12.787 7.127 4.886 12.329 8.209 12.649 8.385 13.241 2.419 7.755 9.115 13.972 8.500 6.835 2.537 12.717 2.633 0.732 7.344 5.878 14.124 5.173 12.894 1.264 12.297 12.286 12.301 2.191 12.036 3.907 4.549 8.773 0.466 11.383 1.433 0.740 4.925 11.082 9.963 2.193 6.239 3.309 7.606 5.289 14.797 6.926 
7.100 4.853 12.585 5.794 13.935 5.162 9.071 11.583 11.952 15.504 10.558 12.803 2.680 9.159 14.702 8.940 3.807 15.057 7.831 5.601 9.571 7.258 8.156 8.317 9.705 8.238 11.112 9.555 1.221 4.385 6.206 12.905 4.925 13.052 11.660 12.587 6.917 5.294 3.628 7.680 1.814 7.300 7.768 2.942 3.971 6.603 6.297 2.775 8.246 7.626 10.577 13.837 11.731 6.497 8.968 7.415 11.984 7.596 9.812 8.419 12.286 3.864 11.316 5.982 3.266 4.097 11.823 12.080 12.730 5.151 14.314 11.681 12.203 14.567 3.795 14.537 6.165 12.325 2.099 1.089 8.834 13.323 5.553 12.716 13.534 3.729 11.951 8.174 12.722 12.331 9.400 2.807 8.315 13.084 12.070 11.179 4.795 15.071 5.472 12.831 
8.836 5.314 11.242 7.107 12.494 5.661 6.398 12.729 10.066 15.966 9.084 13.053 0.937 6.384 12.571 11.277 0.755 14.801 6.026 8.000 6.953 6.929 9.697 8.426 7.642 7.151 11.467 7.975 2.796 1.333 3.234 12.121 4.275 10.589 12.818 10.067 6.418 2.448 5.745 6.654 1.549 5.694 8.630 1.927 6.003 5.489 7.611 1.091 5.850 8.355 10.628 14.604 12.308 9.177 11.512 8.528 12.510 10.166 7.265 10.985 9.758 1.680 11.211 4.141 3.422 2.361 9.257 13.068 12.627 7.973 13.161 10.936 9.854 15.046 2.460 14.847 8.949 11.314 5.016 2.012 11.299 12.133 8.206 11.092 13.836 3.283 11.210 10.504 11.674 11.448 7.731 0.705 10.303 11.873 12.917 11.317 4.966 15.317 3.484 13.770 
11.696 9.017 1.536 10.333 1.665 8.931 6.285 11.254 1.388 10.568 2.385 8.194 12.119 6.783 2.897 14.780 10.945 7.234 5.166 13.321 5.783 6.616 11.373 7.137 3.739 4.856 8.022 3.313 13.465 10.549 9.144 3.980 8.035 4.187 11.337 4.519 6.579 11.648 11.967 5.394 12.472 5.596 9.213 10.028 11.830 6.314 10.351 10.551 5.791 8.848 6.825 10.855 9.066 14.881 15.766 9.898 8.960 15.034 5.339 15.517 4.568 12.470 6.350 7.075 9.746 13.196 4.835 10.851 6.731 14.742 3.049 3.978 3.502 10.055 13.479 9.320 15.173 2.931 13.468 12.431 15.301 2.370 14.238 0.298 8.742 9.170 3.995 14.316 2.823 3.455 3.490 10.787 13.029 2.194 10.279 7.231 8.717 9.370 13.666 11.031 
9.541 6.984 1.478 8.196 2.821 6.869 6.031 9.330 2.331 9.313 0.808 6.637 10.691 6.590 4.954 12.632 9.657 6.433 3.868 11.191 5.681 4.506 9.233 4.989 3.257 2.900 6.163 1.905 11.824 9.347 8.250 3.036 6.201 5.483 9.417 5.604 4.528 10.629 9.919 3.460 10.930 4.087 7.064 8.396 9.762 4.516 8.202 9.014 5.110 6.696 4.903 9.255 7.259 12.745 13.612 7.745 7.198 12.881 5.301 13.362 5.537 11.213 4.581 5.650 7.904 11.950 5.607 9.001 5.294 12.648 3.407 2.409 4.534 8.670 12.176 8.020 13.050 1.890 11.531 10.795 13.149 2.379 12.119 1.892 7.288 7.387 2.554 12.162 2.115 2.298 2.232 9.294 10.882 2.112 8.457 5.408 6.727 8.188 12.597 9.267 
4.747 1.728 9.851 3.028 11.230 2.032 7.931 8.766 9.641 12.435 7.978 9.688 4.467 8.203 12.535 7.382 4.682 11.935 5.738 4.313 8.291 4.234 5.605 5.188 7.694 5.531 8.005 7.110 4.225 5.002 6.094 9.906 2.405 11.338 8.851 10.975 3.981 6.475 2.106 4.977 4.020 5.090 4.767 2.356 2.217 4.085 3.539 3.060 6.770 4.574 7.447 10.854 8.675 5.760 7.796 4.535 8.916 6.533 8.403 7.310 10.700 5.664 8.191 4.259 0.982 6.208 10.316 9.182 9.602 4.962 11.445 8.685 10.374 11.500 6.102 11.436 5.742 9.423 3.112 3.426 7.509 10.489 4.836 10.166 10.428 1.655 8.950 6.624 9.829 9.376 7.036 3.417 6.253 10.265 9.108 8.051 1.753 11.962 7.496 9.914 
11.435 9.506 1.362 10.384 0.835 9.341 8.377 10.080 3.616 8.627 3.533 6.604 13.503 8.903 4.606 14.322 12.461 5.105 6.646 13.374 7.921 6.926 10.897 6.882 5.666 5.622 6.853 4.663 14.606 12.136 10.946 2.277 8.933 6.438 10.152 6.803 7.081 13.378 12.370 6.179 13.733 6.897 8.872 11.189 12.173 7.286 10.288 11.821 7.681 8.573 5.852 9.222 7.762 14.867 15.386 9.604 7.594 14.836 7.491 15.213 6.862 14.014 5.161 8.459 10.614 14.751 7.130 9.555 5.101 14.958 0.756 2.941 5.797 8.229 14.984 7.443 15.243 1.813 14.134 13.580 14.904 0.616 14.345 2.126 7.021 10.135 2.800 13.960 1.431 2.156 4.957 12.105 12.573 0.794 8.954 6.053 9.318 7.404 15.364 9.600 
11.267 7.299 10.724 9.394 11.776 7.608 4.320 14.561 8.934 17.092 8.595 14.100 3.689 4.070 10.943 14.002 2.376 15.278 5.577 10.840 4.923 7.993 11.956 9.683 6.505 7.397 12.695 7.483 5.780 1.808 1.139 12.185 5.684 8.557 14.656 7.967 7.413 1.592 8.559 7.059 4.548 5.607 10.476 4.281 8.763 6.060 9.856 3.748 4.452 10.125 11.637 16.048 13.684 12.134 14.361 10.565 13.830 13.050 5.338 13.854 7.661 3.075 12.030 4.260 5.716 3.603 7.126 14.758 13.361 11.012 12.749 11.127 8.047 16.218 4.046 15.871 11.960 11.181 8.118 5.125 14.104 11.738 11.165 10.232 14.893 5.245 11.382 13.241 11.474 11.448 7.157 3.521 12.833 11.469 14.496 12.358 6.825 16.264 3.555 15.393 
4.634 6.215 7.945 5.038 8.984 5.866 11.795 1.915 9.736 4.794 7.762 2.666 12.085 12.321 12.260 6.584 11.883 5.701 8.588 7.100 11.751 5.154 3.582 3.452 9.629 6.554 1.455 7.964 11.932 11.966 12.103 6.063 7.435 12.800 2.005 12.812 5.731 13.552 7.523 6.555 11.750 8.113 2.995 9.578 7.178 7.190 4.581 10.416 10.446 3.183 2.538 3.111 1.102 8.150 7.733 3.417 1.409 7.635 11.543 7.730 12.680 13.177 3.131 8.946 8.132 13.806 12.607 1.756 3.657 8.906 8.129 5.464 11.787 3.868 13.769 4.028 8.714 6.628 9.763 11.176 7.249 7.723 8.063 9.065 3.144 8.231 5.535 6.474 6.922 6.174 8.231 10.804 5.008 7.685 1.433 2.241 6.539 4.615 14.988 2.330 
8.468 9.573 7.688 8.774 8.201 9.237 13.488 4.409 10.088 1.451 8.535 1.602 15.342 14.050 11.934 10.068 14.911 2.777 10.493 10.937 13.279 7.784 7.385 6.227 10.891 8.425 3.233 9.198 15.463 14.883 14.620 5.248 10.395 13.271 4.421 13.461 8.342 16.441 11.283 8.666 15.128 10.218 6.662 12.759 10.947 9.627 8.350 13.592 12.271 6.735 4.065 2.181 2.744 11.931 11.218 7.194 2.447 11.320 12.967 11.304 13.413 16.329 3.698 11.427 11.444 17.007 13.496 3.610 2.600 12.741 6.884 5.480 12.386 0.858 17.034 0.199 12.513 6.315 13.515 14.627 10.752 6.987 11.892 8.942 0.817 11.393 5.359 10.096 6.399 5.794 9.537 13.973 8.667 7.087 3.129 3.352 9.786 0.775 18.079 3.146 
12.190 9.417 2.077 10.794 1.956 9.345 6.198 11.808 1.333 11.088 2.789 8.742 12.295 6.671 2.344 15.289 11.085 7.712 5.374 13.772 5.668 7.063 11.889 7.646 3.795 5.250 8.577 3.614 13.704 10.666 9.186 4.504 8.362 3.751 11.891 4.128 6.996 11.708 12.368 5.775 12.682 5.851 9.722 10.277 12.242 6.642 10.827 10.767 5.825 9.352 7.378 11.403 9.622 15.339 16.266 10.401 9.515 15.515 5.218 16.010 4.206 12.594 6.905 7.285 10.067 13.314 4.517 11.406 7.274 15.167 3.422 4.532 3.156 10.587 13.612 9.847 15.619 3.477 13.815 12.672 15.804 2.843 14.679 0.854 9.282 9.473 4.547 14.815 3.351 3.999 3.748 10.988 13.540 2.690 10.834 7.786 9.098 9.884 13.730 11.586 
7.959 5.362 12.683 6.548 14.007 5.692 8.630 12.351 11.856 16.132 10.598 13.367 1.794 8.664 14.523 9.892 3.064 15.497 7.727 6.551 9.159 7.608 8.985 8.806 9.528 8.377 11.693 9.550 0.619 3.667 5.576 13.182 5.109 12.726 12.431 12.233 7.210 4.414 4.517 7.829 0.904 7.255 8.443 2.825 4.850 6.702 7.060 2.391 7.924 8.267 11.074 14.532 12.371 7.462 9.932 8.146 12.613 8.560 9.435 9.384 11.927 2.924 11.777 5.828 3.587 3.133 11.445 12.817 13.201 6.109 14.483 11.961 11.925 15.196 2.834 15.125 7.125 12.528 3.056 0.422 9.795 13.475 6.518 12.719 14.115 3.900 12.234 9.124 12.916 12.574 9.362 2.294 9.224 13.228 12.775 11.704 5.219 15.644 4.507 13.560 
1.446 5.482 11.261 3.315 12.505 5.226 12.898 3.872 12.415 8.648 10.359 6.999 10.553 13.324 15.250 2.382 10.873 10.033 9.863 3.344 13.056 6.356 1.079 5.328 11.482 8.313 5.620 10.103 9.683 11.171 12.005 9.896 7.286 15.104 3.911 14.951 6.736 12.666 4.838 8.018 9.945 9.216 3.267 8.521 4.498 8.024 2.893 9.253 11.538 3.665 6.193 6.559 5.394 3.968 3.482 2.667 5.703 3.311 12.992 3.413 14.747 11.791 7.020 9.335 7.007 12.266 14.527 4.623 7.897 5.017 11.945 9.000 14.054 7.813 12.082 8.186 4.583 10.146 6.835 9.229 2.994 11.332 4.134 12.170 7.410 7.456 9.157 2.145 10.511 9.793 10.252 9.608 0.675 11.226 4.944 6.263 5.995 8.777 13.604 5.341 
4.805 4.700 13.060 4.284 14.444 4.845 11.204 9.545 13.045 13.967 11.307 11.603 5.816 11.416 15.955 5.929 6.753 14.264 9.174 2.694 11.612 7.259 5.963 7.682 11.130 8.837 9.917 10.499 4.235 7.271 8.861 12.773 5.840 14.763 9.607 14.385 7.156 8.386 1.851 8.300 4.980 8.526 6.390 5.062 2.123 7.496 4.660 5.356 10.125 6.421 9.744 12.067 10.263 3.332 5.833 5.805 10.553 4.464 11.759 5.281 14.105 7.031 10.586 7.629 4.292 7.271 13.706 10.174 11.899 1.982 14.495 11.586 13.807 13.051 6.951 13.191 2.989 12.465 1.093 4.228 5.741 13.594 2.412 13.485 12.243 4.988 11.835 5.189 12.876 12.338 10.445 5.552 5.633 13.391 10.305 10.205 4.976 13.766 8.644 10.935 
10.558 6.899 4.660 8.801 5.558 6.964 2.463 11.775 2.673 12.656 2.793 9.802 8.446 3.016 5.079 13.759 7.165 9.992 2.011 11.523 2.111 5.330 10.640 6.695 0.323 3.444 8.929 2.020 10.037 6.710 5.180 6.611 5.349 3.624 11.870 3.336 4.949 7.702 9.691 3.663 8.927 2.687 8.509 6.715 9.661 3.860 9.014 7.062 1.818 8.089 7.644 12.279 10.056 13.104 14.556 9.017 10.073 13.555 1.762 14.192 3.100 8.640 7.621 3.679 6.902 9.350 2.850 11.632 8.622 12.600 6.676 5.847 2.639 11.929 9.668 11.358 13.245 5.466 10.692 9.026 14.146 5.720 12.295 3.991 10.527 6.226 6.042 13.144 5.658 5.868 1.702 7.228 12.117 5.457 11.169 8.295 6.447 11.594 9.725 12.051 
3.183 5.132 8.520 3.684 9.684 4.787 11.443 2.313 10.006 6.212 7.963 4.071 10.959 11.939 12.702 5.382 10.880 7.049 8.241 5.646 11.472 4.637 2.169 3.086 9.534 6.341 2.589 7.958 10.657 11.020 11.357 6.937 6.568 12.933 2.407 12.875 5.173 12.600 6.127 6.218 10.560 7.688 1.815 8.525 5.776 6.636 3.201 9.353 10.069 2.129 3.225 4.383 2.557 6.729 6.509 2.054 2.862 6.281 11.316 6.447 12.712 12.096 4.016 8.294 7.028 12.695 12.578 2.642 4.864 7.452 9.004 6.136 11.895 5.296 12.624 5.485 7.281 7.304 8.365 9.950 6.020 8.465 6.612 9.538 4.594 7.216 6.262 5.176 7.645 6.908 8.179 9.739 3.710 8.386 2.609 3.231 5.522 6.072 13.923 3.376 
10.739 7.873 1.777 9.289 2.627 7.805 5.364 10.701 0.968 10.544 1.261 7.951 10.913 5.894 3.680 13.870 9.757 7.462 3.955 12.255 4.918 5.549 10.498 6.250 2.671 3.707 7.532 2.094 12.244 9.375 8.035 4.060 6.830 4.150 10.788 4.321 5.460 10.517 10.824 4.230 11.255 4.375 8.314 8.806 10.700 5.109 9.342 9.333 4.713 7.931 6.274 10.587 8.625 13.827 14.822 8.973 8.557 14.034 4.494 14.550 4.287 11.290 5.935 5.861 8.538 12.019 4.424 10.371 6.564 13.630 3.746 3.682 3.247 9.941 12.292 9.261 14.095 2.893 12.276 11.210 14.367 2.836 13.153 1.114 8.576 7.956 3.782 13.372 2.958 3.389 2.269 9.572 12.130 2.587 9.825 6.772 7.552 9.387 12.526 10.629 
2.730 6.764 13.056 4.600 14.305 6.562 14.342 5.165 14.150 9.979 12.100 8.634 11.202 14.737 17.007 0.588 11.725 11.691 11.406 3.266 14.544 8.003 2.862 7.093 13.104 9.978 7.350 11.789 10.027 12.092 13.138 11.692 8.594 16.767 5.177 16.586 8.333 13.508 5.352 9.645 10.497 10.742 5.018 9.459 5.071 9.534 4.294 10.113 13.005 5.399 7.984 7.837 7.011 3.090 1.732 4.364 7.314 2.045 14.512 1.803 16.371 12.458 8.802 10.692 8.019 12.851 16.126 5.964 9.623 4.472 13.744 10.803 15.719 9.208 12.608 9.670 3.727 11.948 6.959 9.747 1.250 13.135 3.660 13.949 8.973 8.561 10.959 0.809 12.314 11.596 11.918 10.438 1.200 13.028 6.387 8.024 7.284 10.254 14.220 6.609 
3.573 1.067 9.399 1.766 10.784 1.180 8.480 7.489 9.522 11.240 7.700 8.557 5.743 8.817 12.458 6.419 5.889 10.941 5.906 3.652 8.769 3.595 4.360 4.202 7.819 5.232 6.859 6.967 5.419 6.162 7.059 9.165 2.670 11.535 7.573 11.230 3.510 7.676 1.887 4.716 5.291 5.225 3.522 3.517 1.776 4.073 2.272 4.279 7.218 3.362 6.411 9.610 7.469 5.213 6.967 3.259 7.721 5.798 8.818 6.523 10.973 6.932 7.199 4.760 1.995 7.485 10.635 7.914 8.584 4.731 10.841 7.963 10.529 10.304 7.380 10.278 5.333 8.810 3.716 4.676 6.631 9.932 4.383 9.863 9.278 2.480 8.218 5.689 9.220 8.699 6.957 4.649 5.139 9.727 7.855 6.972 1.465 10.817 8.765 8.650 
8.136 4.043 8.208 6.219 9.450 4.314 4.117 11.125 7.063 13.687 6.045 10.703 3.975 4.331 9.677 11.093 2.918 12.100 2.983 8.192 4.551 4.551 8.694 6.229 4.687 4.258 9.256 4.931 5.438 2.690 2.542 9.224 2.286 7.949 11.220 7.493 3.975 4.175 6.008 3.821 4.353 2.667 7.069 2.182 6.110 2.711 6.636 2.464 3.149 6.704 8.236 12.593 10.231 9.662 11.620 7.221 10.383 10.400 4.747 11.157 7.196 4.474 8.688 1.103 2.922 5.212 6.746 11.303 10.060 8.814 10.149 8.077 7.103 12.800 5.424 12.487 9.635 8.351 6.409 4.427 11.299 9.120 8.737 8.049 11.497 2.259 8.346 10.364 8.697 8.524 4.686 2.654 9.746 8.857 11.036 8.954 3.534 12.904 5.989 11.934 
3.874 3.111 11.465 2.877 12.850 3.247 9.968 8.485 11.509 12.695 9.736 10.204 5.531 10.230 14.432 5.833 6.165 12.776 7.723 2.532 10.333 5.662 4.970 6.128 9.672 7.265 8.505 8.956 4.466 6.600 7.952 11.189 4.382 13.346 8.557 12.997 5.567 7.916 0.394 6.734 4.824 7.059 4.991 4.101 0.752 5.981 3.320 4.604 8.812 4.969 8.241 10.884 8.944 3.814 6.049 4.484 9.222 4.716 10.443 5.528 12.725 6.787 9.069 6.300 2.997 7.177 12.348 9.047 10.409 2.920 12.899 9.998 12.368 11.767 6.945 11.847 3.730 10.868 1.865 4.079 5.832 11.996 2.858 11.908 10.876 3.688 10.248 5.059 11.279 10.745 8.919 4.886 5.071 11.793 9.110 8.736 3.415 12.411 8.544 9.807 
6.011 2.562 5.922 4.259 7.300 2.528 5.803 7.922 5.898 10.194 4.087 7.211 6.852 6.276 8.838 9.209 6.184 8.759 2.688 7.081 5.905 1.101 6.169 2.810 4.395 1.617 5.781 3.346 7.586 6.099 5.894 6.211 1.869 8.107 8.019 7.878 0.526 7.641 5.511 1.087 6.872 2.056 4.142 4.306 5.399 0.945 4.462 5.070 4.427 3.726 4.744 9.155 6.789 8.669 10.008 4.549 6.923 9.037 5.820 9.653 7.651 7.677 5.223 2.702 3.482 8.391 7.390 7.995 6.620 8.346 7.574 4.993 7.072 9.310 8.498 8.996 8.875 5.580 7.037 6.587 9.594 6.594 7.925 6.266 8.004 3.074 5.267 8.592 5.977 5.602 3.364 5.421 7.585 6.362 7.670 5.461 2.245 9.420 9.351 8.577 
2.706 1.652 8.435 0.997 9.797 1.333 8.937 5.810 9.010 9.456 7.031 6.801 7.417 9.355 11.940 5.893 7.389 9.292 5.972 3.991 9.117 2.748 3.073 2.681 7.712 4.696 5.099 6.526 7.203 7.576 8.152 7.823 3.353 11.414 5.899 11.197 2.961 9.141 3.170 4.292 7.030 5.306 1.751 5.015 2.893 4.098 1.144 5.832 7.586 1.578 4.755 7.837 5.684 5.545 6.692 1.633 5.937 5.771 9.077 6.351 10.971 8.562 5.582 5.367 3.498 9.155 10.707 6.182 6.925 5.535 9.648 6.672 10.373 8.519 9.083 8.505 5.855 7.641 5.311 6.442 6.274 8.815 4.937 9.088 7.510 3.754 6.906 5.271 8.049 7.450 6.607 6.216 4.309 8.639 6.092 5.266 2.117 9.050 10.392 6.906 
3.662 4.796 7.641 3.710 8.818 4.447 10.689 2.918 9.123 6.142 7.083 3.670 10.666 11.197 11.814 6.158 10.479 6.512 7.478 6.056 10.694 3.921 2.809 2.287 8.703 5.529 2.026 7.105 10.532 10.575 10.783 6.120 6.060 12.066 3.015 12.018 4.480 12.161 6.218 5.443 10.332 6.952 1.611 8.164 5.882 5.950 3.287 9.001 9.321 1.765 2.411 4.530 2.370 7.268 7.264 2.141 2.639 6.929 10.522 7.163 11.859 11.762 3.242 7.662 6.713 12.388 11.737 3.040 4.233 7.853 8.178 5.277 11.030 5.207 12.349 5.261 7.785 6.441 8.452 9.764 6.776 7.610 7.048 8.652 4.300 6.821 5.413 5.890 6.789 6.056 7.336 9.389 4.442 7.524 2.828 2.532 5.127 5.829 13.575 3.698 
6.533 3.014 5.634 4.776 6.999 3.009 5.316 8.348 5.448 10.434 3.707 7.442 6.870 5.800 8.382 9.731 6.103 8.822 2.173 7.575 5.400 1.511 6.683 3.188 3.877 1.280 6.079 2.893 7.741 5.967 5.605 6.119 2.037 7.594 8.445 7.359 0.987 7.478 5.947 0.720 6.957 1.557 4.636 4.382 5.852 0.599 4.984 5.103 3.939 4.218 4.981 9.481 7.117 9.163 10.527 5.061 7.235 9.549 5.306 10.170 7.130 7.625 5.389 2.402 3.727 8.349 6.867 8.389 6.756 8.805 7.364 4.920 6.561 9.566 8.485 9.214 9.356 5.405 7.383 6.726 10.115 6.365 8.405 5.895 8.235 3.243 5.194 9.113 5.791 5.474 2.885 5.436 8.107 6.123 8.041 5.703 2.652 9.615 9.250 8.950 
4.316 2.971 11.322 3.131 12.706 3.160 9.527 8.849 11.250 12.954 9.529 10.394 4.991 9.772 14.159 6.378 5.616 12.887 7.387 3.081 9.908 5.561 5.380 6.179 9.342 7.062 8.691 8.706 4.005 6.055 7.431 11.163 4.048 12.990 8.924 12.624 5.412 7.367 0.867 6.520 4.299 6.735 5.212 3.577 1.194 5.699 3.608 4.060 8.400 5.147 8.348 11.191 9.188 4.342 6.598 4.761 9.460 5.262 10.034 6.076 12.348 6.247 9.157 5.891 2.559 6.648 11.959 9.383 10.523 3.371 12.818 9.959 12.026 12.022 6.427 12.068 4.227 10.787 1.722 3.560 6.381 11.895 3.379 11.712 11.085 3.257 10.214 5.604 11.197 10.689 8.650 4.338 5.575 11.683 9.416 8.875 3.202 12.624 8.012 10.140 
