20 40 100
117.523 376.047 453.750 562.094 569.550 333.195 457.573 165.421 224.614 277.734 510.055 151.619 237.243 171.064 301.386 379.508 161.124 249.215 246.296 419.054 
55.458 137.232 189.846 139.949 186.962 287.518 19.655 120.647 189.312 217.127 150.854 119.785 281.174 175.039 96.921 247.745 71.057 162.323 255.870 71.798 277.608 105.991 168.851 55.880 197.540 164.930 102.691 252.680 78.187 208.462 194.930 30.921 302.775 22.518 160.932 195.266 75.136 141.573 211.830 239.095 
14.081 7.672 12.690 25.350 33.916 28.440 29.132 21.553 5.119 33.301 20.561 21.656 32.897 7.690 33.879 26.810 31.411 12.204 20.010 33.104 25.902 28.664 27.710 7.112 27.472 34.663 27.158 34.813 6.960 32.971 30.502 15.595 9.199 8.582 12.072 20.172 26.285 21.712 34.438 34.814 29.136 30.512 11.375 23.003 25.191 5.140 5.416 19.535 16.131 14.522 25.276 31.921 21.932 18.055 11.864 27.908 18.730 26.131 27.292 6.952 26.271 7.795 29.945 8.594 5.567 18.519 29.373 23.062 8.224 21.516 22.058 31.406 17.607 27.277 15.033 15.692 18.641 27.151 8.542 24.970 30.739 26.148 8.892 28.785 14.944 13.382 23.642 31.342 17.160 16.481 21.187 10.762 32.701 30.912 20.984 11.616 15.860 15.025 25.099 24.158 
566.679 955.435 1068.170 961.266 1037.322 1306.559 404.901 933.870 1169.456 1205.164 986.628 878.279 1391.098 1034.510 790.696 1267.765 708.545 1072.446 1209.928 754.757 1325.853 797.786 1032.609 614.336 1096.961 1049.856 838.450 1326.616 706.487 1104.245 1113.037 458.412 1411.241 416.136 1049.120 1141.121 734.075 891.417 1087.267 1167.112 
9.320 4.965 9.623 8.187 10.032 8.304 2.148 11.266 8.833 12.006 3.664 13.420 11.425 11.370 10.027 4.634 8.576 6.791 9.705 7.819 4.921 12.697 5.729 0.251 9.364 12.249 3.047 7.445 6.184 0.833 3.260 8.618 10.014 6.110 2.547 9.530 8.667 8.154 3.584 10.859 
15.109 6.725 13.063 11.098 5.771 13.341 4.940 13.944 14.471 14.009 9.019 15.417 13.668 12.203 13.374 6.908 3.901 8.811 10.025 8.747 9.218 15.235 2.568 5.829 9.949 14.237 5.208 11.841 7.401 5.680 4.569 10.742 12.635 11.873 8.273 15.327 9.643 13.419 6.312 11.803 
11.942 8.670 13.760 12.292 11.351 12.096 5.613 15.377 11.955 16.040 4.770 17.469 15.488 15.136 14.164 1.184 9.542 10.704 13.265 11.484 9.046 16.805 7.264 3.906 12.995 16.284 1.128 11.506 2.174 4.834 1.361 12.615 14.110 7.993 6.123 12.093 12.387 11.789 1.016 14.643 
4.550 9.189 10.437 10.088 15.655 6.723 7.507 12.618 5.092 13.931 2.764 15.122 13.214 14.442 10.856 6.983 14.298 10.053 13.447 11.577 6.644 13.939 11.431 5.699 12.993 14.146 7.071 7.562 8.412 6.197 7.686 11.189 11.711 0.469 3.893 4.659 12.174 6.008 6.515 13.932 
2.679 10.631 7.490 8.546 18.173 3.264 10.878 9.562 1.554 11.209 8.968 11.915 10.501 12.968 7.762 13.222 17.380 10.065 13.024 11.649 7.155 10.447 14.685 10.335 12.530 11.346 12.710 5.493 14.782 10.144 13.186 9.982 9.316 6.208 7.697 2.809 11.770 2.654 12.517 12.566 
4.740 6.887 4.793 5.182 14.436 1.050 7.447 7.030 3.110 8.529 7.243 9.547 7.793 9.757 5.180 11.079 13.703 6.376 9.494 7.989 3.429 8.236 11.076 7.422 8.997 8.715 10.106 2.075 12.717 6.969 10.462 6.573 6.385 5.685 4.926 5.003 8.204 1.110 10.198 9.303 
2.026 10.538 7.809 8.726 18.055 3.428 10.602 9.931 1.026 11.563 8.411 12.327 10.846 13.211 8.104 12.684 17.201 10.109 13.160 11.714 7.055 10.875 14.468 9.934 12.664 11.710 12.238 5.622 14.229 9.802 12.732 10.155 9.608 5.583 7.301 2.172 11.887 2.693 12.005 12.793 
11.895 2.759 4.814 2.789 8.250 7.671 5.812 4.996 10.379 4.957 10.488 6.381 4.615 3.748 4.965 12.164 8.264 1.019 2.382 0.743 4.516 6.205 6.673 7.871 1.924 5.190 10.305 5.446 13.591 6.797 10.193 1.792 3.751 11.138 7.493 12.164 1.113 8.310 11.112 3.239 
13.294 6.954 4.035 3.735 11.484 8.477 9.943 2.209 11.555 0.885 13.897 2.158 1.184 2.003 3.783 16.168 11.965 4.828 3.778 4.525 7.334 2.532 10.809 11.793 3.590 1.050 14.395 6.566 17.664 10.753 14.343 2.926 2.250 13.762 10.815 13.548 3.656 9.331 15.114 1.974 
12.864 7.369 3.535 3.702 12.289 8.025 10.284 1.457 11.106 0.262 13.924 1.658 0.481 2.889 3.220 16.403 12.704 5.204 4.597 5.142 7.336 1.662 11.422 12.017 4.366 0.490 14.685 6.251 17.931 11.000 14.671 3.225 1.958 13.583 10.852 13.112 4.326 8.896 15.352 2.846 
17.556 7.197 13.170 11.092 1.696 14.761 7.167 13.382 16.576 12.953 12.445 14.221 12.822 10.549 13.374 10.972 0.291 8.685 8.381 7.864 10.544 14.445 3.162 8.966 8.512 13.147 9.148 12.839 11.534 8.399 8.557 10.239 12.189 14.910 10.907 17.801 8.557 15.073 10.279 10.284 
12.131 1.679 6.070 3.992 7.068 8.296 4.652 6.467 10.746 6.436 9.797 7.851 6.106 4.940 6.276 11.036 6.895 1.607 3.079 1.274 4.553 7.695 5.184 6.873 2.774 6.666 9.118 6.142 12.397 5.798 8.947 3.244 5.198 10.861 6.954 12.398 2.198 8.824 9.996 4.466 
13.665 7.098 4.415 4.052 11.368 8.851 10.112 2.570 11.928 1.113 14.172 2.187 1.539 1.743 4.164 16.372 11.906 5.002 3.669 4.576 7.625 2.770 10.838 12.005 3.529 1.216 14.579 6.925 17.854 10.957 14.511 3.154 2.621 14.090 11.090 13.919 3.681 9.703 15.317 1.801 
9.135 2.514 4.083 2.394 9.942 5.242 4.595 5.480 7.692 6.245 8.059 7.641 5.638 6.147 4.438 10.426 9.451 1.818 5.192 3.449 1.704 6.907 7.141 6.043 4.717 6.487 8.780 3.163 11.981 5.064 8.839 2.990 4.216 8.369 4.981 9.403 3.890 5.748 9.380 5.630 
3.964 7.647 8.261 7.995 14.640 4.647 6.602 10.450 3.711 11.789 3.783 12.960 11.067 12.433 8.679 7.987 13.472 8.194 11.592 9.778 4.704 11.763 10.617 5.395 11.122 12.001 7.519 5.386 9.564 5.508 8.035 9.160 9.571 2.057 2.900 4.176 10.296 4.016 7.277 11.930 
10.197 1.334 5.038 3.088 8.689 6.480 3.961 6.079 8.826 6.547 8.301 7.983 6.033 5.878 5.344 10.158 8.216 1.251 4.519 2.626 2.619 7.463 5.989 5.801 4.089 6.791 8.378 4.416 11.646 4.745 8.346 3.111 4.764 9.049 5.311 10.464 3.298 6.953 9.103 5.359 
13.436 7.653 13.497 11.766 8.919 12.686 4.843 14.816 13.142 15.225 6.621 16.665 14.757 13.909 13.868 3.756 7.072 9.814 11.869 10.257 9.019 16.207 5.081 4.269 11.677 15.465 2.342 11.654 4.238 4.735 1.675 11.797 13.505 9.756 6.899 13.622 11.183 12.553 3.311 13.447 
9.768 4.213 2.185 0.229 10.948 5.185 6.727 3.305 8.118 4.185 9.995 5.534 3.529 4.752 2.449 12.585 10.787 2.316 4.598 3.502 3.408 4.734 8.810 8.208 4.108 4.420 10.955 2.992 14.149 7.238 11.012 1.552 2.059 9.834 6.922 10.032 3.389 5.932 11.542 4.284 
9.982 6.443 0.652 2.072 12.877 5.142 8.905 1.601 8.223 3.131 11.603 4.123 2.403 5.025 0.409 14.551 12.870 4.455 5.788 5.297 5.155 2.923 11.011 10.220 5.364 3.300 13.014 3.485 16.147 9.304 13.116 2.906 1.292 10.904 8.612 10.229 4.865 6.015 13.524 4.712 
9.609 6.749 0.458 2.414 13.327 4.773 9.100 1.919 7.843 3.532 11.537 4.411 2.820 5.537 0.117 14.608 13.278 4.828 6.301 5.755 5.195 3.105 11.355 10.310 5.873 3.683 13.120 3.283 16.216 9.426 13.248 3.380 1.812 10.697 8.589 9.853 5.356 5.654 13.591 5.231 
7.489 8.184 1.983 11.642 2.170 12.458 0.443 13.392 4.233 11.392 12.923 9.607 8.658 13.231 8.899 15.317 14.019 4.154 8.705 13.907 16.346 9.013 12.304 15.650 5.337 4.221 4.019 13.792 12.386 16.783 14.272 10.717 2.311 2.792 4.494 11.104 6.307 12.241 13.141 11.680 17.282 6.218 4.649 13.245 15.486 7.643 2.327 11.007 10.496 9.928 6.608 12.189 12.364 7.027 3.717 10.656 11.385 7.768 9.515 3.426 8.336 13.487 0.059 10.291 0.894 7.488 8.743 12.580 1.467 13.990 12.998 10.727 9.812 8.688 9.257 14.435 15.060 19.248 14.228 5.508 18.045 14.040 10.024 2.130 3.050 12.878 12.543 10.513 13.256 11.721 5.299 10.678 8.394 5.047 4.606 1.314 11.770 8.366 13.615 11.850 
4.258 4.948 9.057 9.801 9.487 3.564 11.054 2.433 6.757 3.716 4.335 3.608 4.967 5.004 4.643 7.086 7.257 8.153 4.347 8.744 5.380 4.410 8.540 6.003 8.338 6.807 9.155 6.299 5.858 6.527 4.540 2.900 9.168 8.829 6.615 9.897 4.669 7.003 10.221 3.698 6.347 7.660 6.390 5.780 4.823 6.070 8.714 10.185 9.070 5.640 4.498 3.235 6.947 4.019 7.891 1.980 0.541 4.701 6.597 8.527 3.651 6.054 11.015 1.492 10.089 4.847 4.944 3.518 9.508 7.794 2.538 10.409 4.486 6.362 2.215 3.476 4.791 8.517 6.609 5.495 7.222 5.207 7.396 10.619 9.379 3.766 8.095 7.586 5.793 6.734 5.792 5.765 9.774 8.476 6.384 10.381 4.361 3.360 4.237 4.878 
7.414 8.849 8.168 14.484 7.182 9.842 9.146 8.106 6.634 9.643 4.798 2.753 1.605 4.749 9.071 13.417 4.776 5.188 2.206 4.633 10.436 2.012 13.800 12.315 4.256 5.943 10.071 4.796 3.336 12.606 10.881 8.669 8.814 8.790 5.558 14.331 5.413 12.590 15.372 9.735 11.502 10.079 5.662 11.917 8.453 1.751 7.244 14.500 13.458 0.972 4.678 4.747 3.045 6.044 8.360 4.513 6.881 8.252 0.288 5.909 7.594 4.530 9.341 4.869 8.541 8.160 9.241 9.824 8.123 13.767 8.817 14.542 9.503 10.446 4.400 8.921 7.586 14.005 12.834 6.183 12.640 11.551 11.967 7.806 9.653 5.157 13.546 1.564 4.367 12.186 6.645 1.561 12.999 10.086 6.455 8.156 10.310 7.260 5.776 3.235 
6.248 7.587 8.426 13.159 7.903 7.913 9.825 6.028 6.475 7.842 3.145 0.868 1.332 3.336 7.674 11.458 4.365 6.013 1.245 5.088 8.404 0.914 12.276 10.266 5.485 5.982 9.815 3.918 2.629 10.528 8.849 6.893 8.922 8.787 5.621 13.084 4.722 10.942 13.902 7.900 9.472 9.335 5.606 10.062 6.547 2.635 7.651 13.294 12.210 1.268 4.020 2.801 3.174 5.026 8.151 2.458 4.874 7.049 2.276 6.656 6.224 3.606 9.945 2.890 9.061 7.018 7.889 7.879 8.559 11.989 6.772 13.396 7.961 9.210 2.669 6.848 5.769 11.956 10.941 5.661 10.592 9.579 10.630 8.754 9.592 3.329 11.955 3.217 3.359 10.577 6.131 1.524 12.109 9.602 6.201 8.903 8.512 5.868 4.025 1.934 
10.957 10.809 16.343 12.830 16.989 6.292 18.444 5.182 14.087 7.534 8.747 10.541 12.044 9.201 10.149 5.975 11.274 15.703 11.507 13.255 2.689 11.444 10.927 3.831 15.823 14.265 15.794 10.248 10.907 2.252 4.514 7.851 16.298 15.894 14.110 13.289 12.110 9.336 12.258 7.228 1.693 13.730 13.861 7.084 5.139 13.315 16.138 13.672 12.776 12.135 12.028 8.378 12.133 11.293 14.900 8.762 7.058 10.954 13.217 16.071 10.124 10.225 18.359 8.722 17.454 11.207 10.429 6.123 16.871 8.525 5.314 14.093 9.372 11.423 9.684 4.210 6.208 0.969 6.810 12.814 0.468 5.489 11.429 18.141 16.268 8.162 10.235 13.802 10.119 9.526 13.016 11.885 14.666 14.868 13.716 17.847 7.528 10.017 7.800 10.274 
5.863 7.200 3.863 12.390 2.696 10.208 4.660 9.974 3.162 9.482 8.424 5.186 3.978 8.634 7.736 13.636 9.208 0.718 4.179 9.077 12.820 4.434 12.294 13.269 1.123 2.317 6.251 9.053 7.617 14.054 11.782 8.566 4.622 4.730 2.051 12.053 3.602 11.566 13.612 9.698 13.847 7.085 2.351 11.728 11.467 2.831 2.862 12.115 11.238 5.126 3.310 7.867 7.529 4.631 4.639 6.629 8.119 6.580 4.675 1.420 6.503 8.756 4.851 6.483 4.067 6.359 7.755 10.271 3.690 13.119 10.041 12.018 8.503 8.488 5.476 10.987 10.859 16.114 12.745 3.615 14.801 11.980 10.095 3.454 5.603 8.504 12.265 5.711 8.542 11.070 3.882 5.873 10.035 6.619 3.223 3.681 10.054 6.319 9.233 7.177 
2.970 2.674 8.476 6.755 9.512 2.002 10.657 4.255 6.379 1.079 7.394 6.072 7.089 8.062 2.069 5.230 10.288 8.751 6.464 11.682 6.816 6.656 5.498 5.194 9.385 6.799 7.647 9.350 8.815 6.380 3.836 0.306 8.299 7.864 6.774 6.884 4.831 4.032 7.174 1.299 7.505 5.621 6.468 3.377 7.246 7.846 8.487 7.189 6.081 8.140 5.126 6.292 9.826 3.814 6.863 4.853 2.886 2.815 8.934 8.884 2.127 9.098 10.509 4.201 9.653 3.077 2.374 2.130 9.088 5.106 3.113 7.446 1.541 3.642 4.289 5.083 7.507 9.025 4.375 5.193 7.973 3.652 4.411 10.711 8.159 6.820 5.089 10.081 8.833 3.713 5.247 8.435 7.120 6.722 6.038 10.227 1.698 2.167 7.253 7.826 
9.244 10.625 10.404 16.225 9.368 10.840 11.326 8.472 8.833 10.874 4.248 3.956 3.507 3.889 10.745 14.311 2.915 7.375 3.939 2.397 10.299 3.625 15.363 12.902 6.332 8.165 12.269 3.338 2.140 12.920 11.565 9.942 11.049 11.018 7.780 16.131 7.449 14.017 16.988 10.911 11.335 12.138 7.870 13.045 8.000 3.987 9.475 16.329 15.256 2.046 6.712 4.720 1.131 7.944 10.561 5.296 7.730 10.064 2.021 8.102 9.285 3.170 11.537 5.856 10.755 10.010 10.952 10.786 10.349 15.015 9.478 16.411 11.048 12.245 5.755 9.093 6.993 13.883 13.885 8.290 12.538 12.426 13.696 9.917 11.877 4.827 15.038 1.234 3.132 13.660 8.760 1.565 15.006 12.232 8.634 10.327 11.541 8.932 5.228 2.735 
6.705 7.663 1.763 11.875 0.397 11.613 1.580 12.160 3.264 10.645 11.316 8.008 6.970 11.588 8.344 14.713 12.284 2.386 7.066 12.137 15.099 7.360 12.263 14.801 3.575 2.940 4.539 12.093 10.672 15.820 13.370 9.872 2.568 2.949 3.112 11.404 5.094 11.953 13.294 10.914 16.073 6.303 3.344 12.671 14.061 5.903 1.175 11.366 10.702 8.196 5.247 10.641 10.611 5.960 3.532 9.193 10.179 7.154 7.751 1.663 7.523 11.791 1.779 8.893 1.137 6.879 8.245 11.717 1.110 13.660 11.919 11.151 9.236 8.479 7.850 13.202 13.568 18.157 13.681 4.470 16.908 13.285 9.962 1.158 3.618 11.316 12.407 8.740 11.567 11.432 4.397 8.945 8.899 5.351 3.602 0.666 11.099 7.482 12.053 10.175 
10.190 11.495 11.904 16.997 10.964 11.060 12.927 8.297 10.201 11.278 3.749 4.765 4.771 3.188 11.522 14.381 1.389 8.970 5.062 1.179 9.687 4.718 15.977 12.760 7.974 9.587 13.616 2.168 1.723 12.574 11.527 10.404 12.511 12.446 9.206 16.962 8.630 14.528 17.636 11.271 10.673 13.281 9.263 13.322 7.241 5.496 11.006 17.188 16.092 3.306 7.906 4.562 0.800 8.983 11.919 5.654 7.953 10.978 3.609 9.691 10.107 2.140 13.124 6.304 12.320 10.960 11.758 10.981 11.892 15.361 9.483 17.309 11.707 13.113 6.470 8.748 6.182 13.205 14.086 9.532 11.897 12.515 14.480 11.553 13.291 4.417 15.592 2.879 2.245 14.215 10.005 2.599 16.066 13.491 9.971 11.934 11.931 9.747 4.593 2.695 
4.096 3.202 5.676 4.469 7.539 7.394 7.584 9.932 5.074 6.151 12.031 9.439 9.604 12.617 3.680 9.119 14.442 8.095 9.175 15.299 12.554 9.504 5.170 10.205 9.346 5.918 3.230 13.723 12.739 11.663 9.170 6.043 4.985 4.528 6.208 3.989 5.679 5.480 5.938 6.453 13.205 1.160 5.941 7.127 12.832 9.551 6.380 3.970 3.304 11.057 6.415 10.953 13.393 5.197 3.913 9.194 8.223 3.455 11.375 7.739 4.500 13.424 7.266 8.528 6.755 3.366 3.369 7.569 6.390 7.217 8.854 3.809 4.327 2.263 7.913 10.812 12.917 14.475 7.949 4.973 13.558 8.419 2.996 8.549 4.168 11.620 5.509 12.652 13.146 5.004 4.550 11.649 1.908 2.160 5.038 7.715 6.171 4.826 12.223 11.828 
11.552 12.881 12.917 18.410 11.823 12.493 13.771 9.673 11.347 12.719 5.100 6.139 5.972 4.492 12.929 15.790 2.267 9.839 6.335 0.289 10.894 6.001 17.410 14.126 8.723 10.686 14.782 3.299 3.158 13.877 12.920 11.844 13.569 13.540 10.301 18.363 9.895 15.967 19.066 12.711 11.846 14.573 10.388 14.757 8.399 6.506 11.979 18.583 17.491 4.489 9.161 5.973 2.147 10.311 13.075 7.093 9.389 12.352 4.528 10.568 11.503 3.367 13.998 7.741 13.236 12.323 13.159 12.412 12.845 16.800 10.890 18.694 13.133 14.502 7.876 10.072 7.330 14.352 15.513 10.765 13.072 13.930 15.888 12.303 14.399 5.776 17.030 3.488 3.533 15.652 11.237 3.853 17.396 14.719 11.142 12.765 13.371 11.143 5.871 4.135 
9.547 10.875 11.168 16.412 10.236 10.653 12.199 8.039 9.474 10.805 3.595 4.133 4.049 3.128 10.929 14.039 1.884 8.242 4.363 1.789 9.635 4.023 15.441 12.502 7.264 8.855 12.894 2.376 1.434 12.404 11.223 9.909 11.776 11.714 8.473 16.360 7.931 14.024 17.090 10.813 10.648 12.596 8.533 12.899 7.254 4.761 10.270 16.578 15.488 2.577 7.204 4.264 0.192 8.315 11.195 5.169 7.533 10.346 2.889 8.962 9.498 2.250 12.394 5.795 11.587 10.318 11.157 10.584 11.158 14.916 9.155 16.688 11.150 12.497 5.878 8.567 6.217 13.193 13.693 8.824 11.865 12.162 13.889 10.839 12.560 4.232 15.075 2.265 2.266 13.695 9.297 1.885 15.401 12.783 9.248 11.209 11.464 9.139 4.522 2.294 
10.041 11.130 13.002 16.270 12.444 9.586 14.383 6.385 10.985 10.090 2.152 5.049 5.841 1.522 10.978 12.574 1.549 10.507 5.819 3.529 7.159 5.495 14.988 10.704 9.778 10.545 14.224 0.806 2.250 10.271 9.647 9.358 13.472 13.310 10.190 16.346 9.069 13.398 16.671 10.008 8.077 13.408 10.157 11.851 4.639 6.982 12.232 16.621 15.506 4.732 8.433 3.264 3.009 9.102 12.611 4.956 6.690 10.723 5.537 11.181 9.725 1.055 14.516 5.639 13.638 10.778 11.257 9.470 13.140 13.943 7.760 16.819 10.939 12.676 6.246 6.570 3.574 10.564 12.476 10.048 9.301 10.786 13.837 13.227 14.088 2.716 14.508 5.317 1.248 13.170 10.502 4.030 15.933 13.878 10.686 13.443 10.689 9.374 2.440 2.647 
7.833 9.264 8.549 14.899 7.512 10.164 9.473 8.320 7.050 9.997 4.811 3.054 2.009 4.702 9.478 13.730 4.526 5.518 2.592 4.258 10.571 2.373 14.199 12.578 4.523 6.350 10.486 4.632 3.187 12.825 11.157 9.027 9.206 9.192 5.965 14.751 5.842 12.973 15.777 10.082 11.635 10.508 6.076 12.261 8.521 2.148 7.614 14.922 13.877 1.083 5.107 4.858 2.754 6.467 8.775 4.769 7.169 8.670 0.159 6.243 8.001 4.381 9.679 5.165 8.892 8.581 9.651 10.140 8.486 14.129 9.083 14.966 9.896 10.865 4.752 9.105 7.622 14.152 13.169 6.612 12.788 11.858 12.381 8.096 10.057 5.218 13.938 1.137 4.239 12.574 7.073 1.480 13.428 10.510 6.875 8.477 10.666 7.664 5.804 3.214 
6.750 5.303 9.956 0.370 11.775 6.994 11.876 10.339 9.042 6.034 13.756 11.948 12.558 14.416 5.135 6.834 16.576 12.101 12.010 17.813 12.257 12.290 1.664 8.692 13.243 9.848 7.488 15.681 15.012 10.279 8.242 6.586 9.280 8.820 10.072 0.825 8.970 3.187 1.649 6.221 12.589 5.374 9.769 5.444 13.353 12.858 10.602 1.207 1.000 13.875 9.634 12.647 15.908 8.149 8.148 11.091 9.267 5.910 14.438 11.841 6.595 15.416 11.552 10.406 11.050 6.034 4.929 7.169 10.674 4.299 8.937 1.683 4.976 3.735 10.180 10.921 13.772 13.113 5.780 8.567 12.547 7.065 2.186 12.821 8.446 13.198 2.344 15.693 15.145 3.090 8.245 14.328 3.481 6.450 8.912 12.002 5.602 6.946 13.637 14.031 
9.804 9.460 15.289 11.020 16.117 4.906 17.440 4.855 13.094 6.109 9.079 10.296 11.770 9.624 8.767 4.095 11.867 15.002 11.185 13.804 3.389 11.179 9.104 2.034 15.278 13.370 14.484 10.803 11.232 0.500 3.053 6.595 15.162 14.735 13.258 11.502 11.238 7.554 10.398 5.800 2.827 12.318 12.986 5.326 5.874 12.966 15.187 11.887 11.027 12.090 11.263 8.493 12.474 10.338 13.734 8.487 6.415 9.685 13.150 15.296 8.957 10.726 17.322 8.301 16.439 9.952 9.026 4.758 15.863 6.660 4.460 12.319 7.931 9.894 9.160 4.117 6.900 2.403 4.966 11.841 2.080 3.789 9.751 17.296 15.032 8.434 8.410 13.888 10.577 7.781 11.987 11.954 13.022 13.506 12.733 16.921 5.988 8.906 8.226 10.477 
5.439 6.501 9.175 11.749 9.146 5.716 10.928 3.617 6.947 5.866 2.505 1.867 3.371 3.108 6.371 9.178 5.193 7.488 2.856 6.587 6.142 2.771 10.610 7.872 7.320 6.729 9.904 4.311 3.707 8.112 6.479 5.000 9.478 9.228 6.440 11.783 4.850 9.124 12.282 5.863 7.203 8.849 6.304 7.948 4.638 4.661 8.607 12.043 10.931 3.656 4.367 1.442 4.777 4.637 8.404 0.335 2.598 6.098 4.693 8.011 5.096 4.037 10.967 1.010 10.041 6.162 6.643 5.656 9.483 9.964 4.391 12.221 6.410 8.057 1.780 4.478 4.127 9.634 8.761 5.822 8.276 7.293 9.274 10.165 9.918 2.142 10.199 5.550 3.764 8.826 6.232 3.664 11.307 9.428 6.601 10.116 6.520 4.744 2.827 2.720 
8.733 9.637 12.493 14.474 12.270 7.533 14.131 4.225 10.308 8.158 1.395 4.600 5.843 1.569 9.378 10.395 3.607 10.461 5.584 5.565 5.045 5.334 13.078 8.495 10.003 10.024 13.305 2.553 3.320 8.075 7.465 7.518 12.841 12.608 9.708 14.607 8.236 11.441 14.756 8.042 6.019 12.172 9.607 9.771 2.588 7.151 11.854 14.905 13.793 5.219 7.712 2.006 4.492 8.031 11.801 3.728 4.839 9.315 6.242 11.064 8.275 2.518 14.205 4.318 13.290 9.417 9.676 7.405 12.749 11.866 5.641 15.142 9.209 11.098 5.181 4.359 1.543 8.550 10.346 9.214 7.243 8.632 12.118 13.198 13.313 1.301 12.560 6.459 2.425 11.255 9.631 4.710 14.478 12.809 9.971 13.263 8.719 7.945 0.576 2.971 
6.819 7.719 10.808 12.648 10.765 5.954 12.560 3.010 8.571 6.424 1.621 3.261 4.711 2.292 7.475 9.121 4.660 9.069 4.294 6.394 4.930 4.129 11.326 7.475 8.807 8.364 11.456 3.622 3.613 7.399 6.241 5.708 11.098 10.838 8.075 12.755 6.461 9.732 13.009 6.343 5.995 10.260 7.940 8.229 3.086 6.044 10.241 13.044 11.929 4.567 5.999 0.807 4.843 6.170 9.995 1.928 3.029 7.394 5.651 9.613 6.354 3.427 12.602 2.441 11.675 7.497 7.769 5.849 11.118 10.313 4.226 13.267 7.345 9.193 3.381 3.571 2.494 8.513 8.909 7.424 7.149 7.274 10.255 11.767 11.511 0.964 10.842 6.238 3.201 9.507 7.821 4.311 12.560 10.924 8.220 11.740 7.023 6.024 1.386 2.793 
2.688 4.112 5.738 9.747 6.007 6.022 7.629 5.913 3.468 5.429 5.840 2.873 3.149 6.327 4.356 9.532 7.912 4.723 2.634 8.714 8.845 2.945 9.112 9.036 5.112 3.368 6.450 7.285 6.187 9.827 7.547 4.466 5.989 5.728 3.145 9.605 1.350 8.017 10.654 5.607 9.827 5.712 2.943 7.735 7.919 3.576 5.282 9.785 8.730 4.527 1.014 4.897 6.806 1.391 4.909 3.188 3.961 3.521 5.025 5.053 2.887 6.975 7.620 2.730 6.689 3.447 4.511 6.071 6.115 9.365 5.823 9.849 4.876 5.716 1.730 6.952 7.566 11.981 8.730 2.322 10.700 7.805 7.230 7.135 6.421 5.608 8.907 6.283 6.702 7.577 2.743 5.077 8.476 6.080 3.112 6.915 6.054 2.575 6.317 5.320 
10.673 12.057 11.585 17.658 10.409 12.176 12.345 9.650 10.135 12.259 5.217 5.382 4.903 4.728 12.178 15.606 3.019 8.438 5.361 1.533 11.245 5.052 16.787 14.109 7.279 9.432 13.571 3.818 3.058 14.028 12.813 11.337 12.267 12.267 9.048 17.564 8.841 15.426 18.415 12.286 12.250 13.528 9.161 14.402 8.838 5.229 10.625 17.761 16.689 3.467 8.102 5.873 1.816 9.364 11.861 6.646 9.057 11.495 3.243 9.168 10.718 3.760 12.584 7.234 11.845 11.438 12.385 12.115 11.475 16.392 10.736 17.839 12.473 13.677 7.178 10.190 7.789 14.791 15.221 9.657 13.469 13.724 15.129 10.847 13.135 5.856 16.454 2.076 3.825 15.075 10.124 2.989 16.413 13.581 9.956 11.336 12.924 10.365 6.130 3.884 
6.964 6.589 12.465 8.721 13.379 2.034 14.632 3.302 10.306 3.245 7.875 8.237 9.623 8.515 5.900 2.932 10.885 12.387 9.003 12.679 3.972 9.063 6.892 1.354 12.791 10.634 11.613 9.818 9.883 2.372 0.182 3.740 12.312 11.879 10.551 9.119 8.537 5.210 8.394 2.936 4.206 9.462 10.266 2.985 5.703 10.706 12.410 9.494 8.538 10.209 8.643 7.025 11.093 7.593 10.878 6.490 4.121 6.817 11.210 12.626 6.116 9.664 14.499 6.131 13.629 7.085 6.163 1.889 13.056 4.857 2.177 9.889 5.078 7.091 6.828 3.207 6.486 5.127 3.124 9.071 4.270 1.398 7.120 14.569 12.164 7.197 6.225 12.118 9.459 5.315 9.186 10.223 10.335 10.640 9.951 14.149 3.189 6.089 7.239 8.995 
2.637 1.281 7.454 4.743 8.883 3.876 9.634 6.614 5.761 2.633 9.467 7.567 8.251 10.114 0.787 6.002 12.219 8.624 7.680 13.427 9.092 7.945 3.975 6.766 9.553 6.417 5.961 11.351 10.634 8.178 5.663 2.641 7.065 6.591 6.526 4.742 4.972 3.113 5.517 2.935 9.705 3.672 6.203 3.927 9.603 8.687 7.742 5.004 3.890 9.522 5.539 8.355 11.522 4.017 5.639 6.738 5.148 1.884 10.140 8.560 2.261 11.078 9.413 6.048 8.659 2.120 0.709 4.051 8.144 4.758 5.418 5.205 0.835 1.303 5.793 7.418 9.835 10.970 4.883 4.872 10.041 5.001 2.235 10.059 6.661 8.946 3.832 11.376 10.805 2.609 4.708 9.953 4.767 4.913 5.504 9.413 2.695 2.596 9.446 9.656 
8.313 9.255 12.003 14.178 11.774 7.346 13.636 4.129 9.825 7.907 0.944 4.103 5.355 1.273 9.020 10.321 3.515 9.966 5.089 5.425 5.246 4.842 12.823 8.492 9.517 9.533 12.843 2.441 3.002 8.164 7.397 7.228 12.357 12.128 9.216 14.294 7.760 11.206 14.505 7.807 6.251 11.748 9.117 9.603 2.874 6.668 11.360 14.585 13.471 4.770 7.228 1.524 4.211 7.577 11.328 3.271 4.544 8.915 5.807 10.568 7.880 2.347 13.710 3.880 12.795 9.008 9.313 7.226 12.255 11.697 5.501 14.811 8.886 10.737 4.715 4.382 1.885 8.795 10.217 8.740 7.469 8.526 11.796 12.703 12.839 0.814 12.322 6.082 2.206 11.001 9.160 4.290 14.094 12.363 9.490 12.767 8.487 7.545 0.181 2.552 
10.428 11.736 12.091 17.240 11.126 11.297 13.088 8.516 10.408 11.520 3.959 5.003 4.983 3.384 11.765 14.610 1.446 9.132 5.286 0.936 9.867 4.943 16.220 12.977 8.115 9.787 13.828 2.311 1.960 12.776 11.751 10.647 12.705 12.646 9.405 17.204 8.854 14.770 17.879 11.511 10.846 13.510 9.466 13.560 7.408 5.677 11.186 17.430 16.334 3.511 8.129 4.790 1.023 9.217 12.129 5.896 8.191 11.217 3.767 9.856 10.349 2.309 13.290 6.548 12.492 11.198 12.000 11.217 12.070 15.601 9.711 17.550 11.951 13.354 6.713 8.954 6.345 13.373 14.320 9.752 12.071 12.746 14.722 11.698 13.493 4.630 15.835 2.972 2.432 14.458 10.225 2.815 16.300 13.711 10.182 12.093 12.172 9.988 4.785 2.935 
5.430 3.993 9.590 2.367 11.243 4.989 11.674 8.343 8.258 4.049 11.887 10.305 11.061 12.554 3.613 5.202 14.766 11.247 10.480 16.091 10.267 10.734 1.154 6.847 12.263 8.995 7.494 13.840 13.251 8.426 6.282 4.666 9.035 8.555 9.156 2.693 7.754 1.363 2.729 4.224 10.629 5.138 8.837 3.556 11.353 11.513 10.069 3.065 2.147 12.300 8.349 10.785 14.205 6.828 7.727 9.298 7.348 4.626 12.950 11.098 5.081 13.585 11.394 8.624 10.761 4.818 3.492 5.164 10.309 2.946 6.934 3.463 3.215 2.742 8.510 8.916 11.789 11.282 4.066 7.541 10.642 5.152 1.338 12.370 8.375 11.308 1.208 14.176 13.318 1.116 7.304 12.697 4.399 6.388 8.056 11.629 3.598 5.407 11.717 12.264 
5.041 6.496 5.413 12.057 4.775 8.616 6.698 7.920 3.757 8.086 6.215 2.956 1.854 6.460 6.868 12.163 7.271 2.921 1.958 7.462 10.697 2.234 11.618 11.523 2.722 3.084 7.195 6.989 5.598 12.165 10.032 7.117 6.000 5.943 2.700 11.832 2.781 10.623 13.094 8.255 11.740 7.305 2.788 10.394 9.253 1.192 4.569 11.963 10.971 3.216 2.120 5.637 5.724 3.638 5.484 4.450 6.176 5.867 3.137 3.536 5.446 6.682 6.827 4.382 5.955 5.717 6.973 8.650 5.474 12.016 8.155 11.956 7.478 8.011 3.436 8.907 8.630 14.071 11.386 3.396 12.738 10.401 9.597 5.658 6.797 6.276 11.467 4.380 6.450 10.166 3.840 3.955 10.265 7.230 3.584 5.775 8.715 5.171 7.007 5.048 
8.373 6.921 11.494 1.371 13.345 8.110 13.351 11.529 10.666 7.289 15.174 13.506 14.162 15.841 6.709 7.247 18.046 13.726 13.605 19.340 13.199 13.878 2.403 9.333 14.879 11.477 8.938 17.125 16.515 10.902 9.122 7.950 10.788 10.340 11.706 1.853 10.608 4.113 0.913 7.433 13.420 6.934 11.405 6.259 14.506 14.489 12.177 1.999 2.543 15.460 11.267 14.071 17.444 9.776 9.714 12.571 10.629 7.535 16.046 13.452 8.181 16.869 13.014 11.892 12.558 7.666 6.521 8.275 12.207 4.645 10.088 2.394 6.459 5.371 11.725 12.016 15.001 13.659 6.346 10.208 13.241 7.864 3.796 14.366 9.908 14.594 3.029 17.295 16.601 4.202 9.884 15.894 4.681 7.941 10.543 13.529 6.775 8.527 14.994 15.530 
2.158 1.352 7.487 5.778 8.725 3.207 9.682 5.624 5.560 2.008 8.393 6.590 7.369 9.042 0.680 5.910 11.165 8.229 6.777 12.410 8.213 7.024 4.834 6.303 9.039 6.112 6.377 10.286 9.597 7.608 5.056 1.700 7.212 6.756 6.160 5.807 4.401 3.687 6.445 2.315 8.888 4.260 5.839 3.869 8.585 7.912 7.632 6.077 4.962 8.585 4.874 7.281 10.512 3.386 5.766 5.680 4.082 1.678 9.256 8.253 1.504 10.015 9.500 4.993 8.686 1.958 0.979 3.365 8.140 5.139 4.510 6.283 0.541 2.285 4.798 6.474 8.782 10.325 4.883 4.505 9.317 4.617 3.297 9.920 6.962 7.868 4.580 10.471 9.743 3.241 4.444 8.982 5.762 5.406 5.256 9.351 2.325 1.768 8.368 8.615 
5.705 4.309 10.114 2.795 11.721 4.627 12.222 8.036 8.687 3.809 11.759 10.357 11.193 12.432 3.838 4.550 14.684 11.635 10.597 16.073 9.819 10.836 1.112 6.263 12.606 9.398 8.096 13.733 13.212 7.848 5.787 4.534 9.587 9.105 9.538 3.216 8.040 0.740 2.794 3.942 10.133 5.724 9.216 2.992 11.022 11.716 10.552 3.599 2.764 12.384 8.600 10.668 14.204 7.079 8.250 9.250 7.187 4.935 13.079 11.521 5.268 13.487 11.952 8.589 11.295 5.150 3.768 4.795 10.829 2.278 6.600 4.026 3.294 3.230 8.557 8.547 11.508 10.696 3.427 7.900 10.096 4.609 1.970 12.863 8.960 11.162 0.765 14.286 13.225 0.712 7.693 12.746 5.070 6.988 8.465 12.143 3.281 5.572 11.535 12.223 
6.973 8.191 9.753 13.605 9.316 7.690 11.225 5.264 7.709 7.847 1.714 1.772 2.768 1.923 8.156 11.111 3.401 7.443 2.605 4.619 7.321 2.310 12.542 9.678 6.913 7.286 10.958 2.715 1.767 9.742 8.343 6.965 10.203 10.034 6.938 13.599 5.806 11.088 14.205 7.849 8.382 10.250 6.892 9.932 5.273 4.058 9.018 13.840 12.735 2.213 5.158 1.603 2.790 5.913 9.336 2.214 4.570 7.717 3.289 8.078 6.785 2.405 11.333 2.867 10.438 7.734 8.406 7.625 9.924 11.950 6.257 13.987 8.290 9.792 3.156 5.944 4.422 10.909 10.733 6.780 9.547 9.229 11.101 10.185 10.811 1.980 12.152 3.841 2.133 10.775 7.238 1.909 12.895 10.647 7.409 10.316 8.503 6.424 2.633 0.791 
8.068 9.418 9.746 14.990 8.925 9.523 10.887 7.223 7.988 9.560 3.241 2.692 2.555 3.043 9.504 13.002 2.977 6.944 2.851 3.294 9.200 2.511 14.084 11.627 6.092 7.393 11.399 2.946 1.490 11.700 10.274 8.633 10.327 10.248 7.013 14.917 6.419 12.718 15.718 9.595 10.252 11.085 7.058 11.727 7.009 3.404 8.877 15.126 14.043 1.122 5.692 3.523 1.420 6.816 9.704 3.979 6.416 8.876 1.800 7.649 8.057 2.685 11.060 4.540 10.226 8.839 9.721 9.471 9.774 13.700 8.185 15.224 9.774 11.041 4.479 7.893 6.057 12.793 12.568 7.314 11.437 11.117 12.462 9.612 11.086 3.738 13.747 1.931 2.538 12.367 7.787 0.382 13.901 11.273 7.753 9.913 10.227 7.700 4.244 1.632 
5.147 5.160 2.954 7.581 4.915 9.717 4.494 11.555 3.666 8.514 12.511 9.424 9.074 12.992 5.855 12.022 14.408 6.078 8.831 14.855 14.416 9.179 8.393 12.785 7.452 4.388 0.229 13.889 12.672 14.120 11.567 8.094 2.119 1.804 4.767 7.027 5.379 8.582 9.101 8.822 15.213 2.449 4.637 9.963 14.169 8.576 3.903 6.922 6.451 10.548 6.036 11.545 13.046 5.497 1.938 9.792 9.613 4.997 10.555 5.520 5.910 13.576 4.144 9.227 3.797 4.755 5.610 9.872 3.579 10.340 10.771 6.641 6.721 5.087 8.345 12.545 14.017 16.818 10.872 4.403 15.759 11.046 6.182 5.720 1.080 12.255 8.712 11.776 13.309 8.081 3.947 11.247 4.315 1.165 3.875 4.819 8.723 6.102 12.946 11.892 
1.100 1.377 4.890 6.522 6.246 5.722 7.085 7.456 3.128 4.587 9.004 6.359 6.600 9.573 2.072 8.489 11.361 6.062 6.135 12.234 10.296 6.456 6.321 8.880 7.090 3.819 3.954 10.653 9.656 10.120 7.570 4.030 4.605 4.153 3.969 6.276 2.778 5.727 7.656 4.885 11.092 2.348 3.650 6.424 10.166 6.704 5.111 6.408 5.417 8.027 3.482 7.946 10.324 2.132 3.158 6.173 5.555 0.941 8.423 5.948 1.791 10.352 6.894 5.525 6.093 0.667 1.959 5.862 5.557 7.396 6.652 6.417 2.980 2.522 4.846 8.433 10.119 12.752 7.421 2.368 11.660 7.221 4.133 7.425 4.418 8.629 6.323 9.699 10.075 5.212 2.117 8.595 4.958 3.146 2.889 6.800 4.933 2.012 9.264 8.747 
7.728 8.400 2.228 11.765 2.405 12.696 0.528 13.653 4.491 11.623 13.190 9.874 8.919 13.496 9.117 15.533 14.273 4.396 8.969 14.148 16.608 9.277 12.462 15.886 5.558 4.489 4.138 14.052 12.644 17.027 14.513 10.956 2.502 2.982 4.763 11.219 6.571 12.426 13.272 11.912 17.542 6.376 4.916 13.459 15.754 7.896 2.596 11.114 10.624 10.183 6.875 12.457 12.614 7.284 3.926 10.925 11.646 7.993 9.759 3.670 8.575 13.748 0.240 10.558 1.162 7.713 8.956 12.819 1.733 14.178 13.252 10.824 10.030 8.872 9.525 14.696 15.329 19.501 14.439 5.766 18.300 14.270 10.188 2.265 3.179 13.146 12.712 10.748 13.518 11.908 5.550 10.933 8.486 5.186 4.865 1.507 11.994 8.610 13.883 12.113 
7.525 8.505 11.183 13.533 10.983 6.880 12.834 3.860 9.000 7.342 0.717 3.324 4.638 1.373 8.300 10.016 3.747 9.198 4.330 5.527 5.447 4.101 12.236 8.312 8.799 8.715 12.020 2.700 2.833 8.140 7.120 6.608 11.532 11.302 8.401 13.625 6.934 10.650 13.919 7.266 6.491 10.952 8.297 9.154 3.282 5.966 10.550 13.907 12.792 4.206 6.403 0.698 4.075 6.759 10.502 2.454 3.939 8.146 5.274 9.788 7.119 2.517 12.903 3.080 11.986 8.230 8.588 6.773 11.443 11.239 5.131 14.119 8.213 10.012 3.892 4.304 2.433 9.036 9.826 7.914 7.685 8.180 11.119 11.929 12.012 0.039 11.759 5.696 2.302 10.419 8.334 3.817 13.340 11.549 8.663 11.973 7.945 6.779 0.742 2.145 
5.766 7.013 3.014 11.986 1.851 10.358 3.807 10.404 2.690 9.545 9.155 5.872 4.759 9.399 7.602 13.698 10.058 0.379 4.896 9.959 13.296 5.175 12.019 13.478 1.736 1.903 5.513 9.871 8.446 14.347 12.004 8.668 3.798 3.947 1.769 11.612 3.659 11.406 13.266 9.781 14.305 6.558 2.092 11.738 12.066 3.678 1.998 11.649 10.821 5.970 3.543 8.538 8.395 4.668 3.972 7.198 8.490 6.415 5.554 0.595 6.479 9.571 3.982 6.983 3.184 6.172 7.585 10.435 2.808 13.014 10.356 11.523 8.418 8.184 5.951 11.432 11.507 16.510 12.758 3.430 15.218 12.108 9.775 2.741 4.809 9.195 12.038 6.595 9.349 10.898 3.599 6.719 9.461 5.974 2.845 2.849 10.084 6.340 9.929 7.966 
5.753 4.298 9.301 1.420 11.058 6.053 11.301 9.352 8.217 5.041 12.705 10.903 11.537 13.364 4.093 6.287 15.521 11.263 10.983 16.762 11.366 11.258 1.453 7.979 12.364 9.003 6.985 14.627 13.958 9.560 7.405 5.552 8.674 8.202 9.206 1.598 8.008 2.474 2.369 5.243 11.749 4.732 8.896 4.690 12.373 11.872 9.880 1.954 1.021 12.841 8.656 11.595 14.858 7.158 7.458 10.036 8.229 4.916 13.421 11.043 5.560 14.362 10.996 9.351 10.433 5.056 3.897 6.232 10.022 3.903 7.968 2.334 3.922 2.778 9.131 9.969 12.765 12.415 5.169 7.658 11.775 6.286 1.177 12.141 7.914 12.150 1.953 14.671 14.091 2.248 7.362 13.286 3.434 5.903 8.061 11.352 4.648 5.909 12.596 12.976 
9.521 10.611 12.528 15.767 12.008 9.133 13.940 5.982 10.493 9.610 1.643 4.555 5.402 1.002 10.463 12.175 1.706 10.084 5.352 3.680 6.932 5.033 14.500 10.348 9.394 10.066 13.718 0.689 1.942 9.974 9.254 8.865 12.987 12.819 9.714 15.838 8.563 12.919 16.182 9.535 7.883 12.889 9.675 11.403 4.436 6.576 11.771 16.111 14.996 4.358 7.933 2.755 2.873 8.585 12.111 4.436 6.205 10.203 5.218 10.750 9.206 0.790 14.066 5.120 13.182 10.258 10.741 9.022 12.679 13.493 7.333 16.306 10.433 12.160 5.727 6.227 3.368 10.395 12.047 9.544 9.109 10.370 13.329 12.813 13.592 2.232 14.027 5.105 0.882 12.684 9.996 3.684 15.413 13.364 10.191 13.008 10.214 8.854 2.035 2.195 
