20 40 100
962.264 667.892 464.444 637.147 235.911 1011.380 179.894 880.445 532.250 489.675 298.454 964.682 285.667 242.019 940.136 492.052 850.400 935.045 971.496 296.639 
39.554 418.264 472.968 526.064 352.418 459.552 93.379 537.666 174.208 112.777 390.894 504.105 222.953 307.182 539.770 533.391 269.685 359.595 207.477 183.664 383.235 200.179 201.770 309.367 237.533 270.000 79.493 274.808 319.409 473.101 124.613 515.291 378.347 372.342 360.208 175.344 312.538 78.836 53.579 512.337 
30.088 32.185 25.707 6.123 20.016 30.573 33.910 20.815 22.922 20.699 11.329 26.498 26.189 16.723 31.551 32.766 17.681 29.471 16.712 33.976 10.819 7.191 26.491 11.272 28.959 7.699 5.301 30.661 34.836 29.655 5.993 13.515 10.208 26.360 29.312 27.151 30.333 11.439 27.628 32.859 15.458 11.675 20.815 32.721 9.599 10.535 29.784 34.037 28.919 30.057 30.154 11.693 21.907 8.594 25.110 13.989 10.854 15.808 5.591 34.596 30.213 15.955 13.315 18.445 32.686 17.566 28.895 10.919 7.742 15.525 21.081 14.045 31.033 18.193 18.528 18.896 20.333 17.149 19.893 6.340 27.864 12.165 12.602 11.493 6.330 12.182 7.920 34.956 26.399 28.218 6.219 28.929 19.431 33.800 31.631 31.426 13.719 20.046 8.603 10.118 
406.288 1211.907 1227.601 1363.021 1142.155 1216.369 610.691 1364.700 720.434 606.279 1181.280 1285.313 856.635 1056.090 1298.136 1294.870 921.583 1064.977 891.527 851.356 1191.016 830.008 904.552 980.453 885.964 958.791 591.527 928.792 1127.985 1280.700 618.545 1282.699 1178.685 1160.496 1129.486 730.021 1007.307 541.443 410.363 1253.847 
8.513 9.620 9.973 5.626 3.495 5.363 2.541 5.591 8.823 8.578 8.396 3.208 3.128 5.197 2.064 10.475 10.996 4.569 6.923 5.088 6.329 11.899 5.799 10.465 13.955 3.143 5.158 11.576 11.899 11.611 10.414 9.812 7.653 10.949 8.724 7.276 8.234 7.784 11.188 5.866 
6.897 6.474 4.950 10.072 10.322 9.101 12.677 7.801 12.044 5.311 6.601 10.637 10.316 8.286 11.314 6.089 10.625 13.934 10.135 9.172 7.553 10.732 8.032 12.075 1.923 12.538 8.752 5.399 4.800 2.600 7.602 6.793 5.727 4.988 8.777 10.176 12.262 13.323 2.850 9.071 
7.558 10.863 10.869 4.136 5.006 4.500 0.772 6.108 6.601 8.247 7.572 4.819 4.242 5.248 3.195 11.673 12.956 7.090 5.179 4.347 5.924 13.832 5.424 12.633 13.676 1.084 6.376 12.659 12.870 12.095 11.906 8.693 7.939 10.161 7.195 9.240 5.965 5.355 11.672 7.446 
5.845 12.132 11.611 2.819 7.515 4.146 3.817 7.126 2.682 7.458 6.089 7.477 6.588 5.927 6.015 12.804 15.231 10.715 2.585 4.296 5.646 16.026 5.395 15.296 12.336 3.217 8.232 13.535 13.556 12.084 13.476 6.477 8.180 8.314 4.473 11.730 2.014 1.470 11.700 9.581 
11.140 3.381 4.946 11.567 6.975 10.229 11.428 7.161 15.355 9.242 10.708 7.158 7.808 8.352 8.782 3.638 1.164 7.308 12.680 9.985 9.218 1.899 9.171 2.352 11.466 11.764 5.899 4.518 5.167 7.146 2.147 12.219 7.232 11.667 12.971 2.863 15.111 15.474 6.982 4.598 
8.466 7.628 8.217 6.382 1.854 5.619 4.288 4.518 10.074 7.947 8.235 1.545 2.180 4.653 1.983 8.493 8.669 2.900 7.766 5.294 6.008 9.575 5.535 8.142 13.030 4.814 3.464 9.647 10.039 10.119 8.259 9.833 6.541 10.596 9.216 4.959 9.571 9.379 9.710 3.783 
8.788 6.718 7.484 7.145 1.878 6.205 5.441 4.459 10.954 7.967 8.506 1.703 2.631 4.908 2.919 7.579 7.439 2.404 8.520 5.877 6.287 8.347 5.874 6.894 12.773 5.934 3.032 8.762 9.201 9.543 7.200 10.156 6.320 10.705 9.781 3.750 10.491 10.401 9.150 2.904 
6.444 2.358 0.812 8.364 6.620 7.069 9.966 4.603 11.495 4.316 6.006 6.937 6.878 5.555 7.992 2.346 6.780 9.790 9.006 6.986 5.538 7.106 5.815 8.028 5.837 10.010 4.935 2.501 2.388 1.816 3.787 7.178 3.004 6.188 8.509 5.873 11.471 12.227 1.469 4.925 
11.310 4.597 6.122 11.109 5.994 9.845 10.389 6.925 14.993 9.632 10.903 6.102 6.905 8.021 7.723 5.128 2.390 5.444 12.342 9.562 9.111 3.297 8.949 1.839 12.674 10.800 5.367 6.189 6.822 8.468 3.834 12.516 7.564 12.264 12.951 1.738 14.668 14.870 8.229 3.976 
12.254 9.321 10.412 10.255 5.359 9.502 7.739 7.967 13.858 11.475 11.989 5.137 5.982 8.382 5.848 10.122 8.364 1.112 11.636 9.175 9.761 9.237 9.323 7.132 16.158 8.327 6.466 11.323 11.860 12.649 9.309 13.624 9.774 14.215 13.101 5.505 13.318 12.986 12.284 5.938 
2.861 8.658 7.233 6.388 9.194 5.978 9.697 6.575 7.279 3.096 2.868 9.448 8.736 6.262 9.369 8.781 13.063 13.425 5.914 6.204 4.954 13.487 5.470 14.076 4.039 9.358 8.192 8.738 8.364 5.960 10.177 2.022 5.078 0.319 4.109 11.126 7.614 8.799 5.797 9.201 
3.582 4.642 3.544 5.568 5.472 4.361 7.702 2.820 8.564 1.522 3.138 5.774 5.331 3.252 6.285 5.015 8.881 9.466 6.099 4.348 2.768 9.403 3.155 9.766 5.712 7.624 4.110 5.419 5.309 3.750 6.191 4.509 0.802 4.061 5.613 6.761 8.549 9.342 3.349 4.917 
2.985 9.190 8.532 0.565 5.637 1.314 4.040 4.359 3.846 4.316 3.113 5.725 4.778 3.173 4.758 9.803 12.663 9.600 1.184 1.608 2.538 13.395 2.396 12.976 9.423 3.610 5.792 10.458 10.443 8.916 10.612 4.012 5.071 5.601 2.629 9.426 3.602 4.180 8.533 7.183 
1.740 8.971 7.676 5.133 8.548 4.904 8.535 6.072 5.905 2.901 1.924 8.772 7.981 5.528 8.485 9.221 13.273 12.812 4.551 5.166 4.154 13.777 4.626 14.137 5.411 8.156 7.766 9.351 9.054 6.782 10.519 0.627 4.964 1.301 2.713 10.980 6.223 7.403 6.550 8.914 
13.464 5.753 7.302 13.637 8.666 12.333 13.082 9.315 17.486 11.607 13.037 8.788 9.565 10.471 10.414 5.911 1.345 7.838 14.817 12.067 11.443 1.538 11.347 1.069 13.758 13.484 7.885 6.621 7.260 9.423 4.385 14.575 9.577 14.058 15.243 4.363 17.199 17.467 9.292 6.506 
3.804 5.916 5.504 3.481 3.144 2.117 4.832 0.983 7.213 3.148 3.501 3.381 2.674 0.350 3.461 6.601 9.290 7.406 4.538 1.923 1.321 10.015 1.063 9.677 8.465 4.819 2.585 7.400 7.499 6.502 7.279 5.163 2.343 5.763 5.114 6.177 6.981 7.449 6.080 3.935 
5.852 12.454 11.875 3.087 7.994 4.446 4.369 7.479 2.188 7.575 6.129 7.967 7.066 6.272 6.530 13.105 15.646 11.255 2.595 4.625 5.885 16.430 5.676 15.750 12.307 3.769 8.649 13.801 13.799 12.249 13.823 6.372 8.424 8.243 4.319 12.179 1.509 0.962 11.873 10.011 
8.839 4.155 3.180 11.284 9.686 10.050 13.095 7.741 14.078 6.787 8.438 10.000 10.000 8.653 11.121 3.433 7.557 12.479 11.757 10.003 8.471 7.498 8.812 9.166 5.475 13.121 7.993 2.342 1.702 2.067 4.729 9.219 6.011 7.735 10.909 8.096 14.145 15.018 2.405 7.748 
5.832 7.809 7.822 3.444 2.281 2.770 2.377 3.107 7.197 5.829 5.681 2.228 1.366 2.479 0.982 8.613 10.194 5.837 4.828 2.461 3.576 11.038 3.047 10.103 11.232 2.626 3.362 9.597 9.818 9.170 8.898 7.165 5.072 8.209 6.329 6.567 6.734 6.702 8.744 4.554 
4.820 5.825 5.692 3.941 2.107 2.662 4.451 0.945 7.810 4.133 4.530 2.345 1.691 0.956 2.616 6.587 8.776 6.371 5.160 2.379 2.320 9.552 1.951 9.005 9.343 4.565 1.818 7.511 7.696 7.017 7.054 6.184 2.974 6.791 5.999 5.450 7.504 7.818 6.591 3.210 
4.987 8.780 7.074 8.758 6.198 3.952 2.966 0.541 7.403 13.006 10.028 5.080 8.038 6.282 2.317 6.193 14.097 6.754 2.009 11.650 2.331 6.454 10.870 13.065 7.703 12.677 4.565 13.520 6.823 6.183 5.530 9.304 8.078 3.452 12.536 7.500 5.671 11.562 7.746 12.476 12.728 13.268 5.335 8.118 6.745 11.689 12.860 6.689 8.076 14.207 8.667 12.583 9.076 4.586 3.000 12.085 4.817 10.554 6.010 4.545 4.468 10.947 5.187 12.395 9.023 6.285 8.463 4.395 5.684 11.725 8.059 11.798 4.124 6.836 5.367 2.180 2.923 6.200 10.770 6.732 6.222 11.038 12.066 3.863 7.725 12.781 1.252 11.350 12.231 11.554 4.920 4.788 11.451 3.473 9.216 12.662 7.386 6.614 0.992 7.742 
3.579 6.357 7.485 6.512 4.434 4.249 8.648 7.777 6.283 11.053 10.664 4.040 3.508 8.391 5.886 10.778 5.909 8.303 10.126 3.469 6.826 13.331 9.566 10.052 6.391 10.749 3.865 5.376 7.447 13.428 5.618 3.482 9.063 10.641 10.663 9.381 3.199 10.359 1.366 4.625 7.469 5.193 7.407 0.117 7.329 10.582 5.916 11.300 0.823 6.157 4.828 5.140 1.082 8.662 5.755 5.774 4.028 9.748 13.040 4.032 3.758 7.246 6.260 4.804 3.829 2.554 11.800 6.921 3.513 5.722 2.682 3.879 8.027 1.428 4.887 10.346 10.292 10.627 8.857 8.717 3.803 7.852 11.032 4.758 1.961 6.751 7.715 8.044 11.748 7.782 5.732 10.242 6.147 7.273 11.270 5.902 7.665 1.991 8.992 11.677 
2.204 7.165 5.951 7.296 2.875 3.281 8.034 6.745 6.781 12.037 11.166 3.838 4.449 8.443 4.817 10.534 7.225 6.742 9.097 4.843 5.481 12.711 10.376 11.181 6.949 11.719 2.574 6.769 5.901 12.719 4.045 4.785 9.400 9.874 11.620 7.826 3.105 11.186 0.642 6.162 8.872 6.644 5.836 1.456 5.781 11.401 7.478 11.078 1.032 7.608 5.793 6.712 2.653 7.122 5.062 7.277 3.686 10.475 12.377 3.524 2.680 8.381 6.219 6.372 2.999 2.685 11.847 5.377 1.963 7.184 1.672 5.411 7.674 0.702 4.894 9.289 9.473 10.404 9.744 7.151 2.238 8.924 11.856 3.413 0.911 8.240 6.467 9.148 12.500 8.956 5.625 9.799 7.516 5.787 11.535 7.452 8.021 2.190 7.981 11.603 
7.121 7.296 10.410 7.202 8.903 5.614 0.784 3.309 5.850 10.560 7.066 5.390 7.781 3.597 4.553 2.658 14.885 10.211 3.200 12.516 5.611 3.960 8.457 10.997 6.109 10.256 6.676 14.197 10.169 4.125 8.577 9.130 5.330 1.753 10.112 11.012 6.223 9.017 9.422 12.847 11.631 13.834 8.748 9.326 10.078 9.095 12.579 3.149 9.555 14.689 7.846 12.635 9.956 8.125 3.741 11.568 5.349 8.007 3.691 5.356 6.252 9.467 3.868 12.568 11.349 6.909 4.979 7.757 8.008 11.114 10.165 12.288 1.754 8.285 4.910 3.487 1.825 2.679 8.602 10.227 8.721 9.328 9.405 6.346 9.614 12.034 4.742 9.635 9.380 9.996 4.066 1.264 10.565 6.910 5.937 12.301 5.161 7.425 2.894 4.217 
6.266 1.915 11.097 1.864 8.365 5.031 5.091 6.378 0.493 6.348 4.649 3.067 3.054 2.645 5.662 5.482 10.408 11.430 7.961 8.314 7.441 8.921 4.313 6.180 0.793 6.010 6.023 9.649 10.930 9.326 8.847 4.226 2.936 7.174 5.879 12.491 3.507 5.105 6.937 8.091 6.197 9.199 10.015 6.148 10.808 5.287 7.347 5.895 6.723 9.925 2.554 7.622 6.156 10.330 4.165 6.248 3.402 4.213 8.810 3.808 5.369 4.120 1.750 7.655 9.519 3.836 5.849 9.068 7.077 5.766 8.193 7.693 3.684 5.820 1.999 8.267 7.122 5.290 3.989 11.666 7.847 4.134 5.726 6.459 7.418 6.627 7.433 4.448 6.203 4.698 2.022 5.632 5.145 8.698 5.148 7.035 1.538 4.358 7.050 5.922 
5.886 6.300 9.537 6.230 7.767 4.345 0.733 2.765 4.846 10.032 6.872 4.026 6.494 3.146 3.492 3.414 13.531 9.455 3.639 11.155 4.836 5.325 7.895 10.280 5.127 9.713 5.449 12.848 9.306 5.477 7.571 7.846 4.954 2.895 9.570 10.338 4.858 8.537 8.089 11.519 10.566 12.492 7.966 7.964 9.207 8.646 11.337 3.965 8.205 13.355 6.668 11.342 8.591 7.581 2.444 10.363 3.984 7.521 5.054 4.001 4.980 8.501 2.700 11.260 10.091 5.544 5.459 6.952 6.792 9.926 8.878 10.948 0.965 6.941 3.597 3.947 2.756 3.356 7.912 9.527 7.531 8.445 9.001 5.220 8.302 10.883 4.191 8.757 9.108 9.064 2.788 2.359 9.435 6.197 6.064 11.072 4.444 6.059 2.904 4.850 
9.069 5.750 13.194 5.591 11.121 7.516 3.892 6.493 4.614 7.579 3.760 6.306 7.486 1.836 7.099 1.438 14.861 13.177 6.683 12.724 8.575 5.196 5.637 8.363 4.737 7.313 8.678 14.104 12.973 5.830 11.127 8.682 2.522 4.881 7.172 14.081 7.083 6.018 10.685 12.544 9.946 13.655 11.684 10.178 12.868 6.044 11.649 1.604 10.625 14.374 6.943 12.034 10.424 11.333 5.732 10.484 6.469 5.078 5.273 6.700 8.094 7.583 3.943 12.092 13.043 7.655 1.773 10.666 9.989 9.976 11.741 12.148 2.931 9.495 5.310 6.960 5.172 1.249 6.045 13.265 10.774 7.208 6.275 8.671 11.046 10.677 7.934 7.476 6.085 7.971 4.521 2.612 9.198 9.942 2.442 11.313 3.250 8.225 6.349 1.498 
3.856 4.365 8.512 4.381 5.977 2.433 3.783 4.037 3.161 9.041 6.987 0.997 3.569 3.743 2.995 5.779 10.450 8.780 6.033 8.080 4.767 8.378 6.998 8.795 3.449 8.703 3.532 9.768 8.330 8.558 6.283 4.901 5.026 5.913 8.573 9.827 1.837 7.781 5.349 8.461 8.152 9.417 7.345 5.005 8.211 7.954 8.455 6.315 5.350 10.290 4.090 8.349 5.534 7.641 1.602 7.586 1.101 6.856 8.127 1.360 2.889 6.452 1.533 8.237 7.676 2.504 7.097 6.385 4.749 7.198 6.372 7.875 2.992 4.158 0.804 6.317 5.673 5.640 6.676 8.999 5.542 6.632 8.386 3.829 5.683 8.232 4.875 6.938 8.798 7.073 0.915 5.215 6.878 6.006 6.973 8.223 3.803 3.049 4.969 6.819 
10.091 11.136 12.071 11.029 11.456 8.789 4.428 5.456 9.707 13.876 10.050 9.083 11.649 7.187 7.324 4.901 18.602 11.542 3.369 16.191 7.550 1.957 11.877 14.547 9.953 13.602 9.647 17.941 11.814 1.239 10.757 13.000 8.689 2.284 13.460 12.048 9.880 12.314 12.710 16.656 15.489 17.605 10.280 12.833 11.755 12.347 16.473 4.996 12.945 18.484 11.746 16.498 13.597 9.077 7.143 15.468 8.972 11.349 1.501 8.884 9.395 13.271 7.768 16.413 14.240 10.567 7.007 9.455 10.867 15.014 13.206 16.067 5.647 11.664 8.752 3.356 2.605 5.072 12.167 11.398 11.455 13.069 12.583 9.054 12.785 15.928 6.384 13.368 12.356 13.771 7.936 3.871 14.453 8.480 8.502 16.198 8.855 11.038 4.272 6.093 
2.858 7.866 5.731 7.887 4.223 1.981 4.017 1.842 6.654 12.511 10.073 3.621 6.529 6.407 0.513 7.213 12.069 5.707 4.136 9.627 1.269 8.286 10.431 12.303 6.946 12.173 2.438 11.521 5.502 8.123 3.804 7.687 8.061 5.284 12.040 6.655 3.994 11.191 5.628 10.572 11.417 11.299 4.213 6.070 5.401 11.351 11.176 7.759 5.979 12.251 7.395 10.781 7.090 4.181 2.050 10.518 3.286 10.228 7.879 2.913 2.402 9.907 4.667 10.556 6.943 4.513 9.229 3.196 3.575 10.211 5.939 9.869 4.551 4.764 4.291 4.308 4.801 7.163 10.163 5.828 4.163 10.127 11.767 1.756 5.595 11.298 1.609 10.430 12.089 10.533 4.190 6.009 10.075 2.590 9.628 11.015 7.061 4.742 3.058 8.655 
4.552 8.482 6.830 8.467 5.815 3.510 3.011 0.351 7.126 12.794 9.914 4.684 7.648 6.162 1.873 6.278 13.655 6.569 2.440 11.208 2.035 6.768 10.663 12.804 7.426 12.463 4.127 13.080 6.582 6.532 5.198 8.903 7.942 3.753 12.323 7.362 5.254 11.370 7.304 12.044 12.375 12.830 5.122 7.674 6.499 11.503 12.453 6.789 7.632 13.770 8.312 12.161 8.636 4.506 2.633 11.693 4.411 10.367 6.334 4.128 4.024 10.635 4.931 11.970 8.613 5.860 8.499 4.153 5.262 11.341 7.633 11.363 4.039 6.392 5.024 2.620 3.236 6.270 10.532 6.576 5.817 10.747 11.889 3.440 7.289 12.402 1.101 11.059 12.086 11.246 4.625 4.912 11.086 3.269 9.176 12.260 7.186 6.181 1.376 7.810 
6.583 1.803 11.408 1.723 8.684 5.338 5.192 6.589 0.358 6.068 4.336 3.383 3.269 2.523 5.934 5.386 10.586 11.734 8.107 8.528 7.712 8.890 4.016 5.951 0.620 5.731 6.337 9.823 11.240 9.320 9.160 4.392 2.655 7.243 5.598 12.792 3.826 4.804 7.242 8.247 6.140 9.365 10.315 6.436 11.119 4.983 7.418 5.779 7.020 10.073 2.651 7.740 6.413 10.608 4.423 6.296 3.716 3.902 8.797 4.120 5.683 3.996 1.934 7.791 9.829 4.147 5.636 9.363 7.395 5.805 8.504 7.871 3.753 6.131 2.306 8.414 7.214 5.190 3.723 11.967 8.166 3.959 5.420 6.764 7.728 6.630 7.675 4.273 5.887 4.557 2.269 5.619 5.140 8.980 4.877 7.098 1.263 4.664 7.221 5.748 
6.328 2.752 11.030 2.667 8.451 4.951 4.250 5.776 1.304 6.752 4.476 3.169 3.857 1.799 5.312 4.583 11.241 11.278 7.193 9.090 7.078 7.992 4.638 6.783 1.566 6.418 6.031 10.490 10.847 8.400 8.801 5.091 2.554 6.293 6.280 12.311 3.786 5.384 7.357 8.957 7.087 10.052 9.827 6.688 10.728 5.539 8.271 5.014 7.207 10.799 3.475 8.523 6.826 9.993 3.763 7.176 3.451 4.415 7.883 3.812 5.380 4.940 1.152 8.543 9.873 4.242 5.140 8.849 7.192 6.695 8.545 8.532 2.803 6.196 2.041 7.500 6.267 4.394 4.476 11.481 7.979 4.872 5.954 6.345 7.794 7.550 6.936 5.185 6.307 5.492 1.655 4.704 6.064 8.388 4.651 7.961 1.285 4.798 6.338 5.123 
4.586 4.909 8.892 4.881 6.645 3.033 2.592 3.346 3.524 9.228 6.681 2.183 4.659 3.092 2.920 4.701 11.656 9.020 5.065 9.289 4.650 7.170 7.113 9.197 3.824 8.894 4.195 10.971 8.688 7.352 6.737 6.008 4.669 4.741 8.756 10.013 3.025 7.849 6.430 9.644 8.987 10.614 7.540 6.177 8.575 7.998 9.533 5.250 6.480 11.478 4.978 9.490 6.740 7.565 1.376 8.605 2.198 6.867 6.918 2.314 3.613 7.092 1.330 9.396 8.632 3.702 6.251 6.536 5.507 8.190 7.358 9.069 1.839 5.250 1.754 5.362 4.534 4.579 6.935 9.182 6.291 7.160 8.404 4.251 6.713 9.187 4.461 7.473 8.696 7.692 1.068 4.029 7.778 5.990 6.369 9.282 3.681 4.236 4.075 5.867 
7.380 3.173 11.989 3.034 9.503 5.947 4.308 6.268 1.946 6.292 3.505 4.267 4.864 0.957 6.107 3.814 12.213 12.178 7.358 10.124 7.832 7.438 4.154 6.597 2.085 5.972 7.060 11.452 11.797 7.933 9.783 6.023 1.506 6.146 5.829 13.187 4.914 4.813 8.493 9.881 7.495 10.997 10.708 7.818 11.681 4.934 9.006 4.174 8.343 11.706 4.275 9.366 7.921 10.744 4.556 7.858 4.528 3.800 7.393 4.866 6.417 5.200 2.018 9.423 11.001 5.378 4.048 9.711 8.260 7.356 9.674 9.498 2.817 7.330 3.148 7.665 6.219 3.614 4.206 12.356 9.051 4.970 5.310 7.303 8.926 8.115 7.547 5.270 5.528 5.678 2.619 4.256 6.625 9.178 3.519 8.676 0.759 5.934 6.635 4.116 
3.750 7.215 7.110 7.372 4.165 4.689 9.277 8.206 7.144 11.877 11.527 4.766 4.364 9.204 6.286 11.531 5.675 7.995 10.563 3.314 7.031 13.968 10.419 10.839 7.255 11.577 4.105 5.236 7.099 14.029 5.419 4.241 9.916 11.212 11.493 9.045 3.937 11.210 1.026 4.755 8.121 5.138 7.232 0.832 6.986 11.433 6.327 12.060 0.526 6.099 5.673 5.432 1.534 8.603 6.336 6.329 4.713 10.609 13.659 4.662 4.131 8.040 7.047 5.054 3.067 3.329 12.619 6.857 3.465 6.332 2.059 4.003 8.742 1.782 5.675 10.766 10.839 11.386 9.702 8.429 3.573 8.662 11.883 4.960 1.488 7.317 8.001 8.845 12.605 8.560 6.500 10.936 6.836 7.318 12.118 6.359 8.517 2.759 9.437 12.472 
7.998 7.044 11.646 7.230 8.731 8.415 12.084 11.825 7.848 10.303 11.522 7.449 5.015 10.622 10.044 13.411 2.508 12.555 14.106 1.704 11.191 16.568 9.615 8.833 7.778 10.086 8.247 1.726 11.648 16.822 9.976 3.754 10.546 14.220 10.055 13.593 6.706 10.247 5.575 0.188 5.248 1.231 11.786 4.550 11.538 10.471 2.427 13.854 5.000 1.990 5.552 1.231 3.379 13.094 9.518 3.214 7.613 10.045 16.363 7.801 8.033 6.496 8.978 0.796 7.100 6.046 13.731 11.349 7.935 3.578 6.500 0.565 11.079 5.841 7.793 14.357 13.966 13.226 8.747 12.993 8.132 7.233 10.858 9.148 6.049 4.030 11.991 7.256 11.741 6.736 8.655 13.289 4.522 11.707 12.707 2.675 9.305 5.688 12.977 13.889 
9.904 2.512 14.814 2.477 11.845 8.967 9.110 10.639 3.772 2.688 4.288 6.930 4.951 5.771 9.851 8.367 10.278 15.295 12.105 8.953 11.618 12.126 1.933 1.942 3.471 2.399 9.772 9.510 14.680 12.698 12.579 5.029 4.449 11.026 2.330 16.388 7.016 2.435 9.587 7.848 3.384 8.979 13.960 8.446 14.555 2.654 6.006 8.566 9.162 9.349 3.605 6.896 7.838 14.459 8.402 4.818 7.293 2.507 12.146 7.718 9.152 1.336 5.987 7.169 12.187 6.995 7.458 13.072 10.558 4.343 10.957 7.842 7.620 8.741 6.076 12.413 11.078 8.165 1.097 15.583 11.246 0.599 3.027 10.379 10.170 4.497 11.685 0.646 3.921 1.248 6.282 9.090 3.362 12.813 5.947 5.635 4.124 7.316 11.259 8.016 
7.657 8.662 10.341 8.572 9.232 6.258 1.765 3.252 7.211 11.905 8.323 6.413 8.989 4.964 4.926 3.515 15.935 10.001 2.176 13.532 5.568 3.278 9.814 12.374 7.476 11.605 7.208 15.271 10.089 3.191 8.717 10.341 6.663 0.397 11.461 10.697 7.217 10.355 10.166 13.981 12.984 14.932 8.599 10.214 10.011 10.425 13.834 3.887 10.364 15.810 9.147 13.833 10.943 7.727 4.520 12.854 6.312 9.350 2.885 6.244 6.884 10.840 5.164 13.742 11.874 7.905 5.900 7.661 8.491 12.411 10.766 13.392 3.107 9.082 6.087 2.412 0.550 3.603 9.979 9.953 9.142 10.710 10.721 6.722 10.288 13.353 4.517 11.017 10.651 11.374 5.286 2.057 11.893 6.737 7.061 13.568 6.544 8.386 2.358 5.048 
5.848 5.974 9.639 5.903 7.774 4.292 1.036 2.997 4.519 9.719 6.602 3.826 6.219 2.861 3.559 3.373 13.304 9.591 3.965 10.941 4.987 5.519 7.581 9.955 4.800 9.399 5.418 12.615 9.412 5.708 7.633 7.570 4.666 3.187 9.256 10.493 4.665 8.230 7.968 11.267 10.246 12.252 8.099 7.796 9.310 8.341 11.047 3.929 8.062 13.108 6.362 11.071 8.389 7.774 2.390 10.064 3.809 7.213 5.268 3.857 4.921 8.175 2.386 10.996 10.029 5.347 5.322 7.082 6.762 9.623 8.798 10.706 0.701 6.807 3.333 4.273 3.070 3.297 7.589 9.677 7.513 8.117 8.700 5.242 8.202 10.574 4.401 8.429 8.822 8.736 2.505 2.444 9.122 6.355 5.850 10.779 4.123 5.873 3.210 4.755 
4.304 6.281 8.040 6.257 6.171 2.786 2.050 1.967 4.903 10.574 7.840 2.932 5.764 4.121 1.947 4.989 12.402 8.038 3.834 9.981 3.492 6.717 8.448 10.575 5.203 10.241 3.864 11.757 7.817 6.752 6.012 7.086 5.838 3.951 10.103 8.974 3.688 9.168 6.626 10.541 10.292 11.441 6.544 6.633 7.713 9.308 10.647 5.544 6.796 12.343 6.247 10.500 7.384 6.369 0.941 9.786 2.776 8.173 6.389 2.669 3.424 8.454 2.699 10.364 8.526 4.370 6.911 5.526 5.204 9.395 7.337 9.917 2.227 5.516 2.944 4.117 3.623 4.917 8.301 8.150 5.937 8.537 9.703 3.628 6.794 10.422 3.134 8.850 9.944 9.059 2.422 3.942 9.048 4.863 7.306 10.419 4.983 4.825 2.775 6.372 
8.408 7.951 11.746 8.138 8.935 8.962 12.819 12.427 8.727 11.176 12.435 8.144 5.846 11.480 10.603 14.249 1.597 12.696 14.735 1.549 11.652 17.348 10.524 9.683 8.666 10.966 8.692 0.817 11.769 17.579 10.208 4.622 11.444 14.939 10.938 13.705 7.371 11.150 5.827 0.883 6.051 0.383 12.022 4.934 11.663 11.374 3.130 14.701 5.280 1.329 6.445 1.959 3.836 13.401 10.176 4.050 8.283 10.957 17.131 8.440 8.536 7.395 9.781 1.590 7.029 6.695 14.618 11.655 8.250 4.444 6.594 1.171 11.862 6.257 8.560 14.977 14.666 14.067 9.655 13.145 8.364 8.132 11.757 9.587 6.239 4.800 12.507 8.148 12.644 7.619 9.432 14.083 5.403 12.078 13.612 3.426 10.190 6.292 13.601 14.761 
4.654 5.890 8.541 5.856 6.585 3.101 1.849 2.415 4.485 10.089 7.311 2.891 5.587 3.589 2.446 4.561 12.414 8.558 4.073 10.014 4.023 6.538 7.959 10.132 4.784 9.758 4.223 11.750 8.321 6.635 6.486 6.927 5.311 3.908 9.619 9.500 3.698 8.669 6.838 10.481 9.983 11.415 7.064 6.750 8.215 8.806 10.472 5.118 6.966 12.301 5.966 10.383 7.430 6.900 1.197 9.569 2.799 7.670 6.240 2.773 3.733 8.080 2.257 10.269 8.844 4.386 6.417 6.047 5.567 9.162 7.625 9.879 1.736 5.697 2.702 4.368 3.644 4.477 7.836 8.675 6.318 8.131 9.196 4.065 7.046 10.169 3.647 8.444 9.425 8.676 2.065 3.609 8.768 5.393 6.780 10.230 4.484 4.878 3.079 5.904 
9.100 6.528 13.095 6.706 10.096 9.263 12.394 12.497 7.592 9.056 10.775 7.970 5.169 10.445 10.837 13.304 3.659 13.958 14.688 3.434 12.157 16.678 8.662 7.497 7.459 8.874 9.287 2.962 13.078 17.011 11.296 3.818 10.076 14.556 8.862 15.021 7.333 9.210 6.945 1.612 3.798 2.444 13.083 5.795 12.963 9.426 0.821 13.701 6.356 2.591 5.274 0.562 4.599 14.285 10.086 1.960 8.198 9.159 16.522 8.459 8.974 5.479 9.095 0.989 8.720 6.739 13.320 12.558 9.175 2.450 8.006 2.179 11.237 6.988 8.075 14.958 14.359 13.109 7.787 14.381 9.473 6.197 9.777 10.180 7.472 2.519 12.844 6.156 10.686 5.585 8.880 13.374 3.425 12.817 12.134 1.170 8.965 6.503 13.583 13.589 
5.206 12.573 1.096 12.644 3.704 6.155 9.268 6.647 11.617 17.468 15.425 8.177 10.422 11.827 5.870 12.538 13.136 0.262 7.996 11.029 4.365 12.820 15.491 16.979 11.883 17.131 5.291 12.872 0.923 12.417 2.578 11.146 13.419 9.896 17.008 1.329 8.052 16.286 6.860 12.601 15.249 12.876 1.232 8.019 0.987 16.467 14.048 13.066 7.447 13.811 11.632 13.252 9.207 2.323 7.384 13.803 7.820 15.379 12.347 7.399 5.909 14.312 9.925 12.891 5.918 8.181 14.648 2.250 4.758 13.663 5.987 11.850 9.987 6.957 9.183 7.965 9.356 12.511 15.083 0.581 4.333 14.704 16.904 4.725 6.365 14.744 5.251 14.978 17.324 14.932 9.369 11.216 13.864 3.044 15.069 14.019 12.306 8.021 7.400 14.033 
9.041 6.227 13.016 6.075 11.058 7.478 3.532 6.177 5.026 8.182 4.350 6.416 7.811 2.179 6.932 0.839 15.196 12.951 6.202 13.017 8.331 4.604 6.237 8.958 5.172 7.916 8.636 14.446 12.788 5.230 10.994 9.042 3.104 4.338 7.775 13.829 7.218 6.621 10.795 12.909 10.470 14.008 11.462 10.353 12.687 6.646 12.093 1.088 10.767 14.748 7.349 12.437 10.662 11.032 5.640 10.942 6.548 5.680 4.672 6.746 8.075 8.117 4.105 12.479 13.090 7.819 1.972 10.447 9.964 10.438 11.803 12.488 2.774 9.604 5.478 6.472 4.656 0.646 6.632 13.020 10.741 7.763 6.875 8.567 11.129 11.168 7.626 8.036 6.671 8.521 4.648 2.065 9.683 9.688 2.950 11.763 3.726 8.388 5.939 1.403 
4.680 2.847 9.571 2.906 6.745 3.614 5.209 5.749 2.000 7.733 6.342 1.575 2.025 3.906 4.592 6.504 9.300 9.982 7.699 7.051 6.322 9.573 5.818 7.294 2.217 7.397 4.485 8.574 9.419 9.853 7.319 3.375 4.589 7.372 7.277 11.064 1.838 6.629 5.258 7.136 6.440 8.172 8.617 4.533 9.295 6.826 6.866 6.987 5.071 8.987 2.378 6.880 4.694 9.118 3.305 5.934 1.938 5.803 9.381 2.363 3.844 4.810 1.982 6.821 7.828 2.146 7.293 7.718 5.447 5.525 6.501 6.628 4.087 4.129 0.939 7.989 7.196 6.331 5.349 10.252 6.204 5.063 7.276 5.034 5.729 6.541 6.545 5.358 7.820 5.437 1.692 6.290 5.170 7.471 6.767 6.611 3.198 2.679 6.658 7.228 
3.961 8.403 6.411 8.557 3.723 5.194 9.960 8.607 8.274 13.082 12.669 5.658 5.555 10.204 6.683 12.409 5.912 7.372 10.945 3.788 7.137 14.638 11.613 12.036 8.399 12.781 4.380 5.615 6.438 14.640 5.015 5.434 11.012 11.792 12.697 8.370 4.867 12.406 1.303 5.468 9.248 5.628 6.807 1.991 6.334 12.628 7.277 12.948 1.360 6.555 6.873 6.289 2.667 8.311 6.988 7.395 5.548 11.792 14.302 5.423 4.579 9.239 8.007 5.879 1.930 4.325 13.621 6.596 3.405 7.437 1.273 4.742 9.568 2.480 6.649 11.123 11.384 12.273 10.901 7.827 3.238 9.866 13.079 5.135 1.228 8.386 8.202 10.047 13.794 9.755 7.434 11.713 7.989 7.196 13.196 7.347 9.615 3.764 9.843 13.426 
3.786 8.852 5.805 9.001 3.235 5.144 9.965 8.455 8.638 13.592 13.038 5.841 6.023 10.435 6.549 12.535 6.460 6.784 10.769 4.406 6.846 14.616 12.071 12.585 8.780 13.288 4.226 6.201 5.842 14.583 4.519 5.994 11.330 11.725 13.200 7.765 5.087 12.871 1.485 6.109 9.861 6.237 6.287 2.467 5.741 13.091 7.924 13.081 1.764 7.154 7.357 6.937 3.270 7.833 6.997 8.028 5.693 12.226 14.265 5.522 4.512 9.782 8.217 6.527 1.312 4.604 13.844 6.142 3.114 8.059 0.769 5.386 9.669 2.658 6.880 10.933 11.297 12.408 11.380 7.244 2.816 10.393 13.544 4.909 1.127 9.018 7.947 10.583 14.239 10.309 7.627 11.772 8.588 6.797 13.491 7.992 9.939 4.062 9.686 13.609 
2.267 9.260 3.614 9.373 0.748 3.831 8.519 6.563 8.654 14.194 12.927 5.316 6.693 9.807 4.798 11.447 8.903 4.478 8.760 6.714 4.630 12.994 12.419 13.436 8.865 13.868 2.678 8.585 3.589 12.852 2.031 7.143 11.037 10.007 13.761 5.532 4.817 13.233 2.547 8.265 11.239 8.562 3.816 3.760 3.473 13.439 9.779 12.004 3.136 9.506 8.014 8.937 4.919 5.343 5.707 9.635 5.039 12.448 12.598 4.714 3.240 10.656 7.604 8.567 2.284 4.646 13.096 3.662 1.344 9.551 1.733 7.515 8.571 2.918 6.445 8.883 9.530 11.352 11.852 4.915 0.582 11.160 13.893 2.995 2.030 10.602 5.793 11.400 14.471 11.247 6.986 10.459 9.878 4.371 13.044 9.775 9.720 4.287 7.747 12.709 
5.101 6.809 8.623 6.983 5.689 5.790 10.057 9.311 7.048 11.154 11.305 5.372 4.037 9.441 7.430 11.983 4.359 9.518 11.655 1.918 8.365 14.715 9.910 9.968 7.097 10.874 5.405 3.831 8.618 14.850 6.938 3.454 9.881 12.095 10.805 10.563 4.535 10.666 2.537 3.230 6.950 3.673 8.750 1.645 8.506 10.893 4.891 12.487 1.970 4.638 5.187 3.936 0.844 10.091 7.222 5.038 5.418 10.181 14.444 5.478 5.308 7.230 7.423 3.545 4.306 3.851 12.803 8.345 4.934 5.120 3.511 2.478 9.325 2.969 6.074 11.880 11.765 11.821 9.126 9.954 5.093 7.909 11.331 6.292 3.010 6.026 9.265 8.050 12.117 7.686 6.949 11.560 5.758 8.758 12.110 4.960 8.502 3.338 10.520 12.765 
5.715 10.143 6.770 10.123 6.522 4.959 4.130 1.902 8.771 14.366 11.321 6.329 9.296 7.589 3.338 7.216 15.046 6.256 1.977 12.608 2.553 6.819 12.228 14.435 9.071 14.038 5.338 14.506 6.513 6.395 5.622 10.530 9.394 3.995 13.897 6.842 6.853 12.913 8.524 13.552 14.048 14.286 4.978 9.047 6.456 13.036 14.066 7.673 8.916 15.238 9.985 13.728 10.077 3.850 4.305 13.335 6.041 11.902 6.339 5.731 5.384 12.303 6.557 13.517 9.464 7.429 9.554 4.186 6.268 12.993 8.642 12.853 5.413 7.732 6.698 1.947 3.462 7.250 12.138 6.143 6.677 12.404 13.407 4.515 8.418 14.059 1.445 12.716 13.550 12.913 6.282 5.755 12.754 3.208 10.423 13.883 8.744 7.703 1.682 8.781 
1.895 6.154 6.437 6.206 3.967 0.358 4.588 3.469 5.127 10.993 9.063 1.736 4.501 5.706 1.662 7.314 10.190 6.739 5.808 7.744 3.142 9.249 9.000 10.602 5.396 10.655 1.508 9.602 6.259 9.252 4.206 5.624 7.092 6.413 10.530 7.803 1.941 9.796 4.104 8.567 9.427 9.346 5.335 4.250 6.139 9.977 9.109 7.869 4.317 10.286 5.464 8.730 5.159 5.828 1.625 8.458 1.373 8.895 8.911 0.951 0.931 8.065 3.574 8.517 6.030 2.445 8.941 4.414 2.818 8.162 4.811 7.880 4.427 3.037 2.692 6.034 6.025 7.210 8.610 6.981 3.599 8.363 10.416 1.768 4.256 9.254 3.672 8.654 10.858 8.694 2.972 6.425 8.068 4.185 8.976 8.947 5.879 2.707 4.672 8.548 
4.814 10.622 4.883 10.635 5.064 4.591 5.579 2.946 9.366 15.173 12.466 6.393 9.266 8.719 3.281 8.814 14.206 4.346 3.885 11.814 1.637 8.720 13.064 15.042 9.663 14.838 4.539 13.738 4.626 8.305 3.987 10.370 10.476 5.843 14.701 4.963 6.706 13.801 7.541 12.971 14.179 13.581 3.092 8.285 4.576 13.947 13.792 9.307 8.014 14.546 10.169 13.300 9.414 1.990 4.713 13.205 6.052 12.814 8.243 5.665 4.811 12.681 7.275 13.037 8.036 7.159 11.077 2.396 5.126 12.922 7.394 12.240 6.627 6.964 7.051 3.853 5.303 8.821 12.854 4.243 5.354 12.888 14.348 3.639 7.318 14.016 1.532 13.193 14.596 13.307 6.863 7.400 12.828 1.460 11.771 13.655 9.623 7.299 3.387 10.363 
7.060 9.852 8.823 9.794 8.250 5.935 3.005 2.413 8.406 13.575 10.182 6.739 9.606 6.609 4.340 5.571 16.036 8.342 0.114 13.592 4.300 4.731 11.448 13.877 8.695 13.262 6.632 15.431 8.566 4.315 7.500 10.926 8.393 2.020 13.118 8.926 7.434 12.054 9.795 14.303 14.035 15.151 7.036 10.097 8.504 12.146 14.489 5.960 10.101 16.075 10.033 14.318 10.998 5.935 4.629 13.621 6.534 11.037 4.250 6.335 6.489 12.056 6.197 14.166 11.101 8.089 7.957 6.192 7.766 13.223 10.141 13.651 4.493 8.843 6.760 0.364 1.535 5.646 11.503 8.232 8.298 12.032 12.475 5.945 9.794 14.236 3.126 12.345 12.488 12.632 6.117 4.096 12.835 5.219 9.042 14.261 8.030 8.478 1.182 7.116 
6.512 3.349 11.151 3.536 8.057 6.227 8.844 9.162 4.134 7.346 7.887 4.609 1.661 6.950 7.665 9.784 6.218 11.840 11.259 4.429 9.183 13.108 6.208 6.183 4.051 7.070 6.565 5.442 11.071 13.437 9.061 0.494 6.818 11.007 7.003 12.944 4.123 6.929 5.282 3.823 3.618 4.961 10.715 4.043 10.948 7.158 3.234 10.202 4.770 5.634 1.822 3.323 3.227 11.648 6.705 2.406 4.891 6.549 12.948 5.218 6.099 3.421 5.522 3.350 7.750 3.673 10.002 10.009 6.885 2.108 6.627 3.530 7.665 4.738 4.547 11.539 10.831 9.593 5.386 12.207 7.416 4.102 7.584 7.391 5.884 3.207 9.698 4.241 8.406 3.898 5.324 9.804 2.245 10.063 8.992 2.994 5.579 3.663 10.180 10.180 
10.096 10.690 12.342 10.576 11.560 8.734 4.174 5.532 9.277 13.283 9.430 8.875 11.344 6.680 7.338 4.284 18.398 11.862 3.633 16.005 7.722 1.345 11.306 13.994 9.513 13.014 9.648 17.724 12.086 0.792 10.928 12.693 8.124 2.136 12.872 12.416 9.690 11.721 12.650 16.399 15.047 17.373 10.557 12.706 12.021 11.749 16.130 4.349 12.855 18.237 11.373 16.198 13.422 9.430 7.012 15.100 8.791 10.767 0.860 8.734 9.354 12.800 7.415 16.130 14.286 10.379 6.343 9.697 10.903 14.637 13.212 15.829 5.275 11.573 8.468 3.674 2.566 4.461 11.623 11.741 11.522 12.572 11.974 9.106 12.756 15.527 6.578 12.867 11.726 13.286 7.629 3.354 14.046 8.730 7.856 15.846 8.360 10.868 4.408 5.430 
10.904 10.640 13.457 10.509 12.493 9.469 4.697 6.487 9.284 12.772 8.840 9.357 11.611 6.527 8.188 3.822 18.825 13.022 4.802 16.473 8.757 0.074 10.885 13.615 9.493 12.522 10.454 18.125 13.202 0.742 11.943 12.944 7.762 2.995 12.384 13.615 10.192 11.224 13.344 16.731 14.977 17.747 11.684 13.292 13.133 11.229 16.284 3.727 13.502 18.580 11.490 16.446 13.922 10.624 7.655 15.204 9.319 10.314 0.444 9.317 10.102 12.668 7.632 16.411 15.129 10.877 5.554 10.792 11.748 14.723 14.003 16.200 5.512 12.227 8.809 4.879 3.508 4.021 11.290 12.922 12.406 12.370 11.413 9.986 13.498 15.555 7.647 12.653 11.079 13.112 7.938 3.336 14.064 9.837 7.162 15.982 8.208 11.395 5.452 4.669 
1.847 8.872 3.845 8.981 0.783 3.413 8.127 6.225 8.244 13.810 12.508 4.894 6.339 9.382 4.428 11.035 8.891 4.648 8.452 6.645 4.369 12.628 12.020 13.076 8.458 13.484 2.265 8.539 3.795 12.500 2.044 6.839 10.614 9.649 13.375 5.724 4.407 12.835 2.378 8.138 10.945 8.489 3.857 3.540 3.675 13.039 9.572 11.591 2.963 9.442 7.651 8.766 4.722 5.309 5.296 9.383 4.615 12.043 12.237 4.288 2.817 10.304 7.179 8.408 2.569 4.257 12.673 3.590 0.925 9.281 1.804 7.385 8.155 2.597 6.023 8.585 9.178 10.937 11.463 5.068 0.247 10.796 13.493 2.636 1.927 10.342 5.515 11.040 14.064 10.899 6.560 10.059 9.577 4.225 12.618 9.554 9.299 3.920 7.422 12.290 
5.081 2.572 9.969 2.710 6.973 4.383 6.601 6.996 2.498 7.465 6.827 2.509 0.650 5.026 5.641 7.759 8.025 10.506 9.034 5.868 7.279 10.937 5.790 6.742 2.566 7.143 5.003 7.282 9.847 11.234 7.754 1.986 5.330 8.764 7.040 11.609 2.268 6.598 4.874 5.793 5.295 6.858 9.235 3.892 9.721 6.815 5.482 8.217 4.546 7.644 1.354 5.493 3.730 9.940 4.530 4.584 2.837 5.925 10.756 3.222 4.426 4.032 3.331 5.448 7.508 2.127 8.304 8.413 5.691 4.201 6.219 5.325 5.462 3.911 2.299 9.318 8.582 7.578 5.151 10.822 6.371 4.457 7.269 5.711 5.425 5.251 7.655 4.716 7.940 4.652 3.084 7.643 3.958 8.307 7.559 5.234 3.953 2.451 7.969 8.345 
