25 50 100
92 138 111 133 37 130 60 33 55 56 108 77 130 57 122 24 78 101 106 56 98 63 88 25 92 
100 137 52 223 107 151 159 39 184 43 238 83 209 235 117 95 192 146 174 81 81 126 30 27 182 114 25 34 168 241 60 55 128 27 208 83 44 191 108 83 32 100 238 74 176 127 232 101 189 144 
15 32 34 26 33 12 10 32 24 17 14 5 26 20 19 10 13 15 11 16 20 25 32 21 28 34 9 34 27 5 13 29 5 18 29 22 26 21 23 6 22 17 21 23 18 32 5 35 11 19 33 9 16 23 10 17 33 7 5 14 33 29 7 10 11 18 27 35 25 15 27 33 23 6 23 26 5 17 21 15 30 26 23 26 21 30 8 35 27 6 30 33 14 23 33 35 17 25 20 7 
940.160 1033.399 692.199 1410.634 880.068 1072.997 1137.032 528.924 1269.903 657.494 1447.250 848.082 1233.759 1272.605 927.470 899.827 1278.261 1036.792 1143.552 758.783 862.802 1033.621 528.958 543.356 1204.518 967.242 469.465 571.491 1127.411 1410.663 682.985 736.350 991.678 457.206 1305.854 853.386 588.872 1238.392 954.700 800.160 499.575 936.568 1323.596 777.938 1213.470 951.911 1350.775 860.250 1289.514 1100.164 
1.993 1.487 10.806 6.468 9.775 3.678 4.420 7.729 9.165 1.488 8.570 3.978 7.199 6.982 2.829 6.751 5.387 2.455 5.782 1.454 5.584 2.021 1.777 7.919 1.047 2.222 5.565 5.460 2.476 7.459 1.808 6.621 3.139 7.590 4.782 0.305 2.495 1.304 6.211 7.739 3.739 3.559 5.692 9.117 8.620 7.200 2.147 6.675 5.178 5.500 
5.139 1.853 9.340 3.176 8.231 6.212 4.900 4.756 7.375 4.805 6.969 0.702 6.431 8.924 1.848 8.256 2.376 0.878 4.880 3.940 4.936 2.834 5.013 5.804 2.484 4.340 4.004 3.756 4.368 5.307 3.229 6.679 4.508 5.117 2.004 3.113 4.828 4.481 6.220 5.117 2.882 5.305 4.933 7.304 7.261 5.559 3.010 4.535 7.425 2.816 
4.275 5.448 7.414 7.953 6.671 2.762 1.403 7.808 6.573 4.978 5.844 6.322 3.722 3.051 4.307 2.131 8.460 5.614 3.323 3.623 2.902 6.866 4.568 6.237 5.674 2.858 4.256 4.442 7.491 6.013 3.416 2.251 1.917 6.662 8.154 4.841 7.389 5.801 2.090 7.045 3.545 1.600 3.088 6.574 5.516 5.032 7.038 5.559 2.444 5.922 
7.340 5.024 5.904 2.638 4.800 7.446 4.527 1.933 3.844 7.387 3.590 3.097 3.971 8.934 3.342 7.876 4.558 4.146 2.877 5.930 3.226 6.409 7.373 2.185 5.715 5.835 1.693 1.460 7.883 1.697 4.944 5.079 5.254 1.472 4.765 5.863 8.250 7.461 4.714 1.581 2.842 6.022 3.084 3.764 4.047 2.356 6.601 1.037 8.061 0.875 
7.413 4.914 6.306 2.175 5.208 7.639 4.834 1.716 4.232 7.407 4.016 2.821 4.429 9.266 3.349 8.233 4.145 3.993 3.294 6.006 3.626 6.230 7.425 2.550 5.609 5.970 2.090 1.834 7.730 2.078 5.026 5.502 5.460 1.697 4.388 5.835 8.124 7.420 5.127 1.687 3.014 6.250 3.494 4.148 4.491 2.812 6.416 1.482 8.326 0.640 
5.564 6.705 6.733 8.690 6.147 3.884 2.338 8.227 6.255 6.292 5.537 7.325 3.364 2.852 5.394 1.613 9.476 6.782 3.560 4.956 3.173 8.164 5.868 6.272 6.970 4.191 4.695 4.936 8.823 6.148 4.706 1.675 3.231 6.893 9.229 6.162 8.721 7.130 1.812 7.311 4.462 2.915 3.332 6.274 5.086 5.038 8.340 5.851 3.101 6.585 
5.282 3.649 6.527 4.086 5.451 5.255 2.478 4.109 4.765 5.448 4.210 2.924 3.336 6.924 1.722 5.967 5.014 3.086 1.781 3.888 1.858 5.241 5.359 3.526 4.270 3.693 1.150 1.056 6.531 3.090 2.915 3.707 3.063 3.387 4.909 4.113 6.770 5.700 3.262 3.650 0.716 3.837 1.838 4.712 4.360 2.805 5.444 2.342 5.909 2.048 
3.347 2.992 7.875 5.739 6.890 3.225 1.491 6.126 6.403 3.674 5.749 3.814 4.186 5.383 1.759 4.672 5.923 3.042 2.861 2.037 2.601 4.536 3.482 5.428 3.361 1.670 3.015 3.034 5.464 5.039 1.232 3.641 1.075 5.423 5.587 2.761 5.529 4.162 3.211 5.701 1.400 1.904 2.732 6.369 5.706 4.480 4.726 4.344 4.064 3.943 
7.066 3.668 10.418 2.586 9.316 8.310 6.954 4.743 8.348 6.598 8.100 1.964 8.040 11.060 3.948 10.368 0.267 2.895 6.562 5.986 6.708 3.856 6.889 6.665 4.114 6.449 5.487 5.200 5.299 6.194 5.348 8.561 6.646 5.727 0.461 4.973 5.888 6.059 8.110 5.558 4.836 7.445 6.665 8.265 8.519 6.791 3.949 5.541 9.558 3.685 
6.359 4.542 5.729 3.682 4.626 6.258 3.236 3.218 3.840 6.517 3.364 3.254 3.029 7.635 2.654 6.582 5.136 3.836 1.686 4.965 1.983 6.080 6.435 2.478 5.198 4.757 0.480 0.188 7.448 2.025 3.990 3.886 4.064 2.322 5.176 5.136 7.730 6.735 3.492 2.611 1.792 4.798 1.865 3.779 3.633 1.942 6.281 1.266 6.792 1.561 
1.907 1.500 10.578 6.412 9.552 3.494 4.165 7.612 8.954 1.508 8.353 3.934 6.958 6.769 2.666 6.516 5.430 2.425 5.551 1.221 5.346 2.223 1.729 7.731 1.170 1.982 5.363 5.266 2.732 7.275 1.558 6.367 2.885 7.427 4.842 0.192 2.744 1.482 5.958 7.587 3.532 3.317 5.457 8.907 8.393 6.990 2.360 6.495 4.978 5.369 
2.896 1.782 11.818 6.635 10.760 4.794 5.632 8.179 10.083 2.136 9.529 4.181 8.305 8.161 3.622 7.984 5.102 2.726 6.834 2.697 6.676 1.093 2.593 8.728 1.091 3.469 6.467 6.322 1.262 8.249 3.004 7.827 4.388 8.272 4.433 1.467 1.457 1.300 7.408 8.363 4.698 4.805 6.768 10.028 9.634 8.127 1.123 7.452 6.325 6.054 
3.266 0.265 9.971 5.037 8.898 4.572 4.219 6.366 8.191 2.901 7.655 2.548 6.574 7.608 1.728 7.149 4.078 1.027 5.053 2.203 4.947 1.860 3.119 6.814 0.831 2.777 4.581 4.423 3.087 6.334 1.805 6.327 3.308 6.366 3.528 1.209 3.371 2.653 5.882 6.472 2.870 3.978 5.015 8.134 7.796 6.243 2.060 5.537 5.938 4.181 
8.261 5.384 7.188 1.085 6.133 8.717 6.096 1.199 5.104 8.138 5.036 2.939 5.723 10.542 4.172 9.538 3.503 4.390 4.632 6.881 4.963 6.454 8.226 3.433 6.063 6.960 3.428 3.167 7.997 3.045 5.933 6.840 6.581 2.363 3.930 6.483 8.466 8.002 6.465 2.090 4.133 7.395 4.831 5.014 5.583 3.999 6.620 2.667 9.516 1.586 
3.672 1.925 8.327 4.663 7.270 4.199 2.729 5.434 6.616 3.693 6.043 2.527 4.887 6.689 0.486 6.010 4.600 1.735 3.370 2.270 3.260 3.543 3.682 5.355 2.473 2.363 3.005 2.893 4.723 4.899 1.307 4.718 2.288 5.079 4.249 2.262 4.929 3.858 4.264 5.267 1.206 3.108 3.328 6.565 6.144 4.653 3.744 4.121 5.263 3.166 
3.211 2.759 8.071 5.670 7.076 3.231 1.726 6.143 6.568 3.497 5.922 3.675 4.400 5.526 1.613 4.852 5.766 2.839 3.047 1.867 2.803 4.299 3.328 5.549 3.124 1.577 3.129 3.127 5.231 5.148 1.014 3.879 1.151 5.500 5.411 2.532 5.303 3.954 3.448 5.764 1.428 1.985 2.928 6.531 5.897 4.633 4.489 4.436 4.151 3.933 
4.083 1.819 8.359 4.156 7.280 4.724 3.168 5.047 6.564 4.019 6.033 1.988 5.061 7.219 0.123 6.516 4.076 1.362 3.510 2.705 3.463 3.412 4.062 5.207 2.455 2.873 2.957 2.797 4.713 4.734 1.785 5.054 2.824 4.828 3.748 2.465 4.984 4.066 4.596 4.979 1.328 3.646 3.504 6.508 6.191 4.618 3.615 3.941 5.802 2.784 
9.787 6.562 9.012 1.693 8.027 10.546 8.198 2.704 6.985 9.510 7.047 4.072 7.931 12.639 5.867 11.682 3.281 5.583 6.851 8.488 7.172 7.202 9.691 5.411 7.165 8.710 5.641 5.373 8.708 5.103 7.617 9.059 8.501 4.314 3.945 7.816 9.268 9.172 8.679 3.929 6.123 9.333 7.046 6.893 7.641 6.155 7.326 4.849 11.490 3.697 
7.239 4.488 7.056 1.556 5.958 7.665 5.098 1.940 4.980 7.151 4.763 2.202 5.063 9.545 3.143 8.571 3.395 3.521 3.812 5.851 4.101 5.694 7.217 3.295 5.179 5.912 2.600 2.315 7.219 2.827 4.895 6.012 5.532 2.391 3.651 5.520 7.649 7.070 5.612 2.301 3.089 6.349 3.990 4.897 5.228 3.532 5.873 2.218 8.477 0.585 
5.286 7.400 8.670 10.276 8.149 3.276 3.725 10.066 8.289 6.117 7.573 8.581 5.400 0.818 6.533 0.489 10.698 7.732 5.457 5.207 5.046 8.635 5.627 8.267 7.482 4.464 6.502 6.711 8.953 8.112 5.345 3.711 3.877 8.824 10.347 6.534 8.710 7.076 3.820 9.228 5.858 3.173 5.222 8.310 7.113 7.034 8.783 7.748 1.863 8.239 
8.497 5.916 6.119 2.164 5.075 8.702 5.801 0.655 4.040 8.480 4.015 3.650 4.932 10.194 4.425 9.115 4.539 4.962 4.050 7.091 4.426 7.148 8.506 2.389 6.609 7.052 2.921 2.717 8.672 2.045 6.111 6.213 6.515 1.300 4.917 6.889 9.096 8.463 5.878 1.011 4.081 7.292 4.271 3.950 4.590 3.104 7.327 1.843 9.339 1.678 
4.003 1.072 11.081 5.174 9.989 5.628 5.554 6.857 9.216 3.397 8.731 2.794 7.814 8.815 2.880 8.428 3.577 1.551 6.269 3.276 6.201 0.737 3.764 7.735 0.982 3.956 5.661 5.465 2.267 7.242 3.095 7.650 4.607 7.145 2.917 1.987 2.749 2.756 7.201 7.180 4.080 5.229 6.254 9.152 8.930 7.308 0.925 6.448 7.077 4.859 
9.028 6.037 7.600 1.157 6.589 9.549 6.951 1.288 5.546 8.866 5.574 3.528 6.461 11.397 4.961 10.386 3.607 5.035 5.444 7.664 5.786 6.981 8.978 3.940 6.700 7.774 4.250 3.998 8.525 3.619 6.730 7.645 7.424 2.842 4.144 7.192 9.027 8.672 7.281 2.476 4.982 8.242 5.649 5.455 6.160 4.669 7.135 3.371 10.368 2.441 
9.161 6.509 6.218 2.310 5.227 9.381 6.461 0.116 4.184 9.126 4.273 4.162 5.423 10.837 5.078 9.743 4.789 5.538 4.651 7.756 5.039 7.681 9.163 2.642 7.199 7.728 3.559 3.369 9.216 2.401 6.779 6.780 7.194 1.568 5.236 7.520 9.660 9.082 6.464 1.149 4.760 7.969 4.877 4.092 4.888 3.545 7.854 2.384 10.009 2.327 
1.391 4.277 10.369 8.569 9.510 0.639 3.515 9.205 9.208 2.233 8.504 6.290 6.579 4.050 4.389 4.137 8.125 4.978 5.642 1.884 5.276 5.105 1.734 8.442 4.093 1.548 6.073 6.121 5.136 8.087 2.637 5.351 2.179 8.518 7.606 3.087 4.837 3.214 5.091 8.804 4.490 1.700 5.450 9.188 8.316 7.389 5.215 7.426 2.181 6.978 
3.523 7.955 5.488 6.559 3.501 2.920 6.498 9.724 7.494 2.309 6.729 8.998 9.250 9.235 7.366 1.274 7.076 6.413 1.452 6.716 2.398 4.087 7.329 2.880 7.587 5.227 1.365 4.994 2.175 7.511 5.197 4.419 2.842 7.883 2.060 9.025 1.837 4.589 9.596 3.138 6.013 5.393 4.473 6.422 3.947 9.708 5.372 7.428 8.245 8.834 7.239 5.066 2.220 6.620 1.129 6.601 9.544 3.677 3.531 7.571 1.476 3.616 3.895 4.699 2.753 4.642 3.918 5.987 0.492 5.043 3.312 4.749 2.733 5.770 7.944 1.497 8.501 3.298 2.190 7.801 2.288 5.218 5.793 7.267 4.686 8.714 3.851 2.485 7.083 5.665 8.503 6.141 4.573 5.815 8.340 6.139 5.542 5.147 3.656 6.617 
3.006 6.470 2.102 3.165 6.135 1.972 6.315 6.429 7.158 2.578 6.360 7.414 7.322 8.100 7.335 2.797 5.505 3.028 4.491 3.949 5.296 1.450 7.046 1.751 6.160 3.919 2.065 2.398 4.081 7.660 3.188 1.847 5.253 4.499 1.355 7.264 2.120 5.398 7.133 5.376 7.676 6.554 5.445 3.213 1.029 6.409 5.159 4.045 6.860 5.985 7.431 2.138 1.516 6.970 2.955 5.414 7.743 5.859 2.699 4.174 2.752 2.471 1.349 2.138 4.604 4.297 5.168 4.913 3.626 6.963 5.860 2.375 2.430 7.768 4.912 3.971 6.308 0.135 1.728 4.518 1.132 6.513 2.671 5.266 1.435 5.464 3.479 2.537 4.981 6.979 7.540 2.942 6.162 7.408 5.083 6.102 7.851 2.620 0.575 7.113 
13.083 3.809 10.434 10.064 9.833 8.703 4.694 9.540 3.718 8.909 4.405 3.142 3.872 2.094 4.094 11.744 4.735 10.653 10.590 7.315 10.352 8.760 3.899 11.784 4.061 6.291 10.398 7.988 9.196 4.224 7.027 11.838 9.477 10.113 10.260 3.549 9.597 6.890 5.469 9.161 7.601 6.837 7.105 8.778 11.064 9.584 5.740 9.999 3.390 7.009 4.458 11.719 11.152 5.064 9.986 4.774 3.366 8.960 12.816 10.418 11.861 12.623 8.832 8.162 8.852 6.473 7.692 5.325 10.783 8.265 9.659 12.352 12.334 8.393 7.836 9.926 4.968 10.278 11.380 9.102 10.190 7.108 8.633 5.291 10.846 8.976 13.565 12.310 5.619 6.981 2.662 8.792 7.791 7.479 8.977 5.088 9.174 7.771 9.624 5.260 
7.639 4.815 3.587 2.546 9.809 5.442 6.811 1.842 7.064 6.302 6.573 5.144 4.421 6.383 7.609 7.797 4.286 3.176 8.834 1.786 9.372 4.069 7.074 6.612 4.783 4.543 6.801 3.263 7.827 8.067 3.641 5.589 8.940 1.941 6.161 4.715 6.401 7.550 3.170 8.883 9.981 8.615 7.746 1.812 5.200 1.854 6.259 1.995 5.193 1.464 7.977 5.047 6.536 7.897 7.323 4.932 4.944 9.177 7.292 2.361 7.766 6.996 4.260 3.530 8.075 5.849 7.871 4.983 8.219 9.731 9.512 5.917 7.315 10.437 0.466 8.120 3.295 5.152 6.743 0.951 5.945 8.735 2.374 3.378 4.492 0.849 8.037 7.480 3.125 9.074 6.314 2.078 8.814 9.701 0.720 6.900 10.859 3.182 4.581 8.176 
12.026 2.699 9.323 8.956 9.143 7.678 3.903 8.540 2.994 7.934 3.572 2.059 2.863 0.999 3.493 10.752 3.633 9.543 9.742 6.207 9.573 7.674 3.175 10.726 2.960 5.239 9.401 6.886 8.336 3.729 5.935 10.742 8.714 9.029 9.231 2.493 8.605 6.125 4.525 8.414 7.146 6.230 6.354 7.669 9.973 8.582 4.849 8.905 2.282 5.989 3.922 10.613 10.112 4.465 9.043 3.720 2.386 8.263 11.753 9.325 10.862 11.554 7.752 7.066 8.036 5.525 6.922 4.292 9.870 7.703 8.948 11.254 11.290 7.926 6.765 9.052 3.909 9.203 10.343 8.023 9.152 6.498 7.521 4.180 9.742 7.932 12.508 11.275 4.508 6.436 1.665 7.682 7.138 6.989 7.917 4.304 8.689 6.668 8.542 4.703 
5.543 7.472 6.844 7.759 1.484 3.440 5.413 10.589 6.390 2.564 5.722 8.496 8.950 8.448 6.110 3.298 6.734 7.756 0.649 7.200 0.528 4.918 6.212 4.772 7.103 5.019 2.835 5.594 1.096 6.152 5.410 6.182 0.865 9.003 3.483 8.632 2.691 3.234 9.648 1.206 4.093 3.719 3.043 7.310 5.572 10.583 4.476 8.557 7.677 9.236 5.879 6.748 4.012 5.234 1.833 6.085 9.143 1.711 5.528 8.777 3.500 5.586 4.740 5.337 1.255 3.997 2.442 5.494 1.543 3.084 1.282 6.580 4.730 3.772 8.559 0.810 8.428 4.721 4.052 8.710 3.681 3.498 6.649 7.173 6.200 9.541 5.880 4.496 7.073 3.896 7.666 7.039 2.779 3.926 9.190 5.018 3.513 5.678 4.827 5.156 
6.813 4.145 5.931 6.392 3.625 2.521 2.251 8.391 3.246 2.263 2.487 5.156 5.670 5.119 3.161 5.051 3.486 6.666 3.753 4.766 3.710 3.596 3.082 5.598 3.781 2.064 3.782 3.653 2.342 3.375 2.928 6.324 2.938 7.343 3.900 5.320 3.004 1.044 6.569 2.724 3.526 2.216 1.206 5.469 5.511 8.400 1.151 6.958 4.331 6.515 3.115 6.574 4.820 2.564 3.158 2.772 5.823 2.823 6.628 7.296 5.200 6.526 3.516 3.539 2.128 0.761 1.372 2.215 3.904 3.179 3.357 6.845 5.971 3.898 6.156 3.053 5.295 4.520 5.009 6.726 3.929 2.264 4.870 4.085 5.745 7.358 7.273 5.866 4.067 2.678 4.350 5.258 2.263 3.241 7.071 1.904 4.313 3.603 4.127 2.662 
9.311 3.391 5.482 4.609 10.021 6.199 5.967 3.220 5.917 6.954 5.645 3.346 2.461 4.648 6.544 9.032 3.287 5.255 9.478 2.482 9.827 5.156 5.979 8.152 3.515 4.423 7.848 4.166 8.259 7.001 3.967 7.405 9.228 4.132 7.313 2.865 7.270 7.310 0.978 9.090 9.535 8.193 7.541 3.549 6.871 3.263 5.799 4.176 3.670 0.743 6.981 6.965 7.893 7.074 8.115 4.088 2.955 9.265 8.972 4.553 9.045 8.693 5.333 4.465 8.350 5.694 7.826 4.405 9.060 9.514 9.736 7.802 8.847 10.120 1.905 8.718 1.583 6.562 8.123 3.141 7.126 8.370 3.849 2.438 6.278 2.735 9.748 8.965 2.392 8.617 4.790 3.733 8.632 9.272 2.831 6.174 10.670 3.985 5.895 7.375 
11.346 1.906 8.442 8.010 9.074 7.100 3.837 7.497 3.094 7.454 3.465 1.065 1.820 0.750 3.702 10.217 2.871 8.610 9.453 5.263 9.384 6.931 3.258 10.049 2.232 4.626 8.865 6.085 8.043 4.035 5.187 9.950 8.556 8.026 8.629 1.462 8.085 6.009 3.492 8.281 7.371 6.312 6.251 6.728 9.203 7.540 4.581 7.918 1.532 4.948 4.173 9.776 9.481 4.618 8.609 3.148 1.350 8.196 11.059 8.336 10.312 10.845 7.027 6.288 7.814 5.137 6.782 3.757 9.480 7.804 8.854 10.451 10.643 8.127 5.748 8.732 2.882 8.486 9.716 7.015 8.530 6.569 6.625 3.275 8.917 6.898 11.826 10.650 3.602 6.583 1.498 6.759 7.144 7.183 6.892 4.226 8.858 5.862 7.807 4.892 
2.679 8.228 4.993 6.121 4.346 3.025 7.019 9.399 8.005 2.630 7.220 9.262 9.431 9.606 7.932 0.430 7.312 5.905 2.295 6.614 3.241 3.928 7.847 2.124 7.867 5.467 1.241 4.898 2.908 8.112 5.267 3.717 3.673 7.463 1.767 9.246 1.981 5.240 9.627 3.958 6.811 6.120 5.149 6.140 3.343 9.379 5.856 7.011 8.546 8.727 7.843 4.400 1.586 7.242 1.638 6.915 9.760 4.500 2.696 7.113 0.631 2.797 3.743 4.599 3.510 5.069 4.622 6.309 1.329 5.857 4.154 4.003 1.901 6.595 7.757 2.290 8.601 2.857 1.491 7.481 1.977 5.962 5.545 7.399 4.126 8.419 3.008 1.646 7.184 6.418 8.902 5.862 5.344 6.603 8.039 6.680 6.384 5.077 3.342 7.262 
10.794 1.438 8.065 7.724 8.345 6.487 3.109 7.530 2.394 6.799 2.736 1.020 1.982 0.305 3.020 9.587 2.371 8.302 8.747 4.980 8.663 6.420 2.552 9.494 1.699 4.025 8.235 5.623 7.337 3.378 4.679 9.481 7.831 7.858 8.030 1.511 7.447 5.281 3.687 7.554 6.672 5.591 5.522 6.436 8.716 7.568 3.863 7.710 1.019 4.965 3.497 9.350 8.899 3.914 7.939 2.517 1.646 7.467 10.516 8.131 9.689 10.312 6.503 5.806 7.095 4.447 6.055 3.113 8.798 7.083 8.126 9.992 10.071 7.420 5.631 8.031 2.837 7.958 9.132 6.862 7.942 5.846 6.268 2.940 8.479 6.846 11.276 10.065 3.266 5.870 0.788 6.439 6.416 6.477 6.799 3.497 8.145 5.405 7.291 4.194 
5.260 5.088 1.564 1.421 7.779 3.228 6.042 4.003 6.624 4.104 5.932 5.833 5.470 6.814 7.012 5.306 4.215 1.854 6.543 1.727 7.183 1.738 6.570 4.156 4.878 3.394 4.362 1.358 5.710 7.428 2.300 3.350 6.882 2.399 3.697 5.553 4.056 6.046 4.886 6.892 8.525 7.212 6.190 0.700 2.810 3.989 5.133 1.980 5.510 3.536 7.262 2.985 4.042 6.988 4.990 4.500 5.959 7.268 4.917 2.296 5.273 4.633 1.919 1.473 6.067 4.455 6.152 4.236 5.840 8.066 7.483 3.776 4.860 8.836 2.403 5.877 4.330 2.659 4.252 2.084 3.476 7.266 0.260 3.610 2.225 2.990 5.687 5.010 3.282 7.677 6.453 0.421 7.164 8.240 2.615 5.985 9.124 1.457 2.099 7.216 
9.553 2.132 7.573 7.561 6.211 5.105 0.952 8.313 0.468 5.187 0.615 2.771 3.631 2.198 1.073 8.032 2.315 8.040 6.804 5.048 6.614 5.508 0.508 8.270 1.957 2.944 6.704 4.980 5.405 1.529 3.948 8.600 5.756 8.060 6.653 3.149 5.901 3.170 5.117 5.459 4.535 3.415 3.402 6.335 7.785 8.341 1.954 7.800 2.006 5.878 1.526 8.635 7.571 1.788 6.217 1.719 3.530 5.330 9.317 8.209 8.162 9.159 5.530 5.059 5.082 2.739 3.965 1.977 6.994 4.907 6.005 9.131 8.757 5.266 6.130 6.133 3.919 6.890 7.788 7.167 6.616 3.669 5.958 3.239 7.746 7.437 10.031 8.701 3.471 3.706 1.407 6.243 4.248 4.326 7.280 1.351 5.978 4.802 6.305 2.085 
8.954 8.070 9.769 10.492 1.942 6.099 5.325 12.812 6.018 5.307 5.709 8.926 9.665 8.374 5.460 6.709 7.675 10.626 4.003 9.199 3.077 7.553 5.849 8.136 7.756 6.508 6.123 7.916 3.782 5.240 7.339 9.447 2.674 11.593 6.687 9.230 5.751 3.530 10.839 2.486 1.860 2.812 3.301 9.754 8.761 12.818 5.069 11.176 8.102 10.949 5.030 9.941 7.347 4.500 5.084 6.873 9.673 1.994 8.933 11.469 6.911 8.979 7.410 7.735 3.250 5.188 3.108 6.453 4.954 1.345 2.132 9.884 8.137 1.073 10.595 4.095 9.548 7.822 7.415 11.081 6.851 2.574 9.113 8.418 9.283 11.770 9.289 7.906 8.450 2.523 7.606 9.514 2.209 1.969 11.467 4.974 0.286 7.916 7.744 4.248 
4.883 4.559 2.884 3.380 5.735 1.262 4.537 5.906 5.315 2.123 4.534 5.526 5.515 6.174 5.557 4.068 3.594 3.612 4.655 2.624 5.206 0.581 5.216 3.589 4.241 2.011 2.832 0.922 3.687 5.918 1.302 3.662 4.843 4.461 2.349 5.410 2.275 4.085 5.570 4.837 6.540 5.268 4.204 2.660 2.854 5.901 3.450 4.040 4.943 4.739 5.710 3.719 3.084 5.322 3.169 3.490 5.904 5.206 4.594 4.336 4.107 4.385 0.593 0.653 4.013 2.645 4.115 3.005 4.094 6.026 5.438 4.192 4.206 6.805 3.913 3.940 4.588 2.030 3.323 4.045 2.191 5.294 2.002 3.448 2.838 4.857 5.363 4.244 3.194 5.726 5.615 2.403 5.133 6.257 4.509 4.379 7.068 1.052 1.382 5.507 
8.915 6.870 9.188 9.800 2.306 5.523 4.095 11.893 4.758 4.829 4.478 7.698 8.463 7.115 4.195 6.724 6.534 10.001 4.173 8.266 3.367 6.894 4.590 7.956 6.569 5.522 5.908 7.123 3.514 3.977 6.439 9.118 2.670 10.822 6.377 8.017 5.394 2.503 9.696 2.361 0.686 1.596 2.307 8.956 8.376 11.904 3.955 10.424 6.881 9.911 3.765 9.538 7.142 3.237 4.897 5.725 8.450 1.824 8.846 10.743 6.921 8.848 6.773 6.975 2.907 4.205 2.308 5.349 5.008 0.462 2.341 9.590 8.066 0.388 9.647 4.028 8.407 7.397 7.248 10.234 6.508 1.388 8.338 7.318 8.810 10.865 9.295 7.864 7.377 1.265 6.351 8.733 1.288 0.716 10.581 3.759 1.011 7.093 7.213 2.983 
5.836 6.759 1.877 0.806 9.785 5.225 8.110 2.918 8.610 6.078 7.966 7.311 6.725 8.450 9.048 6.623 6.005 1.018 8.359 3.189 9.090 3.740 8.575 5.090 6.623 5.496 5.989 3.508 7.695 9.479 4.403 3.695 8.884 0.743 5.280 6.939 5.881 8.195 5.641 8.927 10.672 9.363 8.336 1.823 3.622 2.879 7.258 0.499 7.172 3.954 9.330 3.009 5.303 9.093 6.794 6.439 7.247 9.334 5.496 0.260 6.534 5.192 3.892 3.616 8.106 6.603 8.279 6.265 7.543 10.191 9.493 3.870 5.745 10.968 2.784 7.760 5.554 4.035 5.455 1.545 5.053 9.415 2.308 5.230 2.808 2.300 6.156 5.970 4.913 9.827 8.219 1.952 9.295 10.388 2.002 8.083 11.229 3.591 3.750 9.331 
3.889 5.779 1.513 2.348 6.670 2.167 6.019 5.475 6.777 2.973 6.005 6.669 6.492 7.460 7.037 3.780 4.825 2.371 5.215 2.986 5.943 0.903 6.685 2.698 5.496 3.446 2.903 1.586 4.579 7.402 2.532 2.286 5.771 3.636 2.211 6.477 2.733 5.462 6.189 5.840 7.864 6.645 5.553 2.220 1.543 5.457 4.932 3.182 6.184 4.992 7.194 2.246 2.517 6.801 3.649 4.859 6.937 6.278 3.561 3.369 3.745 3.301 0.950 1.391 5.030 4.116 5.378 4.427 4.431 7.256 6.382 2.800 3.394 8.053 3.910 4.612 5.433 1.136 2.730 3.555 1.985 6.644 1.669 4.468 1.360 4.490 4.345 3.521 4.165 7.093 6.963 1.946 6.398 7.586 4.110 5.863 8.229 1.810 0.613 6.980 
8.093 1.954 6.022 6.064 5.761 3.677 1.450 7.166 1.970 3.908 1.272 2.964 3.505 3.074 2.354 6.723 1.422 6.517 5.893 3.691 5.902 3.954 1.904 6.799 1.594 1.385 5.373 3.429 4.489 2.786 2.399 7.053 5.123 6.661 5.235 3.134 4.576 2.773 4.587 4.890 4.866 3.533 3.020 4.873 6.243 7.187 1.200 6.368 2.146 4.912 2.652 7.076 6.137 2.530 5.037 0.620 3.632 4.917 7.842 6.767 6.835 7.669 3.983 3.500 4.320 1.559 3.440 0.432 5.899 4.912 5.508 7.583 7.322 5.470 4.915 5.160 3.297 5.368 6.362 5.826 5.175 3.725 4.450 2.238 6.187 6.217 8.574 7.288 2.356 3.949 2.374 4.757 4.075 4.605 6.013 1.546 6.062 3.258 4.764 2.812 
3.737 6.614 4.482 5.448 3.763 1.511 5.415 8.462 6.392 0.991 5.600 7.654 7.867 7.969 6.353 1.865 5.714 5.401 2.115 5.334 2.890 2.763 6.238 2.667 6.251 3.863 0.634 3.620 1.800 6.560 3.788 3.885 2.906 6.732 1.129 7.658 0.434 3.784 8.186 3.079 5.684 4.788 3.735 5.150 3.220 8.450 4.239 6.279 6.923 7.448 6.296 4.402 1.849 5.717 0.552 5.287 8.175 3.598 3.611 6.469 2.009 3.577 2.572 3.329 2.392 3.436 3.283 4.678 1.393 4.837 3.499 4.326 2.876 5.629 6.596 1.568 7.096 2.345 1.976 6.547 1.311 4.672 4.503 5.868 3.825 7.433 4.169 2.728 5.677 5.144 7.263 4.871 4.157 5.443 7.066 5.089 5.596 3.762 2.495 5.767 
7.927 2.365 6.071 6.193 5.344 3.483 1.261 7.467 1.977 3.632 1.195 3.363 3.924 3.384 2.248 6.468 1.834 6.617 5.523 3.936 5.504 3.917 1.876 6.641 2.009 1.402 5.126 3.492 4.115 2.649 2.483 6.988 4.716 6.862 5.037 3.547 4.324 2.352 4.998 4.477 4.483 3.139 2.599 5.041 6.171 7.486 0.779 6.550 2.535 5.268 2.481 7.055 5.950 2.268 4.729 1.040 4.042 4.497 7.687 6.940 6.589 7.527 3.926 3.528 3.923 1.216 3.021 0.676 5.569 4.500 5.092 7.520 7.137 5.071 5.207 4.799 3.707 5.264 6.170 6.062 4.993 3.323 4.576 2.617 6.170 6.499 8.405 7.088 2.710 3.564 2.648 4.905 3.657 4.218 6.279 1.256 5.652 3.341 4.691 2.533 
1.777 8.021 2.333 3.521 7.152 3.504 7.924 6.948 8.776 3.937 7.976 8.933 8.764 9.678 8.943 2.835 7.060 3.094 5.261 5.180 6.167 3.003 8.662 1.095 7.725 5.530 2.876 3.852 5.231 9.259 4.743 0.527 6.324 4.814 2.327 8.748 3.310 6.881 8.385 6.512 9.042 8.006 6.902 4.102 0.734 6.916 6.759 4.400 8.420 7.048 9.025 1.247 1.698 8.547 3.912 7.015 9.210 7.032 1.429 4.372 2.687 1.131 2.936 3.633 5.814 5.893 6.558 6.525 4.283 8.247 6.903 0.892 1.659 9.045 5.874 4.927 7.693 1.543 1.716 5.160 2.200 7.937 3.741 6.740 1.381 6.112 2.175 1.910 6.438 8.410 9.139 3.879 7.511 8.786 5.739 7.701 9.029 4.078 2.144 8.675 
3.183 8.080 5.297 6.394 3.844 2.959 6.721 9.608 7.714 2.432 6.941 9.121 9.340 9.401 7.608 0.934 7.185 6.219 1.792 6.687 2.737 4.027 7.552 2.578 7.715 5.334 1.274 4.963 2.477 7.767 5.235 4.143 3.182 7.727 1.926 9.131 1.876 4.862 9.625 3.475 6.343 5.696 4.756 6.320 3.709 9.591 5.578 7.272 8.382 8.807 7.496 4.805 1.960 6.884 1.314 6.741 9.648 4.015 3.196 7.399 1.135 3.289 3.837 4.665 3.066 4.824 4.212 6.129 0.833 5.378 3.655 4.455 2.399 6.109 7.883 1.821 8.557 3.121 1.906 7.685 2.151 5.528 5.703 7.335 4.468 8.610 3.508 2.148 7.138 5.979 8.679 6.039 4.893 6.141 8.233 6.370 5.885 5.128 3.531 6.889 
9.976 1.010 6.834 6.341 8.690 5.948 3.808 5.896 3.458 6.451 3.433 0.648 0.585 1.930 4.116 9.070 1.690 6.950 8.704 3.605 8.797 5.525 3.563 8.695 1.341 3.532 7.739 4.606 7.327 4.547 3.820 8.440 8.041 6.333 7.405 0.292 6.999 5.678 2.123 7.816 7.523 6.284 5.927 5.066 7.728 5.936 4.113 6.226 1.073 3.332 4.588 8.210 8.200 4.835 7.648 2.332 0.791 7.842 9.671 6.644 9.141 9.438 5.644 4.841 7.219 4.407 6.367 2.907 8.569 7.737 8.436 8.926 9.326 8.209 4.061 7.949 1.212 7.092 8.438 5.323 7.278 6.509 5.010 1.717 7.373 5.238 10.451 9.364 2.026 6.644 2.108 5.114 6.950 7.291 5.214 4.121 8.866 4.380 6.398 5.138 
2.333 7.114 2.506 3.654 6.071 2.331 6.795 7.002 7.673 2.746 6.868 8.072 8.003 8.721 7.808 2.245 6.148 3.417 4.278 4.641 5.144 2.121 7.552 1.059 6.796 4.504 1.823 3.087 4.092 8.110 3.841 1.586 5.219 4.999 1.184 7.935 2.141 5.689 7.827 5.384 7.858 6.812 5.708 3.848 0.925 6.978 5.617 4.551 7.498 6.664 7.871 2.097 0.924 7.378 2.827 6.015 8.418 5.894 2.039 4.632 2.169 1.836 2.001 2.821 4.660 4.748 5.368 5.491 3.344 7.080 5.811 2.064 1.736 7.881 5.574 3.857 6.999 0.563 1.100 5.109 1.026 6.745 3.336 5.942 1.649 6.063 2.811 1.849 5.663 7.217 8.139 3.584 6.329 7.600 5.681 6.555 7.895 3.308 1.261 7.499 
4.502 6.261 5.016 5.893 3.133 1.585 4.804 8.733 5.795 0.736 5.020 7.305 7.606 7.510 5.706 2.529 5.407 5.916 1.816 5.422 2.403 3.046 5.634 3.439 5.891 3.573 1.405 3.764 1.077 5.886 3.719 4.605 2.245 7.130 1.846 7.356 0.893 3.048 8.083 2.374 4.913 4.023 2.984 5.443 3.902 8.726 3.658 6.684 6.539 7.503 5.618 5.082 2.621 5.022 0.606 4.894 7.874 2.875 4.383 6.910 2.694 4.351 2.866 3.496 1.642 2.916 2.515 4.279 1.473 4.078 2.854 5.063 3.640 4.874 6.750 1.098 6.929 2.971 2.749 6.845 1.996 3.902 4.783 5.678 4.444 7.689 4.927 3.482 5.524 4.373 6.777 5.170 3.385 4.671 7.334 4.458 4.876 3.868 2.983 5.054 
7.731 1.715 5.136 5.020 6.557 3.543 2.656 5.951 3.017 4.030 2.433 2.720 2.921 3.332 3.497 6.671 0.760 5.524 6.339 2.508 6.516 3.343 2.993 6.433 1.388 1.113 5.331 2.592 4.994 3.946 1.607 6.420 5.823 5.509 5.037 2.692 4.581 3.748 3.631 5.642 6.005 4.650 3.982 3.780 5.644 5.972 2.245 5.242 2.090 3.736 3.836 6.332 5.872 3.744 5.230 0.840 3.209 5.762 7.447 5.651 6.752 7.238 3.425 2.747 4.964 2.183 4.298 0.862 6.156 5.950 6.283 6.936 7.029 6.564 3.701 5.577 2.365 4.881 6.108 4.642 4.927 4.816 3.436 1.149 5.449 5.004 8.212 7.041 1.183 5.085 2.836 3.699 5.071 5.736 4.807 2.757 7.107 2.385 4.213 4.027 
7.582 1.865 4.882 4.738 6.696 3.479 2.944 5.673 3.310 4.022 2.727 2.829 2.932 3.532 3.792 6.599 0.901 5.249 6.390 2.214 6.608 3.163 3.288 6.289 1.568 1.146 5.270 2.365 5.069 4.240 1.418 6.215 5.940 5.215 4.940 2.751 4.538 3.949 3.501 5.773 6.246 4.885 4.178 3.492 5.450 5.693 2.479 4.949 2.261 3.499 4.129 6.104 5.753 4.027 5.226 1.131 3.261 5.916 7.292 5.358 6.672 7.075 3.257 2.539 5.073 2.335 4.465 1.123 6.161 6.158 6.417 6.727 6.898 6.788 3.418 5.625 2.264 4.717 5.991 4.348 4.819 5.043 3.161 1.012 5.225 4.719 8.062 6.921 0.974 5.326 3.075 3.416 5.270 5.974 4.517 3.033 7.314 2.151 4.039 4.307 
0.349 9.372 3.847 5.016 7.255 4.472 8.960 8.428 9.871 4.647 9.062 10.321 10.213 10.983 9.960 2.499 8.406 4.534 5.219 6.698 6.165 4.356 9.741 1.297 9.056 6.759 3.238 5.281 5.594 10.232 6.093 1.857 6.529 6.268 2.985 10.167 3.921 7.615 9.906 6.781 9.533 8.656 7.588 5.647 2.253 8.393 7.769 5.874 9.758 8.591 9.982 2.542 2.070 9.450 4.208 8.274 10.643 7.323 0.261 5.802 2.299 0.439 4.251 5.035 6.207 6.903 7.154 7.741 4.236 8.639 7.048 1.730 1.043 9.410 7.419 5.106 9.170 2.792 1.903 6.680 2.973 8.544 5.275 8.165 2.915 7.626 0.632 1.282 7.874 9.016 10.395 5.422 8.015 9.300 7.257 8.693 9.264 5.506 3.480 9.539 
9.493 0.955 6.339 5.860 8.431 5.513 3.726 5.565 3.508 6.047 3.366 1.089 0.898 2.295 4.155 8.626 1.340 6.465 8.351 3.118 8.485 5.042 3.591 8.216 1.183 3.136 7.302 4.115 6.990 4.602 3.350 7.944 7.752 5.892 6.950 0.786 6.574 5.462 2.032 7.541 7.424 6.147 5.710 4.581 7.235 5.602 3.889 5.769 1.201 3.009 4.612 7.713 7.733 4.795 7.249 2.073 1.256 7.598 9.187 6.189 8.693 8.952 5.166 4.355 6.914 4.098 6.119 2.604 8.178 7.574 8.170 8.429 8.852 8.083 3.643 7.591 0.888 6.610 7.972 4.888 6.818 6.360 4.514 1.226 6.876 4.856 9.967 8.894 1.530 6.528 2.327 4.624 6.758 7.181 4.808 4.006 8.715 3.889 5.914 5.100 
4.199 5.685 3.958 4.789 4.199 0.529 4.735 7.627 5.679 0.520 4.873 6.718 6.898 7.100 5.719 2.687 4.767 4.841 2.898 4.386 3.520 1.930 5.538 2.970 5.326 2.923 1.334 2.692 2.108 5.977 2.802 3.819 3.300 6.015 1.275 6.703 0.572 3.428 7.200 3.376 5.625 4.549 3.444 4.330 3.045 7.618 3.541 5.570 6.009 6.492 5.724 4.195 2.201 5.192 1.401 4.388 7.218 3.832 4.003 5.802 2.791 3.897 1.749 2.412 2.576 2.689 3.121 3.789 2.336 4.903 3.911 4.319 3.370 5.707 5.682 2.211 6.112 2.055 2.401 5.732 1.303 4.487 3.670 4.887 3.474 6.585 4.666 3.294 4.693 4.958 6.421 4.056 4.105 5.361 6.227 4.448 5.810 2.817 1.923 5.288 
9.015 3.668 7.787 8.030 4.649 4.669 0.861 9.372 1.525 4.464 1.230 4.434 5.239 3.859 1.113 7.216 3.524 8.410 5.542 5.854 5.197 5.511 1.346 7.793 3.406 3.225 5.975 5.275 4.214 1.198 4.318 8.433 4.314 8.762 6.099 4.776 5.204 1.775 6.601 3.987 2.866 1.733 1.959 6.922 7.611 9.392 1.491 8.437 3.631 7.103 0.927 8.612 7.021 0.388 5.280 2.734 5.189 3.774 8.827 8.820 7.373 8.718 5.474 5.258 3.773 2.303 2.559 2.583 5.918 3.224 4.472 8.961 8.172 3.580 7.116 4.959 5.340 6.638 7.211 7.978 6.119 1.994 6.421 4.412 7.750 8.413 9.475 8.065 4.557 2.017 3.082 6.769 2.623 2.645 8.197 0.666 4.287 5.152 6.171 0.616 
5.499 5.373 5.369 6.078 3.003 1.691 3.728 8.597 4.722 1.013 3.957 6.412 6.800 6.517 4.620 3.608 4.581 6.213 2.440 5.094 2.662 3.138 4.559 4.356 5.001 2.827 2.404 3.597 1.099 4.801 3.258 5.327 2.130 7.211 2.671 6.508 1.693 2.008 7.452 2.089 4.112 3.069 1.981 5.407 4.558 8.596 2.602 6.784 5.617 7.080 4.534 5.705 3.546 3.943 1.685 3.986 7.024 2.458 5.349 7.063 3.768 5.284 2.994 3.381 1.270 1.926 1.611 3.378 2.445 3.412 2.706 5.821 4.641 4.215 6.480 1.687 6.237 3.567 3.708 6.777 2.758 2.988 4.753 4.981 4.964 7.544 5.941 4.506 4.877 3.462 5.766 5.154 2.595 3.849 7.213 3.376 4.373 3.640 3.370 3.986 
9.489 1.792 6.068 5.451 9.025 5.761 4.514 4.798 4.344 6.383 4.164 1.739 1.001 3.029 4.987 8.816 1.949 6.080 8.787 2.794 8.995 5.075 4.423 8.240 1.979 3.544 7.527 4.094 7.464 5.437 3.502 7.804 8.303 5.321 7.107 1.282 6.843 6.126 1.230 8.116 8.183 6.882 6.370 4.210 7.145 4.838 4.559 5.249 2.037 2.234 5.440 7.499 7.829 5.599 7.585 2.750 1.524 8.213 9.169 5.661 8.865 8.916 5.220 4.364 7.446 4.653 6.739 3.205 8.528 8.279 8.754 8.264 8.903 8.821 3.022 8.021 0.187 6.619 8.068 4.303 6.953 7.084 4.261 1.400 6.701 4.158 9.954 8.971 1.583 7.278 3.150 4.300 7.438 7.934 4.153 4.770 9.429 3.874 5.920 5.903 
5.145 6.912 1.262 0.606 9.338 4.810 8.028 3.602 8.598 5.638 7.915 7.544 7.029 8.626 8.996 5.990 6.098 0.344 7.831 3.351 8.594 3.366 8.548 4.422 6.742 5.378 5.425 3.314 7.247 9.413 4.285 3.004 8.439 1.427 4.714 7.202 5.379 7.928 6.072 8.503 10.389 9.108 8.053 1.893 2.964 3.564 7.105 1.085 7.331 4.430 9.248 2.316 4.673 8.967 6.274 6.453 7.545 8.932 4.805 0.950 5.893 4.502 3.498 3.367 7.689 6.396 7.950 6.216 6.985 9.853 9.050 3.179 5.068 10.641 3.219 7.262 5.855 3.452 4.815 2.082 4.491 9.141 2.199 5.389 2.150 2.927 5.464 5.298 5.064 9.568 8.335 1.923 8.972 10.106 2.599 7.967 10.861 3.436 3.244 9.190 
2.658 6.973 3.392 4.474 5.074 1.813 6.268 7.709 7.199 1.941 6.390 7.977 8.030 8.487 7.258 1.588 6.020 4.317 3.276 4.978 4.138 2.293 7.062 1.434 6.630 4.244 0.817 3.289 3.129 7.520 3.811 2.557 4.230 5.807 0.269 7.900 1.243 4.921 8.068 4.410 6.972 5.998 4.911 4.446 1.931 7.690 5.074 5.352 7.329 7.077 7.268 3.103 0.660 6.733 1.826 5.757 8.403 4.929 2.459 5.481 1.596 2.364 2.119 2.993 3.714 4.213 4.517 5.185 2.358 6.153 4.817 2.995 1.844 6.949 6.077 2.854 7.116 1.204 0.876 5.790 0.338 5.907 3.855 5.967 2.614 6.725 3.128 1.802 5.721 6.382 7.846 4.168 5.440 6.723 6.346 5.988 6.927 3.485 1.649 6.824 
0.303 9.631 4.398 5.581 6.948 4.581 9.036 9.003 9.972 4.636 9.163 10.603 10.547 11.203 10.019 2.179 8.666 5.123 4.891 7.119 5.833 4.665 9.834 1.490 9.304 6.959 3.148 5.626 5.413 10.267 6.374 2.442 6.269 6.854 3.037 10.475 3.896 7.559 10.325 6.543 9.355 8.552 7.511 6.141 2.727 8.970 7.842 6.451 10.005 9.065 10.011 3.149 2.114 9.456 4.041 8.478 10.961 7.086 0.642 6.396 1.978 0.947 4.540 5.364 6.027 6.984 7.042 7.924 3.933 8.428 6.758 2.359 0.931 9.181 7.911 4.864 9.535 3.102 1.902 7.226 3.071 8.422 5.729 8.486 3.447 8.179 0.406 1.049 8.206 8.890 10.587 5.905 7.856 9.133 7.806 8.748 8.987 5.848 3.802 9.525 
1.691 8.549 4.453 5.630 5.332 3.330 7.629 9.004 8.595 3.180 7.794 9.563 9.633 10.025 8.583 0.561 7.603 5.328 3.285 6.527 4.231 3.866 8.446 1.300 8.201 5.801 1.650 4.868 3.790 8.799 5.415 2.917 4.636 6.972 1.808 9.497 2.449 6.008 9.654 4.908 7.726 6.960 5.943 5.845 2.708 8.980 6.443 6.530 8.896 8.601 8.536 3.638 1.124 7.958 2.433 7.300 10.002 5.451 1.709 6.580 0.361 1.831 3.701 4.576 4.402 5.611 5.451 6.713 2.310 6.794 5.134 3.130 0.922 7.546 7.548 3.229 8.719 2.504 0.912 7.115 1.942 6.819 5.307 7.571 3.522 8.070 2.041 0.657 7.325 7.284 9.359 5.577 6.235 7.509 7.688 7.315 7.359 5.071 3.125 8.005 
8.606 3.453 7.328 7.577 4.564 4.234 0.706 8.978 1.614 4.067 1.084 4.290 5.043 3.848 1.376 6.849 3.207 7.953 5.296 5.436 5.020 5.053 1.433 7.373 3.162 2.777 5.588 4.819 3.934 1.571 3.868 7.985 4.147 8.324 5.684 4.598 4.807 1.558 6.331 3.837 3.083 1.828 1.776 6.478 7.164 8.997 1.032 7.994 3.465 6.750 1.316 8.157 6.609 0.847 4.932 2.401 5.036 3.684 8.411 8.374 7.002 8.296 5.017 4.799 3.537 1.849 2.361 2.185 5.610 3.304 4.365 8.515 7.768 3.749 6.717 4.678 5.055 6.194 6.803 7.552 5.698 2.064 5.970 4.069 7.294 8.008 9.069 7.669 4.194 2.187 3.056 6.321 2.601 2.839 7.784 0.339 4.413 4.699 5.718 1.060 
9.562 2.235 6.015 5.322 9.381 5.976 4.947 4.430 4.787 6.634 4.601 2.115 1.263 3.415 5.430 8.989 2.349 5.960 9.075 2.761 9.316 5.192 4.865 8.333 2.418 3.850 7.722 4.196 7.773 5.880 3.699 7.811 8.643 5.089 7.271 1.636 7.061 6.515 0.817 8.466 8.605 7.296 6.757 4.117 7.183 4.472 4.955 5.052 2.473 1.877 5.883 7.468 7.960 6.036 7.832 3.157 1.779 8.580 9.236 5.456 9.029 8.976 5.347 4.478 7.779 5.007 7.109 3.585 8.778 8.681 9.107 8.256 9.006 9.235 2.783 8.309 0.475 6.712 8.197 4.072 7.108 7.494 4.236 1.697 6.697 3.846 10.021 9.088 1.816 7.697 3.577 4.234 7.832 8.353 3.872 5.196 9.833 3.983 6.017 6.340 
5.963 3.540 3.992 4.285 5.404 1.712 3.346 6.273 4.108 2.291 3.329 4.555 4.700 5.070 4.361 4.838 2.596 4.625 4.762 2.683 5.110 1.782 4.011 4.663 3.195 0.831 3.502 1.515 3.539 4.734 0.815 4.865 4.563 5.179 3.206 4.514 2.771 3.208 5.084 4.470 5.689 4.356 3.374 3.304 4.052 6.279 2.306 4.802 3.893 4.626 4.535 4.920 4.059 4.183 3.492 2.347 5.027 4.735 5.696 5.152 4.917 5.508 1.796 1.462 3.685 1.583 3.434 1.821 4.436 5.322 5.110 5.396 5.229 6.060 4.082 3.999 3.940 3.183 4.292 4.563 3.105 4.426 2.719 2.699 4.036 5.229 6.445 5.227 2.528 4.821 4.467 3.101 4.405 5.404 4.927 3.212 6.431 1.441 2.573 4.389 
5.814 5.955 6.122 6.877 2.169 2.462 3.982 9.431 4.974 1.662 4.267 6.979 7.441 6.956 4.763 3.739 5.228 6.986 1.923 5.920 1.920 3.942 4.800 4.776 5.587 3.556 2.736 4.431 0.536 4.868 4.072 5.908 1.302 8.030 3.166 7.117 2.183 1.920 8.190 1.258 3.576 2.744 1.792 6.237 5.176 9.431 2.981 7.600 6.162 7.886 4.594 6.346 3.957 3.963 1.788 4.569 7.627 1.661 5.709 7.871 3.922 5.685 3.788 4.212 0.435 2.482 1.244 3.981 2.253 2.758 1.871 6.379 4.954 3.559 7.309 1.281 6.952 4.209 4.082 7.610 3.297 2.598 5.581 5.703 5.652 8.379 6.227 4.780 5.623 3.064 6.181 5.981 2.049 3.335 8.047 3.596 3.629 4.474 4.098 3.943 
8.023 2.177 6.072 6.158 5.532 3.587 1.308 7.351 1.936 3.771 1.185 3.177 3.736 3.226 2.260 6.600 1.657 6.596 5.698 3.845 5.688 3.955 1.850 6.733 1.821 1.406 5.255 3.484 4.291 2.677 2.464 7.040 4.902 6.794 5.145 3.359 4.454 2.537 4.822 4.665 4.641 3.303 2.784 4.987 6.225 7.371 0.963 6.491 2.352 5.124 2.525 7.088 6.054 2.357 4.882 0.857 3.855 4.685 7.778 6.885 6.718 7.613 3.972 3.536 4.107 1.378 3.209 0.563 5.730 4.676 5.280 7.572 7.240 5.238 5.095 4.971 3.531 5.332 6.276 5.977 5.094 3.492 4.541 2.460 6.201 6.392 8.502 7.198 2.565 3.723 2.502 4.860 3.839 4.378 6.180 1.356 5.827 3.324 4.745 2.632 
11.291 1.849 8.368 7.929 9.076 7.057 3.847 7.406 3.122 7.420 3.473 0.983 1.729 0.794 3.736 10.176 2.815 8.530 9.435 5.183 9.375 6.872 3.283 9.994 2.182 4.581 8.825 6.019 8.026 4.076 5.128 9.884 8.550 7.939 8.582 1.373 8.046 6.010 3.401 8.277 7.400 6.330 6.253 6.648 9.140 7.448 4.570 7.832 1.485 4.856 4.209 9.705 9.431 4.645 8.578 3.111 1.260 8.199 11.002 8.250 10.270 10.787 6.969 6.226 7.803 5.114 6.780 3.723 9.453 7.822 8.854 10.384 10.591 8.153 5.659 8.711 2.793 8.428 9.666 6.927 8.482 6.585 6.549 3.201 8.848 6.808 11.771 10.600 3.528 6.606 1.520 6.681 7.154 7.209 6.802 4.233 8.881 5.796 7.748 4.921 
10.899 1.825 8.378 8.117 8.004 6.518 2.746 8.110 1.906 6.747 2.399 1.660 2.631 0.482 2.487 9.572 2.651 8.675 8.549 5.396 8.397 6.601 2.079 9.600 1.987 4.108 8.224 5.870 7.142 2.807 4.883 9.695 7.545 8.333 8.075 2.150 7.425 4.963 4.331 7.252 6.166 5.154 5.196 6.832 8.910 8.148 3.653 8.161 1.420 5.550 2.952 9.611 8.966 3.425 7.848 2.594 2.305 7.123 10.634 8.582 9.686 10.445 6.666 6.026 6.852 4.330 5.755 3.138 8.673 6.642 7.799 10.214 10.148 6.930 6.148 7.856 3.419 8.105 9.194 7.352 8.004 5.417 6.611 3.353 8.730 7.391 11.381 10.124 3.670 5.400 0.477 6.813 6.026 5.986 7.323 3.145 7.672 5.660 7.459 3.689 
9.391 0.232 6.666 6.385 7.504 5.140 2.579 6.580 2.329 5.528 2.209 1.198 1.819 1.694 2.973 8.262 0.948 6.944 7.644 3.670 7.671 5.000 2.409 8.093 0.275 2.665 6.912 4.201 6.246 3.422 3.256 8.057 6.888 6.633 6.665 1.393 6.138 4.469 3.214 6.648 6.293 5.049 4.718 5.101 7.292 6.612 2.919 6.444 0.432 4.069 3.430 7.932 7.517 3.627 6.701 1.232 1.873 6.648 9.108 6.865 8.354 8.900 5.086 4.382 6.089 3.309 5.179 1.846 7.594 6.505 7.258 8.568 8.681 6.974 4.505 6.902 2.029 6.543 7.752 5.667 6.566 5.276 4.886 1.637 7.058 5.783 9.872 8.686 1.947 5.411 1.364 5.081 5.727 6.058 5.681 2.887 7.632 3.984 5.872 3.931 
1.649 8.223 2.458 3.637 7.276 3.694 8.123 7.059 8.977 4.109 8.177 9.133 8.958 9.881 9.141 2.879 7.262 3.185 5.363 5.362 6.277 3.206 8.862 1.131 7.927 5.733 3.005 4.051 5.376 9.455 4.946 0.530 6.456 4.913 2.482 8.946 3.470 7.062 8.564 6.651 9.205 8.181 7.078 4.262 0.927 7.026 6.956 4.507 8.622 7.213 9.220 1.269 1.804 8.739 4.044 7.218 9.406 7.174 1.303 4.461 2.723 0.999 3.139 3.833 5.963 6.089 6.727 6.728 4.379 8.401 7.031 0.768 1.625 9.198 6.032 5.052 7.884 1.742 1.797 5.290 2.366 8.109 3.916 6.937 1.522 6.239 2.025 1.889 6.634 8.582 9.342 4.043 7.674 8.951 5.868 7.898 9.170 4.277 2.347 8.865 
8.696 1.193 5.586 5.173 7.909 4.757 3.550 5.255 3.551 5.329 3.230 1.808 1.659 2.860 4.158 7.856 0.880 5.762 7.694 2.425 7.883 4.245 3.597 7.419 1.172 2.449 6.541 3.319 6.359 4.618 2.562 7.156 7.187 5.322 6.170 1.578 5.828 5.029 2.302 6.999 7.153 5.829 5.271 3.886 6.441 5.286 3.472 5.157 1.591 2.785 4.581 6.940 6.943 4.657 6.533 1.692 2.053 7.100 8.389 5.579 7.919 8.154 4.369 3.557 6.330 3.536 5.627 2.099 7.470 7.200 7.638 7.645 8.058 7.766 3.165 6.929 1.015 5.812 7.182 4.343 6.034 6.021 3.766 0.431 6.095 4.443 9.170 8.103 0.748 6.239 2.690 3.904 6.347 6.896 4.341 3.765 8.354 3.093 5.116 4.958 
7.085 7.656 8.169 8.995 0.088 4.578 5.196 11.596 6.086 3.724 5.556 8.622 9.219 8.339 5.668 4.839 7.065 9.059 2.131 8.065 1.217 6.075 5.904 6.302 7.304 5.571 4.322 6.597 2.111 5.595 6.204 7.670 0.920 10.177 4.930 8.840 4.046 3.010 10.153 0.919 2.870 2.968 2.765 8.399 7.021 11.596 4.536 9.742 7.783 9.986 5.337 8.203 5.527 4.708 3.290 6.321 9.328 0.818 7.072 9.999 5.040 7.127 5.913 6.376 1.731 4.339 2.276 5.793 3.084 1.843 0.308 8.086 6.274 2.378 9.459 2.271 8.882 6.122 5.581 9.775 5.110 2.702 7.741 7.664 7.600 10.543 7.416 6.039 7.626 2.969 7.546 8.141 1.979 2.778 10.213 4.799 1.996 6.639 6.132 4.547 
7.242 3.014 3.789 3.309 7.949 3.935 4.694 3.952 5.010 4.710 4.470 3.645 3.244 4.718 5.524 6.787 2.287 3.903 7.250 0.562 7.655 2.926 5.004 6.024 2.881 2.469 5.583 1.925 6.084 5.977 1.753 5.504 7.116 3.544 5.065 3.337 5.003 5.487 2.865 7.014 7.884 6.517 5.695 2.023 4.862 3.969 4.141 3.333 3.430 2.074 5.874 5.202 5.691 5.773 5.856 2.842 3.733 7.250 6.915 3.753 6.809 6.653 3.095 2.220 6.237 3.790 5.876 2.856 6.799 7.689 7.656 5.962 6.705 8.371 1.687 6.498 2.114 4.407 5.925 2.624 4.884 6.648 1.969 1.485 4.400 2.975 7.699 6.798 1.167 6.971 4.475 2.056 6.778 7.606 2.768 4.773 8.832 1.730 3.718 6.049 
