20 40 100
1333.753 663.655 988.334 235.352 476.020 747.246 703.259 351.299 385.845 379.944 475.945 477.526 773.595 968.686 444.618 966.648 815.754 1322.286 564.779 1251.386 
225.615 487.281 407.051 269.990 489.355 509.215 234.131 454.363 271.398 554.730 222.596 419.586 506.279 563.927 540.719 295.725 274.291 157.496 585.811 289.959 521.157 549.573 411.224 318.760 253.348 505.557 442.908 254.058 377.146 275.710 72.815 367.427 561.831 351.764 322.309 144.191 310.008 68.553 165.860 292.212 
5.681 28.497 11.300 8.396 31.919 22.628 22.748 34.847 29.889 18.057 20.167 31.952 9.510 18.093 13.467 22.474 6.684 16.799 14.048 20.761 24.580 31.045 13.339 23.990 15.609 8.617 7.502 10.645 14.547 13.845 25.591 19.608 29.072 17.979 25.808 25.925 30.191 26.119 32.344 29.905 9.788 9.616 30.743 12.528 22.083 29.844 22.926 11.171 14.847 30.606 6.641 18.075 30.863 30.321 7.377 34.182 22.896 30.680 28.286 33.328 30.372 21.218 30.094 21.659 26.710 5.485 18.349 24.034 28.257 28.425 12.927 23.092 14.110 11.647 16.939 16.799 16.532 25.162 5.351 28.875 5.762 6.852 7.811 23.612 12.338 32.797 34.177 22.861 22.260 18.894 11.526 9.724 34.828 34.411 21.648 9.008 16.407 12.733 17.807 34.092 
855.997 1279.656 1169.615 978.315 1287.842 1370.309 906.000 1205.829 959.353 1342.649 868.304 1212.513 1252.509 1377.363 1300.930 1030.318 898.936 735.002 1429.118 959.486 1373.322 1375.870 1196.900 1002.341 942.655 1231.675 1250.448 925.714 1164.529 968.552 527.748 1080.798 1321.940 1073.655 1071.717 665.975 954.114 541.064 743.075 953.726 
6.552 2.612 3.940 6.650 7.974 8.515 6.719 3.813 4.917 2.209 6.540 6.350 9.216 8.843 8.325 5.394 8.919 5.609 7.729 5.490 6.320 1.101 2.448 2.507 3.953 5.188 9.506 9.696 4.258 8.198 6.362 7.022 6.350 3.305 10.418 1.691 8.498 5.675 8.603 8.830 
11.218 9.592 6.770 14.056 13.072 15.700 4.412 11.084 7.641 5.311 6.623 2.468 6.586 13.193 6.493 11.429 14.643 9.007 14.910 7.972 9.626 8.145 5.176 9.208 8.424 10.327 14.753 14.438 9.486 5.070 1.255 0.487 1.809 4.281 6.362 8.638 11.715 6.917 5.208 13.324 
7.581 5.765 9.259 0.590 7.278 3.909 13.520 3.642 9.412 9.438 12.536 13.521 14.812 8.743 14.573 6.674 6.505 8.908 3.639 9.710 10.295 6.754 9.650 6.298 8.656 8.022 7.656 8.574 6.870 14.900 13.601 14.249 13.576 10.532 16.402 6.446 10.008 11.480 14.696 8.533 
11.631 8.986 7.181 13.725 13.456 15.045 3.051 10.858 8.174 4.878 5.306 1.194 7.828 13.718 5.120 10.548 14.926 9.534 14.260 8.576 8.450 7.640 4.673 8.555 7.461 9.344 15.139 14.917 9.721 3.720 0.932 1.039 0.756 3.784 7.712 8.075 12.388 5.684 6.472 13.826 
10.239 2.563 7.851 7.498 11.396 7.296 6.203 5.941 8.877 4.453 4.661 7.032 12.705 12.465 6.712 2.411 11.948 9.562 6.564 9.454 2.592 3.023 4.371 2.102 0.753 1.355 12.748 13.139 8.014 7.348 7.818 8.586 7.424 5.067 13.639 2.647 12.371 3.599 11.856 12.410 
4.655 6.353 7.312 2.921 4.189 6.911 13.377 3.033 7.144 8.787 12.919 12.922 12.504 5.654 14.846 8.351 3.582 6.346 6.507 7.312 11.455 6.661 9.064 6.854 9.385 9.368 4.685 5.534 4.550 14.848 12.672 13.215 12.814 9.848 14.199 6.619 6.995 11.929 12.610 5.444 
3.002 6.590 1.459 7.974 4.848 11.242 9.719 5.113 0.957 5.218 10.349 8.491 6.367 5.129 11.775 9.543 6.451 1.175 10.545 1.296 10.751 5.431 5.527 6.712 8.396 9.592 6.531 6.290 1.650 11.168 7.705 8.026 8.110 5.854 8.018 5.926 4.207 9.685 6.414 5.215 
2.439 6.569 2.047 7.553 4.266 10.938 10.183 4.790 1.499 5.600 10.715 9.016 6.864 4.630 12.200 9.515 5.846 1.083 10.260 1.690 10.936 5.522 5.914 6.738 8.568 9.662 5.951 5.752 1.155 11.644 8.270 8.609 8.656 6.303 8.546 5.978 3.901 10.010 6.974 4.699 
10.702 3.329 9.717 5.500 11.342 3.962 9.667 5.530 10.505 7.331 7.966 10.459 15.140 12.654 9.977 1.132 11.343 10.782 3.313 11.028 4.893 4.837 7.353 3.447 4.218 2.682 12.349 12.999 8.828 10.761 11.135 11.895 10.805 8.179 16.311 4.240 13.122 6.937 14.496 12.530 
3.166 9.900 4.293 10.269 4.469 13.950 12.572 7.866 3.121 8.404 13.500 11.060 5.733 3.706 14.746 12.846 6.315 2.262 13.323 2.560 14.129 8.812 8.696 10.061 11.781 12.968 5.783 5.016 4.211 13.945 9.990 10.096 10.545 8.851 7.524 9.290 1.721 12.921 6.498 3.937 
10.940 6.492 6.823 11.538 12.629 12.389 1.629 8.927 7.979 3.125 2.842 1.755 9.453 13.193 3.702 7.704 13.842 9.213 11.617 8.502 5.569 5.377 2.816 6.007 4.580 6.442 14.268 14.255 8.755 3.119 2.846 3.578 2.266 2.266 9.803 5.687 12.255 2.895 8.249 13.247 
5.292 5.429 1.233 8.403 7.071 10.999 7.324 5.327 2.389 2.897 8.014 6.162 6.409 7.499 9.385 8.258 8.502 3.508 10.236 2.964 8.779 3.964 3.193 5.369 6.503 7.972 8.748 8.614 3.298 8.778 5.519 5.949 5.840 3.459 7.732 4.550 6.563 7.412 5.935 7.569 
5.732 5.277 7.573 1.528 5.567 5.487 12.701 2.295 7.633 8.308 12.017 12.457 13.043 7.022 14.000 6.986 5.076 7.066 5.041 7.902 10.262 5.872 8.556 5.803 8.318 8.100 6.174 6.998 5.058 14.140 12.372 12.974 12.429 9.399 14.667 5.714 8.180 10.993 12.994 6.829 
1.860 7.440 5.653 5.669 1.558 9.612 13.146 4.272 5.089 8.399 13.200 12.274 10.148 2.932 14.939 10.022 2.330 3.969 9.113 5.072 12.505 7.114 8.711 7.832 10.211 10.705 2.859 3.256 2.894 14.638 11.711 12.124 12.010 9.322 11.911 7.315 4.102 12.326 10.473 2.773 
10.857 5.840 6.923 10.961 12.486 11.645 1.991 8.462 8.095 2.959 2.362 2.586 10.008 13.136 3.667 6.899 13.610 9.266 10.879 8.640 4.764 4.844 2.641 5.336 3.766 5.615 14.098 14.148 8.619 3.439 3.640 4.385 3.090 2.354 10.459 5.092 12.321 2.180 8.852 13.174 
8.816 4.587 9.513 1.970 8.879 2.268 12.334 3.909 9.918 8.745 11.071 12.622 15.179 10.319 13.124 4.736 8.386 9.698 1.712 10.315 8.485 5.916 8.899 5.070 7.133 6.192 9.502 10.338 7.590 13.629 12.920 13.622 12.784 9.801 16.641 5.464 11.311 10.006 14.867 10.138 
9.361 2.377 8.601 4.392 9.988 3.895 9.609 4.176 9.322 6.650 8.174 10.148 14.129 11.300 10.224 1.874 10.016 9.520 3.124 9.826 5.526 3.939 6.725 2.671 4.248 3.234 11.009 11.648 7.530 10.828 10.661 11.405 10.412 7.598 15.382 3.357 11.793 7.112 13.567 11.175 
15.920 9.822 11.985 14.979 17.506 14.519 3.788 12.971 13.150 8.032 3.088 5.700 14.260 18.207 1.515 9.436 18.524 14.346 13.860 13.684 5.724 9.357 7.716 9.287 6.853 7.882 19.086 19.190 13.659 2.843 7.136 7.572 6.403 7.396 14.253 9.390 17.400 4.081 12.945 18.237 
3.391 4.681 2.969 5.788 4.787 8.969 9.591 2.847 3.174 4.843 9.695 8.790 8.524 5.663 11.393 7.593 5.876 3.093 8.274 3.569 9.374 3.868 5.155 4.920 7.011 7.882 6.357 6.502 1.162 11.083 8.356 8.847 8.582 5.788 10.096 4.226 5.551 8.862 8.398 5.640 
2.314 7.349 2.270 8.210 4.175 11.673 10.625 5.526 1.322 6.152 11.284 9.348 6.377 4.287 12.698 10.297 5.888 0.296 11.005 1.221 11.647 6.272 6.461 7.509 9.285 10.423 5.837 5.498 1.833 12.066 8.501 8.776 8.939 6.772 8.107 6.742 3.271 10.619 6.624 4.395 
3.609 12.122 10.718 11.874 7.612 11.405 8.876 3.031 1.644 7.364 8.771 6.118 4.691 4.406 5.710 7.302 1.780 1.270 5.949 12.986 5.909 11.113 11.303 10.796 11.084 3.336 2.958 5.480 2.519 12.844 12.034 13.409 10.720 5.388 8.710 5.879 7.764 3.109 8.400 7.274 7.885 8.009 7.625 9.379 2.845 2.892 5.191 1.831 2.897 5.031 5.992 4.059 12.128 8.863 9.796 8.991 6.551 12.165 10.151 6.277 8.409 4.348 2.335 12.758 4.175 8.425 1.516 1.057 10.031 7.639 8.907 12.552 14.526 7.209 9.578 5.614 4.715 7.743 10.886 4.377 12.945 14.687 6.290 12.264 12.696 6.917 6.964 4.572 10.760 4.560 11.363 11.479 14.625 11.182 10.764 1.830 3.928 8.285 9.693 7.909 
7.535 6.671 9.799 4.008 3.013 13.780 12.591 9.717 9.201 10.356 3.744 7.777 3.536 3.545 5.861 4.893 9.277 7.073 5.547 7.604 9.035 6.750 13.373 3.553 5.549 4.909 6.826 5.548 10.449 5.273 4.172 9.296 7.104 4.314 8.925 4.375 0.366 7.824 0.456 6.434 0.510 3.778 5.207 5.079 9.277 10.536 2.849 7.707 10.843 6.717 1.974 7.628 6.455 1.666 5.033 4.188 3.707 7.320 2.205 2.313 6.348 7.013 8.358 7.894 4.639 2.867 6.526 7.040 5.555 5.145 1.433 9.059 9.038 6.948 12.686 10.649 6.029 3.029 9.085 8.269 7.311 8.859 3.701 6.867 5.373 3.960 10.001 9.775 5.171 3.387 6.726 3.800 8.728 6.201 4.656 6.962 9.707 0.344 3.996 5.690 
7.131 8.196 6.324 10.258 4.457 8.185 6.397 4.136 4.547 4.252 5.286 1.987 5.026 3.892 1.362 3.277 6.229 3.220 7.905 8.966 2.751 6.956 7.916 9.921 7.307 4.696 1.522 7.522 6.469 10.019 9.686 9.067 6.426 2.149 4.415 2.332 6.070 2.000 6.807 2.839 6.635 4.465 9.006 5.444 3.692 5.549 4.870 5.800 6.585 0.643 4.733 1.320 12.371 7.917 5.942 9.416 7.335 8.047 8.323 4.094 4.040 0.625 6.521 8.604 5.595 5.324 3.337 3.528 6.039 8.984 6.661 8.151 10.449 2.749 6.703 4.272 0.438 7.932 6.427 1.904 9.013 10.712 3.041 12.677 9.662 3.352 3.846 3.496 7.053 4.060 7.256 10.178 10.678 11.759 7.280 2.633 3.639 6.646 6.239 9.455 
4.523 11.865 14.034 7.253 7.653 16.909 14.987 10.106 8.886 12.947 8.704 10.652 3.716 4.892 9.001 9.044 7.596 7.199 1.394 12.804 11.394 11.792 16.622 5.400 10.730 4.297 8.162 1.834 9.144 9.997 8.560 14.384 11.991 7.451 12.636 7.840 5.409 9.057 5.385 10.224 4.726 8.459 0.391 9.984 9.792 10.113 4.071 5.867 9.670 9.306 4.887 9.456 5.188 4.483 10.055 2.426 1.622 12.465 6.506 6.071 10.643 9.155 6.101 13.055 3.301 7.860 6.575 6.931 10.549 0.425 6.619 14.018 14.245 10.577 15.400 12.166 8.567 2.336 13.572 10.081 12.517 14.055 7.496 5.203 10.288 8.091 12.531 11.104 10.347 4.750 11.819 6.494 13.921 4.093 9.860 7.518 10.684 5.428 9.139 0.730 
2.702 13.735 12.580 12.701 9.105 13.105 10.474 4.385 2.819 9.116 10.309 7.979 5.453 5.545 7.522 9.016 0.549 3.088 5.687 14.624 7.710 12.815 13.035 11.390 12.660 4.048 4.816 5.243 2.116 14.073 13.117 15.171 12.473 7.036 10.572 7.548 8.829 4.939 9.387 9.098 8.794 9.587 7.467 11.030 4.346 3.540 6.102 1.301 2.659 6.887 7.094 5.910 12.209 9.592 11.417 9.161 6.797 13.844 11.122 7.612 10.202 6.210 1.024 14.446 4.571 9.870 3.131 2.802 11.690 7.497 10.076 14.344 16.175 9.056 11.238 7.154 6.540 8.117 12.734 6.191 14.553 16.296 7.876 12.266 13.999 8.539 8.727 6.173 12.320 5.660 13.045 12.204 16.224 11.159 12.254 3.675 5.463 9.295 11.198 7.643 
8.511 12.194 15.904 5.566 9.119 19.608 18.050 13.777 12.688 15.883 9.796 13.388 6.834 7.821 11.537 10.938 11.568 10.828 5.385 13.038 14.404 12.644 19.246 3.686 11.202 7.871 11.458 5.816 13.102 9.033 7.468 15.059 13.120 9.900 14.912 10.135 6.461 12.434 5.974 12.405 5.641 9.889 3.602 11.125 13.420 13.965 6.803 9.823 13.622 12.137 7.036 12.627 1.270 4.526 11.000 2.240 4.582 13.014 5.994 8.039 12.444 12.182 10.088 13.522 6.928 8.931 10.187 10.608 11.531 3.566 7.093 14.989 14.245 12.873 18.313 15.539 11.387 3.721 15.193 13.283 12.652 13.875 9.573 1.212 9.569 9.974 15.487 14.518 10.860 7.638 12.550 4.722 13.714 0.110 10.192 11.039 14.202 6.110 9.847 3.527 
14.044 1.349 5.271 8.656 5.530 10.611 11.200 12.435 12.934 9.443 4.327 7.797 10.174 9.312 7.035 5.262 14.324 11.302 13.020 1.007 9.200 1.452 10.055 9.967 2.280 11.023 9.853 12.887 14.815 5.629 6.747 1.615 2.089 7.224 6.355 6.710 7.553 10.366 7.736 5.722 8.304 4.834 12.982 3.268 12.017 13.931 9.464 13.373 14.968 8.047 8.338 9.470 13.393 9.064 2.993 11.880 11.362 0.480 7.513 7.263 4.451 8.813 14.139 0.218 11.354 5.111 11.133 11.517 2.606 12.922 6.497 2.041 2.097 6.098 10.662 11.436 8.024 10.827 4.097 9.747 1.423 2.530 6.447 13.893 4.886 5.753 9.364 11.208 2.642 9.305 1.225 9.270 2.563 13.540 3.280 10.807 11.665 7.647 3.808 13.473 
4.160 9.518 11.010 6.884 4.944 13.864 12.044 7.689 6.750 9.948 6.118 7.596 0.694 1.825 5.925 6.080 6.231 4.752 2.633 10.469 8.415 9.170 13.565 5.597 8.362 1.899 5.324 2.447 7.586 8.651 7.493 11.769 9.236 4.386 9.565 4.796 3.382 6.289 3.761 7.173 3.096 5.712 3.322 7.297 7.311 8.080 1.046 4.536 8.047 6.261 2.107 6.542 7.062 3.765 7.464 3.935 1.640 9.971 5.414 3.234 7.673 6.169 5.110 10.583 1.296 5.362 4.114 4.577 7.914 3.295 4.730 11.280 11.988 7.510 12.403 9.401 5.515 2.552 10.612 7.189 10.253 11.911 4.520 7.274 8.734 5.162 9.538 8.372 7.979 1.676 9.257 6.376 11.798 6.258 7.637 4.908 8.057 3.708 6.743 3.791 
6.709 9.366 7.098 11.177 5.555 8.201 6.072 2.964 3.455 4.124 6.437 2.484 5.327 4.307 2.520 4.451 5.344 2.507 7.947 10.128 2.557 8.106 8.007 10.690 8.480 4.684 0.817 7.527 5.411 11.126 10.725 10.155 7.544 3.167 5.076 3.436 6.928 0.830 7.664 3.901 7.414 5.615 9.230 6.617 2.519 4.391 5.333 5.192 5.486 1.528 5.429 0.546 12.929 8.663 7.115 9.885 7.656 9.200 9.257 4.980 5.142 0.762 5.859 9.750 5.657 6.428 2.827 2.856 7.208 9.216 7.644 9.205 11.602 3.711 6.543 3.463 1.597 8.419 7.341 1.169 10.182 11.876 4.115 13.199 10.791 4.489 3.702 2.539 8.224 4.492 8.412 11.036 11.844 12.232 8.441 1.907 2.543 7.509 7.394 9.647 
9.333 4.227 5.485 7.227 1.303 9.759 9.069 8.244 8.459 6.878 1.268 4.441 5.622 4.644 2.864 0.944 9.634 6.658 8.645 5.091 5.935 3.334 9.304 7.605 3.233 6.321 5.391 8.440 10.250 6.110 6.113 5.862 3.238 2.511 4.782 2.023 3.961 6.100 4.511 2.473 4.781 0.595 8.973 1.492 7.795 9.587 4.976 8.627 10.460 4.000 3.972 5.386 10.745 5.954 1.903 8.417 7.226 4.317 5.381 2.793 2.046 4.669 9.392 4.927 6.750 1.745 6.431 6.842 2.154 8.924 3.679 5.279 6.638 3.049 8.945 8.020 3.686 7.080 4.809 5.852 5.051 6.791 1.702 11.171 5.660 1.006 6.611 7.460 2.952 4.664 3.524 7.435 6.732 10.513 3.175 6.211 7.718 4.359 2.169 9.476 
13.825 1.276 7.416 6.708 5.378 12.730 13.021 13.346 13.587 11.086 4.176 9.084 9.772 9.130 7.891 5.933 14.633 11.733 12.307 1.422 10.573 2.891 12.183 8.258 1.904 10.850 10.523 12.256 15.350 3.407 4.714 3.801 3.833 7.583 8.157 7.133 6.643 11.208 6.609 6.910 7.267 4.937 11.962 3.778 12.902 14.717 9.023 13.448 15.579 9.004 7.857 10.431 11.653 7.742 3.268 10.567 10.502 2.148 5.922 6.983 5.726 9.726 14.197 2.235 10.977 4.664 11.443 11.887 3.248 11.897 5.373 4.381 2.348 7.401 12.587 12.788 8.791 9.728 6.248 10.826 0.955 2.064 6.654 12.168 2.671 6.056 10.940 12.390 2.190 9.076 2.511 7.413 1.931 11.953 2.273 11.317 12.737 6.564 3.290 12.429 
13.373 2.921 3.286 9.737 5.280 8.625 9.230 10.938 11.608 7.549 4.300 6.146 9.773 8.764 5.753 4.316 13.229 10.180 12.793 2.983 7.457 1.535 8.071 10.758 3.228 10.396 8.590 12.592 13.545 7.129 7.990 2.001 0.944 6.349 4.422 5.822 7.735 8.959 8.093 4.256 8.548 4.477 13.029 2.972 10.544 12.496 9.128 12.479 13.642 6.630 8.098 8.001 14.135 9.521 3.040 12.228 11.313 2.019 8.295 6.931 3.045 7.401 13.243 2.198 10.887 5.177 10.111 10.436 2.508 12.976 6.948 1.139 3.957 4.511 8.670 9.674 6.759 11.011 2.110 8.187 3.342 4.484 5.772 14.610 6.411 5.073 7.504 9.551 3.440 8.798 1.811 10.233 4.536 14.119 4.194 9.636 10.072 7.972 4.216 13.531 
11.875 11.035 5.653 15.394 9.254 3.097 0.784 5.760 7.269 1.463 9.529 4.044 10.653 9.548 5.959 7.376 9.679 7.617 13.357 11.429 2.925 9.429 3.133 15.371 10.635 10.094 6.204 12.936 8.948 14.280 14.400 10.276 8.523 7.534 4.165 7.447 11.464 5.464 12.178 5.824 12.129 8.852 14.607 8.914 5.705 7.195 10.537 10.179 8.696 5.189 10.340 4.865 18.006 13.425 9.436 15.082 12.978 10.398 13.474 9.530 6.717 5.171 10.706 10.726 11.065 9.976 8.099 7.968 9.209 14.590 11.738 9.146 12.515 5.247 1.203 2.983 5.934 13.597 6.660 4.275 11.694 13.035 8.144 18.326 13.730 8.071 1.834 3.867 10.560 9.721 9.812 15.465 13.077 17.423 11.102 7.100 4.602 12.013 10.306 15.037 
4.155 14.405 12.612 13.944 9.910 12.533 9.785 3.677 2.253 8.694 11.069 7.971 6.683 6.595 7.866 9.551 0.941 3.521 7.149 15.260 7.429 13.359 12.523 12.718 13.376 5.270 5.031 6.701 0.698 15.099 14.233 15.597 12.925 7.674 10.549 8.156 9.944 4.852 10.545 9.389 9.988 10.304 8.926 11.653 3.788 2.422 7.276 2.699 1.233 7.059 8.178 5.869 13.653 10.866 12.080 10.586 8.197 14.421 12.295 8.549 10.573 6.317 2.479 15.008 5.910 10.721 3.812 3.353 12.301 8.955 11.134 14.701 16.794 9.257 10.624 6.468 6.859 9.495 12.899 5.997 15.229 16.969 8.585 13.719 14.971 9.205 8.337 5.601 13.055 6.734 13.619 13.487 16.910 12.613 13.063 4.005 4.848 10.441 11.992 9.108 
15.676 2.413 7.401 8.634 7.130 12.708 13.445 14.604 15.014 11.717 5.892 10.042 11.668 10.944 9.156 7.286 16.256 13.280 14.297 1.550 11.462 3.602 12.146 10.265 3.527 12.671 11.926 14.227 16.853 5.178 6.622 2.893 4.355 9.136 8.618 8.646 8.649 12.505 8.648 7.932 9.298 6.565 14.002 5.149 14.176 16.063 10.927 15.179 17.037 10.210 9.764 11.643 13.636 9.795 4.732 12.620 12.517 2.507 7.964 8.813 6.667 10.967 15.938 2.059 12.871 6.512 13.052 13.468 4.507 13.938 7.405 3.882 0.449 8.337 12.875 13.699 10.122 11.772 6.246 11.954 1.606 0.280 8.271 14.154 4.494 7.613 11.640 13.443 3.896 10.907 3.270 9.376 0.404 13.976 4.204 12.818 13.876 8.597 5.114 14.472 
9.774 7.249 11.825 1.128 5.366 16.286 15.342 12.663 12.091 13.104 5.538 10.527 6.137 6.411 8.628 7.323 11.952 9.966 7.151 8.039 11.863 7.947 15.839 1.422 6.361 7.551 9.779 7.328 13.225 3.997 2.442 10.183 8.581 7.172 11.320 7.149 3.249 10.776 2.515 8.927 2.890 5.944 6.078 6.746 12.225 13.433 5.569 10.287 13.647 9.567 4.892 10.553 4.835 2.010 6.477 4.175 5.284 8.137 1.176 5.210 8.543 9.919 10.864 8.595 7.044 4.805 9.395 9.906 6.992 6.008 2.867 10.268 9.178 9.483 15.353 13.566 8.910 4.008 10.927 11.186 7.631 8.789 6.432 5.344 4.489 6.511 12.771 12.713 6.061 6.238 7.784 0.905 8.627 5.139 5.335 9.891 12.659 2.668 5.261 6.439 
2.003 14.821 14.208 12.866 10.103 14.949 12.330 6.236 4.671 10.941 11.338 9.668 5.888 6.328 9.006 10.310 2.285 4.702 5.083 15.739 9.506 14.045 14.870 11.342 13.706 4.629 6.457 4.715 3.616 14.661 13.553 16.494 13.794 8.281 12.244 8.807 9.355 6.707 9.810 10.592 9.157 10.680 6.827 12.202 6.203 5.277 6.621 2.126 4.134 8.498 7.736 7.643 11.630 9.739 12.539 8.761 6.606 15.031 11.477 8.474 11.620 7.871 1.371 15.643 4.775 10.790 4.567 4.370 12.866 6.871 10.675 15.732 17.297 10.612 13.089 9.010 8.065 7.969 14.278 7.975 15.623 17.356 9.019 11.610 14.678 9.714 10.547 8.027 13.347 6.396 14.242 12.272 17.270 10.505 13.189 5.306 7.319 9.745 12.168 6.887 
5.675 10.543 8.453 11.647 6.436 9.165 6.779 2.080 2.135 5.088 7.441 3.820 5.133 4.324 3.768 5.611 3.996 1.410 7.351 11.341 3.591 9.354 9.030 10.935 9.602 4.171 0.981 6.903 4.063 11.964 11.413 11.476 8.839 4.019 6.415 4.401 7.374 0.778 8.091 5.232 7.734 6.627 8.808 7.776 1.634 3.220 5.331 4.029 4.172 2.875 5.711 1.730 12.860 8.910 8.251 9.743 7.386 10.441 9.774 5.537 6.451 2.125 4.639 11.005 5.165 7.306 1.940 1.761 8.393 8.804 8.270 10.546 12.839 5.070 7.393 3.717 2.776 8.330 8.708 2.053 11.366 13.081 4.996 13.082 11.692 5.487 4.677 2.645 9.321 4.513 9.645 11.411 13.039 12.062 9.467 0.950 2.250 7.947 8.399 9.182 
8.116 11.453 15.112 5.000 8.327 18.837 17.310 13.148 12.105 15.134 9.010 12.629 6.157 7.107 10.769 10.149 11.091 10.200 4.982 12.307 13.665 11.873 18.471 3.056 10.447 7.254 10.764 5.386 12.606 8.405 6.839 14.302 12.339 9.133 14.128 9.359 5.669 11.748 5.187 11.620 4.849 9.098 3.235 10.340 12.781 13.397 6.083 9.335 13.118 11.388 6.270 11.911 1.626 3.742 10.221 1.546 3.965 12.260 5.272 7.257 11.652 11.452 9.647 12.775 6.337 8.143 9.558 9.993 10.752 3.187 6.316 14.217 13.538 12.091 17.559 14.844 10.639 2.995 14.403 12.569 11.927 13.184 8.790 1.794 8.914 9.185 14.741 13.831 10.102 6.922 11.784 4.148 13.025 0.885 9.442 10.386 13.536 5.321 9.075 3.267 
6.751 9.909 7.379 11.732 6.138 8.087 5.811 2.409 3.055 3.998 7.015 2.738 5.714 4.746 3.058 5.007 5.107 2.481 8.206 10.658 2.472 8.622 7.931 11.206 9.038 4.956 1.083 7.773 5.027 11.710 11.302 10.615 8.032 3.748 5.321 4.019 7.474 0.382 8.208 4.368 7.939 6.193 9.558 7.169 1.974 3.890 5.775 5.147 5.058 2.003 5.940 0.639 13.374 9.177 7.672 10.305 8.031 9.718 9.816 5.537 5.626 1.236 5.771 10.259 5.945 7.011 2.913 2.838 7.751 9.548 8.215 9.643 12.120 4.127 6.358 3.003 2.169 8.850 7.697 0.941 10.722 12.407 4.698 13.631 11.373 5.070 3.582 2.022 8.788 4.935 8.935 11.576 12.378 12.647 9.015 1.924 1.966 8.055 7.971 9.961 
12.677 4.469 10.270 3.328 5.544 15.357 15.094 13.955 13.789 12.952 4.856 10.564 8.653 8.435 8.907 7.067 14.250 11.716 10.490 4.984 12.058 5.746 14.842 5.153 4.077 9.981 10.968 10.568 15.279 0.203 1.367 7.344 6.623 7.945 10.449 7.669 5.185 11.852 4.764 8.518 5.450 5.627 9.696 5.452 13.497 15.064 7.933 12.771 15.616 10.024 6.880 11.317 8.385 5.342 4.964 7.932 8.583 5.461 3.319 6.500 7.645 10.605 13.452 5.732 9.779 4.674 11.264 11.766 5.317 9.626 3.896 7.767 5.767 9.088 14.855 14.109 9.561 7.490 9.176 11.855 4.521 5.261 6.983 8.907 0.914 6.666 12.709 13.470 3.979 8.313 5.446 4.133 5.088 8.869 3.299 11.455 13.630 4.810 4.017 10.102 
7.573 5.868 8.299 5.236 1.544 12.220 11.084 8.632 8.320 8.846 2.539 6.264 3.503 2.989 4.352 3.342 8.773 6.224 6.188 6.819 7.571 5.628 11.812 5.078 4.712 4.651 5.662 6.073 9.774 5.587 4.865 8.227 5.839 2.882 7.367 2.866 1.195 6.623 1.875 4.872 1.979 2.351 6.250 3.819 8.179 9.620 2.753 7.375 10.114 5.272 1.588 6.300 8.007 3.226 3.894 5.582 4.559 6.356 3.303 1.022 4.835 5.645 8.092 6.962 4.707 1.724 5.760 6.263 4.382 6.196 1.714 7.855 8.336 5.387 11.150 9.294 4.623 4.261 7.642 6.920 6.601 8.270 2.165 8.410 5.475 2.400 8.500 8.477 4.328 2.895 5.675 5.186 8.162 7.704 4.002 6.001 8.486 1.710 3.092 6.751 
9.632 3.909 5.401 7.171 1.439 9.810 9.211 8.538 8.770 7.037 1.099 4.643 5.889 4.931 3.131 1.174 9.952 6.976 8.891 4.772 6.145 3.029 9.345 7.631 2.925 6.617 5.698 8.695 10.565 5.907 5.980 5.573 2.976 2.829 4.822 2.341 4.073 6.394 4.586 2.607 4.897 0.641 9.175 1.175 8.090 9.891 5.230 8.940 10.774 4.266 4.200 5.664 10.817 6.037 1.586 8.556 7.438 4.003 5.357 3.030 2.020 4.948 9.706 4.614 7.027 1.720 6.749 7.160 1.839 9.124 3.684 5.019 6.320 3.184 9.055 8.255 3.978 7.244 4.670 6.116 4.734 6.473 2.011 11.251 5.434 1.320 6.783 7.719 2.651 4.945 3.212 7.414 6.415 10.618 2.909 6.527 7.993 4.439 1.936 9.678 
8.000 6.144 9.454 3.875 2.696 13.573 12.488 9.879 9.441 10.250 3.304 7.668 3.960 3.843 5.758 4.630 9.631 7.317 6.077 7.075 8.977 6.264 13.152 3.698 5.028 5.301 6.946 6.069 10.758 4.815 3.801 8.795 6.653 4.277 8.672 4.273 0.495 7.930 0.532 6.204 1.025 3.419 5.737 4.638 9.433 10.766 3.245 8.099 11.136 6.674 2.256 7.665 6.766 1.984 4.560 4.650 4.243 6.807 1.975 2.324 6.026 7.025 8.767 7.377 5.094 2.433 6.794 7.307 5.087 5.674 0.902 8.586 8.504 6.737 12.541 10.673 6.014 3.545 8.700 8.295 6.778 8.323 3.567 7.197 4.879 3.735 9.906 9.834 4.651 3.699 6.228 3.782 8.192 6.585 4.124 7.166 9.806 0.390 3.492 6.218 
10.501 4.151 8.906 3.440 3.256 13.682 13.120 11.605 11.417 10.924 2.829 8.444 6.426 6.107 6.690 4.970 11.913 9.345 8.581 4.994 9.908 4.819 13.198 4.518 3.221 7.704 8.616 8.592 12.916 2.444 2.063 7.057 5.499 5.613 8.696 5.374 2.995 9.517 2.765 6.520 3.456 3.491 8.072 3.810 11.148 12.695 5.686 10.475 13.247 7.781 4.585 9.025 7.943 3.804 3.454 6.629 6.713 5.008 2.063 4.131 5.849 8.320 11.173 5.488 7.592 2.417 8.899 9.399 3.941 8.006 1.647 7.130 6.270 7.097 12.978 11.885 7.271 5.828 7.932 9.586 4.619 5.989 4.668 8.441 2.372 4.426 10.647 11.196 2.923 5.996 4.646 3.907 5.844 8.111 2.196 9.084 11.318 2.755 2.259 8.528 
10.684 5.819 10.809 1.542 4.816 15.528 14.837 12.788 12.399 12.617 4.653 10.084 6.788 6.799 8.247 6.686 12.554 10.278 8.306 6.564 11.503 6.672 15.053 2.965 5.022 8.178 9.822 8.421 13.714 2.481 0.997 8.775 7.389 6.967 10.537 6.831 3.440 10.782 2.837 8.275 3.454 5.223 7.423 5.708 12.336 13.720 6.122 10.973 14.097 9.281 5.212 10.417 6.337 3.099 5.358 5.639 6.401 6.745 1.133 5.174 7.699 9.739 11.608 7.166 7.834 4.082 9.757 10.270 5.843 7.353 2.460 8.946 7.649 8.849 14.751 13.369 8.696 5.243 9.836 11.017 6.142 7.244 6.101 6.853 2.936 6.011 12.317 12.600 4.762 6.649 6.470 2.115 7.080 6.691 4.013 10.112 12.639 2.933 4.161 7.819 
3.079 15.335 14.252 13.822 10.663 14.571 11.864 5.733 4.214 10.650 11.883 9.638 6.703 6.986 9.204 10.670 1.846 4.772 6.203 16.235 9.295 14.458 14.534 12.362 14.245 5.359 6.495 5.817 2.772 15.450 14.408 16.837 14.137 8.673 12.234 9.190 10.157 6.567 10.658 10.782 10.027 11.182 7.962 12.654 5.781 4.550 7.407 2.601 3.239 8.567 8.475 7.555 12.767 10.692 13.026 9.861 7.645 15.476 12.360 9.106 11.880 7.882 1.887 16.082 5.664 11.398 4.795 4.485 13.317 8.004 11.449 16.020 17.790 10.739 12.677 8.536 8.224 9.005 14.417 7.798 16.148 17.890 9.484 12.757 15.424 10.159 10.274 7.619 13.897 7.078 14.679 13.259 17.813 11.650 13.794 5.358 6.879 10.582 12.750 8.037 
3.932 15.405 13.880 14.400 10.814 13.846 11.084 4.993 3.570 10.017 12.006 9.240 7.175 7.289 9.019 10.621 1.558 4.593 7.063 16.282 8.743 14.431 13.842 13.032 14.346 5.778 6.216 6.651 1.840 15.817 14.855 16.731 14.043 8.680 11.827 9.182 10.570 6.124 11.120 10.569 10.518 11.269 8.841 12.678 5.110 3.652 7.837 2.989 2.241 8.273 8.838 7.137 13.637 11.280 13.081 10.665 8.369 15.477 12.850 9.347 11.724 7.548 2.442 16.073 6.238 11.591 4.761 4.363 13.335 8.879 11.821 15.864 17.828 10.470 11.934 7.775 8.018 9.714 14.131 7.296 16.226 17.970 9.551 13.653 15.742 10.200 9.659 6.921 14.012 7.404 14.675 13.880 17.903 12.543 13.967 5.132 6.167 11.030 12.906 8.952 
4.285 9.874 9.117 9.833 5.316 10.796 8.645 4.030 3.362 6.726 6.487 4.803 3.032 2.342 3.821 5.151 3.977 1.235 5.363 10.755 5.158 8.942 10.586 8.960 8.816 2.113 1.800 4.935 4.788 10.580 9.833 11.326 8.624 3.161 7.257 3.674 5.618 2.655 6.296 5.402 5.853 5.739 6.735 7.157 3.630 4.696 3.296 3.081 5.111 3.490 3.867 3.149 10.761 6.955 7.551 7.637 5.278 9.969 8.031 4.006 6.414 3.041 3.839 10.571 3.105 6.128 0.783 1.264 7.816 6.728 6.685 10.535 12.304 5.468 9.145 5.768 2.931 6.234 9.102 3.731 10.695 12.439 4.020 10.976 10.412 4.670 6.304 4.714 8.486 2.523 9.170 9.520 12.371 9.953 8.471 1.215 4.358 6.167 7.402 7.126 
15.533 2.486 6.000 9.589 7.005 11.252 12.151 13.814 14.367 10.542 5.789 9.094 11.645 10.799 8.463 6.735 15.801 12.773 14.455 1.606 10.444 2.928 10.689 11.058 3.601 12.512 11.296 14.335 16.264 6.296 7.607 1.356 3.415 8.712 7.405 8.195 8.923 11.772 9.050 7.088 9.648 6.322 14.351 4.761 13.404 15.334 10.929 14.864 16.404 9.443 9.793 10.853 14.476 10.324 4.472 13.156 12.765 1.943 8.651 8.736 5.821 10.214 15.630 1.326 12.829 6.544 12.615 12.993 4.098 14.290 7.799 2.423 1.153 7.419 11.527 12.668 9.461 12.168 4.880 11.094 2.017 1.835 7.940 14.985 5.567 7.246 10.505 12.509 3.984 10.789 2.718 10.269 1.963 14.705 4.523 12.269 13.001 8.973 5.200 14.838 
12.952 4.260 1.900 10.609 5.459 7.209 7.790 9.882 10.688 6.172 4.736 5.027 9.625 8.531 5.020 4.022 12.479 9.449 12.715 4.422 6.223 2.703 6.660 11.427 4.327 10.059 7.772 12.468 12.652 8.294 8.994 3.214 1.783 5.951 3.030 5.445 8.078 8.008 8.541 3.437 8.903 4.657 13.149 3.446 9.513 11.478 9.047 11.896 12.702 5.728 8.123 7.013 14.726 9.994 3.720 12.573 11.392 3.430 9.012 6.939 2.469 6.480 12.648 3.649 10.663 5.587 9.463 9.735 3.230 13.101 7.503 2.112 5.389 3.531 7.218 8.402 5.995 11.262 0.774 7.111 4.760 5.931 5.579 15.180 7.604 4.934 6.159 8.372 4.449 8.596 3.055 11.023 5.987 14.599 5.182 8.876 8.942 8.403 4.933 13.651 
13.425 4.930 1.269 11.378 6.165 6.607 7.413 9.999 10.900 5.967 5.487 5.151 10.216 9.100 5.412 4.628 12.788 9.786 13.318 5.002 6.211 3.417 6.050 12.187 5.069 10.580 8.073 13.056 12.872 9.032 9.756 3.484 2.524 6.482 2.866 5.993 8.800 8.218 9.279 3.832 9.625 5.371 13.809 4.208 9.651 11.615 9.662 12.298 12.891 6.004 8.775 7.208 15.477 10.733 4.489 13.286 12.045 4.049 9.777 7.594 3.036 6.730 13.041 4.191 11.223 6.330 9.845 10.086 3.998 13.762 8.257 2.356 5.827 3.818 6.771 8.324 6.350 11.958 0.153 7.237 5.371 6.412 6.188 15.927 8.335 5.569 6.005 8.392 5.204 9.174 3.755 11.791 6.483 15.333 5.942 9.200 9.004 9.139 5.701 14.310 
13.181 3.584 2.584 10.179 5.355 7.917 8.524 10.430 11.168 6.877 4.496 5.597 9.708 8.655 5.386 4.145 12.874 9.830 12.769 3.697 6.857 2.087 7.365 11.101 3.763 10.240 8.194 12.545 13.120 7.713 8.495 2.550 1.249 6.147 3.739 5.626 7.907 8.499 8.319 3.834 8.729 4.544 13.104 3.165 10.047 12.008 9.094 12.206 13.194 6.187 8.113 7.521 14.444 9.764 3.345 12.413 11.364 2.718 8.657 6.933 2.712 6.952 12.965 2.915 10.787 5.368 9.801 10.101 2.825 13.053 7.223 1.502 4.656 4.018 7.955 9.057 6.382 11.147 1.412 7.664 4.046 5.195 5.666 14.909 7.007 4.987 6.849 8.980 3.928 8.703 2.413 10.635 5.250 14.373 4.677 9.271 9.526 8.189 4.557 13.606 
10.337 3.615 4.544 7.891 2.341 9.142 8.758 8.703 9.087 6.650 1.773 4.431 6.700 5.692 3.237 1.378 10.442 7.418 9.737 4.381 5.936 2.433 8.658 8.462 2.826 7.341 5.999 9.526 10.945 6.294 6.558 4.854 2.181 3.372 4.162 2.848 4.968 6.585 5.463 2.267 5.793 1.539 10.064 0.955 8.267 10.136 6.065 9.540 11.115 4.326 5.068 5.759 11.686 6.917 1.492 9.456 8.320 3.495 6.134 3.888 1.317 5.065 10.307 4.080 7.812 2.544 7.258 7.635 1.460 10.014 4.508 4.208 5.884 2.807 8.518 8.123 4.192 8.145 3.775 6.134 4.428 6.125 2.706 12.125 5.744 2.003 6.439 7.695 2.655 5.724 2.694 8.187 6.089 11.507 3.121 6.926 8.049 5.319 2.352 10.567 
13.628 11.348 5.428 16.404 10.283 1.319 1.577 7.554 9.066 2.945 10.367 5.338 12.189 11.050 7.215 8.336 11.476 9.358 14.989 11.601 4.514 9.733 1.487 16.558 11.125 11.729 7.873 14.579 10.732 14.947 15.239 10.120 8.790 8.843 4.564 8.675 12.666 7.196 13.356 6.732 13.379 9.776 16.166 9.560 7.502 8.966 12.008 11.950 10.467 6.618 11.699 6.518 19.347 14.671 10.050 16.508 14.495 10.594 14.521 10.794 7.380 6.730 12.490 10.830 12.683 10.925 9.816 9.712 9.742 16.145 12.786 9.009 12.509 6.168 0.608 4.766 7.370 15.023 6.569 5.968 11.922 13.089 9.328 19.693 14.343 9.143 3.366 5.664 11.110 11.215 10.112 16.552 13.154 18.831 11.725 8.823 6.399 13.191 11.047 16.610 
7.639 6.032 8.827 4.683 2.041 12.812 11.680 9.110 8.727 9.442 2.876 6.860 3.552 3.231 4.947 3.910 9.046 6.613 6.014 6.980 8.159 5.943 12.400 4.480 4.884 4.807 6.159 5.943 10.112 5.304 4.452 8.523 6.228 3.456 7.945 3.460 0.621 7.135 1.278 5.457 1.437 2.822 5.918 4.198 8.660 10.042 2.804 7.580 10.472 5.854 1.687 6.851 7.438 2.647 4.208 5.100 4.289 6.597 2.764 1.516 5.371 6.207 8.275 7.190 4.738 2.009 6.116 6.626 4.717 5.861 1.316 8.216 8.466 5.977 11.747 9.855 5.194 3.841 8.133 7.478 6.728 8.352 2.763 7.848 5.266 2.982 9.095 9.022 4.499 3.109 5.955 4.603 8.233 7.169 4.082 6.429 9.007 1.113 3.277 6.414 
5.705 13.598 11.052 14.208 9.418 10.526 7.742 1.740 1.030 6.802 10.468 6.474 7.136 6.699 6.796 8.666 2.622 3.154 8.375 14.391 5.678 12.391 10.545 13.230 12.655 5.818 4.032 7.907 1.518 14.875 14.204 14.441 11.841 7.026 8.965 7.437 10.007 3.482 10.681 8.189 10.219 9.660 10.087 10.831 1.993 0.420 7.575 3.962 1.314 5.815 8.252 4.450 14.627 11.265 11.306 11.490 9.050 13.481 12.420 8.333 9.438 5.043 4.094 14.038 6.674 10.278 3.714 3.205 11.447 10.104 11.049 13.470 15.882 7.953 8.607 4.450 5.819 10.233 11.473 4.396 14.420 16.133 7.997 14.758 14.648 8.522 6.473 3.669 12.370 6.870 12.688 13.862 16.093 13.673 12.495 3.359 2.914 10.554 11.423 10.348 
12.881 1.653 7.629 5.752 4.557 12.854 12.908 12.760 12.901 10.881 3.422 8.721 8.809 8.224 7.361 5.393 13.825 10.983 11.279 2.261 10.227 3.032 12.321 7.232 1.524 9.931 9.871 11.240 14.611 2.668 3.794 4.563 3.958 6.868 8.098 6.452 5.612 10.615 5.553 6.557 6.216 4.227 10.904 3.337 12.309 14.072 8.057 12.578 14.865 8.493 6.894 9.897 10.640 6.677 2.800 9.502 9.460 2.645 4.869 6.080 5.466 9.182 13.319 2.941 10.011 3.780 10.656 11.116 2.951 10.838 4.324 4.951 3.403 7.086 12.551 12.406 8.204 8.667 6.493 10.338 1.829 3.125 5.911 11.152 1.933 5.366 10.698 11.931 1.636 8.158 2.696 6.424 2.985 10.911 1.403 10.599 12.225 5.511 2.477 11.369 
12.151 9.821 4.271 14.607 8.478 2.750 1.982 6.489 7.900 1.446 8.603 3.552 10.457 9.304 5.408 6.538 10.260 7.883 13.322 10.163 2.935 8.206 2.532 14.742 9.501 10.077 6.293 12.925 9.710 13.251 13.483 8.920 7.281 7.040 2.934 6.861 10.850 5.733 11.540 4.937 11.564 7.988 14.439 7.859 6.345 8.035 10.245 10.539 9.519 4.865 9.900 4.941 17.539 12.856 8.364 14.721 12.748 9.137 12.717 8.982 5.661 5.055 11.131 9.435 11.010 9.134 8.286 8.241 8.092 14.416 10.981 7.791 11.197 4.368 1.551 3.889 5.614 13.238 5.303 4.464 10.448 11.735 7.513 17.889 12.669 7.331 1.838 4.551 9.457 9.464 8.588 14.743 11.784 17.037 10.041 7.318 5.308 11.375 9.316 14.892 
3.927 14.439 12.756 13.842 9.913 12.757 10.019 3.901 2.443 8.897 11.082 8.115 6.579 6.537 7.952 9.606 0.774 3.566 6.947 15.301 7.611 13.417 12.740 12.587 13.401 5.165 5.128 6.504 0.962 15.056 14.167 15.678 12.999 7.706 10.699 8.195 9.875 4.997 10.466 9.487 9.898 10.325 8.728 11.694 3.994 2.682 7.188 2.530 1.491 7.172 8.115 6.011 13.469 10.753 12.113 10.414 8.037 14.474 12.212 8.521 10.660 6.438 2.258 15.064 5.771 10.715 3.815 3.374 12.345 8.758 11.081 14.793 16.840 9.370 10.852 6.698 6.947 9.344 13.022 6.163 15.263 17.005 8.605 13.528 14.941 9.234 8.535 5.816 13.076 6.670 13.672 13.372 16.943 12.420 13.068 4.074 5.066 10.364 11.999 8.900 
