10 20 40
36 107 62 72 42 46 148 140 77 41 
100 52 129 118 23 29 168 118 130 178 123 151 123 168 40 29 98 184 178 168 
13 17 33 28 27 29 11 5 30 33 17 30 5 20 16 5 5 13 35 18 32 5 5 17 14 16 9 23 11 35 9 21 15 32 9 31 19 34 29 10 
1080.091 761.717 1155.227 1071.238 504.100 542.270 1308.144 1095.664 1146.206 1342.248 1120.446 1253.123 1173.342 1235.058 711.034 625.473 957.237 1411.115 1355.807 1218.547 
6.373 4.933 2.934 1.688 2.097 6.926 5.592 8.739 8.267 4.614 7.837 5.076 7.787 4.100 1.887 7.161 6.367 6.997 5.694 3.866 
4.524 0.893 4.733 4.125 2.299 3.991 6.214 4.903 4.493 6.172 6.059 1.728 6.229 3.291 5.844 3.288 6.993 4.259 5.688 2.511 
4.751 1.886 6.705 6.375 4.768 4.093 7.468 2.980 3.360 7.823 5.934 2.349 6.229 5.102 8.310 2.400 8.129 4.459 6.738 4.417 
2.389 5.386 3.023 4.151 5.843 9.732 0.971 6.463 9.903 2.204 2.837 4.502 2.572 8.345 7.574 8.739 1.402 10.002 0.146 7.660 
2.172 1.702 4.275 4.353 3.944 6.130 4.652 3.496 6.019 5.112 3.655 0.715 3.850 5.665 7.178 4.889 5.308 6.446 3.917 4.885 
6.061 2.194 6.436 5.686 3.377 2.257 7.989 5.318 2.846 7.934 7.511 3.179 7.730 2.825 6.679 1.694 8.762 2.559 7.442 2.236 
6.298 2.506 6.011 5.122 2.641 2.435 7.834 6.100 3.585 7.615 7.821 3.460 8.001 1.903 5.775 2.535 8.635 2.632 7.377 1.271 
8.037 4.253 8.574 7.749 5.280 0.770 10.150 6.401 1.283 10.100 9.391 5.203 9.648 3.698 8.190 1.238 10.916 1.094 9.581 3.526 
4.846 3.501 2.251 1.206 1.426 6.329 4.643 7.169 7.345 3.995 6.358 3.515 6.345 4.024 3.472 6.171 5.464 6.480 4.537 3.510 
2.896 5.770 2.920 4.120 6.003 10.066 0.494 6.970 10.307 1.833 3.282 4.914 2.993 8.549 7.494 9.133 0.946 10.325 0.458 7.886 
1.340 4.429 8.117 7.054 0.652 5.634 7.134 1.986 8.171 1.365 4.702 2.383 2.503 3.851 3.529 7.572 3.031 3.825 6.713 7.193 4.578 7.871 4.283 3.721 7.437 9.360 3.755 8.141 4.817 1.298 6.903 6.576 3.922 7.885 1.199 4.281 9.108 3.068 2.163 2.212 
3.041 3.562 4.360 3.861 3.911 3.374 5.722 5.694 4.419 3.239 2.784 5.171 6.090 4.350 4.236 3.855 1.027 2.869 2.841 4.826 1.831 5.728 7.589 7.245 4.864 5.596 5.027 4.395 2.494 3.654 3.042 4.510 5.744 4.062 3.489 2.297 5.422 4.962 2.626 1.936 
3.185 7.673 8.736 8.713 4.900 8.118 3.454 5.856 8.800 3.034 7.342 6.657 4.213 7.684 0.788 6.716 3.986 6.916 6.856 4.404 6.608 4.670 4.515 4.712 4.806 9.857 0.823 8.793 3.324 2.980 7.197 3.681 1.575 8.282 3.105 6.815 9.854 7.273 5.512 3.461 
3.673 7.684 7.925 8.174 5.506 7.852 2.301 6.718 7.989 3.588 7.172 7.293 5.341 7.928 1.582 5.657 3.783 6.922 6.018 3.134 6.309 3.418 5.778 5.940 3.540 8.982 2.066 7.987 2.430 3.674 6.376 2.412 2.847 7.435 3.743 6.651 9.036 7.756 5.730 3.549 
4.251 6.624 5.467 6.080 5.916 6.248 2.797 7.540 5.530 4.310 5.801 7.563 6.924 7.318 3.504 3.067 2.975 5.921 3.570 1.798 4.770 2.673 7.846 7.810 1.931 6.454 4.291 5.535 0.745 4.616 3.939 1.460 5.142 4.948 4.567 5.340 6.558 7.657 5.315 3.428 
7.455 6.158 0.936 2.983 8.269 4.631 7.421 10.034 0.964 7.638 5.021 9.227 10.518 7.519 8.038 2.222 5.402 5.908 1.657 5.708 4.262 6.505 11.929 11.647 5.400 1.472 8.881 1.006 5.137 8.051 1.403 5.986 9.702 0.571 7.899 4.976 1.698 8.687 6.688 6.331 
3.100 7.668 10.279 9.730 3.947 8.636 6.112 4.072 10.341 2.873 7.733 5.359 1.835 7.181 2.479 8.806 4.948 6.995 8.538 6.996 7.323 7.326 1.899 2.054 7.376 11.489 1.846 10.323 5.406 2.503 8.828 6.273 1.218 9.912 2.702 7.247 11.370 6.276 5.340 4.070 
4.596 0.865 6.377 4.508 3.512 2.598 9.551 4.547 6.408 4.795 1.971 3.060 6.422 0.573 6.913 7.436 4.205 1.205 5.917 8.844 2.843 9.730 8.256 7.596 8.897 7.466 7.435 6.361 6.414 5.033 5.880 8.472 7.822 6.433 4.845 2.081 7.019 2.069 2.188 4.307 
7.527 4.938 1.102 1.308 7.886 3.222 8.875 9.551 1.076 7.739 3.905 8.471 10.493 6.371 8.678 4.004 5.578 4.923 2.661 7.293 3.541 8.162 12.094 11.688 7.050 1.721 9.502 1.032 6.110 8.150 2.294 7.426 10.260 1.602 7.971 4.067 1.221 7.734 6.131 6.466 
3.669 8.379 10.249 9.985 4.950 9.125 5.020 5.360 10.313 3.454 8.269 6.524 3.210 8.089 2.001 8.415 5.139 7.658 8.412 6.143 7.699 6.336 2.934 3.313 6.552 11.413 1.158 10.301 4.989 3.191 8.735 5.424 0.408 9.828 3.379 7.756 11.362 7.354 6.072 4.388 
2.891 5.061 9.452 8.172 1.448 6.545 8.570 0.412 9.503 2.866 5.630 1.698 2.208 4.062 4.795 9.119 4.579 4.633 8.173 8.744 5.753 9.391 3.981 3.241 9.001 10.687 4.805 9.469 6.398 2.664 8.335 8.110 4.717 9.269 2.642 5.302 10.389 2.769 3.165 3.794 
2.126 3.395 5.300 4.570 2.939 3.695 5.888 4.721 5.357 2.338 2.915 4.297 5.139 3.866 3.711 4.784 0.542 2.637 3.829 5.273 2.225 6.126 6.693 6.311 5.385 6.541 4.434 5.331 2.787 2.749 4.024 4.842 5.074 5.028 2.571 2.388 6.338 4.221 1.857 1.100 
2.939 5.428 9.715 8.486 1.705 6.888 8.504 0.586 9.767 2.885 5.967 2.077 1.850 4.448 4.681 9.279 4.738 4.980 8.388 8.757 6.049 9.376 3.601 2.855 9.030 10.953 4.627 9.734 6.460 2.634 8.563 8.108 4.479 9.516 2.641 5.625 10.669 3.157 3.473 3.913 
6.465 7.309 3.901 5.353 7.869 6.312 4.454 9.613 3.953 6.577 6.243 9.299 9.362 8.378 6.107 0.910 4.676 6.766 2.478 2.674 5.196 3.407 10.413 10.325 2.321 4.527 6.901 3.979 3.138 6.939 2.763 3.097 7.753 3.346 6.849 5.937 4.813 9.119 6.783 5.442 
6.933 10.136 8.393 9.438 8.768 9.782 1.144 10.116 8.450 6.893 9.344 10.536 8.767 10.719 5.025 5.457 6.321 9.415 6.664 2.017 8.314 1.178 9.000 9.272 2.279 9.109 5.395 8.469 4.109 7.045 7.021 2.085 6.045 7.836 7.085 8.877 9.371 10.842 8.602 6.485 
6.371 4.317 1.228 1.255 6.851 2.751 7.802 8.562 1.266 6.579 3.194 7.594 9.370 5.708 7.472 3.249 4.393 4.140 1.670 6.294 2.581 7.192 10.936 10.553 6.092 2.418 8.297 1.224 4.938 6.992 1.350 6.362 9.057 1.309 6.817 3.223 2.116 6.957 5.146 5.292 
3.754 8.163 11.040 10.412 4.311 9.234 6.854 4.087 11.101 3.532 8.318 5.524 1.682 7.554 3.300 9.625 5.685 7.524 9.323 7.800 7.977 8.103 1.086 1.404 8.185 12.257 2.629 11.081 6.230 3.135 9.606 7.076 1.898 10.685 3.328 7.848 12.123 6.518 5.854 4.785 
7.745 6.530 1.232 3.327 8.600 4.998 7.459 10.369 1.247 7.924 5.392 9.582 10.808 7.889 8.247 2.218 5.693 6.276 1.930 5.718 4.627 6.484 12.194 11.928 5.390 1.450 9.089 1.294 5.308 8.335 1.715 6.038 9.917 0.939 8.187 5.344 1.791 9.051 7.036 6.620 
2.365 6.822 9.700 9.024 3.067 7.849 6.300 3.288 9.760 2.146 6.936 4.503 1.334 6.305 2.453 8.438 4.331 6.164 8.023 6.969 6.586 7.403 2.251 2.074 7.320 10.925 2.087 9.739 5.120 1.745 8.293 6.258 1.780 9.362 1.937 6.462 10.773 5.402 4.500 3.418 
5.718 6.599 3.727 4.909 7.093 5.694 4.347 8.842 3.785 5.838 5.558 8.518 8.650 7.631 5.510 0.982 3.899 6.033 2.038 2.665 4.498 3.520 9.759 9.640 2.407 4.542 6.325 3.803 2.498 6.207 2.377 2.912 7.176 3.172 6.110 5.226 4.740 8.345 6.004 4.678 
