20 40 100
684.482 453.264 354.964 1147.880 1148.770 239.208 278.242 922.238 1044.682 377.879 252.928 500.759 595.803 1226.825 773.713 577.503 1040.573 927.665 1029.387 426.966 
187.841 145.408 318.843 429.528 511.897 577.633 460.538 560.091 239.871 431.260 455.699 472.709 553.402 111.426 264.384 522.140 443.908 192.150 540.341 159.038 57.575 213.661 342.817 578.500 454.842 605.294 281.326 468.341 510.575 417.934 196.603 235.723 553.881 337.190 411.388 161.816 51.824 337.621 105.155 103.556 
32.926 34.083 13.150 27.249 26.469 18.258 24.366 22.666 9.523 15.520 27.224 10.000 27.924 31.387 21.692 34.587 22.334 7.633 21.809 21.992 32.964 24.637 27.506 11.154 25.161 13.356 25.458 8.578 29.623 22.742 22.060 28.463 20.487 9.637 29.037 11.900 10.547 27.483 9.910 27.278 33.310 9.946 19.418 17.103 27.904 6.766 14.573 33.204 31.198 32.411 24.635 8.602 5.477 17.516 19.417 11.886 31.348 23.381 17.572 5.926 6.270 23.510 19.420 21.093 16.064 29.313 13.752 7.625 18.697 27.701 7.483 11.229 18.634 6.246 20.819 11.563 24.768 34.861 17.772 11.781 19.147 19.161 31.482 13.008 10.151 32.123 7.844 26.721 29.231 19.115 6.713 27.482 33.082 24.299 14.752 6.924 14.268 32.680 13.062 10.315 
757.069 718.718 1024.906 1193.396 1305.975 1367.176 1200.654 1333.654 832.764 1143.551 1247.108 1197.453 1374.503 655.744 947.267 1338.035 1199.008 832.668 1264.352 682.426 439.467 877.681 1067.063 1323.032 1254.233 1395.497 901.493 1149.320 1291.335 1200.752 786.978 878.191 1343.988 1049.277 1112.397 748.090 456.511 1060.444 611.825 612.166 
1.602 12.743 9.553 6.281 11.184 3.374 7.510 1.013 8.305 2.087 11.176 7.791 12.398 5.868 3.895 1.425 9.692 6.689 10.792 4.114 9.175 8.710 10.232 8.827 10.329 6.376 3.669 7.501 2.830 8.659 6.668 3.673 4.120 10.353 6.853 11.309 10.325 0.998 4.513 4.467 
12.279 9.841 12.599 6.583 4.140 8.483 8.688 11.222 3.455 8.825 0.589 4.678 7.115 12.533 13.926 9.603 1.222 15.558 9.687 10.439 17.584 17.362 3.255 12.900 8.945 5.144 8.814 14.868 10.941 9.506 4.731 13.075 11.963 1.578 13.323 10.640 3.028 11.834 12.073 11.358 
13.447 13.120 15.460 9.083 7.425 8.864 11.485 12.469 3.620 9.981 2.729 4.240 10.397 14.771 14.213 10.494 3.831 17.479 12.861 10.250 19.696 19.403 1.702 15.629 12.108 5.533 8.970 17.116 11.137 12.448 6.979 14.720 13.893 2.168 15.661 13.818 1.584 12.900 11.825 11.073 
4.494 14.232 12.071 7.349 11.411 1.550 9.318 4.057 6.819 3.044 10.120 5.938 13.260 8.755 4.041 2.219 8.891 9.725 12.518 1.161 12.212 11.735 8.477 11.483 11.931 4.895 1.215 10.529 0.966 10.587 6.790 6.723 7.062 9.056 9.771 13.189 8.626 3.845 2.357 1.879 
5.963 11.602 5.761 8.685 13.428 10.282 7.392 6.211 13.864 8.103 15.689 13.842 12.969 2.727 9.419 8.288 14.065 1.304 9.479 11.318 2.367 2.181 15.866 4.655 9.537 12.300 10.730 0.867 9.966 7.551 10.522 3.585 3.536 15.345 2.255 9.352 15.875 6.553 11.433 11.563 
13.061 0.524 6.425 6.699 5.266 12.737 5.263 12.181 11.117 11.176 9.937 12.118 2.475 9.526 16.554 12.213 9.007 12.858 2.344 15.072 13.715 13.808 12.210 7.399 2.442 11.290 13.364 11.055 14.621 4.450 7.835 12.089 10.402 10.660 9.592 2.684 12.038 13.066 16.371 15.918 
4.988 9.451 4.358 5.934 10.715 8.292 4.773 4.749 11.290 5.995 12.962 11.377 10.459 0.144 8.861 6.449 11.342 3.407 7.283 9.753 5.108 4.930 13.272 3.386 7.198 9.846 8.825 2.418 8.550 5.166 7.811 2.961 1.623 12.664 1.161 7.363 13.266 5.400 10.226 10.188 
13.918 0.840 6.732 7.711 6.191 13.761 6.116 13.067 12.159 12.154 10.885 13.169 3.277 10.150 17.473 13.185 10.010 13.408 2.962 16.089 14.099 14.231 13.217 7.770 3.267 12.347 14.390 11.520 15.607 5.176 8.889 12.831 11.143 11.649 10.122 2.975 13.041 13.951 17.368 16.926 
6.006 17.769 14.918 10.952 15.130 5.247 12.680 6.243 10.150 6.446 13.549 9.089 16.950 11.086 2.641 5.422 12.450 10.958 15.946 3.057 13.320 12.774 11.535 14.162 15.411 8.354 4.764 12.341 3.004 13.896 10.511 8.351 9.321 12.395 12.009 16.541 11.720 5.543 1.426 2.142 
7.831 12.571 12.407 6.136 8.333 3.016 8.731 6.953 2.559 4.567 5.962 1.625 10.802 10.350 8.364 4.817 4.984 12.437 11.370 4.551 14.832 14.452 4.163 12.186 10.649 0.992 3.112 12.566 5.289 9.994 4.431 9.474 9.051 4.808 11.356 12.231 4.305 7.234 6.182 5.449 
10.765 4.782 1.770 7.108 9.126 12.459 4.477 10.207 13.064 10.315 13.169 13.704 7.219 5.960 14.636 11.169 11.802 8.728 3.244 14.500 8.992 9.197 14.695 2.868 3.831 12.428 13.093 6.650 13.602 3.269 9.133 9.020 7.463 13.469 5.544 2.524 14.589 11.021 15.398 15.162 
13.063 13.013 15.211 8.801 7.356 8.467 11.233 12.088 3.242 9.601 2.692 3.843 10.333 14.446 13.815 10.104 3.643 17.126 12.692 9.856 19.355 19.057 1.305 15.359 11.936 5.144 8.572 16.789 10.739 12.219 6.684 14.354 13.545 1.954 15.344 13.648 1.195 12.513 11.433 10.681 
12.320 3.431 7.901 5.300 2.332 10.942 5.135 11.322 8.465 9.794 7.015 9.555 0.888 9.881 15.413 10.843 6.174 13.313 3.941 13.301 14.637 14.617 9.383 8.640 3.397 8.936 11.529 11.835 13.090 5.034 5.702 11.882 10.275 7.791 10.244 4.779 9.199 12.180 14.742 14.200 
6.757 18.626 15.737 11.805 15.941 6.053 13.535 7.050 10.830 7.302 14.241 9.735 17.792 11.865 3.167 6.279 13.185 11.594 16.802 3.799 13.917 13.363 12.139 14.967 16.268 9.077 5.547 13.050 3.857 14.749 11.333 9.073 10.103 13.065 12.773 17.395 12.331 6.324 2.205 2.864 
2.333 12.614 9.774 5.981 10.742 2.651 7.446 1.619 7.605 1.542 10.530 7.067 12.102 6.281 4.146 0.705 9.071 7.345 10.725 3.612 9.826 9.372 9.519 9.111 10.221 5.666 2.978 8.043 2.467 8.645 6.162 4.314 4.573 9.678 7.290 11.294 9.616 1.725 4.244 4.085 
6.178 7.286 3.256 4.121 8.540 8.094 2.500 5.562 9.984 5.838 11.196 10.296 8.171 2.255 10.014 6.604 9.605 5.687 5.126 9.975 7.166 7.072 11.886 2.788 4.963 8.833 8.704 4.348 8.996 2.938 6.198 4.756 3.074 11.062 2.737 5.346 11.846 6.390 10.781 10.584 
6.895 11.293 10.917 4.695 7.488 2.648 7.264 5.928 2.945 3.448 6.007 2.593 9.727 8.944 8.088 3.958 4.712 11.198 9.988 4.773 13.547 13.191 4.893 10.700 9.282 1.062 3.039 11.197 5.110 8.537 3.177 8.300 7.727 5.050 9.939 10.828 4.973 6.350 6.378 5.710 
7.095 11.340 5.307 9.159 13.669 11.274 7.563 7.283 14.597 9.047 16.230 14.651 12.953 3.239 10.586 9.307 14.615 2.342 9.277 12.406 2.116 2.229 16.582 4.240 9.427 13.114 11.746 0.899 11.072 7.521 11.101 4.709 4.435 15.967 2.430 9.035 16.578 7.671 12.568 12.679 
2.593 14.587 9.797 9.260 14.430 7.476 9.433 3.605 12.426 6.080 15.139 11.949 15.012 5.572 4.541 5.584 13.591 3.994 12.444 7.522 6.215 5.657 14.375 8.778 12.203 10.520 7.664 5.806 6.092 10.227 10.282 2.578 4.262 14.406 6.134 12.671 14.460 3.162 7.088 7.441 
6.958 10.460 10.239 3.912 6.741 3.211 6.512 5.939 2.983 3.463 5.687 2.976 8.913 8.507 8.531 4.162 4.264 10.953 9.173 5.460 13.245 12.917 4.993 10.076 8.463 1.491 3.688 10.803 5.645 7.771 2.347 8.143 7.412 4.868 9.477 10.022 5.035 6.461 7.031 6.393 
11.299 9.933 7.712 12.837 6.307 7.245 12.229 11.308 2.914 4.159 4.772 11.998 13.232 10.725 3.840 3.442 3.624 11.486 9.733 5.037 5.550 4.571 9.261 14.603 10.937 8.480 1.045 5.946 1.143 9.941 11.868 12.592 10.328 3.498 10.176 8.598 9.330 4.925 10.224 7.945 5.514 13.193 11.333 6.185 9.006 4.936 5.711 9.626 7.507 1.818 7.455 8.948 8.724 3.598 5.077 5.630 6.128 7.231 5.708 9.902 8.480 6.339 10.344 10.716 9.632 3.597 6.674 12.349 1.535 7.844 12.056 7.802 8.437 11.908 12.586 1.767 4.441 12.963 9.585 10.411 12.735 7.929 4.137 13.350 7.757 5.327 5.053 2.253 1.634 12.568 5.282 12.361 13.744 5.456 5.591 3.711 5.897 13.528 5.447 5.838 
9.411 3.907 12.961 0.416 7.026 11.995 9.769 2.371 12.288 15.996 14.139 1.492 0.613 3.361 9.894 10.536 15.871 8.831 12.921 13.915 11.041 16.998 6.889 1.638 8.682 8.917 12.690 7.166 14.196 3.237 9.547 4.368 4.769 10.011 11.363 9.124 5.385 8.182 11.592 7.051 7.754 0.780 4.062 11.414 12.936 9.086 11.109 3.654 11.273 13.059 8.137 5.304 4.591 12.785 11.863 12.408 13.003 12.845 9.960 6.022 10.789 7.484 11.983 4.230 3.450 9.489 10.004 1.385 11.704 7.432 2.956 12.657 8.235 5.822 4.865 14.265 8.682 3.801 10.575 2.723 3.976 5.478 15.759 0.483 12.481 9.175 9.852 11.282 12.136 12.974 13.810 4.764 12.931 8.584 11.392 14.147 12.823 2.216 15.556 16.578 
11.781 6.003 6.889 5.704 5.553 11.670 12.522 3.735 9.748 13.013 12.133 4.616 5.864 6.376 5.346 8.120 12.638 11.448 13.586 12.092 5.330 13.682 8.497 7.027 11.035 2.814 8.409 4.909 10.291 4.788 12.177 8.778 1.481 7.387 12.660 10.038 0.755 4.849 12.853 7.598 4.008 5.726 7.625 5.531 13.249 7.408 5.349 5.009 11.223 8.425 8.362 6.552 5.022 7.547 6.229 6.628 11.913 6.813 4.341 0.762 11.346 6.512 13.199 2.040 4.060 6.000 9.662 4.795 7.634 7.928 7.333 12.459 9.152 9.425 9.136 9.762 5.835 8.605 11.761 3.949 8.585 5.301 12.877 6.567 12.302 7.870 4.551 8.224 7.747 14.958 12.128 8.920 15.464 7.199 10.311 11.646 11.661 7.848 13.414 14.224 
5.641 3.121 10.690 6.798 1.282 5.450 6.511 6.033 5.554 9.255 7.245 6.340 7.259 3.875 5.433 3.914 9.229 5.494 7.094 7.017 7.962 10.350 2.570 8.535 4.984 8.218 7.100 2.151 8.066 3.733 6.134 5.504 6.657 3.612 6.138 3.525 6.071 3.356 6.327 1.249 3.779 7.292 4.271 8.666 6.829 2.328 8.121 3.272 4.865 7.783 1.831 1.898 2.385 8.375 8.386 9.137 6.188 10.343 7.070 7.178 4.835 0.752 6.668 6.672 3.874 4.023 3.365 6.711 6.104 1.471 5.122 6.204 2.690 4.911 5.499 8.662 2.985 5.905 5.242 4.776 5.663 1.551 8.992 7.013 6.034 2.293 6.456 4.927 6.769 8.501 6.916 5.273 9.152 1.781 4.540 7.323 5.987 6.710 8.662 9.694 
3.899 3.562 15.297 5.989 6.271 7.994 4.073 6.817 10.204 13.686 11.193 6.412 6.368 3.223 10.461 8.830 13.821 3.256 8.028 10.843 12.723 14.894 3.023 7.012 3.286 12.037 12.264 7.015 13.090 4.780 3.903 1.478 8.843 8.689 6.248 4.803 8.839 8.336 6.471 4.247 8.499 6.517 1.982 13.353 8.284 7.260 12.861 4.545 7.195 12.958 4.940 3.579 4.766 13.481 13.285 14.005 9.452 15.016 11.715 9.900 6.317 5.908 6.843 8.519 5.499 9.182 6.539 6.630 11.275 4.398 2.826 8.433 4.282 0.288 1.014 13.810 8.142 2.176 5.656 5.849 1.905 5.022 13.382 5.495 8.270 6.953 11.235 9.958 11.945 7.387 10.631 1.023 7.201 6.730 8.187 11.653 9.368 3.961 12.523 13.610 
7.617 9.113 12.258 12.854 6.228 2.617 8.453 11.947 2.155 3.982 1.306 12.351 13.314 9.811 7.089 3.254 4.329 8.018 4.925 0.980 9.692 5.250 6.935 14.591 7.534 11.785 5.845 6.558 5.086 9.779 8.151 10.819 11.983 3.994 5.796 5.233 11.144 6.504 5.776 6.100 7.358 13.344 9.859 10.435 4.158 4.072 9.875 9.326 3.193 6.731 5.100 7.755 8.417 8.371 9.518 10.198 1.169 11.790 9.399 12.074 4.317 5.530 5.791 12.168 9.834 5.602 3.349 12.725 5.504 5.781 10.916 2.964 5.606 9.602 10.620 6.599 5.494 11.394 5.472 10.742 11.107 7.542 3.654 13.053 2.965 3.822 8.623 3.685 6.137 7.939 0.863 10.447 9.228 4.475 1.703 2.039 0.971 12.559 2.671 3.750 
7.837 2.700 9.201 5.048 2.008 8.024 8.612 3.754 7.192 10.851 9.286 4.294 5.461 3.390 4.856 5.419 10.669 7.543 9.729 9.136 6.709 11.791 4.551 6.826 7.104 6.045 7.453 1.905 8.918 2.189 8.257 5.766 4.022 4.819 8.703 6.082 3.458 2.939 8.902 3.625 2.684 5.438 4.443 7.293 9.461 4.169 6.831 1.988 7.480 7.893 4.450 2.703 1.358 7.896 7.363 8.040 8.575 8.937 5.662 4.580 7.466 2.820 9.255 4.064 1.830 4.218 5.949 4.663 6.452 3.966 4.700 8.794 5.182 5.923 5.984 9.043 3.412 5.866 7.805 2.660 5.730 1.330 10.636 5.547 8.628 4.453 5.269 6.044 6.932 10.979 9.094 5.746 11.499 3.775 6.913 9.109 8.348 5.924 10.678 11.636 
10.239 8.964 8.106 12.002 5.345 6.330 11.170 10.552 2.083 4.339 4.281 11.204 12.410 9.756 3.518 2.368 3.948 10.418 8.833 4.472 5.698 5.012 8.193 13.778 9.868 8.331 1.644 5.063 2.016 9.047 10.808 11.566 9.754 2.453 9.181 7.537 8.776 4.167 9.238 6.885 4.851 12.380 10.321 6.399 8.126 3.872 5.873 8.711 6.535 2.546 6.382 7.935 7.793 4.141 5.384 6.024 5.347 7.630 5.650 9.443 7.475 5.311 9.375 10.105 8.783 2.833 5.631 11.562 1.373 6.776 11.077 6.932 7.364 10.850 11.547 2.819 3.546 11.954 8.564 9.594 11.720 6.974 4.235 12.476 6.873 4.253 4.923 1.181 1.917 11.602 4.676 11.325 12.753 4.398 4.634 3.365 5.101 12.576 5.196 5.773 
2.895 7.824 15.939 11.592 7.151 2.777 3.453 11.534 6.978 9.276 6.489 11.550 12.046 8.184 10.376 6.745 9.699 3.514 1.515 6.057 13.166 10.540 4.667 13.031 3.275 14.137 10.455 7.951 10.252 9.029 3.270 7.891 12.633 7.185 0.423 2.597 12.121 8.764 0.391 5.070 9.459 12.146 7.538 13.926 1.925 6.031 13.345 8.563 2.330 11.347 4.239 6.570 7.981 12.657 13.313 14.068 4.388 15.522 12.497 13.237 1.439 6.188 0.611 12.573 9.469 8.656 3.445 11.879 9.762 4.706 8.727 2.648 3.531 6.292 7.498 11.587 7.907 8.591 0.940 10.268 8.293 7.405 8.944 11.408 2.563 5.428 11.765 7.836 10.503 2.776 5.754 7.428 3.914 5.896 4.249 7.428 4.478 10.241 7.444 8.448 
7.856 7.662 10.124 11.171 4.337 3.899 8.777 10.049 1.016 4.709 3.062 10.547 11.617 8.423 4.809 0.967 4.698 8.090 6.403 3.007 7.481 5.812 6.187 12.945 7.549 9.474 4.102 4.482 4.092 8.089 8.424 9.866 9.840 1.706 6.693 5.174 8.960 4.242 6.750 5.022 5.093 11.623 8.732 8.236 5.727 2.245 7.665 7.672 4.052 5.000 4.280 6.420 6.733 6.436 7.390 8.104 3.204 9.667 7.121 9.846 4.990 3.871 6.891 10.069 8.021 3.291 3.200 10.920 3.500 4.815 9.657 4.559 5.146 8.918 9.765 5.262 3.254 10.349 6.090 8.911 10.085 5.847 4.452 11.487 4.480 2.310 6.343 1.550 4.215 9.118 3.061 9.561 10.265 2.773 2.171 2.829 2.938 11.257 4.409 5.341 
1.447 7.437 17.728 10.612 8.361 6.064 0.665 11.140 9.902 12.585 9.806 10.892 11.015 7.461 12.285 9.231 12.956 1.727 4.682 9.380 14.966 13.854 4.694 11.710 2.140 15.221 13.042 9.232 13.177 8.771 0.988 6.170 12.807 9.472 2.997 4.049 12.547 10.350 3.118 5.842 10.858 11.154 6.412 15.694 5.286 8.074 15.133 8.387 5.435 13.894 5.595 6.615 8.154 14.952 15.291 16.053 7.720 17.359 14.129 13.674 4.316 7.538 3.326 12.598 9.393 10.649 5.915 11.155 12.212 5.640 7.461 6.054 4.527 4.602 5.684 14.352 9.714 6.852 3.156 9.995 6.595 7.917 12.254 10.179 5.956 7.518 13.477 10.414 12.957 2.825 9.088 5.722 2.514 7.736 7.227 10.661 7.774 8.651 10.835 11.855 
4.141 8.708 15.909 12.543 7.560 2.123 4.680 12.341 6.459 8.356 5.593 12.425 13.003 9.136 10.372 6.543 8.834 4.756 0.489 5.161 13.164 9.604 5.602 14.043 4.493 14.422 10.085 8.299 9.662 9.848 4.512 9.033 13.258 7.083 1.631 3.388 12.672 8.953 1.479 5.765 9.708 13.094 8.589 13.929 0.694 6.122 13.346 9.372 2.053 10.987 4.803 7.390 8.710 12.419 13.226 13.968 3.525 15.474 12.582 13.768 1.788 6.592 1.299 13.244 10.227 8.657 3.536 12.766 9.487 5.378 9.779 1.688 4.316 7.458 8.658 11.089 8.024 9.726 2.036 11.063 9.425 8.051 8.027 12.416 1.670 5.534 11.826 7.534 10.211 3.309 4.848 8.575 4.628 6.099 3.828 6.618 3.671 11.331 6.413 7.376 
6.844 3.172 14.611 3.314 6.787 10.343 7.048 4.697 11.655 15.327 13.099 4.038 3.608 2.386 10.555 10.037 15.338 6.215 10.782 12.803 12.320 16.453 5.030 4.062 6.181 10.866 12.931 7.271 14.123 3.644 6.878 1.499 7.058 9.688 9.072 7.212 7.365 8.533 9.300 5.733 8.395 3.778 1.967 12.833 10.939 8.450 12.425 3.731 9.562 13.477 6.730 4.229 4.480 13.606 13.031 13.678 11.616 14.411 11.243 8.263 8.853 6.852 9.683 6.609 4.302 9.671 8.570 4.144 11.914 6.042 1.039 10.897 6.458 3.115 1.986 14.530 8.696 0.832 8.387 4.173 1.074 5.183 15.050 2.642 10.725 8.338 10.937 11.012 12.482 10.361 12.639 1.956 10.161 7.900 10.146 13.347 11.483 0.984 14.494 15.566 
11.570 7.445 4.718 9.039 4.693 9.607 12.463 7.187 6.456 9.197 8.906 8.021 9.338 8.137 1.385 5.236 8.728 11.463 11.943 8.981 2.011 9.702 8.527 10.659 10.944 3.450 4.264 3.835 6.205 6.795 12.083 10.507 5.580 4.541 11.569 9.161 4.580 2.671 11.711 7.218 2.236 9.247 9.176 2.693 11.407 5.363 2.159 6.700 9.426 4.199 7.462 7.150 6.087 3.442 2.614 3.298 9.297 4.371 1.127 4.910 9.952 5.477 11.980 6.062 6.207 2.881 7.972 8.312 3.635 7.380 9.428 10.371 8.505 10.500 10.701 5.539 3.468 10.614 10.733 6.696 10.479 5.697 9.116 9.759 10.250 5.961 0.520 4.818 3.592 14.068 9.103 10.460 14.912 5.485 7.947 8.168 9.030 10.518 10.006 10.655 
13.032 13.185 10.839 16.426 9.643 8.070 13.893 15.025 4.639 1.712 4.386 15.660 16.845 13.966 7.732 6.212 1.146 13.387 10.190 4.818 9.149 0.919 11.812 18.207 12.877 12.281 4.756 9.480 2.799 13.418 13.579 15.514 14.192 6.641 11.250 10.507 13.201 8.646 11.218 10.672 9.318 16.822 14.362 9.678 9.410 7.795 9.288 13.050 8.654 5.098 9.896 12.016 12.115 6.793 8.502 8.878 6.470 10.371 9.485 13.794 9.774 9.401 11.202 14.562 13.207 7.312 8.502 16.022 5.426 10.459 15.241 8.294 10.672 14.548 15.415 3.933 7.975 15.986 10.933 14.039 15.727 11.257 2.013 16.856 8.334 7.954 8.883 5.352 5.425 13.275 5.131 15.211 14.607 8.345 6.941 3.428 6.364 16.808 3.904 3.493 
8.655 8.711 10.243 12.193 5.345 4.245 9.560 11.024 0.129 3.661 2.330 11.546 12.635 9.473 5.215 1.856 3.652 8.937 6.722 2.406 7.719 4.762 7.187 13.969 8.406 10.009 3.829 5.421 3.356 9.116 9.219 10.903 10.697 2.522 7.264 6.018 9.787 5.021 7.292 6.055 5.852 12.637 9.779 8.452 5.991 3.289 7.900 8.705 4.572 4.724 5.271 7.471 7.764 6.340 7.505 8.176 3.147 9.773 7.501 10.622 5.608 4.917 7.384 10.955 9.025 3.908 4.006 11.918 3.479 5.833 10.708 4.787 6.083 9.922 10.792 4.723 4.087 11.393 6.751 9.908 11.127 6.881 3.409 12.523 4.744 3.356 6.734 1.765 4.106 9.599 2.557 10.591 10.812 3.822 2.660 1.842 2.905 12.308 3.555 4.410 
0.257 6.147 16.107 9.601 6.755 4.918 1.169 9.909 8.449 11.342 8.598 9.753 10.030 6.294 10.661 7.669 11.659 0.836 4.174 8.185 13.343 12.609 3.191 10.865 0.772 13.660 11.475 7.625 11.698 7.465 0.814 5.465 11.419 7.878 2.337 2.469 11.096 8.729 2.542 4.250 9.248 10.153 5.393 14.072 4.588 6.465 13.511 7.049 4.198 12.317 3.971 5.177 6.716 13.342 13.666 14.428 6.567 15.736 12.511 12.227 3.087 5.919 2.889 11.249 8.040 9.027 4.415 10.044 10.626 4.029 6.535 5.084 2.903 3.832 5.025 12.819 8.090 6.171 2.030 8.710 5.885 6.401 11.013 9.275 4.954 5.919 11.856 8.860 11.369 3.534 7.910 4.997 3.784 6.116 5.845 9.365 6.579 7.913 9.735 10.790 
14.571 10.871 2.447 12.308 7.902 11.744 15.493 10.388 7.775 9.261 9.978 11.254 12.569 11.568 3.728 7.247 8.618 14.545 14.223 10.192 1.646 9.313 11.714 13.845 14.007 4.826 4.242 7.091 5.921 10.217 15.111 13.928 8.442 6.746 14.188 12.003 7.521 5.799 14.297 10.356 5.592 12.461 12.594 1.588 13.583 7.984 1.620 10.132 11.758 3.511 10.405 10.504 9.510 1.698 0.820 0.467 11.003 1.966 2.710 7.468 12.492 8.548 14.512 8.985 9.612 5.357 10.489 11.515 4.427 10.457 12.860 12.434 11.478 13.853 14.109 4.512 6.290 14.045 13.423 10.042 13.908 9.074 9.303 13.073 12.347 8.574 2.915 6.335 3.811 16.696 10.402 13.868 17.680 8.269 10.004 8.968 10.746 13.923 10.721 11.062 
9.066 2.920 10.916 1.851 5.193 10.727 9.610 0.865 10.452 14.128 12.460 1.018 2.214 2.825 7.740 8.681 13.953 8.576 12.007 12.277 8.901 15.074 6.072 3.584 8.300 6.980 10.582 5.187 12.149 1.699 9.324 4.896 3.059 8.099 10.639 8.168 3.429 6.100 10.861 5.824 5.619 2.171 3.999 9.301 11.900 7.337 8.974 2.178 10.070 10.921 6.878 4.157 2.969 10.617 9.711 10.271 11.537 10.774 7.816 4.268 9.774 5.813 11.245 2.629 1.512 7.426 8.660 1.391 9.609 6.218 3.354 11.448 7.232 5.928 5.327 12.145 6.685 4.584 9.782 0.623 4.624 3.814 13.908 2.555 11.273 7.521 7.688 9.326 10.013 12.564 12.205 5.145 12.751 6.880 9.884 12.355 11.333 3.668 13.867 14.853 
9.649 11.457 13.145 15.163 8.436 4.478 10.419 14.174 3.497 2.433 1.146 14.620 15.620 12.163 8.508 5.139 3.068 10.115 6.223 1.380 10.823 3.594 9.272 16.912 9.666 13.336 6.473 8.660 5.038 12.079 10.152 13.163 14.026 5.856 7.531 7.460 13.136 8.385 7.456 8.460 9.224 15.643 12.218 11.515 5.457 6.275 10.997 11.633 5.212 7.247 7.456 10.107 10.713 9.041 10.466 11.058 2.832 12.664 10.742 13.993 6.309 7.812 7.369 14.256 12.094 7.286 5.671 14.994 6.499 8.140 13.275 4.464 7.916 11.910 12.951 6.670 7.424 13.745 7.406 12.997 13.457 9.831 2.135 15.388 4.548 6.107 9.992 5.103 6.958 9.311 1.563 12.784 10.674 6.728 4.045 1.764 2.856 14.919 0.340 1.420 
16.613 12.298 0.493 13.049 9.762 14.125 17.515 11.076 10.243 11.679 12.464 11.962 13.233 12.920 5.833 9.611 11.017 16.525 16.580 12.676 3.089 11.642 13.596 14.399 16.001 4.668 6.726 8.904 8.346 11.438 17.134 15.355 8.824 9.055 16.434 14.136 8.065 7.710 16.556 12.283 7.295 13.099 14.049 2.377 15.963 10.185 2.923 11.448 14.090 5.969 12.473 12.165 10.977 4.158 2.915 2.198 13.452 0.698 4.002 7.657 14.760 10.522 16.792 9.391 10.762 7.546 12.754 12.162 6.891 12.434 14.132 14.834 13.531 15.498 15.598 6.855 8.377 15.373 15.636 11.009 15.276 10.698 11.738 13.886 14.739 10.786 4.586 8.766 6.294 18.946 12.882 15.360 19.868 10.405 12.391 11.453 13.193 14.985 13.198 13.510 
16.385 12.245 0.890 13.167 9.579 13.753 17.294 11.199 9.807 11.148 11.994 12.084 13.369 12.889 5.553 9.245 10.480 16.317 16.222 12.216 2.898 11.091 13.416 14.562 15.788 4.908 6.242 8.732 7.821 11.436 16.913 15.310 9.002 8.714 16.128 13.872 8.202 7.502 16.244 12.087 7.143 13.240 13.993 2.259 15.592 9.890 2.750 11.421 13.743 5.464 12.230 12.048 10.909 3.663 2.569 1.816 13.034 0.731 3.893 7.867 14.443 10.306 16.471 9.568 10.774 7.248 12.437 12.298 6.460 12.222 14.124 14.451 13.295 15.393 15.536 6.312 8.118 15.354 15.343 11.066 15.246 10.587 11.213 13.990 14.360 10.488 4.405 8.361 5.838 18.639 12.429 15.297 19.587 10.134 12.015 10.968 12.777 15.032 12.698 12.989 
3.292 9.204 17.940 12.784 9.022 4.589 3.297 12.972 8.899 10.885 8.131 12.881 13.219 9.434 12.377 8.751 11.372 3.931 2.359 7.699 15.164 12.127 6.080 14.074 3.978 16.035 12.437 9.849 12.145 10.484 3.340 8.654 14.283 9.196 1.783 4.346 13.844 10.723 1.648 6.769 11.393 13.338 8.591 15.924 3.126 8.027 15.343 10.041 4.285 13.332 6.073 8.079 9.571 14.665 15.322 16.078 6.065 17.526 14.478 14.971 3.450 8.075 1.446 14.173 10.998 10.659 5.455 13.186 11.763 6.440 9.742 4.228 5.214 7.023 8.201 13.527 9.890 9.359 2.648 11.736 9.078 9.093 10.557 12.480 4.204 7.425 13.753 9.829 12.502 0.785 7.386 8.188 2.095 7.868 6.193 9.156 6.204 11.115 8.899 9.821 
12.036 6.558 5.849 6.718 5.457 11.438 12.824 4.746 9.146 12.258 11.573 5.631 6.906 7.027 4.470 7.606 11.845 11.756 13.488 11.567 4.226 12.861 8.757 8.102 11.311 1.940 7.496 4.704 9.414 5.449 12.466 9.470 2.586 6.864 12.699 10.096 1.737 4.352 12.881 7.726 3.498 6.776 8.253 4.428 13.094 7.094 4.243 5.592 11.058 7.447 8.377 6.902 5.428 6.483 5.128 5.522 11.531 5.748 3.252 1.677 11.289 6.425 13.210 3.140 4.725 5.358 9.499 5.835 6.782 8.022 8.089 12.229 9.252 9.968 9.794 8.788 5.369 9.361 11.806 4.782 9.314 5.534 12.143 7.561 12.081 7.606 3.520 7.567 6.827 15.071 11.629 9.569 15.668 6.964 9.978 11.003 11.272 8.746 12.805 13.564 
8.312 2.158 11.081 2.214 4.645 10.016 8.869 1.616 9.919 13.615 11.860 1.665 2.647 2.109 7.536 8.155 13.470 7.829 11.256 11.661 8.925 14.595 5.310 3.996 7.546 7.271 10.276 4.741 11.768 0.968 8.578 4.318 3.582 7.607 9.878 7.416 3.777 5.762 10.100 5.093 5.372 2.650 3.322 9.378 11.160 6.755 9.012 1.448 9.348 10.669 6.156 3.407 2.302 10.490 9.698 10.295 10.869 10.907 7.837 4.727 9.029 5.192 10.485 3.220 1.023 7.062 7.959 2.031 9.284 5.487 2.817 10.728 6.481 5.242 4.722 11.857 6.255 4.084 9.023 0.585 4.085 3.175 13.386 2.713 10.553 6.901 7.635 8.866 9.732 11.804 11.578 4.526 12.004 6.277 9.225 11.802 10.671 3.444 13.272 14.273 
4.364 7.747 14.368 11.630 6.168 0.834 5.123 11.238 5.044 7.360 4.576 11.404 12.097 8.268 8.832 5.008 7.755 4.864 2.000 4.150 11.623 8.628 4.815 13.218 4.457 12.938 8.603 6.865 8.302 8.784 4.857 8.552 11.972 5.541 2.362 2.602 11.334 7.451 2.356 4.656 8.223 12.170 7.904 12.388 1.529 4.606 11.806 8.303 0.520 9.502 3.607 6.372 7.562 10.899 11.685 12.428 2.491 13.933 11.049 12.410 1.059 5.212 2.424 11.998 9.090 7.119 2.068 11.758 7.973 4.262 9.077 1.090 3.405 7.083 8.239 9.671 6.506 9.214 2.110 9.959 8.913 6.833 7.028 11.598 0.924 4.028 10.291 6.023 8.702 4.641 3.857 8.117 5.860 4.621 2.342 5.474 2.546 10.689 5.636 6.682 
7.982 9.735 12.678 13.489 6.870 2.858 8.789 12.590 2.571 3.672 0.885 12.992 13.950 10.426 7.608 3.844 4.107 8.416 4.965 0.461 10.159 4.939 7.489 15.222 7.949 12.344 6.164 7.194 5.215 10.416 8.503 11.381 12.617 4.587 6.019 5.700 11.772 7.110 5.975 6.700 7.964 13.980 10.446 10.894 4.186 4.714 10.341 9.961 3.528 7.033 5.683 8.370 9.055 8.724 9.943 10.605 1.219 12.206 9.911 12.693 4.647 6.171 5.949 12.806 10.476 6.169 3.888 13.365 5.912 6.373 11.516 3.043 6.134 10.129 11.168 6.784 6.106 11.966 5.782 11.384 11.677 8.181 3.340 13.679 3.080 4.463 9.138 4.172 6.509 8.035 0.227 11.001 9.357 5.118 2.268 1.908 1.150 13.161 2.110 3.197 
13.909 9.481 2.419 10.441 7.012 11.833 14.798 8.484 8.339 10.528 10.728 9.365 10.665 10.112 3.403 7.366 9.956 13.789 14.216 10.865 0.833 10.791 10.831 11.896 13.275 2.674 5.350 6.146 7.263 8.649 14.419 12.541 6.397 6.722 13.903 11.509 5.527 5.019 14.041 9.542 4.521 10.544 11.231 0.616 13.653 7.672 0.699 8.642 11.701 4.883 9.810 9.352 8.156 3.322 1.608 1.754 11.381 2.141 1.227 5.360 12.270 7.820 14.302 6.953 7.987 5.099 10.279 9.598 5.117 9.717 11.339 12.580 10.851 12.680 12.779 6.122 5.795 12.572 13.074 8.292 12.468 7.884 10.511 11.247 12.468 8.274 1.933 6.735 4.745 16.406 11.025 12.541 17.260 7.822 10.136 9.853 11.114 12.251 11.680 12.186 
10.078 11.068 11.756 14.632 7.797 5.021 10.912 13.492 2.558 1.520 1.310 14.006 15.078 11.812 7.306 4.325 1.931 10.477 7.117 1.742 9.498 2.788 9.221 16.403 9.987 12.140 5.083 7.891 3.605 11.547 10.613 13.058 13.132 4.980 8.194 7.662 12.206 7.435 8.154 8.239 8.246 15.085 12.012 10.173 6.337 5.693 9.668 11.126 5.647 5.833 7.326 9.776 10.188 7.637 9.100 9.672 3.399 11.275 9.483 13.000 6.772 7.306 8.129 13.405 11.481 6.240 5.714 14.378 5.191 7.964 13.002 5.218 7.959 11.933 12.897 5.237 6.534 13.595 7.921 12.369 13.317 9.301 1.193 14.933 5.260 5.659 8.751 4.016 5.598 10.200 2.055 12.712 11.531 6.203 4.079 0.633 3.308 14.626 1.403 1.988 
8.718 2.904 9.179 4.069 3.304 9.296 9.429 2.533 8.425 12.048 10.564 3.182 4.437 3.373 5.534 6.655 11.833 8.355 10.924 10.423 6.922 12.948 5.455 5.806 7.963 5.596 8.359 3.093 9.947 1.821 9.091 5.825 2.837 6.023 9.806 7.201 2.471 3.890 10.013 4.727 3.397 4.386 4.591 7.406 10.690 5.458 7.017 1.929 8.731 8.701 5.639 3.467 1.925 8.462 7.678 8.290 9.873 8.975 5.837 3.596 8.656 4.112 10.377 2.807 1.134 5.224 7.214 3.534 7.389 5.094 4.510 10.060 6.276 6.325 6.136 9.921 4.542 5.767 8.912 1.638 5.694 2.395 11.844 4.702 9.892 5.751 5.606 7.198 7.789 12.000 10.386 5.909 12.424 5.073 8.211 10.352 9.647 5.430 11.949 12.894 
3.743 4.252 12.571 8.138 3.318 3.856 4.666 7.763 5.596 9.036 6.591 7.903 8.605 4.811 7.112 4.406 9.178 3.757 5.075 6.265 9.801 10.244 1.647 9.756 3.208 10.329 8.124 4.171 8.638 5.290 4.285 5.528 8.696 4.467 4.003 1.387 8.171 5.200 4.195 1.169 5.769 8.675 4.626 10.536 4.915 3.004 9.970 4.810 3.130 8.924 0.425 2.870 4.113 9.837 10.117 10.879 5.027 12.194 8.992 9.288 2.811 2.412 4.543 8.658 5.633 5.492 1.982 8.257 7.215 0.780 5.745 4.515 0.649 4.362 5.332 9.565 4.542 6.113 3.105 6.483 5.823 3.469 8.733 8.146 4.339 2.528 8.321 5.595 7.946 6.370 6.079 5.156 7.076 2.596 3.593 7.004 4.895 7.389 7.957 9.040 
12.079 9.406 5.416 11.721 5.953 8.802 13.015 9.994 4.743 6.534 6.963 10.773 12.069 10.176 2.135 4.379 5.965 12.141 11.300 7.166 3.167 6.832 9.522 13.426 11.591 6.226 1.355 5.312 3.290 9.098 12.637 12.330 8.621 4.004 11.413 9.418 7.614 4.024 11.502 8.142 4.275 12.000 11.007 3.801 10.633 5.399 3.326 8.879 8.882 1.111 7.962 8.704 8.077 1.537 2.718 3.331 7.983 4.939 3.429 8.002 9.698 6.345 11.687 9.076 8.642 3.024 7.728 11.096 1.411 8.157 11.522 9.465 9.026 11.947 12.418 2.448 4.064 12.582 10.700 9.297 12.394 7.426 6.522 12.352 9.387 5.947 2.872 3.358 0.791 13.900 7.371 12.181 14.957 5.792 7.064 5.988 7.729 12.832 7.781 8.220 
10.974 7.794 5.599 10.033 4.467 8.329 11.899 8.318 4.808 7.430 7.234 9.090 10.383 8.553 0.472 3.826 6.967 10.965 10.760 7.342 2.881 7.955 8.196 11.741 10.423 5.199 2.600 3.746 4.492 7.428 11.517 10.766 7.045 3.228 10.615 8.397 6.038 2.425 10.731 6.822 2.591 10.316 9.434 3.643 10.162 4.384 3.065 7.225 8.261 2.752 6.808 7.186 6.449 2.747 2.944 3.703 7.817 5.166 2.567 6.533 8.931 5.004 10.961 7.475 6.959 1.751 6.925 9.415 1.874 6.893 9.894 9.060 7.882 10.488 10.883 4.037 2.710 10.985 9.833 7.608 10.808 5.846 7.349 10.664 8.955 4.979 1.810 3.184 1.945 13.126 7.487 10.644 14.084 4.664 6.610 6.443 7.551 11.171 8.283 8.903 
1.706 7.837 17.407 11.273 8.185 4.998 1.617 11.601 9.047 11.518 8.730 11.444 11.697 7.984 11.887 8.565 11.926 2.304 3.411 8.300 14.629 12.783 4.827 12.496 2.453 15.169 12.360 9.045 12.335 9.151 1.665 7.025 13.078 8.892 1.831 3.573 12.724 10.061 1.908 5.754 10.648 11.825 7.058 15.374 4.046 7.571 14.802 8.730 4.450 13.233 5.275 6.831 8.364 14.407 14.882 15.645 6.631 17.017 13.855 13.855 3.374 7.291 2.067 12.922 9.716 10.202 5.193 11.733 11.586 5.481 8.180 4.895 4.271 5.402 6.561 13.592 9.330 7.726 2.241 10.398 7.450 7.995 11.186 10.921 4.813 6.986 13.167 9.720 12.334 1.858 7.999 6.561 2.201 7.306 6.325 9.644 6.710 9.499 9.692 10.690 
12.374 7.873 4.030 9.025 5.460 10.611 13.251 7.101 7.480 10.132 9.927 7.968 9.282 8.514 2.396 6.265 9.636 12.231 12.923 10.009 1.653 10.578 9.255 10.559 11.724 2.473 5.090 4.590 7.051 7.074 12.874 10.936 5.219 5.565 12.492 10.037 4.265 3.553 12.640 7.988 2.963 9.174 9.622 2.120 12.401 6.329 1.728 7.047 10.408 4.889 8.318 7.742 6.544 3.791 2.500 3.022 10.327 3.752 0.580 4.365 10.898 6.307 12.919 5.745 6.427 3.904 8.933 8.228 4.564 8.182 9.756 11.379 9.340 11.067 11.168 6.224 4.427 10.981 11.643 6.791 10.871 6.273 10.065 9.800 11.255 6.922 0.965 5.842 4.423 14.979 10.132 10.930 15.785 6.414 8.963 9.170 10.059 10.719 11.010 11.635 
10.022 3.871 10.645 1.929 5.860 11.574 10.564 0.122 11.061 14.697 13.150 0.841 2.117 3.773 7.960 9.289 14.484 9.531 12.920 12.987 8.823 15.598 7.014 3.390 9.257 6.584 10.904 5.738 12.557 2.615 10.279 5.750 2.452 8.669 11.577 9.087 3.063 6.506 11.798 6.711 5.927 2.000 4.924 9.152 12.794 8.023 8.877 3.085 10.935 11.171 7.749 5.077 3.802 10.714 9.672 10.179 12.321 10.542 7.754 3.704 10.678 6.558 12.181 1.935 2.281 7.844 9.497 1.052 9.961 7.104 4.195 12.306 8.148 6.854 6.199 12.435 7.192 5.380 10.716 1.397 5.450 4.603 14.491 2.800 12.133 8.254 7.722 9.848 10.306 13.518 12.931 6.028 13.707 7.594 10.661 12.982 12.109 4.244 14.547 15.510 
3.102 9.069 17.949 12.621 8.976 4.702 3.073 12.838 8.993 11.043 8.281 12.734 13.054 9.283 12.388 8.799 11.521 3.734 2.539 7.849 15.171 12.289 5.959 13.895 3.803 15.991 12.506 9.809 12.249 10.357 3.127 8.460 14.181 9.229 1.784 4.290 13.757 10.706 1.676 6.689 11.364 13.175 8.422 15.928 3.296 8.035 15.349 9.916 4.361 13.399 6.024 7.963 9.465 14.711 15.342 16.100 6.205 17.537 14.471 14.885 3.482 8.034 1.526 14.062 10.880 10.672 5.480 13.036 11.817 6.367 9.566 4.373 5.138 6.831 8.003 13.616 9.887 9.164 2.617 11.608 8.884 9.005 10.714 12.306 4.341 7.433 13.751 9.890 12.558 0.728 7.536 7.994 1.941 7.860 6.277 9.294 6.338 10.926 9.074 10.005 
10.862 9.836 8.337 12.885 6.221 6.667 11.786 11.424 2.331 3.661 4.122 12.082 13.292 10.628 4.204 3.108 3.190 11.077 9.143 4.387 6.111 4.210 8.964 14.660 10.532 8.943 1.664 5.947 1.165 9.932 11.430 12.404 10.574 3.293 9.646 8.171 9.587 5.034 9.685 7.681 5.693 13.261 11.171 6.767 8.408 4.669 6.276 9.594 6.964 2.468 7.118 8.787 8.674 4.238 5.679 6.252 5.504 7.856 6.199 10.216 7.963 6.155 9.792 10.938 9.667 3.696 6.211 12.440 1.910 7.551 11.944 7.202 8.067 11.646 12.373 2.301 4.431 12.805 9.084 10.475 12.567 7.851 3.605 13.360 7.163 5.003 5.512 1.979 2.189 12.012 4.634 12.153 13.208 5.207 5.045 3.067 5.278 13.452 4.823 5.260 
11.280 12.793 13.111 16.404 9.585 6.110 12.054 15.291 4.363 1.468 2.544 15.795 16.853 13.524 8.991 6.128 2.187 11.738 7.812 2.901 11.020 2.243 10.779 18.171 11.282 13.807 6.513 9.694 4.756 13.317 11.785 14.655 14.929 6.785 9.163 9.046 13.998 9.230 9.083 9.885 10.033 16.864 13.660 11.658 7.056 7.462 11.183 12.889 6.835 7.155 8.922 11.476 11.954 8.967 10.539 11.052 4.458 12.631 11.099 14.775 7.938 9.060 8.988 15.207 13.268 8.014 7.198 16.169 6.788 9.587 14.683 6.093 9.455 13.451 14.465 6.309 8.337 15.217 9.040 14.160 14.933 11.067 1.364 16.685 6.181 7.387 10.390 5.792 7.096 10.887 3.140 14.289 12.259 7.958 5.551 2.431 4.464 16.317 1.298 0.490 
10.578 12.316 13.311 15.984 9.208 5.406 11.340 14.940 4.097 1.950 1.985 15.412 16.438 13.032 8.944 5.821 2.664 11.049 7.062 2.287 11.112 2.926 10.191 17.741 10.601 13.778 6.654 9.378 5.022 12.897 11.077 14.079 14.689 6.512 8.430 8.397 13.778 9.009 8.347 9.350 9.832 16.455 13.117 11.776 6.308 7.059 11.280 12.458 6.146 7.360 8.361 10.978 11.531 9.173 10.685 11.235 3.766 12.829 11.117 14.596 7.239 8.628 8.245 14.943 12.883 7.846 6.594 15.786 6.819 9.039 14.163 5.360 8.843 12.839 13.873 6.625 8.079 14.655 8.329 13.782 14.368 10.645 1.735 16.232 5.452 6.933 10.388 5.627 7.197 10.136 2.493 13.704 11.507 7.534 4.959 2.191 3.793 15.803 0.600 0.489 
