20 40 100
567.690 362.335 270.837 401.782 448.429 233.287 528.671 555.136 224.278 536.638 245.682 593.533 628.875 572.240 542.902 465.962 469.461 255.394 264.412 149.182 
192.665 343.195 437.352 441.425 328.971 370.624 289.409 158.280 398.616 211.964 74.273 220.943 125.300 153.390 291.303 195.156 76.901 97.477 115.613 164.940 305.433 383.934 463.572 43.320 110.638 157.090 65.361 45.912 155.408 129.012 92.311 462.829 109.899 64.770 306.431 111.165 55.562 165.074 218.726 182.483 
20.713 30.091 29.379 20.233 30.068 27.972 19.697 24.696 14.296 25.507 32.059 13.408 12.424 34.227 14.122 31.852 21.640 25.917 27.987 12.737 27.407 30.695 7.878 33.617 15.949 14.787 10.157 34.610 13.890 11.740 23.019 33.979 13.182 10.759 23.612 13.623 9.237 28.842 31.650 27.484 7.719 22.211 29.345 5.723 14.803 14.196 34.349 16.584 7.020 15.357 6.401 30.384 10.582 12.883 5.127 33.947 29.822 11.607 5.584 25.820 21.425 17.845 13.676 32.084 23.177 7.982 25.048 12.866 33.675 20.964 28.694 26.155 27.976 11.129 33.575 21.421 5.930 15.601 26.196 24.298 23.719 17.289 34.429 7.588 14.906 20.299 16.918 27.905 34.993 24.871 17.345 22.425 10.739 9.221 22.300 7.935 13.663 31.763 32.957 33.596 
935.122 1135.329 1268.867 1344.633 1115.387 1193.163 1069.405 842.655 1212.440 876.556 539.208 942.131 692.636 803.615 1086.091 874.401 597.857 611.112 706.592 764.973 1151.955 1284.598 1410.016 459.487 683.197 783.565 515.748 470.958 795.924 697.354 636.064 1370.697 717.778 493.540 1090.527 709.583 510.559 817.883 949.509 868.840 
14.150 13.610 1.997 2.579 10.243 0.926 6.588 2.973 7.887 5.008 11.036 7.827 10.861 12.318 5.521 3.666 11.138 4.504 12.258 8.636 15.143 5.141 11.461 10.526 10.415 8.872 6.428 10.847 4.739 1.450 7.107 7.961 8.133 5.920 7.384 9.515 0.974 14.950 6.611 8.908 
10.547 9.681 2.705 1.439 6.419 3.665 3.054 5.771 6.544 1.576 7.100 3.854 8.664 8.449 2.179 3.128 7.879 6.697 8.435 5.949 11.343 3.020 7.863 6.705 6.443 4.874 2.792 6.883 2.906 2.986 3.718 6.481 6.447 5.950 8.110 6.732 4.491 11.836 3.283 6.947 
1.317 7.291 10.927 10.434 3.202 12.149 6.301 15.051 7.588 7.902 3.514 5.931 13.705 2.379 9.478 12.135 10.564 15.942 7.955 4.953 2.874 11.078 9.170 7.616 4.261 6.008 8.767 6.209 8.356 12.195 9.275 7.326 6.916 14.465 11.505 4.252 13.576 13.287 9.419 13.088 
9.933 5.726 7.553 6.159 5.881 8.336 5.367 8.855 10.192 5.333 5.619 3.716 4.915 7.097 2.875 5.346 3.020 8.955 4.098 8.331 9.877 3.628 3.082 2.515 4.808 3.035 2.098 3.566 7.219 6.998 1.275 10.031 9.829 6.348 12.687 8.745 8.484 6.983 1.771 4.071 
13.407 6.254 13.263 11.835 10.414 13.866 11.154 13.267 15.985 11.258 9.548 9.226 3.788 10.601 8.555 10.155 2.938 12.740 5.034 13.833 12.531 8.565 3.866 5.569 8.972 8.049 7.970 6.827 13.145 12.257 6.993 15.804 15.563 9.499 18.613 14.067 13.552 1.322 7.427 5.419 
7.483 11.037 6.031 6.290 5.426 7.127 3.666 10.789 1.499 4.405 6.676 5.483 13.762 7.092 7.490 8.979 11.793 12.087 10.672 1.336 9.072 8.812 11.021 9.346 6.662 6.739 7.422 8.539 3.363 7.954 8.395 1.248 0.897 11.849 5.331 2.001 8.924 15.536 8.193 12.359 
1.773 7.221 10.468 9.976 2.817 11.690 5.843 14.596 7.217 7.444 3.248 5.514 13.400 2.275 9.055 11.695 10.309 15.494 7.788 4.544 3.234 10.657 8.946 7.359 3.959 5.648 8.359 5.971 7.903 11.738 8.889 6.954 6.544 14.045 11.133 3.873 13.117 13.131 9.021 12.738 
16.649 12.314 8.576 7.523 12.388 8.359 10.200 5.641 14.029 9.044 12.420 9.694 5.135 13.930 6.262 4.615 7.728 4.462 10.553 13.355 16.790 4.715 9.009 9.325 11.599 9.679 6.837 10.522 10.335 6.543 6.352 13.986 13.974 1.773 14.788 14.059 6.977 10.207 6.169 3.674 
12.049 5.939 10.288 8.860 8.441 10.890 8.482 10.483 13.312 8.406 7.836 6.720 2.521 9.144 5.592 7.245 1.032 10.120 4.228 11.374 11.564 5.613 2.576 3.759 7.118 5.748 5.065 5.195 10.286 9.301 4.063 13.149 12.941 6.974 15.740 11.724 10.630 4.203 4.475 3.108 
12.669 6.387 10.758 9.329 9.095 11.312 9.109 10.702 13.932 8.986 8.475 7.370 2.042 9.766 6.099 7.563 1.519 10.244 4.721 12.022 12.144 5.987 3.088 4.383 7.764 6.407 5.629 5.815 10.859 9.676 4.616 13.773 13.570 7.041 16.301 12.378 10.960 3.883 5.004 3.029 
10.823 8.544 4.453 3.030 6.528 5.163 4.039 6.052 8.294 3.094 6.876 3.748 6.702 8.355 0.317 2.634 6.058 6.527 7.092 7.225 11.299 1.466 6.256 5.375 6.104 4.237 1.285 5.911 4.786 3.855 1.917 8.199 8.109 4.840 10.078 7.899 5.377 9.981 1.430 5.033 
9.069 3.328 9.860 8.519 5.725 10.740 6.756 11.403 11.501 7.226 4.948 4.702 5.514 6.173 5.337 7.897 2.132 11.449 1.595 9.195 8.551 6.175 0.872 0.866 4.306 3.414 4.440 2.232 9.062 9.503 3.803 11.301 11.028 8.672 14.464 9.383 11.009 5.397 4.294 5.565 
11.395 5.479 9.862 8.439 7.760 10.520 7.857 10.346 12.692 7.847 7.166 6.060 3.113 8.489 5.140 7.012 0.781 10.086 3.733 10.716 10.949 5.330 2.091 3.109 6.442 5.069 4.539 4.545 9.732 8.991 3.563 12.525 12.309 7.020 15.196 11.054 10.368 4.572 4.005 3.374 
11.785 12.677 1.331 2.530 8.301 2.122 4.622 5.979 4.847 3.382 9.311 6.431 11.974 10.378 5.619 5.326 11.327 7.441 11.626 5.868 13.010 6.097 11.228 9.931 8.848 7.728 6.228 9.843 2.118 3.470 7.173 4.926 5.114 8.138 4.932 6.748 4.006 15.287 6.737 10.152 
11.871 13.441 2.529 3.754 8.714 3.058 5.184 6.946 4.150 4.214 9.809 7.157 13.170 10.747 6.755 6.550 12.397 8.465 12.496 5.733 13.232 7.311 12.208 10.833 9.430 8.505 7.298 10.622 2.540 4.626 8.271 4.284 4.549 9.342 3.704 6.583 4.945 16.361 7.853 11.364 
9.957 8.312 4.170 2.839 5.687 5.074 3.023 6.605 7.366 2.174 6.156 2.929 7.501 7.597 1.017 3.387 6.439 7.258 7.002 6.210 10.537 2.471 6.393 5.268 5.424 3.668 1.338 5.558 3.975 4.093 2.314 7.258 7.149 5.814 9.381 6.882 5.643 10.403 1.930 5.932 
10.531 3.530 11.792 10.409 7.658 12.591 8.902 12.804 13.646 9.312 6.722 6.849 5.057 7.730 7.129 9.384 1.801 12.623 2.159 11.305 9.694 7.660 1.296 2.944 6.197 5.547 6.323 4.036 11.168 11.211 5.516 13.445 13.168 9.586 16.592 11.451 12.661 3.314 6.009 5.857 
4.877 3.524 9.833 8.849 2.191 10.978 5.314 12.947 9.079 6.609 0.975 3.604 9.604 1.973 6.687 9.589 6.335 13.479 3.748 6.345 4.621 8.151 4.910 3.412 1.063 2.719 5.765 1.979 7.954 10.383 5.897 8.834 8.473 11.365 12.683 6.195 11.917 9.093 6.200 9.242 
13.888 10.326 6.141 4.902 9.598 6.230 7.276 4.851 11.219 6.150 9.747 6.856 5.169 11.258 3.358 2.150 6.373 4.499 8.628 10.436 14.169 1.791 7.290 7.148 8.934 6.999 4.020 8.152 7.546 4.390 3.730 11.160 11.124 1.742 12.332 11.135 5.359 9.727 3.440 3.203 
13.137 12.840 0.985 1.726 9.268 0.540 5.591 3.832 6.970 4.027 10.097 6.922 10.699 11.350 4.924 3.610 10.659 5.276 11.555 7.616 14.155 4.830 10.859 9.820 9.499 8.025 5.770 10.046 3.722 1.438 6.541 7.029 7.180 6.209 6.839 8.494 1.910 14.540 6.052 8.780 
5.403 7.409 17.102 5.497 7.326 10.510 1.373 10.170 11.153 13.014 12.874 12.643 3.727 10.704 10.591 15.309 12.549 16.742 0.874 16.054 10.129 5.677 7.899 6.194 17.421 10.004 5.642 13.058 16.084 1.485 3.119 11.951 12.278 8.736 7.088 9.329 3.935 12.154 15.705 2.467 2.827 13.029 13.906 6.064 8.033 10.278 8.622 15.215 16.252 8.580 10.894 5.920 4.810 14.662 12.750 14.314 16.113 9.996 12.777 5.731 10.081 4.874 9.705 11.825 4.529 7.564 8.161 10.985 5.911 8.017 4.799 6.200 10.355 13.485 14.714 6.274 4.037 3.564 11.862 13.231 8.363 11.577 1.661 12.500 12.949 12.295 3.787 1.593 13.522 14.359 9.176 15.443 7.296 7.570 8.898 9.992 17.637 4.887 11.974 5.804 
7.760 9.252 13.637 3.965 10.011 12.734 8.013 3.929 12.901 9.986 6.018 8.704 3.720 13.969 13.446 14.006 6.379 12.728 7.336 12.775 13.248 3.888 7.029 7.060 14.754 11.010 10.250 7.613 12.347 8.169 4.469 10.631 4.870 9.266 1.493 10.671 7.024 7.357 11.196 6.870 8.460 9.078 13.459 1.582 12.285 5.151 4.867 10.648 13.438 12.634 13.234 6.233 3.616 9.898 6.029 13.524 14.201 6.806 12.634 8.643 3.394 4.214 3.011 15.216 3.879 5.416 12.416 9.988 8.374 1.337 2.744 1.249 14.086 14.333 9.013 5.487 6.474 7.391 4.607 9.779 5.555 7.760 6.812 5.206 5.958 10.099 4.501 7.063 8.315 14.183 2.147 12.228 5.306 10.171 12.954 8.141 14.558 7.989 11.766 1.860 
6.836 4.876 7.444 8.916 5.316 3.538 11.165 10.380 2.745 5.130 12.132 6.618 11.723 5.388 4.610 3.522 10.504 8.089 11.370 6.538 5.029 8.884 5.374 6.289 6.580 2.346 7.815 9.248 7.276 11.164 11.003 2.461 13.934 3.563 10.831 3.062 8.322 8.023 8.404 9.788 9.836 6.661 1.733 11.278 6.897 8.717 7.708 8.295 5.971 6.564 3.737 6.905 9.790 8.443 11.749 2.300 4.744 6.162 0.588 6.608 11.114 9.124 11.112 6.015 9.772 6.912 6.899 2.518 6.351 11.315 12.332 12.027 6.200 2.163 10.244 7.217 8.348 8.678 12.939 5.847 6.840 6.505 13.454 13.387 12.532 3.800 9.896 13.544 8.916 2.125 11.663 6.121 7.044 5.102 6.579 4.403 7.262 7.379 0.642 11.148 
6.369 4.634 6.681 7.902 5.329 4.410 10.758 8.993 3.772 3.833 10.703 5.231 10.818 6.344 5.542 3.592 9.075 7.121 10.871 5.690 5.868 7.848 4.334 5.579 6.179 2.563 7.854 7.834 6.299 10.777 10.175 1.103 12.529 3.024 9.628 3.182 7.790 6.600 7.226 9.255 9.528 5.299 2.387 10.159 7.370 7.314 6.397 7.065 5.327 7.131 4.723 6.077 8.816 7.146 10.321 2.635 4.540 4.768 1.548 6.326 9.740 8.181 9.753 7.133 8.833 5.746 7.397 1.145 5.992 10.051 11.332 10.905 7.088 3.586 8.875 6.240 7.723 8.216 11.532 4.539 5.575 5.078 12.813 11.972 11.104 2.461 9.046 12.926 7.524 3.073 10.337 5.195 5.907 5.154 7.209 3.052 6.710 6.990 0.787 10.051 
2.186 4.094 12.803 1.966 4.573 7.654 3.799 6.853 8.057 8.715 9.642 8.400 3.436 8.547 8.142 11.238 8.929 12.456 3.566 11.757 7.846 2.127 3.630 2.171 13.167 6.471 4.555 9.119 11.788 3.897 2.582 7.788 9.795 4.902 4.571 5.910 1.379 8.084 11.475 2.076 3.361 8.779 10.018 4.153 6.605 6.463 4.622 11.001 11.977 6.986 8.126 1.666 2.101 10.493 9.430 10.342 11.942 5.750 8.944 3.020 7.042 1.513 6.739 9.792 1.875 3.348 6.738 6.849 2.847 5.527 4.336 4.767 8.540 10.053 10.784 2.001 0.805 1.876 9.112 8.940 4.174 7.350 5.139 9.758 9.823 8.024 1.571 5.274 9.491 10.569 6.562 11.145 3.087 4.775 7.314 5.707 13.353 2.289 8.086 3.895 
8.058 6.091 6.953 10.048 6.492 4.372 12.384 11.173 3.502 5.348 12.729 6.987 12.896 6.069 5.342 2.596 11.059 7.785 12.592 6.154 5.824 10.006 6.484 7.493 5.821 3.535 8.966 9.680 7.000 12.381 12.194 2.985 14.670 4.776 11.858 4.249 9.544 8.525 8.348 11.010 11.047 6.961 0.673 12.361 7.888 9.469 8.631 8.319 5.422 7.509 4.458 8.090 10.938 8.579 12.341 1.354 3.918 6.953 0.730 7.821 11.932 10.282 11.960 6.492 10.932 7.961 7.877 3.379 7.570 12.289 13.473 13.109 6.920 1.841 10.511 8.359 9.565 9.900 13.667 6.058 7.813 7.053 14.673 14.080 13.142 4.163 11.081 14.764 9.265 0.908 12.564 5.829 8.112 6.270 7.486 5.280 6.598 8.599 1.613 12.244 
2.261 1.299 10.070 4.496 2.363 4.423 6.640 7.658 4.599 6.201 10.140 6.598 7.060 5.848 5.225 7.724 8.879 10.061 6.738 9.008 5.130 4.516 1.749 1.551 10.041 2.812 4.392 8.348 9.293 6.666 6.283 4.467 11.186 1.187 6.876 2.365 3.656 7.066 9.511 5.122 5.476 6.892 6.352 7.017 5.077 6.443 4.697 9.145 8.981 5.168 4.924 2.260 5.256 8.866 9.820 6.731 8.587 4.384 5.251 2.430 8.193 4.558 8.040 7.059 5.181 3.267 5.172 3.489 2.011 7.600 7.785 7.750 6.165 6.369 9.867 2.840 3.615 4.091 10.292 6.663 3.741 5.776 8.724 10.872 10.450 5.122 5.200 8.825 8.422 6.869 8.290 8.417 3.236 2.380 5.417 3.199 10.396 2.923 4.413 6.833 
11.026 9.316 3.656 11.979 9.954 8.246 15.410 11.453 7.387 4.667 12.176 6.318 15.004 9.960 9.235 1.298 10.475 4.892 15.482 3.294 9.712 11.884 8.580 10.126 2.025 7.029 12.483 8.806 4.303 15.435 14.491 4.380 14.530 7.702 13.115 7.724 12.407 8.029 6.103 13.858 14.208 6.074 3.221 13.894 11.686 9.740 9.662 6.319 2.228 11.343 8.351 10.503 12.933 6.885 11.792 2.548 0.348 7.708 4.218 11.012 12.260 12.376 12.411 10.320 13.013 9.605 11.687 5.334 10.674 13.268 15.324 14.603 10.814 5.454 9.020 10.461 12.285 12.860 13.544 5.120 9.134 6.958 17.307 13.800 12.608 4.443 13.358 17.439 8.163 3.481 13.201 3.346 9.830 9.760 11.342 6.672 2.929 11.663 4.705 13.850 
4.769 3.565 13.287 8.556 2.581 2.634 7.436 12.457 3.523 10.091 14.977 10.977 10.172 1.931 2.046 9.518 13.699 13.693 7.981 12.300 1.485 8.648 6.586 5.568 12.596 4.062 3.153 13.051 12.874 7.355 9.187 7.562 15.926 4.714 11.203 3.562 5.846 11.745 13.573 6.869 5.962 11.196 7.623 11.019 0.999 11.280 9.516 13.308 11.893 0.541 2.730 6.367 8.994 13.191 14.657 8.270 10.768 9.115 6.586 3.906 12.945 8.332 12.757 3.046 8.793 8.031 0.945 6.820 4.143 12.056 11.202 11.672 1.637 5.990 14.480 7.236 6.279 5.772 15.065 10.710 8.572 10.333 10.382 15.661 15.284 8.752 8.426 10.364 13.030 7.645 12.893 11.796 7.950 2.488 0.621 7.610 13.238 4.687 6.241 10.778 
3.844 2.293 8.688 5.711 3.210 3.918 8.232 7.964 3.783 5.030 10.179 5.776 8.480 5.685 4.942 6.124 8.740 8.819 8.339 7.637 5.026 5.692 2.268 3.081 8.519 1.813 5.618 7.914 8.023 8.254 7.766 2.945 11.564 0.583 7.809 1.800 5.257 6.603 8.473 6.724 7.031 6.006 4.779 8.139 5.712 6.502 5.045 8.168 7.513 5.644 4.395 3.664 6.563 8.005 9.827 5.135 7.010 4.079 3.706 3.876 8.605 5.889 8.522 6.781 6.535 3.920 5.778 1.984 3.507 8.406 9.108 8.887 6.205 5.067 9.293 4.005 5.203 5.686 10.613 5.590 4.083 5.149 10.306 11.144 10.532 3.799 6.655 10.412 7.845 5.334 8.926 7.065 3.996 3.104 5.822 2.427 8.928 4.481 2.845 7.989 
3.422 5.243 13.047 1.188 5.795 8.819 4.215 6.080 9.173 8.965 8.861 8.407 2.379 9.778 9.354 11.905 8.334 12.567 3.768 12.024 9.073 1.371 4.184 3.160 13.588 7.495 5.756 8.747 11.951 4.345 1.743 8.403 8.773 5.843 3.461 6.983 2.529 7.838 11.442 2.656 4.185 8.800 10.826 2.925 7.851 5.983 4.305 10.940 12.351 8.237 9.299 2.446 0.881 10.365 8.685 11.093 12.500 5.788 9.796 4.268 6.155 0.560 5.821 11.026 0.627 3.373 7.985 7.512 4.078 4.439 3.145 3.519 9.786 11.057 10.408 2.288 1.982 2.921 8.155 9.094 4.122 7.332 4.748 8.805 9.001 8.451 0.620 4.929 9.204 11.425 5.530 11.415 3.108 5.989 8.565 6.123 13.690 3.534 8.921 2.660 
2.818 3.254 10.027 2.672 4.231 6.512 6.462 5.662 6.623 5.943 8.263 5.762 5.580 7.938 7.326 8.644 7.159 9.720 6.319 8.978 7.217 2.639 0.924 1.482 10.406 4.727 5.626 6.928 9.033 6.537 5.001 5.141 9.132 2.982 4.816 4.402 3.514 5.743 8.833 4.750 5.683 6.124 7.629 5.078 6.887 4.641 2.769 8.386 9.203 7.069 7.013 1.202 3.569 7.948 7.970 7.859 9.250 3.163 6.647 3.523 6.146 2.937 5.970 9.156 3.588 1.237 6.998 4.257 3.081 5.506 6.096 5.825 8.214 8.130 8.550 0.993 3.153 4.087 8.263 6.199 1.914 4.758 7.867 8.860 8.542 5.258 3.867 8.018 7.160 8.267 6.190 8.367 1.152 4.315 7.348 2.932 10.575 3.472 5.765 4.927 
11.440 11.393 7.209 9.015 12.460 13.437 14.386 4.560 13.035 5.871 2.988 4.248 11.249 15.308 14.534 10.183 2.051 5.850 13.969 6.852 14.676 8.831 8.426 10.105 9.017 11.247 14.235 1.759 5.956 14.504 11.450 8.404 5.577 10.108 7.810 11.449 11.871 3.067 4.134 12.717 14.020 4.248 10.881 8.977 15.166 4.230 6.075 3.725 7.900 15.204 13.863 9.671 9.666 3.039 2.731 10.507 9.557 5.719 10.765 12.124 5.033 9.642 5.413 16.321 9.944 7.525 15.255 8.592 11.671 7.190 10.754 9.322 15.870 12.935 0.953 8.858 11.369 12.447 4.827 5.176 6.730 4.543 14.490 4.736 3.348 7.084 10.690 14.721 1.951 11.656 6.303 6.601 7.744 12.454 15.420 7.243 8.370 12.077 10.241 9.145 
4.079 6.105 14.552 2.636 6.441 9.614 3.110 7.283 10.074 10.466 10.014 9.917 1.626 10.328 10.003 13.271 9.644 14.079 2.510 13.525 9.653 2.809 5.579 4.260 15.058 8.546 5.780 10.172 13.462 3.261 0.619 9.791 9.612 6.992 4.304 7.966 2.738 9.309 12.947 1.998 3.562 10.311 12.096 3.413 8.088 7.382 5.781 12.442 13.832 8.543 10.071 3.694 1.905 11.857 9.875 12.406 13.920 7.301 11.029 4.787 7.238 2.034 6.873 11.554 1.624 4.883 8.224 8.873 4.734 5.271 2.758 3.759 10.212 12.129 11.823 3.737 2.397 2.844 9.108 10.605 5.634 8.842 3.239 9.755 10.110 9.913 0.915 3.417 10.657 12.656 6.422 12.916 4.617 6.663 8.878 7.581 15.180 3.922 10.168 3.134 
5.959 5.188 6.476 5.729 6.223 6.901 9.990 5.710 6.543 2.392 7.430 2.627 8.762 8.769 7.995 5.776 5.846 6.212 9.870 5.430 8.143 5.614 2.799 4.697 6.967 4.709 8.391 4.806 5.499 10.057 8.362 2.512 9.222 3.673 6.797 4.924 6.986 3.502 5.518 8.290 9.098 2.898 5.414 7.545 8.845 4.010 3.365 5.144 5.717 8.808 7.335 4.732 6.685 4.887 7.052 5.366 6.060 1.506 4.830 6.373 6.475 6.194 6.519 9.788 6.802 3.321 8.919 2.224 5.925 7.046 8.998 8.257 9.346 6.889 6.124 4.396 6.682 7.538 8.223 2.715 2.786 1.997 11.353 8.662 7.822 1.908 7.254 11.517 4.680 6.191 7.174 4.818 3.568 6.166 8.994 0.804 7.059 6.664 4.087 7.501 
8.317 6.997 3.985 8.628 7.875 7.317 12.584 8.005 6.654 1.354 9.030 3.096 11.663 9.249 8.448 3.220 7.320 4.235 12.547 2.934 8.774 8.517 5.446 7.210 4.099 5.398 10.321 5.781 3.415 12.633 11.232 1.897 11.233 5.286 9.609 5.933 9.545 4.778 4.371 10.935 11.541 2.978 3.695 10.418 10.160 6.274 6.156 4.275 2.915 9.966 7.620 7.424 9.585 4.497 8.638 3.317 3.203 4.198 3.764 8.520 8.810 9.075 8.939 10.001 9.693 6.223 10.199 2.743 8.114 9.752 11.901 11.117 9.995 5.888 6.454 7.223 9.323 10.058 10.232 2.020 5.681 3.521 14.172 10.549 9.457 1.050 10.113 14.325 5.278 4.462 9.706 2.373 6.465 7.740 10.067 3.380 4.317 9.006 3.509 10.387 
8.984 9.492 9.381 5.910 10.518 12.255 11.274 1.055 12.076 6.475 1.942 4.806 7.811 13.951 13.246 10.984 1.475 8.263 10.781 8.690 13.256 5.727 6.476 7.744 10.838 10.125 11.840 2.854 8.049 11.406 8.111 8.215 3.487 8.620 4.320 10.108 9.077 3.116 6.600 9.688 11.121 5.084 11.072 5.485 13.203 1.839 3.555 6.064 9.555 13.359 12.734 7.124 6.409 5.276 1.675 10.901 10.776 4.376 10.594 9.786 1.549 6.518 1.906 15.098 6.705 5.090 13.311 7.990 9.365 3.663 7.248 5.800 14.357 12.664 4.112 6.221 8.528 9.625 2.482 6.004 4.482 4.258 11.075 2.887 2.230 7.178 7.476 11.311 3.611 11.865 2.822 8.237 5.230 10.575 13.624 6.180 10.436 9.531 9.862 5.669 
12.008 10.440 2.290 12.520 11.165 9.705 16.352 11.340 8.865 4.698 11.696 6.111 15.554 11.469 10.727 2.840 10.037 3.672 16.362 2.323 11.185 12.406 9.306 10.996 0.429 8.316 13.690 8.318 3.266 16.390 15.128 5.283 14.163 8.766 13.353 8.985 13.319 7.754 5.141 14.741 15.226 5.795 4.737 14.227 13.062 9.692 9.926 5.466 1.317 12.749 9.842 11.276 13.476 6.141 11.324 4.054 1.493 7.978 5.644 12.088 12.142 12.971 12.339 11.877 13.588 10.113 13.071 6.262 11.719 13.389 15.761 14.905 12.314 7.032 8.248 11.114 13.140 13.806 13.206 4.946 9.539 6.941 18.053 13.391 12.124 4.939 14.008 18.201 7.610 5.062 13.183 2.650 10.357 10.987 12.769 7.269 1.365 12.673 6.006 14.214 
7.483 8.646 11.913 3.746 9.527 11.961 8.686 2.193 12.018 8.356 4.570 6.997 4.773 13.374 12.780 12.522 4.688 10.977 8.093 11.072 12.650 3.602 6.046 6.530 13.088 10.070 10.200 5.854 10.613 8.833 5.258 9.248 4.108 8.354 1.287 9.827 7.080 5.603 9.434 7.290 8.846 7.364 12.127 2.372 12.007 3.412 3.449 8.886 11.771 12.288 12.462 5.736 3.839 8.134 4.509 12.132 12.628 5.296 11.383 8.365 1.787 4.218 1.391 14.602 4.146 4.378 12.131 8.697 8.025 0.451 4.076 2.593 13.595 13.210 7.284 4.865 6.506 7.545 3.524 8.103 4.290 6.092 8.028 4.173 4.597 8.588 4.900 8.272 6.552 12.878 0.864 10.537 4.346 9.653 12.593 6.802 12.856 7.855 10.539 2.601 
2.103 2.084 13.060 5.916 1.323 4.304 4.938 10.234 5.009 9.339 12.901 9.801 7.358 4.605 4.390 10.074 11.808 13.171 5.374 12.011 3.967 6.029 4.766 3.216 12.788 4.295 1.246 11.453 12.384 4.889 6.373 7.275 13.554 3.792 8.591 3.579 3.033 10.197 12.701 4.111 3.470 10.095 8.372 8.302 2.451 9.296 7.418 12.344 11.850 2.827 4.672 3.905 6.256 12.069 12.617 8.911 11.144 7.511 7.224 1.220 10.625 5.621 10.391 5.810 6.037 5.873 2.582 6.343 1.600 9.492 8.397 8.928 4.450 7.457 13.014 4.820 3.479 2.978 12.755 9.837 6.560 8.963 7.742 13.376 13.165 8.165 5.629 7.753 11.578 8.653 10.413 11.439 5.729 1.541 3.157 6.398 13.260 1.887 6.577 8.050 
6.564 8.635 17.481 5.469 8.734 11.956 3.207 9.578 12.528 13.401 12.138 12.787 2.821 12.335 12.153 16.163 12.058 16.972 2.521 16.460 11.724 5.624 8.507 7.055 18.002 11.189 7.346 12.804 16.373 3.339 2.759 12.704 11.200 9.750 6.336 10.555 5.067 12.054 15.780 3.689 4.557 13.184 14.913 5.197 9.757 10.003 8.572 15.264 16.776 10.288 12.373 6.582 4.586 14.645 12.068 15.257 16.847 10.200 13.818 7.072 9.346 4.915 8.954 13.496 4.379 7.804 9.889 11.771 7.159 7.161 3.593 5.116 12.051 14.746 14.421 6.682 4.965 4.865 10.915 13.519 8.528 11.710 0.479 11.529 12.153 12.856 3.817 0.730 13.350 15.433 8.290 15.851 7.541 8.973 10.613 10.525 18.122 6.185 12.975 4.982 
7.530 6.595 4.889 7.209 7.589 7.760 11.592 6.275 7.249 0.797 7.431 1.663 10.223 9.688 8.891 4.932 5.737 4.620 11.468 3.855 9.122 7.080 4.398 6.289 5.535 5.631 9.868 4.328 3.898 11.659 9.882 2.495 9.549 4.965 7.957 6.000 8.586 3.186 4.067 9.892 10.690 1.737 5.111 8.818 10.115 4.543 4.518 3.764 4.244 10.017 8.142 6.334 8.157 3.673 7.040 4.863 4.905 2.570 4.866 7.898 7.079 7.708 7.207 10.597 8.297 4.812 10.176 2.821 7.457 8.052 10.369 9.498 10.347 7.034 5.302 5.967 8.284 9.136 8.545 1.187 4.167 1.810 12.908 8.889 7.852 1.192 8.790 13.078 3.960 5.905 7.978 3.245 5.071 7.502 10.170 2.336 5.533 8.235 4.335 8.807 
8.013 8.818 10.487 4.614 9.792 11.873 9.891 0.541 11.807 7.168 3.159 5.659 6.269 13.447 12.790 11.531 3.041 9.476 9.359 9.702 12.734 4.439 5.929 6.874 11.784 9.836 10.840 4.233 9.168 10.029 6.622 8.458 3.577 8.205 2.759 9.709 7.903 4.126 7.883 8.365 9.856 5.998 11.360 3.921 12.408 2.088 2.981 7.336 10.475 12.622 12.367 6.164 4.990 6.568 3.019 11.281 11.495 4.444 10.738 8.860 0.586 5.190 0.586 14.639 5.295 4.348 12.525 8.055 8.468 2.105 5.679 4.231 13.769 12.701 5.632 5.247 7.337 8.424 2.700 6.821 3.952 4.872 9.536 3.311 3.291 7.612 6.070 9.775 4.951 12.137 1.442 9.198 4.417 9.881 12.907 6.157 11.479 8.494 9.940 4.113 
6.300 7.191 10.491 2.964 8.137 10.375 8.324 1.993 10.381 6.763 4.784 5.546 5.079 11.873 11.243 10.822 4.259 9.668 7.841 9.596 11.154 2.783 4.419 5.187 11.541 8.420 9.124 4.953 9.226 8.456 5.241 7.518 5.212 6.729 1.941 8.222 6.203 4.374 8.235 6.742 8.196 5.931 10.393 3.000 10.724 2.184 1.715 7.693 10.226 10.954 10.874 4.458 3.481 6.991 4.586 10.406 10.980 3.599 9.650 7.153 2.262 3.568 2.041 13.083 3.771 2.769 10.842 6.963 6.768 1.988 4.759 3.561 12.154 11.494 6.551 3.543 5.641 6.733 4.391 6.581 2.573 4.562 8.292 5.016 4.964 6.898 4.537 8.519 5.549 11.143 2.306 9.037 2.792 8.238 11.245 5.067 11.375 6.777 8.809 3.094 
3.386 4.982 12.243 0.501 5.662 8.540 4.942 5.439 8.823 8.167 8.230 7.586 2.993 9.642 9.161 11.219 7.613 11.749 4.543 11.225 8.925 0.671 3.512 2.804 12.817 7.060 5.980 7.961 11.138 5.064 2.509 7.708 8.330 5.357 3.141 6.601 2.845 7.029 10.621 3.305 4.750 7.979 10.214 2.890 7.919 5.217 3.497 10.120 11.571 8.259 9.032 2.002 1.008 9.547 8.033 10.449 11.771 4.971 9.214 4.269 5.591 0.349 5.280 10.892 0.998 2.567 8.049 6.843 4.000 4.080 3.552 3.580 9.723 10.582 9.624 1.598 2.270 3.333 7.649 8.283 3.302 6.511 5.561 8.296 8.395 7.692 1.425 5.746 8.402 10.839 5.098 10.617 2.304 5.834 8.579 5.374 12.901 3.656 8.333 2.665 
3.775 4.596 10.312 1.760 5.528 7.893 6.636 4.444 7.989 6.245 7.147 5.666 4.793 9.306 8.704 9.516 6.218 9.817 6.337 9.299 8.584 1.647 2.082 2.588 10.934 6.071 6.630 6.281 9.203 6.739 4.431 6.015 7.821 4.331 3.466 5.775 3.994 5.238 8.718 4.921 6.146 6.057 8.694 3.853 8.123 3.700 1.805 8.226 9.673 8.345 8.394 1.914 2.716 7.683 6.884 8.851 9.972 3.038 7.783 4.595 4.854 2.258 4.650 10.530 2.842 0.648 8.240 5.233 4.191 4.127 5.095 4.602 9.559 9.395 7.944 1.013 3.494 4.569 6.984 6.348 1.378 4.595 7.496 7.597 7.391 5.846 3.360 7.679 6.643 9.376 4.820 8.693 0.415 5.633 8.635 3.574 10.988 4.325 6.904 3.741 
5.491 5.060 7.275 4.817 6.124 7.255 9.315 4.912 7.003 3.191 6.867 2.932 7.840 9.049 8.303 6.747 5.382 6.878 9.143 6.250 8.388 4.693 2.274 4.169 7.887 5.081 8.098 4.603 6.215 9.393 7.484 3.415 8.481 3.760 5.823 5.165 6.366 3.301 5.986 7.597 8.523 3.280 6.305 6.571 8.816 3.279 2.403 5.553 6.617 8.842 7.717 4.060 5.768 5.169 6.504 6.298 7.031 0.732 5.638 6.017 5.648 5.310 5.660 10.135 5.902 2.415 8.902 2.957 5.560 6.092 8.040 7.281 9.556 7.620 6.083 3.598 6.009 6.935 7.494 3.362 1.819 2.005 10.516 7.971 7.238 2.881 6.392 10.689 4.636 7.069 6.271 5.641 2.673 6.105 9.058 1.081 7.928 6.187 4.843 6.531 
5.340 6.567 11.521 1.660 7.413 9.970 6.925 3.357 10.097 7.615 6.131 6.615 3.706 11.303 10.737 11.349 5.695 10.804 6.420 10.574 10.579 1.497 4.195 4.416 12.409 8.188 8.072 6.338 10.301 7.060 3.808 7.905 6.186 6.446 1.348 7.875 4.999 5.644 9.461 5.385 6.885 7.011 10.685 1.943 9.866 3.538 2.380 8.927 11.107 10.154 10.472 3.609 2.050 8.261 5.962 10.787 11.661 4.309 9.826 6.222 3.438 2.213 3.120 12.540 2.345 2.589 9.991 7.208 5.886 2.084 3.550 2.650 11.491 11.498 7.958 2.765 4.426 5.494 5.488 7.543 2.836 5.568 6.878 6.135 6.270 7.513 3.116 7.101 6.896 11.394 2.981 9.991 2.471 7.549 10.461 5.410 12.331 5.722 8.953 1.933 
4.332 2.270 9.631 7.140 2.576 2.031 8.532 9.834 1.982 6.421 12.064 7.436 9.642 3.844 3.079 6.213 10.612 9.998 8.800 8.627 3.223 7.156 4.000 4.132 9.086 0.410 5.077 9.722 9.179 8.519 8.814 3.867 13.430 1.688 9.458 0.344 5.833 8.413 9.904 7.268 7.158 7.619 4.474 9.654 4.416 8.389 6.894 9.661 8.281 4.202 2.509 4.894 7.894 9.595 11.711 5.025 7.347 5.953 3.328 3.959 10.459 7.193 10.359 4.904 7.808 5.666 4.447 3.141 3.767 10.126 10.413 10.390 4.438 3.851 11.035 5.469 5.961 6.117 12.486 7.061 5.923 6.922 10.991 13.023 12.418 5.066 7.770 11.058 9.599 4.776 10.719 8.111 5.700 2.360 4.309 4.239 9.657 4.787 2.735 9.474 
8.143 6.409 5.299 9.421 7.065 5.679 12.531 9.799 4.892 3.565 11.122 5.262 12.399 7.535 6.758 1.840 9.427 6.004 12.630 4.415 7.170 9.348 5.900 7.304 4.503 4.183 9.595 7.965 5.204 12.552 11.810 1.737 13.194 4.804 10.896 4.858 9.549 6.875 6.497 11.010 11.310 5.195 1.446 11.540 8.938 8.064 7.514 6.467 3.824 8.642 5.883 7.747 10.358 6.741 10.731 1.202 2.775 5.669 1.698 8.107 10.585 9.755 10.658 8.123 10.403 7.137 8.951 2.568 7.774 11.204 12.831 12.275 8.347 3.688 8.707 7.813 9.459 9.986 12.189 4.261 6.815 5.471 14.527 12.558 11.543 2.532 10.676 14.648 7.504 2.229 11.340 4.035 7.333 6.878 8.680 4.231 5.134 8.770 1.875 11.460 
6.280 6.027 7.091 5.001 7.093 8.269 9.866 4.098 8.000 3.154 5.880 2.340 7.943 10.069 9.322 7.224 4.367 6.504 9.625 6.120 9.408 4.851 3.116 4.936 7.951 6.090 8.974 3.613 5.922 9.955 7.711 4.115 7.604 4.777 5.512 6.185 7.008 2.329 5.405 8.139 9.188 2.730 7.012 6.396 9.797 2.391 2.089 4.927 6.645 9.838 8.728 4.693 5.916 4.442 5.511 6.925 7.330 0.363 6.450 6.873 4.871 5.559 4.935 11.151 6.095 2.740 9.885 3.822 6.415 5.623 7.993 7.063 10.575 8.497 5.141 4.076 6.597 7.587 6.606 3.099 1.950 1.276 10.807 7.053 6.260 3.287 6.674 10.995 3.708 7.795 5.634 5.531 3.008 7.085 10.059 2.048 7.868 6.960 5.698 6.399 
4.525 3.385 13.285 8.320 2.377 2.752 7.179 12.266 3.636 10.031 14.803 10.881 9.913 2.182 2.249 9.580 13.541 13.663 7.720 12.290 1.700 8.415 6.417 5.351 12.632 4.045 2.898 12.920 12.846 7.099 8.927 7.534 15.723 4.601 10.972 3.511 5.587 11.616 13.511 6.606 5.704 11.108 7.696 10.776 0.851 11.110 9.333 13.237 11.905 0.542 2.887 6.144 8.748 13.105 14.487 8.335 10.816 8.975 6.641 3.658 12.745 8.089 12.552 3.308 8.545 7.838 0.830 6.770 3.905 11.831 10.946 11.426 1.898 6.126 14.364 7.019 6.023 5.510 14.868 10.641 8.394 10.218 10.121 15.467 15.106 8.702 8.172 10.104 12.913 7.743 12.677 11.778 7.752 2.301 0.749 7.498 13.259 4.431 6.263 10.534 
4.172 3.166 13.336 7.981 2.123 3.007 6.771 12.009 3.878 9.996 14.573 10.786 9.521 2.587 2.609 9.731 13.341 13.672 7.310 12.329 2.076 8.080 6.204 5.052 12.741 4.097 2.493 12.766 12.858 6.692 8.533 7.554 15.442 4.494 10.641 3.514 5.196 11.467 13.468 6.199 5.295 11.025 7.866 10.421 0.712 10.891 9.090 13.180 11.979 0.725 3.190 5.832 8.387 13.024 14.262 8.493 10.947 8.809 6.789 3.296 12.471 7.734 12.270 3.718 8.178 7.582 0.760 6.756 3.565 11.510 10.562 11.064 2.300 6.390 14.232 6.718 5.642 5.108 14.597 10.590 8.163 10.091 9.711 15.201 14.870 8.686 7.791 9.694 12.781 7.951 12.374 11.807 7.485 2.083 1.027 7.383 13.345 4.049 6.364 10.176 
10.888 9.779 1.651 10.454 10.706 10.204 14.982 8.388 9.509 2.608 8.474 3.295 13.415 12.127 11.329 4.728 6.846 1.327 14.851 0.941 11.672 10.311 7.787 9.671 3.129 8.308 13.098 5.119 0.522 15.049 13.158 4.806 10.983 8.083 10.779 8.833 11.975 4.738 1.983 13.280 14.069 2.912 6.046 11.770 13.057 6.856 7.513 2.225 1.992 12.873 10.487 9.722 11.381 2.879 8.109 5.472 3.794 5.712 6.449 11.201 9.169 10.990 9.409 12.828 11.549 8.104 13.099 5.602 10.772 10.660 13.430 12.389 12.889 8.428 4.993 9.324 11.673 12.523 10.048 2.385 7.383 4.314 16.225 10.193 8.899 3.703 12.092 16.404 4.387 6.692 10.296 0.808 8.370 10.586 12.976 5.708 2.641 11.591 6.352 11.804 
8.426 6.731 13.493 12.037 6.044 3.439 11.340 15.282 3.737 11.276 17.528 12.599 13.966 2.072 2.542 9.015 16.052 14.269 11.897 12.669 2.766 12.100 9.371 8.923 12.277 5.595 7.057 15.062 13.465 11.254 13.002 8.546 18.866 7.100 14.582 5.597 9.662 13.767 14.622 10.767 9.873 12.709 7.178 14.565 4.700 13.857 12.324 14.494 11.964 4.136 2.962 9.751 12.605 14.588 17.172 7.851 10.365 11.404 6.573 7.630 15.882 11.915 15.759 0.874 12.439 11.001 4.582 8.189 7.765 15.349 14.943 15.259 2.367 4.820 16.253 10.521 10.043 9.645 17.935 11.981 11.349 12.244 14.299 18.481 17.885 9.902 12.162 14.278 14.855 6.791 16.048 12.299 10.992 5.855 3.834 9.648 13.105 8.478 6.753 14.345 
2.257 2.868 13.841 5.895 2.202 5.125 4.160 10.458 5.859 10.053 13.178 10.417 6.974 5.233 5.111 10.942 12.174 13.904 4.655 12.787 4.645 6.029 5.281 3.549 13.621 5.173 0.599 11.929 13.126 4.098 5.971 8.084 13.666 4.577 8.559 4.456 2.722 10.702 13.367 3.543 2.679 10.727 9.251 8.154 2.742 9.646 7.743 12.992 12.660 3.225 5.468 4.117 6.103 12.681 12.911 9.786 11.998 8.033 8.102 1.524 10.789 5.520 10.531 6.390 5.855 6.202 2.878 7.137 1.981 9.495 8.065 8.735 4.960 8.324 13.522 5.027 3.249 2.508 12.909 10.523 6.943 9.535 7.050 13.542 13.420 8.921 5.353 7.042 12.102 9.535 10.475 12.208 6.029 2.423 3.559 7.052 14.073 1.773 7.445 7.890 
9.493 7.647 5.305 10.958 8.181 6.267 13.875 11.256 5.400 4.749 12.425 6.493 13.923 7.959 7.239 0.711 10.716 6.317 14.015 4.650 7.723 10.888 7.420 8.741 3.973 5.214 10.695 9.170 5.592 13.887 13.312 3.288 14.587 6.141 12.443 5.926 10.936 8.170 7.172 12.404 12.602 6.360 1.230 13.091 9.753 9.518 9.049 7.251 3.764 9.390 6.356 9.228 11.891 7.657 12.033 0.594 2.060 7.181 2.306 9.374 12.050 11.279 12.140 8.328 11.929 8.687 9.747 4.088 9.074 12.738 14.374 13.826 8.815 3.490 9.725 9.335 10.883 11.345 13.583 5.385 8.364 6.847 15.976 13.923 12.851 3.951 12.180 16.088 8.637 1.540 12.844 4.456 8.880 7.973 9.376 5.781 4.804 10.090 2.947 13.010 
12.533 13.300 12.228 9.002 14.294 16.197 14.018 4.405 16.036 10.088 2.407 8.346 9.915 17.856 17.168 14.623 4.118 10.905 13.403 11.761 17.153 8.840 10.339 11.397 13.951 14.081 15.349 5.775 10.936 14.167 10.537 12.098 1.390 12.544 6.613 14.041 12.340 6.653 9.174 12.634 14.183 8.531 14.905 7.556 16.928 5.800 7.366 8.723 12.754 17.131 16.680 10.688 9.184 7.973 2.796 14.677 14.230 8.338 14.499 13.384 3.971 9.525 4.236 19.021 9.491 8.831 17.043 11.932 12.993 5.639 8.985 7.474 18.224 16.595 6.023 9.771 11.768 12.835 1.856 9.509 8.332 8.040 13.053 1.217 1.976 10.977 10.246 13.304 6.455 15.701 4.493 11.423 8.922 14.373 17.410 10.142 13.373 12.997 13.793 7.821 
6.251 5.835 6.770 5.280 6.898 7.909 9.988 4.591 7.605 2.761 6.306 2.201 8.262 9.737 8.978 6.736 4.752 6.265 9.783 5.776 9.087 5.140 3.040 4.920 7.547 5.721 8.877 3.858 5.644 10.071 7.982 3.622 8.084 4.492 5.950 5.858 7.075 2.548 5.275 8.264 9.244 2.568 6.518 6.801 9.583 2.877 2.503 4.825 6.249 9.599 8.360 4.759 6.213 4.408 5.932 6.428 6.869 0.555 5.968 6.793 5.367 5.814 5.432 10.796 6.375 2.939 9.667 3.360 6.335 6.095 8.364 7.482 10.269 8.030 5.310 4.220 6.694 7.649 7.084 2.791 2.209 1.228 11.055 7.521 6.693 2.799 6.920 11.237 3.861 7.301 6.127 5.178 3.207 6.874 9.809 1.664 7.504 6.943 5.228 6.792 
10.350 10.011 5.517 8.505 11.070 11.739 13.727 4.911 11.278 3.934 4.414 2.411 11.097 13.643 12.856 8.219 2.867 4.271 13.400 5.022 13.040 8.329 7.187 9.004 7.210 9.566 13.043 1.222 4.206 13.831 11.124 6.542 6.970 8.587 7.894 9.837 10.995 1.854 2.557 12.013 13.176 2.338 8.934 9.023 13.737 3.867 5.375 2.044 6.033 13.723 12.143 8.703 9.289 1.258 4.061 8.547 7.623 4.438 8.864 10.946 5.595 9.123 5.913 14.604 9.534 6.618 13.816 6.825 10.488 7.489 10.800 9.502 14.252 11.032 1.247 7.990 10.543 11.577 6.077 3.229 5.787 2.982 14.237 6.159 4.833 5.199 10.228 14.452 0.502 9.705 6.840 4.711 6.868 11.036 13.916 5.690 6.646 11.024 8.384 9.138 
