10 20 40
34 72 111 145 52 115 156 92 43 47 
191 104 13 142 39 157 135 145 161 144 201 196 76 121 58 146 60 168 170 165 
29 34 20 9 32 33 28 29 20 18 29 35 22 10 16 9 15 34 17 19 27 17 18 34 26 17 30 21 26 16 24 25 18 8 27 9 12 32 6 10 
1309.999 1007.194 356.087 1085.782 592.802 1158.123 1161.947 1223.546 1254.045 1175.294 1400.002 1357.531 815.825 1100.494 798.338 1198.176 709.841 1177.581 1259.459 1322.019 
2.171 7.060 4.621 2.881 6.731 6.270 3.950 6.816 6.643 8.657 5.344 3.118 2.938 4.340 8.694 2.425 7.749 6.978 7.174 9.642 
2.749 7.841 5.399 2.560 6.996 6.327 4.605 5.818 6.912 8.340 5.294 3.984 2.767 5.211 8.729 2.858 7.391 7.056 6.554 9.479 
3.538 2.404 1.300 5.685 5.047 5.782 2.262 10.928 4.973 9.209 5.749 2.014 5.315 0.855 7.576 6.241 8.676 6.124 9.375 9.290 
3.137 7.082 4.801 4.527 7.718 7.519 4.481 8.424 7.627 10.196 6.726 3.244 4.510 4.277 9.913 1.467 9.324 8.185 8.878 11.047 
2.893 4.304 2.432 5.148 6.159 6.514 2.758 10.134 6.073 9.766 6.139 1.515 4.880 1.703 8.642 4.392 9.077 7.017 9.334 10.163 
4.036 7.610 5.448 5.450 8.567 8.424 5.252 9.130 8.476 11.129 7.651 3.944 5.441 4.851 10.806 1.253 10.257 9.079 9.783 11.970 
8.120 8.399 8.132 7.128 4.342 3.789 7.525 9.134 4.409 1.984 4.499 8.821 6.940 8.847 1.914 12.253 2.837 3.272 4.956 0.253 
4.234 8.217 6.284 2.027 5.213 3.897 5.233 3.966 5.166 4.436 2.811 5.742 2.248 6.610 5.785 7.016 3.448 4.526 2.415 5.877 
7.729 9.135 8.362 6.276 4.944 3.877 7.571 7.420 4.983 0.480 4.110 8.726 6.194 9.009 3.129 11.537 1.418 3.682 3.240 1.634 
4.603 9.248 7.075 2.432 6.704 5.471 6.036 2.833 6.648 5.985 4.341 6.189 2.840 7.243 7.448 6.239 5.002 6.135 3.475 7.503 
5.422 3.473 1.783 1.046 1.778 4.338 1.976 4.556 2.575 5.146 2.065 2.259 2.750 3.093 5.498 2.954 6.258 8.428 0.424 6.532 4.284 2.407 1.426 2.924 3.718 5.447 3.888 3.689 6.134 4.402 0.784 3.086 1.269 6.171 3.753 3.891 2.031 2.899 5.610 3.180 
8.947 7.733 3.950 6.156 5.567 9.414 5.895 8.895 5.501 9.680 6.020 6.356 4.951 4.283 1.458 2.823 8.497 9.084 5.178 9.783 8.493 2.774 4.566 8.010 8.845 9.570 7.787 8.471 6.950 5.307 5.724 2.687 4.353 9.807 8.864 1.253 5.399 6.733 8.355 2.800 
7.227 5.676 1.613 3.756 3.220 7.042 3.551 6.841 3.738 7.560 3.962 4.281 2.931 3.017 3.119 1.601 7.311 8.666 2.736 8.207 6.194 0.710 2.473 5.629 6.432 7.620 5.545 6.231 6.323 4.440 3.368 1.052 2.179 8.067 6.424 1.192 3.117 4.778 6.939 1.805 
3.293 1.226 4.042 1.551 3.726 2.841 3.777 2.290 1.964 2.930 0.995 0.736 4.926 3.330 6.812 4.158 4.604 7.232 2.583 4.430 5.180 4.106 2.284 1.722 2.663 3.181 5.121 1.626 5.211 3.985 1.489 5.247 2.503 3.973 3.127 5.702 4.066 1.112 3.802 4.293 
5.473 5.095 4.997 5.194 6.179 7.656 6.462 6.074 2.869 6.940 3.840 4.102 6.498 1.590 3.178 2.270 4.468 4.958 4.986 6.052 8.918 3.266 3.232 6.505 7.460 6.445 8.486 6.250 2.758 1.325 4.644 4.899 3.369 6.294 7.817 3.855 6.274 4.074 4.538 2.052 
4.045 3.908 5.252 4.665 6.112 6.633 6.348 4.780 2.026 5.644 3.001 3.180 6.715 1.514 4.552 2.949 3.103 4.219 4.794 4.611 8.573 3.807 2.991 5.633 6.571 5.066 8.258 5.140 1.856 0.118 4.154 5.536 3.249 4.856 7.025 4.826 6.288 2.970 3.100 2.819 
6.197 4.622 1.553 2.852 2.877 6.096 3.192 5.788 2.735 6.514 2.908 3.228 3.054 2.261 3.654 1.294 6.405 7.993 2.002 7.198 5.807 0.553 1.422 4.694 5.542 6.567 5.252 5.208 5.630 3.739 2.406 1.900 1.126 7.032 5.609 2.114 2.899 3.728 5.975 1.545 
3.915 4.314 9.189 6.451 8.413 3.704 8.315 3.171 6.638 2.361 6.021 5.686 9.747 8.051 11.802 9.257 5.953 8.742 7.633 4.079 8.211 9.349 7.495 4.797 4.591 2.736 8.642 3.729 7.950 7.913 6.648 10.483 7.747 3.355 5.207 10.941 8.787 5.344 5.228 9.341 
5.446 5.036 4.908 5.108 6.088 7.584 6.371 6.023 2.798 6.889 3.765 4.029 6.409 1.504 3.163 2.187 4.476 5.018 4.895 6.039 8.828 3.181 3.142 6.427 7.382 6.405 8.395 6.184 2.801 1.312 4.557 4.821 3.279 6.270 7.736 3.792 6.183 4.011 4.528 1.972 
3.515 5.031 8.481 7.131 9.025 7.734 9.195 5.160 4.684 5.802 5.312 5.278 9.863 4.899 7.709 6.391 1.347 1.616 7.673 3.095 10.982 7.214 6.043 7.294 8.060 4.788 10.858 6.213 1.842 3.518 6.752 8.941 6.360 3.830 8.698 8.263 9.273 4.709 2.245 6.263 
3.171 2.762 4.852 3.742 5.440 5.488 5.637 3.678 1.099 4.544 1.966 2.093 6.229 1.568 5.236 3.109 2.862 4.765 4.087 3.937 7.678 3.745 2.408 4.526 5.454 4.053 7.436 3.990 2.516 1.245 3.277 5.430 2.726 4.023 5.936 5.051 5.666 1.824 2.531 3.069 
6.866 5.014 0.232 2.577 1.649 5.823 1.980 6.123 3.647 6.731 3.455 3.712 1.692 3.545 4.682 2.647 7.421 9.246 1.407 7.944 4.627 1.707 2.233 4.421 5.121 6.996 4.000 5.273 6.887 5.017 2.366 1.559 1.903 7.652 5.015 2.725 1.582 4.319 6.878 2.897 
3.456 1.501 3.728 1.450 3.567 3.255 3.654 2.630 1.600 3.318 0.607 0.453 4.705 2.922 6.377 3.724 4.569 7.090 2.340 4.581 5.271 3.690 1.856 2.067 3.020 3.484 5.146 2.058 4.993 3.660 1.239 4.883 2.086 4.188 3.432 5.285 3.889 1.034 3.814 3.858 
7.634 5.943 1.160 3.731 2.762 7.011 3.087 7.091 4.207 7.759 4.274 4.573 2.253 3.663 3.718 2.331 7.883 9.362 2.599 8.657 5.686 1.366 2.843 5.601 6.332 7.918 4.994 6.356 7.009 5.117 3.435 0.429 2.515 8.457 6.242 1.618 2.590 5.124 7.454 2.546 
5.446 6.025 7.437 7.089 8.461 8.846 8.714 6.668 4.440 7.486 5.394 5.541 8.933 3.737 5.229 4.789 3.589 2.652 7.172 5.539 10.993 5.773 5.358 7.967 8.884 6.682 10.661 7.302 1.419 2.389 6.577 7.429 5.582 6.079 9.382 6.341 8.606 5.226 4.151 4.579 
8.309 6.234 4.647 4.019 3.043 4.618 2.714 6.757 6.681 6.804 5.828 5.805 3.709 7.450 9.373 7.151 9.866 12.442 4.020 9.418 0.085 6.338 5.780 4.063 3.777 7.664 0.831 5.439 10.277 8.687 4.505 5.881 5.629 8.774 3.092 7.354 3.155 6.357 9.044 7.396 
2.556 4.056 7.792 6.254 8.217 6.746 8.369 4.176 3.930 4.835 4.457 4.391 9.125 4.381 7.547 5.926 0.372 2.587 6.873 2.297 10.061 6.667 5.331 6.326 7.079 3.841 9.968 5.227 1.943 3.154 5.906 8.374 5.659 2.958 7.723 7.848 8.483 3.797 1.259 5.829 
4.530 4.598 5.781 5.377 6.742 7.350 6.990 5.417 2.753 6.274 3.732 3.912 7.267 2.038 4.438 3.276 3.255 3.802 5.445 4.961 9.268 4.212 3.631 6.365 7.301 5.630 8.931 5.845 1.509 0.673 4.857 5.921 3.864 5.301 7.757 5.038 6.897 3.686 3.444 3.102 
1.111 3.229 8.104 5.939 8.096 5.351 8.166 2.741 4.382 3.117 4.432 4.215 9.221 5.396 9.007 6.916 1.840 4.558 6.856 0.127 9.330 7.428 5.739 5.362 5.900 2.040 9.410 4.033 4.002 4.609 5.767 9.002 6.073 0.893 6.607 8.846 8.421 3.578 1.397 6.893 
5.129 6.352 8.907 8.051 9.719 9.155 9.934 6.678 5.420 7.387 6.238 6.288 10.371 5.157 7.153 6.447 2.956 0.723 8.377 4.819 11.981 7.387 6.610 8.538 9.376 6.418 11.758 7.601 1.827 3.679 7.599 9.096 6.888 5.530 9.966 8.142 9.916 5.813 3.795 6.265 
