10 40 40
81 111 49 80 89 47 97 64 65 111 
24 26 51 49 98 65 52 33 66 100 73 39 29 63 101 21 121 40 78 38 37 28 66 43 120 34 18 47 15 123 38 103 107 9 85 77 33 114 106 18 
32 8 33 14 27 30 33 10 16 27 21 6 7 13 35 14 7 18 8 28 6 30 8 11 7 34 18 19 32 14 12 33 21 8 35 25 25 30 9 26 
602.920 683.057 901.218 842.007 1220.600 1003.157 861.829 658.604 1015.962 1303.179 1013.314 753.955 701.516 990.052 1235.173 580.313 1356.551 742.274 1087.037 797.685 784.627 719.555 1048.492 820.447 1319.755 785.590 581.619 836.651 526.768 1339.653 801.362 1245.373 1269.617 418.371 1196.455 1142.113 677.411 1235.445 1289.022 560.615 
5.331 5.394 6.329 4.232 1.357 3.611 4.041 6.161 1.247 8.377 2.403 3.436 9.053 6.700 4.646 4.209 0.780 3.614 8.312 7.602 3.253 5.526 2.451 1.570 3.224 5.482 6.283 6.859 2.626 2.846 1.822 8.097 7.456 7.186 2.438 5.108 1.191 3.547 3.432 7.574 
5.766 5.055 6.553 4.038 5.678 9.204 4.687 3.560 6.587 8.239 5.111 7.606 7.682 4.184 8.907 8.893 6.473 3.062 6.755 4.237 6.783 6.511 6.151 8.011 3.221 0.978 5.631 6.038 5.960 3.701 4.814 8.260 5.233 1.659 6.748 9.883 7.634 9.366 4.297 1.594 
6.124 6.351 7.009 5.623 2.703 2.658 5.091 7.395 2.097 8.920 3.732 3.407 9.813 7.862 4.262 3.698 1.838 5.075 9.163 8.807 3.605 6.143 3.107 0.120 4.751 7.015 7.165 7.702 3.659 4.385 3.242 8.593 8.499 8.723 2.777 4.400 0.415 2.438 4.829 9.114 
4.559 4.559 5.589 3.966 1.489 3.888 3.191 5.261 1.872 7.674 2.355 3.188 8.262 5.808 4.522 4.184 1.442 2.755 7.493 6.703 2.797 4.828 1.893 2.377 2.465 4.730 5.466 6.051 2.876 2.243 0.931 7.417 6.586 6.540 2.093 5.156 2.032 3.923 3.193 6.890 
1.588 1.618 0.940 8.277 7.381 6.918 2.968 2.650 7.965 2.060 7.765 4.838 2.163 2.157 5.327 5.746 7.541 4.813 1.456 2.778 4.237 1.752 4.607 7.820 5.644 6.029 0.690 0.168 8.609 6.344 5.450 2.064 1.572 7.853 4.975 6.365 7.658 7.311 7.877 7.739 
5.003 5.263 5.875 5.596 2.759 2.212 4.048 6.414 2.507 7.787 3.800 2.345 8.681 6.838 3.375 2.879 2.088 4.354 8.042 7.800 2.472 5.008 1.999 1.251 4.198 6.448 6.054 6.583 4.000 4.005 2.555 7.463 7.424 8.299 1.641 3.732 1.203 2.183 4.800 8.637 
4.066 4.489 4.794 6.529 3.905 1.650 3.513 5.943 3.836 6.568 4.884 0.956 7.599 6.238 2.021 1.620 3.387 4.528 7.049 7.223 1.365 3.908 1.471 2.572 4.637 6.745 5.153 5.623 5.243 4.672 3.006 6.221 6.646 8.735 0.861 2.590 2.601 1.908 5.761 8.997 
5.313 4.995 6.387 1.960 1.708 6.044 3.733 4.894 2.616 8.496 1.320 5.119 8.695 5.584 6.504 6.244 2.535 1.923 7.813 6.282 4.523 5.827 3.611 4.217 1.094 2.995 5.921 6.511 2.251 0.324 1.735 8.326 6.581 4.527 4.027 7.239 3.821 6.073 1.326 4.940 
2.424 2.668 3.372 5.701 3.768 3.569 1.573 4.005 4.143 5.408 4.476 1.734 6.140 4.330 3.053 3.023 3.687 2.924 5.459 5.311 0.915 2.558 0.603 3.815 3.306 5.126 3.457 3.997 5.136 3.629 2.052 5.133 4.836 7.186 1.111 4.009 3.647 3.849 5.039 7.374 
4.408 3.984 5.459 2.717 2.743 6.260 2.857 3.694 3.637 7.530 2.535 4.948 7.602 4.395 6.330 6.182 3.446 0.763 6.701 5.070 4.219 5.007 3.403 4.909 0.134 2.156 4.882 5.459 3.466 0.894 1.759 7.396 5.414 4.040 3.939 7.193 4.536 6.373 2.331 4.345 
2.150 3.865 5.866 6.960 3.450 8.270 3.750 6.136 5.691 4.470 5.803 5.657 6.544 6.181 4.242 1.580 4.795 7.244 4.576 1.500 2.174 3.893 4.566 7.698 5.494 6.891 1.674 2.991 1.884 7.117 3.415 3.224 1.685 3.476 6.095 2.779 3.942 3.729 6.019 6.399 
1.402 3.345 6.050 6.823 3.747 8.244 2.995 6.582 6.145 3.748 5.888 4.943 6.126 6.487 4.918 0.820 4.355 7.202 5.246 1.505 2.291 4.503 4.573 6.952 5.354 6.180 2.421 3.322 1.201 6.424 3.855 3.385 2.390 3.431 5.697 3.346 4.459 4.269 5.685 6.221 
2.877 3.658 6.786 8.023 4.324 9.295 4.395 6.789 6.341 5.235 6.786 6.438 7.600 6.996 4.488 2.209 5.840 8.279 4.832 0.928 3.196 4.323 3.648 8.363 6.561 7.673 1.836 3.851 2.219 7.938 4.145 4.197 2.054 4.529 7.156 3.356 4.545 4.301 7.093 7.470 
5.812 8.502 5.202 2.708 5.732 4.262 5.358 7.510 7.362 4.481 4.414 4.101 0.573 6.302 8.645 6.392 2.347 3.647 8.777 8.161 5.467 7.844 11.015 5.455 2.802 4.148 7.884 5.925 6.871 3.810 6.505 5.151 7.553 4.271 1.027 7.109 7.141 7.237 1.311 2.315 
5.511 8.544 2.279 1.076 3.338 2.535 5.887 4.602 4.484 5.410 1.492 5.679 2.673 3.379 6.119 5.852 2.728 1.497 6.187 7.273 3.786 5.323 10.361 7.621 0.480 6.268 6.070 3.684 6.455 6.080 4.067 2.988 5.697 2.429 2.361 4.866 4.565 4.719 1.803 0.725 
6.832 9.322 2.892 5.720 2.643 5.790 8.148 0.945 0.635 8.300 3.593 9.147 7.426 2.068 2.116 6.644 6.539 5.220 1.921 6.863 4.083 1.789 9.571 11.368 5.001 10.146 4.243 2.869 7.175 10.130 2.184 3.335 3.986 4.155 7.003 2.708 1.537 1.752 6.526 5.682 
1.707 4.500 4.759 5.457 2.627 6.867 3.095 5.579 5.166 3.503 4.541 4.593 4.978 5.299 4.514 1.657 3.249 5.825 4.803 2.859 1.084 3.920 5.947 6.774 3.987 5.785 2.586 2.279 2.267 5.939 2.945 2.131 2.356 2.058 4.524 2.748 3.657 3.530 4.440 4.868 
0.736 2.409 7.024 7.059 5.052 8.685 1.299 8.011 7.598 2.261 6.670 3.437 5.651 7.672 6.706 1.039 3.965 7.644 7.023 2.552 3.512 6.217 4.890 5.237 5.673 4.648 4.277 4.711 0.952 4.966 5.362 4.507 4.225 4.172 5.309 5.035 6.050 5.898 5.481 6.390 
6.268 9.306 1.747 1.113 3.492 1.841 6.746 4.105 4.068 6.305 1.037 6.589 3.466 2.796 6.044 6.554 3.636 0.825 6.061 7.861 4.265 5.275 10.961 8.518 1.357 7.163 6.385 3.906 7.168 6.962 4.137 3.318 6.007 2.979 3.206 5.019 4.503 4.698 2.644 1.315 
4.673 4.038 8.743 10.135 6.270 11.365 5.975 8.402 7.962 6.931 8.815 8.117 9.673 8.818 5.662 4.003 7.903 10.361 5.986 2.171 5.288 5.764 2.192 9.814 8.676 9.326 3.409 5.798 3.741 9.645 5.950 6.240 3.752 6.636 9.239 5.055 6.184 5.919 9.198 9.589 
5.632 8.603 3.319 1.024 4.224 2.780 5.714 5.653 5.535 5.078 2.531 5.134 1.732 4.417 7.078 6.072 2.370 1.922 7.167 7.652 4.390 6.276 10.690 6.910 1.086 5.555 6.776 4.515 6.644 5.312 4.981 3.770 6.413 3.039 1.531 5.716 5.532 5.668 0.995 0.432 
4.843 7.228 3.350 5.620 1.328 6.303 6.263 2.806 2.358 6.559 3.706 7.532 6.578 3.187 1.606 4.592 5.296 5.456 1.796 4.779 2.234 0.833 7.579 9.761 4.456 8.634 2.259 1.186 5.101 8.692 0.562 1.933 1.951 2.857 6.110 0.628 0.566 0.362 5.745 5.334 
4.466 2.822 9.576 10.576 7.126 11.968 5.424 9.561 9.114 6.441 9.528 7.558 9.704 9.808 7.024 3.883 7.942 10.933 7.359 2.268 5.895 7.006 0.841 8.987 9.107 8.701 4.528 6.655 3.413 9.072 6.953 6.948 4.811 7.152 9.309 6.135 7.314 7.061 9.365 9.973 
1.269 1.772 7.511 7.715 5.405 9.312 1.910 8.327 7.901 2.918 7.209 4.060 6.374 8.091 6.767 1.157 4.677 8.266 7.096 2.076 3.869 6.351 4.174 5.714 6.307 5.241 4.211 5.025 0.659 5.586 5.626 4.920 4.223 4.693 6.027 5.186 6.270 6.094 6.185 7.054 
5.900 7.938 4.329 6.860 2.700 7.342 7.411 2.969 2.584 7.805 4.834 8.827 7.962 3.844 0.215 5.537 6.683 6.587 0.480 5.296 3.518 0.593 7.742 11.046 5.785 9.957 2.567 2.572 5.965 10.035 1.928 3.324 2.433 4.248 7.496 1.591 1.354 1.203 7.121 6.633 
6.076 8.289 3.798 6.421 2.458 6.807 7.531 2.347 1.962 7.848 4.352 8.820 7.692 3.248 0.739 5.773 6.516 6.091 0.680 5.705 3.523 0.538 8.264 11.049 5.427 9.914 2.998 2.440 6.242 9.963 1.721 3.137 2.803 4.058 7.235 1.715 1.002 0.975 6.828 6.240 
5.921 8.955 1.436 1.484 3.023 2.278 6.484 3.794 3.719 6.102 0.659 6.466 3.558 2.527 5.601 6.178 3.494 1.288 5.628 7.438 3.825 4.826 10.539 8.460 1.219 7.112 5.920 3.438 6.794 6.940 3.673 2.859 5.542 2.568 3.246 4.551 4.055 4.244 2.689 1.500 
2.441 5.382 4.642 4.106 3.530 5.782 2.628 6.282 5.956 2.315 4.096 3.008 2.893 5.537 6.182 2.958 1.119 4.759 6.412 4.697 2.497 5.455 7.608 5.226 2.788 4.028 4.715 3.457 3.485 4.068 4.187 2.823 4.437 2.003 2.475 4.421 4.943 4.922 2.544 3.429 
3.543 2.099 8.900 9.746 6.488 11.184 4.491 9.071 8.623 5.506 8.798 6.630 8.789 9.210 6.730 2.981 7.033 10.142 7.072 1.539 5.166 6.610 1.670 8.113 8.281 7.784 4.115 6.025 2.485 8.149 6.396 6.244 4.346 6.369 8.401 5.641 6.831 6.590 8.473 9.129 
2.150 1.065 8.446 8.482 6.384 10.124 2.122 9.312 8.887 3.121 8.112 4.114 6.917 9.056 7.717 2.142 5.307 9.085 8.049 2.726 4.844 7.323 4.051 5.427 7.112 5.190 5.122 6.008 1.619 5.587 6.613 5.883 5.162 5.606 6.613 6.163 7.255 7.077 6.835 7.808 
4.010 6.493 3.441 5.330 1.009 6.235 5.415 3.441 3.000 5.718 3.619 6.706 5.977 3.545 2.345 3.792 4.583 5.308 2.583 4.166 1.396 1.642 7.098 8.932 4.038 7.824 1.953 0.601 4.325 7.897 0.714 1.346 1.583 2.214 5.502 0.629 1.338 1.200 5.186 4.956 
2.901 4.344 5.934 7.313 3.463 8.514 4.499 5.907 5.459 5.219 5.970 6.403 7.120 6.115 3.715 2.316 5.399 7.512 4.057 1.706 2.454 3.480 4.528 8.449 5.868 7.635 1.052 2.989 2.550 7.855 3.260 3.389 1.198 3.816 6.660 2.476 3.666 3.425 6.539 6.792 
3.809 6.570 2.851 4.441 0.511 5.453 5.037 3.477 3.077 5.188 2.871 6.084 5.069 3.220 3.151 3.751 3.748 4.486 3.341 4.518 1.034 2.379 7.567 8.315 3.117 7.146 2.723 0.366 4.341 7.181 1.069 0.417 2.345 1.316 4.596 1.550 1.824 1.814 4.265 4.040 
6.753 9.685 0.490 3.154 2.799 3.039 7.640 2.096 2.144 7.446 1.212 7.987 5.359 0.755 4.538 6.840 5.050 2.511 4.468 7.733 4.164 3.872 10.765 10.080 2.930 8.753 5.656 3.271 7.453 8.622 3.118 3.070 5.295 3.329 5.021 4.053 3.151 3.403 4.474 3.307 
3.293 6.207 4.302 3.345 3.679 5.063 3.322 6.187 5.906 2.802 3.661 3.198 2.088 5.288 6.499 3.809 0.400 4.069 6.694 5.528 2.966 5.731 8.459 5.317 2.146 4.022 5.323 3.715 4.338 3.963 4.406 2.989 5.016 2.071 1.648 4.800 5.137 5.159 1.691 2.660 
3.421 5.533 6.564 5.178 5.751 6.934 2.361 8.423 8.122 1.357 5.901 0.984 2.821 7.555 8.384 4.097 2.009 6.037 8.623 5.919 4.669 7.670 8.369 3.054 4.283 1.804 6.681 5.681 4.379 1.860 6.412 5.043 6.455 4.189 2.715 6.607 7.169 7.145 3.172 4.525 
1.986 2.828 6.887 7.757 4.509 9.163 3.424 7.224 6.779 4.311 6.769 5.512 7.018 7.249 5.229 1.309 5.244 8.123 5.569 0.574 3.140 4.941 3.642 7.379 6.288 6.742 2.574 4.058 1.209 7.029 4.503 4.224 2.680 4.346 6.598 3.853 5.025 4.807 6.606 7.157 
2.469 2.614 7.437 8.354 5.031 9.752 3.787 7.671 7.224 4.725 7.341 5.916 7.589 7.760 5.510 1.810 5.815 8.714 5.853 0.118 3.706 5.295 3.050 7.690 6.884 7.134 2.843 4.571 1.539 7.443 4.970 4.781 3.013 4.934 7.174 4.261 5.447 5.216 7.193 7.754 
6.541 9.525 3.309 0.453 4.722 1.957 6.643 5.670 5.625 5.994 2.569 5.991 2.389 4.357 7.463 6.962 3.296 1.319 7.512 8.497 5.117 6.673 11.557 7.665 1.698 6.319 7.443 5.071 7.543 6.039 5.442 4.370 7.071 3.752 2.323 6.253 5.908 6.076 1.851 0.778 
4.055 6.981 3.932 2.605 3.784 4.346 4.071 6.003 5.769 3.478 3.221 3.700 1.550 4.981 6.683 4.548 0.758 3.380 6.846 6.228 3.376 5.893 9.197 5.693 1.560 4.354 5.792 3.914 5.092 4.216 4.548 3.147 5.461 2.234 1.074 5.072 5.235 5.297 0.951 1.921 
3.693 6.728 2.814 2.982 2.096 4.404 4.364 4.529 4.240 4.149 2.323 4.775 3.193 3.707 4.996 3.965 2.027 3.357 5.157 5.342 1.934 4.204 8.431 6.949 1.515 5.677 4.330 2.240 4.578 5.631 2.859 1.467 3.973 0.597 2.721 3.420 3.551 3.608 2.396 2.427 
4.643 4.277 8.428 9.901 5.960 11.093 6.014 8.027 7.589 6.945 8.526 8.140 9.538 8.473 5.262 3.965 7.776 10.098 5.583 2.166 5.043 5.380 2.601 9.901 8.451 9.359 3.064 5.491 3.765 9.664 5.611 5.963 3.417 6.402 9.096 4.705 5.819 5.553 9.032 9.370 
2.224 1.236 8.181 8.646 5.917 10.188 2.976 8.735 8.295 3.995 7.960 5.109 7.438 8.654 6.821 1.825 5.717 9.139 7.162 1.543 4.438 6.524 3.079 6.625 7.208 6.262 4.162 5.492 1.216 6.626 6.005 5.528 4.272 5.452 7.077 5.417 6.572 6.364 7.206 7.999 
5.311 6.815 8.271 6.358 7.754 8.030 3.933 10.297 10.028 2.970 7.543 1.782 3.690 9.320 10.445 5.985 3.778 7.290 10.678 7.750 6.738 9.721 9.878 1.675 5.835 0.676 8.739 7.718 6.157 0.252 8.442 7.049 8.522 6.162 3.852 8.675 9.193 9.183 4.409 5.799 
4.384 7.075 2.595 4.572 0.224 5.399 5.643 2.899 2.487 5.798 2.781 6.683 5.484 2.779 2.693 4.283 4.268 4.490 2.846 4.895 1.604 1.895 7.887 8.913 3.360 7.731 2.802 0.420 4.859 7.755 0.551 0.894 2.431 1.810 5.019 1.335 1.258 1.297 4.644 4.250 
6.964 9.002 4.573 7.303 3.466 7.541 8.458 2.696 2.430 8.816 5.197 9.808 8.683 3.851 0.946 6.611 7.527 6.901 0.605 6.339 4.499 1.462 8.667 12.035 6.382 10.913 3.614 3.446 7.041 10.968 2.731 4.148 3.502 5.069 8.229 2.619 2.006 1.982 7.812 7.166 
6.481 9.442 0.207 2.798 2.681 2.849 7.318 2.423 2.419 7.094 0.813 7.613 4.961 1.111 4.672 6.600 4.667 2.216 4.629 7.567 3.960 3.968 10.623 9.695 2.531 8.365 5.597 3.155 7.216 8.229 3.092 2.867 5.229 3.035 4.623 4.031 3.221 3.460 4.075 2.921 
7.126 9.678 2.726 5.582 2.866 5.532 8.400 0.536 0.410 8.506 3.468 9.314 7.423 1.794 2.548 6.968 6.633 5.024 2.340 7.253 4.357 2.221 9.991 11.525 4.970 10.281 4.658 3.143 7.512 10.245 2.497 3.535 4.390 4.304 7.013 3.095 1.910 2.142 6.519 5.596 
5.519 8.350 4.406 2.022 4.992 3.687 5.287 6.710 6.564 4.508 3.618 4.340 0.659 5.506 7.900 6.051 2.020 2.963 8.021 7.762 4.847 7.097 10.700 5.936 2.006 4.593 7.272 5.212 6.572 4.309 5.765 4.440 6.928 3.590 0.706 6.406 6.382 6.488 0.615 1.548 
5.260 6.516 8.661 6.853 8.005 8.544 3.790 10.628 10.343 2.899 7.950 1.703 4.199 9.694 10.627 5.923 4.119 7.778 10.871 7.639 6.907 9.921 9.622 1.108 6.256 0.473 8.803 7.938 6.039 0.548 8.669 7.297 8.607 6.433 4.327 8.845 9.426 9.400 4.878 6.276 
