25 50 100
70 101 112 111 106 74 52 114 82 120 96 104 27 29 124 46 128 106 54 31 58 31 33 109 93 
146 160 129 153 214 63 37 208 216 37 59 26 212 44 127 185 31 167 165 50 56 93 82 92 20 218 122 20 111 169 212 96 109 171 55 204 137 67 189 75 185 125 33 208 206 144 201 63 41 92 
18 31 8 31 8 34 15 11 23 7 35 12 17 19 35 25 6 19 16 26 26 17 33 5 18 8 21 23 5 9 14 15 31 18 28 25 20 29 29 8 34 15 10 18 15 21 19 29 33 14 27 26 28 21 29 5 24 16 20 10 31 6 19 14 29 18 28 28 26 30 8 12 25 10 32 31 27 18 5 33 15 14 15 23 12 27 21 27 30 6 13 21 18 12 30 33 9 21 12 18 
1068.097 1214.767 1040.456 1138.651 1412.627 753.053 574.677 1372.955 1401.153 567.869 706.763 486.757 1295.558 602.020 1087.409 1264.473 539.092 1234.573 1212.634 622.913 732.388 866.391 904.257 880.129 460.870 1391.623 1027.039 482.570 1007.117 1226.442 1397.573 962.924 999.864 1180.841 668.432 1300.696 1153.112 809.707 1311.167 861.151 1332.790 1020.195 595.630 1317.290 1334.970 1114.464 1321.175 768.316 574.598 881.493 
8.086 2.779 5.938 7.210 8.854 7.057 5.141 10.480 8.320 8.737 7.373 7.943 5.642 7.534 6.779 0.957 2.309 1.046 8.026 6.588 2.092 5.850 0.930 1.889 9.680 3.737 8.237 6.773 4.127 6.900 9.066 8.672 3.765 5.759 8.850 8.778 4.048 7.210 4.777 10.306 4.824 6.586 6.811 9.594 7.347 5.783 9.099 9.068 8.306 10.163 
1.878 8.127 2.613 8.443 7.310 10.049 3.645 6.405 10.169 8.914 3.075 3.050 7.039 7.894 5.957 7.110 7.655 7.007 9.394 5.572 6.237 3.341 7.125 6.171 2.462 8.817 3.708 4.338 6.567 6.546 11.177 1.756 5.103 2.940 8.476 6.859 4.331 3.587 3.755 4.199 5.585 2.851 5.098 4.658 0.705 2.269 10.046 6.918 0.601 3.341 
1.449 8.146 5.250 6.685 4.756 8.601 6.129 3.252 8.274 6.649 1.752 6.240 5.855 5.939 4.240 8.302 7.879 8.177 7.467 3.984 7.808 6.101 8.291 7.458 1.481 8.493 1.249 2.872 6.136 4.766 9.223 1.462 5.411 5.574 6.098 4.272 6.357 2.080 6.050 1.259 5.004 2.515 3.435 1.495 3.281 4.074 7.855 4.229 2.618 1.248 
5.387 5.814 1.900 8.553 8.870 9.383 0.884 9.314 10.155 9.697 5.463 3.586 6.750 8.423 6.791 3.445 5.185 3.395 9.562 6.419 2.279 1.517 3.491 2.648 6.720 6.809 6.471 5.764 5.429 7.233 11.113 5.757 3.744 1.611 9.518 8.572 0.678 5.637 0.741 8.017 5.149 4.614 6.275 7.857 3.901 2.700 10.523 8.778 4.943 7.465 
0.817 8.337 4.225 7.614 5.982 9.427 5.193 4.650 9.278 7.784 2.139 4.916 6.519 6.938 5.092 7.983 7.976 7.865 8.476 4.765 7.312 5.040 7.983 7.080 0.829 8.840 2.284 3.521 6.475 5.663 10.258 0.185 5.392 4.559 7.271 5.505 5.627 2.654 5.195 2.325 5.367 2.499 4.224 2.894 2.133 3.314 8.972 5.501 1.276 1.543 
3.349 5.679 1.235 7.261 7.099 8.454 1.576 7.283 8.959 8.188 3.412 3.484 5.547 6.965 5.154 4.305 5.131 4.204 8.278 4.756 3.441 1.912 4.322 3.365 4.774 6.515 4.415 3.891 4.562 5.669 9.959 3.778 2.835 1.373 7.918 6.753 1.670 3.634 1.377 5.958 3.896 2.585 4.502 5.789 2.126 0.650 9.144 6.928 3.139 5.461 
7.915 2.461 8.276 2.579 5.172 1.819 8.080 7.710 3.150 4.118 6.575 10.553 2.268 3.297 4.000 5.395 2.998 5.323 3.050 4.161 6.233 8.727 5.329 5.535 9.345 1.586 6.877 5.252 2.515 3.640 3.830 8.568 4.246 8.315 4.483 5.368 7.120 6.100 7.660 8.935 3.426 6.295 4.695 7.730 8.389 7.170 4.082 5.666 8.911 9.357 
2.769 9.060 6.574 6.950 4.613 8.944 7.459 2.420 8.394 6.604 2.886 7.454 6.446 6.134 4.717 9.488 8.859 9.361 7.599 4.559 9.060 7.423 9.472 8.674 2.210 9.292 2.034 3.678 6.991 5.154 9.278 2.654 6.503 6.900 6.003 4.145 7.671 3.054 7.378 0.344 5.882 3.727 4.049 1.038 4.574 5.400 7.809 4.010 3.812 1.402 
7.172 2.622 5.116 6.739 8.173 6.830 4.381 9.670 7.987 8.217 6.479 7.195 5.071 6.977 6.056 0.374 2.028 0.326 7.616 5.835 1.473 5.101 0.307 1.054 8.766 3.657 7.359 5.932 3.518 6.229 8.798 7.758 2.909 4.960 8.277 8.064 3.268 6.333 3.996 9.411 4.076 5.683 6.019 8.728 6.450 4.884 8.682 8.346 7.401 9.253 
1.361 7.049 2.445 7.330 6.362 8.907 3.365 5.801 9.060 7.873 2.129 3.694 5.895 6.811 4.871 6.275 6.603 6.163 8.294 4.478 5.519 3.293 6.282 5.349 2.659 7.704 2.944 3.272 5.432 5.457 10.071 1.675 4.022 2.773 7.463 5.931 3.776 2.594 3.344 4.000 4.438 1.742 4.028 4.124 0.649 1.476 8.981 6.023 1.154 3.381 
6.161 2.455 4.482 5.979 7.199 6.338 3.913 8.609 7.359 7.392 5.417 6.684 4.233 6.125 5.058 1.280 1.822 1.154 6.910 4.815 1.667 4.630 1.245 0.955 7.764 3.468 6.288 4.861 2.681 5.274 8.232 6.763 1.838 4.384 7.399 7.064 2.815 5.261 3.496 8.350 3.073 4.634 4.970 7.654 5.574 4.015 7.958 7.340 6.482 8.220 
2.239 6.108 1.859 6.932 6.383 8.342 2.572 6.287 8.662 7.676 2.414 3.718 5.345 6.519 4.615 5.194 5.627 5.083 7.931 4.210 4.446 2.702 5.202 4.267 3.701 6.830 3.392 3.158 4.650 5.175 9.673 2.694 3.095 2.135 7.337 5.997 2.778 2.723 2.453 4.848 3.768 1.673 3.856 4.731 1.331 0.473 8.713 6.140 2.206 4.358 
4.001 8.624 1.902 9.930 9.203 11.304 2.704 8.552 11.660 10.631 4.984 0.870 8.326 9.502 7.581 6.854 8.056 6.779 10.928 7.177 5.765 2.060 6.888 5.952 4.564 9.480 5.767 6.046 7.492 8.152 12.671 3.938 5.792 2.050 10.257 8.780 3.762 5.436 3.035 6.370 6.716 4.494 6.782 6.818 2.220 2.856 11.694 8.877 2.776 5.467 
2.411 9.138 6.197 7.304 5.076 9.277 7.116 2.996 8.799 7.052 2.804 6.957 6.673 6.507 4.979 9.378 8.898 9.253 7.999 4.780 8.883 7.035 9.367 8.536 1.643 9.431 2.105 3.786 7.096 5.454 9.705 2.191 6.465 6.527 6.462 4.600 7.401 3.068 7.063 0.279 5.971 3.591 4.248 1.479 4.151 5.099 8.261 4.487 3.327 0.819 
3.908 7.319 7.140 4.374 1.926 6.390 7.770 1.391 5.725 3.914 2.897 8.678 4.265 3.529 2.548 8.525 7.282 8.398 4.940 2.589 8.434 7.983 8.492 7.885 4.389 7.306 2.072 2.477 5.248 2.796 6.592 4.246 5.426 7.414 3.315 1.455 7.588 2.568 7.548 3.010 4.305 3.625 2.291 1.673 5.609 5.702 5.119 1.339 5.287 3.876 
2.899 4.818 2.795 5.706 5.543 7.016 3.105 6.012 7.420 6.596 2.314 4.936 4.044 5.379 3.562 4.363 4.380 4.240 6.719 3.166 3.882 3.505 4.356 3.508 4.503 5.491 3.293 2.389 3.285 4.076 8.427 3.508 1.791 2.964 6.326 5.220 2.779 2.345 2.811 5.192 2.428 1.454 2.938 4.711 2.656 1.436 7.563 5.413 3.376 4.971 
2.439 5.201 4.088 4.762 4.115 6.373 4.563 4.528 6.493 5.388 1.217 6.004 3.379 4.268 2.337 5.521 4.919 5.393 5.732 1.935 5.240 4.879 5.500 4.763 3.944 5.623 1.994 0.894 3.252 2.913 7.504 3.097 2.492 4.315 5.038 3.757 4.295 0.966 4.301 4.099 2.133 0.845 1.556 3.369 3.189 2.619 6.454 3.931 3.485 4.152 
6.206 2.329 6.682 2.445 4.296 3.020 6.592 6.503 3.825 3.944 4.889 8.938 0.943 2.754 2.600 4.640 2.534 4.539 3.352 2.652 5.215 7.200 4.581 4.502 7.665 2.161 5.274 3.610 0.960 2.431 4.744 6.862 2.696 6.751 4.074 4.351 5.720 4.435 6.185 7.387 1.702 4.573 3.141 6.255 6.673 5.501 4.405 4.657 7.185 7.728 
6.487 2.791 4.475 6.524 7.753 6.820 3.796 9.116 7.879 7.947 5.830 6.603 4.787 6.682 5.607 0.778 2.156 0.650 7.447 5.356 1.186 4.518 0.759 0.524 8.078 3.828 6.729 5.352 3.233 5.832 8.738 7.068 2.338 4.337 7.958 7.612 2.678 5.707 3.395 8.758 3.623 5.020 5.495 8.112 5.757 4.192 8.499 7.886 6.706 8.577 
7.990 3.872 8.990 1.473 4.234 0.721 8.943 6.943 1.688 2.817 6.585 11.221 2.293 2.322 3.679 6.710 4.353 6.626 1.625 3.964 7.444 9.540 6.646 6.732 9.274 3.055 6.670 5.199 3.314 3.167 2.461 8.614 5.046 9.077 3.281 4.531 8.075 6.065 8.538 8.568 3.880 6.498 4.514 7.279 8.769 7.740 2.622 4.804 9.137 9.143 
6.372 5.391 8.389 1.094 1.678 3.058 8.639 4.426 2.355 1.003 4.980 10.421 2.249 0.353 2.092 7.643 5.640 7.532 1.553 2.496 8.035 9.100 7.590 7.346 7.385 4.943 4.737 3.677 3.802 1.531 3.293 6.917 5.051 8.563 0.969 2.021 8.023 4.448 8.290 6.347 3.584 5.212 2.918 5.011 7.586 6.961 2.036 2.271 7.683 7.077 
2.902 8.352 6.607 6.016 3.666 8.017 7.410 1.717 7.444 5.654 2.538 7.757 5.599 5.194 3.852 9.023 8.198 8.895 6.651 3.733 8.702 7.467 9.002 8.258 2.852 8.514 1.545 3.003 6.263 4.256 8.327 3.003 5.964 6.918 5.056 3.196 7.483 2.543 7.276 1.269 5.184 3.411 3.254 0.136 4.747 5.306 6.860 3.068 4.154 2.199 
3.173 7.828 1.358 8.965 8.251 10.363 2.362 7.707 10.696 9.661 4.051 1.767 7.375 8.532 6.611 6.291 7.283 6.204 9.961 6.207 5.276 1.909 6.318 5.362 3.979 8.647 4.875 5.081 6.592 7.181 11.707 3.217 4.925 1.631 9.291 7.832 3.270 4.488 2.587 5.673 5.778 3.530 5.814 5.997 1.333 1.934 10.724 7.938 2.107 4.852 
8.845 5.612 10.370 1.935 4.097 1.477 10.428 6.843 0.228 2.158 7.432 12.537 3.597 2.566 4.441 8.438 6.093 8.352 1.032 4.811 9.135 10.984 8.375 8.421 9.942 4.764 7.289 6.067 4.903 3.855 0.823 9.421 6.565 10.490 2.781 4.520 9.629 6.896 10.037 8.924 5.251 7.528 5.316 7.585 9.884 9.033 1.267 4.722 10.104 9.657 
2.964 6.971 0.879 8.202 7.656 9.547 1.890 7.366 9.928 8.970 3.565 2.429 6.574 7.808 5.909 5.528 6.430 5.434 9.207 5.504 4.567 1.698 5.551 4.591 4.083 7.786 4.478 4.441 5.744 6.467 10.937 3.184 4.067 1.213 8.630 7.259 2.602 3.942 1.995 5.587 4.959 2.921 5.147 5.717 1.226 1.099 10.003 7.389 2.247 4.891 
7.880 5.324 5.127 3.769 4.222 4.528 7.432 5.071 3.280 4.456 6.414 1.997 8.057 3.111 4.516 3.067 1.316 5.567 9.062 3.088 4.414 7.901 3.210 5.507 4.148 2.208 4.287 1.465 3.274 4.546 6.096 6.880 1.857 4.333 8.201 6.204 4.795 6.167 0.513 9.130 5.822 5.518 3.077 2.948 1.885 3.948 8.360 1.999 6.590 6.605 5.808 1.792 1.345 4.019 2.070 8.345 8.783 2.857 6.640 4.344 3.800 5.781 8.395 4.140 4.366 5.046 2.898 4.402 4.309 2.455 2.784 2.078 7.622 5.245 0.939 4.929 4.223 4.003 5.488 6.451 3.620 4.492 2.605 4.867 2.806 7.621 3.733 4.707 5.195 7.332 8.114 2.961 2.639 8.614 7.172 2.908 2.296 2.366 3.442 5.002 
0.391 3.578 5.888 4.161 9.560 9.866 1.630 3.018 6.702 3.576 3.349 5.525 4.136 6.895 6.426 7.636 8.320 6.584 5.761 8.459 7.220 4.106 4.356 7.666 9.098 8.828 4.400 6.169 7.233 10.135 5.212 1.744 6.069 6.819 3.386 2.051 3.985 1.439 8.020 2.814 4.098 4.710 8.793 5.693 8.755 7.160 3.306 7.982 1.147 4.549 6.215 8.912 8.636 5.146 9.032 3.707 4.570 5.967 4.045 5.217 4.394 5.629 5.276 5.606 8.425 4.092 6.035 6.248 7.739 9.351 6.610 9.089 4.529 3.414 7.606 7.079 9.523 7.569 4.399 1.611 7.190 9.789 8.795 8.386 7.299 1.502 9.511 2.973 4.154 3.847 2.864 8.396 5.050 6.383 2.825 7.234 6.358 9.404 4.727 3.875 
7.145 6.514 7.566 2.850 7.992 8.308 7.495 5.791 0.528 5.441 7.456 3.365 9.159 6.277 7.286 6.542 3.344 8.234 10.585 6.794 7.529 9.029 3.354 8.592 7.855 6.012 5.934 3.932 0.753 8.346 8.080 5.352 4.449 7.299 8.921 6.499 2.795 5.895 3.948 7.142 3.219 7.340 2.477 1.512 5.674 0.415 8.997 2.373 6.327 3.638 8.280 5.520 5.043 6.157 3.591 9.172 9.872 1.332 3.917 1.590 5.326 2.356 9.904 6.546 1.673 6.544 1.237 0.802 1.031 6.203 1.037 5.819 9.005 3.396 4.675 1.132 7.989 7.313 7.151 6.497 6.845 8.267 2.797 8.296 1.180 6.089 7.530 3.972 6.734 4.668 8.613 2.086 4.252 10.523 5.013 1.052 1.630 6.072 2.295 2.941 
4.604 1.982 2.367 5.759 6.698 6.917 3.044 2.798 8.155 3.048 1.311 5.513 1.373 4.512 3.210 5.180 8.188 2.693 2.155 6.025 3.977 1.227 5.134 3.840 6.165 7.024 2.715 5.547 8.579 7.261 1.142 5.796 5.084 3.658 2.048 2.764 6.531 3.745 7.414 7.393 7.320 1.436 9.522 6.994 7.158 8.882 2.274 8.422 3.652 8.107 2.200 7.465 7.434 2.936 8.976 1.958 1.981 7.221 7.703 7.457 3.299 8.598 1.472 2.968 9.991 1.991 7.318 8.395 9.493 7.584 7.791 7.495 0.723 6.267 6.445 9.318 6.650 4.557 1.457 3.130 4.431 6.837 9.243 4.954 8.377 5.955 6.924 4.984 1.810 7.845 2.395 9.224 4.547 2.097 6.914 8.382 7.245 7.743 6.237 6.572 
6.769 3.072 0.781 6.002 4.045 4.230 5.375 3.837 7.751 3.577 3.436 4.845 4.120 2.464 0.994 2.895 6.825 0.078 4.275 3.619 1.403 3.982 5.124 1.101 3.515 4.844 2.665 4.454 8.046 4.584 1.644 7.335 3.902 1.253 4.791 4.572 7.092 5.385 5.885 9.336 8.114 1.918 8.498 6.722 5.078 8.532 5.017 7.366 5.505 9.000 0.571 5.432 5.546 2.128 7.555 4.719 4.638 6.870 8.710 7.647 3.138 9.053 3.762 1.668 9.415 2.594 6.965 8.372 9.086 5.362 7.285 5.375 3.413 7.063 4.749 9.228 3.996 2.027 2.224 5.011 2.110 4.151 8.086 2.207 7.711 7.731 4.364 5.747 2.492 9.068 5.074 8.293 3.963 3.458 8.307 7.758 6.667 5.561 6.282 7.209 
4.129 3.407 4.384 6.842 8.712 8.927 2.689 3.932 9.430 4.415 2.325 7.070 0.666 6.494 5.226 7.180 9.893 4.661 1.566 8.032 5.991 0.824 6.424 5.780 8.179 8.990 4.417 7.260 9.902 9.273 3.154 5.886 6.853 5.675 0.900 3.248 7.337 4.094 9.198 6.902 7.896 3.373 11.050 8.263 9.102 10.095 0.982 9.996 3.790 8.553 4.163 9.394 9.326 4.811 10.683 0.581 0.302 8.516 8.085 8.433 4.921 9.334 1.344 4.927 11.287 3.660 8.609 9.445 10.714 9.553 9.135 9.444 1.322 6.934 8.306 10.365 8.663 6.574 3.293 3.395 6.441 8.847 10.838 6.940 9.774 5.781 8.940 5.828 3.520 8.037 1.416 10.718 6.156 2.493 7.028 9.758 8.652 9.703 7.390 7.323 
6.692 6.629 7.961 2.849 8.822 9.146 7.249 5.831 1.491 5.583 7.480 3.919 9.134 6.917 7.781 7.261 4.359 8.669 10.638 7.596 8.113 9.015 3.578 9.142 8.646 6.912 6.208 4.605 1.786 9.207 8.333 4.765 5.078 7.848 8.800 6.371 2.356 5.646 4.901 6.351 2.443 7.579 3.467 1.994 6.591 1.219 8.851 3.405 6.051 2.701 8.660 6.462 5.989 6.542 4.627 9.072 9.823 1.944 3.042 1.179 5.620 1.339 9.971 6.977 2.314 6.740 1.874 0.308 1.592 7.142 1.938 6.759 9.062 2.900 5.528 0.772 8.815 7.961 7.357 6.298 7.481 9.099 3.822 8.965 2.214 5.459 8.390 3.787 6.929 3.776 8.442 3.091 4.693 10.686 4.252 2.086 2.428 7.024 2.410 2.441 
8.930 5.196 3.149 6.754 1.323 1.467 7.735 5.692 7.599 5.192 5.901 4.983 6.852 2.046 2.376 1.579 5.708 2.843 7.013 1.554 1.550 6.707 5.837 1.877 0.830 2.892 4.308 4.236 7.720 1.826 4.338 8.984 3.797 1.933 7.460 6.713 7.958 7.312 4.711 11.190 9.069 4.350 7.581 6.854 3.248 8.346 7.681 6.545 7.556 9.965 3.336 3.609 3.925 3.560 6.271 7.423 7.399 6.899 9.801 8.100 4.438 9.611 6.525 3.101 8.907 4.676 6.975 8.535 8.785 3.248 7.087 3.426 6.160 8.135 3.613 9.241 1.273 1.139 4.586 7.136 1.574 1.391 7.059 0.621 7.284 9.536 1.779 6.987 4.667 10.321 7.678 7.504 4.501 6.109 9.760 7.370 6.488 3.483 6.800 8.127 
5.468 3.679 3.759 7.424 7.916 8.089 3.927 4.435 9.871 4.754 2.798 7.246 1.422 6.022 4.591 6.623 9.894 3.795 0.435 7.425 5.249 1.456 6.843 4.797 7.386 8.536 4.445 7.260 10.303 8.447 2.580 7.031 6.782 5.003 2.256 4.117 8.112 5.073 9.093 8.284 8.814 3.112 11.254 8.707 8.707 10.589 2.415 10.151 4.863 9.550 3.321 9.032 9.041 4.609 10.679 1.962 1.248 8.938 9.112 9.101 5.033 10.166 0.301 4.560 11.713 3.724 9.035 10.064 11.203 9.084 9.515 9.033 1.207 7.791 8.085 10.989 7.866 5.867 3.179 4.388 5.842 8.012 10.970 6.034 10.107 7.038 8.230 6.562 3.544 9.159 2.788 10.957 6.279 0.975 8.177 10.110 8.975 9.260 7.923 8.133 
6.182 3.154 2.104 6.824 6.008 6.168 4.624 4.040 8.989 4.097 2.825 6.160 2.617 4.346 2.851 4.863 8.527 1.922 2.317 5.614 3.402 2.522 6.072 2.857 5.483 6.808 3.449 5.979 9.358 6.527 1.309 7.289 5.451 3.212 3.457 4.264 7.737 5.230 7.644 8.963 8.620 2.063 10.065 7.868 7.020 9.750 3.676 8.935 5.183 9.449 1.499 7.364 7.434 3.314 9.290 3.279 2.930 8.063 9.075 8.536 4.054 9.795 1.903 3.086 10.766 2.920 8.161 9.400 10.342 7.338 8.571 7.330 1.910 7.552 6.556 10.306 5.959 4.026 2.307 4.658 4.072 6.092 9.711 4.104 9.089 7.497 6.355 6.227 2.736 9.280 3.884 9.813 5.193 1.465 8.384 9.115 7.981 7.530 7.232 7.807 
6.754 3.934 3.786 3.169 3.974 4.308 6.151 3.758 3.755 3.129 5.020 1.214 6.646 2.035 3.260 2.299 2.686 4.297 7.649 2.714 3.328 6.489 2.369 4.419 3.726 2.507 2.878 0.377 3.940 4.438 4.699 6.030 0.442 3.161 6.815 4.920 4.346 5.009 1.903 8.318 5.452 4.105 4.253 2.981 2.366 4.520 6.981 3.121 5.407 6.316 4.487 2.496 2.234 2.611 3.465 6.948 7.370 3.021 6.241 4.273 2.418 5.786 6.980 2.770 5.242 3.635 3.098 4.657 5.008 2.980 3.248 2.688 6.205 4.668 1.189 5.377 3.958 3.057 4.071 5.206 2.599 4.251 3.863 4.035 3.549 6.727 3.647 3.828 3.782 6.861 6.752 4.047 1.373 7.227 6.516 3.615 2.634 3.005 3.057 4.540 
9.405 8.676 9.456 5.117 8.998 9.280 9.779 8.003 2.494 7.603 9.661 5.234 11.378 7.831 9.047 7.913 3.827 10.057 12.754 7.941 9.138 11.243 5.522 10.233 8.988 6.862 7.986 5.568 2.048 9.231 10.115 7.548 6.120 8.977 11.179 8.767 5.036 8.179 4.764 9.153 5.257 9.397 2.004 3.663 6.482 1.871 11.262 2.884 8.612 5.432 10.175 6.218 5.763 8.093 3.572 11.422 12.099 3.418 5.822 3.805 7.376 3.988 12.070 8.416 0.638 8.650 3.323 2.800 1.279 6.869 2.838 6.508 11.181 5.624 5.807 2.148 9.007 8.807 9.239 8.777 8.381 9.256 2.583 9.718 2.309 8.259 8.451 6.256 8.837 6.533 10.885 1.947 6.198 12.613 7.065 2.277 3.410 6.679 4.548 5.162 
3.420 0.466 2.632 3.994 6.613 6.892 2.134 1.004 6.486 1.403 0.692 4.059 2.418 4.045 3.247 4.795 6.909 3.316 3.810 5.664 4.068 2.276 3.455 4.410 6.111 6.369 1.573 4.301 6.939 7.196 2.016 4.159 3.944 3.673 2.440 1.222 4.722 2.113 6.267 6.013 5.517 1.444 8.039 5.316 6.410 7.184 2.601 6.983 2.165 6.319 2.955 6.660 6.522 2.196 7.698 2.597 3.151 5.559 5.929 5.673 1.964 6.789 3.137 2.541 8.339 0.943 5.654 6.634 7.801 6.931 6.161 6.758 2.230 4.460 5.471 7.559 6.571 4.503 1.131 1.660 4.198 6.811 7.826 5.217 6.785 4.448 6.681 3.174 0.937 6.120 2.388 7.709 3.163 3.907 5.233 6.775 5.657 7.045 4.500 4.762 
5.120 1.868 1.519 5.560 5.843 6.061 3.619 2.754 7.801 2.823 1.695 5.037 2.228 3.715 2.366 4.360 7.580 1.855 2.778 5.195 3.122 2.083 4.838 3.012 5.311 6.234 2.252 4.964 8.193 6.406 0.287 6.062 4.467 2.810 2.871 3.067 6.453 4.008 6.759 7.838 7.333 0.840 9.011 6.662 6.387 8.551 3.096 7.893 4.007 8.165 1.372 6.705 6.702 2.285 8.360 2.805 2.815 6.869 7.796 7.273 2.861 8.514 2.137 2.219 9.606 1.652 6.967 8.157 9.152 6.790 7.403 6.719 1.556 6.265 5.743 9.069 5.796 3.708 1.035 3.483 3.599 5.981 8.695 4.102 7.951 6.319 6.078 4.941 1.464 8.017 3.168 8.735 4.061 2.382 7.139 7.968 6.829 6.957 5.986 6.521 
5.011 1.308 1.395 3.902 4.870 5.156 3.870 1.806 5.930 1.430 2.231 3.110 3.706 2.293 1.665 3.042 5.667 2.163 4.659 3.912 2.433 3.547 3.073 3.027 4.376 4.681 0.501 3.035 6.297 5.453 1.788 5.258 2.557 2.032 4.011 2.797 4.949 3.427 4.886 7.364 5.954 1.118 7.071 4.819 4.759 6.694 4.204 5.953 3.644 6.838 2.039 5.038 4.959 0.457 6.453 4.088 4.414 5.007 6.546 5.588 1.030 6.945 3.987 0.818 7.706 0.816 5.104 6.393 7.283 5.246 5.509 5.104 3.218 4.900 3.943 7.285 4.829 2.793 1.086 3.217 2.456 5.076 6.759 3.599 6.035 5.724 4.927 3.583 0.886 6.914 4.070 6.797 2.136 4.317 6.181 6.057 4.922 5.377 4.244 5.059 
3.265 5.497 7.677 3.479 10.411 10.744 4.513 4.647 5.151 4.896 5.773 5.424 6.963 7.859 7.949 8.499 7.574 8.444 8.608 9.175 8.615 6.903 4.239 9.350 10.046 9.093 5.833 6.253 5.650 10.935 7.394 1.321 6.418 8.235 6.302 4.322 2.482 3.339 7.645 2.163 1.766 6.724 7.391 4.542 8.899 5.318 6.251 6.905 3.490 1.745 8.198 8.936 8.544 6.514 8.126 6.621 7.481 4.765 1.251 3.435 5.509 3.111 8.056 7.035 6.505 5.902 4.790 4.261 5.781 9.520 5.287 9.183 7.221 1.985 7.674 4.874 10.385 8.772 6.412 3.983 8.310 10.675 7.583 9.736 5.900 1.594 10.188 2.899 6.040 0.854 5.803 6.984 5.478 9.081 0.174 5.796 5.323 9.497 3.803 2.276 
0.996 3.678 5.993 3.665 9.457 9.772 2.125 2.997 6.146 3.486 3.633 5.167 4.613 6.792 6.462 7.518 7.891 6.719 6.253 8.316 7.231 4.567 3.961 7.760 9.014 8.590 4.372 5.860 6.677 10.024 5.434 1.118 5.812 6.831 3.912 2.224 3.390 1.377 7.651 2.586 3.462 4.869 8.271 5.172 8.492 6.577 3.853 7.499 1.281 3.917 6.384 8.627 8.326 5.117 8.584 4.233 5.095 5.444 3.415 4.621 4.277 4.994 5.734 5.603 7.840 4.170 5.508 5.645 7.148 9.098 6.080 8.819 4.943 2.807 7.316 6.464 9.423 7.533 4.551 1.806 7.129 9.696 8.299 8.396 6.767 1.041 9.368 2.510 4.259 3.250 3.406 7.870 4.787 6.808 2.230 6.696 5.864 9.136 4.216 3.270 
3.220 5.382 7.556 3.356 10.283 10.615 4.438 4.529 5.060 4.774 5.671 5.299 6.878 7.731 7.824 8.370 7.464 8.323 8.523 9.046 8.488 6.816 4.112 9.226 9.918 8.967 5.710 6.127 5.563 10.807 7.281 1.240 6.290 8.110 6.226 4.221 2.372 3.238 7.527 2.243 1.692 6.609 7.301 4.435 8.775 5.242 6.179 6.803 3.400 1.734 8.080 8.813 8.423 6.389 8.021 6.545 7.404 4.660 1.231 3.346 5.383 3.073 7.967 6.910 6.437 5.784 4.687 4.188 5.713 9.396 5.189 9.059 7.128 1.865 7.549 4.819 10.257 8.644 6.298 3.888 8.183 10.547 7.486 9.609 5.806 1.571 10.060 2.771 5.923 0.914 5.731 6.893 5.350 8.986 0.133 5.704 5.216 9.374 3.686 2.167 
5.281 3.000 2.961 6.777 7.164 7.348 3.705 3.809 9.167 4.066 2.248 6.492 1.388 5.218 3.797 5.827 9.104 3.043 1.241 6.636 4.476 1.330 6.150 4.093 6.632 7.734 3.685 6.476 9.586 7.703 1.774 6.664 5.991 4.217 2.269 3.663 7.533 4.642 8.294 8.104 8.297 2.323 10.492 8.008 7.902 9.896 2.474 9.383 4.493 9.067 2.557 8.226 8.235 3.813 9.887 2.045 1.622 8.232 8.649 8.473 4.282 9.599 0.644 3.754 10.999 2.985 8.329 9.413 10.507 8.283 8.796 8.229 0.789 7.252 7.281 10.337 7.114 5.089 2.416 3.988 5.048 7.270 10.196 5.308 9.374 6.753 7.459 5.984 2.800 8.754 2.752 10.202 5.519 1.116 7.798 9.382 8.244 8.458 7.256 7.569 
4.984 1.428 1.736 3.535 4.840 5.139 3.947 1.719 5.525 1.229 2.451 2.707 4.010 2.199 1.858 2.953 5.303 2.490 5.030 3.811 2.559 3.852 2.688 3.267 4.366 4.476 0.344 2.662 5.892 5.420 2.191 5.072 2.205 2.166 4.252 2.808 4.610 3.334 4.547 7.229 5.635 1.504 6.678 4.417 4.526 6.290 4.435 5.564 3.594 6.525 2.410 4.788 4.680 0.429 6.091 4.353 4.729 4.603 6.251 5.210 0.658 6.584 4.353 0.945 7.301 1.019 4.701 6.000 6.878 5.039 5.104 4.874 3.560 4.591 3.646 6.888 4.802 2.840 1.430 3.207 2.453 5.061 6.374 3.716 5.630 5.578 4.847 3.291 1.145 6.647 4.267 6.400 1.732 4.715 5.951 5.652 4.516 5.157 3.859 4.727 
4.279 5.851 7.860 3.034 10.124 10.459 5.341 4.967 4.169 5.071 6.320 4.982 7.684 7.694 8.009 8.270 6.779 8.631 9.319 8.866 8.598 7.606 3.919 9.434 9.806 8.615 5.969 5.825 4.640 10.617 7.761 2.217 6.083 8.241 7.106 4.912 1.850 3.953 6.978 3.296 0.795 7.045 6.391 3.749 8.381 4.239 7.084 6.018 4.209 0.591 8.447 8.373 7.950 6.578 7.262 7.418 8.262 3.933 0.088 2.476 5.545 1.926 8.724 7.096 5.385 6.184 3.940 3.173 4.664 8.995 4.379 8.638 7.851 1.611 7.169 3.718 10.103 8.671 6.749 4.645 8.192 10.396 6.635 9.668 4.940 2.705 9.838 2.888 6.344 0.753 6.638 5.989 5.244 9.678 1.295 4.827 4.520 8.945 3.190 1.655 
7.398 7.152 8.338 3.396 8.849 9.165 7.909 6.385 1.386 6.090 8.045 4.177 9.722 7.121 8.092 7.398 4.110 9.021 11.196 7.654 8.361 9.599 4.030 9.416 8.715 6.856 6.650 4.778 1.456 9.198 8.792 5.485 5.287 8.122 9.424 6.992 3.042 6.303 4.775 7.060 3.163 8.043 2.957 2.270 6.514 0.764 9.483 3.102 6.717 3.369 9.047 6.348 5.870 6.921 4.264 9.689 10.421 2.136 3.737 1.826 6.049 1.948 10.522 7.329 1.623 7.224 2.046 0.784 0.916 7.032 1.897 6.648 9.616 3.603 5.532 0.274 8.847 8.159 7.837 6.942 7.688 9.124 3.380 9.147 1.936 6.181 8.383 4.415 7.414 4.460 9.082 2.615 5.031 11.193 4.970 1.813 2.486 6.894 2.896 3.142 
3.198 5.446 7.632 3.472 10.387 10.720 4.447 4.598 5.176 4.854 5.715 5.412 6.899 7.830 7.909 8.473 7.583 8.398 8.544 9.152 8.578 6.840 4.222 9.308 10.020 9.080 5.792 6.240 5.678 10.913 7.341 1.257 6.399 8.198 6.236 4.263 2.491 3.281 7.645 2.131 1.800 6.674 7.417 4.554 8.889 5.351 6.185 6.921 3.428 1.803 8.149 8.929 8.539 6.474 8.140 6.556 7.416 4.779 1.306 3.461 5.473 3.162 7.993 6.995 6.543 5.853 4.805 4.296 5.819 9.510 5.306 9.174 7.160 1.983 7.664 4.918 10.361 8.739 6.362 3.922 8.279 10.651 7.603 9.702 5.922 1.528 10.168 2.871 5.991 0.921 5.737 7.009 5.455 9.020 0.112 5.820 5.335 9.489 3.804 2.286 
3.646 5.164 7.217 2.628 9.665 10.000 4.643 4.283 4.217 4.421 5.610 4.591 6.972 7.174 7.403 7.780 6.643 7.989 8.606 8.416 8.020 6.893 3.452 8.823 9.324 8.257 5.334 5.430 4.722 10.175 7.076 1.582 5.638 7.655 6.401 4.199 1.558 3.240 6.742 3.082 0.892 6.367 6.458 3.607 8.047 4.415 6.383 5.965 3.501 1.266 7.788 8.068 7.665 5.967 7.187 6.711 7.553 3.826 0.801 2.504 4.939 2.379 8.011 6.488 5.624 5.512 3.850 3.370 4.902 8.667 4.347 8.322 7.138 1.123 6.824 4.044 9.642 8.126 6.067 3.932 7.653 9.934 6.643 9.112 4.962 2.174 9.411 2.271 5.668 1.106 5.938 6.050 4.745 8.967 0.949 4.860 4.388 8.634 2.899 1.350 
9.455 6.673 6.030 5.367 3.768 4.004 8.924 6.534 4.465 5.905 7.746 3.592 9.311 3.785 5.287 3.410 1.657 6.306 10.152 2.998 4.940 9.153 4.815 5.952 3.903 1.662 5.585 2.954 4.298 3.895 7.139 8.488 3.197 4.987 9.549 7.693 6.355 7.727 1.167 10.735 7.346 6.661 3.410 4.410 1.297 4.996 9.723 2.686 8.141 8.090 6.641 0.940 0.692 5.171 1.880 9.662 10.019 4.268 8.164 5.785 5.177 7.142 9.511 5.157 5.046 6.328 4.288 5.664 5.203 1.492 4.029 1.175 8.807 6.828 1.666 6.020 3.789 4.393 6.689 7.969 4.151 3.996 2.833 5.021 3.816 9.229 3.173 6.314 6.456 8.874 9.512 3.491 4.126 9.572 8.760 3.939 3.677 1.283 5.011 6.563 
0.785 3.464 5.668 4.933 9.625 9.915 0.980 3.147 7.545 3.770 2.926 6.059 3.321 6.995 6.309 7.749 8.934 6.300 4.894 8.601 7.130 3.318 4.974 7.431 9.136 9.121 4.452 6.613 8.071 10.207 4.813 2.786 6.432 6.733 2.497 1.991 4.916 1.888 8.536 3.551 5.115 4.438 9.564 6.483 9.091 8.052 2.381 8.690 1.446 5.589 5.883 9.283 9.050 5.169 9.675 2.811 3.661 6.758 5.086 6.141 4.586 6.643 4.472 5.573 9.314 3.983 6.834 7.181 8.645 9.664 7.408 9.433 3.816 4.369 7.999 8.036 9.585 7.548 4.149 1.627 7.216 9.836 9.520 8.279 8.097 2.492 9.642 3.734 3.998 4.881 1.961 9.176 5.447 5.619 3.861 8.042 7.100 9.740 5.514 4.824 
7.357 4.151 3.405 4.125 2.976 3.311 6.570 4.187 4.701 3.557 5.189 2.202 6.691 1.269 2.718 1.325 3.143 3.765 7.500 1.714 2.571 6.533 3.274 3.665 2.717 1.795 3.044 1.384 4.839 3.458 4.488 6.841 1.089 2.499 6.987 5.361 5.318 5.610 2.183 9.128 6.429 4.017 4.909 3.983 1.795 5.452 7.173 3.805 5.973 7.302 4.049 2.051 1.982 2.544 3.855 7.077 7.390 4.011 7.209 5.282 2.752 6.795 6.859 2.505 6.077 3.754 4.084 5.649 5.908 2.341 4.190 2.142 6.165 5.605 1.051 6.343 2.959 2.186 4.063 5.699 1.780 3.252 4.448 3.112 4.417 7.507 2.686 4.665 3.864 7.809 7.001 4.764 2.073 6.942 7.410 4.497 3.589 2.435 4.052 5.506 
5.686 2.565 2.627 3.020 4.320 4.647 4.900 2.509 4.522 1.878 3.644 1.617 5.258 1.738 2.327 2.384 4.042 3.264 6.286 3.129 2.712 5.101 2.094 3.695 3.928 3.476 1.491 1.408 4.831 4.869 3.383 5.317 0.946 2.409 5.444 3.685 4.210 3.944 3.292 7.583 5.312 2.745 5.469 3.502 3.456 5.302 5.615 4.343 4.297 6.212 3.346 3.674 3.507 1.291 4.829 5.568 5.982 3.642 6.028 4.529 1.085 6.002 5.611 1.589 6.219 2.247 3.735 5.173 5.861 4.019 4.061 3.801 4.822 4.358 2.452 6.010 4.291 2.709 2.691 4.018 2.227 4.576 5.139 3.715 4.521 5.939 4.178 3.227 2.394 6.542 5.406 5.211 0.777 5.921 6.009 4.558 3.448 4.103 3.168 4.369 
2.374 1.686 3.972 2.928 7.468 7.776 1.825 0.948 5.572 1.483 2.011 3.716 3.521 4.802 4.414 5.543 6.618 4.715 5.100 6.368 5.183 3.416 2.720 5.726 7.009 6.785 2.329 4.242 6.073 8.042 3.556 2.622 4.066 4.782 3.159 0.727 3.379 0.676 6.175 4.619 4.047 2.912 7.413 4.430 6.737 6.190 3.224 6.462 0.981 4.809 4.415 6.919 6.680 3.076 7.376 3.427 4.187 4.698 4.399 4.467 2.303 5.410 4.469 3.556 7.415 2.147 4.785 5.486 6.806 7.320 5.342 7.078 3.573 3.023 5.630 6.402 7.431 5.498 2.595 0.800 5.107 7.698 7.306 6.349 6.015 2.994 7.419 1.860 2.256 4.563 2.839 7.044 3.075 5.372 3.677 5.979 4.943 7.388 3.500 3.380 
4.902 1.144 1.184 4.344 5.162 5.429 3.629 1.885 6.474 1.697 1.830 3.684 3.173 2.701 1.744 3.426 6.254 1.932 4.072 4.297 2.568 3.014 3.560 2.951 4.650 5.162 0.930 3.624 6.854 5.745 1.223 5.382 3.143 2.175 3.548 2.677 5.333 3.440 5.465 7.396 6.294 0.529 7.657 5.348 5.265 7.232 3.752 6.541 3.588 7.162 1.687 5.557 5.501 0.987 7.039 3.597 3.867 5.546 6.841 6.049 1.534 7.362 3.402 1.125 8.265 0.642 5.644 6.889 7.827 5.727 6.064 5.607 2.651 5.228 4.500 7.791 5.118 3.025 0.551 3.114 2.762 5.348 7.348 3.713 6.603 5.781 5.278 3.895 0.572 7.157 3.663 7.380 2.708 3.736 6.368 6.622 5.484 5.870 4.725 5.426 
6.152 4.684 4.675 8.411 8.702 8.853 4.674 5.421 10.877 5.759 3.767 8.259 2.215 6.948 5.486 7.519 10.893 4.616 0.609 8.296 6.093 2.297 7.847 5.527 8.179 9.450 5.456 8.264 11.312 9.213 3.542 7.846 7.780 5.879 2.904 5.022 9.064 5.950 10.081 8.927 9.728 4.111 12.266 9.711 9.637 11.591 3.007 11.161 5.702 10.438 4.169 9.969 9.997 5.601 11.676 2.584 1.727 9.945 9.987 10.078 6.045 11.109 1.289 5.527 12.722 4.737 10.041 11.050 12.206 9.991 10.525 9.958 2.189 8.721 9.057 11.976 8.653 6.716 4.189 5.255 6.731 8.778 11.978 6.785 11.119 7.787 9.054 7.519 4.556 9.991 3.434 11.970 7.290 1.303 8.993 11.121 9.987 10.175 8.918 9.077 
8.536 5.959 5.631 4.364 4.193 4.476 8.092 5.727 3.545 5.110 7.048 2.650 8.674 3.508 4.969 3.332 1.001 6.017 9.637 3.179 4.777 8.517 3.851 5.851 4.204 2.064 4.907 2.117 3.441 4.441 6.650 7.500 2.471 4.742 8.840 6.864 5.341 6.827 0.158 9.736 6.334 6.100 2.887 3.406 1.690 4.137 9.002 1.941 7.251 7.085 6.292 1.476 0.998 4.596 1.617 8.977 9.397 3.274 7.152 4.788 4.438 6.171 8.976 4.674 4.364 5.664 3.299 4.723 4.416 2.159 3.083 1.777 8.220 5.817 1.212 5.150 4.203 4.308 6.086 7.112 3.972 4.451 2.351 5.093 2.958 8.246 3.650 5.341 5.809 7.860 8.762 2.859 3.296 9.149 7.749 3.075 2.687 2.017 3.998 5.549 
3.410 2.894 4.764 1.208 7.329 7.659 3.475 2.025 3.859 1.994 3.616 2.601 5.240 4.754 4.918 5.404 5.299 5.534 6.771 6.107 5.540 5.124 1.372 6.340 6.950 6.165 2.870 3.351 4.373 7.865 4.762 2.368 3.406 5.171 4.916 2.484 1.714 1.895 5.064 4.658 2.605 4.020 5.822 2.753 6.023 4.446 4.979 4.964 2.341 3.474 5.367 6.121 5.789 3.483 6.005 5.181 5.926 3.028 3.175 2.719 2.454 3.782 6.115 4.003 5.684 3.147 3.107 3.731 5.060 6.641 3.678 6.336 5.206 1.538 4.815 4.649 7.301 5.671 3.743 2.467 5.206 7.589 5.787 6.645 4.365 3.070 7.138 0.214 3.321 3.584 4.587 5.436 2.415 6.914 2.987 4.315 3.359 6.654 1.792 1.769 
7.096 6.645 7.780 2.923 8.309 8.627 7.516 5.898 0.853 5.577 7.562 3.609 9.253 6.552 7.526 6.835 3.677 8.459 10.704 7.105 7.792 9.126 3.503 8.847 8.165 6.339 6.110 4.210 1.061 8.668 8.255 5.251 4.718 7.553 8.985 6.556 2.726 5.910 4.281 6.968 3.039 7.510 2.741 1.710 6.004 0.516 9.053 2.699 6.335 3.395 8.491 5.852 5.375 6.366 3.909 9.243 9.959 1.567 3.702 1.496 5.507 2.068 10.027 6.768 1.737 6.700 1.477 0.550 1.032 6.535 1.354 6.152 9.124 3.316 4.994 0.829 8.305 7.591 7.310 6.531 7.120 8.584 3.091 8.580 1.507 5.974 7.852 3.999 6.889 4.447 8.661 2.361 4.470 10.675 4.846 1.380 1.926 6.406 2.395 2.855 
6.423 3.114 1.617 6.629 5.382 5.541 4.898 3.993 8.674 3.952 3.005 5.804 3.107 3.793 2.291 4.276 8.053 1.315 2.942 5.010 2.793 2.996 5.830 2.233 4.858 6.225 3.202 5.555 9.020 5.900 1.204 7.370 5.015 2.626 3.904 4.387 7.605 5.322 7.147 9.156 8.537 1.917 9.642 7.577 6.449 9.444 4.128 8.509 5.328 9.388 0.940 6.797 6.887 2.945 8.805 3.759 3.493 7.759 9.039 8.331 3.788 9.643 2.503 2.645 10.419 2.788 7.856 9.155 10.026 6.748 8.238 6.752 2.383 7.467 6.039 10.048 5.332 3.416 2.209 4.804 3.487 5.465 9.267 3.477 8.728 7.639 5.734 6.133 2.619 9.293 4.291 9.406 4.853 2.069 8.435 8.761 7.637 6.945 7.000 7.690 
6.828 3.077 0.789 5.729 3.653 3.857 5.496 3.771 7.370 3.438 3.586 4.466 4.439 1.983 0.551 2.415 6.359 0.555 4.705 3.156 0.955 4.294 4.832 1.026 3.119 4.364 2.502 4.031 7.647 4.206 1.925 7.256 3.479 0.769 5.059 4.607 6.850 5.362 5.413 9.319 7.895 2.027 8.050 6.367 4.595 8.151 5.282 6.921 5.521 8.789 0.976 4.948 5.061 1.875 7.084 5.012 4.995 6.503 8.521 7.343 2.908 8.774 4.167 1.371 9.005 2.570 6.596 8.033 8.696 4.886 6.895 4.894 3.750 6.858 4.272 8.875 3.604 1.575 2.306 5.045 1.628 3.778 7.630 1.902 7.301 7.693 3.937 5.562 2.500 8.912 5.304 7.854 3.619 3.923 8.189 7.352 6.274 5.083 5.975 6.977 
5.615 5.922 7.500 2.232 8.917 9.249 6.266 5.077 2.192 4.927 6.681 3.787 8.280 6.764 7.434 7.210 4.949 8.242 9.833 7.662 7.867 8.171 3.108 8.838 8.679 7.164 5.661 4.578 2.639 9.353 7.722 3.657 4.972 7.563 7.882 5.474 1.383 4.679 5.307 5.257 1.333 6.968 4.388 2.072 6.880 2.230 7.916 4.101 5.063 1.743 8.172 6.809 6.354 6.099 5.351 8.167 8.947 2.171 1.997 0.685 5.110 0.847 9.180 6.574 3.412 6.104 2.146 1.167 2.689 7.469 2.477 7.094 8.272 1.852 5.726 1.856 8.904 7.801 6.718 5.355 7.313 9.195 4.660 8.816 2.970 4.343 8.544 2.919 6.288 2.748 7.495 3.989 4.380 9.970 3.145 2.852 2.759 7.383 1.991 1.415 
6.397 3.430 3.275 3.139 3.954 4.290 5.712 3.314 4.093 2.679 4.511 1.304 6.122 1.711 2.794 2.132 3.221 3.815 7.113 2.701 2.948 5.964 2.263 4.021 3.643 2.760 2.358 0.687 4.326 4.460 4.164 5.815 0.136 2.739 6.310 4.486 4.342 4.648 2.431 8.103 5.457 3.569 4.754 3.212 2.685 4.869 6.480 3.620 5.029 6.341 3.982 2.868 2.663 2.074 4.001 6.436 6.844 3.292 6.223 4.420 1.929 5.930 6.444 2.248 5.665 3.113 3.377 4.907 5.387 3.277 3.598 3.023 5.672 4.600 1.604 5.676 3.933 2.756 3.538 4.794 2.276 4.226 4.381 3.761 3.962 6.486 3.704 3.637 3.256 6.805 6.264 4.530 1.051 6.695 6.386 4.018 2.976 3.335 3.126 4.524 
6.269 6.255 7.653 2.478 8.699 9.026 6.827 5.445 1.580 5.219 7.087 3.695 8.731 6.702 7.506 7.082 4.427 8.372 10.246 7.459 7.871 8.614 3.250 8.883 8.500 6.845 5.873 4.423 1.971 9.104 7.985 4.351 4.872 7.593 8.386 5.959 1.930 5.224 4.889 5.987 2.063 7.229 3.705 1.809 6.538 1.508 8.434 3.519 5.628 2.411 8.345 6.432 5.965 6.236 4.762 8.661 9.416 1.817 2.709 0.776 5.293 1.174 9.581 6.684 2.683 6.383 1.763 0.442 1.960 7.105 1.953 6.725 8.672 2.475 5.435 1.197 8.690 7.746 7.000 5.880 7.262 8.977 4.013 8.756 2.349 5.053 8.289 3.376 6.571 3.455 8.024 3.314 4.418 10.313 3.874 2.224 2.358 7.001 2.079 2.016 
9.517 6.203 4.938 6.069 1.850 2.085 8.688 6.325 5.919 5.701 7.185 4.108 8.552 2.722 4.107 2.073 3.405 5.010 9.121 1.335 3.539 8.394 5.301 4.404 2.035 0.449 5.105 3.276 5.872 2.001 6.153 8.952 3.186 3.712 8.953 7.494 7.211 7.771 2.532 11.241 8.294 5.845 5.264 5.542 0.772 6.561 9.151 4.393 8.131 9.124 5.426 1.018 1.471 4.497 3.783 9.006 9.210 5.479 9.101 6.931 4.885 8.399 8.532 4.295 6.814 5.759 5.527 7.047 6.868 0.488 5.428 0.746 7.953 7.576 1.898 7.558 1.872 2.925 5.960 7.845 2.858 2.076 4.696 3.310 5.393 9.636 1.253 6.755 5.839 9.750 9.023 5.288 4.206 8.386 9.445 5.504 4.935 0.725 5.875 7.412 
3.485 1.452 3.352 2.344 6.436 6.752 2.872 0.661 4.849 0.556 2.324 2.656 4.035 3.773 3.616 4.496 5.570 4.123 5.464 5.298 4.320 3.902 1.836 5.008 5.998 5.661 1.492 3.124 5.315 7.003 3.292 3.309 2.934 3.929 3.893 1.651 3.162 1.740 5.075 5.497 4.071 2.550 6.509 3.680 5.607 5.536 4.007 5.501 2.106 4.930 3.923 5.788 5.551 2.193 6.342 4.110 4.757 3.930 4.603 4.037 1.262 5.224 4.789 2.709 6.705 1.678 4.023 4.983 6.154 6.192 4.546 5.947 3.884 3.001 4.499 5.908 6.402 4.557 2.274 1.894 4.132 6.676 6.349 5.469 5.189 3.842 6.351 1.667 1.851 4.937 3.685 6.160 1.950 5.507 4.197 5.171 4.075 6.258 2.846 3.233 
6.199 3.811 4.172 2.325 4.846 5.180 5.772 3.445 3.047 2.855 4.898 0.364 6.593 2.767 3.788 3.131 2.696 4.778 7.748 3.585 4.000 6.441 1.594 5.064 4.590 3.307 2.878 0.496 3.310 5.309 4.913 5.293 0.927 3.774 6.648 4.550 3.485 4.484 2.191 7.571 4.586 4.241 3.941 2.160 3.117 3.827 6.793 2.830 4.907 5.446 4.890 3.184 2.841 2.837 3.481 6.817 7.328 2.235 5.380 3.412 2.312 4.926 7.065 3.132 4.680 3.620 2.320 3.853 4.359 3.738 2.561 3.413 6.234 3.831 1.892 4.619 4.830 3.810 4.143 4.779 3.333 5.123 3.651 4.812 2.977 6.015 4.516 3.093 3.790 6.012 6.518 3.668 1.063 7.447 5.708 3.020 1.939 3.730 2.185 3.681 
5.398 1.964 1.935 3.432 4.432 4.742 4.442 2.131 5.203 1.556 3.001 2.321 4.556 1.765 1.804 2.508 4.792 2.628 5.534 3.346 2.373 4.398 2.532 3.227 3.981 3.942 0.856 2.166 5.538 5.005 2.623 5.311 1.681 2.009 4.803 3.271 4.571 3.703 4.013 7.521 5.638 1.990 6.226 4.135 3.982 5.978 4.985 5.102 4.000 6.537 2.649 4.239 4.128 0.540 5.577 4.904 5.272 4.299 6.301 5.047 0.765 6.474 4.863 0.938 6.936 1.571 4.395 5.770 6.551 4.503 4.758 4.330 4.090 4.625 3.095 6.635 4.396 2.541 1.955 3.650 2.107 4.665 5.899 3.487 5.247 5.867 4.393 3.381 1.695 6.750 4.811 5.964 1.380 5.161 6.119 5.278 4.154 4.616 3.680 4.708 
8.503 5.018 3.603 5.538 1.558 1.894 7.552 5.249 5.983 4.650 5.949 3.619 7.251 1.443 2.767 0.737 3.951 3.673 7.781 0.298 2.212 7.095 4.674 3.139 1.347 1.271 3.947 2.793 6.056 2.049 4.824 8.165 2.491 2.370 7.690 6.394 6.734 6.780 2.956 10.442 7.846 4.552 5.828 5.358 1.570 6.705 7.894 4.806 7.105 8.720 4.085 1.939 2.196 3.281 4.519 7.726 7.896 5.362 8.624 6.682 3.828 8.192 7.197 3.017 7.191 4.545 5.429 6.995 7.110 1.765 5.471 1.819 6.637 7.010 1.887 7.640 1.543 1.609 4.689 6.772 1.517 1.835 5.302 2.180 5.604 8.803 1.312 6.021 4.607 9.215 7.791 5.760 3.417 7.046 8.787 5.698 4.897 1.971 5.469 6.921 
7.824 6.102 6.504 3.294 6.062 6.364 7.747 5.598 1.614 5.075 7.166 2.439 8.885 4.765 6.028 4.849 1.263 7.057 10.104 4.934 6.076 8.738 3.204 7.172 5.995 3.994 5.237 2.562 1.468 6.363 7.288 6.402 3.111 5.929 8.853 6.583 3.948 6.265 1.880 8.495 4.777 6.614 1.573 1.882 3.636 2.163 8.977 0.545 6.714 5.417 7.217 3.449 2.970 5.205 1.710 9.051 9.621 1.651 5.573 3.102 4.651 4.337 9.419 5.466 2.534 5.963 1.631 2.822 2.470 4.132 1.220 3.750 8.572 4.513 2.780 3.179 6.065 5.736 6.506 6.719 5.312 6.330 1.383 6.652 0.986 7.169 5.556 4.465 6.140 6.317 8.659 1.296 3.403 9.823 6.400 1.101 1.114 3.988 2.765 4.148 
6.368 5.172 6.101 1.822 6.724 7.050 6.456 4.518 1.044 4.099 6.166 1.894 7.889 4.842 5.815 5.157 2.732 6.763 9.250 5.491 6.074 7.751 2.027 7.129 6.538 4.873 4.510 2.509 1.460 7.124 6.653 4.853 3.004 5.835 7.735 5.360 2.383 4.904 2.990 6.930 3.256 5.922 2.817 0.316 4.575 1.812 7.832 2.080 5.352 3.964 6.816 4.491 4.034 4.696 3.273 7.964 8.615 0.165 4.067 1.658 3.900 3.082 8.565 5.077 2.867 5.154 0.242 1.802 2.397 5.156 0.688 4.779 7.678 2.948 3.455 2.541 6.716 5.883 5.750 5.430 5.409 7.002 2.842 6.879 1.358 5.620 6.309 3.021 5.342 4.798 7.477 2.425 2.787 9.126 4.837 1.322 0.470 5.065 1.251 2.585 
6.343 3.924 3.300 7.696 7.162 7.303 4.770 4.773 9.993 4.958 3.285 7.226 2.365 5.554 4.061 6.073 9.688 3.121 1.342 6.817 4.601 2.342 7.012 3.974 6.643 8.019 4.446 7.109 10.387 7.664 2.333 7.731 6.592 4.422 3.248 4.719 8.512 5.701 8.823 9.168 9.313 3.034 11.180 8.849 8.231 10.740 3.434 10.056 5.563 10.099 2.710 8.574 8.640 4.423 10.458 2.986 2.359 9.060 9.690 9.404 5.056 10.580 1.273 4.249 11.801 3.816 9.158 10.316 11.343 8.548 9.597 8.540 1.855 8.259 7.749 11.234 7.112 5.224 3.207 5.055 5.282 7.229 10.846 5.234 10.144 7.825 7.533 6.969 3.626 9.812 3.759 10.913 6.251 0.265 8.863 10.162 9.023 8.741 8.148 8.559 
7.134 3.382 1.094 5.951 3.423 3.613 5.801 4.066 7.514 3.719 3.889 4.620 4.703 1.981 0.718 2.323 6.390 0.703 4.901 3.012 0.797 4.561 5.046 0.737 2.891 4.265 2.780 4.139 7.775 3.966 2.198 7.545 3.589 0.749 5.342 4.913 7.086 5.662 5.428 9.618 8.141 2.332 8.115 6.534 4.516 8.295 5.565 6.991 5.825 9.037 1.185 4.875 5.016 2.127 7.099 5.287 5.243 6.662 8.777 7.545 3.160 8.989 4.384 1.611 9.119 2.873 6.753 8.211 8.830 4.772 7.032 4.803 4.006 7.110 4.276 9.041 3.373 1.415 2.612 5.351 1.556 3.534 7.679 1.620 7.416 7.990 3.739 5.823 2.806 9.181 5.596 7.932 3.804 4.073 8.469 7.471 6.410 4.977 6.178 7.218 
8.570 6.450 6.479 4.127 5.358 5.638 8.339 6.069 2.648 5.493 7.539 2.837 9.226 4.496 5.893 4.420 0.224 6.943 10.323 4.334 5.798 9.073 3.853 6.889 5.366 3.221 5.479 2.632 2.431 5.594 7.399 7.284 3.123 5.718 9.289 7.136 4.908 6.937 1.141 9.433 5.787 6.783 1.731 2.850 2.842 3.126 9.431 0.812 7.380 6.451 7.170 2.593 2.128 5.304 0.853 9.459 9.960 2.646 6.591 4.132 4.939 5.381 9.647 5.473 3.217 6.233 2.640 3.859 3.329 3.261 2.265 2.889 8.841 5.450 2.267 4.152 5.368 5.374 6.722 7.323 5.001 5.614 1.225 6.207 1.954 8.048 4.810 5.243 6.396 7.329 9.148 1.695 3.701 9.931 7.363 2.080 2.068 3.090 3.649 5.113 
9.687 6.636 5.684 5.853 2.916 3.131 9.016 6.619 5.257 5.985 7.675 3.959 9.154 3.411 4.887 2.893 2.532 5.858 9.862 2.313 4.424 8.995 5.196 5.367 3.108 0.958 5.530 3.204 5.133 3.002 6.856 8.895 3.298 4.536 9.472 7.794 6.918 7.941 1.836 11.171 7.954 6.458 4.319 5.071 0.724 5.831 9.659 3.557 8.333 8.737 6.238 0.445 0.790 5.016 2.787 9.557 9.840 4.961 8.771 6.465 5.204 7.873 9.245 4.912 5.942 6.240 4.993 6.436 6.072 0.606 4.796 0.412 8.600 7.348 1.747 6.850 2.941 3.835 6.528 8.106 3.676 3.129 3.742 4.336 4.650 9.615 2.311 6.695 6.347 9.459 9.487 4.390 4.304 9.200 9.265 4.769 4.382 0.379 5.564 7.124 
