25 100 100
124 21 50 93 119 103 51 87 96 49 98 109 25 24 35 120 128 59 107 86 131 35 86 96 60 
26 26 57 113 87 121 22 12 31 58 55 74 28 83 37 33 95 12 25 68 29 46 34 119 107 115 29 59 46 15 48 63 117 71 80 31 25 95 57 97 9 109 68 34 76 103 70 16 35 95 97 34 101 75 32 103 17 36 121 59 68 72 97 125 31 92 111 41 53 9 78 70 51 12 94 101 46 40 62 51 28 94 62 27 85 95 49 64 54 51 53 14 24 69 33 50 85 15 9 79 
5 18 33 32 10 35 9 35 29 9 19 11 17 32 11 20 13 31 26 14 30 27 35 7 18 19 26 30 34 5 22 14 11 27 5 6 16 22 16 26 24 15 26 21 9 32 10 15 9 21 7 29 20 6 31 21 16 28 12 24 9 30 16 5 24 29 34 19 6 12 17 33 25 19 32 32 29 11 33 23 19 15 32 11 12 23 15 21 32 18 17 22 6 17 30 22 6 9 15 17 
625.512 685.244 870.627 1287.063 1158.671 1320.873 600.240 425.684 684.590 971.977 948.525 1052.791 637.541 1068.628 762.774 737.787 1119.263 456.232 653.253 1011.708 714.076 777.992 717.166 1384.410 1283.257 1344.118 640.473 993.411 836.684 449.774 913.271 1005.798 1326.438 1050.146 1104.577 646.042 675.056 1217.167 951.076 1258.891 419.028 1290.324 1041.505 731.946 1110.621 1242.552 984.405 532.683 779.284 1233.850 1237.094 781.507 1238.304 1027.786 752.537 1257.953 550.651 791.728 1395.911 964.354 997.411 1052.372 1240.406 1384.980 762.191 1221.498 1373.238 835.289 885.087 412.642 1043.189 1089.016 829.862 483.659 1160.153 1178.292 859.413 794.734 996.332 863.670 728.184 1211.816 1016.705 659.666 1155.325 1219.315 868.749 973.777 960.762 928.025 896.215 440.422 630.818 1004.377 712.817 952.027 1149.382 530.979 403.902 1073.777 
5.531 5.410 2.186 2.794 3.080 2.492 3.616 1.751 6.402 3.170 4.070 3.246 3.352 3.530 1.011 2.374 5.964 4.290 3.655 7.774 5.510 3.071 3.479 3.633 3.280 5.174 2.554 4.815 6.627 3.742 1.567 4.973 3.200 2.636 1.813 4.615 5.445 4.518 2.495 1.569 4.714 5.653 5.940 5.639 2.185 2.427 2.558 4.406 4.779 5.397 7.126 0.740 1.568 2.651 5.750 3.911 3.867 4.972 3.210 6.101 5.516 6.569 1.189 3.665 2.773 4.477 4.713 0.867 0.747 3.607 5.359 1.643 3.091 4.197 4.000 3.872 6.017 3.731 6.957 4.558 6.921 4.068 5.382 6.529 4.302 1.051 2.755 3.665 2.855 3.745 4.082 0.853 3.581 4.555 1.249 5.664 2.429 6.638 3.733 4.282 
7.253 7.506 4.383 4.470 1.157 1.826 2.412 3.610 7.860 2.186 6.263 3.590 4.457 3.795 2.725 3.392 7.617 2.827 2.992 9.911 6.376 4.772 4.925 2.825 4.166 7.145 3.812 6.468 8.650 4.406 1.239 3.311 1.349 4.753 3.166 3.269 7.007 5.185 4.374 1.798 3.215 7.775 7.849 6.836 0.998 0.690 2.098 5.097 6.814 6.423 9.082 2.419 3.747 3.161 7.673 1.737 5.599 7.131 1.003 8.121 7.157 8.566 2.874 1.873 2.082 5.251 5.248 3.038 1.496 5.011 6.394 0.690 4.491 4.638 6.196 4.885 6.416 5.790 9.014 5.527 9.099 5.340 6.921 8.551 6.271 3.111 1.470 4.252 4.921 1.737 3.012 2.762 2.666 6.477 1.063 5.898 2.661 8.146 5.613 6.255 
10.357 9.343 6.812 5.962 2.034 4.891 1.557 6.606 8.421 2.018 8.847 6.731 5.223 3.791 5.734 6.577 8.533 0.852 2.278 12.627 9.544 7.861 5.990 2.062 4.772 8.709 6.982 9.592 11.555 7.573 4.426 0.237 1.849 6.892 4.771 0.993 7.845 5.117 7.377 4.986 0.640 9.675 9.219 7.135 4.107 3.661 2.744 5.090 9.708 9.608 12.054 4.708 6.458 6.340 9.088 2.880 6.929 9.819 2.636 9.720 10.289 11.500 4.927 4.000 5.082 5.311 8.372 5.787 4.422 5.997 9.579 3.849 5.619 7.758 8.766 5.386 9.467 8.659 11.876 8.713 11.699 6.060 10.078 11.458 9.227 5.973 4.342 4.436 6.926 3.517 5.554 5.053 5.410 8.010 3.725 8.906 3.470 8.758 7.181 7.912 
4.684 5.574 2.238 3.469 3.716 2.206 4.475 0.946 7.055 4.053 3.762 2.416 4.217 4.506 0.060 1.428 6.523 5.109 4.597 7.281 4.533 2.190 4.225 4.557 4.195 5.504 1.574 3.935 5.985 2.808 1.602 5.749 3.868 2.891 2.703 5.469 6.068 5.441 1.715 1.260 5.533 5.765 6.313 6.412 2.247 2.631 3.490 5.327 4.151 4.417 6.424 1.682 1.351 1.827 6.114 4.203 4.445 4.538 3.623 6.353 4.636 5.902 2.045 3.681 2.424 5.382 3.779 0.837 1.258 4.364 4.379 1.987 3.876 3.294 3.709 4.741 5.087 3.136 6.351 3.579 6.523 4.857 4.468 5.886 3.607 0.630 2.674 4.614 3.180 3.887 3.705 1.665 3.191 4.955 1.964 4.769 3.408 7.263 4.207 4.641 
6.720 7.059 3.882 4.133 1.653 1.591 2.743 3.060 7.611 2.441 5.731 3.216 4.261 3.787 2.175 2.903 7.313 3.242 3.196 9.365 5.955 4.234 4.653 3.063 4.016 6.743 3.304 5.940 8.101 3.994 0.774 3.782 1.829 4.292 2.868 3.663 6.725 5.112 3.826 1.324 3.646 7.318 7.469 6.650 0.833 0.815 2.187 5.016 6.264 5.976 8.534 2.005 3.214 2.741 7.288 2.215 5.260 6.588 1.535 7.704 6.632 8.017 2.490 2.114 1.882 5.153 4.874 2.507 0.965 4.750 5.945 0.180 4.223 4.271 5.665 4.720 6.082 5.240 8.464 5.081 8.560 5.118 6.406 8.001 5.721 2.567 1.439 4.178 4.478 2.096 2.993 2.327 2.580 6.089 0.714 5.593 2.603 7.885 5.232 5.849 
6.497 8.245 4.917 5.672 2.817 0.518 4.223 3.462 9.242 4.029 6.429 2.168 5.968 5.549 2.764 2.546 8.863 4.539 4.838 9.735 4.966 4.223 6.280 4.670 5.754 8.082 3.039 5.689 8.251 3.049 1.375 4.881 3.021 5.498 4.501 5.001 8.316 6.872 4.091 1.459 4.886 8.455 8.859 8.350 0.931 1.168 3.910 6.775 6.517 5.115 8.554 3.500 4.060 1.991 8.667 2.141 6.773 7.110 2.078 8.984 6.320 8.123 4.007 1.145 0.454 6.907 3.721 3.456 2.266 6.391 5.093 1.643 5.861 3.113 6.383 6.445 4.758 5.608 8.668 4.248 9.088 6.796 5.995 8.153 5.901 3.335 0.387 5.940 5.748 1.555 1.235 3.743 0.824 7.475 2.436 4.193 4.367 9.498 6.657 7.194 
8.331 7.750 4.933 4.462 0.409 3.104 1.158 4.582 7.503 1.061 6.935 4.869 4.082 3.037 3.708 4.592 7.410 1.552 1.886 10.687 7.640 5.834 4.715 1.677 3.699 7.241 4.979 7.568 9.557 5.673 2.464 2.107 0.351 5.125 3.154 1.987 6.753 4.495 5.353 3.018 1.953 8.057 7.859 6.348 2.277 1.905 1.359 4.426 7.709 7.669 10.042 2.814 4.486 4.423 7.703 2.035 5.544 7.879 1.301 8.249 8.266 9.494 3.128 2.758 3.348 4.614 6.529 3.798 2.395 4.766 7.638 1.872 4.294 5.919 6.859 4.412 7.699 6.662 9.889 6.774 9.797 4.985 8.062 9.459 7.214 3.964 2.681 3.608 5.216 2.416 4.144 3.174 3.863 6.546 1.705 7.178 2.140 7.816 5.681 6.384 
5.029 1.846 4.012 4.829 9.128 8.256 9.101 5.350 5.396 8.627 2.406 7.707 5.967 7.436 6.011 6.616 4.471 9.837 8.629 3.012 7.703 5.168 5.178 8.759 6.386 2.812 6.227 5.194 3.570 7.410 7.612 10.601 9.199 3.757 5.876 9.987 4.754 7.032 4.896 7.326 10.220 1.516 3.162 6.040 8.269 8.589 7.897 6.951 3.357 7.262 4.261 6.077 4.742 7.318 3.061 10.105 4.245 2.233 9.396 2.408 5.362 3.754 5.751 9.736 8.443 6.795 8.024 5.417 6.932 5.262 7.226 7.828 5.371 7.952 2.431 6.172 8.991 3.591 3.405 7.085 1.919 5.571 5.720 3.547 3.848 5.459 8.738 6.962 3.717 9.896 9.648 5.714 9.148 3.251 7.375 9.088 7.220 5.285 3.773 3.112 
5.805 10.017 6.886 8.364 6.399 3.626 7.811 4.998 11.945 7.600 7.526 2.489 9.017 8.927 4.910 3.611 11.376 8.115 8.393 9.742 2.966 4.727 9.110 8.238 8.910 10.175 3.826 5.157 7.996 2.488 4.559 8.399 6.602 7.632 7.476 8.579 10.952 10.118 5.124 4.208 8.445 10.112 11.006 11.291 4.434 4.754 7.401 10.011 6.773 3.391 7.991 6.397 5.976 3.070 10.803 5.398 9.323 7.761 5.600 10.889 5.483 7.797 6.854 4.236 3.344 10.106 1.963 5.709 5.304 9.246 3.400 5.055 8.744 1.935 7.524 9.533 1.862 6.296 8.465 3.009 9.481 9.725 5.032 7.916 6.163 5.414 3.976 9.215 7.952 4.736 2.678 6.496 2.816 9.714 5.764 1.270 7.728 12.143 9.040 9.373 
7.170 6.802 3.821 3.665 1.337 2.411 2.041 3.407 7.008 1.681 5.792 3.979 3.601 2.990 2.540 3.533 6.783 2.631 2.397 9.524 6.658 4.675 4.083 2.280 3.311 6.385 3.882 6.416 8.376 4.718 1.530 3.263 1.446 4.093 2.346 3.013 6.165 4.351 4.177 2.031 3.052 7.088 7.064 5.979 1.638 1.490 1.367 4.260 6.528 6.645 8.860 1.736 3.318 3.470 6.893 2.497 4.789 6.718 1.697 7.374 7.117 8.313 2.134 2.728 2.702 4.409 5.627 2.623 1.232 4.165 6.612 0.981 3.649 5.033 5.718 4.029 6.859 5.482 8.711 5.757 8.652 4.486 6.929 8.278 6.032 2.783 2.216 3.416 4.225 2.582 3.778 2.097 3.385 5.705 0.525 6.385 1.826 7.297 4.837 5.502 
7.802 3.296 3.403 1.530 5.859 6.734 5.124 5.106 2.137 4.741 4.618 7.413 1.419 2.873 4.987 6.358 1.937 5.777 4.358 7.876 9.103 6.084 0.827 4.567 1.858 2.398 6.312 7.403 7.653 7.706 5.738 6.509 5.824 2.699 2.614 5.749 1.278 2.014 5.400 5.852 6.062 3.663 2.672 1.480 6.237 6.288 4.143 1.951 6.229 8.837 8.355 3.620 4.121 6.824 2.580 7.352 0.924 5.567 6.540 3.319 7.976 7.729 3.118 7.581 7.028 1.766 8.650 4.203 4.849 0.731 8.796 5.538 1.255 8.235 4.531 1.295 9.940 5.467 7.742 8.174 6.761 0.595 8.080 7.580 6.178 4.522 6.858 2.251 2.391 7.477 8.317 3.435 7.832 1.819 4.765 9.703 3.343 2.408 1.467 1.968 
4.192 3.466 4.834 6.100 9.963 8.632 10.144 5.696 7.039 9.664 2.837 7.737 7.319 8.715 6.492 6.759 6.113 10.879 9.777 1.366 7.131 5.124 6.570 9.880 7.707 4.423 6.306 4.593 2.259 7.267 8.152 11.630 10.061 4.813 6.971 11.081 6.369 8.477 5.072 7.774 11.281 3.154 4.809 7.635 8.798 9.174 8.936 8.388 2.880 6.663 2.857 6.952 5.350 7.456 4.706 10.737 5.697 2.041 10.096 4.051 4.550 2.479 6.718 10.205 8.771 8.250 7.706 6.059 7.601 6.671 6.633 8.469 6.699 7.762 2.908 7.586 8.486 3.571 1.960 6.689 0.309 7.034 4.973 2.271 3.504 6.009 9.186 8.301 4.870 10.437 9.864 6.598 9.392 4.790 8.146 8.694 8.333 6.932 5.185 4.598 
2.408 5.581 5.527 7.322 10.167 8.175 10.703 5.520 9.133 10.235 3.644 6.818 8.599 9.780 6.407 6.116 8.212 11.404 10.545 1.763 5.366 4.452 7.975 10.591 8.905 6.448 5.623 3.127 0.556 6.128 7.990 12.105 10.308 5.851 7.817 11.694 8.324 9.896 4.756 7.499 11.827 5.347 7.011 9.483 8.572 9.012 9.548 9.792 2.362 4.896 0.311 7.438 5.634 6.728 6.870 10.567 7.280 2.640 10.068 6.335 2.729 0.567 7.373 9.797 8.228 9.700 6.266 6.282 7.694 8.104 4.877 8.446 7.976 6.505 3.736 8.977 6.729 3.412 0.603 5.221 2.254 8.557 3.183 0.641 2.859 6.097 8.805 9.503 6.041 10.133 9.081 7.133 8.679 6.618 8.358 7.079 9.112 9.085 6.737 6.335 
9.597 8.035 5.713 4.652 1.897 4.711 0.485 5.813 7.034 0.898 7.755 6.441 3.844 2.400 4.991 6.056 7.143 0.556 0.887 11.549 9.171 7.121 4.623 0.681 3.390 7.365 6.399 8.869 10.595 7.218 3.998 1.267 1.703 5.696 3.540 0.584 6.455 3.746 6.563 4.532 0.831 8.375 7.850 5.757 3.883 3.520 1.582 3.714 8.764 9.168 11.139 3.686 5.492 5.965 7.724 3.357 5.577 8.758 2.788 8.373 9.571 10.560 3.805 4.282 4.961 3.933 8.100 4.874 3.724 4.624 9.135 3.408 4.267 7.496 7.670 3.995 9.294 7.716 10.885 8.278 10.577 4.672 9.411 10.499 8.335 5.114 4.295 3.045 5.694 3.876 5.734 3.999 5.472 6.669 3.011 8.783 2.188 7.371 5.857 6.591 
4.402 7.282 4.057 5.517 4.551 1.758 5.733 2.191 9.088 5.407 4.988 0.369 6.241 6.347 2.060 0.798 8.520 6.220 6.110 7.879 2.975 2.355 6.277 6.006 6.180 7.365 1.176 3.598 6.288 1.005 2.219 6.706 4.747 4.791 4.707 6.651 8.094 7.415 2.499 1.698 6.615 7.413 8.192 8.463 2.471 2.932 5.025 7.304 4.675 3.044 6.521 3.641 3.137 0.262 7.989 4.259 6.464 5.456 4.033 8.127 4.202 6.139 4.063 3.277 1.689 7.377 1.903 2.853 2.706 6.415 3.017 2.811 5.924 1.328 4.967 6.763 3.169 3.916 6.728 2.154 7.366 6.906 3.861 6.194 4.037 2.555 2.403 6.548 5.106 3.697 2.438 3.692 2.023 6.876 3.319 2.770 5.174 9.284 6.185 6.541 
2.317 3.885 2.411 4.361 7.053 5.394 7.526 2.503 6.923 7.057 1.145 4.487 5.617 6.673 3.361 3.488 6.084 8.232 7.371 3.863 4.443 1.879 5.101 7.413 5.870 4.424 3.039 2.095 2.653 4.097 5.010 8.941 7.182 2.886 4.676 8.516 5.975 6.957 1.817 4.581 8.653 3.854 5.197 6.928 5.636 6.044 6.369 6.847 0.830 4.031 3.211 4.259 2.458 4.185 5.007 7.616 4.603 1.245 7.041 4.798 2.536 2.618 4.202 6.992 5.517 6.786 4.685 3.124 4.593 5.244 3.992 5.401 5.016 4.628 1.192 6.049 5.682 0.301 2.969 3.760 3.186 5.742 2.742 2.556 0.700 2.972 5.973 6.456 3.147 7.259 6.593 3.954 6.122 4.290 5.227 5.753 5.944 6.977 4.085 3.940 
2.336 4.083 2.248 4.252 6.722 5.016 7.238 2.138 6.984 6.773 1.366 4.116 5.487 6.478 3.005 3.109 6.169 7.937 7.115 4.230 4.205 1.517 5.016 7.149 5.716 4.555 2.662 1.983 2.957 3.750 4.647 8.637 6.856 2.801 4.466 8.232 6.018 6.835 1.439 4.210 8.360 4.081 5.349 6.916 5.269 5.681 6.095 6.723 1.109 3.811 3.475 3.983 2.173 3.807 5.154 7.253 4.586 1.621 6.688 4.997 2.508 2.902 3.961 6.616 5.137 6.675 4.371 2.814 4.255 5.162 3.771 5.050 4.900 4.287 1.392 5.937 5.408 0.080 3.297 3.476 3.567 5.670 2.653 2.858 0.737 2.640 5.598 6.293 3.086 6.888 6.213 3.692 5.742 4.364 4.902 5.450 5.703 7.056 4.085 4.008 
4.689 5.852 2.519 3.752 3.678 1.954 4.526 1.062 7.344 4.120 3.975 2.139 4.471 4.695 0.326 1.205 6.816 5.137 4.704 7.428 4.354 2.195 4.502 4.649 4.432 5.795 1.424 3.921 6.086 2.575 1.448 5.752 3.841 3.182 2.945 5.512 6.359 5.674 1.801 1.037 5.557 6.038 6.604 6.687 2.071 2.482 3.593 5.562 4.266 4.264 6.499 1.899 1.619 1.546 6.405 4.053 4.736 4.714 3.514 6.637 4.619 5.993 2.293 3.470 2.158 5.623 3.547 1.131 1.279 4.640 4.227 1.898 4.146 3.043 3.926 4.994 4.853 3.274 6.465 3.408 6.701 5.128 4.424 5.987 3.700 0.909 2.455 4.832 3.472 3.702 3.427 1.918 2.914 5.248 1.994 4.517 3.571 7.553 4.501 4.933 
5.363 5.208 1.964 2.681 3.302 2.645 3.801 1.598 6.292 3.348 3.844 3.276 3.319 3.596 0.940 2.347 5.829 4.483 3.803 7.553 5.447 2.922 3.393 3.792 3.278 4.993 2.484 4.659 6.419 3.724 1.752 5.175 3.419 2.435 1.790 4.800 5.325 4.522 2.323 1.700 4.908 5.446 5.767 5.568 2.382 2.641 2.717 4.409 4.572 5.316 6.926 0.762 1.346 2.681 5.575 4.133 3.732 4.749 3.436 5.910 5.358 6.365 1.141 3.866 2.918 4.469 4.697 0.651 0.964 3.525 5.278 1.861 3.019 4.198 3.774 3.842 6.004 3.522 6.744 4.492 6.696 4.000 5.238 6.321 4.104 0.869 2.940 3.692 2.665 3.958 4.230 0.772 3.724 4.384 1.472 5.671 2.531 6.520 3.574 4.103 
1.892 4.455 3.991 5.820 8.691 6.859 9.180 4.079 7.888 8.710 2.168 5.686 7.096 8.249 4.959 4.844 6.988 9.886 9.009 2.409 4.814 3.150 6.499 9.058 7.389 5.230 4.358 2.287 0.999 5.109 6.580 10.595 8.824 4.341 6.280 10.169 7.020 8.408 3.335 6.116 10.308 4.289 5.884 8.117 7.186 7.612 8.018 8.302 0.868 4.345 1.612 5.911 4.113 5.503 5.722 9.179 5.857 1.255 8.640 5.299 2.246 0.991 5.837 8.479 6.945 8.218 5.450 4.775 6.222 6.633 4.315 7.005 6.477 5.564 2.258 7.490 6.174 1.906 1.333 4.414 2.104 7.101 2.658 0.904 1.461 4.609 7.470 7.985 4.548 8.782 7.908 5.601 7.470 5.297 6.870 6.404 7.574 7.879 5.316 4.988 
3.284 3.238 3.794 5.282 8.865 7.449 9.129 4.518 6.791 8.650 1.753 6.557 6.542 7.858 5.328 5.571 5.869 9.859 8.822 2.051 6.103 3.943 5.847 8.907 6.897 4.107 5.120 3.557 1.851 6.109 6.990 10.601 8.972 3.892 6.017 10.086 6.000 7.778 3.885 6.600 10.268 3.015 4.670 7.191 7.632 8.017 7.928 7.681 1.759 5.644 2.570 5.893 4.226 6.268 4.527 9.584 5.064 0.856 8.960 4.015 3.630 2.008 5.700 9.028 7.584 7.565 6.590 4.934 6.470 5.965 5.611 7.326 5.915 6.615 1.836 6.866 7.436 2.382 1.807 5.591 1.136 6.380 4.018 1.810 2.357 4.862 8.009 7.498 4.007 9.269 8.676 5.547 8.203 4.312 7.039 7.605 7.370 6.741 4.526 4.052 
8.298 8.938 5.798 5.860 1.393 2.327 2.828 4.849 9.147 2.845 7.631 4.156 5.716 4.811 3.990 4.322 8.964 2.884 3.656 11.209 6.967 5.885 6.257 3.432 5.376 8.565 4.795 7.494 9.865 5.034 2.341 3.039 1.544 6.185 4.540 3.347 8.334 6.261 5.586 2.821 3.148 9.208 9.256 8.052 1.751 1.309 3.092 6.187 8.054 7.103 10.246 3.849 5.117 3.894 9.083 0.305 6.984 8.460 0.524 9.546 8.158 9.763 4.296 1.160 2.432 6.366 5.723 4.415 2.879 6.331 7.080 1.990 5.824 5.116 7.568 6.098 6.726 7.059 10.251 6.226 10.440 6.616 7.869 9.766 7.479 4.446 1.687 5.355 6.353 0.693 2.713 4.194 2.604 7.892 2.493 6.140 3.811 9.446 7.025 7.677 
6.885 7.258 4.087 4.307 1.510 1.584 2.682 3.248 7.764 2.409 5.935 3.282 4.395 3.859 2.364 3.034 7.480 3.145 3.188 9.563 6.048 4.404 4.810 3.041 4.136 6.934 3.448 6.101 8.289 4.080 0.883 3.657 1.696 4.493 3.030 3.576 6.886 5.208 4.010 1.442 3.542 7.519 7.655 6.784 0.778 0.656 2.217 5.115 6.454 6.083 8.717 2.194 3.418 2.830 7.475 2.010 5.436 6.789 1.333 7.898 6.790 8.203 2.673 1.948 1.862 5.258 4.942 2.712 1.170 4.905 6.053 0.322 4.379 4.335 5.870 4.846 6.132 5.434 8.655 5.187 8.762 5.261 6.556 8.190 5.908 2.767 1.348 4.273 4.676 1.905 2.910 2.522 2.519 6.276 0.874 5.629 2.688 8.042 5.418 6.040 
7.348 3.196 2.905 1.016 5.513 6.252 4.883 4.589 2.613 4.474 4.226 6.898 1.214 2.744 4.472 5.841 2.295 5.563 4.171 7.608 8.591 5.580 0.431 4.364 1.674 2.380 5.794 6.927 7.290 7.188 5.262 6.311 5.492 2.221 2.168 5.575 1.689 2.155 4.892 5.359 5.873 3.561 2.805 1.990 5.778 5.849 3.838 2.071 5.809 8.330 7.983 3.139 3.606 6.311 2.681 6.967 0.638 5.202 6.155 3.362 7.512 7.356 2.633 7.146 6.544 1.926 8.132 3.686 4.372 0.427 8.289 5.087 0.850 7.717 4.136 1.295 9.422 5.012 7.402 7.660 6.502 0.719 7.602 7.214 5.728 4.005 6.397 2.169 1.926 7.062 7.839 2.938 7.349 1.720 4.325 9.185 3.036 2.863 1.142 1.775 
6.657 8.500 5.171 5.922 2.912 0.758 4.345 3.696 9.487 4.175 6.667 2.261 6.201 5.749 3.013 2.733 9.115 4.626 4.991 9.944 5.022 4.419 6.524 4.815 5.979 8.338 3.226 5.850 8.444 3.138 1.626 4.932 3.115 5.754 4.743 5.091 8.564 7.086 4.311 1.712 4.959 8.709 9.115 8.586 1.146 1.317 4.090 6.990 6.725 5.193 8.733 3.749 4.311 2.144 8.923 2.086 7.025 7.336 2.123 9.240 6.470 8.312 4.257 1.008 0.621 7.126 3.757 3.710 2.516 6.634 5.173 1.863 6.104 3.157 6.622 6.675 4.743 5.828 8.865 4.339 9.311 7.035 6.135 8.347 6.104 3.586 0.543 6.152 6.005 1.464 1.020 3.996 0.677 7.731 2.660 4.163 4.574 9.745 6.912 7.450 
3.436 5.848 4.174 7.179 4.196 8.644 3.607 10.562 7.873 5.775 4.856 3.818 3.580 3.191 0.984 2.336 8.244 2.825 6.844 6.526 1.284 6.792 1.670 8.192 2.848 8.745 7.731 7.121 6.725 9.250 3.593 0.552 10.895 4.526 3.097 8.926 8.659 2.455 8.654 6.359 9.400 2.854 5.806 5.021 7.630 4.511 6.315 5.242 3.923 4.445 1.349 9.834 8.969 1.916 7.610 9.414 0.928 3.842 7.782 7.026 1.883 9.262 9.492 8.345 6.159 3.376 3.633 2.529 2.124 3.688 7.717 5.194 3.108 9.627 5.824 5.266 6.403 6.466 5.285 7.399 7.625 8.944 0.970 5.855 5.207 3.877 5.252 8.596 8.304 5.311 8.024 4.272 5.179 5.429 6.177 8.768 1.985 4.030 4.165 0.622 
5.662 6.976 2.069 2.609 8.855 8.031 8.495 9.725 4.397 3.434 8.440 3.060 4.492 7.713 5.890 4.696 8.398 3.569 2.693 2.212 6.447 0.978 4.646 5.622 3.675 4.096 2.650 7.960 1.594 4.092 4.868 6.535 10.135 2.751 4.609 9.127 3.841 5.766 6.222 5.624 9.423 7.666 7.718 3.830 6.859 7.492 7.244 1.353 5.570 3.347 5.563 4.165 3.665 4.988 6.459 3.615 5.868 4.820 4.109 4.442 5.910 6.643 8.778 4.826 9.426 8.471 2.409 3.912 4.732 5.636 1.702 5.296 4.834 8.187 0.951 7.043 6.529 8.634 4.219 3.827 8.666 4.821 6.595 7.226 9.183 6.719 8.189 7.900 7.333 10.111 2.078 7.898 6.381 5.021 1.947 5.238 6.143 8.454 2.016 6.659 
2.561 3.661 3.239 2.910 5.949 5.247 5.722 7.131 3.322 1.225 5.259 4.134 5.320 4.904 4.970 4.676 5.361 1.869 2.492 2.344 4.279 3.465 2.889 3.800 3.907 4.300 3.579 4.731 2.909 4.942 1.736 5.101 7.526 4.433 5.114 6.115 4.272 5.700 4.338 2.652 6.482 4.986 4.382 0.692 4.049 4.267 3.964 1.984 2.332 0.107 4.886 5.784 4.757 4.680 3.792 5.530 4.919 1.603 3.235 2.539 5.493 4.921 6.083 3.798 6.143 5.796 2.582 2.071 2.493 6.282 4.456 2.007 5.318 5.807 3.908 3.709 3.362 5.297 1.127 2.856 5.431 4.403 4.623 3.900 6.041 3.555 4.912 5.141 4.656 7.157 4.539 4.775 3.046 1.823 2.123 4.227 3.628 5.506 1.895 5.052 
4.315 4.415 4.384 1.363 7.674 4.720 7.536 6.348 1.347 0.864 6.727 5.459 6.829 6.726 6.935 6.424 5.230 3.814 0.938 1.252 6.302 2.918 4.909 2.279 5.521 2.323 2.042 5.066 2.061 3.076 3.557 7.128 6.758 5.528 6.723 5.918 2.354 7.504 2.883 2.603 6.160 6.867 5.333 1.771 3.600 5.712 4.524 2.404 3.931 2.143 6.804 4.110 2.998 6.506 3.152 4.021 6.887 3.348 1.208 1.059 7.375 3.366 5.426 1.842 7.355 7.657 4.001 4.065 4.531 7.895 3.670 2.875 6.945 4.803 4.271 4.781 3.634 6.176 1.812 0.823 5.747 2.367 6.657 4.712 7.532 5.149 6.195 4.582 4.000 8.812 3.535 6.345 4.058 2.449 1.439 2.290 5.607 7.214 3.147 7.089 
4.931 2.626 8.392 6.072 6.731 0.439 6.995 2.198 4.504 4.626 5.218 9.259 10.324 6.449 9.163 9.455 0.645 6.634 5.711 6.052 7.382 7.714 7.101 3.219 8.887 6.043 6.642 1.664 6.864 6.956 4.908 8.804 2.533 9.587 10.038 1.135 6.291 10.311 2.932 2.508 1.367 6.819 3.181 4.476 1.205 4.598 2.189 6.828 4.446 5.212 9.272 8.215 7.141 9.323 1.665 8.376 9.102 4.697 4.784 3.807 9.931 3.188 1.145 4.461 4.899 7.297 7.719 6.637 6.448 11.154 8.459 3.376 10.216 1.778 8.840 3.351 1.988 3.341 4.036 4.788 1.833 5.287 7.857 2.745 5.826 4.776 4.389 0.530 0.979 7.341 8.277 5.306 3.206 3.372 6.182 4.441 6.505 6.339 7.043 8.585 
2.800 0.858 7.351 6.622 3.818 3.326 4.105 4.959 5.715 4.643 2.309 7.950 8.701 3.626 6.955 7.629 2.512 5.151 6.174 6.310 4.885 7.774 5.159 4.912 7.326 7.287 7.312 1.278 7.064 8.173 3.234 6.391 5.209 8.450 8.325 3.046 7.436 8.286 4.964 2.809 3.536 4.022 0.276 3.967 2.944 1.752 0.919 6.406 2.515 4.424 7.166 9.327 8.199 7.391 3.313 9.288 6.893 3.147 5.886 4.676 7.810 5.452 4.009 5.919 2.257 4.420 6.565 5.010 4.510 9.321 8.711 2.502 8.460 4.634 8.309 0.836 1.841 0.906 3.647 5.696 1.603 6.811 5.352 0.561 2.962 2.174 1.484 3.359 3.424 4.478 8.688 2.415 1.381 2.867 6.259 6.108 4.063 3.434 6.149 6.122 
5.779 3.765 8.484 5.493 8.012 1.049 8.217 1.948 3.717 4.502 6.537 9.452 10.651 7.602 9.848 9.918 2.107 7.045 5.211 5.631 8.287 7.280 7.715 2.331 9.227 5.099 5.959 3.067 6.409 5.977 5.558 9.619 2.358 9.680 10.422 2.336 5.383 10.861 1.846 2.821 2.278 7.943 4.490 4.647 1.523 5.814 3.399 6.696 5.259 5.416 9.894 7.238 6.232 9.847 1.569 7.490 9.789 5.318 4.026 3.346 10.545 1.890 1.182 3.531 6.333 8.496 7.901 7.120 7.096 11.577 7.893 3.951 10.618 0.489 8.653 4.515 2.842 4.771 4.228 4.143 3.309 4.243 8.753 3.956 7.195 5.847 5.719 0.948 0.867 8.713 7.640 6.549 4.188 3.780 5.844 3.387 7.409 7.597 7.134 9.437 
0.712 2.391 4.423 4.714 4.100 4.901 3.934 6.836 4.650 2.750 3.377 5.009 5.835 3.122 4.520 4.853 4.635 2.211 4.272 4.199 3.030 5.335 2.445 4.606 4.428 5.924 5.406 3.666 4.798 6.663 0.291 4.271 7.188 5.506 5.495 5.365 5.953 5.659 4.995 2.589 5.811 3.278 2.818 1.838 3.850 2.401 2.821 3.771 0.478 1.836 4.613 7.601 6.533 4.685 3.830 7.386 4.459 0.287 4.666 3.632 5.272 5.603 5.759 5.055 4.332 4.057 3.629 2.100 1.790 6.561 6.335 1.414 5.651 5.843 5.510 2.124 2.671 3.716 1.855 4.332 4.296 5.820 3.472 2.527 4.153 1.666 3.096 4.841 4.524 5.285 6.429 2.885 1.663 1.701 4.006 5.420 2.194 3.648 3.291 4.107 
7.748 8.006 5.624 2.337 11.145 7.682 10.935 8.846 3.396 4.365 10.304 6.650 8.082 10.118 9.270 8.230 8.440 6.455 2.788 2.871 9.323 2.627 7.641 4.715 7.204 1.905 1.641 8.527 2.506 1.109 6.935 9.766 9.234 6.315 8.194 9.028 1.621 9.320 5.156 6.111 9.152 10.195 8.937 5.241 6.779 9.288 8.076 3.993 7.434 5.293 8.996 0.603 0.770 8.482 6.273 0.488 9.239 6.769 3.130 4.262 9.412 5.259 8.175 3.478 10.965 11.007 5.775 6.788 7.488 9.225 2.137 6.484 8.421 7.234 4.378 8.392 7.149 9.763 5.387 3.213 9.171 2.810 9.584 8.306 11.107 8.672 9.801 7.532 6.952 12.328 1.657 9.888 7.669 6.060 3.143 3.637 8.785 10.694 5.086 9.824 
5.363 3.448 8.005 5.077 7.716 1.092 7.894 2.395 3.337 4.027 6.267 8.972 10.172 7.256 9.396 9.445 2.095 6.573 4.779 5.189 7.873 6.845 7.258 1.963 8.749 4.779 5.567 2.891 5.975 5.672 5.113 9.186 2.805 9.201 9.945 2.469 5.051 10.394 1.551 2.361 2.503 7.585 4.230 4.168 1.134 5.500 3.115 6.226 4.841 4.937 9.435 6.937 5.904 9.378 1.103 7.158 9.337 4.869 3.641 2.896 10.085 1.739 1.520 3.195 6.149 8.163 7.421 6.652 6.644 11.101 7.481 3.507 10.142 0.957 8.190 4.195 2.471 4.593 3.750 3.732 3.229 3.957 8.336 3.662 6.951 5.484 5.459 0.951 0.572 8.466 7.242 6.242 3.817 3.318 5.391 3.098 6.997 7.291 6.655 9.010 
3.334 5.285 1.453 3.936 6.234 7.254 5.827 9.157 5.026 3.076 6.039 2.132 3.280 5.074 3.439 2.744 7.275 0.903 3.672 3.279 3.708 3.418 1.907 5.753 1.882 5.572 4.418 6.493 3.364 5.967 2.691 3.909 9.548 2.547 3.095 8.029 5.439 3.828 6.318 4.658 8.425 4.984 5.794 2.731 6.065 5.189 5.669 1.870 3.433 1.962 3.221 6.467 5.650 2.843 5.830 6.033 3.403 2.765 4.854 4.451 3.740 6.882 8.100 5.521 7.167 5.775 0.654 1.217 2.049 4.270 4.369 3.814 3.308 7.850 2.787 5.098 5.240 6.690 3.157 4.470 7.167 5.942 3.862 5.462 6.720 4.373 5.956 7.155 6.687 7.494 4.652 5.452 4.578 3.758 2.903 5.969 3.455 5.863 0.783 3.989 
1.989 2.201 6.741 7.124 2.072 5.120 2.271 6.811 6.668 5.092 0.848 7.107 7.593 1.779 5.481 6.419 4.362 4.424 6.670 6.668 3.266 7.881 4.031 6.176 6.333 8.128 7.827 3.128 7.315 8.947 2.765 4.780 7.063 7.702 7.168 4.893 8.213 6.903 6.364 3.914 5.382 2.184 1.578 4.227 4.534 0.174 2.565 6.318 2.091 4.377 5.763 9.983 8.880 6.111 4.796 9.828 5.422 2.833 6.767 5.590 6.372 6.916 5.844 6.977 1.871 2.574 5.937 4.180 3.470 8.043 8.878 3.055 7.266 6.387 7.990 1.459 3.233 1.990 4.076 6.494 3.410 7.834 3.705 2.004 1.651 0.931 0.744 5.135 5.107 2.999 8.955 0.592 2.011 3.498 6.511 7.254 2.564 1.642 5.757 4.481 
5.265 4.808 5.605 1.840 8.514 4.278 8.446 5.635 0.081 2.020 7.412 6.695 8.084 7.654 8.190 7.701 5.007 5.069 1.669 2.157 7.431 3.690 6.133 1.380 6.792 1.655 2.251 5.151 2.833 2.566 4.581 8.343 6.040 6.718 7.991 5.605 1.853 8.781 1.937 2.840 5.753 7.841 5.768 2.834 3.346 6.419 4.793 3.584 4.819 3.351 8.071 3.792 2.687 7.782 2.841 3.908 8.142 4.348 0.319 1.004 8.648 2.288 4.843 0.565 7.857 8.603 5.265 5.305 5.713 9.160 4.203 3.544 8.214 4.024 5.297 5.324 3.844 6.518 2.715 0.542 5.770 1.257 7.811 5.111 8.212 5.968 6.784 4.129 3.541 9.582 3.933 7.108 4.630 3.103 2.478 1.013 6.686 8.051 4.408 8.285 
5.743 4.596 7.000 3.369 8.701 3.149 8.742 4.214 1.511 3.112 7.415 8.066 9.410 8.000 9.209 8.909 4.060 6.134 3.193 3.672 8.131 5.221 7.079 0.513 8.061 2.739 3.720 4.540 4.366 3.613 5.213 9.224 4.609 8.148 9.273 4.530 3.029 9.956 0.526 2.759 4.580 8.254 5.530 3.689 2.549 6.494 4.433 5.020 5.238 4.369 9.147 4.875 3.875 8.939 2.080 5.132 9.156 4.960 1.820 1.738 9.758 0.760 3.544 1.202 7.605 8.952 6.577 6.315 6.567 10.449 5.699 3.820 9.490 2.595 6.810 5.251 3.526 6.126 3.406 2.057 5.046 1.883 8.554 4.878 8.180 6.221 6.685 3.001 2.468 9.643 5.397 7.230 4.655 3.439 3.970 1.025 7.312 8.246 5.733 9.118 
1.272 1.580 5.123 4.712 4.292 4.025 4.251 5.956 4.300 2.675 3.270 5.796 6.688 3.483 5.395 5.731 3.751 3.020 4.257 4.288 3.777 5.623 3.332 4.020 5.268 5.714 5.415 2.818 4.981 6.523 1.152 5.099 6.305 6.251 6.360 4.485 5.791 6.546 4.340 1.846 4.927 3.724 2.192 1.846 3.006 2.256 1.979 4.178 0.746 2.183 5.498 7.559 6.454 5.570 3.037 7.418 5.334 0.977 4.372 3.230 6.157 4.938 4.880 4.649 3.997 4.437 4.352 2.950 2.676 7.439 6.594 0.712 6.522 5.009 6.054 1.514 1.788 3.109 1.652 4.083 3.473 5.476 4.238 1.768 4.076 1.748 2.787 3.970 3.678 5.378 6.625 2.902 0.883 1.129 4.169 4.969 2.906 3.829 3.895 4.913 
0.878 1.929 5.661 6.029 2.873 4.883 2.847 6.727 5.719 4.012 1.981 6.105 6.720 2.108 4.887 5.605 4.328 3.356 5.578 5.550 2.873 6.732 3.146 5.393 5.392 7.116 6.729 3.158 6.179 7.906 1.617 4.354 7.030 6.668 6.323 4.975 7.179 6.223 5.665 3.153 5.457 2.399 1.849 3.125 4.067 1.008 2.389 5.166 0.948 3.230 5.099 8.904 7.813 5.346 4.221 8.724 4.825 1.683 5.787 4.650 5.742 6.249 5.689 6.067 2.970 3.055 4.856 3.145 2.522 7.282 7.731 2.117 6.445 6.038 6.858 1.286 2.733 2.625 3.020 5.489 3.642 6.895 3.347 1.888 2.766 0.328 1.746 4.865 4.706 3.981 7.816 1.522 1.386 2.547 5.379 6.381 2.019 2.410 4.627 4.102 
7.100 7.599 4.700 1.834 10.489 7.621 10.245 8.952 3.336 3.842 9.736 5.722 7.154 9.429 8.382 7.312 8.289 5.636 2.280 2.221 8.532 1.701 6.815 4.718 6.286 2.142 1.166 8.243 1.690 1.669 6.276 8.907 9.351 5.389 7.267 8.924 1.821 8.399 5.228 5.787 9.096 9.481 8.501 4.664 6.623 8.725 7.718 3.138 6.827 4.610 8.097 1.510 1.205 7.571 6.131 1.037 8.352 6.130 3.034 4.020 8.501 5.434 8.193 3.546 10.478 10.297 4.876 5.975 6.705 8.297 1.285 6.003 7.494 7.333 3.459 7.917 6.823 9.360 4.870 3.003 8.913 3.072 8.772 7.893 10.532 8.066 9.285 7.473 6.883 11.695 0.821 9.288 7.195 5.600 2.421 3.807 8.037 10.046 4.217 8.978 
6.398 4.261 9.220 6.180 8.443 1.303 8.688 1.268 4.373 5.238 6.937 10.186 11.377 8.110 10.521 10.629 2.259 7.758 5.913 6.342 8.898 7.984 8.398 2.991 9.950 5.682 6.619 3.388 7.113 6.535 6.226 10.260 1.670 10.416 11.143 2.241 5.977 11.560 2.456 3.519 2.032 8.467 4.894 5.375 2.162 6.283 3.856 7.430 5.885 6.144 10.580 7.788 6.818 10.549 2.284 8.075 10.461 5.990 4.685 4.067 11.233 2.358 0.868 4.144 6.607 8.981 8.634 7.823 7.770 12.294 8.570 4.622 11.336 0.354 9.381 5.005 3.424 5.055 4.953 4.827 3.487 4.794 9.368 4.418 7.550 6.388 6.110 1.283 1.488 9.065 8.302 7.003 4.752 4.477 6.564 3.951 8.018 8.044 7.870 10.067 
5.910 4.177 8.084 4.793 8.444 1.878 8.591 2.700 2.960 4.080 7.023 9.099 10.364 7.923 9.797 9.721 2.912 6.861 4.556 5.006 8.408 6.622 7.646 1.599 8.963 4.250 5.203 3.710 5.753 5.110 5.566 9.660 3.096 9.267 10.172 3.224 4.543 10.711 1.031 2.811 3.187 8.236 5.003 4.394 1.843 6.216 3.878 6.202 5.384 5.150 9.801 6.367 5.386 9.690 1.618 6.643 9.739 5.315 3.274 2.793 10.440 0.981 2.080 2.712 6.957 8.847 7.562 6.978 7.060 11.341 7.167 3.990 10.377 1.080 8.100 4.913 3.148 5.406 4.011 3.444 4.058 3.370 8.862 4.410 7.726 6.135 6.226 1.749 1.391 9.236 6.885 6.963 4.471 3.727 5.257 2.521 7.543 8.010 6.757 9.506 
6.430 8.756 2.975 7.149 8.160 11.008 7.584 12.928 8.611 6.820 8.615 1.867 0.532 7.093 3.110 1.700 10.938 4.227 7.035 6.557 5.183 5.807 4.093 9.491 1.967 8.779 7.392 10.031 6.260 8.899 6.082 4.117 13.313 2.092 0.930 11.685 8.564 1.843 10.071 8.424 12.107 6.798 9.048 6.523 9.832 8.040 9.187 5.007 6.737 5.754 2.670 8.963 8.486 2.080 9.617 8.377 3.146 6.244 8.390 8.182 2.395 10.617 11.862 9.099 9.898 7.362 3.323 4.271 4.723 0.907 6.358 7.485 0.878 11.644 4.046 8.390 8.908 9.862 6.944 8.026 10.660 9.355 4.952 8.872 9.083 7.267 8.833 10.916 10.466 9.297 6.809 8.003 8.027 7.496 6.178 9.548 5.595 7.952 4.164 4.432 
3.357 4.932 6.757 8.634 1.353 7.906 0.748 9.633 8.701 6.770 2.626 6.668 6.592 1.083 3.923 5.345 7.185 4.716 8.214 8.052 1.951 8.829 3.703 8.529 5.720 9.955 9.296 5.951 8.503 10.654 4.076 2.948 9.887 7.364 6.111 7.712 9.963 5.378 8.828 6.315 8.201 0.785 4.402 5.863 7.204 2.935 5.342 7.175 3.825 5.638 4.341 11.500 10.481 4.929 7.386 11.207 3.879 4.291 8.719 7.668 4.775 9.415 8.655 9.095 3.777 0.410 6.049 4.372 3.557 6.645 9.828 5.220 6.121 9.135 8.319 4.187 5.868 4.685 5.908 8.382 6.215 9.873 2.059 4.782 2.590 2.866 3.354 7.910 7.821 2.310 10.033 2.283 4.530 5.621 7.784 9.445 2.161 1.431 6.269 2.612 
0.963 3.405 4.193 5.591 3.475 6.148 3.137 8.068 5.821 3.794 3.278 4.494 5.031 2.339 3.306 3.912 5.776 1.897 5.178 5.001 1.723 5.832 1.453 5.898 3.727 6.964 6.247 4.696 5.460 7.627 1.196 2.962 8.405 5.100 4.630 6.476 6.951 4.569 6.307 3.912 6.942 2.343 3.527 2.912 5.143 2.532 3.868 4.181 1.428 2.596 3.465 8.450 7.440 3.663 5.147 8.157 3.244 1.449 5.797 4.853 4.120 6.915 6.997 6.254 4.478 3.160 3.400 1.608 0.856 5.595 6.839 2.735 4.751 7.144 5.574 2.905 3.906 4.318 3.054 5.439 5.252 6.968 2.153 3.451 3.927 1.732 3.329 6.099 5.815 4.732 7.016 2.675 2.709 3.019 4.733 6.642 0.952 3.081 3.385 2.786 
5.119 5.055 4.864 1.042 8.465 4.938 8.339 6.396 0.851 1.676 7.479 5.965 7.375 7.530 7.667 7.066 5.580 4.558 0.856 1.350 7.107 2.878 5.679 2.155 6.125 1.515 1.554 5.574 2.017 2.308 4.368 7.901 6.804 5.951 7.309 6.221 1.573 8.160 2.734 3.147 6.409 7.677 5.996 2.581 3.915 6.468 5.112 2.830 4.725 2.936 7.514 3.415 2.288 7.178 3.426 3.409 7.621 4.157 0.574 1.317 8.066 3.106 5.559 1.299 8.050 8.464 4.582 4.826 5.325 8.470 3.439 3.601 7.534 4.797 4.485 5.480 4.185 6.806 2.593 0.312 6.229 1.613 7.456 5.356 8.285 5.931 6.917 4.792 4.201 9.590 3.206 7.118 4.763 3.163 1.689 1.736 6.419 8.005 3.727 7.871 
5.872 4.059 8.194 4.983 8.329 1.649 8.492 2.480 3.164 4.189 6.892 9.198 10.445 7.837 9.813 9.777 2.692 6.910 4.733 5.175 8.377 6.802 7.665 1.788 9.036 4.482 5.409 3.532 5.932 5.347 5.560 9.652 2.880 9.382 10.243 2.984 4.773 10.755 1.245 2.796 2.941 8.158 4.861 4.456 1.725 6.106 3.741 6.336 5.346 5.218 9.829 6.605 5.618 9.735 1.564 6.875 9.756 5.311 3.477 2.935 10.472 1.228 1.834 2.934 6.790 8.754 7.655 7.016 7.069 11.409 7.366 3.970 10.446 0.861 8.253 4.801 3.052 5.234 4.062 3.631 3.855 3.608 8.834 4.282 7.584 6.055 6.089 1.524 1.212 9.097 7.093 6.851 4.388 3.731 5.416 2.756 7.507 7.900 6.860 9.490 
5.315 4.642 5.991 2.300 8.489 3.880 8.454 5.187 0.452 2.254 7.326 7.072 8.444 7.675 8.437 8.016 4.653 5.323 2.117 2.599 7.567 4.148 6.348 0.937 7.129 1.956 2.698 4.880 3.290 2.873 4.677 8.542 5.590 7.120 8.334 5.225 2.194 9.086 1.479 2.675 5.352 7.884 5.603 2.988 3.009 6.350 4.586 3.986 4.846 3.575 8.338 4.124 3.044 8.079 2.500 4.285 8.387 4.435 0.766 1.007 8.928 1.835 4.414 0.457 7.699 8.628 5.616 5.540 5.894 9.507 4.659 3.507 8.555 3.573 5.739 5.203 3.635 6.315 2.805 0.981 5.474 1.345 7.962 4.942 8.119 5.951 6.665 3.730 3.148 9.522 4.381 7.057 4.532 3.077 2.906 0.785 6.794 8.026 4.762 8.468 
5.815 6.798 2.941 1.761 9.133 7.504 8.826 9.105 3.610 3.057 8.560 3.984 5.429 8.023 6.635 5.547 7.973 4.022 1.952 1.533 6.940 0.155 5.175 4.910 4.521 3.150 1.698 7.668 0.755 3.127 4.992 7.200 9.514 3.712 5.519 8.678 2.885 6.635 5.499 5.246 8.937 8.025 7.614 3.656 6.370 7.575 7.013 1.517 5.637 3.351 6.341 3.275 2.705 5.807 5.934 2.772 6.608 4.897 3.307 3.829 6.736 5.873 8.205 4.004 9.449 8.840 3.124 4.368 5.148 6.573 1.157 5.118 5.747 7.530 1.886 6.968 6.218 8.517 3.983 3.071 8.368 3.913 7.141 7.069 9.332 6.844 8.220 7.365 6.784 10.372 1.355 8.055 6.270 4.784 1.411 4.395 6.530 8.709 2.523 7.291 
0.541 2.366 5.263 5.933 2.884 5.277 2.751 7.148 5.777 3.953 2.246 5.661 6.241 1.958 4.399 5.117 4.772 2.947 5.489 5.417 2.429 6.506 2.663 5.567 4.926 7.110 6.625 3.622 6.003 7.867 1.366 3.890 7.460 6.239 5.839 5.434 7.151 5.730 5.882 3.375 5.913 2.178 2.342 3.045 4.401 1.370 2.832 4.905 0.879 3.034 4.607 8.818 7.747 4.854 4.510 8.605 4.337 1.500 5.819 4.726 5.250 6.477 6.098 6.153 3.347 2.909 4.458 2.713 2.051 6.791 7.512 2.258 5.958 6.392 6.520 1.764 3.081 3.109 3.011 5.500 4.125 6.954 2.905 2.353 2.987 0.552 2.154 5.251 5.055 4.067 7.625 1.703 1.755 2.659 5.217 6.491 1.560 2.429 4.289 3.648 
2.660 5.053 4.271 6.819 3.589 7.879 3.035 9.787 7.351 5.263 4.104 4.122 4.135 2.508 1.759 2.890 7.453 2.514 6.454 6.181 0.610 6.637 1.340 7.571 3.174 8.330 7.413 6.320 6.469 8.895 2.901 1.217 10.115 4.819 3.666 8.128 8.270 3.197 8.008 5.653 8.604 2.220 4.998 4.454 6.890 3.712 5.519 5.024 3.161 3.953 2.060 9.566 8.645 2.512 6.894 9.187 1.699 3.154 7.286 6.452 2.651 8.617 8.722 7.810 5.406 2.858 3.620 2.178 1.564 4.387 7.602 4.478 3.714 8.892 5.882 4.461 5.640 5.663 4.676 6.910 6.818 8.457 0.627 5.052 4.509 3.069 4.463 7.835 7.562 4.770 7.869 3.509 4.393 4.743 5.853 8.220 1.178 3.367 4.000 1.047 
4.967 7.381 3.017 6.946 6.402 9.879 5.819 11.819 8.113 6.122 6.933 2.173 1.406 5.355 1.355 0.389 9.676 3.147 6.726 6.300 3.436 6.005 2.615 8.775 1.415 8.601 7.344 8.675 6.224 8.901 4.776 2.359 12.187 2.807 0.926 10.405 8.440 0.740 9.317 7.365 10.852 5.045 7.554 5.619 8.750 6.433 7.833 4.777 5.346 4.881 0.905 9.210 8.539 0.366 8.610 8.690 1.384 4.977 7.943 7.491 0.864 9.899 10.741 8.608 8.229 5.592 2.906 3.062 3.278 1.574 6.769 6.311 0.897 10.665 4.557 6.931 7.689 8.320 5.996 7.559 9.262 9.021 3.183 7.459 7.360 5.696 7.216 9.804 9.411 7.527 7.164 6.327 6.660 6.408 5.915 9.056 3.924 6.209 3.727 2.666 
1.947 2.970 6.434 7.343 1.495 5.936 1.506 7.667 7.099 5.350 1.113 6.674 7.018 0.904 4.747 5.808 5.219 4.138 6.897 6.832 2.490 7.899 3.535 6.749 5.837 8.482 8.037 3.986 7.414 9.259 2.775 3.983 7.927 7.307 6.573 5.766 8.537 6.198 6.993 4.493 6.256 1.304 2.447 4.447 5.270 0.970 3.372 6.281 2.254 4.445 5.061 10.227 9.150 5.469 5.485 10.020 4.689 2.915 7.163 6.030 5.645 7.565 6.683 7.447 2.408 1.765 5.643 3.850 3.062 7.379 8.907 3.495 6.651 7.175 7.801 2.221 3.941 2.851 4.380 6.860 4.290 8.275 2.901 2.811 1.684 1.052 1.540 5.943 5.872 2.652 9.031 0.507 2.630 3.927 6.631 7.758 1.908 1.033 5.588 3.671 
2.618 0.252 6.751 5.655 4.522 2.742 4.705 4.575 4.700 3.715 3.104 7.454 8.342 4.098 6.886 7.355 2.203 4.681 5.212 5.377 5.006 6.894 4.915 3.921 6.926 6.274 6.338 1.158 6.151 7.163 2.791 6.455 4.883 7.896 8.003 2.896 6.427 8.119 4.011 1.795 3.363 4.453 1.162 3.123 2.084 2.304 0.318 5.610 2.186 3.676 7.037 8.325 7.197 7.168 2.385 8.302 6.824 2.637 4.874 3.664 7.694 4.528 3.537 4.906 3.255 4.984 5.993 4.603 4.252 9.063 7.805 1.659 8.159 3.955 7.567 1.002 0.846 1.894 2.760 4.690 1.815 5.797 5.482 0.506 3.835 2.386 2.330 2.736 2.656 5.329 7.757 3.046 0.873 1.956 5.355 5.103 4.135 4.095 5.481 6.222 
7.016 4.777 9.977 6.930 8.855 1.804 9.140 0.617 5.109 6.001 7.329 10.936 12.112 8.605 11.187 11.342 2.553 8.476 6.671 7.104 9.498 8.742 9.079 3.735 10.683 6.370 7.353 3.768 7.871 7.202 6.894 10.889 0.968 11.175 11.870 2.298 6.670 12.258 3.182 4.230 1.945 8.975 5.314 6.118 2.842 6.750 4.345 8.196 6.512 6.886 11.261 8.444 7.504 11.251 3.018 8.757 11.127 6.665 5.423 4.833 11.917 3.013 1.033 4.858 6.874 9.447 9.383 8.529 8.442 13.016 9.313 5.300 12.061 1.093 10.148 5.506 4.033 5.356 5.691 5.577 3.730 5.464 9.971 4.900 7.892 6.925 6.500 1.838 2.180 9.393 9.036 7.449 5.326 5.183 7.329 4.636 8.618 8.475 8.626 10.684 
5.097 2.815 8.477 6.060 6.934 0.247 7.196 2.033 4.455 4.671 5.422 9.358 10.440 6.645 9.319 9.587 0.812 6.755 5.709 6.063 7.558 7.728 7.247 3.145 9.004 5.977 6.617 1.868 6.872 6.886 5.053 8.972 2.381 9.674 10.161 1.190 6.230 10.453 2.826 2.590 1.350 7.013 3.384 4.559 1.235 4.797 2.383 6.881 4.607 5.303 9.421 8.147 7.083 9.461 1.660 8.324 9.258 4.837 4.741 3.800 10.079 3.052 0.966 4.391 5.101 7.496 7.814 6.767 6.596 11.283 8.455 3.504 10.341 1.578 8.890 3.544 2.137 3.544 4.119 4.761 2.023 5.202 8.032 2.941 6.030 4.964 4.593 0.364 0.893 7.545 8.263 5.507 3.381 3.478 6.204 4.351 6.680 6.541 7.126 8.757 
3.324 4.220 3.126 2.162 6.714 5.425 6.485 7.240 2.828 0.885 5.999 4.138 5.444 5.668 5.456 4.961 5.679 2.341 1.762 1.581 4.975 2.768 3.467 3.554 4.090 3.623 2.820 5.187 2.158 4.216 2.500 5.688 7.644 4.317 5.301 6.421 3.568 6.032 4.133 2.903 6.750 5.744 5.008 1.062 4.226 4.999 4.472 1.457 3.074 0.842 5.320 5.026 4.012 5.028 3.891 4.765 5.410 2.359 2.687 2.245 5.892 4.681 6.227 3.321 6.843 6.556 2.615 2.610 3.155 6.477 3.741 2.535 5.518 5.815 3.468 4.355 3.761 5.915 1.445 2.299 5.892 3.825 5.293 4.481 6.787 4.306 5.619 5.306 4.775 7.920 3.797 5.527 3.663 2.246 1.362 3.766 4.362 6.270 1.793 5.670 
3.831 3.299 5.286 2.651 7.000 3.425 6.960 5.137 1.614 1.282 5.872 6.291 7.562 6.181 7.194 6.966 3.905 4.144 2.253 2.568 6.141 4.229 5.059 1.531 6.171 3.143 3.287 3.794 3.381 4.023 3.228 7.203 5.545 6.475 7.383 4.594 3.286 7.989 2.048 1.361 4.847 6.394 4.252 1.675 2.281 4.883 3.330 3.472 3.354 2.389 7.145 5.188 4.060 6.968 1.851 5.195 7.140 2.980 1.745 0.538 7.765 2.637 4.167 1.936 6.332 7.134 4.754 4.307 4.546 8.556 4.994 2.019 7.593 3.664 5.448 3.787 2.398 5.036 1.387 1.549 4.460 2.778 6.553 3.601 6.671 4.459 5.245 3.291 2.721 8.050 4.848 5.579 3.090 1.584 2.703 2.266 5.344 6.537 3.951 7.102 
6.769 4.686 9.405 6.198 8.889 1.757 9.125 1.413 4.360 5.404 7.389 10.394 11.615 8.535 10.848 10.903 2.727 8.030 5.961 6.408 9.275 8.027 8.714 3.005 10.196 5.578 6.596 3.847 7.159 6.403 6.558 10.616 1.773 10.596 11.396 2.689 5.881 11.854 2.429 3.818 2.447 8.886 5.344 5.611 2.513 6.719 4.291 7.566 6.251 6.379 10.892 7.642 6.710 10.838 2.562 7.962 10.789 6.318 4.673 4.169 11.543 2.216 1.308 4.084 7.073 9.414 8.846 8.111 8.095 12.555 8.566 4.951 11.594 0.511 9.488 5.434 3.813 5.520 5.199 4.850 3.955 4.667 9.743 4.853 8.009 6.799 6.563 1.723 1.844 9.525 8.277 7.444 5.152 4.776 6.652 3.845 8.396 8.487 8.063 10.431 
6.742 7.066 4.849 1.339 10.139 6.957 9.930 8.265 2.660 3.375 9.311 5.917 7.367 9.112 8.374 7.411 7.649 5.493 1.793 1.868 8.340 1.936 6.680 4.038 6.390 1.475 0.638 7.651 1.586 1.187 5.929 8.829 8.664 5.658 7.437 8.271 1.157 8.512 4.541 5.207 8.432 9.191 7.985 4.242 5.982 8.296 7.159 3.079 6.433 4.289 8.120 1.582 0.759 7.636 5.485 1.372 8.340 5.764 2.363 3.399 8.566 4.744 7.515 2.857 9.996 10.003 4.912 5.821 6.504 8.510 1.842 5.512 7.666 6.646 3.792 7.425 6.246 8.826 4.402 2.363 8.310 2.396 8.611 7.363 10.113 7.671 8.821 6.808 6.220 11.325 1.430 8.888 6.701 5.094 2.153 3.117 7.788 9.689 4.177 8.875 
6.557 5.818 6.780 2.696 9.732 4.607 9.701 5.543 1.274 3.371 8.550 7.885 9.302 8.922 9.531 8.990 5.513 6.409 2.722 3.211 8.774 4.481 7.483 1.752 8.056 1.484 2.787 5.922 3.708 2.252 5.903 9.695 5.922 7.839 9.240 5.988 1.803 10.080 1.982 3.872 6.029 9.129 6.775 4.178 3.959 7.582 5.721 4.745 6.091 4.702 9.401 3.490 2.585 9.091 3.466 3.822 9.483 5.665 1.399 2.244 9.968 1.946 4.965 0.821 8.870 9.874 6.514 6.652 7.064 10.401 4.737 4.752 9.466 3.951 6.252 6.411 4.780 7.443 4.030 1.785 6.463 0.549 9.158 6.114 9.338 7.197 7.871 4.460 3.925 10.754 4.364 8.295 5.754 4.323 3.580 0.512 8.017 9.269 5.658 9.637 
0.847 3.108 3.936 4.923 4.009 5.672 3.732 7.608 5.123 3.098 3.578 4.403 5.132 2.917 3.751 4.110 5.397 1.631 4.503 4.347 2.404 5.271 1.678 5.231 3.749 6.271 5.588 4.397 4.845 6.947 0.554 3.542 7.960 4.949 4.773 6.122 6.264 4.892 5.657 3.319 6.572 2.976 3.417 2.214 4.612 2.700 3.553 3.638 1.077 1.928 3.842 7.794 6.770 3.925 4.572 7.520 3.691 0.804 5.099 4.162 4.501 6.266 6.530 5.558 4.678 3.789 3.132 1.442 1.019 5.817 6.281 2.159 4.921 6.598 5.185 2.741 3.443 4.278 2.364 4.741 5.006 6.270 2.815 3.212 4.296 1.887 3.468 5.612 5.285 5.248 6.431 3.013 2.382 2.394 4.096 5.949 1.649 3.585 2.957 3.400 
2.103 0.343 6.436 5.700 4.035 3.300 4.185 5.133 4.916 3.699 2.677 7.083 7.911 3.556 6.365 6.891 2.747 4.290 5.249 5.363 4.453 6.810 4.435 4.266 6.510 6.457 6.396 1.631 6.109 7.325 2.373 5.910 5.438 7.556 7.558 3.421 6.586 7.624 4.416 2.039 3.895 3.903 0.974 3.001 2.584 1.804 0.810 5.439 1.709 3.460 6.530 8.450 7.324 6.687 2.833 8.384 6.303 2.252 5.061 3.851 7.185 4.958 4.097 5.168 3.018 4.454 5.660 4.182 3.773 8.596 7.752 1.543 7.706 4.496 7.351 0.513 1.270 1.862 2.691 4.841 2.221 6.049 4.928 0.453 3.443 1.827 1.960 3.290 3.184 4.907 7.738 2.552 0.433 1.928 5.301 5.402 3.585 3.598 5.208 5.672 
6.820 4.661 9.616 6.494 8.818 1.684 9.075 1.060 4.666 5.625 7.304 10.590 11.789 8.508 10.946 11.049 2.576 8.177 6.244 6.683 9.318 8.314 8.822 3.298 10.365 5.913 6.907 3.744 7.444 6.744 6.651 10.683 1.425 10.811 11.559 2.454 6.214 11.983 2.736 3.941 2.170 8.868 5.268 5.786 2.587 6.672 4.248 7.806 6.308 6.555 11.004 7.987 7.047 10.971 2.701 8.300 10.886 6.415 4.980 4.425 11.657 2.555 1.084 4.406 6.929 9.372 9.039 8.245 8.195 12.712 8.872 5.047 11.753 0.681 9.745 5.403 3.843 5.388 5.366 5.143 3.792 5.007 9.788 4.810 7.901 6.795 6.476 1.681 1.913 9.412 8.590 7.387 5.166 4.900 6.917 4.179 8.437 8.424 8.269 10.489 
5.777 7.195 1.862 2.976 8.908 8.341 8.527 10.054 4.759 3.729 8.554 2.790 4.202 7.757 5.733 4.479 8.682 3.584 3.053 2.569 6.417 1.310 4.613 5.972 3.466 4.457 3.009 8.210 1.961 4.431 5.000 6.421 10.464 2.431 4.344 9.416 4.199 5.530 6.574 5.905 9.721 7.690 7.911 4.069 7.162 7.623 7.478 1.574 5.717 3.539 5.388 4.449 3.999 4.791 6.772 3.880 5.715 4.970 4.472 4.778 5.704 7.000 9.097 5.190 9.572 8.488 2.311 3.921 4.750 5.342 1.905 5.523 4.567 8.525 0.584 7.230 6.787 8.828 4.470 4.186 8.915 5.188 6.539 7.438 9.284 6.837 8.336 8.211 7.649 10.167 2.320 8.000 6.581 5.267 2.290 5.604 6.162 8.516 2.051 6.561 
6.647 7.575 3.503 2.189 9.963 8.107 9.653 9.625 4.021 3.798 9.389 4.465 5.873 8.851 7.313 6.131 8.638 4.819 2.501 2.176 7.734 0.685 5.954 5.381 5.110 3.226 1.844 8.399 1.368 2.961 5.824 7.928 10.033 4.082 6.019 9.326 2.922 7.195 5.949 5.955 9.560 8.847 8.409 4.452 7.008 8.402 7.771 2.336 6.465 4.179 6.993 2.791 2.501 6.424 6.551 2.207 7.289 5.726 3.708 4.414 7.346 6.261 8.770 4.353 10.266 9.662 3.811 5.165 5.956 7.010 0.325 5.903 6.242 8.025 2.132 7.770 6.950 9.306 4.760 3.541 9.095 4.093 7.919 7.851 10.163 7.675 9.040 7.965 7.376 11.204 0.646 8.887 7.067 5.553 2.152 4.698 7.347 9.541 3.292 8.035 
7.285 7.168 6.063 2.059 10.647 6.502 10.506 7.562 2.333 3.823 9.663 7.152 8.605 9.694 9.417 8.564 7.324 6.412 2.411 2.715 9.144 3.234 7.586 3.534 7.556 0.735 1.606 7.537 2.742 0.228 6.512 9.786 7.943 6.933 8.647 7.869 0.620 9.671 3.917 5.212 7.958 9.823 8.122 4.736 5.687 8.654 7.175 4.169 6.905 4.977 9.197 1.480 0.651 8.758 5.179 1.808 9.378 6.313 2.132 3.341 9.681 3.965 6.938 2.290 10.197 10.619 6.038 6.719 7.322 9.745 3.117 5.780 8.876 5.960 5.097 7.638 6.228 8.895 4.778 2.343 8.147 1.518 9.458 7.471 10.468 8.117 9.086 6.352 5.786 11.777 2.667 9.305 6.927 5.340 3.080 2.371 8.510 10.187 5.248 9.798 
3.173 0.744 7.407 6.202 4.633 2.507 4.894 4.203 5.121 4.308 3.134 8.102 8.968 4.368 7.427 7.961 1.762 5.322 5.767 5.959 5.465 7.504 5.507 4.207 7.559 6.714 6.874 0.566 6.744 7.617 3.419 6.944 4.478 8.550 8.621 2.382 6.887 8.696 4.207 2.262 2.865 4.750 1.086 3.759 2.149 2.504 0.347 6.251 2.778 4.329 7.599 8.806 7.679 7.759 2.552 8.815 7.365 3.277 5.320 4.126 8.253 4.672 3.219 5.280 3.015 5.199 6.647 5.232 4.844 9.667 8.400 2.305 8.772 3.807 8.217 1.319 1.225 1.507 3.382 5.169 1.167 6.173 5.939 0.706 3.788 2.773 2.311 2.535 2.600 5.305 8.335 3.204 1.472 2.576 5.956 5.432 4.610 4.238 6.138 6.695 
3.622 1.180 7.747 6.307 5.051 2.105 5.333 3.744 5.105 4.484 3.534 8.475 9.375 4.825 7.883 8.387 1.298 5.711 5.883 6.110 5.934 7.691 5.941 4.090 7.959 6.704 6.963 0.132 6.907 7.616 3.825 7.410 4.012 8.903 9.037 1.914 6.895 9.139 4.025 2.344 2.396 5.210 1.505 4.012 1.934 2.955 0.724 6.505 3.210 4.626 8.048 8.827 7.706 8.195 2.389 8.870 7.821 3.668 5.324 4.156 8.703 4.449 2.777 5.220 3.287 5.644 6.999 5.636 5.278 10.094 8.561 2.597 9.192 3.429 8.492 1.789 1.325 1.731 3.612 5.206 0.836 6.108 6.408 1.175 4.150 3.243 2.706 2.150 2.291 5.667 8.471 3.642 1.896 2.812 6.135 5.335 5.077 4.666 6.456 7.163 
4.803 3.120 7.274 4.425 7.371 1.542 7.499 3.111 2.763 3.297 5.978 8.245 9.455 6.821 8.746 8.747 2.348 5.875 4.105 4.498 7.306 6.161 6.600 1.459 8.035 4.284 4.951 2.844 5.293 5.195 4.486 8.577 3.520 8.470 9.235 2.883 4.535 9.710 1.250 1.721 3.017 7.129 3.991 3.450 0.852 5.140 2.864 5.500 4.278 4.218 8.769 6.455 5.387 8.691 0.510 6.628 8.688 4.237 3.053 2.202 9.415 1.677 2.174 2.701 6.010 7.750 6.694 5.967 5.999 10.394 6.831 2.895 9.433 1.673 7.470 3.842 2.066 4.487 3.038 3.099 3.319 3.531 7.762 3.371 6.703 5.030 5.198 1.393 0.806 8.203 6.613 5.887 3.370 2.660 4.686 2.693 6.437 6.932 5.925 8.415 
6.442 5.715 6.689 2.622 9.619 4.544 9.587 5.517 1.161 3.259 8.440 7.793 9.208 8.807 9.421 8.887 5.440 6.299 2.634 3.125 8.658 4.420 7.371 1.665 7.956 1.472 2.738 5.833 3.638 2.271 5.788 9.582 5.898 7.754 9.142 5.925 1.789 9.976 1.921 3.765 5.973 9.013 6.672 4.063 3.875 7.471 5.621 4.653 5.976 4.589 9.293 3.519 2.588 8.986 3.380 3.833 9.373 5.549 1.294 2.129 9.861 1.919 4.919 0.705 8.768 9.760 6.415 6.540 6.950 10.304 4.698 4.639 9.367 3.918 6.181 6.304 4.679 7.345 3.915 1.679 6.379 0.539 9.043 6.011 9.229 7.083 7.764 4.397 3.857 10.643 4.333 8.183 5.645 4.209 3.492 0.415 7.901 9.157 5.558 9.523 
3.212 5.578 2.447 5.566 5.293 8.031 4.787 9.971 6.490 4.429 5.493 2.330 2.703 4.147 1.803 1.642 7.841 1.365 5.273 4.908 2.416 5.037 0.880 7.028 1.444 7.182 6.071 6.867 5.023 7.614 2.939 2.272 10.338 3.010 2.314 8.575 7.066 2.520 7.550 5.524 9.017 3.940 5.828 3.835 6.904 4.844 6.022 3.529 3.545 3.130 1.657 8.124 7.305 1.506 6.773 7.681 1.761 3.133 6.355 5.772 2.260 8.143 8.893 6.979 6.748 4.652 1.865 1.224 1.502 3.350 5.952 4.462 2.453 8.829 4.081 5.177 5.844 6.641 4.190 5.967 7.474 7.484 2.426 5.676 6.043 4.056 5.641 7.955 7.566 6.520 6.266 4.878 4.852 4.566 4.540 7.420 2.523 5.002 2.435 2.390 
3.180 4.962 6.322 8.345 1.761 7.946 1.145 9.718 8.500 6.527 2.879 6.208 6.117 1.172 3.452 4.870 7.274 4.331 7.934 7.749 1.502 8.465 3.281 8.399 5.255 9.707 8.996 6.045 8.171 10.383 3.845 2.484 9.987 6.905 5.636 7.834 9.702 4.912 8.726 6.220 8.324 0.767 4.514 5.627 7.184 3.037 5.390 6.814 3.675 5.351 3.868 11.196 10.194 4.454 7.334 10.884 3.407 4.072 8.503 7.485 4.310 9.321 8.717 8.908 4.093 0.854 5.627 3.985 3.184 6.176 9.459 5.094 5.647 9.142 7.899 4.228 5.848 4.880 5.705 8.156 6.358 9.665 1.585 4.838 2.949 2.837 3.547 7.941 7.817 2.780 9.678 2.456 4.501 5.476 7.469 9.271 1.826 1.751 5.882 2.147 
5.323 7.762 3.738 7.652 6.370 10.363 5.768 12.303 8.777 6.760 7.054 2.861 1.857 5.395 1.225 1.112 10.102 3.733 7.422 7.003 3.488 6.727 3.034 9.392 2.138 9.304 8.059 9.056 6.942 9.617 5.228 2.174 12.662 3.462 1.439 10.818 9.148 0.258 9.923 7.892 11.275 5.048 7.856 6.211 9.258 6.649 8.222 5.489 5.742 5.491 0.910 9.933 9.258 0.924 9.145 9.413 1.279 5.445 8.616 8.121 0.349 10.512 11.224 9.271 8.357 5.507 3.619 3.604 3.690 1.530 7.487 6.802 1.303 11.200 5.262 7.262 8.147 8.578 6.572 8.230 9.615 9.707 3.154 7.816 7.411 5.955 7.412 10.294 9.925 7.430 7.884 6.463 7.053 6.932 6.619 9.717 4.106 6.227 4.428 2.508 
2.908 2.257 5.350 3.536 5.954 3.127 5.945 5.017 2.692 1.684 4.796 6.251 7.396 5.183 6.647 6.645 3.321 3.773 3.098 3.302 5.337 4.889 4.497 2.325 5.966 4.211 4.214 2.934 4.098 5.079 2.439 6.526 5.409 6.547 7.155 4.063 4.339 7.599 2.688 0.546 4.399 5.424 3.198 1.432 1.929 3.812 2.350 3.811 2.400 2.188 6.660 6.214 5.087 6.581 1.705 6.177 6.589 2.185 2.819 1.617 7.304 3.295 3.964 2.992 5.264 6.137 4.701 3.856 3.910 8.306 5.752 0.990 7.348 3.757 5.825 2.710 1.484 4.013 0.993 2.594 3.631 3.851 5.775 2.558 5.594 3.428 4.167 3.021 2.547 6.983 5.670 4.517 2.011 0.607 3.330 3.285 4.498 5.493 3.997 6.386 
1.706 2.837 3.885 3.713 5.101 4.808 4.919 6.739 3.768 1.776 4.344 4.646 5.677 4.104 4.851 4.858 4.762 1.997 3.272 3.198 3.755 4.390 2.699 3.926 4.240 4.960 4.403 3.994 3.814 5.677 0.919 4.798 7.117 5.044 5.403 5.516 4.975 5.793 4.389 2.255 5.919 4.231 3.494 0.870 3.650 3.346 3.186 2.889 1.418 0.895 4.852 6.599 5.536 4.778 3.500 6.384 4.794 0.726 3.751 2.812 5.495 4.995 5.666 4.203 5.218 5.025 3.142 2.051 2.145 6.537 5.380 1.297 5.587 5.556 4.752 2.810 2.725 4.411 1.024 3.399 4.679 4.919 4.153 3.053 5.131 2.652 3.986 4.721 4.304 6.287 5.452 3.874 2.177 1.302 3.015 4.596 2.999 4.650 2.613 4.691 
1.582 1.717 6.364 6.547 2.620 4.690 2.745 6.450 6.073 4.512 1.431 6.805 7.392 2.137 5.450 6.256 4.009 4.060 6.093 6.103 3.325 7.354 3.812 5.596 6.080 7.534 7.250 2.788 6.766 8.355 2.291 4.838 6.725 7.372 6.985 4.596 7.621 6.827 5.801 3.333 5.086 2.506 1.313 3.658 4.023 0.422 2.126 5.816 1.576 3.851 5.693 9.399 8.293 5.979 4.257 9.253 5.389 2.326 6.171 4.995 6.323 6.361 5.450 6.383 2.284 3.017 5.560 3.847 3.205 7.918 8.345 2.460 7.100 5.922 7.545 0.969 2.701 1.978 3.491 5.899 3.174 7.239 3.788 1.570 2.237 0.649 1.051 4.693 4.620 3.591 8.408 1.143 1.432 2.903 5.958 6.664 2.529 2.172 5.315 4.561 
6.444 7.383 3.357 2.059 9.760 7.953 9.451 9.492 3.906 3.612 9.186 4.340 5.758 8.649 7.146 5.984 8.471 4.623 2.350 2.005 7.540 0.482 5.763 5.255 4.961 3.185 1.771 8.217 1.192 2.978 5.620 7.749 9.900 3.981 5.892 9.163 2.888 7.055 5.829 5.777 9.403 8.646 8.213 4.255 6.846 8.199 7.583 2.135 6.262 3.976 6.832 2.893 2.525 6.270 6.393 2.328 7.121 5.523 3.594 4.261 7.195 6.155 8.626 4.252 10.066 9.461 3.639 4.970 5.759 6.899 0.528 5.709 6.116 7.897 2.046 7.573 6.767 9.112 4.567 3.411 8.914 4.031 7.729 7.658 9.959 7.472 8.839 7.812 7.225 11.000 0.796 8.683 6.870 5.362 1.963 4.609 7.148 9.337 3.102 7.853 
5.165 2.737 9.285 7.488 6.083 1.991 6.469 2.790 6.043 5.830 4.552 10.037 10.948 6.084 9.408 9.954 1.009 7.281 7.095 7.383 7.387 9.016 7.503 4.813 9.531 7.612 8.099 1.449 8.195 8.529 5.398 8.887 2.931 10.451 10.609 0.792 7.845 10.690 4.556 3.629 1.202 6.492 2.770 5.474 2.656 4.230 2.294 7.946 4.773 6.132 9.590 9.780 8.688 9.756 3.162 9.907 9.346 5.240 6.306 5.241 10.242 4.810 2.161 6.043 3.872 6.806 8.548 7.209 6.840 11.661 9.829 4.121 10.763 3.191 9.952 3.253 2.738 2.463 5.052 6.266 0.906 6.887 7.856 2.675 4.988 4.674 3.759 2.123 2.601 6.443 9.689 4.820 3.462 4.279 7.459 6.050 6.553 5.763 7.976 8.624 
5.121 5.505 4.015 0.298 8.517 5.789 8.321 7.330 1.833 1.753 7.681 5.124 6.559 7.504 7.116 6.361 6.345 4.084 0.191 0.436 6.833 1.906 5.257 3.118 5.382 1.876 0.994 6.194 1.038 2.358 4.314 7.459 7.739 5.051 6.533 7.021 1.754 7.467 3.707 3.731 7.245 7.598 6.404 2.611 4.701 6.667 5.636 1.994 4.803 2.700 6.917 3.184 2.144 6.518 4.237 2.994 7.075 4.141 1.541 2.096 7.429 4.090 6.456 2.259 8.388 8.406 3.837 4.389 5.004 7.676 2.561 3.908 6.762 5.744 3.511 5.823 4.757 7.264 2.782 1.279 6.876 2.365 7.136 5.797 8.483 6.041 7.203 5.647 5.058 9.696 2.406 7.257 5.100 3.502 0.822 2.678 6.230 8.065 3.004 7.468 
3.863 6.044 1.320 4.865 6.337 8.199 5.857 10.119 6.048 4.111 6.390 1.378 2.284 5.177 2.662 1.728 8.153 1.458 4.638 4.216 3.528 4.069 1.825 6.787 0.857 6.517 5.287 7.296 4.184 6.845 3.373 3.326 10.503 1.986 2.066 8.904 6.362 2.827 7.350 5.614 9.317 5.005 6.444 3.728 7.022 5.642 6.457 2.710 4.079 2.962 2.363 7.234 6.499 1.880 6.813 6.751 2.638 3.504 5.868 5.486 2.804 7.916 9.052 6.543 7.599 5.743 0.859 1.590 2.270 3.239 4.933 4.691 2.275 8.847 2.965 5.761 6.118 7.309 4.143 5.486 7.947 6.936 3.555 6.190 6.998 4.829 6.434 8.106 7.658 7.580 5.279 5.781 5.320 4.688 3.831 6.993 3.529 6.017 1.641 3.482 
4.703 2.269 8.601 6.679 6.072 1.340 6.392 2.669 5.234 5.052 4.538 9.393 10.361 5.918 8.970 9.413 0.284 6.673 6.289 6.585 7.047 8.225 6.990 4.021 8.934 6.807 7.288 1.032 7.398 7.725 4.834 8.518 2.914 9.779 10.042 0.811 7.037 10.199 3.794 2.852 1.284 6.309 2.572 4.743 1.847 4.044 1.802 7.194 4.266 5.428 9.121 8.974 7.879 9.240 2.354 9.096 8.908 4.654 5.495 4.430 9.778 4.089 1.787 5.244 4.081 6.712 7.883 6.628 6.328 11.121 9.027 3.450 10.205 2.651 9.205 2.904 2.030 2.548 4.313 5.454 0.948 6.096 7.521 2.290 5.083 4.359 3.713 1.447 1.849 6.584 8.882 4.707 2.958 3.562 6.670 5.265 6.187 5.709 7.275 8.274 
6.526 7.704 2.870 2.738 9.754 8.513 9.402 10.117 4.595 4.023 9.299 3.757 5.133 8.616 6.742 5.478 8.966 4.482 2.961 2.546 7.361 0.890 5.559 5.913 4.470 3.965 2.536 8.622 1.761 3.759 5.720 7.420 10.527 3.324 5.308 9.677 3.673 6.517 6.499 6.223 9.942 8.576 8.486 4.547 7.374 8.338 7.943 2.166 6.405 4.145 6.397 3.577 3.302 5.797 6.942 2.973 6.723 5.656 4.288 4.842 6.707 6.856 9.218 4.969 10.253 9.382 3.299 4.825 5.644 6.262 0.948 6.019 5.527 8.539 1.366 7.823 7.176 9.397 4.904 4.070 9.325 4.797 7.504 7.967 10.052 7.577 9.017 8.376 7.795 11.007 1.409 8.767 7.143 5.709 2.400 5.343 7.054 9.348 2.929 7.553 
3.356 5.732 4.493 7.369 3.867 8.576 3.272 10.481 7.989 5.893 4.587 4.168 3.935 2.891 1.286 2.693 8.135 3.019 7.021 6.721 1.027 7.053 1.837 8.249 3.198 8.913 7.937 6.991 6.953 9.444 3.596 0.521 10.806 4.876 3.452 8.803 8.838 2.763 8.695 6.352 9.282 2.539 5.635 5.109 7.591 4.299 6.198 5.480 3.860 4.570 1.682 10.061 9.174 2.270 7.594 9.655 1.236 3.849 7.911 7.112 2.176 9.303 9.417 8.454 5.888 3.032 3.925 2.705 2.201 4.011 7.991 5.178 3.457 9.593 6.138 5.122 6.338 6.261 5.348 7.531 7.471 9.078 0.644 5.721 4.906 3.705 5.022 8.533 8.263 4.966 8.286 4.016 5.082 5.438 6.379 8.870 1.818 3.718 4.417 0.377 
4.853 7.278 3.163 7.028 6.198 9.816 5.612 11.757 8.152 6.140 6.757 2.363 1.635 5.162 1.126 0.558 9.590 3.129 6.796 6.378 3.241 6.137 2.516 8.780 1.556 8.680 7.442 8.572 6.329 9.001 4.696 2.132 12.121 3.011 1.156 10.315 8.525 0.724 9.315 7.320 10.766 4.845 7.425 5.607 8.697 6.279 7.732 4.869 5.246 4.880 0.679 9.337 8.646 0.300 8.570 8.825 1.157 4.904 7.989 7.504 0.684 9.901 10.678 8.646 8.056 5.380 3.001 3.020 3.179 1.732 6.920 6.249 1.120 10.626 4.729 6.810 7.615 8.179 5.976 7.604 9.150 9.079 2.974 7.347 7.170 5.553 7.058 9.744 9.361 7.314 7.307 6.154 6.560 6.362 5.994 9.092 3.757 6.013 3.804 2.442 
3.176 2.761 5.074 3.029 6.343 3.428 6.299 5.261 2.255 1.235 5.239 6.023 7.228 5.520 6.671 6.549 3.730 3.688 2.594 2.811 5.519 4.419 4.523 2.105 5.811 3.735 3.707 3.422 3.614 4.591 2.600 6.627 5.662 6.273 7.015 4.459 3.851 7.540 2.556 0.975 4.767 5.735 3.696 1.227 2.229 4.242 2.857 3.424 2.694 1.992 6.650 5.714 4.588 6.518 1.908 5.671 6.615 2.349 2.355 1.179 7.282 3.162 4.235 2.596 5.752 6.473 4.471 3.815 3.977 8.179 5.264 1.366 7.216 3.901 5.437 3.188 1.977 4.519 0.842 2.108 4.114 3.427 5.940 3.061 6.041 3.801 4.636 3.309 2.787 7.404 5.172 4.930 2.477 0.927 2.860 2.926 4.708 5.880 3.720 6.511 
4.420 2.162 8.860 7.606 4.945 2.832 5.355 3.942 6.375 5.766 3.424 9.516 10.310 5.024 8.567 9.250 1.778 6.720 7.182 7.402 6.457 8.970 6.780 5.293 8.924 7.974 8.262 1.184 8.196 8.889 4.800 7.972 4.096 9.988 9.941 1.920 8.173 9.908 5.156 3.643 2.363 5.439 1.840 5.244 3.086 3.215 1.832 7.737 4.106 5.811 8.786 10.109 8.991 9.014 3.579 10.164 8.505 4.686 6.604 5.448 9.427 5.511 3.217 6.463 2.709 5.699 8.090 6.600 6.128 10.944 9.851 3.790 10.078 4.143 9.701 2.452 2.618 1.331 4.862 6.497 0.589 7.344 6.916 1.984 3.828 3.766 2.658 2.932 3.270 5.277 9.767 3.741 2.865 4.056 7.417 6.546 5.659 4.643 7.608 7.692 
2.898 1.152 7.527 6.906 3.616 3.556 3.935 5.130 6.017 4.917 2.088 8.095 8.804 3.504 6.978 7.710 2.694 5.299 6.457 6.583 4.862 8.031 5.244 5.214 7.445 7.587 7.598 1.476 7.332 8.472 3.393 6.377 5.364 8.610 8.418 3.177 7.734 8.334 5.260 3.111 3.665 3.909 0.288 4.221 3.229 1.647 1.217 6.640 2.659 4.651 7.206 9.622 8.494 7.458 3.608 9.578 6.916 3.325 6.187 4.976 7.843 5.743 4.209 6.223 1.956 4.260 6.735 5.142 4.604 9.393 8.975 2.766 8.546 4.877 8.524 0.984 2.145 0.642 3.913 5.993 1.684 7.115 5.323 0.850 2.704 2.173 1.259 3.598 3.690 4.222 8.960 2.257 1.614 3.143 6.524 6.412 4.064 3.249 6.348 6.098 
6.470 5.825 6.557 2.454 9.679 4.740 9.633 5.738 1.138 3.223 8.524 7.663 9.085 8.848 9.359 8.791 5.622 6.240 2.496 2.982 8.650 4.232 7.327 1.829 7.850 1.248 2.536 5.983 3.463 2.048 5.797 9.543 6.120 7.608 9.029 6.119 1.565 9.884 2.123 3.865 6.176 9.045 6.785 4.053 4.040 7.548 5.747 4.523 6.013 4.549 9.221 3.300 2.363 8.900 3.540 3.608 9.312 5.562 1.218 2.164 9.782 2.142 5.130 0.744 8.881 9.799 6.305 6.489 6.923 10.187 4.488 4.698 9.256 4.136 6.008 6.398 4.800 7.474 3.928 1.605 6.541 0.314 9.027 6.123 9.317 7.138 7.860 4.592 4.045 10.719 4.117 8.253 5.729 4.263 3.355 0.582 7.905 9.217 5.451 9.492 
2.849 3.855 7.051 8.266 0.550 6.777 0.627 8.435 8.068 6.292 1.324 7.162 7.327 0.693 4.831 6.084 5.992 4.816 7.825 7.738 2.601 8.733 4.032 7.716 6.268 9.439 8.955 4.759 8.289 10.205 3.665 3.941 8.672 7.827 6.860 6.480 9.487 6.309 7.950 5.457 6.966 1.009 3.207 5.384 6.181 1.803 4.225 7.094 3.203 5.329 5.203 11.153 10.085 5.704 6.420 10.926 4.779 3.828 8.128 7.001 5.723 8.516 7.489 8.419 2.494 0.966 6.282 4.500 3.675 7.544 9.742 4.467 6.908 8.047 8.501 3.107 4.864 3.402 5.336 7.821 4.968 9.245 2.902 3.664 1.373 2.023 2.084 6.795 6.763 1.792 9.889 1.073 3.579 4.898 7.519 8.730 2.327 0.173 6.326 3.606 
1.744 2.197 4.579 3.906 5.015 4.120 4.918 6.057 3.611 1.871 4.068 5.355 6.378 4.123 5.423 5.530 4.053 2.688 3.451 3.477 4.099 4.834 3.281 3.526 4.941 4.962 4.609 3.304 4.175 5.748 1.190 5.276 6.430 5.746 6.094 4.807 5.021 6.436 3.928 1.616 5.211 4.316 2.941 1.037 2.982 3.052 2.513 3.438 1.289 1.474 5.459 6.762 5.663 5.428 2.875 6.611 5.364 0.935 3.652 2.570 6.110 4.537 4.981 3.997 4.805 5.072 3.846 2.710 2.675 7.219 5.796 0.589 6.274 4.925 5.369 2.288 2.016 3.852 0.862 3.341 3.996 4.787 4.532 2.438 4.872 2.478 3.598 4.039 3.645 6.139 5.818 3.672 1.597 0.664 3.363 4.350 3.275 4.554 3.284 5.136 
2.537 1.036 6.115 4.766 5.065 2.712 5.156 4.647 3.842 2.848 3.761 6.898 7.891 4.465 6.707 6.990 2.517 4.197 4.325 4.502 5.042 6.044 4.629 3.176 6.458 5.403 5.448 1.812 5.284 6.286 2.435 6.401 4.999 7.287 7.589 3.268 5.548 7.837 3.356 0.946 3.684 4.771 1.993 2.330 1.725 2.843 1.128 4.824 2.024 2.960 6.803 7.439 6.311 6.850 1.848 7.411 6.646 2.225 4.003 2.791 7.461 3.918 3.569 4.078 4.084 5.397 5.389 4.178 3.978 8.692 6.940 0.955 7.760 3.727 6.812 1.602 0.488 2.781 1.934 3.807 2.517 4.963 5.510 1.339 4.535 2.672 3.056 2.658 2.389 5.987 6.880 3.585 1.021 1.131 4.495 4.306 4.163 4.615 4.802 6.205 
5.267 5.173 4.969 1.052 8.610 4.983 8.486 6.407 0.807 1.826 7.616 6.072 7.488 7.678 7.808 7.194 5.647 4.702 0.930 1.427 7.257 2.905 5.825 2.155 6.248 1.368 1.504 5.669 2.054 2.173 4.517 8.047 6.813 6.045 7.428 6.278 1.436 8.290 2.723 3.253 6.456 7.826 6.117 2.730 3.980 6.606 5.221 2.934 4.870 3.086 7.651 3.299 2.171 7.310 3.486 3.312 7.762 4.306 0.505 1.404 8.200 3.069 5.587 1.222 8.176 8.612 4.704 4.971 5.474 8.587 3.425 3.735 7.654 4.801 4.548 5.608 4.290 6.921 2.737 0.359 6.318 1.476 7.606 5.474 8.421 6.074 7.048 4.836 4.245 9.731 3.174 7.258 4.892 3.296 1.780 1.648 6.569 8.149 3.849 8.019 
3.141 4.931 6.286 8.304 1.769 7.916 1.153 9.690 8.460 6.485 2.867 6.175 6.092 1.151 3.432 4.844 7.247 4.291 7.892 7.708 1.466 8.424 3.243 8.361 5.224 9.666 8.954 6.019 8.129 10.341 3.804 2.468 9.960 6.873 5.611 7.809 9.661 4.894 8.689 6.183 8.299 0.742 4.490 5.586 7.150 3.012 5.361 6.774 3.636 5.310 3.846 11.154 10.153 4.430 7.299 10.843 3.387 4.032 8.462 7.445 4.292 9.284 8.689 8.868 4.087 0.871 5.589 3.945 3.143 6.158 9.419 5.056 5.623 9.110 7.862 4.199 5.814 4.862 5.664 8.115 6.335 9.625 1.558 4.809 2.948 2.804 3.529 7.910 7.784 2.801 9.637 2.438 4.467 5.438 7.427 9.231 1.784 1.748 5.842 2.130 
3.129 0.843 7.004 5.529 5.099 2.155 5.294 4.014 4.406 3.687 3.656 7.767 8.721 4.692 7.385 7.778 1.707 5.034 5.101 5.317 5.563 6.894 5.368 3.500 7.294 6.000 6.193 0.926 6.113 6.905 3.198 6.993 4.334 8.171 8.402 2.438 6.176 8.581 3.529 1.570 2.883 5.045 1.645 3.224 1.526 2.891 0.518 5.715 2.662 3.858 7.516 8.099 6.974 7.613 1.878 8.119 7.324 3.015 4.608 3.419 8.175 4.018 2.963 4.562 3.685 5.576 6.270 4.988 4.707 9.486 7.767 1.840 8.566 3.362 7.707 1.593 0.534 2.213 2.818 4.465 1.631 5.455 6.038 1.045 4.363 2.973 2.860 2.144 2.070 5.869 7.683 3.628 1.390 2.023 5.338 4.719 4.687 4.678 5.697 6.769 
4.831 4.646 4.984 1.427 8.145 4.523 8.041 6.021 0.694 1.459 7.119 6.072 7.457 7.238 7.590 7.076 5.150 4.469 1.147 1.607 6.908 3.216 5.553 1.814 6.165 1.843 1.982 5.143 2.346 2.686 4.107 7.770 6.430 6.106 7.363 5.795 1.947 8.159 2.409 2.723 5.991 7.402 5.592 2.328 3.486 6.112 4.692 2.971 4.414 2.777 7.461 3.828 2.700 7.162 3.000 3.838 7.542 3.885 0.564 0.883 8.032 2.833 5.161 1.189 7.656 8.179 4.637 4.715 5.158 8.532 3.833 3.234 7.586 4.434 4.738 5.092 3.760 6.392 2.280 0.210 5.796 1.738 7.274 4.948 7.923 5.603 6.537 4.378 3.787 9.251 3.619 6.775 4.379 2.792 1.895 1.639 6.189 7.683 3.780 7.723 
2.508 3.256 6.976 7.887 1.031 6.165 1.239 7.822 7.588 5.883 0.792 7.182 7.467 0.974 5.095 6.241 5.378 4.689 7.439 7.384 2.829 8.465 4.037 7.177 6.326 8.997 8.583 4.145 7.974 9.785 3.336 4.267 8.060 7.825 7.013 5.871 9.060 6.564 7.390 4.913 6.358 1.387 2.593 4.986 5.588 1.207 3.618 6.847 2.791 5.005 5.437 10.769 9.686 5.885 5.840 10.570 5.039 3.469 7.664 6.514 5.994 7.950 6.875 7.922 2.067 1.566 6.188 4.395 3.595 7.771 9.473 3.970 7.079 7.440 8.359 2.512 4.280 2.815 4.900 7.369 4.362 8.762 3.195 3.057 1.161 1.561 1.485 6.184 6.162 2.106 9.594 0.464 3.019 4.408 7.188 8.220 2.366 0.587 6.150 3.942 
3.310 5.231 1.488 3.850 6.246 7.177 5.845 9.078 4.933 2.985 6.028 2.204 3.366 5.087 3.521 2.837 7.206 0.908 3.584 3.193 3.749 3.359 1.952 5.662 1.972 5.485 4.337 6.434 3.289 5.885 2.652 3.978 9.469 2.602 3.185 7.961 5.353 3.920 6.227 4.580 8.354 5.004 5.752 2.648 5.986 5.168 5.612 1.797 3.396 1.880 3.308 6.394 5.570 2.934 5.748 5.965 3.484 2.719 4.762 4.360 3.830 6.791 8.022 5.428 7.147 5.799 0.700 1.234 2.066 4.360 4.316 3.747 3.398 7.766 2.777 5.056 5.172 6.651 3.076 4.378 7.110 5.851 3.913 5.412 6.714 4.354 5.932 7.077 6.606 7.506 4.593 5.444 4.527 3.684 2.818 5.877 3.475 5.870 0.719 4.053 
5.784 5.306 5.883 1.887 9.038 4.583 8.970 5.807 0.447 2.490 7.931 6.984 8.395 8.176 8.622 8.071 5.374 5.502 1.842 2.337 7.927 3.730 6.590 1.614 7.139 1.234 2.137 5.594 2.910 2.151 5.092 8.807 6.204 6.960 8.326 5.937 1.482 9.161 2.084 3.335 6.052 8.361 6.266 3.333 3.732 6.940 5.273 3.847 5.341 3.813 8.487 3.404 2.336 8.172 3.223 3.586 8.575 4.861 0.482 1.524 9.051 2.306 5.083 0.398 8.359 9.124 5.599 5.751 6.190 9.489 4.123 4.067 8.552 4.187 5.436 5.835 4.322 7.002 3.232 0.869 6.194 0.734 8.299 5.607 8.730 6.493 7.297 4.433 3.856 10.105 3.805 7.631 5.146 3.627 2.695 0.752 7.192 8.575 4.742 8.758 
4.124 5.079 8.031 9.538 0.812 7.930 0.952 9.496 9.375 7.581 2.301 8.005 7.964 1.756 5.290 6.716 7.079 5.892 9.100 8.995 3.287 9.919 4.969 9.013 7.066 10.739 10.222 5.865 9.518 11.496 4.927 4.306 9.702 8.695 7.483 7.498 10.782 6.737 9.232 6.750 7.974 1.790 4.339 6.671 7.414 3.043 5.415 8.269 4.502 6.576 5.712 12.424 11.366 6.302 7.678 12.180 5.247 5.104 9.434 8.309 6.132 9.791 8.597 9.727 3.078 1.036 7.295 5.559 4.728 8.007 10.927 5.774 7.494 9.228 9.553 4.342 6.116 4.344 6.637 9.124 5.975 10.553 3.429 4.862 1.849 3.331 3.130 7.959 7.972 0.968 11.097 2.296 4.860 6.206 8.762 10.037 3.318 1.263 7.435 3.973 
2.331 4.600 2.616 4.851 4.951 6.984 4.527 8.924 5.580 3.489 4.873 2.918 3.625 3.787 2.703 2.669 6.818 0.505 4.509 4.202 2.428 4.643 0.683 6.029 2.232 6.409 5.421 5.878 4.460 6.925 1.929 2.888 9.293 3.507 3.285 7.557 6.325 3.569 6.537 4.474 7.993 3.681 4.932 2.825 5.854 4.103 5.033 3.017 2.587 2.163 2.649 7.561 6.658 2.557 5.723 7.177 2.651 2.106 5.471 4.798 3.281 7.135 7.846 6.061 6.065 4.469 1.840 0.198 0.769 4.372 5.621 3.416 3.447 7.779 4.082 4.258 4.809 5.784 3.161 5.086 6.504 6.625 2.633 4.720 5.510 3.289 4.894 6.907 6.516 6.209 5.871 4.269 3.871 3.515 3.862 6.493 2.154 4.594 2.024 2.892 
5.373 7.771 2.971 7.025 6.871 10.212 6.288 12.150 8.276 6.329 7.392 2.011 0.988 5.823 1.802 0.563 10.042 3.431 6.832 6.389 3.905 5.970 3.013 8.998 1.441 8.681 7.384 9.062 6.253 8.936 5.140 2.809 12.521 2.578 0.542 10.776 8.505 0.768 9.552 7.674 11.217 5.514 7.973 5.878 9.068 6.877 8.218 4.844 5.735 5.127 1.359 9.181 8.558 0.812 8.908 8.641 1.836 5.332 8.092 7.703 1.164 10.126 11.073 8.771 8.686 6.059 2.987 3.384 3.672 1.153 6.684 6.646 0.446 10.961 4.424 7.340 8.040 8.751 6.270 7.712 9.660 9.145 3.652 7.858 7.826 6.131 7.663 10.132 9.724 7.994 7.096 6.785 7.047 6.721 6.003 9.221 4.379 6.678 3.834 3.122 
2.402 4.066 6.119 7.723 1.461 7.050 0.987 8.824 7.747 5.832 2.138 6.163 6.283 0.384 3.791 5.038 6.382 3.958 7.297 7.153 1.552 8.005 3.066 7.575 5.252 9.016 8.393 5.155 7.636 9.728 3.138 2.926 9.096 6.839 5.814 6.950 9.031 5.267 7.881 5.369 7.440 0.175 3.632 4.922 6.298 2.157 4.494 6.352 2.868 4.732 4.157 10.599 9.566 4.656 6.460 10.324 3.738 3.346 7.769 6.712 4.686 8.471 7.822 8.139 3.417 0.984 5.372 3.625 2.794 6.498 9.010 4.266 5.860 8.250 7.623 3.333 4.961 4.046 4.956 7.435 5.485 8.920 1.868 3.942 2.395 1.948 2.722 7.046 6.927 2.694 9.194 1.637 3.616 4.664 6.899 8.487 1.387 1.221 5.501 2.597 
5.817 8.031 1.871 6.033 7.962 10.115 7.422 12.015 7.528 5.799 8.220 0.778 0.814 6.837 3.261 1.679 10.117 3.445 5.931 5.449 4.999 4.691 3.596 8.454 1.288 7.659 6.270 9.280 5.138 7.778 5.359 4.226 12.407 1.009 1.117 10.870 7.443 2.405 9.041 7.518 11.275 6.594 8.417 5.578 8.925 7.543 8.442 3.906 6.058 4.813 2.812 7.860 7.365 2.118 8.678 7.283 3.276 5.490 7.299 7.146 2.800 9.574 10.960 8.014 9.468 7.245 2.315 3.562 4.157 1.935 5.273 6.652 1.292 10.681 2.962 7.738 8.081 9.271 6.010 6.940 9.934 8.246 4.865 8.175 8.765 6.741 8.340 10.015 9.542 9.159 5.716 7.605 7.307 6.617 5.072 8.461 5.241 7.698 3.122 4.498 
5.785 5.601 5.349 1.234 9.118 5.177 9.002 6.479 0.874 2.350 8.100 6.457 7.887 8.195 8.299 7.642 5.911 5.203 1.293 1.767 7.780 3.049 6.336 2.243 6.681 0.862 1.437 6.022 2.251 1.721 5.040 8.557 6.879 6.387 7.848 6.508 0.985 8.743 2.755 3.653 6.652 8.347 6.553 3.253 4.248 7.093 5.622 3.319 5.381 3.607 8.133 2.910 1.793 7.774 3.743 3.004 8.255 4.826 0.599 1.780 8.672 3.005 5.722 1.093 8.626 9.131 5.134 5.478 5.994 8.998 3.422 4.215 8.075 4.860 4.793 6.066 4.679 7.336 3.246 0.774 6.653 1.031 8.127 5.904 8.905 6.578 7.515 5.028 4.442 10.230 3.109 7.755 5.356 3.773 2.146 1.436 7.094 8.656 4.286 8.534 
3.164 5.476 4.827 7.496 3.413 8.367 2.816 10.255 8.012 5.928 4.176 4.566 4.385 2.458 1.739 3.140 7.881 3.181 7.131 6.856 0.686 7.286 1.999 8.196 3.599 9.005 8.087 6.715 7.136 9.571 3.502 0.863 10.570 5.272 3.903 8.533 8.946 3.214 8.619 6.226 9.015 2.094 5.318 5.108 7.420 3.944 5.940 5.683 3.682 4.624 2.139 10.236 9.320 2.721 7.452 9.852 1.690 3.757 7.952 7.099 2.622 9.228 9.199 8.467 5.473 2.575 4.217 2.849 2.235 4.466 8.242 5.047 3.912 9.424 6.460 4.838 6.141 5.908 5.314 7.577 7.169 9.124 0.221 5.445 4.467 3.398 4.645 8.332 8.088 4.510 8.519 3.617 4.853 5.336 6.527 8.874 1.554 3.274 4.645 0.557 
4.869 7.282 2.971 6.875 6.324 9.781 5.744 11.721 8.030 6.034 6.844 2.154 1.456 5.273 1.306 0.351 9.577 3.052 6.651 6.228 3.355 5.953 2.516 8.684 1.365 8.529 7.278 8.576 6.161 8.836 4.676 2.306 12.088 2.800 0.973 10.306 8.370 0.822 9.225 7.268 10.753 4.966 7.457 5.525 8.652 6.339 7.734 4.709 5.247 4.789 0.853 9.156 8.476 0.269 8.513 8.640 1.332 4.878 7.861 7.402 0.886 9.808 10.643 8.524 8.139 5.520 2.838 2.964 3.179 1.670 6.726 6.212 0.964 10.568 4.526 6.832 7.590 8.224 5.902 7.477 9.163 8.943 3.110 7.360 7.276 5.600 7.123 9.705 9.313 7.455 7.117 6.238 6.561 6.311 5.843 8.972 3.833 6.128 3.653 2.608 
2.599 4.996 2.897 5.552 4.711 7.535 4.227 9.475 6.300 4.208 4.859 2.927 3.337 3.555 2.002 2.232 7.295 1.199 5.219 4.900 1.933 5.236 0.242 6.722 2.075 7.123 6.107 6.289 5.117 7.623 2.403 2.176 9.835 3.588 2.936 8.021 7.034 3.000 7.219 5.080 8.471 3.376 5.209 3.519 6.434 4.204 5.446 3.646 2.960 2.878 1.995 8.225 7.345 2.026 6.337 7.821 1.948 2.618 6.193 5.506 2.646 7.820 8.396 6.780 6.110 4.118 2.210 0.920 0.894 3.932 6.192 3.975 3.062 8.389 4.480 4.566 5.323 6.012 3.834 5.808 6.882 7.347 2.043 5.080 5.421 3.419 5.001 7.466 7.103 5.951 6.470 4.244 4.274 4.122 4.552 7.211 1.914 4.402 2.596 2.203 
1.400 2.117 4.588 4.201 4.682 4.286 4.577 6.227 3.955 2.176 3.772 5.308 6.269 3.780 5.183 5.373 4.137 2.575 3.748 3.748 3.782 5.047 3.059 3.854 4.837 5.294 4.903 3.301 4.421 6.072 0.901 4.994 6.592 5.735 5.965 4.885 5.348 6.245 4.242 1.865 5.307 3.971 2.776 1.303 3.182 2.759 2.479 3.592 0.947 1.598 5.241 7.070 5.977 5.247 3.119 6.903 5.124 0.654 3.993 2.914 5.896 4.850 5.148 4.341 4.562 4.728 3.831 2.556 2.431 7.072 6.023 0.721 6.138 5.155 5.476 2.099 2.111 3.693 1.191 3.678 3.977 5.131 4.221 2.328 4.573 2.153 3.341 4.214 3.853 5.817 6.065 3.356 1.452 0.950 3.610 4.694 2.948 4.221 3.334 4.842 
3.413 1.168 7.853 6.814 4.360 2.863 4.688 4.381 5.743 4.899 2.826 8.498 9.294 4.249 7.599 8.242 1.954 5.701 6.376 6.557 5.538 8.082 5.773 4.807 7.905 7.337 7.489 0.772 7.335 8.240 3.781 7.044 4.611 8.975 8.928 2.425 7.510 8.920 4.780 2.884 2.913 4.651 0.913 4.309 2.697 2.382 0.929 6.789 3.088 4.837 7.804 9.429 8.302 8.014 3.130 9.435 7.538 3.669 5.943 4.748 8.450 5.221 3.476 5.896 2.501 5.013 7.078 5.581 5.119 9.939 8.990 2.839 9.067 4.197 8.733 1.449 1.848 0.946 3.949 5.791 0.951 6.788 6.005 0.967 3.398 2.827 2.001 2.918 3.077 4.910 8.935 3.009 1.851 3.145 6.542 6.039 4.715 3.999 6.615 6.775 
5.786 4.902 6.585 2.788 8.882 3.744 8.879 4.859 0.953 2.842 7.662 7.669 9.045 8.113 9.019 8.615 4.612 5.910 2.659 3.150 8.091 4.644 6.919 0.821 7.730 2.098 3.096 4.989 3.801 2.982 5.185 9.102 5.254 7.707 8.936 5.119 2.385 9.683 1.155 2.974 5.192 8.340 5.855 3.540 3.032 6.708 4.792 4.573 5.301 4.155 8.927 4.246 3.232 8.675 2.536 4.490 8.968 4.938 1.243 1.536 9.521 1.346 4.177 0.567 7.948 9.067 6.217 6.119 6.448 10.108 5.080 3.922 9.156 3.241 6.287 5.512 3.855 6.511 3.324 1.538 5.535 1.272 8.495 5.195 8.444 6.362 6.967 3.595 3.040 9.876 4.767 7.430 4.871 3.507 3.473 0.432 7.302 8.421 5.362 9.019 
3.655 4.466 3.162 1.834 7.046 5.508 6.820 7.285 2.630 0.889 6.317 4.211 5.557 6.002 5.707 5.140 5.819 2.609 1.443 1.246 5.293 2.492 3.756 3.466 4.236 3.325 2.487 5.387 1.843 3.895 2.832 5.973 7.691 4.337 5.441 6.554 3.257 6.224 4.058 3.042 6.866 6.078 5.278 1.319 4.318 5.314 4.697 1.330 3.395 1.176 5.553 4.692 3.682 5.231 3.954 4.431 5.662 2.686 2.461 2.163 6.110 4.585 6.291 3.124 7.141 6.890 2.725 2.892 3.468 6.613 3.448 2.783 5.661 5.822 3.339 4.636 3.948 6.180 1.658 2.076 6.092 3.575 5.604 4.734 7.107 4.629 5.922 5.384 4.837 8.250 3.486 5.851 3.934 2.464 1.038 3.574 4.691 6.602 1.876 5.964 
4.734 2.372 9.043 7.549 5.439 2.447 5.839 3.446 6.222 5.781 3.913 9.742 10.588 5.484 8.933 9.556 1.391 6.958 7.137 7.388 6.860 8.988 7.091 5.073 9.187 7.813 8.188 1.186 8.191 8.731 5.048 8.369 3.593 10.189 10.232 1.429 8.028 10.249 4.885 3.607 1.862 5.896 2.225 5.329 2.865 3.651 1.976 7.822 4.382 5.939 9.135 9.967 8.859 9.336 3.371 10.053 8.871 4.913 6.467 5.344 9.782 5.200 2.757 6.274 3.210 6.180 8.286 6.859 6.433 11.257 9.841 3.909 10.377 3.726 9.809 2.778 2.623 1.819 4.927 6.388 0.483 7.142 7.324 2.248 4.330 4.153 3.133 2.560 2.956 5.781 9.733 4.208 3.097 4.129 7.429 6.325 6.044 5.129 7.763 8.097 
3.968 2.447 8.712 8.213 3.535 4.276 4.016 5.502 7.262 6.229 2.102 9.206 9.803 3.842 7.748 8.654 3.259 6.436 7.765 7.895 5.522 9.338 6.224 6.366 8.494 8.846 8.903 2.274 8.643 9.740 4.575 7.028 5.650 9.756 9.391 3.480 9.005 9.169 6.340 4.368 3.921 4.262 1.569 5.528 4.253 2.291 2.406 7.926 3.830 5.931 8.029 10.906 9.778 8.361 4.692 10.877 7.689 4.541 7.447 6.241 8.639 6.771 4.750 7.437 1.156 4.371 7.912 6.243 5.620 10.297 10.285 4.077 9.500 5.612 9.780 2.235 3.357 0.687 5.225 7.270 2.033 8.330 5.947 2.152 2.336 3.047 1.528 4.356 4.591 3.736 10.272 2.570 2.914 4.454 7.835 7.594 4.830 3.301 7.581 6.720 
2.798 2.476 4.990 3.291 5.963 3.486 5.916 5.368 2.631 1.365 4.875 5.898 7.057 5.137 6.381 6.328 3.678 3.457 2.845 3.012 5.164 4.571 4.230 2.458 5.630 4.089 3.981 3.248 3.797 4.931 2.246 6.302 5.761 6.188 6.823 4.422 4.193 7.296 2.878 0.907 4.761 5.353 3.390 1.074 2.286 3.874 2.618 3.456 2.313 1.836 6.378 6.032 4.910 6.277 2.039 5.964 6.324 1.993 2.719 1.559 7.017 3.487 4.319 2.978 5.424 6.090 4.347 3.557 3.664 7.979 5.453 0.992 7.019 4.079 5.469 2.852 1.799 4.236 0.638 2.456 3.949 3.806 5.591 2.770 5.679 3.420 4.289 3.378 2.894 7.031 5.390 4.555 2.134 0.550 3.016 3.309 4.344 5.500 3.636 6.176 
3.492 1.955 8.216 7.714 3.430 4.026 3.855 5.397 6.801 5.724 1.919 8.729 9.357 3.584 7.370 8.223 3.054 5.950 7.265 7.389 5.171 8.826 5.779 5.949 8.033 8.379 8.406 1.957 8.134 9.268 4.076 6.686 5.580 9.270 8.953 3.380 8.531 8.772 5.954 3.899 3.846 4.004 1.057 5.015 3.883 1.901 1.957 7.412 3.332 5.418 7.634 10.424 9.296 7.942 4.300 10.385 7.309 4.036 6.978 5.769 8.254 6.409 4.573 6.992 1.312 4.203 7.417 5.765 5.163 9.880 9.774 3.568 9.067 5.365 9.270 1.722 2.906 0.251 4.716 6.792 1.868 7.885 5.610 1.656 2.325 2.612 1.206 4.091 4.272 3.806 9.764 2.294 2.401 3.950 7.325 7.164 4.442 3.140 7.074 6.387 
5.381 6.192 3.184 1.124 8.747 6.806 8.478 8.405 2.939 2.412 8.084 4.278 5.731 7.665 6.653 5.702 7.289 3.832 1.258 0.834 6.725 0.833 5.014 4.218 4.686 2.665 1.275 7.017 0.139 2.822 4.554 7.130 8.815 4.108 5.766 7.990 2.439 6.806 4.811 4.580 8.242 7.700 7.034 3.085 5.678 7.085 6.385 1.361 5.157 2.885 6.397 3.239 2.456 5.917 5.237 2.842 6.620 4.432 2.643 3.128 6.846 5.199 7.505 3.352 8.919 8.517 3.192 4.170 4.899 6.869 1.686 4.524 5.996 6.832 2.436 6.403 5.567 7.927 3.378 2.387 7.715 3.344 6.967 6.470 8.869 6.384 7.699 6.667 6.085 9.970 1.712 7.603 5.695 4.168 0.767 3.758 6.240 8.312 2.458 7.189 
3.253 1.438 6.603 4.790 5.666 2.026 5.797 3.966 3.610 3.035 4.292 7.441 8.493 5.131 7.402 7.632 1.993 4.803 4.372 4.621 5.758 6.233 5.306 2.727 7.056 5.206 5.441 1.638 5.427 6.112 3.114 7.114 4.330 7.791 8.208 2.746 5.386 8.505 2.807 0.840 3.119 5.451 2.361 2.713 1.013 3.435 1.277 5.157 2.738 3.420 7.486 7.313 6.190 7.509 1.201 7.347 7.342 2.892 3.816 2.636 8.144 3.333 2.887 3.767 4.441 6.052 5.909 4.811 4.663 9.327 7.074 1.549 8.386 3.011 7.168 2.141 0.365 3.002 2.280 3.685 2.312 4.660 6.226 1.712 5.035 3.349 3.532 1.960 1.673 6.521 6.966 4.182 1.681 1.557 4.673 3.932 4.878 5.226 5.264 6.920 
3.931 4.608 8.118 9.340 0.569 7.398 1.088 8.921 9.063 7.348 1.768 8.177 8.242 1.732 5.634 6.993 6.520 5.907 8.895 8.822 3.509 9.836 5.075 8.623 7.260 10.472 10.033 5.318 9.386 11.255 4.754 4.677 9.118 8.854 7.767 6.914 10.532 7.101 8.811 6.360 7.386 1.910 3.817 6.446 6.938 2.618 4.917 8.198 4.253 6.422 6.038 12.225 11.148 6.592 7.228 12.011 5.587 4.906 9.140 7.988 6.501 9.358 8.042 9.393 2.449 1.341 7.358 5.586 4.757 8.362 10.846 5.444 7.794 8.709 9.590 3.888 5.664 3.756 6.372 8.845 5.393 10.237 3.724 4.373 1.230 3.033 2.591 7.434 7.475 0.692 10.990 1.888 4.457 5.883 8.611 9.685 3.379 0.984 7.425 4.340 
4.689 3.397 6.647 3.627 7.532 2.341 7.596 3.856 1.973 2.641 6.224 7.652 8.913 6.872 8.406 8.279 3.085 5.427 3.317 3.724 7.142 5.380 6.255 0.774 7.512 3.523 4.148 3.397 4.511 4.439 4.245 8.324 4.267 7.834 8.722 3.664 3.762 9.280 0.903 1.611 3.816 7.145 4.332 2.952 1.454 5.315 3.238 4.802 4.170 3.703 8.392 5.692 4.610 8.258 0.949 5.844 8.350 3.991 2.257 1.433 9.025 1.499 2.962 1.958 6.410 7.819 6.112 5.558 5.692 9.891 6.033 2.743 8.928 2.325 6.744 4.060 2.327 4.942 2.584 2.297 3.950 2.823 7.582 3.679 6.985 5.082 5.488 2.193 1.603 8.453 5.812 6.055 3.482 2.410 3.930 2.022 6.296 7.079 5.313 8.190 
7.911 8.254 5.570 2.531 11.307 8.000 11.081 9.183 3.705 4.569 10.501 6.571 7.990 10.264 9.276 8.190 8.745 6.524 2.987 3.020 9.412 2.574 7.705 5.038 7.164 2.241 1.828 8.806 2.570 1.454 7.092 9.804 9.572 6.205 8.122 9.341 1.950 9.271 5.488 6.377 9.472 10.329 9.177 5.429 7.081 9.487 8.336 4.033 7.614 5.438 8.989 0.675 1.105 8.456 6.577 0.177 9.247 6.935 3.431 4.541 9.385 5.599 8.503 3.805 11.191 11.143 5.769 6.862 7.582 9.130 1.965 6.707 8.347 7.569 4.254 8.620 7.416 10.013 5.596 3.493 9.455 3.151 9.659 8.552 11.302 8.854 10.016 7.850 7.268 12.501 1.495 10.073 7.896 6.289 3.262 3.975 8.900 10.860 5.113 9.873 
4.769 5.376 3.492 0.784 8.163 5.944 7.939 7.571 2.245 1.578 7.401 4.599 6.029 7.122 6.583 5.818 6.420 3.574 0.570 0.131 6.365 1.699 4.754 3.434 4.841 2.418 1.378 6.163 0.869 2.853 3.949 6.945 7.981 4.553 5.995 7.121 2.283 6.924 4.035 3.717 7.376 7.195 6.242 2.337 4.810 6.391 5.550 1.461 4.490 2.295 6.379 3.578 2.598 5.975 4.374 3.313 6.543 3.796 1.979 2.283 6.887 4.465 6.654 2.704 8.173 8.008 3.295 3.887 4.531 7.142 2.522 3.728 6.224 6.013 3.106 5.630 4.714 7.124 2.581 1.660 6.858 2.890 6.654 5.660 8.196 5.728 6.968 5.807 5.226 9.363 2.470 6.950 4.913 3.352 0.289 3.139 5.794 7.717 2.461 6.964 
5.033 5.910 2.950 1.242 8.392 6.654 8.119 8.300 2.950 2.163 7.746 4.055 5.503 7.307 6.328 5.417 7.094 3.476 1.244 0.756 6.366 1.047 4.660 4.167 4.409 2.867 1.548 6.773 0.479 3.106 4.205 6.787 8.710 3.935 5.515 7.805 2.668 6.524 4.767 4.356 8.074 7.340 6.736 2.778 5.505 6.751 6.119 1.035 4.818 2.540 6.081 3.585 2.763 5.618 5.080 3.200 6.293 4.089 2.669 3.011 6.544 5.187 7.375 3.391 8.598 8.156 2.894 3.813 4.539 6.635 1.987 4.233 5.745 6.747 2.385 6.097 5.324 7.635 3.093 2.374 7.474 3.475 6.610 6.183 8.528 6.041 7.375 6.518 5.941 9.618 2.054 7.259 5.393 3.892 0.528 3.814 5.879 7.958 2.131 6.841 
