40 40 40
57.397 42.507 29.380 56.868 43.829 16.723 32.199 64.941 33.158 38.065 31.862 54.823 52.068 17.062 26.905 54.023 56.091 47.510 19.123 56.522 30.886 52.261 33.944 70.041 59.304 29.872 46.160 67.891 65.297 15.813 41.561 66.728 31.260 29.665 73.087 27.912 61.843 21.835 22.823 30.011 
65.789 40.925 68.112 58.723 24.898 34.475 51.072 35.207 31.834 70.604 38.687 50.920 56.067 41.057 38.698 52.197 15.822 44.773 69.204 70.232 51.082 69.257 8.710 6.359 57.076 41.950 39.197 37.686 31.410 26.457 58.835 46.614 65.173 42.980 20.829 18.336 45.188 7.552 52.694 22.568 
20.521 29.689 23.803 30.559 26.398 7.476 32.411 24.069 22.379 20.964 14.330 6.820 11.059 22.185 19.514 33.306 17.396 16.622 13.122 6.870 29.693 8.288 24.779 34.205 21.537 22.771 33.757 22.721 18.725 25.839 29.875 28.932 11.829 33.814 20.850 8.920 15.090 8.037 22.298 33.170 
1346.938 1062.991 1331.748 1260.069 817.715 1038.278 1163.209 969.472 965.807 1380.489 1029.298 1241.869 1241.853 1037.418 1054.281 1251.130 683.757 1082.971 1407.490 1384.488 1182.850 1367.741 557.379 430.918 1244.016 1129.909 977.187 988.128 960.540 838.405 1210.859 1132.413 1259.971 1049.436 775.030 747.094 1090.137 481.914 1152.631 751.770 
3.189 12.009 11.168 10.829 14.513 17.202 7.430 5.373 10.124 10.509 11.503 7.591 4.407 8.126 8.455 15.988 14.614 3.361 12.962 8.198 13.480 9.636 16.174 14.077 13.436 13.161 2.979 9.841 10.727 12.914 11.320 9.192 13.628 12.223 10.061 12.537 9.886 13.629 13.878 7.729 
8.731 6.584 5.000 3.884 11.539 14.663 10.537 6.773 9.437 11.843 4.659 3.214 6.975 9.783 1.517 13.459 13.342 7.263 13.350 1.849 12.233 7.016 12.508 12.195 6.489 8.466 7.049 13.831 11.873 8.190 11.109 12.384 8.776 9.077 3.070 5.916 5.425 6.696 11.578 10.084 
7.271 5.312 5.762 7.447 6.556 9.423 6.107 3.301 3.341 6.080 7.434 3.050 4.362 4.566 6.236 8.186 7.445 5.521 7.275 5.114 6.295 1.638 8.172 6.509 9.331 5.603 5.677 9.316 6.036 5.406 5.018 7.554 6.116 4.222 7.506 7.508 3.033 9.394 6.104 5.248 
11.800 2.496 0.493 2.207 8.555 11.614 11.938 8.512 8.671 11.863 1.678 3.703 9.249 10.502 3.285 10.538 11.315 10.047 12.469 2.892 10.397 5.672 8.913 9.909 3.398 4.644 9.994 15.215 11.763 4.400 10.239 13.480 4.772 6.460 2.992 1.674 3.178 3.456 9.087 11.148 
7.028 5.342 5.604 7.132 7.026 9.923 6.213 3.129 3.835 6.450 7.177 2.630 4.137 4.791 5.809 8.685 7.972 5.252 7.750 4.700 6.822 2.062 8.594 7.030 9.113 5.828 5.378 9.476 6.426 5.616 5.504 7.747 6.334 4.651 7.133 7.349 3.015 9.188 6.611 5.409 
9.282 6.000 7.300 9.583 3.996 6.514 6.528 5.422 1.397 4.720 9.305 5.828 6.519 4.572 8.898 5.299 4.364 7.743 4.828 7.759 3.226 2.088 5.923 3.456 10.924 5.098 8.005 9.112 4.517 5.041 2.637 7.279 5.574 2.441 9.897 8.905 4.488 10.921 3.191 5.492 
4.016 8.491 8.539 9.562 9.325 11.832 3.654 0.126 4.673 5.508 9.820 4.973 1.153 3.147 7.698 10.640 9.156 2.377 7.701 6.783 8.024 4.830 11.147 8.665 11.836 8.916 2.641 6.975 5.650 8.719 5.892 5.495 9.430 7.261 9.285 10.251 6.156 11.947 8.543 3.236 
7.920 5.503 4.353 4.322 9.891 12.992 9.070 5.318 7.628 10.114 4.811 1.468 5.729 8.142 2.272 11.774 11.552 6.267 11.550 1.477 10.435 5.236 10.996 10.434 6.829 7.144 6.136 12.400 10.128 6.870 9.303 10.862 7.516 7.408 3.888 5.713 3.902 6.991 9.847 8.522 
3.552 8.709 8.577 9.382 9.964 12.537 4.110 0.677 5.420 6.246 9.712 4.896 0.683 3.859 7.396 11.336 9.914 1.795 8.475 6.556 8.777 5.319 11.743 9.387 11.743 9.302 1.988 7.367 6.400 9.092 6.668 6.002 9.810 7.823 9.024 10.254 6.378 11.869 9.232 3.842 
14.007 5.707 7.696 10.387 1.139 3.480 11.270 10.047 6.039 8.812 9.708 8.551 11.160 9.308 10.811 2.586 4.660 12.378 7.544 9.827 4.486 5.417 1.134 3.301 10.573 3.584 12.597 13.530 8.520 3.802 6.331 11.756 3.629 2.826 11.120 8.626 6.129 10.459 2.504 10.233 
6.106 6.612 5.875 6.172 9.913 12.897 7.349 3.581 6.730 8.771 6.617 2.196 3.889 6.623 4.082 11.660 11.001 4.421 10.501 3.322 9.847 4.960 11.301 10.063 8.647 7.878 4.308 10.656 8.832 7.618 8.341 9.189 8.320 7.453 5.729 7.393 4.552 8.798 9.613 6.891 
1.811 11.678 11.647 12.408 11.982 14.133 2.720 3.229 6.944 6.141 12.773 7.971 2.416 4.016 10.326 13.018 11.062 2.044 8.759 9.564 10.039 7.897 13.917 10.925 14.807 12.048 2.365 5.108 6.417 11.862 7.610 4.376 12.565 10.168 11.985 13.330 9.342 14.937 11.004 3.313 
5.288 7.691 8.026 9.403 8.000 10.484 3.792 1.416 3.347 4.676 9.531 4.775 2.494 2.570 7.794 9.292 7.845 3.716 6.613 6.769 6.705 3.696 9.850 7.320 11.498 7.864 3.989 7.081 4.755 7.689 4.662 5.399 8.383 6.006 9.275 9.769 5.399 11.584 7.196 3.039 
8.306 8.149 6.565 5.207 12.922 16.026 10.770 7.098 10.398 12.498 6.061 4.501 7.053 10.291 2.963 14.807 14.506 7.071 14.227 3.418 13.372 8.229 13.981 13.434 7.755 9.998 6.788 13.968 12.567 9.723 12.039 12.665 10.322 10.441 4.259 7.398 6.876 7.979 12.869 10.459 
14.151 6.014 8.003 10.693 1.070 3.175 11.332 10.205 6.107 8.797 10.016 8.816 11.317 9.373 11.104 2.305 4.485 12.538 7.444 10.115 4.380 5.623 1.006 3.171 10.877 3.891 12.764 13.530 8.499 4.110 6.316 11.768 3.933 3.035 11.424 8.932 6.409 10.762 2.424 10.297 
7.419 5.763 6.462 8.307 6.018 8.747 5.642 3.426 2.386 5.214 8.236 3.996 4.537 3.930 7.179 7.518 6.579 5.749 6.320 6.051 5.421 1.520 7.768 5.731 10.082 5.703 5.962 8.731 5.148 5.541 4.061 6.928 6.221 3.859 8.414 8.196 3.620 10.129 5.413 4.705 
14.662 4.521 3.211 2.786 10.510 13.341 14.980 11.525 11.534 14.801 2.003 6.662 12.217 13.529 5.125 12.413 13.664 12.946 15.201 5.336 12.866 8.548 10.329 12.194 0.740 6.360 12.860 18.255 14.681 6.200 13.030 16.513 6.241 8.818 3.780 1.496 6.082 0.590 11.311 14.187 
6.567 9.182 7.861 6.926 13.239 16.258 9.509 6.060 10.017 11.662 7.710 4.990 5.757 9.331 4.569 15.022 14.363 5.529 13.648 4.661 13.205 8.322 14.525 13.443 9.519 10.810 5.201 12.572 11.776 10.538 11.574 11.418 11.195 10.761 6.049 8.937 7.515 9.733 12.987 9.348 
5.767 7.365 6.486 6.476 10.762 13.734 7.558 3.847 7.441 9.279 7.018 2.937 3.912 7.040 4.230 12.496 11.775 4.205 11.134 3.670 10.617 5.801 12.157 10.871 9.024 8.703 4.021 10.809 9.364 8.441 9.019 9.439 9.137 8.306 5.907 7.919 5.370 9.192 10.441 7.207 
12.694 2.147 4.146 6.833 4.087 7.029 11.087 8.740 6.315 9.653 6.145 5.729 9.792 9.226 7.455 6.022 7.319 10.921 9.332 6.573 6.645 4.014 4.287 5.830 7.105 0.170 11.040 13.951 9.442 0.239 7.421 12.112 0.688 2.696 7.602 5.106 3.212 7.014 4.928 10.093 
7.817 9.418 7.886 6.522 13.947 17.019 10.792 7.291 11.050 12.859 7.390 5.542 7.039 10.556 4.303 15.790 15.306 6.824 14.766 4.710 14.156 9.128 15.104 14.312 9.042 11.208 6.492 13.867 12.960 10.933 12.645 12.702 11.552 11.459 5.548 8.737 8.009 9.271 13.800 10.607 
3.436 8.792 8.437 8.968 10.606 13.280 4.954 1.614 6.261 7.215 9.382 4.686 1.214 4.826 6.856 12.065 10.765 1.663 9.428 6.119 9.618 5.800 12.313 10.167 11.417 9.597 1.649 8.131 7.368 9.370 7.577 6.861 10.092 8.367 8.518 10.054 6.500 11.559 9.955 4.772 
8.843 3.378 3.670 5.543 6.496 9.597 8.186 5.075 4.942 8.021 5.422 1.930 6.014 6.655 4.773 8.381 8.329 7.043 8.860 3.642 7.260 2.059 7.689 7.120 7.267 4.226 7.109 11.411 7.938 3.977 6.585 9.647 4.693 4.012 5.767 5.415 1.043 7.320 6.483 7.341 
4.550 8.208 7.524 7.682 10.970 13.829 6.534 2.974 7.148 8.578 8.194 3.827 2.806 6.244 5.455 12.594 11.605 2.985 10.626 4.856 10.443 6.002 12.511 10.835 10.212 9.342 2.795 9.722 8.699 9.092 8.624 8.437 9.805 8.584 7.132 9.028 6.060 10.374 10.500 6.291 
6.130 6.648 7.027 8.526 7.296 9.951 4.797 2.131 3.116 5.194 8.599 3.944 3.240 3.378 7.065 8.733 7.568 4.450 6.797 5.992 6.407 2.724 9.066 6.863 10.542 6.859 4.665 8.046 5.211 6.676 4.661 6.319 7.376 5.157 8.471 8.774 4.361 10.618 6.623 3.979 
3.619 8.629 8.249 8.764 10.548 13.249 5.126 1.696 6.271 7.319 9.181 4.496 1.402 4.941 6.650 12.030 10.775 1.857 9.499 5.914 9.624 5.711 12.235 10.150 11.215 9.466 1.822 8.318 7.465 9.236 7.618 7.031 9.958 8.286 8.311 9.861 6.346 11.359 9.920 4.917 
12.173 6.488 8.287 10.891 1.325 3.643 9.046 8.345 3.882 6.404 10.382 8.024 9.439 7.102 10.779 2.408 2.704 10.662 5.170 9.687 2.166 4.329 3.358 1.218 11.621 4.718 10.928 11.143 6.106 4.823 3.924 9.392 5.007 2.280 11.441 9.579 5.985 11.554 0.367 8.019 
5.932 11.548 12.209 13.748 9.712 11.168 1.402 4.729 4.801 2.343 13.837 9.128 4.945 1.885 12.129 10.216 7.803 5.555 4.949 11.121 6.990 7.179 11.750 8.108 15.769 11.161 5.954 2.962 2.671 11.057 4.559 1.129 11.663 8.625 13.629 13.955 9.416 15.838 8.478 1.373 
3.772 9.175 9.327 10.421 9.511 11.856 2.785 0.985 4.622 4.914 10.660 5.816 1.338 2.505 8.571 10.693 9.006 2.409 7.260 7.651 7.907 5.297 11.402 8.655 12.671 9.454 2.758 6.102 5.093 9.273 5.633 4.641 9.972 7.595 10.156 11.051 6.851 12.777 8.625 2.437 
11.472 8.503 10.126 12.594 3.581 4.375 7.712 8.027 3.292 4.550 12.204 9.080 9.027 5.916 12.107 3.462 1.215 10.198 2.828 10.973 0.237 5.295 5.473 1.477 13.627 6.955 10.523 9.279 4.222 7.020 2.310 7.647 7.297 4.217 13.007 11.574 7.503 13.584 2.223 6.757 
4.271 10.429 10.814 12.099 9.734 11.693 1.021 2.779 4.627 3.657 12.279 7.467 2.905 1.488 10.329 10.613 8.548 3.581 6.239 9.376 7.554 6.232 11.726 8.500 14.264 10.397 3.979 4.356 3.912 10.250 5.099 2.838 10.914 8.176 11.888 12.557 8.166 14.355 8.661 0.824 
7.187 11.010 9.568 8.283 15.172 18.182 10.762 7.600 11.823 13.229 9.148 6.908 7.095 10.846 6.046 16.945 16.220 6.582 15.344 6.366 15.059 10.244 16.457 15.338 10.798 12.703 6.203 13.618 13.370 12.430 13.335 12.652 13.076 12.695 7.306 10.482 9.428 11.028 14.901 10.746 
8.427 10.954 12.029 13.993 7.775 8.741 3.989 6.207 3.711 0.577 13.896 9.589 6.814 2.982 12.760 7.908 5.302 7.706 2.245 11.659 4.673 6.667 9.783 5.886 15.679 10.083 8.097 4.837 0.540 10.042 2.587 3.307 10.541 7.300 14.079 13.720 9.142 15.705 6.439 3.366 
0.184 12.291 11.935 12.260 13.430 15.779 4.712 4.139 8.543 8.099 12.760 8.179 3.040 5.878 10.008 14.624 12.836 1.901 10.694 9.431 11.771 8.968 15.288 12.573 14.783 12.973 1.872 6.810 8.364 12.760 9.401 6.313 13.479 11.417 11.684 13.522 9.981 14.941 12.560 5.257 
12.546 0.361 2.199 4.851 6.102 9.062 11.674 8.785 7.449 10.809 4.123 4.789 9.733 9.959 5.769 8.051 9.193 10.746 10.881 5.051 8.415 4.640 6.251 7.722 5.119 2.008 10.792 14.762 10.643 1.796 8.800 12.943 2.083 4.364 5.683 3.091 2.676 5.047 6.842 10.749 
9.964 4.773 6.200 8.609 3.488 6.395 7.620 5.989 2.656 6.001 8.253 5.283 7.102 5.694 8.175 5.157 4.921 8.318 5.977 7.054 3.890 1.547 5.195 3.703 9.782 3.823 8.536 10.334 5.799 3.760 3.870 8.496 4.307 1.337 9.018 7.744 3.512 9.765 3.131 6.596 
10.202 2.747 1.666 3.154 8.047 11.177 10.314 6.865 7.330 10.409 3.047 2.090 7.611 8.930 2.921 10.024 10.418 8.435 11.222 2.016 9.415 4.380 8.775 9.093 4.972 4.632 8.398 13.607 10.333 4.358 8.956 11.890 4.924 5.714 3.494 3.317 2.020 5.056 8.346 9.546 
5.471 10.910 9.720 8.889 14.445 17.359 9.158 6.216 10.688 11.797 9.667 6.559 5.579 9.392 6.529 16.122 15.161 4.946 14.026 6.551 14.000 9.467 15.886 14.392 11.484 12.394 4.557 11.939 11.962 12.128 12.116 11.031 12.811 12.012 8.010 10.869 9.062 11.697 14.037 9.215 
9.100 7.589 5.890 4.327 12.671 15.797 11.308 7.576 10.513 12.815 5.208 4.346 7.647 10.687 2.199 14.594 14.469 7.776 14.406 2.885 13.354 8.146 13.612 13.330 6.846 9.529 7.517 14.557 12.861 9.254 12.179 13.184 9.819 10.212 3.351 6.589 6.546 7.074 12.715 10.925 
12.974 5.201 7.138 9.815 0.956 4.030 10.305 9.012 5.078 7.986 9.201 7.652 10.125 8.343 10.057 2.928 4.372 11.343 6.945 9.036 3.953 4.400 2.169 2.900 10.237 3.200 11.562 12.661 7.707 3.364 5.519 10.867 3.390 1.812 10.485 8.233 5.299 10.145 1.998 9.268 
4.331 5.625 7.500 5.455 6.236 8.470 11.920 6.944 9.155 14.878 8.118 11.681 3.263 2.379 4.429 2.889 7.042 5.233 6.433 3.200 12.582 7.118 10.280 13.690 6.822 8.855 12.679 8.735 7.759 7.853 4.355 14.307 2.699 7.599 12.239 3.994 3.348 9.571 8.424 14.003 
11.046 7.063 5.023 12.211 10.530 7.893 4.781 5.945 3.338 6.994 9.839 9.398 10.609 11.961 10.054 9.568 7.821 7.393 12.987 11.914 9.873 7.502 1.928 3.246 6.258 6.853 1.271 10.261 8.912 10.517 10.978 7.246 11.384 14.131 5.963 12.006 9.730 5.822 6.857 4.733 
10.036 7.345 5.470 12.769 11.267 6.289 2.777 6.479 4.091 8.989 10.907 11.005 9.811 11.249 10.456 9.063 6.502 6.735 13.652 11.071 11.562 8.352 2.575 5.241 6.832 5.225 1.181 11.413 9.934 11.522 9.967 9.209 10.636 14.885 7.791 12.337 9.030 7.185 7.986 6.737 
9.491 8.718 7.188 14.180 12.914 4.917 0.344 8.174 6.220 11.679 12.889 13.452 9.613 11.101 11.774 9.342 5.719 7.023 15.158 10.735 14.068 10.218 4.920 7.903 8.535 3.953 3.646 13.462 11.899 13.428 9.422 11.894 10.467 16.462 10.414 13.506 9.035 9.517 10.110 9.420 
14.108 7.783 6.472 10.594 8.654 12.736 10.794 6.553 5.634 1.605 6.947 4.355 13.192 14.126 9.398 11.591 12.062 10.300 10.890 14.433 4.404 6.266 6.125 3.486 6.565 11.861 7.388 6.943 6.475 7.696 14.055 1.242 13.723 11.580 1.045 11.151 12.210 3.703 4.945 2.101 
16.935 10.402 9.384 12.066 10.220 15.846 13.876 9.289 8.724 2.284 8.245 4.630 15.938 16.742 11.407 14.266 15.120 13.210 12.091 17.129 4.056 8.497 9.260 6.157 9.227 14.986 10.349 7.973 8.126 8.899 16.886 1.932 16.395 12.466 3.842 12.918 14.966 6.279 7.212 4.565 
8.139 4.477 6.403 1.172 1.907 10.825 12.881 5.439 8.043 11.849 3.940 7.699 6.871 6.663 1.362 5.394 9.361 6.728 2.272 7.408 8.550 4.243 9.540 11.780 5.123 10.776 12.259 4.443 3.948 3.491 8.135 11.124 6.722 3.627 9.285 0.851 6.325 6.838 5.460 11.595 
5.441 1.626 3.550 4.913 4.272 7.128 9.208 2.943 5.250 10.973 5.451 8.425 4.255 4.853 2.535 2.503 5.695 3.003 5.983 5.308 9.333 3.515 6.523 9.703 2.836 7.018 9.107 6.155 4.730 5.543 5.410 10.457 4.557 7.342 8.353 4.050 3.379 5.692 4.705 10.006 
10.070 3.450 3.508 5.637 3.713 10.310 10.356 2.786 4.304 6.674 2.597 3.799 8.955 9.598 4.296 7.221 9.174 6.721 6.133 10.058 4.682 1.264 5.799 6.776 2.532 9.755 8.384 3.044 1.711 3.297 10.031 6.009 9.309 7.093 4.068 6.055 8.022 1.686 0.388 6.400 
10.924 5.215 6.331 3.217 1.681 12.476 13.350 5.364 7.516 9.103 0.811 4.333 9.670 9.809 3.574 7.974 11.140 8.448 3.213 10.470 5.123 3.299 9.058 10.015 5.008 12.137 11.707 0.949 1.684 0.092 10.904 8.284 9.731 3.871 6.790 4.327 8.911 4.974 3.747 9.406 
10.207 8.841 7.159 14.321 12.955 5.770 1.249 8.165 5.998 10.988 12.779 13.078 10.243 11.727 11.940 9.836 6.453 7.487 15.264 11.408 13.649 10.151 4.573 7.156 8.527 4.766 2.862 13.321 11.794 13.356 10.138 11.254 11.095 16.542 9.884 13.736 9.605 9.211 9.920 8.704 
6.623 4.095 2.852 9.545 8.329 4.327 4.407 3.728 2.801 9.797 8.523 9.837 6.197 7.585 7.139 5.315 3.703 3.019 10.529 7.495 10.600 5.821 2.786 6.949 4.076 3.542 4.635 9.151 7.542 8.985 6.556 9.668 6.992 11.842 7.707 8.896 5.351 5.879 6.027 7.968 
4.680 2.736 4.596 4.925 4.723 7.127 9.724 4.047 6.268 12.082 6.185 9.375 3.432 3.824 2.795 1.739 5.649 3.132 6.026 4.351 10.285 4.527 7.462 10.780 3.949 7.183 9.969 6.876 5.568 6.162 4.660 11.558 3.596 7.378 9.458 3.795 2.686 6.794 5.764 11.113 
8.512 3.221 4.855 2.539 1.049 10.295 11.696 3.846 6.379 9.905 2.439 6.023 7.259 7.445 1.268 5.564 8.905 6.196 3.328 8.083 6.912 2.321 7.920 9.866 3.496 10.058 10.649 3.096 2.120 2.331 8.492 9.197 7.339 4.575 7.328 2.789 6.503 4.882 3.501 9.638 
7.111 7.143 6.032 12.455 11.403 2.674 2.038 6.911 5.620 12.110 11.703 12.903 7.261 8.747 10.036 7.117 3.339 4.876 13.487 8.361 13.624 9.003 4.812 8.659 7.254 1.635 4.885 12.336 10.724 12.148 7.043 12.152 8.113 14.827 10.382 11.630 6.730 8.910 9.187 10.003 
15.704 9.190 8.146 11.116 9.230 14.631 12.781 8.061 7.505 1.695 7.307 3.905 14.716 15.538 10.314 13.051 13.889 11.973 11.219 15.914 3.538 7.340 8.097 5.271 8.006 13.783 9.340 7.109 7.093 7.997 15.655 0.951 15.183 11.696 2.609 11.892 13.742 5.056 6.039 3.716 
14.571 7.940 7.506 8.695 6.912 14.376 13.404 7.082 7.475 4.302 4.892 1.181 13.460 14.063 8.302 11.723 13.397 11.115 8.660 14.550 0.829 5.727 8.529 6.975 6.910 13.671 10.428 4.554 4.941 5.501 14.530 3.415 13.798 9.016 3.263 9.644 12.526 4.265 4.628 5.677 
3.919 3.948 5.739 5.344 5.540 7.192 10.289 5.250 7.372 13.306 7.185 10.510 2.650 2.696 3.586 1.391 5.715 3.567 6.429 3.320 11.420 5.718 8.480 11.938 5.166 7.425 10.889 7.857 6.649 7.075 3.914 12.781 2.583 7.735 10.682 4.010 2.202 8.018 6.973 12.314 
13.238 6.986 7.457 5.782 4.308 14.161 14.265 6.664 8.157 7.485 2.424 2.190 12.015 12.298 6.104 10.277 12.943 10.349 5.530 12.915 2.740 4.673 9.565 9.363 6.361 13.665 11.968 1.775 3.100 2.692 13.211 6.604 12.165 5.725 5.686 6.967 11.185 4.951 4.302 8.382 
6.961 6.103 4.903 11.487 10.360 3.158 2.558 5.798 4.497 11.119 10.593 11.765 6.910 8.390 9.068 6.508 3.312 4.176 12.499 8.102 12.492 7.891 3.798 7.798 6.146 2.122 4.363 11.219 9.611 11.054 6.891 11.121 7.760 13.829 9.305 10.732 6.256 7.774 8.050 9.070 
13.417 6.783 6.364 7.889 6.033 13.247 12.430 5.922 6.421 4.462 4.071 1.085 12.313 12.941 7.287 10.580 12.249 9.954 7.972 13.415 1.597 4.596 7.558 6.478 5.748 12.560 9.612 3.865 3.958 4.751 13.376 3.598 12.664 8.478 2.716 8.736 11.375 3.148 3.470 5.366 
9.146 3.223 1.506 7.875 6.148 8.082 7.427 1.907 1.315 6.512 5.543 6.084 8.279 9.321 5.853 6.762 7.217 5.322 8.612 9.552 6.816 3.115 2.805 4.884 2.109 7.345 5.449 6.039 4.582 6.183 9.091 6.193 8.868 9.745 4.103 7.817 7.298 2.093 2.615 5.217 
15.652 9.566 8.040 12.631 10.690 13.766 11.197 8.284 6.896 0.958 8.979 6.153 14.817 15.842 11.383 13.286 13.272 11.790 12.926 16.090 6.005 8.232 6.970 3.210 8.346 12.816 7.503 8.952 8.513 9.725 15.595 1.795 15.402 13.596 3.052 13.166 13.836 5.618 6.923 1.695 
13.893 7.290 6.523 9.007 7.112 13.286 12.039 6.264 6.246 3.222 5.213 2.186 12.848 13.588 8.207 11.147 12.399 10.274 9.150 14.006 2.287 5.296 7.178 5.495 6.156 12.524 8.968 5.068 4.970 5.922 13.847 2.365 13.265 9.699 1.773 9.769 11.887 3.273 4.032 4.251 
12.100 10.809 9.047 16.283 14.858 7.468 2.950 10.059 7.739 11.791 14.556 14.518 12.208 13.695 13.919 11.860 8.327 9.514 17.204 13.341 15.012 11.984 6.223 7.895 10.417 6.542 3.869 15.063 13.582 15.166 12.031 12.188 13.062 18.464 11.088 15.738 11.602 10.794 11.635 9.488 
12.371 7.341 5.359 11.923 10.088 9.760 6.929 6.057 3.717 4.858 9.015 7.849 11.756 12.995 10.019 10.482 9.483 8.545 12.555 13.070 8.193 7.084 3.060 1.153 6.288 8.757 3.291 9.314 8.189 9.750 12.307 5.163 12.465 13.569 4.160 11.977 10.815 4.842 6.124 2.585 
3.522 4.168 5.882 5.736 5.935 6.920 10.149 5.451 7.481 13.547 7.562 10.853 2.255 2.339 3.979 1.143 5.452 3.439 6.818 2.934 11.763 6.029 8.534 12.080 5.389 7.198 10.888 8.237 7.008 7.463 3.518 13.040 2.192 8.119 10.932 4.390 1.862 8.275 7.266 12.502 
10.839 7.770 9.610 2.301 4.033 14.044 16.214 8.614 11.177 13.860 5.522 8.948 9.624 9.032 4.678 8.396 12.565 9.996 1.590 9.846 9.630 7.053 12.712 14.491 8.274 14.059 15.441 5.632 6.078 4.782 10.849 13.042 9.268 1.370 11.502 3.123 9.269 9.405 8.038 14.052 
11.107 5.264 6.278 3.548 1.961 12.537 13.295 5.331 7.404 8.790 0.597 4.000 9.859 10.037 3.807 8.150 11.219 8.539 3.538 10.686 4.792 3.245 8.937 9.774 4.980 12.171 11.564 0.619 1.563 0.353 11.085 7.967 9.944 4.155 6.502 4.640 9.082 4.761 3.578 9.133 
12.112 7.154 5.156 11.809 9.989 9.485 6.683 5.880 3.495 5.086 8.965 7.917 11.507 12.755 9.871 10.248 9.209 8.293 12.459 12.822 8.288 6.972 2.790 1.428 6.121 8.482 3.084 9.283 8.122 9.693 12.048 5.363 12.222 13.491 4.270 11.833 10.570 4.795 6.049 2.830 
11.418 4.919 5.189 5.458 3.568 11.960 11.995 4.436 5.899 6.649 1.700 2.471 10.246 10.726 4.850 8.494 10.789 8.266 5.653 11.262 3.380 2.571 7.341 7.654 4.154 11.427 9.826 1.771 1.491 2.447 11.384 5.852 10.507 6.345 4.311 6.258 9.354 2.813 2.022 6.949 
9.991 6.085 7.846 0.744 2.193 12.714 14.579 6.840 9.377 12.142 3.804 7.412 8.730 8.403 3.094 7.296 11.256 8.603 0.368 9.179 8.163 5.218 10.920 12.657 6.493 12.632 13.649 4.028 4.271 3.104 9.990 11.343 8.521 1.729 9.728 2.156 8.221 7.574 6.203 12.245 
12.814 7.858 5.870 12.430 10.587 10.078 7.048 6.575 4.216 4.861 9.482 8.185 12.222 13.474 10.536 10.970 9.857 9.004 13.052 13.536 8.486 7.591 3.468 0.979 6.807 9.060 3.315 9.765 8.669 10.221 12.750 5.250 12.939 14.055 4.443 12.494 11.286 5.311 6.612 2.556 
11.727 5.660 4.095 9.443 7.538 10.259 8.607 4.358 3.147 3.947 6.264 5.115 10.870 11.894 7.809 9.337 9.575 7.883 9.965 12.140 5.577 4.684 3.781 2.950 4.452 9.401 5.568 6.513 5.506 7.014 11.672 3.729 11.452 10.893 1.837 9.709 9.889 2.146 3.522 2.745 
8.681 8.604 7.269 14.000 12.853 3.973 0.781 8.215 6.530 12.421 12.995 13.844 8.904 10.387 11.581 8.794 4.920 6.541 15.012 9.969 14.504 10.297 5.395 8.723 8.571 3.079 4.548 13.598 12.006 13.489 8.613 12.580 9.754 16.339 10.991 13.231 8.400 9.864 10.324 10.198 
11.314 9.087 7.216 14.516 13.008 7.108 2.730 8.224 5.796 9.872 12.596 12.466 11.222 12.688 12.200 10.620 7.625 8.267 15.397 12.441 12.960 10.074 4.251 5.983 8.576 6.069 1.822 13.082 11.631 13.226 11.244 10.221 12.064 16.626 9.050 14.074 10.503 8.764 9.650 7.567 
9.046 4.753 2.738 10.026 8.441 6.666 5.039 3.710 1.204 7.407 8.020 8.352 8.478 9.771 7.795 7.317 6.214 5.252 10.860 9.793 8.994 5.482 0.411 4.425 4.047 5.741 3.123 8.530 7.047 8.637 8.981 7.376 9.217 12.061 5.576 9.730 7.560 4.411 5.109 5.470 
12.301 10.895 9.108 16.363 14.918 7.692 3.155 10.120 7.768 11.667 14.582 14.478 12.393 13.879 14.008 12.018 8.530 9.668 17.276 13.535 14.959 12.026 6.239 7.774 10.477 6.756 3.817 15.080 13.611 15.199 12.232 12.080 13.246 18.528 11.017 15.839 11.775 10.783 11.649 9.367 
13.602 7.081 6.080 9.370 7.440 12.707 11.249 5.955 5.602 2.701 5.654 3.030 12.606 13.432 8.343 10.942 11.891 9.893 9.608 13.804 3.199 5.291 6.417 4.584 5.897 11.905 8.098 5.608 5.262 6.394 13.553 1.957 13.074 10.253 0.873 10.015 11.634 2.947 3.973 3.382 
8.265 3.726 5.542 1.770 1.170 10.487 12.217 4.552 7.136 10.823 3.093 6.802 6.996 7.005 0.859 5.381 9.055 6.362 2.720 7.695 7.674 3.218 8.657 10.763 4.219 10.342 11.385 3.674 2.966 2.780 8.253 10.106 6.972 4.052 8.251 1.867 6.329 5.802 4.423 10.559 
