40 40 40
14.087 20.795 34.189 82.094 18.959 30.299 15.846 64.648 30.201 54.115 65.114 25.815 26.995 21.836 22.714 55.991 50.699 23.026 12.782 76.127 42.435 20.697 76.861 85.443 59.733 14.260 71.747 35.378 19.684 20.034 68.719 52.941 80.545 24.322 40.317 38.109 15.538 35.993 12.459 15.909 
22.474 18.204 26.628 71.457 53.753 74.004 34.696 32.248 79.930 9.310 71.600 23.928 39.097 29.241 35.707 43.611 72.409 39.588 39.107 16.875 67.092 42.293 73.877 29.313 60.945 6.138 26.658 38.763 5.658 30.312 28.742 18.626 29.720 66.035 59.208 5.866 6.676 61.508 42.917 43.241 
12.901 7.087 19.128 29.015 13.343 25.300 21.372 12.567 33.803 10.087 23.533 20.648 23.797 28.825 15.219 5.601 30.949 6.923 20.986 25.730 6.359 16.450 23.565 30.382 6.320 22.518 7.862 34.248 16.131 32.875 21.178 25.607 11.924 9.857 30.567 33.095 16.227 6.004 31.559 19.186 
726.077 661.221 829.979 1359.168 1080.790 1380.953 895.409 848.510 1344.937 464.719 1289.598 739.286 997.253 848.657 925.491 1022.955 1237.530 966.671 927.334 704.529 1179.615 1017.542 1306.522 879.767 1210.629 436.562 763.934 966.128 423.309 891.076 843.854 675.171 893.205 1233.725 1132.509 412.229 436.654 1184.941 1021.106 1045.869 
7.996 10.566 7.729 8.242 9.814 9.943 3.669 6.936 3.892 3.768 3.837 9.146 0.775 9.292 7.097 10.724 12.455 4.838 8.706 11.289 5.782 12.289 6.280 10.546 13.124 8.990 13.362 13.092 10.435 8.854 13.154 1.783 4.664 6.977 11.239 12.346 13.036 12.725 2.177 7.689 
8.391 11.911 5.885 10.214 8.147 9.522 5.737 5.320 5.869 5.846 2.543 9.653 2.751 9.742 7.640 10.306 11.753 5.636 6.962 11.825 3.695 12.519 7.030 8.959 13.944 8.800 13.315 11.887 11.335 10.098 11.847 0.860 6.555 6.656 11.676 13.409 13.971 11.717 4.266 8.617 
2.641 4.537 9.877 6.123 10.605 6.343 5.594 8.471 4.726 5.786 6.567 3.163 5.916 3.411 1.768 6.902 9.142 1.971 10.120 5.034 10.042 6.506 1.027 10.827 6.577 5.007 8.089 11.372 3.880 2.658 11.802 7.922 4.118 4.497 5.149 5.848 6.483 10.367 6.110 1.150 
4.597 5.127 13.099 10.453 12.655 6.108 11.516 11.723 10.633 11.696 11.209 3.310 11.810 3.249 5.332 5.954 7.656 7.538 12.772 1.155 14.477 2.193 6.097 12.402 1.790 5.480 4.027 10.932 2.607 5.011 11.618 13.493 9.896 7.139 1.503 3.185 2.497 9.555 12.119 4.877 
4.497 10.091 4.573 11.706 4.663 3.360 9.088 3.197 8.550 9.291 3.853 5.642 7.112 5.542 4.567 4.104 5.397 4.787 4.396 7.422 6.311 7.266 4.959 4.842 10.051 3.158 7.472 6.120 8.103 8.327 6.337 7.179 8.551 1.596 7.032 10.339 10.419 5.591 8.459 6.281 
3.042 3.707 10.713 5.676 11.398 6.846 5.820 9.303 4.936 5.999 7.396 3.228 6.504 3.504 2.344 7.345 9.599 2.777 10.939 4.826 10.868 6.475 1.823 11.593 6.058 5.514 8.178 11.980 3.357 1.831 12.439 8.622 4.210 5.235 5.031 5.166 5.883 10.923 6.524 0.966 
6.395 11.715 7.577 15.030 5.901 2.580 13.346 6.731 12.679 13.555 8.505 6.751 11.722 6.491 7.140 2.222 0.846 8.572 6.648 7.291 10.309 5.930 8.021 5.250 9.801 3.911 4.857 2.925 9.031 10.385 3.608 11.870 12.464 5.075 6.728 10.868 10.458 1.593 12.953 8.590 
3.482 7.301 7.292 7.698 8.363 5.855 5.212 5.936 4.568 5.421 3.801 4.679 4.092 4.801 2.635 6.594 8.605 0.873 7.695 6.847 7.277 7.768 2.032 8.748 8.918 4.706 8.895 10.090 6.334 5.423 10.373 5.527 4.485 3.068 6.752 8.469 8.968 9.354 4.965 3.674 
5.808 6.057 10.673 4.045 12.049 9.211 2.420 9.433 1.537 2.591 6.678 6.444 3.978 6.692 4.826 9.864 12.035 3.141 11.264 8.227 9.814 9.783 3.809 12.496 9.355 7.916 11.361 13.827 6.700 4.595 14.141 6.481 0.842 6.740 8.395 8.194 9.068 13.004 3.393 4.295 
7.717 12.400 3.026 12.003 5.220 7.654 8.001 2.414 7.871 8.153 1.339 9.018 5.127 9.021 7.262 8.396 9.460 5.949 4.044 11.090 2.251 11.330 7.028 6.039 13.528 7.283 11.735 9.136 11.157 10.521 9.031 3.761 8.331 5.209 10.810 13.380 13.725 9.126 6.746 8.680 
4.320 3.332 13.250 8.725 13.143 6.890 10.174 11.831 9.291 10.341 10.840 3.077 10.831 3.175 4.758 6.927 8.883 6.699 13.089 1.861 14.242 3.731 5.277 13.016 1.663 5.963 5.665 12.024 1.058 3.370 12.666 12.747 8.491 7.181 2.427 1.765 1.737 10.694 10.938 3.774 
1.504 7.183 7.892 10.075 7.757 2.391 8.833 6.496 8.070 9.042 6.182 2.377 7.906 2.240 2.185 2.983 5.199 3.966 7.676 4.116 9.291 4.284 3.114 7.707 6.729 1.055 5.105 7.531 4.888 5.614 8.027 8.951 7.712 1.903 3.763 7.083 7.105 6.448 8.784 3.686 
3.570 9.273 5.759 11.452 5.542 2.239 9.318 4.412 8.689 9.526 4.873 4.597 7.679 4.464 3.862 3.017 4.636 4.666 5.464 6.256 7.530 6.031 4.471 5.545 8.910 1.926 6.273 6.024 7.101 7.590 6.380 8.079 8.558 1.068 5.843 9.306 9.317 5.233 8.887 5.563 
5.156 0.758 13.611 5.376 14.118 8.787 7.643 12.189 6.807 7.773 10.361 4.549 9.085 4.812 4.889 9.090 11.281 5.734 13.759 4.866 13.830 6.838 4.710 14.217 4.605 7.555 8.773 14.078 2.674 1.157 14.625 11.385 5.906 7.872 5.335 3.036 4.074 12.877 8.739 3.180 
6.528 11.947 2.442 12.838 3.226 5.304 9.539 1.044 9.175 9.724 3.034 7.732 7.043 7.651 6.432 5.974 6.760 6.035 2.523 9.567 4.408 9.392 6.605 3.784 12.183 5.295 9.463 6.409 10.145 10.120 6.370 6.342 9.385 3.627 9.183 12.394 12.527 6.348 8.585 8.100 
4.906 10.604 5.584 13.076 4.665 1.979 10.917 4.467 10.308 11.124 5.873 5.719 9.122 5.529 5.370 2.510 3.359 6.308 4.951 7.013 7.950 6.322 6.065 4.421 9.693 2.646 6.046 4.383 8.223 9.011 4.758 9.226 10.196 2.709 6.522 10.341 10.200 3.629 10.410 7.026 
7.966 13.089 1.507 13.246 3.654 7.120 9.446 1.007 9.246 9.609 2.603 9.227 6.644 9.181 7.699 7.799 8.529 6.807 2.465 11.172 2.603 11.134 7.669 4.502 13.733 7.026 11.277 7.796 11.543 11.221 7.622 5.323 9.626 5.170 10.825 13.794 14.019 7.942 8.259 9.270 
5.717 8.964 11.697 13.736 10.529 4.234 13.663 10.527 12.829 13.865 11.140 5.040 13.073 4.774 6.721 3.604 4.262 8.946 11.021 3.981 13.858 2.007 7.738 10.014 5.717 4.611 0.089 7.603 6.172 8.327 8.347 14.110 12.287 6.765 3.507 7.252 6.503 6.203 13.837 7.295 
8.489 11.122 7.669 8.699 9.838 10.310 4.068 6.968 4.364 4.148 3.931 9.656 1.310 9.795 7.605 11.094 12.770 5.362 8.695 11.806 5.524 12.771 6.806 10.603 13.666 9.397 13.805 13.280 10.981 9.411 13.311 1.354 5.165 7.349 11.745 12.901 13.585 12.966 2.521 8.233 
7.889 13.591 3.314 15.293 1.459 5.193 12.306 3.016 11.881 12.497 5.884 8.859 9.894 8.695 8.128 5.568 5.328 8.373 2.216 10.268 6.394 9.533 8.589 1.226 12.949 5.864 9.013 3.831 11.374 11.884 3.634 9.123 12.001 5.149 9.781 13.539 13.443 4.206 11.420 9.845 
8.595 7.287 13.079 2.493 14.681 12.096 2.363 11.948 2.331 2.294 8.976 9.070 5.330 9.337 7.643 12.736 14.921 6.027 13.800 10.618 11.712 12.336 6.649 15.198 11.248 10.792 14.027 16.702 8.789 6.420 16.997 7.781 2.140 9.623 10.873 9.780 10.797 15.897 3.925 6.822 
7.232 12.703 1.830 13.610 2.490 5.697 10.239 0.725 9.902 10.420 3.581 8.409 7.665 8.314 7.178 6.314 6.849 6.819 1.741 10.184 4.305 9.900 7.379 3.132 12.822 5.839 9.841 6.104 10.849 10.884 5.979 6.762 10.136 4.318 9.779 13.093 13.192 6.211 9.232 8.858 
8.745 12.146 6.167 10.267 8.467 9.922 5.722 5.660 5.913 5.818 2.938 9.999 2.772 10.093 7.978 10.706 12.153 5.933 7.269 12.171 3.816 12.892 7.342 9.293 14.263 9.192 13.704 12.263 11.640 10.348 12.214 0.509 6.638 7.050 12.031 13.694 14.275 12.107 4.210 8.912 
8.130 6.555 13.126 1.935 14.624 11.717 2.764 11.945 2.492 2.744 9.050 8.527 5.616 8.800 7.205 12.333 14.541 5.757 13.791 10.001 11.930 11.755 6.236 15.099 10.549 10.398 13.481 16.441 8.125 5.740 16.765 8.124 2.017 9.351 10.276 9.059 10.085 15.588 4.335 6.268 
8.516 13.795 0.575 14.145 2.853 7.255 10.384 1.000 10.175 10.547 3.538 9.744 7.581 9.673 8.337 7.879 8.359 7.613 1.607 11.607 2.950 11.418 8.390 3.757 14.214 7.331 11.404 7.273 12.123 11.940 7.026 6.185 10.541 5.642 11.227 14.376 14.543 7.569 9.197 9.956 
4.307 9.942 6.407 12.722 5.530 1.113 10.865 5.235 10.206 11.074 6.327 4.999 9.284 4.790 4.891 1.709 3.031 6.116 5.812 6.181 8.647 5.453 5.682 5.255 8.855 1.900 5.227 4.752 7.479 8.415 5.226 9.613 10.017 2.593 5.679 9.558 9.380 3.775 10.481 6.480 
3.919 3.507 12.839 8.743 12.725 6.486 9.995 11.421 9.110 10.167 10.466 2.666 10.554 2.759 4.390 6.538 8.520 6.383 12.673 1.536 13.857 3.469 4.951 12.600 1.974 5.548 5.415 11.639 0.913 3.315 12.276 12.427 8.332 6.770 2.091 2.165 2.137 10.317 10.711 3.498 
3.924 8.394 9.579 12.469 8.640 2.078 11.812 8.354 11.015 12.019 8.883 3.680 10.971 3.393 4.903 1.639 3.332 6.983 8.995 3.703 11.624 2.385 5.926 8.246 6.184 2.368 2.176 6.542 5.608 7.328 7.223 11.890 10.568 4.517 3.135 7.292 6.843 5.177 11.841 5.867 
2.437 6.222 8.157 7.366 8.954 5.426 5.675 6.753 4.911 5.884 4.934 3.542 5.096 3.691 1.494 6.101 8.246 0.840 8.422 5.692 8.410 6.744 0.835 9.227 7.708 4.154 8.017 10.109 5.123 4.346 10.472 6.714 4.597 3.042 5.636 7.270 7.755 9.229 5.731 2.492 
5.975 11.668 3.873 13.465 3.150 3.673 10.733 2.834 10.236 10.931 4.833 6.987 8.555 6.838 6.198 4.225 4.739 6.544 3.259 8.516 6.394 7.985 6.676 3.155 11.195 4.086 7.761 4.604 9.498 9.954 4.712 8.219 10.278 3.221 8.058 11.688 11.648 4.359 9.993 7.914 
6.446 6.436 14.641 12.023 13.969 7.346 13.383 13.305 12.499 13.559 13.010 5.185 13.723 5.094 7.225 7.019 8.325 9.448 14.211 3.013 16.208 3.005 8.009 13.617 2.193 6.974 4.186 11.680 4.325 6.699 12.406 15.383 11.738 8.821 3.192 4.028 2.974 10.276 14.021 6.773 
1.295 5.067 9.260 7.451 9.713 5.018 6.741 7.829 5.901 6.941 6.392 2.054 6.595 2.253 0.498 5.558 7.803 2.308 9.355 4.149 9.841 5.375 0.880 9.845 6.127 3.682 6.843 10.123 3.582 3.277 10.583 8.298 5.377 3.477 4.145 5.781 6.201 9.075 7.054 1.232 
8.748 13.233 3.398 12.419 5.815 8.768 8.174 3.218 8.165 8.306 2.162 10.052 5.200 10.067 8.239 9.507 10.521 6.753 4.570 12.147 1.357 12.432 7.926 6.702 14.547 8.396 12.852 10.019 12.127 11.358 9.857 3.330 8.724 6.310 11.882 14.331 14.718 10.099 6.792 9.584 
0.929 6.350 8.802 9.619 8.682 2.971 8.819 7.399 8.012 9.025 6.889 1.456 8.208 1.311 1.891 3.404 5.658 4.045 8.604 3.243 10.095 3.685 2.915 8.615 5.820 1.705 4.813 8.240 3.971 4.871 8.776 9.472 7.556 2.765 2.941 6.156 6.180 7.083 8.936 3.066 
8.675 13.977 0.370 14.350 2.719 7.341 10.587 1.141 10.380 10.750 3.742 9.896 7.779 9.822 8.510 7.953 8.378 7.810 1.461 11.745 3.022 11.528 8.575 3.638 14.359 7.449 11.482 7.209 12.286 12.124 6.942 6.357 10.746 5.793 11.359 14.538 14.695 7.543 9.396 10.136 
9.129 14.531 0.412 15.059 2.144 7.497 11.337 1.663 11.120 11.501 4.490 10.318 8.535 10.227 9.030 8.059 8.278 8.454 0.904 12.096 3.542 11.764 9.155 3.097 14.737 7.733 11.595 6.821 12.747 12.692 6.491 7.085 11.472 6.221 11.686 14.994 15.105 7.282 10.151 10.684 
1.506 4.526 9.813 7.213 10.235 5.320 6.868 8.382 6.007 7.063 6.927 1.871 6.943 2.117 1.008 5.806 8.060 2.704 9.897 3.832 10.384 5.220 1.265 10.346 5.660 3.994 6.797 10.499 3.065 2.763 10.982 8.741 5.413 3.990 3.896 5.242 5.696 9.412 7.297 0.732 
6.044 11.760 4.618 13.927 3.433 3.190 11.421 3.699 10.882 11.623 5.726 6.929 9.356 6.749 6.409 3.619 3.861 7.046 3.836 8.265 7.277 7.537 7.005 3.171 10.945 3.884 7.126 3.804 9.441 10.118 4.003 9.116 10.865 3.536 7.774 11.577 11.450 3.454 10.755 8.103 
5.201 3.699 12.060 3.504 13.057 8.982 4.627 10.709 3.794 4.758 8.335 5.352 6.286 5.635 4.420 9.505 11.756 3.909 12.456 6.688 11.687 8.482 3.646 13.353 7.317 7.646 10.261 14.039 4.814 2.465 14.464 8.721 2.889 7.108 6.983 5.973 6.926 13.029 5.765 3.112 
7.892 10.064 8.390 7.508 10.407 10.111 2.910 7.531 3.169 3.007 4.408 8.984 0.392 9.149 6.953 10.884 12.703 4.655 9.329 11.095 6.534 12.201 6.071 11.109 12.809 9.087 13.369 13.513 10.107 8.405 13.609 2.520 3.976 7.155 11.082 11.944 12.679 13.078 1.424 7.380 
5.113 5.870 7.764 10.033 1.062 10.328 7.031 7.793 8.166 3.123 7.401 8.877 10.452 10.773 6.995 5.857 2.116 10.808 6.057 4.754 10.273 4.806 3.876 4.855 8.500 4.261 2.685 5.315 11.738 4.230 9.630 3.613 9.873 6.770 9.636 8.313 1.878 6.045 0.604 8.101 
10.772 4.892 9.430 6.962 6.701 14.028 9.912 12.869 9.880 2.650 3.571 12.266 16.013 15.155 10.400 11.558 5.000 15.126 3.768 7.603 13.303 3.558 3.117 10.087 9.584 5.845 8.049 3.805 15.621 3.956 15.068 6.678 14.301 10.172 12.995 14.003 3.965 11.486 5.688 13.786 
4.234 14.544 9.156 15.670 7.904 5.822 7.192 8.759 9.150 11.683 14.553 6.209 7.301 4.199 6.240 5.122 9.335 4.395 14.961 11.732 7.313 11.827 11.512 4.218 10.154 12.414 8.082 12.087 6.003 11.118 7.777 11.139 3.720 6.293 6.416 5.068 10.395 2.929 8.766 5.133 
12.504 10.533 6.610 1.361 9.212 12.121 8.125 16.483 6.939 6.322 2.176 10.346 18.746 13.919 8.992 13.929 6.743 13.809 9.483 12.447 10.797 3.905 4.921 10.980 6.137 10.948 11.381 3.389 13.701 4.486 18.110 11.327 13.243 8.836 10.892 16.302 7.014 12.498 8.277 16.127 
3.982 14.140 11.085 17.116 8.062 8.301 9.136 6.794 11.148 12.100 15.567 8.525 4.819 6.681 8.225 3.871 9.997 6.883 14.766 10.839 9.727 12.767 12.258 5.069 12.112 11.854 7.505 13.109 8.493 12.049 5.402 10.478 6.220 8.227 8.814 2.822 10.784 3.547 9.059 2.951 
3.335 7.594 10.289 13.774 3.286 11.001 8.945 4.031 10.602 6.818 11.217 10.043 6.773 10.646 8.505 2.778 5.736 10.754 8.364 4.260 11.543 8.593 7.691 4.672 11.206 5.260 1.194 9.088 12.069 7.979 5.852 3.865 9.800 8.335 10.716 4.975 5.668 4.884 4.189 4.743 
9.851 12.177 1.998 5.149 7.899 7.504 3.823 14.934 2.264 7.239 5.878 5.785 16.279 9.438 4.774 11.581 5.912 9.306 11.532 12.613 6.107 4.837 5.689 7.951 1.456 11.638 10.225 4.514 9.054 4.728 15.935 11.434 8.850 4.683 6.262 13.668 7.061 9.323 7.363 13.540 
2.967 13.157 8.224 14.473 6.478 5.775 6.267 8.068 8.275 10.253 13.213 5.728 7.294 4.646 5.349 4.188 7.919 4.803 13.547 10.470 7.021 10.463 10.113 2.792 9.247 11.064 6.774 10.742 6.331 9.750 7.525 9.819 3.940 5.357 6.095 4.793 8.963 1.527 7.333 4.792 
9.328 11.294 2.294 5.025 7.133 7.771 3.813 14.257 2.672 6.355 5.254 5.993 15.760 9.581 4.723 11.013 5.067 9.465 10.659 11.761 6.511 3.983 4.811 7.494 2.117 10.763 9.467 3.688 9.360 3.847 15.361 10.581 8.930 4.593 6.548 13.171 6.185 8.922 6.548 13.032 
10.052 12.344 2.100 5.075 8.108 7.579 3.966 15.144 2.334 7.408 5.931 5.877 16.478 9.539 4.921 11.785 6.111 9.403 11.685 12.811 6.151 4.979 5.849 8.147 1.459 11.826 10.435 4.642 9.117 4.891 16.139 11.632 8.964 4.836 6.336 13.866 7.249 9.513 7.568 13.739 
4.286 12.498 5.103 11.602 5.715 3.914 3.142 10.046 5.150 8.648 10.756 3.044 10.140 4.169 2.227 6.090 6.163 4.188 12.581 10.695 4.522 8.165 8.075 2.448 6.123 10.764 7.058 8.338 5.160 7.495 10.141 9.776 3.275 2.232 3.644 7.524 7.498 3.033 6.207 7.462 
6.187 4.565 8.773 10.174 2.305 11.613 8.204 7.988 9.193 2.663 7.250 10.131 11.030 12.078 8.231 6.671 2.842 12.113 4.795 3.891 11.504 4.948 3.898 6.123 9.431 3.065 3.065 5.481 13.036 4.514 10.092 2.709 11.177 8.002 10.893 9.083 1.835 7.245 1.781 8.859 
7.785 12.776 1.034 8.104 7.070 4.637 0.975 13.325 1.043 8.020 8.227 2.850 14.061 6.463 1.900 9.614 5.916 6.339 12.424 12.248 3.520 6.316 6.780 5.771 2.018 11.688 9.191 6.222 6.236 5.878 13.901 11.129 5.857 1.882 3.427 11.425 7.348 6.924 6.928 11.330 
6.060 4.559 8.960 10.460 2.281 11.681 8.340 7.713 9.376 2.945 7.536 10.225 10.789 12.092 8.336 6.477 3.061 12.132 4.868 3.648 11.613 5.231 4.183 6.087 9.637 2.925 2.827 5.764 13.085 4.789 9.838 2.468 11.192 8.110 10.986 8.875 2.113 7.164 1.887 8.650 
5.273 6.492 6.788 9.199 1.350 9.638 6.153 8.601 7.197 2.886 6.749 8.109 11.019 10.254 6.197 6.294 1.172 10.270 6.496 5.738 9.464 4.039 3.223 4.618 7.506 5.113 3.525 4.521 11.101 3.406 10.280 4.583 9.359 5.966 8.873 8.749 1.577 5.964 0.422 8.548 
4.006 7.422 11.046 14.327 3.912 11.767 9.726 3.494 11.366 7.176 11.667 10.827 6.618 11.361 9.292 3.154 6.314 11.476 8.296 3.825 12.327 9.110 8.167 5.442 11.954 5.055 1.623 9.616 12.812 8.522 5.587 3.640 10.525 9.121 11.497 5.098 6.100 5.573 4.739 4.863 
4.978 9.045 12.959 16.572 6.108 12.957 11.478 1.242 13.245 9.403 13.917 12.265 4.857 12.189 10.927 3.372 8.545 12.335 10.078 5.094 13.753 11.362 10.421 6.830 13.909 6.707 3.873 11.867 13.800 10.768 3.649 5.357 11.427 10.782 12.873 4.168 8.351 6.474 6.980 3.960 
5.587 8.579 4.496 8.091 3.039 7.720 3.931 10.137 4.897 4.133 6.418 6.062 11.912 8.682 4.131 7.096 1.720 8.660 8.375 8.022 7.326 3.663 3.446 4.127 5.257 7.393 5.355 3.946 9.266 2.955 11.389 6.878 7.822 3.895 6.824 9.409 3.181 5.652 2.666 9.244 
3.868 14.242 10.047 16.313 7.835 7.040 8.084 7.719 10.080 11.777 14.966 7.321 6.066 5.430 7.152 4.330 9.539 5.629 14.763 11.184 8.488 12.192 11.774 4.441 11.064 12.028 7.654 12.495 7.238 11.475 6.576 10.698 4.955 7.175 7.579 3.899 10.467 2.951 8.776 3.985 
7.841 2.549 10.830 11.282 4.350 13.775 10.359 8.190 11.261 3.656 8.058 12.303 11.736 14.171 10.403 7.913 4.860 14.215 3.176 2.623 13.675 6.307 5.234 8.109 11.424 1.051 4.149 6.827 15.181 6.061 10.636 1.739 13.271 10.174 13.065 10.159 3.549 9.082 3.953 9.926 
6.349 15.822 7.421 14.462 8.983 2.814 5.627 11.647 7.272 12.124 14.034 3.801 10.484 1.064 4.735 7.760 9.640 1.235 15.986 13.631 4.499 11.551 11.528 5.256 8.292 13.946 9.901 11.677 2.826 10.903 10.916 12.834 0.648 4.895 3.713 8.184 10.960 4.776 9.593 8.223 
7.494 3.535 12.059 13.176 4.887 14.332 11.313 6.569 12.467 5.498 10.001 13.023 10.346 14.423 11.199 7.110 6.185 14.497 4.621 0.648 14.464 8.088 7.009 8.249 12.757 1.245 3.654 8.618 15.622 7.754 9.159 0.707 13.535 10.983 13.768 9.103 5.103 8.928 4.907 8.869 
5.722 7.137 5.842 8.319 2.202 9.089 5.376 9.518 6.262 2.883 6.087 7.472 11.742 9.907 5.540 6.951 0.425 9.902 6.973 6.727 8.762 3.297 2.675 4.707 6.520 5.981 4.493 3.731 10.607 2.607 11.072 5.560 9.026 5.305 8.236 9.376 1.777 6.165 1.446 9.187 
4.086 13.889 11.749 17.559 8.117 9.212 9.821 5.998 11.839 12.184 15.851 9.357 3.863 7.633 8.934 3.529 10.202 7.834 14.591 10.430 10.599 13.044 12.466 5.490 12.781 11.564 7.284 13.413 9.443 12.329 4.459 10.166 7.154 8.918 9.680 1.975 10.875 4.015 9.143 2.140 
10.502 0.626 12.391 11.248 6.821 15.976 12.268 10.523 12.842 4.559 7.858 14.393 14.246 16.571 12.462 10.586 6.638 16.598 0.728 4.474 15.679 7.016 6.084 10.636 12.816 2.736 6.829 7.452 17.452 7.044 13.089 4.116 15.672 12.228 15.157 12.796 5.177 11.696 6.204 12.562 
3.449 6.954 9.189 12.438 1.967 10.447 7.986 5.363 9.528 5.555 9.895 9.319 7.990 10.360 7.650 3.589 4.402 10.444 7.555 4.224 10.808 7.258 6.365 4.199 10.069 4.751 0.525 7.752 11.643 6.642 7.136 3.484 9.481 7.460 10.028 5.984 4.365 4.825 2.852 5.760 
7.494 5.178 13.335 15.021 5.915 14.969 12.364 5.091 13.717 7.342 11.899 13.832 9.055 14.771 12.116 6.643 7.679 14.871 6.393 1.305 15.314 9.861 8.789 8.678 14.112 3.130 4.001 10.395 16.131 9.465 7.790 2.334 13.911 11.915 14.548 8.241 6.785 9.040 6.228 8.015 
5.385 12.353 13.974 18.696 8.292 12.574 12.212 2.647 14.168 12.095 16.386 12.352 1.524 11.271 11.461 3.624 10.734 11.457 13.330 8.441 13.740 13.670 12.852 7.382 14.991 9.994 6.487 14.132 13.044 13.007 0.753 8.608 10.677 11.378 12.815 2.040 10.903 6.357 9.303 2.011 
8.682 3.060 9.686 9.192 4.680 13.397 9.596 10.107 10.137 1.881 5.906 11.769 13.407 14.136 9.837 9.172 3.988 14.146 2.667 4.816 13.020 4.472 3.465 8.434 10.126 3.137 5.485 4.954 14.908 4.403 12.399 3.857 13.244 9.601 12.531 11.563 2.533 9.663 3.850 11.336 
9.036 5.324 7.845 6.828 5.014 12.212 8.145 11.664 8.299 1.023 3.648 10.470 14.553 13.289 8.582 9.957 3.130 13.263 4.557 7.009 11.565 2.168 1.367 8.243 8.126 5.471 6.652 2.601 13.795 2.315 13.688 5.926 12.430 8.352 11.210 12.417 2.252 9.667 3.974 12.206 
5.568 13.050 14.112 19.064 8.747 12.410 12.304 3.402 14.285 12.625 16.845 12.297 0.924 10.997 11.517 3.914 11.161 11.190 14.005 9.161 13.650 14.102 13.317 7.518 15.138 10.685 7.055 14.552 12.791 13.427 1.051 9.291 10.449 11.448 12.723 1.873 11.408 6.376 9.773 1.933 
7.667 14.608 3.430 10.567 8.268 2.098 2.229 13.425 3.171 10.097 10.756 0.472 13.414 4.085 1.969 9.480 7.767 3.932 14.418 13.483 1.310 8.707 9.035 5.746 4.151 13.225 10.048 8.669 3.692 8.197 13.494 12.449 3.641 2.196 0.886 10.833 9.228 6.403 8.421 10.788 
9.344 10.492 3.143 4.554 6.775 8.527 4.445 14.019 3.548 5.567 4.374 6.726 15.748 10.245 5.298 10.953 4.541 10.142 9.810 11.170 7.346 3.102 3.988 7.614 3.042 10.079 9.108 2.778 10.131 3.042 15.274 9.988 9.553 5.140 7.322 13.196 5.524 9.092 6.087 13.045 
2.287 8.542 7.373 11.631 1.855 8.298 5.979 6.673 7.668 5.852 9.564 7.176 8.344 8.305 5.558 3.523 3.861 8.375 8.896 6.316 8.669 6.769 6.114 2.139 8.320 6.559 2.679 7.184 9.520 6.069 7.791 5.449 7.414 5.381 7.879 5.912 4.537 3.141 2.815 5.729 
7.414 2.977 10.863 11.652 4.103 13.589 10.291 7.622 11.286 3.980 8.475 12.163 11.175 13.902 10.282 7.409 4.907 13.954 3.712 2.169 13.560 6.594 5.515 7.792 11.499 0.974 3.662 7.121 14.965 6.295 10.070 1.188 13.003 10.056 12.922 9.627 3.692 8.701 3.838 9.394 
10.897 2.458 11.424 9.541 6.927 15.497 11.570 11.772 11.878 3.671 6.153 13.820 15.304 16.330 11.896 11.277 6.080 16.333 1.204 5.928 15.007 5.730 4.950 10.687 11.727 4.093 7.525 6.098 17.036 5.911 14.221 5.292 15.443 11.661 14.576 13.616 4.676 11.911 6.099 13.386 
10.915 1.430 12.210 10.640 7.096 16.032 12.216 11.239 12.663 4.365 7.250 14.404 14.908 16.734 12.472 11.113 6.623 16.750 0.097 5.234 15.645 6.654 5.793 10.909 12.574 3.450 7.341 7.057 17.539 6.760 13.772 4.782 15.839 12.236 15.166 13.375 5.169 12.040 6.383 13.142 
4.951 10.966 13.459 17.763 7.272 12.630 11.797 1.405 13.692 10.925 15.314 12.206 2.911 11.548 11.120 3.109 9.739 11.718 11.963 7.039 13.648 12.649 11.781 6.965 14.456 8.613 5.294 13.129 13.265 12.009 1.776 7.237 10.874 11.011 12.735 2.638 9.778 6.191 8.247 2.486 
9.174 12.930 0.608 6.708 7.886 5.948 2.569 14.557 0.704 8.023 7.326 4.263 15.532 7.932 3.515 10.976 6.277 7.791 12.417 12.896 4.534 5.897 6.587 7.188 0.433 12.122 10.137 5.672 7.485 5.625 15.305 11.738 7.387 3.478 4.704 12.898 7.599 8.433 7.544 12.791 
6.992 5.723 7.006 7.955 3.001 10.698 6.847 9.963 7.451 1.237 5.206 9.040 12.630 11.563 7.110 7.964 1.279 11.557 5.409 6.104 10.274 2.708 1.702 6.242 7.528 4.975 4.864 3.237 12.234 2.253 11.826 4.929 10.683 6.874 9.800 10.424 0.428 7.640 1.956 10.218 
