40 40 40
16.497 47.397 43.069 11.443 23.971 26.636 63.878 37.713 68.209 17.490 17.055 47.352 27.232 53.552 66.328 45.303 30.951 53.674 29.451 14.941 25.193 39.191 67.970 33.048 60.380 33.097 41.659 36.086 42.741 55.964 59.543 64.302 39.548 22.141 13.019 39.979 71.617 34.620 23.374 17.199 
21.258 35.328 59.363 57.815 64.739 60.026 35.550 21.683 8.695 22.644 55.523 13.730 26.658 29.673 62.725 6.821 64.887 26.956 45.574 48.855 64.838 52.099 57.756 52.595 4.875 56.764 17.861 36.798 31.458 19.828 61.873 27.777 16.844 37.688 32.615 60.321 33.943 47.359 41.528 39.492 
34.402 31.380 10.547 13.721 25.544 12.532 17.306 30.099 20.059 18.527 11.330 10.950 10.802 9.530 23.091 16.539 31.993 10.206 32.284 25.231 20.030 28.414 27.687 11.199 17.241 30.221 14.595 22.477 13.277 19.607 8.320 5.483 5.861 19.138 13.895 27.547 23.825 19.336 26.893 30.287 
799.503 935.196 1254.264 1344.463 1371.031 1312.580 1049.126 791.896 494.922 844.735 1273.093 628.626 829.418 931.257 1417.964 482.076 1314.337 929.282 1160.139 1255.490 1399.943 1169.287 1285.226 1196.084 393.201 1208.547 760.293 1091.044 920.627 744.356 1311.234 894.447 705.021 1053.865 1013.009 1297.501 931.237 1209.128 1006.491 1050.853 
4.673 10.903 12.773 5.632 0.671 6.530 4.722 5.528 6.191 5.731 6.320 11.856 4.677 5.038 6.537 4.268 7.248 5.079 8.603 10.249 6.881 7.983 4.526 4.846 3.019 4.187 5.095 4.750 13.741 6.206 3.922 8.272 1.282 7.931 8.996 11.923 4.006 6.034 7.768 8.590 
0.411 14.698 14.778 9.120 4.798 7.861 1.112 3.077 9.441 3.126 11.311 11.558 9.080 6.923 8.696 9.238 10.548 9.048 13.624 8.333 11.888 9.662 3.571 5.826 7.370 9.177 8.118 5.631 16.817 11.064 4.522 11.331 4.164 12.315 13.826 14.929 7.082 8.369 12.817 11.802 
1.919 13.873 13.412 8.374 5.371 6.567 0.880 4.794 8.594 1.434 11.725 9.879 8.717 5.863 7.562 9.686 9.663 8.490 13.648 6.616 11.911 8.353 2.308 4.652 8.148 9.232 7.286 4.458 15.702 10.920 3.516 10.334 4.257 11.818 13.601 13.823 6.373 7.307 12.938 10.839 
12.526 5.740 10.888 5.566 8.473 9.085 12.268 13.406 5.933 12.380 4.181 13.937 4.139 8.231 7.880 5.088 5.783 4.790 1.572 14.752 1.529 8.967 10.864 9.278 7.448 3.830 6.562 9.376 9.420 1.815 9.618 6.479 8.712 2.660 1.089 8.302 6.848 7.571 2.010 6.214 
10.764 8.758 4.975 6.525 10.808 3.740 9.644 13.553 5.988 7.773 13.824 2.150 8.565 5.249 4.262 12.613 6.017 7.541 13.326 4.931 12.114 2.872 7.266 5.532 12.918 10.690 5.998 5.680 8.446 10.678 6.806 5.532 9.325 9.346 11.995 6.951 6.647 4.745 13.295 5.983 
4.561 13.004 15.053 7.881 1.629 8.700 5.140 4.099 8.455 6.780 6.824 13.861 6.716 7.236 8.798 4.822 9.494 7.255 9.761 11.806 8.142 10.224 5.949 6.869 2.544 5.662 7.377 6.743 15.963 7.797 5.738 10.533 3.054 9.856 10.524 14.164 6.285 8.301 8.798 10.833 
17.425 4.440 4.151 8.940 15.236 9.914 16.546 19.635 8.421 15.287 14.133 10.377 10.245 10.664 8.901 14.211 7.329 9.551 11.505 13.858 11.470 8.198 14.148 11.806 15.900 12.109 9.666 12.002 0.832 10.515 13.067 6.361 14.370 7.890 9.521 2.677 10.797 9.219 12.179 5.985 
7.679 8.713 7.129 4.473 7.563 0.954 6.612 10.379 4.187 4.987 11.264 4.856 6.211 2.202 2.271 9.801 4.813 5.313 11.452 4.745 9.993 2.215 4.156 2.253 9.806 8.092 3.536 2.401 9.725 8.593 3.542 4.963 6.056 8.011 10.509 7.910 3.776 2.477 11.198 5.518 
11.967 7.940 12.835 6.640 7.643 10.024 11.914 12.376 7.152 12.406 2.056 15.250 4.736 8.908 8.986 3.525 7.304 5.673 1.550 15.507 1.050 10.268 10.930 9.756 5.977 3.286 7.416 9.812 11.616 2.468 9.785 8.169 8.276 4.648 3.137 10.410 7.360 8.587 0.509 8.003 
3.068 12.099 13.360 6.624 1.387 6.705 3.221 4.186 7.103 4.567 7.871 11.659 6.034 5.326 7.028 5.801 8.209 6.258 10.209 9.512 8.483 8.352 3.655 4.747 4.159 5.781 5.867 4.599 14.708 7.760 3.518 9.163 1.151 9.319 10.548 12.849 4.733 6.571 9.377 9.545 
11.071 8.831 13.397 6.730 6.692 9.928 11.110 11.296 7.305 11.776 0.888 15.315 4.690 8.688 9.014 2.379 7.639 5.708 2.791 15.231 1.817 10.389 10.340 9.405 4.806 2.779 7.345 9.437 12.478 2.881 9.268 8.592 7.492 5.401 4.293 11.155 7.100 8.572 1.734 8.501 
3.690 11.325 12.689 5.861 1.212 6.138 3.651 4.962 6.352 4.680 7.396 11.255 5.267 4.710 6.366 5.349 7.453 5.482 9.566 9.367 7.831 7.731 3.556 4.263 3.995 5.121 5.135 4.135 13.958 7.050 3.150 8.419 0.459 8.551 9.832 12.104 4.001 5.894 8.766 8.792 
8.313 6.150 7.835 0.571 5.774 3.336 7.653 10.224 1.091 7.107 7.238 8.633 1.995 2.462 2.333 6.128 2.156 1.038 7.183 8.953 5.727 3.760 5.638 3.627 6.954 4.115 0.757 3.761 8.665 4.319 4.352 3.169 4.916 4.121 6.378 6.828 1.477 1.894 6.931 3.500 
14.376 2.556 8.340 5.839 10.874 8.951 13.861 15.799 5.822 13.438 7.722 12.709 5.648 8.663 7.593 8.348 5.042 5.643 4.738 14.523 5.026 8.135 11.965 9.903 10.512 6.592 6.981 10.055 6.107 4.530 10.677 5.126 10.649 2.365 2.751 5.372 7.761 7.507 5.507 4.635 
6.307 12.584 15.307 7.921 2.554 9.415 6.819 5.686 8.548 8.310 5.291 14.806 6.376 7.908 9.264 3.435 9.487 7.122 8.482 13.129 6.979 10.755 7.308 7.803 0.981 4.814 7.663 7.709 15.787 6.907 6.856 10.564 4.131 9.238 9.492 14.067 6.681 8.746 7.467 10.783 
2.179 12.359 13.025 6.785 2.665 6.174 1.998 4.197 7.173 3.274 9.045 10.765 6.591 4.957 6.737 6.993 8.291 6.615 11.165 8.340 9.426 7.920 2.529 4.113 5.464 6.717 5.867 3.937 14.704 8.567 2.766 9.157 1.676 9.843 11.325 12.822 4.770 6.336 10.391 9.592 
11.517 7.370 3.570 5.939 10.989 3.937 10.442 14.201 5.332 8.720 13.270 3.388 8.016 5.363 3.952 12.253 5.104 6.975 12.423 6.414 11.345 2.441 7.992 5.966 12.844 10.218 5.668 6.141 6.937 9.923 7.315 4.423 9.604 8.313 10.957 5.447 6.521 4.472 12.494 4.804 
8.600 5.875 7.355 0.436 6.216 3.093 7.893 10.591 0.655 7.226 7.643 8.260 2.377 2.434 1.970 6.586 1.766 1.356 7.418 8.768 6.023 3.339 5.788 3.663 7.437 4.546 0.748 3.815 8.261 4.597 4.519 2.733 5.298 4.119 6.496 6.410 1.765 1.589 7.224 3.097 
9.959 14.203 10.419 10.632 12.184 7.113 8.856 12.808 10.316 6.797 17.149 4.290 12.313 8.130 8.364 15.467 10.794 11.458 17.605 1.617 16.112 7.631 7.450 7.435 14.879 14.023 9.673 7.436 14.049 14.730 7.969 10.657 10.619 14.103 16.649 12.570 9.702 8.631 17.313 11.180 
10.975 7.038 3.874 5.254 10.317 3.308 9.921 13.621 4.654 8.266 12.590 3.805 7.331 4.700 3.254 11.556 4.483 6.289 11.814 6.392 10.700 1.745 7.458 5.363 12.147 9.527 4.968 5.544 6.958 9.273 6.721 3.876 8.950 7.745 10.394 5.346 5.826 3.774 11.858 4.298 
1.895 12.995 13.842 7.447 2.515 7.012 2.190 3.404 7.871 3.871 9.026 11.598 7.068 5.767 7.537 6.953 8.988 7.193 11.377 9.064 9.648 8.749 3.324 4.957 5.177 6.943 6.583 4.783 15.440 8.893 3.614 9.886 2.063 10.347 11.676 13.563 5.465 7.121 10.550 10.304 
9.129 5.402 7.821 0.696 6.236 4.205 8.528 10.886 1.226 8.073 6.714 9.297 1.504 3.447 3.050 5.860 1.857 0.536 6.308 9.875 4.944 4.326 6.591 4.617 7.028 3.730 1.726 4.750 8.200 3.511 5.301 2.942 5.579 3.135 5.408 6.428 2.384 2.698 6.140 3.127 
4.506 9.957 10.643 4.377 3.264 3.953 3.865 6.639 4.722 3.779 8.243 9.098 4.567 2.577 4.317 6.383 5.837 4.357 9.654 7.571 7.941 5.600 2.286 2.083 5.737 5.368 3.406 1.973 12.230 6.840 1.239 6.685 1.742 7.675 9.468 10.348 2.339 3.889 9.040 7.125 
15.222 4.661 1.488 7.311 13.533 7.518 14.270 17.613 6.702 12.852 13.586 7.633 8.997 8.478 6.690 13.265 5.741 8.125 11.540 11.109 11.088 5.734 11.823 9.518 14.618 11.098 7.789 9.714 2.385 9.894 10.839 4.661 12.477 7.447 9.658 1.836 8.914 7.090 12.005 4.489 
1.999 15.429 16.247 9.903 4.295 9.362 3.139 0.982 10.337 5.246 10.516 13.563 9.388 8.191 9.973 8.479 11.454 9.600 13.271 10.524 11.585 11.130 5.312 7.287 6.262 8.943 9.053 7.102 17.910 11.005 5.926 12.356 4.450 12.671 13.793 16.033 7.933 9.571 12.361 12.773 
18.100 5.248 4.391 9.696 15.997 10.521 17.200 20.352 9.163 15.889 14.945 10.617 11.039 11.331 9.556 15.023 8.082 10.330 12.294 14.239 12.280 8.775 14.786 12.451 16.699 12.918 10.391 12.647 1.634 11.329 13.730 7.092 15.103 8.703 10.308 3.408 11.524 9.895 12.980 6.738 
13.883 2.218 7.872 5.268 10.475 8.341 13.342 15.376 5.228 12.875 7.689 12.113 5.203 8.078 6.983 8.162 4.430 5.124 4.914 13.907 4.986 7.520 11.409 9.323 10.251 6.312 6.406 9.478 5.871 4.322 10.123 4.515 10.185 1.935 2.942 4.975 7.215 6.904 5.592 4.028 
10.235 13.293 9.363 9.991 12.084 6.492 9.100 13.124 9.629 6.999 16.729 3.216 11.764 7.641 7.674 15.127 10.028 10.865 16.991 1.721 15.549 6.812 7.442 7.090 14.705 13.575 9.092 7.119 13.020 14.146 7.790 9.817 10.502 13.367 15.948 11.574 9.233 7.986 16.753 10.327 
4.931 11.084 13.147 5.925 0.572 6.995 5.075 5.518 6.505 6.185 5.992 12.348 4.813 5.496 6.952 3.923 7.538 5.304 8.436 10.752 6.732 8.414 5.012 5.342 2.523 4.078 5.459 5.249 14.007 6.156 4.428 8.579 1.766 8.020 8.938 12.207 4.395 6.443 7.564 8.875 
5.902 11.047 9.437 6.246 7.117 3.130 4.753 8.771 6.149 2.807 12.089 5.753 7.549 3.417 4.455 10.344 6.978 6.854 12.914 3.534 11.311 4.660 2.594 2.408 9.752 9.022 5.134 2.363 12.168 10.005 2.831 7.297 5.535 9.932 12.256 10.355 4.829 4.462 12.490 7.849 
7.085 8.773 11.535 4.112 3.037 6.328 6.947 7.997 4.757 7.478 4.462 11.878 2.502 4.887 5.812 2.729 5.631 3.248 6.179 11.158 4.441 7.322 6.041 5.324 3.251 1.731 4.085 5.320 11.903 3.699 5.002 6.714 3.314 5.576 6.489 10.180 3.354 5.297 5.421 6.908 
14.739 2.032 7.881 6.060 11.351 9.010 14.182 16.251 5.972 13.667 8.391 12.501 6.078 8.835 7.651 8.970 5.100 5.972 5.412 14.502 5.691 8.069 12.214 10.090 11.096 7.163 7.189 10.249 5.475 5.138 10.931 5.039 11.053 2.811 3.426 4.853 8.036 7.611 6.186 4.516 
2.432 15.762 16.664 10.255 4.507 9.787 3.578 0.554 10.702 5.685 10.597 14.009 9.677 8.600 10.379 8.580 11.817 9.923 13.432 10.957 11.761 11.551 5.756 7.714 6.304 9.145 9.425 7.530 18.286 11.227 6.353 12.731 4.784 12.955 14.011 16.412 8.301 9.970 12.504 13.140 
5.029 11.115 9.997 6.018 6.205 3.322 3.898 7.871 6.021 2.116 11.400 6.675 7.095 3.169 4.532 9.593 6.950 6.501 12.437 4.384 10.791 5.030 1.643 1.965 8.880 8.396 4.876 1.850 12.512 9.536 1.987 7.404 4.629 9.701 11.911 10.663 4.376 4.429 11.951 7.945 
10.983 6.155 10.674 4.477 6.952 7.940 10.733 11.899 4.953 10.901 3.596 13.055 2.755 6.945 6.832 3.908 5.068 3.568 2.609 13.531 1.189 8.065 9.389 7.917 6.127 2.334 5.349 8.000 9.763 0.301 8.162 5.945 7.169 2.671 2.552 8.402 5.480 6.462 2.363 5.803 
2.228 13.917 15.039 8.437 2.703 8.251 3.019 2.370 8.905 4.958 9.036 12.861 7.816 6.964 8.715 6.977 10.015 8.074 11.698 10.227 10.003 9.968 4.570 6.208 4.882 7.350 7.651 6.037 16.506 9.407 4.875 10.954 2.957 11.096 12.196 14.641 6.518 8.280 10.802 11.347 
5.566 13.532 11.552 8.666 8.237 5.614 4.477 8.416 8.611 2.487 13.942 6.814 9.791 5.811 6.944 12.053 9.464 9.192 15.125 3.037 13.467 7.056 3.530 4.654 11.035 11.017 7.533 4.547 14.520 12.228 4.491 9.780 6.763 12.357 14.604 12.742 7.074 6.943 14.617 10.333 
9.730 5.069 5.794 1.681 7.717 2.915 8.910 11.912 1.032 7.927 8.939 7.253 3.721 3.054 1.560 8.050 1.027 2.690 8.215 8.474 7.028 2.281 6.613 4.297 8.996 5.947 1.976 4.482 6.936 5.597 5.432 1.420 6.688 4.356 6.967 5.053 3.108 1.632 8.197 1.926 
14.918 1.224 7.063 6.099 11.725 8.789 14.298 16.568 5.914 13.651 9.170 11.929 6.418 8.768 7.442 9.623 4.938 6.167 6.295 14.148 6.467 7.694 12.232 10.033 11.663 7.723 7.192 10.203 4.558 5.784 10.965 4.686 11.310 3.275 4.307 3.996 8.124 7.464 7.033 4.138 
5.162 10.526 9.650 5.375 5.842 2.836 4.076 7.927 5.394 2.537 10.822 6.750 6.450 2.533 3.973 9.049 6.343 5.850 11.797 4.844 10.158 4.600 1.643 1.314 8.448 7.790 4.232 1.200 12.029 8.894 1.530 6.836 4.257 9.055 11.260 10.167 3.728 3.834 11.322 7.372 
8.628 10.535 5.703 8.016 11.108 9.413 9.785 10.434 13.683 6.792 15.192 10.331 4.649 13.470 3.828 1.224 10.150 10.422 10.911 13.810 3.388 8.910 4.629 10.353 9.529 10.453 3.389 11.233 10.828 6.408 12.595 12.654 9.506 12.238 4.715 17.238 13.701 6.024 5.162 14.050 
10.731 4.404 9.104 6.550 6.177 12.639 4.748 8.999 2.739 10.388 2.959 9.196 12.781 9.065 12.043 14.046 4.478 9.939 8.749 7.901 11.757 9.109 11.180 9.442 6.888 4.427 11.302 8.025 9.703 8.370 1.875 9.555 6.393 2.692 10.988 3.783 4.731 12.641 9.556 9.028 
14.371 8.096 9.066 7.401 10.757 9.044 7.463 13.340 3.235 8.511 3.178 5.564 14.866 14.295 11.218 14.765 5.859 14.238 13.264 13.296 11.365 12.858 10.284 5.736 10.721 8.027 11.316 4.163 14.146 10.299 5.686 14.542 10.095 4.586 12.908 4.599 1.411 10.561 9.617 14.391 
7.039 2.258 3.737 1.276 4.612 9.118 1.096 6.470 5.238 5.893 6.711 6.625 7.673 8.397 6.730 8.492 1.601 7.257 6.561 7.874 6.312 5.635 5.966 6.848 3.798 2.137 5.776 6.244 7.289 3.037 3.719 8.239 3.201 3.573 5.746 8.605 6.072 7.927 4.107 8.732 
4.276 7.219 4.987 6.029 7.060 11.140 6.857 6.050 11.539 7.635 13.013 10.574 1.454 9.088 5.645 3.343 7.871 6.028 6.536 9.497 4.781 4.540 5.784 10.696 5.519 7.172 4.011 10.967 6.430 3.268 9.810 8.257 5.666 9.871 0.567 14.870 12.176 8.179 4.563 9.675 
9.499 5.744 2.232 2.321 8.079 5.604 4.542 9.556 6.315 2.516 7.759 3.602 8.551 11.806 4.441 7.884 3.579 10.211 9.748 11.366 4.467 8.414 3.505 3.772 7.040 5.621 4.397 3.861 10.342 4.639 6.157 11.538 6.517 5.272 6.683 9.863 5.975 4.735 2.767 12.180 
8.881 10.017 4.808 7.245 10.865 8.267 9.174 10.490 12.825 5.654 14.326 9.200 5.183 13.500 2.680 2.056 9.375 10.581 10.941 13.731 2.319 8.953 3.512 9.216 9.296 9.926 2.493 10.136 10.959 6.009 11.893 12.746 9.198 11.445 4.799 16.395 12.736 4.883 4.289 14.062 
8.461 12.066 8.153 10.155 12.003 12.313 11.538 10.649 15.879 9.636 17.388 13.146 4.299 13.625 6.705 2.456 12.231 10.379 11.164 14.221 6.172 9.248 7.452 13.183 10.476 12.005 5.975 13.970 10.834 7.926 14.470 12.682 10.622 14.316 5.485 19.365 16.133 8.922 7.602 14.231 
7.689 2.533 3.852 1.281 5.082 8.779 1.335 7.069 4.688 5.704 6.180 6.124 8.252 8.889 6.832 8.904 1.011 7.873 7.140 8.301 6.489 6.273 6.017 6.353 4.384 2.410 6.020 5.665 7.891 3.613 3.408 8.779 3.773 3.074 6.311 8.123 5.436 7.823 4.282 9.198 
9.948 9.681 3.887 6.456 11.041 6.160 8.671 11.200 11.660 3.751 13.123 7.289 6.771 14.101 0.937 4.081 8.488 11.456 11.597 14.140 1.386 9.691 1.868 7.279 9.543 9.575 2.173 8.339 11.781 6.136 11.107 13.465 9.308 10.458 5.850 15.224 11.299 2.781 3.509 14.624 
2.459 6.080 9.242 8.191 3.550 15.789 6.853 0.869 11.225 12.187 12.308 13.863 6.637 2.729 11.361 9.822 8.573 0.542 0.958 3.578 10.551 2.182 11.095 14.069 3.560 6.151 9.719 13.582 0.083 6.105 8.739 1.773 4.184 9.620 6.247 13.488 12.765 13.575 9.165 3.340 
15.049 10.531 7.398 7.668 13.183 3.172 9.396 14.998 8.155 4.931 8.966 1.998 13.746 16.991 7.818 12.210 7.835 15.703 15.141 16.363 8.401 13.934 7.110 1.793 12.384 10.415 8.812 2.751 15.802 10.184 9.590 16.854 11.807 8.308 12.012 10.755 6.462 5.948 7.799 17.292 
5.073 1.913 4.721 2.991 2.899 10.854 1.866 4.400 6.747 7.403 8.108 8.628 6.492 6.522 7.504 8.115 3.464 5.180 4.517 6.179 6.888 3.593 6.922 8.841 1.762 1.871 6.178 8.314 5.217 2.362 4.646 6.257 1.229 5.024 4.747 9.784 7.908 9.191 4.882 6.918 
8.049 5.087 1.081 1.606 7.088 6.710 3.952 8.270 6.937 3.201 8.439 5.097 7.079 10.696 3.982 6.709 3.590 8.869 8.505 10.379 3.722 7.043 3.152 5.257 5.882 4.969 3.402 5.344 9.033 3.174 6.208 10.339 5.423 5.599 5.189 10.507 6.982 5.094 1.609 11.112 
8.947 4.488 2.849 1.405 6.967 6.824 3.288 8.704 5.201 3.875 6.690 4.303 8.623 10.750 5.548 8.492 2.220 9.432 8.840 10.222 5.419 7.704 4.641 4.518 6.084 4.365 5.173 4.109 9.512 4.263 4.814 10.565 5.514 3.998 6.680 8.775 5.201 6.084 3.391 11.087 
0.822 5.747 7.571 6.969 3.941 14.175 6.184 1.738 10.951 10.541 12.203 12.577 4.623 4.718 9.445 7.750 7.824 1.596 2.258 5.332 8.614 0.814 9.258 12.765 3.061 5.780 7.780 12.477 1.991 4.454 8.612 3.831 3.637 9.253 4.187 13.648 12.248 11.754 7.417 5.320 
8.394 2.427 4.888 2.344 5.181 9.231 1.507 7.492 3.623 6.430 5.097 6.255 9.286 8.966 7.836 10.022 0.353 8.353 7.487 8.231 7.542 6.891 6.987 6.498 4.815 2.322 7.106 5.552 8.311 4.652 2.354 8.988 4.184 1.966 7.361 7.013 4.589 8.626 5.345 9.208 
6.052 1.811 4.134 2.053 3.707 9.971 1.116 5.437 5.943 6.613 7.362 7.620 7.039 7.446 7.057 8.248 2.485 6.221 5.538 6.999 6.530 4.614 6.383 7.838 2.774 1.712 5.896 7.276 6.255 2.522 4.071 7.242 2.192 4.227 5.175 9.147 6.967 8.523 4.396 7.808 
5.729 4.937 10.073 8.192 2.466 16.109 6.091 3.356 9.238 12.746 10.003 13.515 9.547 1.947 12.743 12.319 7.650 4.035 2.852 0.899 12.049 4.584 12.237 13.750 3.889 5.054 11.272 12.885 3.604 7.297 6.746 2.602 4.185 7.917 8.584 10.779 11.069 14.551 10.192 1.959 
14.152 11.439 6.324 7.957 13.673 1.092 10.238 14.770 10.918 3.407 12.077 4.349 11.752 17.294 5.060 9.382 9.150 15.277 15.047 16.968 5.879 13.429 4.793 4.163 12.479 11.315 6.579 5.761 15.495 9.465 11.549 16.905 12.025 10.443 10.396 14.080 9.688 2.531 6.447 17.714 
4.368 3.838 8.447 6.742 1.076 14.646 4.861 2.130 8.730 11.201 9.717 12.248 7.922 2.763 11.048 10.600 6.537 3.021 1.763 2.430 10.338 3.006 10.573 12.475 2.192 3.937 9.553 11.748 2.712 5.586 6.209 2.753 2.578 7.216 6.867 10.809 10.402 12.928 8.532 3.120 
10.448 5.552 3.955 2.902 8.193 6.059 4.406 10.114 4.723 3.852 6.099 3.029 10.057 12.003 6.199 9.649 2.904 10.873 10.219 11.378 6.265 9.175 5.259 3.266 7.455 5.434 6.188 2.617 10.929 5.771 5.104 11.891 6.861 3.995 8.130 8.203 4.184 6.106 4.504 12.301 
8.667 8.186 2.494 5.050 9.530 6.524 7.201 9.778 10.457 3.378 11.946 6.857 5.895 12.642 0.907 3.912 7.135 10.085 10.158 12.647 0.163 8.288 1.199 6.899 8.041 8.081 0.773 7.712 10.389 4.637 9.726 12.035 7.795 9.157 4.661 14.031 10.283 3.415 2.052 13.155 
8.385 6.260 0.479 2.855 8.061 6.136 5.162 8.930 8.112 2.499 9.601 5.250 6.743 11.533 2.716 5.811 4.851 9.433 9.220 11.321 2.508 7.585 1.897 5.360 6.735 6.145 2.329 5.807 9.649 3.621 7.474 11.089 6.346 6.835 5.001 11.686 7.990 4.027 0.786 11.984 
1.876 7.419 7.302 7.555 6.188 13.752 7.516 4.179 12.408 10.162 13.777 12.771 2.385 7.062 8.426 5.778 8.943 3.797 4.699 7.769 7.561 3.016 8.480 12.924 4.967 7.418 6.765 12.941 4.258 4.632 10.278 6.097 5.401 10.684 2.877 15.410 13.429 10.928 6.983 7.671 
2.934 3.610 6.148 5.038 2.431 12.639 4.020 2.334 8.791 9.058 10.065 10.708 5.435 4.994 8.510 7.906 5.680 3.004 2.594 5.063 7.756 1.375 8.129 10.911 1.027 3.634 6.949 10.488 3.111 3.069 6.488 4.467 1.507 7.087 4.182 11.573 10.082 10.566 6.131 5.504 
7.204 3.364 2.598 0.343 5.490 8.192 2.236 7.003 5.913 4.839 7.420 6.005 7.185 9.198 5.592 7.608 2.267 7.706 7.168 8.783 5.199 5.961 4.822 6.209 4.439 3.245 4.704 5.855 7.803 2.630 4.726 8.938 3.909 4.361 5.227 9.402 6.420 6.813 2.989 9.577 
8.356 6.391 0.531 3.016 8.144 6.163 5.306 8.953 8.306 2.529 9.796 5.386 6.621 11.585 2.543 5.627 5.031 9.439 9.252 11.394 2.314 7.591 1.748 5.489 6.797 6.277 2.136 5.972 9.664 3.631 7.649 11.125 6.422 7.023 4.905 11.880 8.186 3.952 0.679 12.043 
14.195 7.680 10.976 8.685 9.798 12.590 7.621 12.609 2.966 11.329 1.458 9.007 15.750 12.731 13.631 16.455 6.606 13.550 12.387 11.543 13.562 12.578 12.699 9.217 10.332 7.668 13.298 7.612 13.337 11.143 4.801 13.236 9.778 4.545 13.849 0.758 3.646 13.547 11.502 12.669 
4.663 2.457 7.168 5.334 0.444 13.251 3.430 2.908 7.533 9.847 8.630 10.813 7.570 4.197 9.884 9.895 5.120 3.845 2.756 3.731 9.219 3.068 9.347 11.040 1.203 2.546 8.465 10.317 3.673 4.497 5.049 4.139 1.299 5.944 6.222 9.907 9.111 11.644 7.301 4.531 
7.838 6.896 1.326 3.807 8.303 6.840 5.915 8.732 9.341 3.319 10.844 6.480 5.637 11.522 2.020 4.450 5.919 9.114 9.084 11.465 1.442 7.284 1.638 6.566 6.845 6.791 0.999 7.131 9.386 3.470 8.484 10.966 6.564 7.973 4.073 12.910 9.321 4.134 0.808 12.018 
9.465 3.294 5.545 3.137 6.046 9.085 2.551 8.483 2.612 6.636 4.115 5.856 10.328 9.772 8.393 10.906 1.071 9.362 8.447 8.946 8.192 7.946 7.500 6.105 5.829 3.206 7.837 4.955 9.298 5.688 2.074 9.870 5.200 1.132 8.391 6.106 3.514 8.887 6.045 9.969 
5.486 6.840 3.491 4.938 7.295 9.557 6.234 6.882 10.624 6.054 12.126 9.063 2.930 9.873 4.145 3.114 6.953 7.045 7.320 10.094 3.281 5.347 4.214 9.175 5.717 6.768 2.477 9.534 7.396 2.666 9.157 9.147 5.688 9.025 1.415 14.073 11.055 6.641 3.029 10.431 
7.239 1.519 7.382 4.960 2.708 12.550 2.595 5.517 5.098 9.531 6.064 9.608 9.628 6.056 10.351 11.397 3.708 6.458 5.302 5.109 9.853 5.620 9.630 9.852 3.433 1.623 9.225 8.825 6.248 5.625 2.574 6.340 3.010 3.695 7.989 7.275 6.862 11.612 7.693 6.176 
6.953 3.812 9.537 7.327 2.449 15.110 5.014 4.703 7.401 11.951 8.071 12.248 10.299 3.932 12.402 12.683 6.336 5.552 4.284 2.744 11.800 5.521 11.777 12.491 3.994 3.935 11.085 11.474 5.188 7.176 4.976 4.544 3.986 6.220 9.011 8.791 9.298 13.930 9.758 3.870 
12.632 6.098 9.089 6.806 8.457 11.064 5.882 11.216 1.081 9.540 0.431 7.480 13.954 11.699 11.766 14.575 4.749 12.149 11.047 10.597 11.682 11.032 10.838 7.706 8.793 6.067 11.410 6.134 11.980 9.327 3.264 12.085 8.208 2.734 12.036 2.521 2.263 11.780 9.615 11.717 
6.526 3.973 1.998 1.375 5.624 8.298 3.013 6.676 7.045 4.747 8.551 6.564 6.100 9.145 4.880 6.498 3.386 7.278 6.917 8.890 4.365 5.459 4.227 6.742 4.331 3.867 3.770 6.621 7.438 1.701 5.751 8.759 3.914 5.475 4.143 10.522 7.526 6.465 2.219 9.579 
8.438 4.220 2.533 0.916 6.599 7.112 3.019 8.244 5.486 3.980 6.990 4.757 8.124 10.359 5.366 8.095 2.225 8.957 8.396 9.875 5.163 7.214 4.489 4.964 5.649 4.097 4.851 4.620 9.048 3.742 4.860 10.142 5.095 4.165 6.176 9.055 5.626 6.125 3.055 10.714 
4.690 4.966 9.620 7.946 2.236 15.850 6.032 2.317 9.664 12.396 10.550 13.439 8.589 1.577 12.167 11.464 7.686 2.975 1.805 1.372 11.437 3.633 11.721 13.667 3.350 5.072 10.639 12.913 2.546 6.697 7.142 1.806 3.775 8.226 7.736 11.480 11.410 14.097 9.686 1.917 
9.547 3.192 6.047 3.586 5.895 9.608 2.643 8.433 2.289 7.190 3.753 6.332 10.623 9.557 8.920 11.332 1.458 9.332 8.364 8.678 8.700 7.996 8.034 6.581 5.825 3.121 8.322 5.369 9.240 5.994 1.545 9.711 5.203 0.637 8.703 5.682 3.496 9.442 6.537 9.724 
