120 30 30
6.556 7.703 11.580 4.371 11.487 3.062 10.968 4.543 13.649 11.284 5.934 3.012 5.580 9.384 7.759 14.019 10.279 3.482 8.805 12.144 6.098 10.338 4.819 8.294 2.292 14.791 4.564 10.177 13.756 8.666 13.804 2.538 11.760 13.245 13.825 3.548 10.507 11.565 11.388 4.603 11.773 11.987 7.791 8.168 7.375 10.692 7.448 14.768 14.147 10.828 13.673 9.291 14.897 14.902 10.949 6.713 2.811 5.756 14.966 10.033 7.399 9.049 7.921 7.540 4.793 11.269 9.003 12.777 8.362 7.533 14.862 12.500 5.499 9.470 3.158 2.466 12.108 13.793 10.369 7.959 7.618 6.271 5.915 7.736 2.775 9.755 7.942 3.362 13.917 10.223 6.233 11.033 9.128 5.303 10.706 8.952 13.956 11.989 13.022 9.827 4.517 10.984 10.328 10.861 4.849 13.658 13.831 7.148 4.155 7.149 7.124 5.764 2.869 7.499 4.991 4.643 10.532 10.844 6.841 2.223 
43.092 12.221 46.783 42.235 20.789 24.467 35.482 39.865 37.265 21.280 25.754 6.368 24.310 44.629 61.713 28.848 45.438 23.083 50.465 27.618 5.629 40.056 43.604 36.004 41.108 62.284 47.806 58.585 24.085 38.581 
18.574 12.083 15.543 5.285 27.182 13.972 5.049 27.417 6.524 14.732 24.914 32.484 14.052 6.981 6.710 15.569 14.204 15.355 9.320 31.927 28.149 6.715 28.653 15.165 6.150 34.238 16.314 14.823 33.919 27.724 
1109.967 573.546 1200.455 1109.358 820.934 864.728 994.687 1082.143 1025.302 852.340 877.995 459.186 873.517 1159.670 1406.035 995.910 1150.242 842.417 1181.139 980.387 462.832 1171.918 1162.609 1000.970 1089.603 1347.248 1185.767 1345.326 834.957 1149.480 
10.818 8.862 8.632 12.771 4.039 3.024 9.496 8.767 9.260 12.533 6.983 10.434 9.605 2.388 4.334 9.802 9.021 1.605 11.248 4.684 5.375 5.468 8.142 8.498 8.019 4.042 12.310 10.675 10.131 7.372 
8.811 4.258 4.593 14.496 7.360 7.685 10.435 4.197 4.904 8.886 5.250 11.183 7.723 6.858 0.593 5.224 4.998 3.775 9.867 6.225 8.206 3.498 5.113 8.251 5.324 0.857 9.953 11.613 5.606 3.315 
8.079 2.425 2.506 16.491 11.178 12.128 12.242 2.602 1.616 5.815 6.261 12.719 7.461 11.221 5.098 0.880 2.611 8.359 9.605 9.362 11.655 5.550 4.562 9.505 5.123 5.219 8.524 13.249 1.352 4.131 
9.584 8.845 7.913 11.565 3.086 3.293 8.172 8.777 8.655 11.593 5.809 9.103 8.373 2.341 4.348 9.322 8.283 2.585 9.942 3.341 4.294 4.453 7.159 7.147 6.969 3.778 11.105 9.359 9.604 7.620 
5.330 7.297 3.753 15.190 12.699 14.643 11.228 7.483 3.620 1.088 6.316 11.339 5.499 13.621 8.931 4.030 3.346 11.878 6.923 10.372 12.628 7.012 4.383 8.470 4.768 8.587 4.870 11.901 3.574 8.971 
4.378 6.674 2.451 13.973 11.097 13.054 9.903 6.841 2.718 1.883 4.736 10.100 4.256 12.029 7.597 3.514 2.069 10.419 6.006 8.779 11.048 5.419 2.779 7.098 3.177 7.164 4.398 10.662 3.153 8.087 
9.764 1.137 4.165 17.951 12.062 12.616 13.704 1.332 3.307 7.350 7.731 14.232 9.117 11.785 5.307 2.406 4.298 8.504 11.278 10.465 12.692 6.768 6.174 11.022 6.718 5.712 10.210 14.750 2.817 3.227 
11.352 1.105 5.744 18.962 12.335 12.407 14.752 1.003 5.032 9.218 8.888 15.362 10.598 11.682 5.156 4.249 5.949 8.038 12.803 11.050 13.143 7.627 7.601 12.195 8.102 5.829 11.926 15.855 4.682 2.110 
10.150 8.705 8.151 12.224 3.619 3.207 8.864 8.623 8.829 11.968 6.330 9.796 8.937 2.388 4.165 9.428 8.533 1.958 10.564 4.034 4.895 4.862 7.555 7.815 7.408 3.734 11.651 10.050 9.736 7.345 
3.577 10.567 6.552 7.568 6.133 9.071 3.347 10.635 7.619 7.568 2.747 3.773 2.697 8.099 8.073 8.724 6.630 8.924 3.263 3.858 5.413 4.244 4.480 0.563 3.901 7.137 5.150 4.302 8.664 10.724 
5.828 15.005 10.719 4.340 8.812 11.982 2.694 15.086 11.742 10.358 7.223 1.766 5.898 11.189 12.558 12.851 10.708 13.005 4.274 7.286 7.554 8.769 8.644 3.990 8.087 11.612 6.692 1.926 12.705 15.250 
5.071 10.970 7.372 6.973 4.740 7.779 2.792 11.013 8.442 8.923 3.398 3.543 4.143 6.848 7.901 9.518 7.518 8.197 4.670 2.641 3.931 4.369 5.400 1.468 4.844 6.948 6.646 3.961 9.522 10.840 
7.474 12.389 9.352 6.160 3.116 6.279 3.028 12.398 10.398 11.308 5.468 3.990 6.567 5.527 8.662 11.419 9.558 8.001 6.907 2.369 1.863 5.856 7.532 3.740 7.014 7.756 9.032 4.107 11.489 11.883 
12.662 10.326 10.510 13.649 4.798 2.327 10.775 10.209 11.094 14.451 8.863 11.734 11.451 2.437 5.922 11.574 10.904 2.696 13.005 6.146 6.207 7.385 10.063 10.123 9.935 5.804 14.176 11.908 11.924 8.625 
4.997 5.354 1.202 12.997 8.537 10.220 8.751 5.460 2.258 4.791 2.797 9.212 4.150 9.210 4.817 3.326 1.448 7.492 6.367 6.390 8.722 2.668 1.149 5.997 1.654 4.277 5.877 9.743 3.347 6.099 
3.804 7.413 3.443 10.721 6.917 9.127 6.474 7.491 4.515 5.714 0.550 6.960 2.649 8.089 5.574 5.601 3.589 7.405 4.764 4.568 6.836 1.857 1.516 3.749 1.037 4.743 5.157 7.484 5.591 7.761 
13.240 10.681 11.025 14.080 5.260 2.551 11.290 10.556 11.586 14.997 9.437 12.251 12.028 2.852 6.341 12.037 11.421 3.081 13.580 6.698 6.664 7.948 10.619 10.688 10.499 6.280 14.753 12.412 12.396 8.920 
10.496 6.652 7.185 14.211 5.934 5.313 10.532 6.543 7.617 11.370 6.632 11.408 9.310 4.673 2.245 7.981 7.590 1.021 11.244 5.756 7.113 4.847 7.220 8.949 7.259 2.343 11.843 11.740 8.360 5.076 
4.743 5.922 2.058 12.226 7.724 9.522 7.977 6.008 3.106 5.311 1.995 8.476 3.753 8.501 4.676 4.155 2.295 7.069 5.971 5.544 7.874 1.898 1.003 5.265 1.226 3.999 5.823 8.998 4.196 6.421 
4.018 6.279 1.636 12.987 9.582 11.525 8.815 6.417 2.470 3.297 3.290 9.123 3.483 10.499 6.352 3.544 1.449 9.011 5.560 7.289 9.579 3.889 1.263 5.989 1.728 5.819 4.592 9.677 3.354 7.352 
4.179 6.087 1.552 12.624 8.822 10.722 8.406 6.207 2.585 4.097 2.648 8.788 3.425 9.697 5.673 3.697 1.571 8.241 5.612 6.560 8.869 3.087 0.594 5.598 1.164 5.088 4.998 9.333 3.606 6.951 
2.018 11.085 6.491 11.214 11.566 14.280 7.862 11.236 7.135 3.875 5.743 7.625 3.177 13.258 10.856 8.049 6.232 12.963 2.798 9.171 10.958 7.410 5.202 5.693 5.017 10.139 0.421 8.150 7.709 12.220 
5.247 7.506 3.915 15.131 12.769 14.747 11.193 7.691 3.813 0.903 6.368 11.287 5.461 13.723 9.099 4.238 3.509 12.027 6.828 10.430 12.675 7.113 4.464 8.449 4.830 8.741 4.733 11.849 3.783 9.173 
11.716 11.229 10.526 11.640 2.887 0.676 9.015 11.141 11.272 14.113 8.136 9.978 10.533 0.484 6.688 11.924 10.893 3.927 11.823 4.725 4.266 6.981 9.674 8.758 9.432 6.274 13.289 10.098 12.215 9.780 
8.542 15.271 11.798 3.074 5.815 8.761 2.350 15.297 12.869 12.915 7.825 2.774 7.996 8.208 11.743 13.946 11.935 11.078 7.423 5.478 4.406 8.650 9.801 4.989 9.233 10.821 9.882 2.425 13.947 14.913 
2.806 12.471 7.987 7.217 8.809 11.863 3.931 12.573 8.960 7.335 5.010 3.593 3.037 10.923 10.672 10.053 7.921 11.805 1.274 6.686 7.865 6.783 5.981 2.648 5.470 9.770 3.765 4.111 9.864 12.989 
8.082 7.167 5.900 11.832 4.400 5.306 7.984 7.127 6.645 9.664 4.200 8.832 6.873 4.335 2.956 7.341 6.272 3.110 8.693 3.379 5.228 2.589 5.260 6.305 5.141 2.127 9.522 9.191 7.608 6.263 
10.259 11.285 9.826 9.904 1.070 2.160 7.195 11.227 10.686 13.055 6.915 8.159 9.112 1.360 6.831 11.469 10.159 4.772 10.220 3.119 2.469 6.084 8.669 7.085 8.344 6.195 11.853 8.276 11.701 10.117 
11.019 9.232 8.964 12.667 3.871 2.659 9.484 9.136 9.606 12.830 7.208 10.430 9.806 2.066 4.705 10.160 9.351 1.903 11.402 4.711 5.237 5.738 8.425 8.595 8.286 4.406 12.526 10.653 10.485 7.732 
10.783 4.875 6.506 15.744 7.824 7.305 11.855 4.741 6.668 10.821 7.117 12.670 9.670 6.684 1.466 6.777 6.904 2.857 11.776 7.280 8.913 5.306 7.122 9.917 7.319 2.313 11.956 13.057 7.207 3.114 
5.158 12.712 8.790 5.330 6.094 9.253 1.124 12.769 9.858 9.535 4.927 1.613 4.623 8.406 9.850 10.963 8.869 10.123 4.154 4.403 4.960 6.206 6.719 1.707 6.141 8.897 6.546 2.097 10.904 12.718 
4.948 5.301 0.719 13.422 9.244 10.941 9.193 5.429 1.767 4.157 3.329 9.597 4.247 9.932 5.349 2.877 0.802 8.140 6.418 7.068 9.396 3.384 1.379 6.397 1.956 4.884 5.643 10.140 2.817 6.285 
10.279 9.280 8.576 11.847 3.127 2.678 8.618 9.201 9.290 12.298 6.518 9.563 9.070 1.811 4.744 9.924 8.950 2.454 10.604 3.844 4.451 5.160 7.866 7.752 7.681 4.278 11.807 9.789 10.220 7.936 
4.315 14.416 9.848 6.963 10.527 13.654 4.887 14.528 10.765 8.486 7.102 4.170 4.923 12.755 12.773 11.831 9.736 13.867 2.737 8.569 9.443 8.884 7.923 4.591 7.446 11.873 4.610 4.515 11.597 15.031 
9.623 9.020 8.047 11.445 2.922 3.153 8.091 8.953 8.799 11.696 5.870 9.027 8.415 2.187 4.525 9.476 8.414 2.715 9.953 3.273 4.147 4.553 7.258 7.125 7.057 3.950 11.153 9.274 9.754 7.798 
2.176 10.595 6.039 11.710 11.660 14.293 8.246 10.751 6.633 3.262 5.646 8.063 3.220 13.264 10.561 7.517 5.760 12.786 3.238 9.247 11.120 7.238 4.895 5.945 4.771 9.879 0.741 8.597 7.164 11.792 
11.730 11.609 10.763 11.287 2.641 0.557 8.783 11.526 11.535 14.264 8.226 9.745 10.560 0.556 7.068 12.216 11.122 4.377 11.772 4.657 3.977 7.156 9.831 8.667 9.565 6.617 13.314 9.842 12.495 10.196 
6.186 11.886 8.491 6.167 4.108 7.262 2.307 11.914 9.556 10.130 4.527 3.231 5.318 6.415 8.508 10.615 8.658 8.350 5.603 2.539 3.047 5.261 6.563 2.435 6.017 7.566 7.734 3.508 10.642 11.594 
2.413 8.414 4.027 10.205 7.713 10.186 6.035 8.513 5.061 5.061 1.511 6.346 1.260 9.152 6.952 6.173 4.036 8.763 3.433 5.292 7.396 3.238 1.954 3.209 1.414 6.134 3.820 6.898 6.059 8.974 
8.656 4.216 3.971 17.933 13.470 14.619 13.737 4.413 2.931 5.088 7.926 14.074 8.376 13.689 7.650 2.034 3.796 10.912 10.278 11.484 13.812 7.656 5.932 10.918 6.505 7.750 8.628 14.627 1.845 6.267 
6.751 15.107 11.076 3.188 7.658 10.799 1.626 15.168 12.134 11.296 7.299 0.801 6.549 10.079 12.229 13.244 11.122 12.282 5.347 6.470 6.323 8.619 8.989 4.001 8.412 11.277 7.844 0.446 13.153 15.129 
4.433 6.761 3.028 11.283 6.905 8.906 7.034 6.832 4.083 5.854 1.062 7.566 3.311 7.873 4.900 5.135 3.239 6.883 5.458 4.650 6.968 1.358 1.432 4.371 1.196 4.093 5.713 8.079 5.173 7.059 
2.572 8.125 3.533 12.319 10.369 12.670 8.355 8.274 4.190 2.361 3.953 8.463 2.623 11.633 8.178 5.150 3.269 10.630 4.200 7.964 10.108 5.195 2.582 5.621 2.646 7.564 2.721 9.025 4.848 9.283 
3.912 7.623 3.761 10.444 6.583 8.839 6.194 7.695 4.831 6.041 0.214 6.709 2.723 7.801 5.573 5.909 3.920 7.255 4.762 4.224 6.486 1.752 1.867 3.510 1.386 4.711 5.323 7.226 5.912 7.888 
0.504 9.855 5.245 9.926 9.134 11.824 6.079 9.976 6.146 4.575 3.384 6.094 0.726 10.802 8.826 7.214 5.119 10.659 1.884 6.728 8.590 5.147 3.427 3.520 3.047 8.028 2.035 6.654 6.991 10.645 
5.760 13.041 9.231 4.920 5.781 8.951 0.678 13.090 10.302 10.114 5.315 1.482 5.196 8.143 10.009 11.401 9.328 10.086 4.755 4.295 4.574 6.473 7.177 2.218 6.600 9.058 7.153 1.846 11.359 12.959 
3.836 7.537 3.615 10.565 6.751 8.990 6.316 7.612 4.687 5.874 0.368 6.815 2.661 7.952 5.592 5.769 3.766 7.345 4.739 4.396 6.658 1.815 1.699 3.608 1.214 4.744 5.222 7.336 5.765 7.844 
6.802 3.613 1.286 15.393 10.597 11.861 11.153 3.774 0.358 4.754 5.210 11.586 6.210 10.904 5.260 0.916 1.337 8.430 8.336 8.615 10.940 4.782 3.375 8.378 3.948 5.147 7.258 12.124 1.047 5.061 
8.780 3.447 4.123 15.017 8.133 8.519 10.894 3.396 4.286 8.439 5.433 11.601 7.752 7.690 1.282 4.495 4.518 4.547 9.942 6.873 8.928 3.801 4.968 8.578 5.262 1.644 9.818 12.053 4.899 2.740 
8.713 15.206 11.814 3.326 5.541 8.453 2.562 15.228 12.884 13.046 7.840 3.062 8.126 7.919 11.607 13.953 11.962 10.858 7.637 5.321 4.133 8.595 9.838 5.102 9.275 10.693 10.080 2.742 13.965 14.801 
2.927 8.672 4.510 9.615 6.900 9.443 5.395 8.755 5.574 5.897 1.067 5.796 1.714 8.413 6.748 6.681 4.581 8.280 3.603 4.476 6.559 2.890 2.431 2.590 1.852 5.875 4.451 6.334 6.615 9.040 
8.483 15.930 12.236 2.077 6.940 9.916 2.386 15.968 13.308 12.970 8.299 2.373 8.094 9.346 12.592 14.404 12.338 12.109 7.204 6.407 5.532 9.311 10.188 5.211 9.611 11.656 9.702 1.865 14.368 15.694 
14.324 11.592 12.114 14.740 6.041 3.027 12.153 11.459 12.654 16.104 10.536 13.116 13.114 3.615 7.347 13.077 12.511 4.083 14.630 7.675 7.418 9.057 11.728 11.693 11.608 7.341 15.845 13.247 13.445 9.759 
4.845 9.759 6.270 8.187 4.705 7.502 4.000 9.800 7.334 8.224 2.322 4.711 3.743 6.509 6.746 8.391 6.446 7.308 4.848 2.316 4.240 3.155 4.380 2.008 3.853 5.794 6.445 5.154 8.421 9.636 
2.101 8.319 3.788 10.658 8.371 10.807 6.541 8.432 4.772 4.405 2.074 6.785 1.176 9.771 7.230 5.875 3.734 9.224 3.386 5.952 8.061 3.671 1.833 3.730 1.421 6.458 3.342 7.344 5.717 9.033 
11.081 8.341 8.489 13.488 4.804 3.654 10.125 8.235 9.040 12.516 7.207 11.052 9.869 3.121 3.873 9.505 8.886 0.848 11.610 5.286 6.124 5.580 8.189 8.974 8.120 3.738 12.534 11.315 9.858 6.754 
5.377 6.773 3.744 11.174 5.951 7.803 6.969 6.813 4.724 6.960 1.549 7.620 4.196 6.773 4.156 5.684 4.032 5.817 6.217 3.835 6.167 0.277 2.520 4.551 2.325 3.265 6.745 8.094 5.804 6.728 
11.027 7.524 8.003 14.086 5.545 4.544 10.572 7.410 8.474 12.138 7.142 11.478 9.825 4.001 3.138 8.864 8.406 0.144 11.675 5.734 6.814 5.415 7.908 9.206 7.901 3.169 12.424 11.773 9.237 5.884 
3.010 12.829 8.319 7.164 9.161 12.231 4.094 12.934 9.278 7.488 5.413 3.664 3.363 11.298 11.081 10.365 8.241 12.217 1.401 7.067 8.187 7.192 6.334 3.032 5.833 10.181 3.810 4.155 10.165 13.376 
4.413 11.459 7.235 13.620 13.868 16.434 10.380 11.634 7.549 3.264 7.711 10.117 5.433 15.400 12.173 8.212 6.882 14.652 5.307 11.448 13.355 9.166 6.610 8.174 6.623 11.587 2.879 10.631 7.786 12.933 
8.920 14.549 11.435 4.507 4.371 7.234 3.127 14.557 12.492 13.067 7.496 3.865 8.187 6.721 10.754 13.531 11.621 9.787 8.029 4.466 2.977 8.009 9.547 5.168 9.005 9.865 10.381 3.674 13.582 14.006 
9.599 15.318 12.222 4.160 4.886 7.579 3.627 15.324 13.279 13.802 8.279 4.244 8.907 7.154 11.477 14.318 12.405 10.390 8.640 5.209 3.539 8.791 10.327 5.875 9.784 10.598 11.032 3.961 14.369 14.745 
6.118 7.265 4.715 10.835 4.956 6.761 6.730 7.279 5.649 7.999 2.240 7.476 4.909 5.730 3.982 6.550 5.025 5.060 6.764 2.983 5.282 0.927 3.562 4.625 3.329 3.032 7.569 7.905 6.712 6.921 
3.457 8.756 4.459 13.390 11.942 14.240 9.598 8.925 4.808 1.125 5.530 9.594 3.934 13.202 9.455 5.555 4.105 12.070 4.971 9.531 11.652 6.719 4.042 6.968 4.187 8.918 2.783 10.151 5.159 10.167 
3.732 8.570 4.713 9.470 6.106 8.616 5.221 8.636 5.786 6.598 0.763 5.746 2.525 7.587 6.237 6.871 4.851 7.551 4.259 3.687 5.832 2.348 2.737 2.562 2.191 5.329 5.273 6.258 6.860 8.747 
3.585 9.344 5.427 8.717 5.995 8.698 4.470 9.410 6.500 6.959 1.530 4.975 2.446 7.685 6.918 7.595 5.541 8.018 3.817 3.581 5.548 3.051 3.398 1.789 2.830 5.994 5.177 5.490 7.564 9.503 
4.963 14.056 9.767 5.031 8.312 11.478 2.404 14.138 10.791 9.512 6.285 1.681 4.965 10.640 11.676 11.901 9.758 12.247 3.464 6.611 7.128 7.860 7.691 3.092 7.133 10.733 5.938 2.088 11.759 14.324 
4.104 7.034 2.760 13.785 11.149 13.178 9.749 7.200 3.075 1.642 4.746 9.915 4.060 12.149 7.868 3.875 2.389 10.642 5.731 8.807 11.054 5.545 2.863 6.960 3.209 7.407 4.055 10.478 3.511 8.432 
10.857 2.219 5.593 17.431 10.234 10.086 13.315 2.048 5.291 9.701 7.769 14.019 9.918 9.399 2.995 4.961 5.921 5.683 12.137 9.208 11.155 6.207 6.985 10.972 7.376 3.818 11.722 14.474 5.432 0.334 
5.455 12.401 8.640 5.548 5.410 8.568 1.325 12.449 9.713 9.701 4.702 2.096 4.784 7.721 9.365 10.807 8.750 9.505 4.609 3.748 4.293 5.825 6.602 1.751 6.028 8.413 6.916 2.492 10.777 12.309 
9.030 8.358 7.282 11.512 3.345 3.918 7.961 8.300 8.035 10.961 5.222 8.873 7.817 2.947 3.921 8.720 7.650 2.695 9.448 3.121 4.420 3.823 6.528 6.744 6.348 3.269 10.536 9.161 8.994 7.234 
8.127 2.259 2.522 16.410 10.974 11.882 12.161 2.428 1.720 6.008 6.177 12.656 7.473 10.981 4.826 1.126 2.669 8.089 9.635 9.191 11.475 5.394 4.541 9.442 5.092 4.963 8.623 13.181 1.597 3.888 
7.777 2.540 2.287 15.505 9.755 10.637 11.264 2.638 2.024 6.403 5.315 11.819 6.973 9.733 3.667 2.096 2.597 6.910 9.186 8.039 10.299 4.303 3.972 8.623 4.464 3.731 8.492 12.329 2.501 3.482 
10.415 12.806 10.884 8.434 1.251 3.284 6.303 12.763 11.820 13.708 7.534 7.239 9.358 2.901 8.445 12.688 11.182 6.547 10.096 3.468 1.528 7.093 9.470 6.884 9.064 7.734 12.012 7.249 12.874 11.762 
5.797 14.814 10.570 4.249 8.478 11.647 2.359 14.891 11.601 10.342 7.014 1.436 5.798 10.856 12.298 12.712 10.570 12.700 4.278 6.968 7.219 8.529 8.488 3.751 7.926 11.350 6.732 1.631 12.577 15.023 
1.417 9.150 4.510 11.289 10.076 12.587 7.437 9.290 5.270 3.207 3.868 7.462 1.789 11.553 8.764 6.272 4.297 10.956 3.038 7.651 9.663 5.411 3.106 4.812 2.944 8.061 1.760 8.022 5.990 10.176 
7.675 6.527 5.167 12.118 5.061 6.049 8.150 6.498 5.899 9.003 3.798 8.954 6.480 5.082 2.550 6.595 5.543 3.501 8.405 3.775 5.792 2.053 4.637 6.242 4.570 1.628 9.061 9.348 6.861 5.766 
8.525 5.447 5.065 13.468 6.156 6.599 9.487 5.392 5.584 9.216 4.749 10.278 7.371 5.730 1.201 6.080 5.468 3.083 9.417 5.101 7.019 2.924 5.092 7.483 5.173 0.356 9.801 10.681 6.416 4.474 
8.898 14.143 11.146 5.056 3.820 6.697 3.359 14.146 12.195 12.945 7.240 4.173 8.105 6.173 10.282 13.218 11.346 9.251 8.098 4.017 2.429 7.647 9.301 5.122 8.772 9.404 10.395 4.041 13.286 13.551 
8.428 1.822 2.825 16.366 10.581 11.342 12.122 1.958 2.228 6.612 6.159 12.664 7.690 10.464 4.188 1.828 3.053 7.453 9.886 8.905 11.154 5.180 4.704 9.460 5.224 4.403 9.032 13.178 2.295 3.222 
8.006 14.171 10.831 4.228 4.743 7.778 2.137 14.192 11.898 12.234 6.861 2.907 7.328 7.162 10.579 12.959 10.991 9.919 7.064 4.305 3.340 7.564 8.880 4.293 8.324 9.662 9.442 2.772 12.983 13.766 
6.183 14.674 10.584 3.751 7.664 10.826 1.524 14.739 11.636 10.731 6.855 0.560 6.002 10.066 11.909 12.748 10.620 12.099 4.777 6.309 6.370 8.238 8.495 3.546 7.920 10.957 7.274 0.708 12.647 14.753 
5.564 5.007 1.040 14.593 10.611 12.221 10.397 5.169 1.038 3.445 4.655 10.737 5.114 11.224 6.169 1.975 0.657 9.175 7.145 8.446 10.774 4.739 2.615 7.577 3.179 5.868 5.900 11.289 1.729 6.407 
6.863 8.840 6.430 9.644 3.262 5.464 5.787 8.834 7.382 9.440 3.308 6.650 5.670 4.431 5.043 8.288 6.725 5.000 7.125 1.314 3.553 2.642 5.078 4.353 4.731 4.125 8.425 6.995 8.448 8.249 
14.206 12.054 12.304 14.150 5.574 2.449 11.715 11.928 12.898 16.199 10.480 12.678 13.004 3.192 7.705 13.378 12.695 4.451 14.427 7.383 6.916 9.091 11.787 11.420 11.630 7.610 15.750 12.782 13.730 10.280 
11.425 10.838 10.140 11.666 2.837 1.072 8.913 10.752 10.880 13.754 7.807 9.877 10.236 0.458 6.297 11.528 10.508 3.588 11.573 4.503 4.240 6.616 9.314 8.541 9.082 5.877 12.992 10.017 11.820 9.405 
8.936 11.014 9.011 8.874 0.672 3.566 5.870 10.980 9.941 11.955 5.774 6.833 7.815 2.696 6.758 10.808 9.314 5.351 8.834 1.787 1.507 5.219 7.650 5.683 7.271 5.984 10.536 6.988 10.994 10.086 
0.801 10.778 6.187 9.134 9.153 11.985 5.458 10.896 7.102 5.354 3.933 5.359 1.344 10.982 9.536 8.173 6.072 11.165 0.927 6.801 8.471 5.751 4.310 3.169 3.880 8.702 2.142 5.911 7.952 11.504 
1.863 8.410 3.768 11.303 9.398 11.810 7.293 8.542 4.620 3.443 3.062 7.435 1.579 10.773 7.859 5.673 3.606 10.062 3.434 6.979 9.078 4.526 2.210 4.540 2.037 7.153 2.644 7.998 5.439 9.346 
7.375 15.905 11.846 2.590 8.276 11.387 2.387 15.967 12.900 11.928 8.093 1.604 7.251 10.704 13.026 14.011 11.884 13.024 5.905 7.209 6.911 9.423 9.757 4.789 9.182 12.074 8.379 1.179 13.912 15.933 
5.374 5.072 1.327 13.117 8.344 9.920 8.868 5.168 2.301 5.196 2.885 9.367 4.480 8.919 4.380 3.306 1.655 7.089 6.703 6.262 8.595 2.466 1.503 6.155 1.944 3.855 6.296 9.890 3.388 5.717 
10.565 12.135 10.520 9.352 1.017 2.398 6.967 12.081 11.410 13.590 7.414 7.921 9.455 1.925 7.699 12.225 10.840 5.621 10.394 3.433 2.107 6.744 9.255 7.205 8.894 7.045 12.166 7.981 12.441 10.992 
9.002 10.535 8.717 9.431 1.032 3.326 6.317 10.495 9.617 11.823 5.666 7.276 7.850 2.371 6.228 10.452 9.035 4.772 9.003 1.888 2.089 4.938 7.462 5.908 7.116 5.478 10.594 7.458 10.656 9.555 
9.069 2.133 3.830 16.025 9.434 9.836 11.842 2.101 3.657 8.031 6.111 12.494 8.151 9.017 2.526 3.567 4.177 5.755 10.374 8.063 10.182 4.693 5.198 9.377 5.605 2.970 9.926 12.970 4.016 2.022 
10.110 4.021 5.594 15.657 8.112 7.939 11.656 3.903 5.709 9.910 6.575 12.429 9.036 7.233 0.992 5.801 5.988 3.611 11.188 7.273 9.094 4.814 6.362 9.546 6.608 1.941 11.214 12.844 6.232 2.489 
3.732 13.287 8.852 6.360 8.817 11.936 3.416 13.383 9.840 8.251 5.689 2.902 3.925 11.034 11.289 10.939 8.801 12.214 2.166 6.849 7.762 7.406 6.819 2.902 6.291 10.368 4.612 3.375 10.761 13.727 
8.686 10.939 8.841 8.734 0.890 3.817 5.655 10.910 9.783 11.735 5.553 6.616 7.567 2.934 6.732 10.664 9.139 5.450 8.578 1.542 1.459 5.051 7.448 5.427 7.059 5.936 10.285 6.783 10.841 10.057 
9.084 1.343 3.567 16.599 10.350 10.862 12.377 1.395 3.114 7.519 6.495 12.974 8.268 10.029 3.569 2.759 3.847 6.800 10.486 8.850 11.031 5.284 5.268 9.802 5.746 3.957 9.787 13.471 3.229 2.297 
8.568 8.472 7.092 11.046 3.114 4.138 7.448 8.425 7.893 10.646 4.797 8.354 7.358 3.125 4.135 8.632 7.447 3.212 8.948 2.616 4.072 3.506 6.206 6.217 5.991 3.395 10.089 8.650 8.883 7.463 
3.224 12.791 8.339 6.800 8.713 11.799 3.610 12.889 9.323 7.757 5.243 3.215 3.405 10.876 10.876 10.421 8.284 11.901 1.692 6.658 7.719 6.987 6.314 2.641 5.791 9.964 4.174 3.721 10.241 13.262 
5.388 11.437 7.858 6.513 4.663 7.765 2.375 11.477 8.929 9.345 3.884 3.182 4.518 6.867 8.291 10.004 8.004 8.444 4.858 2.750 3.732 4.825 5.883 1.658 5.324 7.340 6.942 3.566 10.008 11.272 
8.402 11.115 8.833 8.308 1.157 4.228 5.203 11.093 9.798 11.583 5.408 6.165 7.306 3.369 6.990 10.709 9.116 5.853 8.232 1.342 1.190 5.057 7.355 5.058 6.941 6.165 10.003 6.330 10.867 10.306 
5.432 9.034 5.429 15.337 13.837 15.992 11.612 9.222 5.380 1.233 7.396 11.577 5.965 14.959 10.614 5.775 5.027 13.475 6.861 11.447 13.615 8.375 5.673 8.999 5.941 10.214 4.470 12.130 5.313 10.735 
5.678 6.190 2.826 15.327 12.170 13.935 11.249 6.374 2.542 2.086 5.930 11.453 5.609 12.927 7.942 2.920 2.427 10.967 7.305 9.912 12.212 6.359 3.890 8.439 4.365 7.659 5.510 12.015 2.469 7.862 
3.978 7.866 4.073 10.161 6.305 8.620 5.912 7.932 5.143 6.318 0.136 6.449 2.772 7.583 5.648 6.216 4.239 7.188 4.723 3.931 6.180 1.773 2.187 3.265 1.696 4.764 5.437 6.959 6.225 8.067 
4.583 13.820 9.484 5.437 8.459 11.615 2.693 13.907 10.498 9.126 6.087 2.047 4.636 10.757 11.553 11.605 9.462 12.233 3.064 6.669 7.313 7.710 7.417 2.983 6.867 10.616 5.532 2.481 11.453 14.140 
9.461 11.177 9.369 9.195 0.415 3.041 6.338 11.134 10.276 12.414 6.241 7.302 8.333 2.205 6.833 11.114 9.683 5.168 9.372 2.308 1.741 5.585 8.078 6.220 7.717 6.107 11.060 7.436 11.317 10.157 
6.611 12.593 9.179 5.494 4.296 7.466 1.867 12.621 10.247 10.688 5.209 2.830 5.822 6.681 9.172 11.310 9.339 8.878 5.877 3.073 3.075 5.969 7.231 2.833 6.678 8.235 8.120 3.016 11.331 12.283 
10.108 17.857 14.125 0.533 8.510 11.310 4.242 17.895 15.196 14.645 10.206 3.986 9.838 10.850 14.483 16.296 14.215 13.856 8.708 8.250 7.111 11.238 12.064 7.057 11.486 13.552 11.200 3.424 16.249 17.609 
0.923 11.159 6.535 9.301 9.734 12.585 5.798 11.284 7.405 5.276 4.514 5.609 1.869 11.584 10.080 8.453 6.389 11.762 0.818 7.394 9.022 6.324 4.744 3.681 4.353 9.258 1.735 6.147 8.204 11.961 
4.807 12.914 8.845 5.339 6.761 9.916 1.422 12.980 9.903 9.277 5.094 1.469 4.417 9.059 10.243 11.013 8.893 10.668 3.658 5.008 5.634 6.511 6.757 1.784 6.181 9.293 6.111 2.025 10.925 13.022 
4.894 14.612 10.160 5.693 9.618 12.778 3.726 14.709 11.137 9.317 7.001 2.930 5.215 11.923 12.567 12.231 10.099 13.361 3.270 7.833 8.453 8.694 8.138 4.063 7.614 11.639 5.529 3.231 12.041 15.047 
9.572 3.850 5.059 15.312 7.982 8.027 11.269 3.755 5.210 9.375 6.074 12.023 8.506 7.268 0.742 5.359 5.455 3.833 10.668 6.991 8.900 4.337 5.812 9.096 6.065 1.594 10.665 12.450 5.779 2.591 
9.600 13.965 11.304 6.065 2.990 5.653 4.421 13.952 12.326 13.448 7.518 5.276 8.714 5.213 9.899 13.307 11.539 8.546 8.938 3.844 1.742 7.652 9.577 5.837 9.080 9.067 11.141 5.173 13.414 13.212 
11.550 12.041 10.936 10.631 2.176 1.088 8.270 11.966 11.753 14.288 8.175 9.228 10.402 1.014 7.513 12.482 11.283 4.982 11.497 4.407 3.419 7.248 9.879 8.345 9.576 6.994 13.144 9.297 12.740 10.704 
8.862 13.651 10.792 5.685 3.186 6.097 3.668 13.648 11.829 12.780 6.939 4.545 8.003 5.548 9.721 12.834 11.009 8.623 8.171 3.500 1.793 7.217 9.003 5.090 8.490 8.854 10.393 4.477 12.920 13.006 
7.623 2.658 2.005 15.822 10.457 11.459 11.573 2.806 1.368 5.768 5.589 12.071 6.933 10.540 4.544 1.219 2.203 7.785 9.109 8.634 10.927 4.825 3.979 8.857 4.523 4.584 8.183 12.596 1.635 4.047 
8.674 14.110 11.037 4.879 3.985 6.913 3.080 14.117 12.091 12.757 7.112 3.892 7.901 6.362 10.306 13.123 11.229 9.361 7.849 4.019 2.581 7.581 9.168 4.903 8.633 9.417 10.161 3.764 13.181 13.559 
1.045 9.572 5.013 9.771 8.604 11.274 5.811 9.686 5.965 4.829 2.847 5.908 0.171 10.251 8.353 7.054 4.927 10.123 2.129 6.193 8.092 4.629 3.089 3.144 2.652 7.538 2.586 6.471 6.863 10.276 
8.221 15.178 11.619 2.972 6.010 9.006 2.015 15.209 12.691 12.625 7.653 2.381 7.711 8.420 11.736 13.775 11.744 11.184 7.070 5.511 4.602 8.552 9.602 4.727 9.031 10.807 9.540 2.023 13.763 14.874 
4.435 2.778 13.497 9.380 4.776 12.076 4.079 8.168 1.149 9.218 5.412 9.630 5.180 1.279 7.928 7.057 0.979 3.875 8.663 9.295 2.740 9.101 5.348 3.374 9.019 4.367 10.121 9.030 5.500 10.284 
13.860 12.792 10.795 9.222 11.293 8.177 12.551 16.056 11.395 1.256 8.749 4.046 6.584 9.318 6.183 3.247 9.270 6.485 1.705 1.668 12.066 15.511 11.516 13.412 3.675 8.016 5.675 4.680 14.848 2.730 
9.474 8.152 11.229 8.042 7.182 9.004 8.112 12.216 6.766 3.605 5.166 5.201 2.892 4.676 5.103 1.446 4.641 2.068 3.048 3.737 7.480 12.167 7.528 8.773 4.472 4.010 6.403 5.020 10.508 4.950 
5.681 9.895 14.321 11.040 14.103 14.745 12.439 1.905 9.244 17.340 15.336 15.234 14.885 11.180 12.537 15.416 10.520 12.071 16.814 17.671 11.109 3.260 14.640 9.799 15.019 14.280 14.565 14.359 4.764 19.044 
8.775 11.686 5.512 2.570 14.154 6.013 13.607 7.524 9.900 11.511 13.672 7.830 11.979 10.101 5.385 10.347 9.268 8.352 11.136 12.044 12.190 5.625 14.706 12.070 7.957 12.297 6.597 7.012 9.027 13.623 
11.926 14.612 2.743 3.182 16.665 4.418 16.355 10.553 12.772 12.149 15.793 7.835 13.846 12.641 6.189 11.510 11.849 10.350 11.897 12.745 14.991 8.462 17.194 15.037 8.232 14.423 6.250 7.224 12.198 14.304 
3.048 7.067 11.553 7.695 10.814 11.382 9.509 2.347 5.825 13.094 11.568 11.210 10.837 7.356 8.565 11.169 6.602 7.848 12.566 13.421 8.049 2.943 11.382 7.214 10.928 10.395 10.734 10.350 2.966 14.798 
13.951 12.932 10.667 9.162 11.472 8.045 12.716 16.103 11.520 1.446 8.937 3.948 6.764 9.457 6.147 3.397 9.396 6.595 1.878 1.866 12.218 15.529 11.698 13.553 3.608 8.193 5.568 4.608 14.933 2.900 
10.476 8.891 11.775 8.829 7.425 9.430 8.587 13.284 7.628 2.805 5.100 5.379 2.799 5.439 5.775 0.808 5.520 3.122 2.277 2.815 8.110 13.235 7.703 9.508 4.655 4.150 6.759 5.371 11.518 3.911 
8.957 5.794 15.222 11.592 3.058 13.173 4.576 12.697 5.395 6.993 1.050 9.516 1.653 3.306 9.054 5.218 4.033 4.413 6.544 6.771 4.640 13.433 3.296 6.328 8.788 0.337 10.654 9.291 10.010 7.146 
6.177 6.604 9.689 5.677 7.922 8.191 7.813 8.330 4.753 7.122 7.232 6.089 5.659 3.940 4.073 5.193 3.216 2.095 6.588 7.438 6.592 8.194 8.447 7.163 5.587 5.858 6.328 5.374 7.102 8.827 
2.391 6.620 12.514 8.633 10.573 12.306 9.126 2.031 5.595 13.624 11.557 11.974 11.015 7.362 9.365 11.637 6.670 8.242 13.085 13.918 7.697 3.409 11.132 6.693 11.657 10.451 11.573 11.124 2.083 15.248 
4.578 3.928 12.286 8.177 5.743 10.873 5.257 7.881 2.116 8.544 5.891 8.551 5.161 1.757 6.744 6.398 0.916 3.011 7.985 8.691 3.950 8.513 6.306 4.501 7.968 4.669 8.963 7.915 5.638 9.815 
11.058 13.624 3.097 2.169 15.629 4.110 15.335 9.945 11.776 11.299 14.761 7.082 12.829 11.607 5.250 10.567 10.819 9.319 11.022 11.886 13.979 7.971 16.157 14.060 7.424 13.391 5.558 6.414 11.383 13.455 
11.700 12.097 6.494 4.767 12.199 3.998 12.772 12.878 10.327 4.881 10.353 0.596 8.071 8.899 2.131 4.806 8.445 5.677 4.713 5.494 11.815 11.856 12.600 12.690 0.936 9.161 1.302 0.321 12.521 7.015 
11.579 9.856 12.210 9.545 8.031 9.760 9.365 14.388 8.670 2.020 5.490 5.547 3.321 6.441 6.414 1.105 6.579 4.233 1.604 1.851 9.006 14.300 8.246 10.468 4.863 4.762 7.064 5.712 12.624 2.802 
9.437 7.935 11.626 8.400 6.815 9.409 7.799 12.293 6.615 3.764 4.763 5.599 2.486 4.466 5.490 1.616 4.498 2.126 3.214 3.832 7.217 12.320 7.151 8.555 4.869 3.621 6.809 5.426 10.481 4.946 
12.460 13.865 3.229 3.116 14.757 0.920 14.999 12.565 11.995 8.117 13.231 3.630 11.023 11.063 3.314 7.998 10.438 8.070 7.974 8.734 13.850 11.015 15.213 14.408 4.199 11.951 1.988 3.287 13.078 10.224 
2.872 2.299 13.845 9.659 5.751 12.697 4.490 6.806 0.764 10.717 6.877 10.702 6.805 2.893 8.713 8.559 2.524 5.227 10.158 10.830 3.015 8.020 6.315 2.712 10.144 5.930 10.991 10.025 3.921 11.871 
6.944 9.402 6.967 2.890 11.730 6.539 11.226 6.798 7.574 9.878 11.290 6.885 9.684 7.677 4.184 8.431 6.846 6.058 9.439 10.354 9.828 5.560 12.282 9.823 6.795 9.920 6.088 6.007 7.410 11.902 
7.645 10.871 6.914 3.759 13.679 7.358 12.946 6.123 9.163 12.115 13.476 8.766 11.966 9.665 6.165 10.745 8.816 8.353 11.697 12.612 11.495 4.229 14.244 11.204 8.797 12.118 7.682 7.911 7.799 14.174 
7.838 8.401 8.187 4.457 9.313 6.474 9.447 9.467 6.566 6.165 8.168 4.331 6.229 5.513 2.278 4.597 4.888 2.732 5.688 6.595 8.306 8.909 9.801 8.969 3.897 6.806 4.504 3.575 8.699 8.114 
7.422 6.592 10.852 7.152 6.705 8.964 7.108 10.144 4.989 5.587 5.470 5.895 3.660 3.248 4.747 3.479 2.914 0.031 5.029 5.788 6.174 10.200 7.167 7.206 5.237 4.103 6.652 5.409 8.444 7.040 
3.168 5.504 10.956 6.786 8.551 10.158 7.612 5.125 3.805 10.415 8.926 9.072 8.038 4.759 6.625 8.423 3.944 5.045 9.875 10.704 6.147 5.487 9.124 5.865 8.675 7.690 8.925 8.264 3.936 12.037 
6.882 6.280 10.739 6.922 6.762 8.961 6.993 9.565 4.600 6.125 5.758 6.131 4.094 3.068 4.729 4.037 2.601 0.604 5.569 6.344 5.965 9.639 7.250 6.886 5.505 4.380 6.759 5.579 7.895 7.614 
10.768 11.302 6.464 4.134 11.646 4.161 12.099 11.934 9.504 5.220 9.964 1.505 7.729 8.189 1.216 4.733 7.683 5.016 4.956 5.809 11.082 10.949 12.072 11.886 1.453 8.714 1.651 0.635 11.579 7.376 
5.303 2.017 15.008 10.924 3.288 13.482 2.502 9.307 1.738 9.714 4.526 10.745 4.985 1.608 9.281 7.594 2.125 4.847 9.177 9.691 1.322 10.467 3.859 2.619 10.090 3.814 11.393 10.221 6.308 10.471 
2.808 7.087 12.673 8.876 11.092 12.574 9.607 1.471 6.125 14.141 12.112 12.395 11.578 7.921 9.762 12.168 7.232 8.785 13.605 14.444 8.192 3.059 11.648 7.129 12.098 11.012 11.941 11.539 2.310 15.784 
11.412 9.540 12.574 9.807 7.593 10.149 8.968 14.328 8.416 2.470 5.027 5.963 2.888 6.158 6.702 1.390 6.349 4.159 2.073 2.244 8.655 14.318 7.798 10.148 5.269 4.336 7.455 6.090 12.465 2.999 
14.232 13.778 9.006 8.067 12.827 6.382 13.874 15.917 12.207 3.179 10.451 2.736 8.186 10.336 5.363 4.601 10.126 7.216 3.427 3.710 13.211 15.070 13.109 14.398 2.752 9.555 4.155 3.578 15.150 4.808 
