160 30 30
11.849 6.582 10.757 2.738 6.192 2.007 8.847 11.770 6.308 3.044 1.837 2.418 4.237 4.964 8.218 10.170 10.506 3.318 4.730 3.232 8.243 3.096 11.914 8.467 11.690 10.332 10.631 1.967 7.527 9.354 5.949 5.707 7.003 3.391 11.503 7.351 3.323 4.436 3.134 11.817 7.122 6.774 10.787 4.029 3.165 11.820 9.418 4.775 2.114 7.758 8.747 10.541 7.658 6.787 10.724 3.806 11.731 1.807 2.790 8.912 3.341 3.415 5.491 10.954 1.775 1.782 5.201 11.440 7.648 4.737 11.743 3.085 4.941 10.904 9.322 6.115 5.605 4.197 2.648 2.819 7.388 2.627 8.225 6.390 3.768 8.465 7.905 7.612 4.019 9.804 3.670 11.587 10.789 4.627 9.956 8.019 10.274 6.616 10.867 4.183 10.136 3.221 8.327 7.708 8.447 4.921 11.764 7.468 7.262 3.964 9.786 12.061 8.351 5.612 4.753 1.971 9.201 11.187 9.484 11.150 9.679 7.210 7.854 4.466 10.445 8.844 12.091 3.097 4.924 2.665 2.584 9.245 6.843 5.496 11.590 3.865 6.114 9.672 10.214 3.751 4.269 4.557 4.485 7.626 5.876 9.994 4.909 5.964 7.358 7.507 8.038 9.160 2.366 3.630 6.276 5.688 5.528 7.696 4.520 9.017 
33.872 6.497 17.993 39.325 30.940 37.345 40.411 64.676 21.203 45.968 24.593 14.941 68.995 40.266 8.083 46.744 24.143 46.530 22.859 25.962 7.936 42.384 72.838 31.843 64.693 62.820 73.304 41.854 17.458 21.188 
22.725 7.701 7.129 33.286 18.460 6.877 14.538 15.045 11.310 15.953 24.405 17.665 12.682 22.316 16.033 17.845 16.754 13.919 12.085 30.229 25.276 22.747 10.543 32.844 25.114 21.517 26.935 24.722 5.787 16.388 
940.771 466.164 746.153 1068.122 854.802 1021.038 1071.311 1252.378 749.526 1094.482 777.025 679.591 1291.607 1050.505 500.222 1095.633 817.109 1076.986 778.034 814.672 511.674 1052.892 1436.465 897.211 1255.906 1253.544 1276.295 1041.033 676.306 791.572 
3.180 10.253 9.009 2.832 4.008 13.963 3.216 11.459 2.009 13.934 14.856 9.236 12.691 7.644 4.589 13.784 12.030 9.419 9.072 14.946 4.843 4.733 6.846 15.916 10.914 9.470 3.995 11.091 13.136 2.398 
11.188 2.651 5.893 11.337 9.723 7.660 12.597 7.075 13.149 1.423 6.186 9.137 3.295 6.668 9.282 15.221 9.502 3.255 4.087 4.315 8.204 9.247 6.772 3.809 4.012 4.591 11.904 11.937 1.241 10.427 
8.276 3.284 2.498 8.481 8.222 5.688 9.636 4.216 10.398 4.249 5.291 5.782 2.510 6.385 7.945 12.050 6.553 2.809 1.186 4.749 5.467 6.235 6.000 5.772 5.537 1.198 8.831 8.675 3.252 8.373 
13.583 9.271 7.202 13.878 14.831 2.933 14.691 5.112 15.826 6.556 1.416 8.224 4.446 12.992 14.600 11.566 6.306 9.225 7.794 3.154 11.409 11.594 12.685 5.087 11.222 6.968 13.676 9.412 6.107 14.716 
10.138 2.413 7.516 10.150 6.699 11.249 11.515 9.853 11.565 5.754 10.296 10.726 7.189 2.951 6.137 17.245 12.105 2.944 5.290 8.717 7.314 8.704 3.580 8.180 0.598 6.399 11.166 13.774 5.669 8.012 
3.512 9.538 4.996 3.858 8.130 8.424 3.976 6.060 5.393 11.626 10.044 3.036 9.085 9.675 8.387 7.367 5.721 8.603 6.702 11.066 4.215 2.894 8.747 12.783 11.365 6.203 2.915 4.409 10.610 6.729 
9.833 11.139 6.051 10.182 13.377 4.022 10.425 3.701 11.839 10.863 6.379 3.798 7.661 13.361 13.423 4.854 1.347 10.507 8.179 8.488 9.122 8.440 12.639 10.718 13.387 7.052 9.365 2.884 9.926 12.446 
8.567 4.734 8.285 8.476 4.000 12.921 9.794 11.044 9.489 8.687 12.460 11.000 9.397 0.945 3.409 17.411 12.980 4.610 6.428 11.272 6.310 7.705 1.777 11.105 3.797 7.544 9.722 13.976 8.386 5.642 
4.688 5.344 5.729 4.639 2.298 10.878 5.994 8.590 5.956 9.171 11.126 7.676 8.472 3.230 2.165 13.819 10.060 4.554 4.797 10.684 2.478 3.810 2.284 11.311 6.072 5.582 5.815 10.477 8.466 2.638 
13.048 9.191 6.740 13.349 14.490 2.250 14.128 4.508 15.289 6.755 1.246 7.587 4.355 12.807 14.282 10.887 5.617 9.074 7.502 3.417 10.958 11.081 12.454 5.496 11.215 6.612 13.104 8.721 6.210 14.303 
4.168 10.079 9.474 3.832 3.320 14.545 4.375 12.062 3.187 13.915 15.277 10.048 12.936 7.092 3.910 14.861 12.818 9.307 9.259 15.188 5.255 5.437 6.384 16.001 10.501 9.786 5.092 12.073 13.177 2.122 
4.634 5.221 5.486 4.603 2.536 10.636 5.964 8.347 5.985 9.008 10.894 7.452 8.256 3.311 2.407 13.621 9.824 4.410 4.576 10.473 2.300 3.660 2.359 11.128 6.036 5.347 5.743 10.268 8.288 2.786 
2.663 10.711 8.938 2.322 4.881 13.735 2.337 11.225 1.003 14.245 14.780 8.798 12.786 8.387 5.446 12.993 11.598 9.838 9.252 15.031 4.923 4.513 7.544 16.131 11.541 9.532 3.243 10.435 13.403 3.154 
10.419 12.334 7.182 10.769 14.270 5.085 10.870 4.920 12.315 12.071 7.444 4.623 8.871 14.447 14.351 3.830 2.532 11.684 9.346 9.621 10.000 9.198 13.699 11.862 14.578 8.229 9.831 2.802 11.140 13.239 
10.046 2.166 4.736 10.205 8.897 7.032 11.450 6.142 12.042 2.356 5.879 8.015 2.788 6.149 8.497 14.198 8.557 2.448 2.902 4.393 7.080 8.084 6.101 4.479 4.093 3.425 10.737 10.868 1.621 9.465 
10.269 4.189 8.837 10.215 5.985 12.959 11.561 11.381 11.368 7.661 12.138 11.869 9.025 2.369 5.394 18.382 13.526 4.482 6.714 10.624 7.735 9.157 3.299 10.083 2.417 7.857 11.386 14.909 7.584 7.572 
4.204 6.201 2.311 4.469 6.383 7.206 5.469 4.721 6.432 8.518 8.134 3.357 6.375 6.808 6.423 9.693 5.793 5.270 3.431 8.556 2.187 2.154 5.954 9.967 8.077 3.177 4.588 6.262 7.534 5.627 
7.505 6.615 1.621 7.807 9.559 3.722 8.603 1.279 9.745 7.071 4.854 2.715 4.084 8.934 9.481 8.651 3.207 5.956 3.627 5.860 5.607 5.556 8.286 7.740 8.853 2.500 7.595 5.335 6.048 9.044 
3.992 5.276 3.690 4.114 4.366 8.866 5.414 6.489 5.922 8.467 9.387 5.467 7.057 4.861 4.348 11.718 7.847 4.329 3.445 9.313 0.982 2.279 3.956 10.318 6.743 3.874 4.856 8.326 7.598 3.938 
11.380 7.146 4.910 11.661 12.459 2.276 12.550 3.311 13.621 5.174 0.963 6.460 2.350 10.714 12.232 10.963 5.209 6.991 5.431 2.367 9.084 9.355 10.363 4.603 9.226 4.597 11.566 8.263 4.447 12.359 
11.763 3.918 9.192 11.754 7.913 12.635 13.118 11.413 13.076 6.409 11.464 12.437 8.413 4.147 7.328 18.947 13.716 4.603 6.948 9.656 9.001 10.404 4.961 8.740 1.668 8.030 12.820 15.481 6.586 9.392 
13.271 6.842 6.817 13.513 13.319 5.002 14.556 6.009 15.465 3.428 2.711 9.055 2.754 10.831 12.981 13.798 8.046 7.073 6.403 0.548 10.626 11.205 10.725 1.877 8.488 6.011 13.646 11.075 3.258 13.587 
11.732 6.439 5.222 11.991 12.288 3.475 12.973 4.219 13.953 4.033 1.601 7.274 1.642 10.213 12.009 12.106 6.308 6.428 5.228 1.261 9.229 9.674 9.959 3.440 8.401 4.607 12.030 9.304 3.393 12.362 
10.394 10.479 5.728 10.737 13.461 2.685 11.134 3.003 12.499 9.793 5.045 4.259 6.614 13.053 13.446 6.192 1.468 9.935 7.675 7.227 9.285 8.801 12.400 9.471 12.730 6.529 10.065 4.158 8.900 12.698 
4.343 5.634 2.337 4.572 5.930 7.431 5.679 4.994 6.523 8.147 8.180 3.941 6.200 6.178 5.928 10.323 6.267 4.692 3.002 8.422 1.894 2.282 5.334 9.713 7.464 2.945 4.873 6.883 7.186 5.320 
3.402 7.238 6.757 3.239 1.930 11.917 4.496 9.493 4.186 10.993 12.464 7.951 10.021 4.823 2.301 13.586 10.587 6.421 6.334 12.268 2.652 3.426 3.948 13.060 7.933 6.924 4.591 10.437 10.239 0.859 
6.009 8.146 2.824 6.346 9.278 5.305 6.871 2.939 8.170 9.267 6.948 0.522 6.382 9.588 9.344 7.041 2.998 7.332 5.038 8.162 5.016 4.389 8.786 10.053 10.278 4.129 5.810 3.567 8.235 8.350 
3.894 5.642 5.097 3.893 2.941 10.275 5.258 7.914 5.406 9.251 10.701 6.787 8.213 4.109 2.955 12.866 9.248 4.767 4.524 10.458 1.515 2.850 3.157 11.271 6.670 5.146 4.974 9.542 8.467 2.664 
7.202 4.184 1.244 7.432 7.830 5.467 8.525 3.525 9.378 5.511 5.617 4.575 3.343 6.606 7.638 10.957 5.677 3.488 1.161 5.579 4.556 5.139 6.053 6.879 6.402 0.088 7.673 7.536 4.500 7.719 
12.238 9.609 6.261 12.556 14.223 1.114 13.221 3.623 14.458 7.752 2.253 6.461 4.928 12.939 14.075 9.330 4.212 9.339 7.468 4.625 10.425 10.358 12.480 6.826 11.753 6.441 12.172 7.269 7.057 13.846 
2.875 7.421 6.534 2.723 2.460 11.663 4.003 9.213 3.794 11.079 12.303 7.542 9.954 5.243 2.833 13.087 10.214 6.570 6.288 12.208 2.345 2.962 4.342 13.087 8.246 6.798 4.063 9.967 10.292 1.118 
5.408 5.207 1.255 5.652 6.795 6.416 6.711 4.043 7.610 7.263 7.078 3.649 5.133 6.495 6.725 10.171 5.599 4.321 2.248 7.338 2.968 3.342 5.741 8.701 7.231 1.910 5.851 6.695 6.272 6.345 
3.888 10.208 5.561 4.224 8.712 8.664 4.127 6.380 5.582 12.213 10.394 3.253 9.598 10.351 8.990 6.856 5.778 9.277 7.342 11.525 4.878 3.528 9.421 13.299 12.050 6.798 3.110 4.093 11.191 7.252 
3.391 10.162 5.711 3.722 8.314 9.067 3.598 6.736 5.053 12.332 10.734 3.657 9.805 10.104 8.614 7.331 6.254 9.221 7.375 11.782 4.609 3.218 9.165 13.502 11.940 6.907 2.583 4.621 11.317 6.812 
9.915 4.053 3.700 10.136 9.886 4.925 11.248 4.258 12.070 3.118 3.916 6.625 0.848 7.729 9.579 12.452 6.681 3.952 2.910 3.030 7.171 7.856 7.474 4.157 6.156 2.638 10.397 9.250 2.099 10.096 
2.128 11.250 8.605 1.941 6.272 13.043 0.930 10.561 0.756 14.476 14.332 7.835 12.659 9.472 6.794 11.421 10.594 10.326 9.345 14.858 5.073 4.189 8.567 16.172 12.367 9.412 1.999 9.081 13.565 4.470 
10.576 10.250 5.647 10.915 13.476 2.237 11.361 2.839 12.708 9.425 4.595 4.461 6.262 12.939 13.441 6.650 1.735 9.740 7.513 6.798 9.342 8.925 12.310 9.044 12.498 6.370 10.292 4.583 8.549 12.772 
2.191 7.168 4.495 2.385 4.827 9.407 3.589 6.908 4.319 10.176 10.341 4.987 8.403 6.439 5.037 10.654 7.694 6.217 5.034 10.631 0.980 0.484 5.492 11.868 8.625 5.142 2.958 7.445 9.256 3.667 
14.277 9.296 7.814 14.562 15.215 3.915 15.429 5.955 16.519 6.206 1.987 9.104 4.590 13.147 14.950 12.592 7.295 9.355 8.149 2.838 11.976 12.259 12.911 4.443 11.125 7.428 14.432 10.409 5.911 15.211 
5.124 10.420 5.386 5.466 9.726 7.733 5.417 5.616 6.872 12.003 9.626 2.463 9.189 11.026 9.957 5.746 4.660 9.524 7.408 10.967 5.679 4.452 10.122 12.868 12.396 6.690 4.397 2.810 10.971 8.363 
11.333 2.226 6.565 11.450 9.318 8.769 12.754 8.041 13.184 2.250 7.334 9.880 4.413 5.998 8.835 16.107 10.460 3.071 4.535 5.430 8.324 9.482 6.245 4.670 3.001 5.250 12.138 12.765 2.373 10.203 
13.572 7.698 7.063 13.831 13.965 4.438 14.812 5.834 15.793 4.427 2.077 8.969 3.260 11.639 13.654 13.305 7.664 7.855 6.951 1.139 11.046 11.514 11.480 2.754 9.426 6.415 13.866 10.753 4.192 14.127 
7.022 4.408 6.963 6.952 2.969 11.820 8.290 9.791 8.095 8.481 11.602 9.502 8.640 0.914 2.417 15.862 11.602 3.968 5.326 10.677 4.706 6.100 0.319 10.828 4.287 6.380 8.162 12.445 8.000 4.356 
11.620 4.010 9.230 11.603 7.676 12.779 12.964 11.505 12.893 6.662 11.654 12.450 8.588 3.928 7.089 18.967 13.788 4.645 6.994 9.881 8.893 10.302 4.768 9.009 1.761 8.090 12.689 15.497 6.807 9.181 
5.962 7.676 2.356 6.292 8.981 5.220 6.905 2.772 8.159 8.839 6.733 0.991 6.000 9.170 9.025 7.501 3.212 6.864 4.568 7.839 4.741 4.233 8.382 9.686 9.811 3.664 5.858 4.030 7.807 8.124 
6.468 3.416 5.403 6.474 3.747 10.245 7.839 8.218 7.926 7.388 10.087 8.074 7.185 1.997 3.334 14.515 10.071 2.737 3.764 9.291 3.735 5.155 1.275 9.641 4.100 4.803 7.517 11.066 6.784 4.595 
5.176 4.333 4.792 5.200 3.401 9.876 6.563 7.664 6.741 8.058 10.022 7.091 7.327 3.127 3.175 13.430 9.298 3.487 3.666 9.534 2.427 3.849 2.222 10.169 5.356 4.506 6.208 10.015 7.330 3.735 
10.906 12.772 7.655 11.255 14.777 5.297 11.335 5.324 12.784 12.404 7.641 5.129 9.209 14.935 14.856 3.771 2.974 12.136 9.804 9.866 10.506 9.701 14.191 12.112 15.020 8.680 10.302 3.208 11.488 13.743 
10.165 6.755 3.745 10.452 11.497 2.088 11.318 2.138 12.408 5.550 2.129 5.245 2.381 10.041 11.308 10.112 4.278 6.443 4.596 3.348 7.956 8.155 9.602 5.476 8.942 3.628 10.327 7.226 4.666 11.288 
12.398 3.820 9.173 12.419 8.890 12.161 13.783 11.162 13.850 5.510 10.806 12.487 7.843 5.104 8.314 18.940 13.528 4.667 6.930 8.858 9.529 10.896 5.826 7.752 1.877 7.935 13.405 15.502 5.836 10.273 
6.253 12.512 7.461 6.557 11.293 9.183 6.074 7.348 7.510 14.038 11.266 4.346 11.145 12.946 11.592 4.600 5.860 11.611 9.504 12.805 7.493 6.150 12.022 14.788 14.466 8.771 5.244 3.017 13.006 9.768 
15.100 10.081 8.652 15.388 16.065 4.539 16.239 6.710 17.343 6.844 2.808 9.836 5.420 13.962 15.796 13.013 7.898 10.169 8.999 3.558 12.822 13.088 13.741 4.897 11.861 8.281 15.234 10.992 6.629 16.063 
13.024 8.072 6.533 13.301 13.888 3.222 14.203 4.886 15.262 5.282 0.896 8.052 3.298 11.868 13.625 12.087 6.523 8.082 6.822 1.890 10.670 10.991 11.609 3.943 9.979 6.105 13.220 9.634 4.835 13.888 
7.861 8.254 3.099 8.193 10.686 3.440 8.759 1.324 10.044 8.499 5.271 1.975 5.372 10.425 10.676 7.068 1.612 7.583 5.242 6.803 6.523 6.127 9.724 8.870 10.490 4.130 7.700 3.871 7.497 9.950 
3.750 5.994 5.519 3.711 2.575 10.696 5.070 8.321 5.113 9.659 11.144 7.091 8.659 4.171 2.652 13.075 9.601 5.139 4.968 10.903 1.736 2.953 3.224 11.700 6.916 5.591 4.873 9.787 8.888 2.219 
9.828 6.379 3.371 10.110 11.081 2.458 11.001 2.075 12.069 5.374 2.480 5.084 2.174 9.625 10.889 10.194 4.353 6.044 4.174 3.436 7.569 7.806 9.182 5.484 8.580 3.208 10.022 7.217 4.453 10.887 
7.871 8.363 3.195 8.204 10.748 3.475 8.754 1.416 10.048 8.609 5.340 1.938 5.479 10.515 10.742 6.956 1.519 7.688 5.346 6.895 6.573 6.155 9.810 8.968 10.597 4.237 7.693 3.765 7.608 9.995 
6.028 10.343 5.101 6.375 10.359 6.805 6.427 4.834 7.872 11.570 8.794 1.841 8.629 11.337 10.543 5.191 3.637 9.488 7.260 10.278 6.181 5.093 10.465 12.261 12.411 6.416 5.389 1.927 10.540 9.103 
7.869 12.982 7.688 8.193 12.681 8.271 7.847 6.854 9.301 13.969 10.513 4.351 10.903 13.939 12.924 2.848 4.895 12.137 9.885 12.306 8.646 7.418 13.049 14.413 15.066 8.992 6.951 1.776 12.948 11.265 
9.753 8.290 4.018 10.073 12.004 1.394 10.733 1.183 11.970 7.534 3.338 4.035 4.341 11.137 11.909 8.143 2.350 7.815 5.652 5.205 8.052 7.897 10.565 7.406 10.532 4.525 9.686 5.421 6.623 11.494 
11.859 10.505 6.444 12.193 14.417 1.718 12.711 3.580 14.027 9.091 3.767 5.812 6.082 13.536 14.333 7.814 3.187 10.114 8.035 6.118 10.399 10.117 12.985 8.347 12.715 6.926 11.645 6.032 8.315 13.845 
6.339 3.631 2.042 6.523 6.425 6.869 7.726 4.799 8.417 6.036 6.997 5.142 4.484 5.317 6.222 11.662 6.753 2.747 0.887 6.739 3.463 4.340 4.697 7.758 5.672 1.459 6.986 8.190 5.108 6.407 
12.069 3.499 6.603 12.224 10.605 7.812 13.476 7.509 14.046 0.673 6.109 9.774 3.503 7.467 10.156 15.709 9.925 4.152 4.922 4.012 9.094 10.113 7.621 3.091 4.581 5.326 12.766 12.492 1.216 11.332 
3.534 9.353 4.800 3.882 8.054 8.271 4.065 5.893 5.467 11.430 9.871 2.898 8.892 9.536 8.300 7.425 5.611 8.420 6.509 10.877 4.091 2.797 8.611 12.589 11.191 6.006 2.998 4.406 10.413 6.683 
12.427 5.193 6.224 12.637 11.925 5.889 13.773 6.199 14.557 1.728 3.913 8.958 2.159 9.221 11.548 14.333 8.493 5.530 5.281 1.682 9.617 10.375 9.188 1.619 6.748 5.174 12.934 11.343 1.544 12.352 
10.818 4.584 4.528 11.041 10.739 4.852 12.143 4.660 12.979 2.665 3.430 7.284 0.537 8.426 10.415 12.864 7.035 4.633 3.813 2.159 8.084 8.756 8.235 3.295 6.542 3.533 11.280 9.767 1.766 10.992 
8.488 5.086 1.984 8.748 9.444 3.951 9.737 2.456 10.710 5.129 4.024 4.617 2.251 8.056 9.247 10.524 4.856 4.608 2.564 4.300 6.043 6.430 7.574 5.952 7.335 1.567 8.811 7.263 4.105 9.297 
8.053 9.566 4.303 8.398 11.456 4.085 8.760 2.564 10.133 9.838 6.216 1.929 6.685 11.529 11.504 5.707 0.911 8.862 6.513 7.971 7.203 6.558 10.780 10.099 11.789 5.429 7.691 2.596 8.843 10.541 
3.178 6.773 6.007 3.089 2.470 11.165 4.426 8.741 4.366 10.422 11.730 7.247 9.331 4.769 2.717 13.002 9.858 5.917 5.655 11.583 1.910 2.811 3.842 12.437 7.655 6.202 4.345 9.799 9.637 1.594 
4.239 11.778 10.429 3.899 5.300 15.288 3.765 12.779 2.302 15.469 16.279 10.375 14.186 9.036 5.890 14.401 13.175 10.951 10.588 16.440 6.319 6.049 8.280 17.442 12.377 10.951 4.752 11.955 14.669 3.856 
10.388 1.646 5.507 10.519 8.726 7.985 11.806 7.081 12.294 2.430 6.756 8.827 3.702 5.674 8.280 15.088 9.488 2.280 3.481 5.097 7.385 8.497 5.765 4.799 3.231 4.192 11.158 11.729 2.077 9.469 
7.358 12.804 7.563 7.677 12.237 8.511 7.296 6.949 8.747 13.956 10.708 4.255 10.937 13.609 12.496 3.374 5.132 11.940 9.725 12.424 8.259 6.996 12.708 14.496 14.852 8.876 6.415 2.052 12.930 10.790 
11.092 1.944 6.444 11.204 9.025 8.828 12.514 8.016 12.926 2.503 7.459 9.771 4.489 5.705 8.541 16.040 10.429 2.808 4.369 5.613 8.082 9.257 5.950 4.930 2.756 5.132 11.910 12.680 2.540 9.920 
1.620 8.193 6.426 1.471 3.678 11.401 2.786 8.903 2.831 11.624 12.275 6.865 10.171 6.411 4.082 12.058 9.623 7.290 6.616 12.421 2.299 2.238 5.484 13.494 9.239 6.928 2.808 9.057 10.771 2.055 
7.773 2.331 3.026 7.935 7.083 6.946 9.177 5.298 9.784 4.605 6.555 6.348 3.650 5.101 6.768 12.796 7.529 1.639 0.794 5.815 4.816 5.817 4.728 6.508 4.538 1.827 8.474 9.355 3.737 7.400 
8.583 2.419 3.271 8.759 7.962 6.461 9.975 5.096 10.631 3.786 5.833 6.597 2.829 5.775 7.631 12.918 7.440 2.053 1.376 4.942 5.661 6.590 5.494 5.613 4.666 1.957 9.233 9.527 2.873 8.302 
10.671 1.958 5.667 10.807 9.046 7.926 12.087 7.123 12.591 2.116 6.614 8.970 3.602 5.975 8.599 15.182 9.540 2.598 3.701 4.880 7.672 8.767 6.080 4.499 3.424 4.351 11.427 11.844 1.826 9.786 
7.968 1.426 4.982 8.036 5.734 9.183 9.383 7.501 9.660 5.408 8.644 8.136 5.594 2.978 5.292 14.660 9.648 0.825 2.829 7.554 5.003 6.324 2.842 7.706 2.773 3.973 8.899 11.186 4.863 6.552 
10.888 4.117 9.058 10.848 6.724 12.952 12.202 11.499 12.053 7.285 11.999 12.179 8.895 3.045 6.134 18.704 13.707 4.565 6.875 10.369 8.272 9.692 3.943 9.683 2.067 8.006 11.988 15.228 7.302 8.285 
11.760 2.560 7.672 11.834 9.050 10.259 13.177 9.407 13.446 3.598 8.850 11.012 5.915 5.432 8.517 17.361 11.808 3.514 5.497 6.907 8.776 10.049 5.895 5.925 1.979 6.379 12.664 13.968 3.877 10.168 
10.270 12.677 7.449 10.619 14.304 5.678 10.644 5.347 12.099 12.567 8.039 4.680 9.365 14.643 14.410 3.209 2.924 11.997 9.650 10.190 10.035 9.158 13.870 12.425 14.912 8.550 9.621 2.460 11.622 13.206 
2.094 7.178 5.134 2.166 4.026 10.150 3.505 7.664 3.950 10.438 10.980 5.833 8.885 5.971 4.275 11.444 8.530 6.246 5.370 11.133 1.028 1.261 5.019 12.248 8.441 5.636 3.116 8.271 9.559 2.820 
12.681 4.461 9.810 12.681 8.880 12.946 14.045 11.887 14.028 6.330 11.621 13.100 8.643 5.114 8.294 19.582 14.235 5.248 7.560 9.680 9.881 11.273 5.921 8.554 2.324 8.599 13.724 16.130 6.656 10.357 
3.472 8.718 8.127 3.188 2.359 13.240 4.128 10.777 3.346 12.515 13.901 8.942 11.525 5.962 2.928 14.137 11.670 7.925 7.845 13.776 3.921 4.301 5.176 14.588 9.264 8.390 4.576 11.175 11.767 0.746 
12.500 3.686 7.165 12.644 10.812 8.388 13.913 8.114 14.440 1.052 6.629 10.359 4.098 7.542 10.343 16.313 10.530 4.431 5.413 4.461 9.509 10.569 7.769 3.264 4.460 5.877 13.227 13.090 1.813 11.620 
9.689 2.471 4.183 9.863 8.849 6.511 11.081 5.553 11.729 2.680 5.483 7.441 2.370 6.316 8.478 13.606 7.966 2.533 2.479 4.196 6.759 7.696 6.179 4.582 4.545 2.882 10.337 10.280 1.782 9.305 
11.065 1.841 6.601 11.167 8.841 9.130 12.487 8.263 12.862 2.828 7.791 9.937 4.804 5.455 8.346 16.245 10.668 2.755 4.479 5.955 8.058 9.264 5.740 5.250 2.424 5.296 11.909 12.869 2.882 9.786 
3.265 10.791 6.489 3.561 8.427 9.861 3.149 7.545 4.612 13.084 11.547 4.448 10.600 10.489 8.773 7.543 6.984 9.842 8.079 12.590 5.007 3.585 9.540 14.295 12.499 7.662 2.249 5.117 12.075 6.826 
9.393 4.280 8.448 9.324 5.013 12.831 10.661 11.104 10.427 8.052 12.184 11.348 9.083 1.483 4.422 17.828 13.158 4.362 6.430 10.830 6.960 8.377 2.435 10.482 2.950 7.572 10.526 14.367 7.855 6.614 
12.911 9.280 6.653 13.215 14.457 2.010 13.973 4.336 15.149 6.950 1.384 7.384 4.455 12.848 14.260 10.597 5.359 9.134 7.501 3.644 10.871 10.958 12.474 5.753 11.330 6.582 12.944 8.456 6.375 14.234 
12.752 4.727 6.838 12.936 11.735 7.066 14.133 7.194 14.814 0.709 5.116 9.786 3.069 8.751 11.313 15.383 9.545 5.252 5.528 2.843 9.844 10.736 8.837 1.731 5.959 5.663 13.353 12.309 1.309 12.333 
9.964 7.263 3.711 10.264 11.628 1.621 11.062 1.585 12.206 6.248 2.450 4.749 3.064 10.387 11.472 9.414 3.586 6.883 4.891 3.992 7.920 7.996 9.896 6.156 9.478 3.840 10.049 6.571 5.351 11.309 
4.805 4.460 3.979 4.886 4.059 9.114 6.223 6.849 6.587 7.900 9.392 6.210 6.834 3.949 3.916 12.568 8.428 3.536 3.141 9.074 1.850 3.225 3.074 9.886 5.805 3.835 5.742 9.144 7.093 4.050 
12.749 7.042 6.242 13.007 13.175 4.004 13.994 5.135 14.968 4.072 1.723 8.237 2.463 10.932 12.874 12.816 7.089 7.141 6.143 0.682 10.220 10.690 10.740 2.859 8.864 5.590 13.052 10.143 3.669 13.312 
2.559 9.583 8.227 2.223 3.694 13.191 2.887 10.689 1.991 13.210 14.074 8.519 11.918 7.167 4.248 13.257 11.306 8.731 8.311 14.173 4.064 3.973 6.327 15.166 10.343 8.693 3.507 10.470 12.398 1.938 
9.510 13.348 7.997 9.848 14.013 7.274 9.653 6.441 11.117 13.741 9.619 4.795 10.566 14.836 14.194 1.793 4.109 12.581 10.247 11.647 9.822 8.743 13.997 13.846 15.530 9.225 8.697 1.783 12.754 12.733 
5.655 11.527 6.482 5.979 10.534 8.465 5.681 6.504 7.143 13.077 10.472 3.428 10.216 12.036 10.804 5.062 5.223 10.628 8.517 11.928 6.619 5.317 11.120 13.876 13.491 7.790 4.752 2.725 12.045 9.075 
7.057 10.923 5.589 7.404 11.345 6.424 7.420 4.760 8.872 11.818 8.561 2.256 8.765 12.174 11.512 4.331 3.087 10.106 7.815 10.236 7.134 6.095 11.323 12.308 13.050 6.880 6.393 0.919 10.797 10.120 
7.110 2.308 3.393 7.238 6.055 7.817 8.529 5.981 9.024 5.418 7.559 6.562 4.684 4.190 5.734 13.082 8.075 1.372 1.319 6.844 4.104 5.257 3.739 7.451 4.258 2.451 7.909 9.610 4.628 6.437 
8.033 5.784 1.593 8.314 9.493 3.678 9.221 1.722 10.273 6.017 4.275 3.750 3.059 8.455 9.350 9.651 4.045 5.212 2.980 4.954 5.811 6.008 7.891 6.742 8.036 1.845 8.255 6.374 4.995 9.176 
10.806 4.203 9.086 10.761 6.589 13.032 12.112 11.551 11.946 7.430 12.105 12.186 8.998 2.937 5.999 18.709 13.746 4.618 6.915 10.496 8.215 9.637 3.848 9.833 2.198 8.050 11.912 15.234 7.432 8.165 
2.726 10.755 8.998 2.386 4.893 13.797 2.389 11.288 1.038 14.296 14.841 8.861 12.843 8.412 5.460 13.047 11.662 9.883 9.307 15.089 4.979 4.575 7.572 16.185 11.575 9.590 3.301 10.495 13.455 3.174 
4.102 6.101 6.076 4.016 1.962 11.252 5.351 8.899 5.227 9.893 11.631 7.713 9.067 3.845 2.033 13.676 10.215 5.296 5.375 11.298 2.354 3.523 2.925 12.000 6.820 6.071 5.262 10.401 9.164 1.900 
5.998 4.470 1.279 6.219 6.804 6.361 7.340 4.138 8.159 6.530 6.764 4.269 4.567 6.078 6.668 10.790 5.957 3.607 1.476 6.806 3.333 3.942 5.395 8.052 6.541 1.307 6.522 7.318 5.552 6.559 
2.858 10.191 8.783 2.509 4.132 13.704 2.886 11.198 1.723 13.822 14.633 8.935 12.512 7.700 4.704 13.448 11.732 9.341 8.915 14.766 4.647 4.464 6.880 15.774 10.920 9.280 3.659 10.763 13.010 2.447 
9.924 2.250 4.553 10.088 8.874 6.862 11.325 5.950 11.935 2.453 5.749 7.827 2.647 6.195 8.483 14.005 8.364 2.457 2.755 4.324 6.969 7.952 6.117 4.508 4.234 3.245 10.602 10.676 1.655 9.406 
14.896 9.287 8.390 15.168 15.519 4.868 16.089 6.765 17.131 5.871 2.743 9.930 4.807 13.234 15.220 13.599 8.244 9.449 8.477 2.730 12.476 12.854 13.070 3.837 10.975 7.866 15.113 11.362 5.743 15.626 
7.984 4.054 7.400 7.920 3.833 12.056 9.262 10.160 9.072 8.086 11.645 10.138 8.604 0.072 3.254 16.570 12.096 3.823 5.555 10.533 5.570 6.981 1.024 10.483 3.504 6.666 9.114 13.127 7.712 5.312 
11.254 2.322 7.654 11.306 8.263 10.674 12.661 9.623 12.850 4.383 9.418 10.979 6.395 4.583 7.717 17.414 11.987 3.219 5.420 7.593 8.311 9.634 5.110 6.760 1.077 6.404 12.207 13.983 4.522 9.460 
10.950 3.112 8.334 10.951 7.297 11.904 12.316 10.605 12.322 5.995 10.831 11.566 7.748 3.509 6.720 18.080 12.887 3.747 6.096 9.126 8.154 9.551 4.250 8.387 0.875 7.189 11.992 14.612 6.051 8.699 
7.896 1.957 3.400 8.043 6.930 7.302 9.309 5.687 9.863 4.540 6.838 6.711 3.872 4.783 6.590 13.172 7.920 1.248 1.153 5.985 4.911 5.979 4.458 6.547 4.150 2.217 8.639 9.726 3.729 7.340 
11.783 9.487 5.901 12.103 13.885 0.726 12.749 3.190 13.997 7.847 2.493 5.965 4.909 12.715 13.754 8.898 3.704 9.170 7.222 4.839 10.031 9.923 12.226 7.069 11.661 6.164 11.697 6.770 7.102 13.462 
14.792 10.052 8.378 15.084 15.892 4.113 15.911 6.340 17.035 6.959 2.531 9.447 5.318 13.886 15.638 12.543 7.459 10.096 8.830 3.603 12.568 12.793 13.634 5.125 11.889 8.067 14.899 10.545 6.676 15.842 
11.726 9.379 5.816 12.045 13.798 0.638 12.700 3.123 13.943 7.743 2.408 5.932 4.801 12.613 13.664 8.951 3.709 9.064 7.122 4.747 9.955 9.858 12.127 6.980 11.553 6.067 11.649 6.787 6.996 13.384 
10.413 12.097 6.983 10.762 14.170 4.770 10.903 4.658 12.341 11.778 7.128 4.531 8.580 14.272 14.238 4.142 2.298 11.460 9.128 9.310 9.902 9.138 13.535 11.551 14.344 8.004 9.857 2.930 10.852 13.172 
7.269 3.092 5.986 7.263 4.083 10.651 8.627 8.738 8.653 7.157 10.317 8.797 7.321 1.367 3.590 15.270 10.688 2.619 4.143 9.335 4.569 5.989 1.046 9.488 3.380 5.247 8.333 11.811 6.655 5.172 
12.390 9.149 6.210 12.699 14.086 1.408 13.432 3.786 14.625 7.076 1.515 6.799 4.378 12.610 13.908 10.045 4.756 8.943 7.199 3.883 10.419 10.457 12.199 6.068 11.249 6.231 12.397 7.856 6.426 13.806 
7.389 4.623 1.053 7.636 8.287 4.960 8.676 3.008 9.593 5.608 5.213 4.268 3.168 7.128 8.111 10.564 5.197 3.968 1.670 5.356 4.864 5.324 6.570 6.801 6.858 0.525 7.787 7.170 4.581 8.107 
10.276 9.137 4.801 10.605 12.760 1.281 11.185 1.929 12.468 8.237 3.593 4.341 5.072 11.978 12.683 7.659 2.102 8.668 6.500 5.689 8.739 8.489 11.394 7.927 11.377 5.369 10.125 5.215 7.358 12.186 
11.473 6.575 4.960 11.740 12.213 3.049 12.693 3.796 13.702 4.403 1.377 6.878 1.737 10.266 11.953 11.656 5.860 6.500 5.147 1.699 9.035 9.423 9.972 3.890 8.597 4.442 11.736 8.864 3.703 12.222 
5.723 8.893 3.631 6.070 9.458 5.945 6.434 3.697 7.798 10.135 7.718 0.536 7.255 10.083 9.577 6.432 3.236 8.050 5.799 9.011 5.194 4.344 9.244 10.922 10.985 4.946 5.364 2.975 9.103 8.383 
10.437 1.324 5.905 10.548 8.444 8.609 11.859 7.633 12.273 2.860 7.398 9.243 4.342 5.228 7.972 15.571 10.026 2.157 3.778 5.711 7.427 8.607 5.405 5.278 2.599 4.603 11.259 12.184 2.659 9.295 
10.513 6.754 4.060 10.796 11.720 2.172 11.679 2.530 12.755 5.309 1.791 5.643 2.197 10.148 11.515 10.442 4.620 6.496 4.754 2.968 8.253 8.494 9.742 5.121 8.910 3.842 10.694 7.597 4.463 11.559 
11.755 2.527 7.181 11.857 9.467 9.407 13.177 8.698 13.550 2.633 7.922 10.505 5.046 6.001 8.961 16.755 11.117 3.445 5.106 5.944 8.747 9.948 6.344 4.984 2.750 5.868 12.595 13.405 2.934 10.450 
11.714 4.661 9.757 11.672 7.481 13.479 13.024 12.124 12.861 7.471 12.412 12.920 9.332 3.853 6.890 19.446 14.371 5.209 7.547 10.673 9.094 10.514 4.762 9.821 2.457 8.664 12.815 15.971 7.597 9.074 
8.366 12.469 7.116 8.706 12.877 7.094 8.542 5.887 10.007 13.127 9.379 3.823 9.998 13.786 13.066 2.719 3.751 11.670 9.359 11.265 8.703 7.603 12.933 13.415 14.619 8.383 7.572 0.789 12.120 11.585 
8.892 2.688 3.329 9.078 8.383 6.150 10.274 4.916 10.966 3.511 5.437 6.615 2.410 6.177 8.055 12.854 7.296 2.425 1.668 4.519 6.001 6.879 5.912 5.239 4.910 2.020 9.508 9.494 2.556 8.703 
8.890 2.407 6.809 8.892 5.477 10.983 10.257 9.351 10.286 6.324 10.294 9.887 7.192 1.839 4.929 16.410 11.492 2.494 4.680 8.966 6.119 7.526 2.330 8.741 1.791 5.824 9.937 12.934 6.035 6.739 
10.019 14.471 9.115 10.345 14.751 8.476 9.995 7.663 11.444 14.959 10.828 5.844 11.789 15.793 14.969 0.720 5.338 13.683 11.363 12.872 10.637 9.473 14.931 15.074 16.632 10.367 9.106 2.795 13.969 13.381 
6.517 3.717 5.830 6.499 3.410 10.695 7.862 8.655 7.865 7.736 10.534 8.437 7.621 1.655 2.963 14.849 10.482 3.104 4.215 9.714 3.906 5.328 0.844 10.016 4.170 5.252 7.600 11.411 7.163 4.398 
8.713 2.681 3.193 8.898 8.232 6.175 10.096 4.870 10.786 3.686 5.528 6.493 2.531 6.081 7.910 12.762 7.235 2.355 1.489 4.667 5.821 6.701 5.794 5.415 4.919 1.879 9.331 9.391 2.734 8.535 
11.925 9.945 6.199 12.251 14.193 1.117 12.849 3.410 14.124 8.348 2.966 6.003 5.401 13.117 14.078 8.550 3.578 9.607 7.616 5.324 10.277 10.106 12.608 7.547 12.129 6.539 11.790 6.576 7.601 13.718 
2.867 6.388 4.364 2.985 4.205 9.456 4.289 6.997 4.812 9.578 10.189 5.450 8.032 5.550 4.341 11.377 8.047 5.447 4.503 10.283 0.161 1.359 4.605 11.381 7.764 4.791 3.774 8.091 8.694 3.326 
12.649 3.591 7.573 12.775 10.662 9.054 14.068 8.690 14.528 1.753 7.326 10.822 4.735 7.258 10.170 16.869 11.113 4.429 5.695 5.160 9.642 10.764 7.565 3.873 4.011 6.267 13.424 13.608 2.452 11.568 
9.983 9.573 4.927 10.319 12.773 2.039 10.817 2.127 12.140 8.908 4.367 3.916 5.720 12.221 12.732 6.889 1.400 9.045 6.804 6.448 8.658 8.285 11.590 8.679 11.824 5.660 9.750 4.479 8.003 12.095 
1.918 10.195 8.216 1.575 4.781 12.988 1.804 10.479 0.911 13.643 14.052 8.054 12.102 8.100 5.315 12.376 10.855 9.302 8.606 14.342 4.264 3.777 7.221 15.485 11.138 8.843 2.589 9.745 12.782 2.987 
7.097 4.277 1.127 7.329 7.795 5.469 8.415 3.483 9.278 5.635 5.669 4.463 3.443 6.633 7.611 10.857 5.606 3.566 1.226 5.674 4.472 5.033 6.065 6.993 6.489 0.211 7.559 7.431 4.624 7.658 
9.879 6.756 3.494 10.169 11.311 2.090 11.021 1.828 12.123 5.744 2.421 4.926 2.550 9.949 11.135 9.860 4.020 6.401 4.473 3.652 7.711 7.878 9.485 5.759 8.963 3.464 10.026 6.936 4.834 11.063 
4.928 9.199 4.138 5.277 9.023 6.897 5.541 4.614 6.933 10.766 8.633 1.485 7.997 10.000 9.195 6.549 4.134 8.313 6.168 9.840 4.825 3.780 9.121 11.689 11.206 5.440 4.473 3.241 9.735 7.817 
3.858 6.360 2.660 4.121 6.148 7.541 5.134 5.050 6.083 8.797 8.484 3.529 6.707 6.754 6.212 9.767 6.045 5.418 3.679 8.895 1.908 1.805 5.879 10.283 8.177 3.491 4.269 6.363 7.821 5.329 
11.073 5.111 4.682 11.308 11.181 4.440 12.376 4.483 13.256 2.982 2.911 7.256 0.535 8.936 10.870 12.647 6.806 5.143 4.194 1.741 8.401 9.007 8.727 3.206 7.066 3.795 11.488 9.624 2.176 11.382 
6.312 6.508 8.173 6.143 1.161 13.265 7.358 11.045 6.824 10.573 13.317 10.172 10.476 2.822 0.620 16.205 12.571 5.982 6.940 12.597 4.865 6.042 2.391 12.889 6.351 7.869 7.501 12.917 10.042 2.942 
9.474 4.142 8.397 9.412 5.156 12.735 10.753 11.034 10.540 7.887 12.062 11.328 8.957 1.560 4.566 17.817 13.106 4.256 6.357 10.685 7.004 8.424 2.505 10.318 2.770 7.500 10.601 14.353 7.702 6.739 
7.814 3.309 2.201 8.017 7.820 5.878 9.177 4.224 9.933 4.670 5.637 5.531 2.949 6.137 7.560 11.883 6.495 2.712 0.755 5.197 5.001 5.776 5.699 6.237 5.554 0.889 8.381 8.476 3.687 7.929 
10.467 9.412 5.066 10.798 13.014 1.349 11.354 2.194 12.650 8.464 3.702 4.484 5.310 12.254 12.942 7.528 2.107 8.945 6.778 5.853 8.977 8.702 11.668 8.097 11.650 5.646 10.291 5.192 7.596 12.424 
8.616 1.620 3.856 8.763 7.496 7.273 10.028 5.878 10.579 3.838 6.578 7.195 3.513 5.058 7.124 13.592 8.195 1.280 1.694 5.510 5.630 6.693 4.854 5.909 3.873 2.582 9.353 10.173 3.065 7.994 
6.134 3.203 4.348 6.196 4.397 9.219 7.545 7.165 7.826 6.906 9.152 7.082 6.335 3.020 4.079 13.559 9.022 2.334 2.782 8.503 3.201 4.568 2.329 9.044 4.455 3.777 7.091 10.097 6.196 4.887 
8.359 5.090 8.414 8.252 3.645 13.135 9.555 11.204 9.197 9.075 12.739 11.039 9.694 1.135 3.058 17.408 13.088 4.910 6.629 11.604 6.218 7.593 1.782 11.487 4.230 7.729 9.525 13.990 8.748 5.330 
15.370 8.829 8.877 15.619 15.458 6.117 16.631 7.693 17.577 5.035 3.803 10.837 4.899 12.857 15.108 14.958 9.433 9.145 8.561 2.645 12.768 13.306 12.805 2.706 10.278 8.142 15.698 12.542 5.172 15.745 
10.582 10.773 6.010 10.926 13.716 2.891 11.295 3.296 12.671 10.062 5.245 4.446 6.888 13.340 13.708 6.020 1.645 10.230 7.967 7.456 9.529 9.018 12.682 9.703 13.025 6.822 10.226 4.145 9.175 12.934 
9.791 0.548 5.692 9.886 7.632 8.884 11.212 7.686 11.571 3.650 7.858 9.024 4.754 4.429 7.157 15.445 10.032 1.481 3.472 6.328 6.788 8.021 4.588 6.051 2.147 4.434 10.655 12.019 3.341 8.514 
15.300 8.748 8.810 15.549 15.378 6.088 16.563 7.643 17.507 4.957 3.766 10.784 4.825 12.776 15.029 14.934 9.396 9.064 8.484 2.571 12.694 13.236 12.724 2.633 10.199 8.070 15.632 12.504 5.091 15.668 
8.299 11.066 5.732 8.649 12.288 5.387 8.759 4.181 10.199 11.462 7.649 2.703 8.306 12.754 12.403 4.105 2.019 10.321 7.977 9.525 8.023 7.135 11.953 11.683 13.265 6.934 7.715 1.115 10.467 11.183 
7.227 2.663 2.753 7.389 6.679 7.049 8.632 5.238 9.242 5.148 6.832 6.019 4.034 4.959 6.393 12.510 7.379 1.840 0.560 6.240 4.273 5.275 4.495 7.022 4.789 1.704 7.933 9.051 4.272 6.917 
1.512 8.891 7.084 1.232 3.922 11.997 2.347 9.492 2.147 12.345 12.934 7.308 10.875 6.947 4.392 12.209 10.092 7.995 7.334 13.124 3.007 2.764 6.040 14.213 9.880 7.626 2.630 9.329 11.492 2.155 
4.372 5.924 6.129 4.286 1.868 11.300 5.620 8.970 5.480 9.757 11.623 7.870 9.014 3.578 1.867 13.883 10.339 5.140 5.329 11.235 2.538 3.752 2.662 11.890 6.585 6.067 5.530 10.590 9.047 2.054 
11.252 9.357 5.497 11.575 13.491 0.572 12.197 2.708 13.459 7.977 2.847 5.388 4.932 12.456 13.379 8.421 3.120 8.985 6.952 5.122 9.574 9.417 11.933 7.369 11.561 5.863 11.141 6.200 7.179 13.015 
12.686 4.387 6.934 12.857 11.458 7.485 14.079 7.484 14.713 0.330 5.594 9.972 3.363 8.381 11.021 15.690 9.861 4.981 5.473 3.351 9.745 10.691 8.510 2.171 5.496 5.713 13.327 12.566 1.302 12.123 
1.526 9.804 6.224 1.834 6.720 10.364 1.804 7.907 3.203 12.532 11.771 5.104 10.370 9.018 7.091 9.211 7.863 8.849 7.391 12.498 3.671 2.311 8.066 13.997 11.318 7.214 0.734 6.522 11.561 5.090 
8.850 9.647 4.558 9.193 12.044 3.322 9.597 2.280 10.957 9.555 5.548 2.715 6.362 11.884 12.060 5.971 0.156 9.007 6.677 7.443 7.827 7.280 11.177 9.624 11.893 5.551 8.528 3.192 8.589 11.213 
10.106 1.238 10.167 14.362 10.003 4.506 13.874 8.527 14.208 15.350 11.378 8.657 5.761 9.756 7.119 10.646 6.651 12.164 10.271 10.658 11.720 11.697 7.180 11.080 2.859 8.054 2.497 8.330 10.551 11.124 
3.672 8.622 3.916 9.995 2.422 7.139 9.867 7.004 7.353 10.286 4.001 5.235 4.043 11.812 6.214 3.394 9.741 2.959 1.023 13.585 9.117 5.517 4.554 11.395 11.277 1.844 10.655 3.225 11.311 7.168 
4.048 6.642 4.021 8.002 7.463 7.474 7.573 2.521 7.786 8.902 5.388 2.145 5.285 6.603 1.092 8.438 4.398 7.451 6.075 8.314 5.705 5.292 7.209 6.643 9.292 3.513 6.707 2.573 6.396 4.679 
10.313 1.038 10.381 14.660 10.012 4.317 14.176 8.833 14.443 15.637 11.573 8.920 5.761 10.105 7.412 10.630 7.000 12.271 10.365 11.003 12.035 11.933 7.100 11.426 2.546 8.199 2.766 8.533 10.898 11.409 
9.797 4.060 9.972 15.635 6.543 0.791 15.302 10.514 14.048 16.303 10.702 9.652 3.266 13.605 9.034 6.781 10.543 9.918 8.036 14.915 13.666 11.757 2.959 14.318 5.513 7.035 7.750 8.232 13.932 12.316 
5.422 11.539 5.187 3.549 11.256 12.652 2.962 2.696 5.878 4.765 6.085 3.757 10.283 4.956 4.207 12.229 5.652 9.435 9.045 6.634 0.601 4.559 12.058 3.305 13.987 7.315 10.436 5.728 3.612 2.033 
11.459 2.325 11.511 15.456 11.377 5.513 14.945 9.602 15.507 16.487 12.746 9.897 7.126 10.227 8.260 11.992 7.234 13.586 11.692 10.910 12.722 12.998 8.431 11.746 2.196 9.467 2.274 9.692 11.182 12.281 
4.778 9.033 4.607 5.845 9.829 10.285 5.311 0.499 7.007 6.953 5.883 2.354 8.146 4.481 1.805 10.820 3.722 8.845 7.961 6.309 3.097 4.906 10.036 3.928 11.482 5.746 8.053 4.278 3.814 2.987 
12.231 2.407 12.307 16.605 11.419 5.009 16.114 10.766 16.390 17.593 13.473 10.882 7.206 11.667 9.362 11.932 8.642 13.977 12.046 12.375 13.945 13.881 8.199 13.139 0.732 10.016 3.737 10.448 12.585 13.366 
2.658 12.002 2.760 7.105 5.852 11.065 7.194 6.849 3.580 7.000 1.418 5.125 7.932 11.720 6.943 6.562 10.650 2.418 3.386 13.545 7.417 2.884 8.627 10.593 14.756 4.392 13.190 4.181 10.739 5.377 
4.283 12.492 4.037 2.218 10.334 13.026 1.943 3.910 3.531 3.057 4.462 3.821 10.288 7.312 5.184 11.254 7.652 7.856 7.902 8.993 2.080 2.739 11.822 5.619 15.114 6.799 12.012 5.300 5.966 1.173 
7.073 6.856 6.980 8.920 10.658 8.955 8.355 3.357 10.061 10.075 8.363 4.654 7.731 3.957 2.789 11.608 1.086 10.759 9.414 5.384 6.010 7.777 9.745 4.958 8.937 6.833 5.047 5.858 4.457 6.141 
1.171 10.468 0.924 5.194 7.224 10.419 5.033 3.698 3.671 5.648 1.796 2.167 7.483 8.519 4.084 8.152 7.630 5.072 4.825 10.343 4.498 1.160 8.848 7.439 13.208 3.806 10.858 2.490 7.554 2.439 
7.465 6.874 7.689 13.758 2.796 4.160 13.551 9.667 11.385 14.179 8.013 8.252 2.436 13.832 8.420 3.004 11.126 6.443 4.730 15.428 12.403 9.416 0.838 13.974 9.017 4.811 10.037 6.361 13.735 10.663 
9.463 4.489 9.647 15.401 5.981 1.227 15.086 10.411 13.684 16.032 10.321 9.456 2.931 13.690 8.951 6.198 10.665 9.412 7.549 15.051 13.519 11.435 2.390 14.317 6.080 6.686 8.129 7.950 13.953 12.102 
12.963 11.845 12.806 11.927 17.180 14.703 11.325 8.670 14.720 13.189 14.094 10.476 14.101 3.923 8.966 18.133 5.440 16.951 15.803 2.325 9.238 12.997 16.098 5.788 12.828 13.283 8.410 12.123 5.313 10.652 
7.203 9.638 7.027 6.871 12.068 11.528 6.265 2.914 9.003 8.116 8.277 4.770 9.870 2.056 3.669 13.056 2.544 11.269 10.332 3.883 3.901 7.160 11.849 2.180 11.728 7.999 7.689 6.621 1.758 4.887 
3.672 7.712 3.898 9.981 2.906 6.417 9.796 6.451 7.690 10.387 4.304 4.780 3.286 11.138 5.518 3.895 8.934 3.863 1.961 12.884 8.824 5.627 4.152 10.859 10.393 1.194 9.700 2.765 10.731 6.970 
2.965 6.957 3.078 8.592 5.245 6.736 8.293 4.214 7.240 9.237 4.171 2.765 3.911 8.793 3.174 6.229 6.631 5.426 3.880 10.535 6.924 4.802 5.560 8.601 9.722 1.274 8.097 1.213 8.436 5.320 
3.113 12.712 2.927 3.701 8.783 12.636 3.790 5.177 1.553 3.748 2.611 4.159 9.645 9.410 5.998 9.624 9.192 5.798 6.253 11.162 4.414 1.141 10.871 7.889 15.445 5.896 12.918 4.723 8.173 2.676 
7.293 2.616 7.384 12.212 7.189 3.586 11.791 6.625 11.515 13.070 8.512 6.237 3.102 9.334 5.115 7.928 6.281 9.155 7.267 10.665 9.875 9.025 4.918 10.116 5.380 5.067 4.634 5.512 9.701 8.873 
8.059 2.304 8.114 12.382 8.583 4.521 11.912 6.590 12.142 13.338 9.345 6.603 4.524 8.525 5.135 9.339 5.396 10.338 8.498 9.701 9.826 9.631 6.305 9.566 4.834 6.138 3.231 6.291 9.091 9.108 
7.268 5.949 7.478 13.466 3.425 3.398 13.221 9.076 11.349 13.966 7.963 7.776 1.542 13.072 7.763 3.813 10.300 6.795 4.957 14.633 11.935 9.245 0.549 13.314 8.168 4.516 9.085 5.986 13.047 10.285 
3.939 13.836 3.881 5.429 8.280 13.243 5.688 7.202 1.403 5.001 2.734 5.862 10.129 11.635 7.778 8.970 11.217 4.691 5.810 13.400 6.648 2.675 10.986 10.137 16.600 6.418 14.529 5.721 10.419 4.902 
5.715 9.697 5.962 11.903 0.746 7.509 11.839 9.257 8.809 12.046 5.694 7.480 4.821 14.048 8.437 1.324 11.882 3.143 2.072 15.811 11.279 7.372 4.317 13.646 12.150 4.057 12.249 5.477 13.564 9.281 
2.893 7.213 2.915 7.774 6.362 7.467 7.425 3.073 6.929 8.525 4.224 1.776 4.857 7.688 2.076 7.349 5.685 6.135 4.797 9.449 5.889 4.421 6.619 7.456 9.948 2.305 7.800 1.272 7.295 4.440 
10.638 2.416 10.674 14.435 11.035 5.693 13.917 8.583 14.609 15.483 11.944 8.962 6.825 9.183 7.273 11.716 6.171 12.990 11.134 9.921 11.677 12.106 8.328 10.680 3.209 8.798 1.403 8.891 10.118 11.290 
9.743 8.920 9.609 9.948 13.708 11.521 9.337 5.547 12.052 11.205 10.951 7.244 10.677 2.261 5.589 14.659 1.965 13.627 12.391 2.740 7.001 10.052 12.683 4.300 10.401 9.841 5.969 8.750 3.669 7.935 
1.627 11.135 1.741 6.734 5.743 10.391 6.740 5.861 3.695 6.812 0.533 4.108 7.272 10.768 5.912 6.559 9.625 2.872 3.206 12.597 6.679 2.259 8.167 9.725 13.897 3.592 12.198 3.187 9.838 4.610 
10.101 2.363 10.242 15.523 7.859 1.129 15.132 10.055 14.398 16.308 11.160 9.500 3.934 12.567 8.544 8.244 9.442 10.897 8.960 13.738 13.293 11.989 4.422 13.507 3.788 7.471 6.094 8.399 13.066 12.174 
