40 30 30
30.131 41.378 41.943 28.305 39.888 41.853 12.931 49.734 30.280 31.089 29.792 34.275 12.216 19.502 19.351 58.421 30.886 59.695 11.959 41.012 57.162 10.161 27.602 45.427 49.954 34.963 31.745 13.798 9.148 16.417 24.909 15.529 10.937 55.760 35.134 37.548 14.969 59.761 15.984 18.320 
69.661 40.960 40.225 36.221 24.411 9.159 86.753 56.816 44.842 94.554 33.131 21.595 33.709 16.124 38.577 30.997 6.336 72.235 31.456 46.076 28.155 15.785 13.658 93.616 7.758 11.401 60.321 27.870 76.811 80.652 
25.803 24.805 28.863 29.737 7.496 10.939 18.127 9.812 25.491 15.351 21.544 13.312 16.173 30.439 15.567 20.177 33.603 13.326 11.297 29.472 23.436 28.690 6.866 34.966 32.243 27.738 18.500 12.203 8.075 30.882 
1143.584 924.610 885.826 796.893 756.942 429.571 1290.190 1085.170 1002.632 1414.072 870.679 680.914 833.252 590.122 860.313 746.666 363.676 1174.237 813.628 948.096 779.510 612.646 504.071 1357.109 432.559 528.362 1083.835 729.065 1243.673 1223.330 
7.251 9.391 7.236 8.489 12.773 11.607 0.567 11.945 15.655 7.325 5.694 9.251 3.108 15.689 13.557 10.547 4.368 11.305 11.290 8.651 13.865 13.310 10.439 8.568 14.332 6.529 13.923 8.990 10.784 14.119 
3.843 7.710 4.019 6.126 11.812 8.024 4.080 8.364 12.594 4.810 4.691 7.542 1.610 12.731 10.189 6.874 3.294 7.706 9.597 5.198 11.116 11.953 8.426 5.396 11.483 3.501 10.762 8.782 7.513 12.662 
5.680 6.053 6.318 4.110 9.992 5.365 10.503 2.020 6.123 4.034 6.783 5.931 7.196 6.432 8.188 2.602 6.863 5.050 6.944 1.611 5.433 9.280 5.560 6.652 5.518 6.793 4.217 9.419 1.166 9.610 
10.922 3.960 11.365 5.236 5.233 13.739 7.538 11.285 11.804 5.414 3.310 3.967 6.372 11.499 16.488 11.324 4.577 13.376 5.079 8.445 9.402 6.163 5.212 12.608 10.055 11.105 10.743 1.177 8.914 7.018 
5.392 6.731 5.636 5.516 10.589 9.346 3.290 9.005 12.566 4.287 3.315 6.574 0.057 12.612 11.672 7.831 1.831 9.009 8.653 5.648 10.825 10.883 7.634 7.004 11.272 5.157 10.828 7.299 7.701 11.641 
5.991 6.662 6.228 5.627 10.369 9.931 2.965 9.464 12.821 4.463 3.090 6.512 0.655 12.838 12.270 8.363 1.623 9.593 8.582 6.088 11.001 10.739 7.639 7.598 11.472 5.736 11.121 6.939 8.051 11.517 
6.322 5.138 6.968 3.298 9.016 6.343 10.396 2.774 5.711 3.467 6.233 5.024 7.092 5.928 9.170 3.579 6.508 6.025 5.965 1.896 4.690 8.298 4.589 7.432 4.864 7.369 3.844 8.579 0.594 8.636 
1.799 8.975 2.325 6.822 13.297 3.049 9.057 4.640 10.198 5.902 7.830 8.813 6.248 10.582 5.513 2.518 7.061 2.720 10.399 3.410 9.669 12.876 8.975 2.414 9.750 3.013 8.312 11.581 5.391 13.350 
3.579 9.314 3.485 7.671 13.422 8.004 4.298 9.166 13.823 6.353 6.265 9.145 3.004 14.011 9.804 7.406 4.827 7.729 11.193 6.276 12.497 13.560 9.998 4.800 12.823 2.760 11.952 10.327 8.682 14.264 
3.446 6.553 4.093 4.396 10.859 4.820 8.488 3.792 8.510 3.584 5.873 6.394 5.263 8.784 7.598 2.617 5.452 4.457 7.955 1.044 7.578 10.434 6.532 4.714 7.763 4.469 6.608 9.339 3.393 10.919 
2.501 8.909 2.512 7.104 13.141 6.902 5.248 8.072 12.881 5.802 6.206 8.737 3.255 13.101 8.815 6.273 4.878 6.618 10.734 5.304 11.674 13.161 9.468 3.879 11.962 1.895 10.994 10.317 7.730 13.825 
9.880 8.332 10.475 7.244 10.897 7.749 14.937 3.561 2.573 7.847 10.531 8.294 11.630 3.217 9.967 5.748 10.996 7.596 8.137 6.158 3.976 9.698 7.234 10.445 3.474 11.070 1.693 11.950 3.956 9.627 
10.388 7.804 11.003 6.951 10.075 8.583 14.967 4.237 1.615 7.705 10.297 7.784 11.681 2.225 10.893 6.407 10.892 8.406 7.418 6.397 3.059 8.832 6.636 11.079 2.509 11.553 1.006 11.386 4.035 8.716 
6.135 4.789 6.544 3.712 8.706 9.448 4.822 8.172 11.011 2.619 1.562 4.632 1.968 10.991 12.035 7.447 0.643 9.090 6.711 4.814 9.112 8.951 5.719 7.822 9.603 6.263 9.372 5.672 6.446 9.702 
11.462 4.995 12.109 5.305 6.132 11.147 13.819 6.757 3.299 6.530 8.412 5.055 10.814 2.814 13.821 8.485 9.471 10.877 3.866 6.973 0.985 4.822 3.703 12.624 1.577 12.440 3.311 8.170 4.859 4.676 
11.022 5.511 11.669 5.438 7.087 10.389 13.955 5.946 2.433 6.565 8.698 5.545 10.847 2.072 13.008 7.789 9.638 10.135 4.646 6.561 0.026 5.805 4.225 12.090 0.647 12.054 2.323 8.872 4.286 5.677 
11.757 3.021 12.274 4.973 3.088 13.966 9.510 10.899 10.398 5.656 4.522 3.120 7.860 10.006 16.794 11.356 5.989 13.609 3.354 8.537 7.943 4.018 3.982 13.406 8.614 12.141 9.612 1.081 8.398 4.871 
6.010 5.069 6.399 3.971 8.972 9.425 4.573 8.285 11.239 2.849 1.782 4.913 1.689 11.229 11.981 7.490 0.592 9.070 6.992 4.912 9.362 9.227 5.997 7.694 9.847 6.091 9.584 5.885 6.621 9.980 
14.490 5.035 15.081 7.091 0.985 15.708 13.495 11.820 9.175 8.248 8.170 5.208 11.490 8.589 18.546 12.948 9.650 15.379 3.465 10.491 6.924 1.158 4.893 16.019 7.529 15.115 9.163 5.067 9.384 1.459 
12.155 6.001 12.802 6.274 6.817 11.515 14.800 7.056 2.670 7.473 9.416 6.064 11.763 2.069 14.105 8.933 10.456 11.266 4.792 7.682 1.158 5.435 4.710 13.239 1.317 13.174 3.251 9.116 5.434 5.148 
3.615 9.617 4.029 7.486 13.791 1.546 10.915 3.488 9.276 6.836 9.135 9.470 7.989 9.752 4.381 1.411 8.575 1.188 10.779 3.889 9.197 13.180 9.361 3.564 9.149 4.789 7.477 12.595 5.085 13.549 
7.990 2.206 8.613 1.073 6.201 9.095 9.602 5.680 6.408 2.297 4.384 2.104 6.568 6.298 11.947 6.367 5.273 8.755 3.218 3.809 4.343 5.686 1.790 9.426 4.869 8.778 5.017 5.749 3.175 6.180 
5.897 4.809 6.544 2.817 8.872 6.418 9.669 3.292 6.365 2.801 5.569 4.679 6.366 6.543 9.268 3.684 5.791 6.081 5.852 1.409 5.164 8.263 4.436 7.123 5.405 6.887 4.524 8.127 1.318 8.667 
1.504 9.771 1.833 7.625 14.107 2.929 9.173 5.337 10.981 6.657 8.437 9.608 6.571 11.383 5.051 3.161 7.563 2.659 11.230 4.261 10.512 13.711 9.808 1.585 10.581 2.609 9.106 12.277 6.236 14.195 
10.205 5.005 10.852 4.707 7.091 9.711 13.195 5.315 2.855 5.789 8.014 5.018 10.059 2.661 12.378 7.066 8.898 9.444 4.410 5.736 0.817 5.908 3.755 11.297 1.227 11.229 2.113 8.489 3.495 5.899 
13.805 9.092 14.435 9.050 9.782 12.150 17.529 7.804 2.039 10.116 12.336 9.140 14.358 1.765 14.380 9.959 13.241 11.979 7.952 9.565 3.665 8.347 7.797 14.599 3.117 14.935 3.936 12.276 7.136 7.896 
12.410 2.933 12.986 5.069 1.429 13.944 11.353 10.343 8.772 6.141 5.964 3.102 9.277 8.297 16.796 11.215 7.441 13.602 1.871 8.598 6.335 1.843 3.137 13.977 7.001 12.982 8.307 3.289 7.831 2.697 
6.433 13.154 6.545 11.067 17.187 2.206 14.153 5.861 11.142 10.510 12.834 13.017 11.473 11.746 1.447 4.688 12.224 2.563 14.137 7.511 11.764 16.438 12.753 5.396 11.541 7.325 9.651 16.259 8.163 16.708 
10.794 1.747 11.403 3.412 3.394 11.923 11.049 8.183 6.876 4.673 5.457 1.891 8.476 6.483 14.768 9.170 6.797 11.590 0.341 6.694 4.419 2.809 1.097 12.278 5.091 11.501 6.204 4.459 5.686 3.375 
8.865 5.984 9.157 5.977 8.664 12.512 3.977 11.228 13.391 5.317 2.618 5.888 3.605 13.252 15.015 10.577 2.515 12.159 7.709 7.912 11.223 9.387 7.227 10.512 11.803 8.704 11.939 4.727 9.304 10.229 
10.099 2.988 10.737 3.344 5.218 10.518 11.801 6.458 4.917 4.628 6.356 3.031 8.866 4.602 13.318 7.760 7.449 10.209 2.334 5.687 2.504 4.237 1.697 11.423 3.156 10.973 4.143 6.378 4.089 4.470 
6.272 3.696 6.903 1.611 7.908 7.452 8.906 4.525 6.894 1.668 4.418 3.553 5.663 6.957 10.302 4.782 4.813 7.103 4.966 2.073 5.287 7.441 3.540 7.677 5.663 7.116 5.182 6.909 2.324 7.932 
12.972 3.508 13.542 5.655 0.915 14.547 11.667 10.941 9.227 6.701 6.373 3.675 9.710 8.728 17.399 11.819 7.858 14.205 2.447 9.195 6.810 1.790 3.740 14.548 7.469 13.523 8.835 3.335 8.432 2.625 
5.463 8.569 5.997 6.598 12.451 3.264 11.904 1.221 7.000 6.347 8.997 8.447 8.710 7.500 5.920 1.158 8.809 3.032 9.396 3.396 7.131 11.660 8.039 5.788 7.006 6.680 5.246 11.903 3.386 11.922 
6.419 7.103 6.609 6.182 10.667 10.457 2.363 10.089 13.426 5.051 3.446 6.959 1.174 13.432 12.739 8.958 2.058 10.123 9.014 6.716 11.576 11.107 8.128 7.986 12.057 6.066 11.736 7.094 8.679 11.900 
9.160 9.647 9.697 8.211 12.636 6.281 15.123 2.925 4.547 8.529 11.294 9.581 11.829 5.212 8.204 4.857 11.509 6.198 9.749 6.209 5.907 11.512 8.685 9.419 5.455 10.377 3.571 13.263 4.564 11.507 
8.956 1.233 9.566 1.605 5.093 10.210 9.797 6.737 6.744 2.909 4.312 1.188 6.966 6.522 13.062 7.482 5.451 9.869 2.157 4.895 4.452 4.648 0.767 10.439 5.062 9.678 5.597 4.859 4.216 5.201 
7.598 5.175 8.242 3.757 8.597 7.156 11.530 2.987 4.412 4.316 6.999 5.098 8.248 4.612 9.906 4.446 7.482 6.868 5.566 3.211 3.449 7.705 4.328 8.633 3.569 8.667 2.580 8.773 0.830 7.929 
7.622 5.802 8.259 4.361 9.162 6.815 11.956 2.496 4.202 4.847 7.563 5.726 8.657 4.490 9.513 4.173 7.983 6.545 6.147 3.386 3.614 8.227 4.937 8.550 3.617 8.732 2.305 9.402 0.987 8.413 
11.401 6.652 12.041 6.409 8.177 10.299 14.867 5.824 1.266 7.453 9.725 6.678 11.694 0.949 12.791 7.843 10.589 10.076 5.815 7.036 1.198 6.851 5.375 12.338 0.530 12.488 1.830 10.042 4.637 6.642 
8.562 5.580 9.065 8.903 13.961 4.088 10.034 13.281 10.014 11.621 8.760 4.146 5.140 7.600 2.662 13.840 9.039 5.984 10.303 9.511 5.615 3.192 1.183 7.317 5.224 7.302 10.373 5.515 5.857 8.376 
4.647 7.597 2.035 6.418 4.701 9.418 4.346 4.582 5.638 2.660 2.064 8.706 10.426 1.967 10.305 10.764 1.454 11.978 1.545 10.689 8.433 7.144 9.837 3.119 13.032 3.021 1.657 8.184 8.547 8.223 
8.937 6.168 9.693 9.167 14.571 4.535 10.439 13.781 10.658 12.152 9.270 4.664 5.507 8.199 2.914 14.435 9.572 6.215 10.915 10.006 6.158 3.533 1.471 7.952 5.208 7.934 10.909 6.073 5.896 8.957 
4.709 5.657 2.041 6.359 6.578 7.312 5.124 6.576 5.096 4.686 2.645 6.611 8.367 0.196 8.148 10.306 2.429 9.917 2.948 9.198 6.483 5.364 7.702 1.474 10.889 1.339 3.496 6.227 7.397 6.775 
7.554 11.462 5.392 9.083 1.851 13.531 6.364 3.019 7.875 2.850 5.548 12.807 14.427 6.288 14.585 12.006 5.049 15.961 3.918 13.702 12.283 11.386 14.184 7.099 17.228 7.042 3.806 12.054 12.241 11.336 
11.878 4.120 9.935 12.650 14.869 1.765 13.119 15.569 9.206 13.703 11.217 2.491 1.406 9.203 1.766 11.452 11.270 1.559 11.394 6.194 3.482 7.082 3.249 8.191 1.999 8.250 12.487 3.612 10.171 6.163 
4.994 11.454 10.494 3.616 13.659 11.217 6.312 10.396 13.478 9.697 7.332 10.917 12.457 8.620 10.331 18.526 7.950 13.581 10.816 15.834 11.951 5.165 8.900 9.683 12.940 9.567 8.873 11.739 1.893 13.882 
10.208 0.833 6.214 11.505 10.843 2.954 11.026 12.467 4.755 10.546 8.667 2.438 3.207 6.192 4.871 7.503 8.492 4.589 7.673 3.592 1.002 7.205 5.664 4.775 6.437 4.882 9.463 0.946 10.499 2.005 
12.087 6.405 5.889 13.785 7.927 8.744 12.153 11.599 2.344 9.941 9.677 8.200 8.819 7.411 10.643 2.913 9.175 9.920 6.619 5.407 6.783 11.515 11.275 6.124 12.063 6.247 9.399 6.730 14.382 4.050 
4.187 5.494 3.342 5.651 7.821 6.753 4.997 7.244 6.070 5.452 2.840 6.098 7.908 1.486 7.310 11.190 2.916 9.432 4.234 9.445 6.272 4.053 6.690 2.272 10.149 2.154 4.202 6.014 6.163 7.127 
1.418 8.197 5.088 2.998 8.168 9.156 2.485 5.867 8.449 4.549 1.784 8.565 10.379 3.381 9.314 13.666 2.382 11.852 5.235 12.215 8.943 4.586 8.365 4.783 12.230 4.648 3.481 8.687 4.977 9.886 
4.549 7.477 2.018 6.321 4.870 9.276 4.304 4.693 5.635 2.773 1.967 8.566 10.293 1.811 10.148 10.782 1.371 11.844 1.657 10.618 8.313 6.972 9.671 3.007 12.882 2.905 1.721 8.063 8.395 8.153 
3.664 8.197 7.557 3.589 11.398 8.214 5.255 9.127 10.280 7.903 5.081 7.826 9.479 5.648 7.663 15.256 5.623 10.739 8.148 12.565 8.740 2.223 6.373 6.515 10.484 6.409 6.819 8.517 1.874 10.574 
11.933 6.850 5.674 13.656 7.333 9.230 11.912 11.151 2.327 9.546 9.470 8.659 9.369 7.306 11.100 3.237 8.943 10.513 6.268 6.090 7.282 11.677 11.666 6.112 12.621 6.228 9.075 7.211 14.451 4.632 
14.493 6.854 12.776 15.109 17.687 4.608 15.807 18.396 11.816 16.540 14.005 5.334 3.867 12.048 4.026 13.338 14.084 2.589 14.239 7.788 6.126 9.405 5.250 11.041 1.135 11.101 15.318 6.300 12.198 8.466 
9.753 1.535 7.178 10.785 12.105 1.001 10.835 12.960 6.632 11.068 8.737 0.290 1.999 6.555 2.716 9.679 8.718 3.539 8.641 5.239 1.316 5.754 3.497 5.452 4.750 5.519 9.877 1.255 9.076 4.176 
2.006 8.122 6.143 2.721 9.613 8.684 3.538 7.277 9.235 6.032 3.247 8.170 9.943 4.280 8.543 14.380 3.817 11.341 6.520 12.354 8.792 3.398 7.438 5.446 11.450 5.322 4.966 8.546 3.518 10.154 
11.518 3.849 9.606 12.300 14.551 1.448 12.757 15.212 8.957 13.348 10.855 2.170 1.336 8.851 1.516 11.347 10.911 1.831 11.061 6.172 3.252 6.750 2.993 7.854 2.301 7.911 12.131 3.363 9.863 6.001 
6.398 8.407 2.340 8.148 2.872 10.501 5.793 4.536 5.167 2.893 3.867 9.775 11.377 3.516 11.631 9.898 3.243 12.909 0.870 10.816 9.229 8.973 11.337 4.084 14.216 4.039 2.686 9.000 10.469 8.400 
6.979 2.667 4.792 8.165 9.791 3.746 7.981 10.141 5.611 8.273 5.859 3.073 4.878 3.782 4.607 9.990 5.860 6.408 6.172 6.969 3.356 4.056 4.420 2.987 7.292 3.007 7.058 3.104 7.235 4.974 
9.894 6.292 3.615 11.634 5.718 8.735 9.822 9.145 1.196 7.485 7.400 8.076 9.155 5.345 10.436 5.316 6.861 10.494 4.178 6.933 6.916 10.129 10.751 4.323 12.371 4.423 6.979 6.777 12.693 4.858 
8.175 10.678 4.721 9.821 0.537 12.872 7.185 4.343 6.689 3.660 5.880 12.146 13.680 6.002 14.082 10.596 5.300 15.190 3.321 12.572 11.479 11.396 13.824 6.516 16.609 6.484 4.267 11.264 12.633 10.268 
5.886 7.051 1.010 7.656 4.247 9.093 5.641 5.421 4.425 3.556 3.312 8.368 9.995 2.188 10.203 9.494 2.724 11.534 0.588 9.744 7.880 7.719 9.920 2.664 12.798 2.614 2.817 7.645 9.494 7.290 
10.245 6.174 10.472 10.532 15.431 4.123 11.722 14.942 11.013 13.256 10.418 4.460 4.842 9.126 2.198 14.371 10.676 5.256 11.773 9.586 5.978 4.857 1.334 8.685 3.935 8.687 12.005 5.950 7.254 8.869 
10.481 6.223 4.215 12.209 6.306 8.664 10.453 9.816 1.153 8.157 8.011 8.031 8.993 5.878 10.431 4.654 7.483 10.278 4.844 6.455 6.788 10.465 10.837 4.755 12.234 4.863 7.638 6.670 13.127 4.516 
8.587 6.780 9.872 8.682 14.667 5.280 10.125 13.612 11.083 12.048 9.135 5.362 6.285 8.280 3.708 15.029 9.482 7.011 11.029 10.724 6.831 3.223 2.251 8.179 5.951 8.149 10.817 6.729 5.231 9.579 
10.676 4.568 4.766 12.314 7.992 6.962 10.932 10.973 1.329 9.174 8.412 6.380 7.168 5.974 8.819 4.443 7.978 8.396 5.830 4.604 5.027 9.665 9.393 4.548 10.422 4.680 8.434 4.943 12.612 2.584 
3.822 10.966 5.642 5.121 5.621 12.495 2.385 1.783 9.177 1.504 2.936 11.821 13.614 5.168 13.027 14.160 2.902 15.154 4.670 14.298 11.791 8.682 12.255 6.604 15.896 6.487 1.969 11.535 8.698 11.833 
8.157 2.403 3.702 9.631 8.469 4.695 8.778 9.956 3.241 8.036 6.327 3.985 5.408 3.785 6.226 7.635 6.084 6.914 5.169 5.525 3.210 6.403 6.474 2.294 8.438 2.413 6.979 2.989 9.428 3.146 
9.007 10.952 5.153 10.664 0.320 13.214 8.037 5.126 6.663 4.515 6.671 12.490 13.962 6.597 14.509 10.206 6.079 15.449 3.851 12.554 11.732 12.063 14.324 6.958 16.961 6.941 5.094 11.528 13.411 10.323 
