80 30 30
26.331 11.878 4.903 19.156 20.949 7.469 11.180 24.805 17.196 8.250 15.449 6.623 3.977 6.045 9.397 24.872 5.122 19.402 7.373 18.886 20.242 18.829 7.002 14.470 7.210 12.385 7.550 4.228 19.430 12.004 15.813 17.456 26.385 16.346 13.569 17.432 27.174 24.117 20.226 19.276 23.171 15.332 27.419 12.101 16.146 8.660 19.379 4.546 24.231 26.783 25.391 24.338 13.696 20.081 19.794 22.579 4.132 18.181 11.799 4.567 17.100 17.579 9.624 10.429 19.411 25.301 14.174 23.996 4.394 12.173 15.110 19.294 13.774 10.338 13.007 19.568 18.824 24.946 4.701 4.647 
33.644 58.795 43.136 35.189 36.012 45.791 32.985 41.351 7.529 59.195 22.338 54.712 42.004 31.257 49.847 57.884 60.335 59.978 40.951 64.568 58.237 20.118 6.677 11.386 6.629 9.716 64.734 53.320 55.675 67.125 
7.274 34.127 29.172 25.517 7.990 34.254 17.885 24.449 30.799 14.230 16.031 11.062 33.854 22.020 12.891 26.774 23.660 18.849 17.297 12.395 20.841 10.441 23.846 9.962 19.858 28.092 27.495 12.697 19.499 22.298 
974.819 1219.093 1117.958 977.417 979.699 1170.218 1030.636 1071.964 511.095 1270.685 857.029 1272.181 1060.537 941.674 1123.829 1295.045 1345.183 1291.843 1140.433 1320.164 1250.827 738.337 426.214 595.937 424.963 554.804 1296.394 1186.803 1196.655 1378.878 
9.503 4.174 4.123 10.558 8.823 10.554 7.673 0.823 12.386 11.578 4.660 12.120 3.442 11.989 3.103 10.305 7.466 6.373 8.789 7.324 13.229 6.681 5.924 11.144 9.589 3.967 4.125 9.037 5.480 7.668 
1.880 8.356 4.892 3.192 1.099 3.426 0.223 8.244 4.634 3.977 7.977 5.386 6.109 5.075 7.123 2.816 7.947 9.911 5.799 4.970 5.495 4.918 2.892 7.677 2.121 7.041 8.922 2.412 2.711 6.856 
9.524 7.627 6.543 11.350 9.264 11.507 8.200 4.240 12.563 11.361 1.318 11.140 2.075 13.113 6.394 10.995 10.579 2.895 11.160 9.673 13.498 4.901 7.544 8.798 10.286 7.196 0.817 10.152 6.868 10.505 
11.480 6.410 6.752 12.868 10.972 12.921 9.834 2.876 14.471 13.471 4.160 13.606 4.279 14.423 5.618 12.575 9.984 5.062 11.434 9.966 15.361 7.557 8.422 11.648 11.852 6.490 2.959 11.438 7.897 10.279 
10.527 10.876 9.392 12.825 10.638 13.097 9.760 7.515 13.451 11.985 2.248 11.048 4.351 14.747 9.588 12.415 13.625 0.735 13.752 12.308 14.409 5.067 9.900 7.342 11.765 10.353 2.778 11.955 9.164 13.395 
11.513 7.050 7.161 13.031 11.075 13.111 9.950 3.477 14.528 13.461 3.689 13.463 4.145 14.645 6.187 12.720 10.561 4.405 11.870 10.390 15.434 7.309 8.711 11.260 11.998 7.058 2.398 11.654 8.146 10.799 
11.205 9.785 8.856 13.270 11.120 13.478 10.126 6.256 14.216 12.867 2.105 12.240 4.125 15.111 8.630 12.888 12.873 1.132 13.449 11.967 15.169 5.998 9.764 8.976 12.199 9.455 1.530 12.199 9.064 12.819 
4.589 14.644 11.178 6.295 5.789 6.817 6.553 13.899 4.257 3.012 11.406 1.122 10.450 7.656 13.328 5.994 14.162 12.610 11.466 11.049 4.775 7.377 9.246 5.710 6.134 13.344 12.732 7.384 9.012 12.961 
10.464 2.562 4.111 11.068 9.611 10.971 8.491 1.194 13.161 12.571 6.626 13.430 5.330 12.247 2.130 10.884 6.277 8.270 8.292 6.944 13.932 8.425 6.260 12.932 10.198 2.920 6.001 9.433 6.031 6.789 
1.343 11.037 7.636 1.930 1.893 2.457 3.018 11.162 1.737 1.448 10.451 3.833 8.790 3.672 9.905 1.578 9.947 12.214 7.068 6.799 2.651 6.813 5.475 7.959 1.751 9.718 11.536 3.006 5.503 8.684 
6.526 11.173 8.412 9.128 7.018 9.511 6.487 8.820 9.180 7.589 4.474 6.369 4.568 11.113 9.692 8.685 12.692 5.293 11.649 10.431 10.123 1.697 7.814 3.200 8.156 10.179 5.861 8.731 7.116 12.014 
7.151 14.234 11.178 9.814 8.087 10.298 8.028 12.151 8.934 7.250 7.794 5.081 7.932 11.698 12.753 9.380 15.237 8.203 13.590 12.596 9.756 4.714 10.083 0.202 9.069 13.134 9.168 10.002 9.489 14.366 
4.692 12.676 9.608 2.680 4.681 2.734 5.759 13.597 2.278 3.933 13.677 6.375 11.868 1.927 11.825 2.971 10.576 15.521 7.204 7.633 1.713 10.183 7.445 11.128 3.694 11.417 14.674 4.271 7.770 9.225 
7.521 6.524 4.670 9.212 7.162 9.353 6.072 3.835 10.550 9.452 2.500 9.545 0.459 10.950 5.108 8.868 8.928 4.610 9.128 7.657 11.468 3.704 5.410 8.128 8.153 5.784 2.969 7.982 4.717 8.673 
9.510 15.494 12.725 12.197 10.364 12.666 10.163 12.958 11.410 9.725 7.940 7.540 8.715 14.111 14.016 11.757 16.961 7.687 15.635 14.530 12.235 6.001 11.943 2.520 11.397 14.513 9.200 12.252 11.286 16.208 
8.836 12.665 10.260 11.457 9.353 11.844 8.803 9.848 11.394 9.761 4.646 8.227 5.706 13.442 11.216 11.013 14.608 4.438 13.837 12.558 12.322 3.833 9.946 3.778 10.490 11.813 5.877 11.055 9.224 14.042 
8.668 4.829 4.393 7.394 7.454 6.990 6.942 7.785 9.974 10.350 11.557 12.387 9.441 7.425 5.043 7.513 1.328 13.644 2.124 2.199 10.345 10.701 4.643 14.555 7.159 4.192 11.679 5.909 5.292 0.392 
8.545 16.687 13.507 11.016 9.651 11.534 9.854 14.757 9.554 7.988 10.422 5.454 10.561 12.724 15.216 10.617 17.390 10.690 15.413 14.574 10.215 7.289 12.186 2.847 10.465 15.539 11.788 11.557 11.663 16.418 
9.226 8.178 6.824 11.182 9.055 11.372 8.031 4.886 12.259 10.992 0.583 10.634 1.977 12.997 6.889 10.811 10.976 2.442 11.347 9.873 13.203 4.352 7.623 8.103 10.113 7.661 1.011 10.068 6.919 10.819 
0.206 10.150 6.687 2.874 1.254 3.325 1.974 9.902 3.230 2.232 8.910 3.701 7.288 4.839 8.910 2.429 9.579 10.670 7.090 6.500 4.173 5.286 4.661 6.894 2.075 8.836 10.010 3.122 4.505 8.413 
10.807 9.424 8.430 12.849 10.704 13.053 9.703 5.921 13.823 12.491 1.698 11.916 3.688 14.684 8.246 12.469 12.468 1.244 13.015 11.533 14.775 5.651 9.326 8.787 11.779 9.063 1.136 11.768 8.626 12.399 
6.394 15.107 11.985 4.990 6.722 5.133 7.861 15.890 3.382 4.903 15.501 6.784 13.838 4.300 14.222 5.191 12.997 17.219 9.603 10.078 2.425 11.761 9.800 11.847 5.899 13.839 16.593 6.651 10.066 11.647 
7.661 16.098 12.854 10.096 8.787 10.616 9.045 14.327 8.604 7.043 10.245 4.505 10.194 11.786 14.638 9.702 16.647 10.701 14.579 13.782 9.265 6.863 11.443 2.679 9.571 14.920 11.627 10.682 10.949 15.644 
9.583 12.688 10.489 12.166 10.032 12.535 9.412 9.697 12.214 10.597 4.327 9.127 5.708 14.150 11.269 11.726 14.847 3.750 14.275 12.952 13.149 4.368 10.359 4.679 11.176 11.914 5.435 11.675 9.624 14.356 
3.586 8.390 5.363 1.913 2.495 1.603 2.781 9.467 4.480 4.914 10.517 7.178 8.466 2.798 7.547 2.004 6.632 12.551 3.603 3.515 4.945 7.826 3.278 10.453 1.749 7.126 11.276 0.573 3.756 5.320 
8.588 3.564 3.358 7.711 7.393 7.372 6.703 6.494 10.262 10.429 10.462 12.273 8.387 8.056 3.747 7.757 1.069 12.525 2.955 2.284 10.738 9.942 4.145 13.997 7.299 2.890 10.504 6.099 4.682 1.019 
5.862 5.523 2.707 7.130 5.242 7.207 4.096 4.228 8.780 7.934 4.775 8.594 2.607 8.756 4.047 6.829 7.062 6.892 6.838 5.392 9.647 4.104 3.067 8.522 6.106 4.438 5.298 5.766 2.380 6.596 
11.273 10.418 9.339 13.434 11.264 13.666 10.310 6.918 14.255 12.854 2.321 12.088 4.463 15.309 9.229 13.040 13.427 0.554 13.873 12.399 15.212 5.933 10.123 8.582 12.364 10.041 2.127 12.435 9.409 13.324 
5.734 15.336 11.913 7.795 6.944 8.323 7.515 14.192 5.945 4.548 11.055 2.053 10.421 9.289 13.951 7.453 15.238 12.000 12.756 12.192 6.507 7.141 10.153 4.462 7.484 14.069 12.426 8.700 9.811 14.102 
4.213 13.972 10.620 3.976 4.918 4.372 6.048 14.190 1.427 2.330 13.135 4.045 11.640 4.500 12.893 3.932 12.516 14.740 9.338 9.399 1.178 9.258 8.433 9.100 4.484 12.659 14.306 5.594 8.516 11.193 
4.581 5.849 2.611 4.398 3.430 4.263 2.635 6.697 6.704 6.543 8.352 8.221 6.201 5.568 4.849 4.271 5.107 10.457 3.485 2.288 7.371 6.532 0.559 10.155 3.646 4.539 8.910 2.729 1.255 4.079 
9.043 12.082 9.846 11.600 9.453 11.960 8.807 9.144 11.728 10.132 3.840 8.773 5.100 13.582 10.655 11.162 14.204 3.554 13.632 12.305 12.671 3.754 9.715 4.575 10.599 11.290 5.026 11.071 8.979 13.709 
8.051 2.946 2.256 7.524 6.893 7.249 6.077 5.476 10.006 9.993 9.329 11.668 7.261 8.147 2.768 7.504 2.102 11.391 3.472 2.328 10.568 8.925 3.407 13.078 6.969 1.970 9.376 5.849 3.829 1.982 
8.257 5.528 4.680 6.802 7.046 6.375 6.640 8.326 9.378 9.847 11.817 11.970 9.672 6.713 5.613 6.953 2.113 13.922 1.420 1.953 9.705 10.689 4.553 14.388 6.652 4.787 12.024 5.395 5.252 0.947 
1.696 9.038 5.579 3.900 1.730 4.239 1.365 8.486 4.734 3.683 7.451 4.569 5.779 5.870 7.715 3.472 8.964 9.272 6.943 6.062 5.666 4.027 3.798 6.527 2.878 7.745 8.518 3.468 3.443 7.924 
3.952 7.054 3.961 3.140 2.738 2.941 2.405 8.072 5.588 5.690 9.433 7.670 7.324 4.193 6.158 3.089 5.681 11.510 3.182 2.546 6.171 7.137 1.897 10.289 2.565 5.770 10.096 1.448 2.450 4.456 
1.580 10.731 7.371 1.381 1.739 1.907 2.889 11.020 1.855 1.968 10.586 4.384 8.849 3.180 9.645 1.029 9.500 12.402 6.561 6.351 2.670 7.060 5.184 8.437 1.297 9.416 11.627 2.528 5.280 8.222 
3.944 7.564 4.318 5.795 3.656 6.015 2.659 6.417 6.972 5.913 5.374 6.375 3.554 7.658 6.126 5.415 8.388 7.328 7.233 5.996 7.894 2.780 3.380 6.703 4.724 6.367 6.341 4.829 2.695 7.615 
10.479 8.548 7.658 12.397 10.285 12.572 9.244 5.041 13.514 12.250 1.546 11.856 3.130 14.188 7.386 12.032 11.635 2.078 12.289 10.801 14.456 5.564 8.672 9.076 11.329 8.211 0.316 11.239 7.992 11.602 
4.220 6.443 3.282 3.759 3.024 3.599 2.423 7.382 6.133 6.091 8.878 7.918 6.747 4.883 5.498 3.663 5.360 10.970 3.269 2.324 6.763 6.802 1.215 10.195 3.076 5.145 9.493 2.074 1.817 4.219 
2.730 12.860 9.391 4.589 3.927 5.117 4.719 12.316 3.003 1.395 10.359 1.176 9.142 6.154 11.576 4.247 12.300 11.795 9.633 9.189 3.784 6.355 7.412 5.948 4.314 11.552 11.620 5.553 7.214 11.101 
9.978 16.897 13.968 12.599 10.963 13.096 10.939 14.531 11.457 9.814 9.649 7.399 10.271 14.428 15.413 12.174 18.099 9.464 16.503 15.502 12.201 7.323 12.973 3.064 11.909 15.855 10.935 12.884 12.362 17.258 
6.640 5.637 3.752 5.373 5.427 4.995 5.002 7.810 7.950 8.295 10.654 10.358 8.487 5.617 5.284 5.472 3.171 12.772 0.970 0.523 8.365 9.192 3.054 12.778 5.105 4.589 11.008 3.856 3.786 1.847 
10.424 4.167 5.170 9.301 9.216 8.909 8.593 7.619 11.879 12.188 12.100 14.130 10.096 9.349 4.940 9.402 0.875 14.113 4.045 3.965 12.269 11.844 6.080 15.935 9.013 4.086 12.002 7.775 6.622 2.084 
2.334 11.021 7.603 5.023 3.280 5.490 3.439 10.044 4.698 3.120 7.849 2.745 6.655 6.958 9.641 4.582 11.106 9.341 8.984 8.183 5.640 3.869 5.932 4.724 4.240 9.755 9.105 5.202 5.529 10.058 
10.341 17.447 14.493 12.934 11.354 13.438 11.373 15.104 11.698 10.075 10.228 7.613 10.843 14.735 15.963 12.515 18.600 10.024 16.947 15.969 12.413 7.870 13.457 3.539 12.276 16.395 11.512 13.277 12.856 17.740 
8.570 2.559 2.572 8.044 7.416 7.763 6.589 5.375 10.531 10.519 9.500 12.178 7.474 8.632 2.627 8.028 1.879 11.536 3.827 2.792 11.088 9.292 3.910 13.498 7.495 1.771 9.472 6.371 4.299 2.110 
2.672 11.913 8.481 5.237 3.789 5.738 4.156 10.961 4.435 2.760 8.599 1.839 7.511 7.085 10.543 4.815 11.877 9.987 9.604 8.894 5.331 4.574 6.741 4.549 4.600 10.640 9.887 5.684 6.379 10.789 
4.916 7.592 4.948 3.191 3.766 2.777 3.776 9.158 5.769 6.293 10.934 8.550 8.805 3.439 6.950 3.352 5.404 13.021 2.232 2.415 6.136 8.658 3.209 11.630 3.128 6.404 11.547 1.899 3.870 4.063 
3.985 10.219 7.267 1.302 3.335 0.839 4.122 11.370 3.408 4.456 12.128 6.985 10.152 0.916 9.433 1.737 8.101 14.103 4.772 5.136 3.548 9.076 5.178 11.023 2.191 8.979 12.978 2.076 5.618 6.752 
6.839 9.525 7.053 9.198 7.010 9.500 6.214 6.974 9.762 8.319 2.755 7.611 2.713 11.147 8.060 8.777 11.406 4.093 10.808 9.469 10.720 1.389 6.886 5.090 8.151 8.625 4.125 8.462 6.148 10.877 
11.157 7.740 7.421 12.854 10.821 12.975 9.725 4.147 14.193 13.037 2.793 12.865 3.685 14.550 6.739 12.519 11.093 3.375 12.134 10.642 15.117 6.623 8.759 10.393 11.801 7.600 1.431 11.564 8.139 11.219 
9.125 6.656 5.615 10.777 8.753 10.899 7.651 3.339 12.153 11.047 2.103 11.047 1.719 12.477 5.409 10.443 9.602 3.876 10.272 8.781 13.071 4.972 6.751 9.157 9.725 6.211 1.747 9.494 6.106 9.552 
3.799 6.598 3.148 4.860 3.017 4.953 1.868 6.283 6.584 5.906 6.619 7.008 4.560 6.531 5.279 4.559 6.862 8.676 5.551 4.325 7.422 4.463 1.722 8.215 3.836 5.311 7.376 3.558 1.115 6.000 
8.252 9.395 7.409 10.500 8.315 10.766 7.426 6.418 11.218 9.810 1.366 9.128 2.440 12.415 7.993 10.093 11.739 2.622 11.566 10.154 12.175 2.897 7.670 6.235 9.438 8.669 2.748 9.624 6.928 11.375 
3.634 13.835 10.390 4.540 4.665 5.035 5.668 13.611 2.209 1.547 11.957 2.312 10.654 5.653 12.633 4.325 12.856 13.428 9.909 9.707 2.656 7.975 8.287 7.389 4.651 12.516 13.197 5.894 8.215 11.586 
8.508 2.521 2.467 8.014 7.359 7.739 6.521 5.284 10.493 10.465 9.391 12.109 7.364 8.627 2.538 7.992 1.988 11.428 3.865 2.795 11.058 9.188 3.838 13.402 7.453 1.688 9.365 6.338 4.215 2.187 
3.618 10.172 7.147 0.935 2.989 0.482 3.815 11.211 3.158 4.126 11.836 6.643 9.880 1.185 9.341 1.369 8.185 13.798 4.906 5.165 3.383 8.738 5.022 10.655 1.842 8.916 12.706 1.866 5.425 6.841 
3.759 6.784 3.521 3.478 2.570 3.375 1.954 7.523 5.770 5.658 8.711 7.450 6.607 4.763 5.774 3.339 5.827 10.786 3.689 2.795 6.437 6.460 1.341 9.757 2.711 5.475 9.387 1.836 1.782 4.691 
6.495 3.889 1.143 6.307 5.380 6.115 4.482 5.288 8.672 8.499 8.199 10.056 6.055 7.253 3.026 6.216 3.653 10.307 3.576 2.089 9.316 7.356 1.788 11.429 5.612 2.595 8.452 4.616 2.158 3.039 
10.471 4.186 4.847 11.466 9.771 11.444 8.622 0.673 13.338 12.549 5.183 13.092 4.265 12.848 3.418 11.225 7.764 6.681 9.405 7.973 14.173 7.570 6.773 11.995 10.513 4.285 4.411 9.918 6.373 8.119 
3.619 12.626 9.373 2.452 3.927 2.772 5.072 13.162 0.836 2.516 12.726 4.929 11.035 2.822 11.638 2.529 10.937 14.486 7.697 7.856 0.598 9.065 7.172 9.722 3.193 11.329 13.798 4.138 7.365 9.602 
4.592 14.702 11.234 6.193 5.780 6.712 6.581 14.019 4.085 2.918 11.608 1.289 10.618 7.503 13.399 5.905 14.149 12.836 11.409 11.027 4.568 7.576 9.274 5.977 6.076 13.398 12.928 7.330 9.062 12.937 
8.274 8.804 6.931 10.416 8.244 10.655 7.301 5.791 11.277 9.926 0.928 9.400 1.899 12.300 7.416 10.021 11.236 2.686 11.197 9.763 12.231 3.110 7.334 6.766 9.348 8.110 2.294 9.453 6.598 10.918 
4.506 5.902 2.640 4.362 3.359 4.238 2.552 6.704 6.652 6.474 8.299 8.140 6.151 5.560 4.886 4.228 5.193 10.403 3.563 2.375 7.326 6.452 0.534 10.067 3.596 4.590 8.868 2.701 1.202 4.167 
8.333 15.745 12.680 10.934 9.347 11.435 9.387 13.625 9.778 8.132 9.103 5.733 9.388 12.752 14.264 10.512 16.709 9.289 14.965 14.018 10.530 6.215 11.536 1.705 10.267 14.645 10.455 11.270 10.959 15.812 
0.413 9.921 6.474 2.394 0.816 2.828 1.759 9.852 3.090 2.371 9.151 4.123 7.447 4.373 8.723 1.948 9.189 10.961 6.619 6.085 4.000 5.639 4.384 7.408 1.557 8.602 10.208 2.618 4.303 7.998 
13.363 10.261 10.110 15.269 13.167 15.431 12.117 6.683 16.395 15.109 4.308 14.590 5.991 17.037 9.364 14.909 13.735 3.300 14.820 13.327 17.340 8.318 11.379 11.317 14.203 10.233 3.174 14.071 10.733 13.901 
5.480 8.272 5.486 7.639 5.457 7.900 4.563 6.242 8.497 7.207 3.631 7.012 2.328 9.549 6.788 7.236 9.799 5.452 9.053 7.732 9.447 1.305 5.136 5.809 6.574 7.246 4.787 6.777 4.401 9.195 
10.251 8.835 7.765 12.243 10.109 12.436 9.092 5.377 13.278 11.979 1.183 11.505 3.037 14.062 7.627 11.868 11.824 1.701 12.346 10.864 14.226 5.216 8.662 8.619 11.172 8.436 0.578 11.135 7.966 11.738 
8.126 12.057 9.570 10.731 8.617 11.113 8.055 9.347 10.734 9.117 4.320 7.695 5.143 12.716 10.598 10.289 13.910 4.461 13.093 11.822 11.669 3.084 9.208 3.572 9.757 11.171 5.627 10.309 8.488 13.322 
9.402 2.158 2.965 9.931 8.515 9.829 7.407 1.611 12.052 11.509 6.533 12.470 4.927 11.102 1.143 9.754 5.500 8.363 7.236 5.853 12.812 7.779 5.121 12.291 9.073 2.010 6.141 8.291 4.917 5.854 
3.327 13.382 9.914 5.215 4.534 5.743 5.280 12.718 3.501 1.980 10.512 0.600 9.406 6.742 12.075 4.878 12.904 11.858 10.263 9.802 4.210 6.482 7.973 5.616 4.948 12.079 11.803 6.185 7.745 11.715 
9.383 15.164 12.427 12.075 10.205 12.537 9.967 12.599 11.366 9.679 7.562 7.555 8.361 14.003 13.687 11.633 16.680 7.310 15.410 14.284 12.207 5.701 11.689 2.485 11.255 14.195 8.819 12.082 11.024 15.945 
6.460 14.138 10.970 9.085 7.462 9.580 7.510 12.267 8.078 6.403 8.220 4.169 8.120 10.933 12.667 8.658 14.911 8.820 13.091 12.168 8.882 4.796 9.719 0.980 8.392 12.992 9.606 9.384 9.167 13.981 
11.372 8.609 8.110 13.212 11.128 13.365 10.063 5.024 14.411 13.178 2.529 12.829 3.939 14.966 7.567 12.859 11.900 2.587 12.801 11.308 15.348 6.540 9.308 10.024 12.149 8.421 1.193 11.996 8.657 11.974 
7.262 13.555 10.622 9.956 8.081 10.414 7.870 11.305 9.343 7.657 6.779 5.711 7.055 11.892 12.071 9.513 14.788 7.136 13.357 12.278 10.212 3.979 9.709 0.903 9.129 12.503 8.144 9.963 9.072 13.988 
6.805 6.538 4.742 5.158 5.614 4.716 5.387 8.808 7.725 8.271 11.557 10.485 9.388 5.058 6.264 5.334 3.659 13.675 0.255 1.512 8.034 9.883 3.827 13.261 5.092 5.545 11.955 3.842 4.571 2.319 
3.659 6.828 3.535 3.470 2.480 3.387 1.830 7.502 5.726 5.578 8.612 7.343 6.514 4.804 5.796 3.314 5.936 10.683 3.824 2.918 6.407 6.331 1.341 9.623 2.671 5.516 9.300 1.852 1.728 4.810 
1.929 11.347 7.987 1.722 2.323 2.238 3.471 11.614 1.248 1.580 11.030 4.114 9.346 3.243 10.260 1.482 10.067 12.803 7.066 6.922 2.109 7.404 5.801 8.455 1.890 10.032 12.104 3.088 5.891 8.778 
5.606 8.717 5.780 6.923 9.486 2.449 10.419 3.996 5.889 9.888 5.246 3.371 5.086 5.143 4.006 8.383 5.290 3.341 9.220 8.654 3.871 5.471 4.778 8.429 5.107 5.429 5.259 7.313 8.626 9.704 
15.236 2.745 5.364 13.784 13.649 9.078 8.282 11.983 12.769 11.840 11.418 13.470 13.383 10.575 14.025 6.371 6.458 12.838 1.415 11.843 6.680 6.304 6.928 13.212 10.839 13.951 6.613 14.566 2.038 14.032 
11.809 2.876 2.820 10.751 11.230 5.681 7.439 8.873 9.678 9.914 8.632 10.001 10.092 7.861 10.560 4.996 3.869 9.511 2.674 9.540 3.265 3.787 4.165 10.602 8.089 10.646 4.031 11.491 2.255 11.595 
7.659 8.090 4.971 9.603 12.143 4.794 12.293 1.914 8.582 12.363 2.597 5.171 7.679 2.452 5.844 10.011 4.058 2.809 8.949 11.210 5.102 4.250 3.495 11.100 2.413 7.956 3.950 9.958 8.297 12.374 
6.817 7.550 4.575 7.816 10.083 2.627 10.194 3.919 6.736 10.187 4.763 4.570 6.136 4.474 5.213 7.992 4.080 3.876 8.115 9.063 3.180 4.259 3.576 9.069 4.502 6.524 4.053 8.279 7.506 10.334 
8.187 7.791 4.689 10.077 12.551 5.136 12.458 2.008 9.044 12.692 2.269 5.698 8.179 1.997 6.370 10.132 3.718 3.216 8.705 11.570 5.219 3.907 3.166 11.518 1.998 8.467 3.598 10.448 8.049 12.790 
7.396 6.757 3.979 7.704 9.600 2.115 9.141 4.989 6.589 9.444 5.616 5.348 6.293 5.193 5.948 6.887 3.755 5.023 7.192 8.422 2.033 3.908 3.352 8.643 5.273 6.753 3.775 8.260 6.609 9.881 
14.116 5.682 7.014 11.683 10.808 8.167 4.770 12.838 10.814 8.689 12.785 12.847 11.830 12.041 13.282 3.321 8.080 13.167 4.450 8.973 6.172 7.993 8.370 10.575 12.257 12.416 8.243 12.503 4.737 11.195 
5.810 10.600 7.480 8.839 11.910 5.465 13.456 1.958 7.992 12.674 3.805 3.383 6.658 4.228 3.975 11.407 6.621 0.308 11.376 11.347 6.729 6.815 6.055 10.811 4.026 6.758 6.520 8.991 10.735 12.070 
4.411 10.639 7.596 7.151 10.248 4.243 12.216 3.487 6.309 11.117 5.230 1.910 4.979 5.474 2.573 10.325 6.925 1.885 11.235 9.756 5.971 7.117 6.371 9.146 5.328 5.103 6.859 7.314 10.624 10.399 
11.023 9.833 9.484 7.344 5.540 6.665 1.626 12.926 6.816 3.249 13.633 10.685 8.340 13.140 10.871 2.323 10.197 12.421 9.003 3.755 6.295 10.216 10.184 5.556 13.254 8.877 10.326 8.144 8.967 5.919 
1.919 12.350 9.486 5.093 8.519 4.645 11.879 6.012 4.506 9.890 7.788 0.735 2.850 8.029 0.545 10.407 9.003 4.201 12.729 8.431 6.947 9.186 8.482 7.423 7.888 2.779 8.966 5.069 12.171 8.598 
10.365 7.804 7.316 7.463 6.687 5.115 3.015 11.103 6.658 4.941 11.662 9.564 7.863 11.121 9.866 1.108 8.040 10.815 7.093 4.867 4.255 8.054 8.045 6.350 11.253 8.442 8.171 8.286 6.979 7.072 
9.152 8.602 5.649 11.510 14.124 6.766 14.067 1.592 10.514 14.331 0.620 6.660 9.510 0.808 7.303 11.712 4.559 3.516 9.666 13.192 6.814 4.722 4.088 13.076 0.582 9.738 4.408 11.822 9.009 14.350 
13.854 2.931 4.705 12.303 12.201 7.691 7.128 11.101 11.292 10.465 10.737 12.173 11.937 9.929 12.706 5.038 5.818 11.784 1.740 10.406 5.323 5.695 6.213 11.743 10.174 12.510 5.981 13.086 1.987 12.583 
7.317 8.093 4.972 9.165 11.698 4.364 11.934 2.199 8.140 11.933 3.038 4.845 7.256 2.892 5.520 9.678 4.126 2.769 8.895 10.772 4.784 4.320 3.559 10.654 2.859 7.545 4.033 9.528 8.249 11.928 
15.118 1.545 3.798 14.836 15.573 9.369 11.389 10.009 13.729 14.250 8.950 12.943 13.860 8.075 13.583 9.101 4.495 11.349 2.661 13.897 7.111 4.300 5.061 14.910 8.367 14.368 4.592 15.527 2.454 15.935 
11.991 11.871 11.602 7.804 5.080 8.432 2.349 14.784 7.566 2.444 15.600 12.039 9.260 15.144 12.128 4.314 12.306 14.120 10.971 3.690 8.344 12.328 12.280 5.515 15.245 9.734 12.433 8.525 10.983 5.402 
12.626 3.678 2.131 13.249 14.734 7.598 12.086 6.683 12.126 13.968 5.529 10.267 11.858 4.655 10.936 9.602 1.826 8.186 4.970 13.276 5.886 1.688 2.266 13.891 4.947 12.294 1.809 13.831 4.377 15.057 
12.067 2.754 0.809 12.229 13.477 6.604 10.596 7.008 11.105 12.586 6.204 9.832 11.015 5.344 10.481 8.115 1.372 8.231 3.869 11.958 4.641 1.182 1.933 12.680 5.618 11.490 1.492 12.859 3.225 13.812 
6.375 11.134 8.016 9.685 12.819 6.414 14.396 1.739 8.873 13.625 3.545 4.069 7.476 4.139 4.594 12.320 7.082 0.694 11.984 12.291 7.587 7.273 6.525 11.718 3.893 7.532 6.966 9.794 11.334 12.970 
7.095 9.585 7.971 4.252 4.721 3.133 5.594 9.475 3.341 4.437 10.514 6.657 4.519 10.196 6.837 4.463 8.281 8.660 9.281 3.372 4.132 8.372 8.056 3.933 10.244 5.093 8.362 5.060 8.963 5.050 
10.039 4.098 1.828 9.699 10.861 4.165 8.499 6.700 8.580 10.050 6.608 8.041 8.655 5.897 8.639 6.018 2.380 7.316 4.506 9.362 2.027 2.405 2.419 10.063 6.096 9.168 2.511 10.362 3.916 11.195 
4.505 13.764 11.631 0.267 3.710 5.850 9.207 10.612 1.338 5.789 12.176 5.787 2.256 12.174 5.490 8.791 11.619 9.064 13.632 4.359 7.954 11.757 11.240 2.735 12.114 2.350 11.651 0.557 13.248 3.687 
7.351 7.581 4.479 8.825 11.206 3.775 11.227 2.922 7.768 11.334 3.617 4.942 7.021 3.338 5.615 8.960 3.736 3.343 8.319 10.210 4.062 3.929 3.178 10.182 3.356 7.357 3.665 9.239 7.680 11.450 
13.966 2.066 4.155 12.693 12.797 7.822 7.957 10.713 11.652 11.162 10.223 12.165 12.181 9.394 12.726 5.794 5.265 11.528 0.897 11.025 5.411 5.124 5.706 12.285 9.650 12.744 5.425 13.459 1.131 13.175 
12.392 9.806 9.896 8.722 6.714 7.785 0.240 13.912 8.204 4.224 14.488 11.973 9.719 13.938 12.186 2.372 10.714 13.539 8.826 5.001 7.077 10.709 10.770 6.843 14.074 10.259 10.854 9.516 8.892 7.081 
8.568 6.432 3.310 9.723 11.836 4.321 11.109 3.533 8.632 11.700 3.575 6.186 8.055 3.014 6.856 8.730 2.492 4.429 7.259 10.686 3.856 2.686 1.930 10.856 3.142 8.432 2.414 10.199 6.609 12.106 
9.702 4.526 2.559 9.093 10.145 3.672 7.828 7.009 7.982 9.306 7.088 7.828 8.163 6.422 8.396 5.361 3.107 7.435 4.737 8.629 1.368 3.142 3.098 9.364 6.602 8.692 3.231 9.778 4.202 10.482 
13.978 1.853 2.655 13.983 14.988 8.411 11.372 8.661 12.865 13.865 7.606 11.744 12.866 6.732 12.394 8.973 3.202 10.028 3.212 13.381 6.285 3.008 3.766 14.256 7.022 13.354 3.286 14.641 2.744 15.337 
