160 30 30
6.189 2.802 7.102 11.682 2.659 8.313 2.824 1.987 8.922 6.317 3.851 3.902 9.581 2.453 9.667 3.421 9.391 8.825 4.384 7.234 9.817 5.520 8.382 3.311 12.423 12.072 11.119 2.956 13.049 8.376 11.138 12.959 11.383 10.316 2.228 5.995 2.261 2.935 10.326 10.791 12.860 4.375 10.682 5.584 13.086 4.409 9.414 12.878 4.799 2.417 2.133 6.927 10.888 13.284 12.764 3.679 9.274 6.717 4.309 10.135 4.266 12.762 2.794 10.853 11.177 6.502 12.070 5.933 12.294 13.067 2.503 10.911 10.272 7.781 11.639 6.185 4.709 7.229 10.695 8.559 4.110 2.707 12.270 12.953 1.983 5.395 12.039 10.540 5.608 6.713 11.729 6.280 10.890 7.593 3.454 8.323 6.780 12.006 12.194 9.120 9.829 2.001 6.199 6.504 7.191 7.058 4.469 1.999 6.466 2.651 10.267 9.928 10.676 2.339 10.060 7.721 3.543 4.677 11.967 11.874 3.634 6.139 2.442 7.852 10.009 13.284 12.083 2.022 2.890 10.295 3.551 11.174 7.789 10.262 3.279 8.138 6.755 9.240 7.878 12.453 2.837 4.529 5.405 7.907 7.543 7.727 7.614 10.466 8.073 4.823 7.897 11.785 10.486 11.787 5.439 11.118 2.353 5.274 10.168 12.718 
50.708 15.403 10.001 81.889 57.587 27.506 39.321 39.393 78.455 14.027 21.784 19.424 56.383 80.687 76.043 73.574 80.742 13.845 22.282 12.954 14.099 78.298 20.420 68.462 51.473 18.121 7.142 41.243 38.562 19.070 
8.069 12.006 30.342 28.383 20.883 19.166 34.999 19.610 32.771 21.727 31.908 34.781 20.652 9.232 23.302 28.760 14.431 16.513 28.228 21.597 29.919 19.339 18.183 10.633 8.796 11.089 9.021 23.003 13.348 13.760 
1034.015 581.055 473.019 1345.835 1187.181 761.540 968.713 958.177 1302.824 589.545 725.127 718.303 1139.482 1371.683 1364.209 1277.292 1385.055 575.968 732.769 529.751 573.536 1391.088 691.104 1189.529 1075.519 651.276 418.137 1003.344 946.918 740.961 
12.468 11.693 10.093 16.946 11.649 12.029 1.573 7.424 13.170 9.458 4.508 11.871 8.823 9.497 5.552 11.190 8.858 18.316 5.776 8.375 1.995 13.666 8.934 16.079 13.140 10.897 6.631 10.591 13.731 9.130 
5.729 8.907 5.140 8.084 7.556 11.107 7.510 4.707 6.322 2.663 4.799 3.101 8.690 5.526 8.839 5.200 0.272 9.733 3.810 0.845 7.882 7.817 2.517 7.034 10.874 4.889 3.597 2.501 8.038 6.977 
16.022 3.341 5.918 14.107 4.775 1.941 9.829 13.171 8.305 12.737 8.114 10.662 1.707 5.122 4.666 6.889 10.050 14.310 10.770 9.571 8.267 7.297 12.384 14.481 3.534 15.013 11.562 9.255 7.146 3.407 
7.391 9.366 6.146 3.077 7.656 12.021 12.381 9.268 4.392 6.410 9.425 2.018 10.817 7.018 12.377 5.152 5.154 4.779 8.821 5.558 12.465 6.203 6.658 2.514 11.024 7.663 8.500 3.438 6.481 8.761 
10.685 4.282 1.563 7.154 2.589 6.921 10.332 9.993 1.682 8.105 7.265 4.153 5.975 2.418 8.321 0.374 5.360 7.654 8.319 5.233 9.719 2.414 8.003 7.504 6.047 10.207 8.580 3.233 2.600 3.954 
14.408 0.515 3.719 11.319 1.905 2.552 10.473 12.432 5.481 11.363 8.020 8.382 2.795 3.218 6.288 4.365 8.526 11.408 10.218 8.156 9.215 4.362 11.105 11.857 2.232 13.625 10.834 7.146 4.210 2.233 
13.693 5.230 5.287 7.044 4.110 7.544 14.218 13.824 2.857 11.635 11.198 6.918 8.287 5.871 11.418 4.357 9.095 6.376 12.282 9.071 13.447 1.691 11.628 8.320 5.900 13.532 12.485 6.693 1.658 6.722 
9.982 8.060 5.713 3.025 6.398 10.716 13.542 11.362 2.822 8.674 10.449 3.746 10.211 6.616 12.455 4.478 6.817 3.478 10.490 7.060 13.300 4.304 8.834 3.998 9.432 10.158 10.361 4.486 4.563 8.203 
14.952 0.625 4.243 11.111 1.948 2.661 11.556 13.276 5.317 12.027 9.036 8.664 3.850 3.941 7.379 4.607 9.176 11.001 11.127 8.852 10.319 3.900 11.804 11.825 1.535 14.261 11.695 7.560 3.695 3.272 
8.151 12.351 9.482 14.251 11.670 13.587 3.248 3.005 11.911 5.553 3.977 9.314 10.377 9.265 8.190 10.218 6.119 15.947 2.421 5.853 4.845 12.973 5.072 13.008 14.167 6.557 2.781 8.452 13.124 9.738 
4.791 12.503 8.999 11.703 11.412 14.296 6.253 0.470 10.628 2.502 5.305 7.184 11.360 9.112 10.121 9.343 4.369 13.581 2.460 4.431 7.514 12.051 2.161 10.228 14.452 3.202 1.531 6.817 12.256 10.140 
10.727 4.857 2.541 6.322 3.149 7.529 11.211 10.495 0.711 8.392 8.122 3.993 6.864 3.392 9.297 1.307 5.776 6.708 8.976 5.738 10.655 2.001 8.349 6.842 6.463 10.392 9.154 3.429 2.252 4.876 
9.595 7.486 5.014 11.897 6.944 8.763 3.940 5.895 7.967 6.167 0.948 6.899 5.633 4.585 4.471 6.021 4.313 13.147 3.460 3.743 3.584 8.622 5.699 11.248 9.287 8.289 4.317 5.495 8.722 4.860 
6.192 8.339 4.531 7.195 6.886 10.668 8.282 5.719 5.358 3.464 5.410 2.139 8.484 5.052 9.047 4.399 1.075 8.775 4.776 1.442 8.493 6.918 3.416 6.287 10.286 5.566 4.615 1.520 7.150 6.638 
13.054 1.868 2.555 10.788 1.909 3.765 9.121 10.928 5.073 9.937 6.555 7.315 2.403 1.855 5.429 3.508 7.121 11.150 8.710 6.722 7.968 4.457 9.659 11.097 3.740 12.210 9.328 5.964 4.392 0.829 
5.527 12.299 8.849 4.000 10.602 14.925 13.428 9.023 7.436 6.075 10.797 4.123 13.427 9.658 14.492 8.008 6.235 6.097 9.391 6.783 13.881 9.250 6.508 2.080 14.018 6.379 8.780 5.617 9.527 11.406 
5.708 11.350 7.894 3.774 9.655 13.972 12.753 8.662 6.535 5.690 10.037 3.179 12.480 8.707 13.607 7.055 5.483 5.849 8.806 6.013 13.125 8.360 6.077 2.051 13.080 6.334 8.264 4.687 8.638 10.455 
9.898 5.039 1.844 6.669 3.365 7.653 10.127 9.382 1.789 7.381 7.026 3.358 6.485 2.754 8.560 0.739 4.690 7.364 7.828 4.618 9.645 3.023 7.304 6.865 6.835 9.451 8.019 2.462 3.242 4.432 
6.653 8.185 4.478 5.728 6.581 10.694 9.722 7.088 4.340 4.537 6.768 0.647 8.911 5.204 9.985 3.932 2.579 7.268 6.282 2.923 9.820 6.070 4.620 4.982 10.058 6.365 6.086 1.072 6.327 6.926 
5.050 10.421 6.802 9.830 9.231 12.387 6.410 2.667 8.336 1.638 4.356 5.041 9.641 7.004 9.019 7.071 2.078 11.598 2.246 2.161 7.200 9.764 1.150 8.552 12.387 3.764 1.688 4.537 9.972 8.201 
6.288 8.674 5.025 8.973 7.455 10.720 6.552 4.351 6.696 2.967 3.829 3.923 8.118 5.255 7.991 5.319 0.761 10.555 3.026 0.427 6.909 8.040 2.655 7.985 10.643 5.248 3.011 3.025 8.239 6.542 
16.251 2.651 5.815 13.682 4.269 0.910 10.701 13.698 7.845 13.045 8.787 10.568 2.386 5.118 5.672 6.639 10.283 13.743 11.339 9.840 9.191 6.657 12.725 14.191 2.484 15.326 12.083 9.237 6.478 3.548 
2.941 11.591 7.785 7.971 10.133 13.884 9.189 4.353 8.226 1.414 7.033 4.160 11.519 8.274 11.482 7.593 3.088 9.944 4.989 3.608 9.966 9.939 1.889 6.385 13.540 2.489 4.236 4.580 10.190 9.787 
10.746 11.483 9.363 15.624 11.188 12.202 0.628 5.695 12.270 7.787 3.466 10.546 8.935 8.891 6.088 10.356 7.431 17.100 4.125 6.992 2.365 12.971 7.266 14.644 13.103 9.171 4.938 9.367 13.067 8.844 
11.622 10.443 8.716 15.622 10.321 10.953 0.872 6.748 11.785 8.463 3.160 10.558 7.704 8.135 4.676 9.807 7.609 16.960 4.800 7.104 0.915 12.296 7.937 14.809 11.963 10.085 5.725 9.248 12.366 7.846 
15.749 1.351 5.045 11.672 2.716 2.325 12.195 14.064 5.940 12.831 9.751 9.419 4.240 4.739 7.805 5.370 9.980 11.446 11.897 9.656 10.902 4.393 12.608 12.467 0.787 15.065 12.479 8.344 4.161 3.966 
8.979 9.606 7.003 13.023 9.042 10.786 2.440 4.464 9.754 5.715 1.188 7.942 7.581 6.659 5.659 7.898 4.874 14.484 2.159 4.405 3.085 10.587 5.192 12.098 11.391 7.497 3.133 6.751 10.708 6.973 
2.922 14.117 10.430 11.414 12.861 16.110 8.492 2.492 11.502 2.727 7.511 7.601 13.320 10.699 12.332 10.541 5.499 13.431 4.700 5.772 9.792 13.106 2.835 9.710 16.087 1.463 3.733 7.691 13.338 11.924 
11.506 5.664 4.243 12.294 5.521 6.615 5.268 8.111 7.480 8.093 3.015 7.637 3.424 3.494 2.898 5.466 5.778 13.231 5.684 5.215 4.157 7.659 7.668 11.986 7.316 10.304 6.519 6.108 7.694 3.034 
1.939 12.591 8.783 8.334 11.121 14.888 9.784 4.489 9.111 1.888 7.828 4.989 12.508 9.278 12.376 8.564 4.077 10.370 5.568 4.582 10.679 10.854 2.414 6.616 14.537 1.784 4.718 5.541 11.109 10.789 
6.733 9.251 5.880 10.495 8.245 11.021 5.110 3.470 7.993 3.314 2.705 5.452 8.134 5.892 7.338 6.419 2.267 12.081 1.576 1.906 5.664 9.184 2.833 9.459 11.191 5.421 1.891 4.486 9.360 6.862 
7.167 9.796 6.555 2.933 8.086 12.450 12.593 9.285 4.814 6.386 9.671 2.277 11.222 7.422 12.728 5.576 5.320 4.761 8.951 5.753 12.727 6.619 6.664 2.142 11.454 7.521 8.586 3.755 6.897 9.169 
7.680 11.486 8.445 1.801 9.776 14.157 14.446 10.688 6.309 7.720 11.583 4.239 13.122 9.329 14.709 7.391 7.134 3.898 10.655 7.608 14.655 7.996 8.081 0.224 13.031 8.396 10.189 5.735 8.266 11.064 
12.261 4.946 4.024 6.364 3.467 7.515 12.912 12.317 1.353 10.131 9.852 5.472 7.642 4.725 10.507 2.962 7.585 6.152 10.811 7.569 12.242 0.954 10.119 7.365 6.093 12.051 10.990 5.183 1.183 5.857 
6.392 8.147 4.346 7.467 6.729 10.439 7.993 5.642 5.376 3.537 5.096 2.393 8.202 4.825 8.719 4.299 0.912 9.010 4.570 1.174 8.176 6.881 3.440 6.598 10.102 5.697 4.467 1.563 7.105 6.380 
11.281 7.312 5.709 13.314 7.171 8.067 3.623 7.285 8.890 7.862 2.002 8.422 4.803 5.049 2.825 6.877 6.016 14.422 4.851 5.442 2.529 9.229 7.381 12.797 8.909 9.934 5.788 6.951 9.280 4.695 
0.964 13.930 10.125 8.490 12.410 16.286 11.148 5.548 10.142 3.331 9.315 5.991 13.980 10.670 13.888 9.803 5.553 10.581 6.952 6.073 12.118 11.936 3.847 6.626 15.858 2.124 6.053 6.783 12.200 12.224 
12.975 1.915 2.473 10.717 1.883 3.845 9.095 10.863 5.009 9.861 6.512 7.233 2.462 1.774 5.450 3.432 7.043 11.087 8.651 6.646 7.955 4.416 9.585 11.019 3.802 12.133 9.264 5.882 4.356 0.817 
5.382 10.403 6.852 10.229 9.271 12.297 5.970 2.471 8.545 2.013 3.999 5.386 9.484 6.996 8.717 7.198 2.316 11.973 1.799 2.295 6.790 9.919 1.499 8.978 12.363 4.031 1.294 4.786 10.119 8.116 
10.439 7.084 5.029 12.391 6.727 8.155 3.965 6.687 8.134 7.011 1.481 7.470 4.958 4.465 3.627 6.138 5.063 13.544 4.241 4.488 3.232 8.611 6.545 11.843 8.807 9.136 5.128 6.011 8.686 4.435 
10.431 8.695 6.542 2.518 7.069 11.326 14.408 12.094 3.528 9.346 11.318 4.485 10.980 7.439 13.299 5.296 7.616 2.623 11.304 7.882 14.175 4.811 9.536 3.872 9.961 10.717 11.143 5.329 5.052 8.992 
12.455 4.520 3.912 12.330 4.641 5.326 6.451 9.322 7.116 9.082 4.300 7.976 2.153 3.035 2.870 5.166 6.574 13.073 6.915 6.041 5.179 6.998 8.689 12.225 6.078 11.332 7.716 6.447 6.991 2.003 
11.500 7.835 6.310 13.857 7.747 8.466 3.145 7.303 9.488 8.101 2.123 8.930 5.198 5.645 2.795 7.475 6.416 14.993 4.906 5.847 1.937 9.826 7.606 13.299 9.385 10.109 5.868 7.477 9.875 5.239 
1.067 13.780 9.983 9.580 12.359 16.000 9.904 4.133 10.471 2.435 8.334 6.363 13.483 10.419 13.045 9.845 5.126 11.641 5.777 5.568 10.989 12.197 2.877 7.793 15.739 0.640 4.831 6.839 12.449 11.855 
10.152 9.770 7.574 14.095 9.413 10.655 1.399 5.460 10.510 6.922 1.712 9.019 7.393 7.104 4.964 8.580 6.025 15.488 3.308 5.530 1.907 11.182 6.398 13.237 11.446 8.645 4.267 7.754 11.277 7.122 
10.299 5.092 2.524 10.349 4.387 6.789 6.430 7.697 5.672 6.995 3.512 5.759 4.091 2.016 4.795 3.660 4.351 11.304 5.459 3.846 5.705 6.111 6.650 10.077 6.992 9.273 6.089 4.224 6.194 2.620 
4.515 10.126 6.331 6.598 8.591 12.530 9.462 5.578 6.482 2.702 6.869 2.397 10.415 6.927 10.872 5.986 2.345 8.465 5.484 2.918 9.941 8.220 2.957 5.254 12.045 4.253 4.979 2.963 8.476 8.552 
14.920 0.933 4.272 11.927 2.513 1.960 10.563 12.798 6.089 11.832 8.237 8.968 2.565 3.709 6.125 4.966 9.008 11.994 10.540 8.618 9.232 4.925 11.558 12.469 1.974 14.102 11.191 7.709 4.760 2.498 
6.295 10.556 7.228 11.369 9.586 12.238 4.811 2.215 9.280 3.092 3.234 6.437 9.256 7.221 8.054 7.755 3.256 13.064 0.597 3.054 5.762 10.516 2.566 10.166 12.483 4.820 0.600 5.657 10.696 8.114 
11.082 4.375 2.286 6.784 2.668 7.047 11.109 10.657 1.029 8.652 8.042 4.393 6.445 3.084 8.978 1.150 5.973 7.106 9.048 5.891 10.482 1.740 8.584 7.325 5.988 10.696 9.276 3.706 1.962 4.484 
1.254 14.912 11.127 10.606 13.517 17.089 10.339 4.370 11.670 3.427 9.077 7.561 14.494 11.532 13.858 11.024 6.225 12.686 6.372 6.633 11.558 13.394 3.790 8.769 16.876 1.149 5.398 8.026 13.646 12.925 
5.761 8.869 5.100 8.056 7.515 11.072 7.528 4.750 6.278 2.704 4.806 3.067 8.662 5.490 8.827 5.156 0.260 9.701 3.842 0.836 7.890 7.772 2.561 7.014 10.835 4.928 3.635 2.457 7.993 6.945 
10.447 4.562 1.716 6.909 2.868 7.201 10.358 9.856 1.574 7.910 7.275 3.883 6.215 2.600 8.490 0.461 5.192 7.457 8.234 5.091 9.790 2.534 7.822 7.232 6.323 9.993 8.466 3.007 2.739 4.184 
5.947 10.039 6.516 4.162 8.360 12.639 11.615 8.008 5.423 5.086 8.800 1.778 11.082 7.316 12.229 5.729 4.301 6.065 7.818 4.793 11.884 7.262 5.383 2.924 11.813 6.218 7.387 3.284 7.538 9.062 
13.875 2.375 3.747 12.105 3.121 3.146 8.752 11.306 6.404 10.639 6.526 8.465 1.090 2.921 4.432 4.798 7.900 12.480 8.972 7.443 7.415 5.715 10.313 12.365 3.772 12.920 9.690 7.047 5.626 1.198 
15.784 1.910 5.196 11.170 2.767 3.160 12.838 14.387 5.572 12.985 10.283 9.291 5.061 5.041 8.616 5.310 10.140 10.817 12.295 9.859 11.605 3.886 12.795 12.079 1.396 15.185 12.824 8.332 3.630 4.545 
5.931 13.111 9.789 13.055 12.155 14.710 5.520 0.911 11.689 3.879 5.297 8.439 11.641 9.790 9.985 10.267 5.467 14.909 2.594 5.422 6.986 13.015 3.515 11.602 15.027 4.343 2.033 7.937 13.205 10.631 
8.209 7.556 4.316 4.421 5.852 10.200 11.251 9.016 2.826 6.435 8.190 1.489 8.993 5.200 10.709 3.311 4.422 5.620 8.094 4.667 11.132 4.663 6.542 4.320 9.264 8.131 7.971 2.126 4.937 6.935 
12.281 2.916 2.272 10.773 2.672 4.596 8.113 9.938 5.280 9.083 5.507 6.891 2.424 1.379 4.795 3.451 6.311 11.329 7.688 5.873 7.022 5.015 8.778 10.898 4.765 11.364 8.330 5.447 5.002 0.426 
1.314 14.199 10.404 8.263 12.650 16.594 11.702 6.113 10.252 3.858 9.825 6.121 14.358 10.982 14.359 10.021 5.951 10.361 7.501 6.486 12.654 12.064 4.378 6.366 16.112 2.666 6.608 7.019 12.332 12.567 
13.002 11.421 10.040 17.150 11.475 11.620 2.036 8.005 13.174 9.923 4.685 12.092 8.456 9.398 5.080 11.175 9.153 18.458 6.241 8.648 1.823 13.577 9.397 16.351 12.799 11.441 7.130 10.765 13.629 8.907 
14.995 2.409 4.703 9.936 2.367 4.340 12.978 13.978 4.457 12.353 10.243 8.363 5.715 4.773 9.179 4.536 9.543 9.544 12.013 9.322 11.878 2.689 12.208 10.908 2.656 14.499 12.458 7.544 2.421 4.740 
11.927 11.014 9.219 2.493 9.486 13.559 17.064 14.344 6.086 11.467 13.990 6.891 13.542 10.105 15.990 7.966 10.092 0.410 13.795 10.417 16.878 7.012 11.731 4.427 12.033 12.505 13.543 7.939 7.206 11.599 
11.169 5.801 4.031 5.312 4.180 8.441 12.652 11.540 0.787 9.203 9.550 4.402 8.182 4.863 10.763 2.804 6.799 5.377 10.208 6.857 12.138 2.024 9.233 6.197 7.135 11.037 10.295 4.337 2.292 6.257 
14.161 1.059 3.558 11.459 2.112 2.675 9.935 12.026 5.642 11.058 7.523 8.293 2.290 2.949 5.748 4.346 8.238 11.644 9.780 7.843 8.665 4.674 10.782 11.910 2.686 13.330 10.421 6.996 4.546 1.748 
4.428 10.910 7.204 5.505 9.287 13.424 10.946 6.751 6.682 3.781 8.353 2.600 11.545 7.905 12.247 6.629 3.806 7.498 6.923 4.370 11.428 8.504 4.156 3.947 12.766 4.693 6.351 3.771 8.775 9.602 
10.339 9.200 7.097 13.857 8.878 10.068 1.834 5.804 10.090 7.040 1.392 8.798 6.806 6.593 4.450 8.137 5.901 15.193 3.531 5.379 1.781 10.701 6.521 13.071 10.866 8.866 4.506 7.480 10.789 6.555 
16.402 1.874 5.680 12.514 3.452 1.612 12.310 14.517 6.769 13.416 10.017 10.168 4.119 5.276 7.656 6.109 10.571 12.283 12.291 10.218 10.935 5.236 13.171 13.293 0.250 15.668 12.918 9.043 5.004 4.261 
1.704 13.759 9.973 7.784 12.196 16.176 11.617 6.172 9.755 3.724 9.627 5.633 13.992 10.570 14.094 9.560 5.620 9.881 7.402 6.168 12.508 11.571 4.250 5.900 15.664 2.854 6.541 6.571 11.840 12.175 
10.853 4.275 1.822 7.028 2.566 6.933 10.626 10.256 1.433 8.327 7.560 4.254 6.125 2.650 8.554 0.669 5.604 7.460 8.604 5.493 10.003 2.138 8.237 7.452 5.987 10.408 8.854 3.420 2.334 4.127 
8.702 6.230 2.733 6.026 4.578 8.811 9.963 8.529 2.480 6.324 6.859 2.139 7.391 3.591 9.082 1.920 3.786 7.041 7.213 3.836 9.694 4.074 6.298 5.937 8.054 8.320 7.273 1.363 4.319 5.339 
10.413 10.760 8.595 14.937 10.433 11.555 0.568 5.477 11.507 7.334 2.701 9.856 8.286 8.128 5.601 9.589 6.778 16.385 3.650 6.318 2.038 12.203 6.809 14.001 12.407 8.860 4.534 8.648 12.300 8.116 
11.109 8.745 6.977 14.160 8.571 9.431 2.195 6.657 10.083 7.768 1.854 9.147 6.162 6.382 3.605 8.090 6.403 15.402 4.347 5.855 1.321 10.547 7.256 13.476 10.329 9.659 5.323 7.758 10.614 6.125 
12.666 6.022 5.344 13.570 6.232 6.419 5.178 8.963 8.585 9.239 3.686 8.958 3.157 4.514 1.574 6.593 7.047 14.444 6.517 6.478 3.730 8.570 8.790 13.301 7.430 11.404 7.420 7.427 8.570 3.588 
7.653 6.960 3.191 6.607 5.416 9.415 8.974 7.229 3.777 5.075 5.913 1.798 7.571 3.878 8.744 2.838 2.486 7.898 5.976 2.562 8.878 5.306 5.021 6.133 8.870 7.143 5.991 0.270 5.538 5.590 
14.169 3.702 4.637 8.400 2.863 5.937 13.428 13.705 3.281 11.788 10.516 7.404 6.883 5.009 10.169 4.039 9.077 7.917 11.940 8.951 12.502 1.457 11.709 9.492 4.294 13.829 12.265 6.843 1.195 5.516 
10.135 7.122 4.902 12.128 6.689 8.289 4.041 6.446 7.962 6.706 1.332 7.187 5.124 4.384 3.934 5.979 4.749 13.307 4.005 4.174 3.433 8.499 6.243 11.556 8.881 8.841 4.874 5.739 8.583 4.478 
5.223 10.784 7.197 4.532 9.117 13.363 11.709 7.709 6.237 4.743 9.007 2.439 11.698 7.967 12.668 6.471 4.448 6.537 7.769 4.984 12.095 8.075 5.102 2.999 12.580 5.624 7.246 3.859 8.351 9.702 
9.962 9.900 7.632 14.034 9.510 10.825 1.420 5.245 10.534 6.752 1.728 8.955 7.566 7.184 5.180 8.618 5.930 15.450 3.119 5.446 2.108 11.240 6.227 13.149 11.593 8.450 4.071 7.713 11.340 7.251 
13.420 8.434 7.727 15.665 8.728 8.436 3.758 9.003 10.969 10.044 4.052 10.821 5.325 6.944 1.882 8.957 8.398 16.691 6.698 7.828 2.011 11.050 9.541 15.199 9.681 11.992 7.673 9.336 11.058 6.079 
3.881 12.468 8.803 5.576 10.821 15.011 12.221 7.464 8.006 4.574 9.790 4.105 13.177 9.523 13.833 8.164 5.312 7.670 8.077 5.886 12.834 9.845 5.047 3.714 14.295 4.693 7.380 5.384 10.121 11.229 
8.072 12.071 9.193 14.012 11.384 13.326 3.169 2.947 11.627 5.389 3.711 9.061 10.123 8.978 7.990 9.930 5.861 15.696 2.159 5.585 4.713 12.685 4.899 12.789 13.892 6.482 2.579 8.181 12.835 9.462 
10.278 4.252 0.458 8.378 2.889 6.630 8.665 8.833 3.348 7.342 5.624 4.420 4.925 1.130 6.796 1.333 4.492 9.129 6.940 4.209 8.028 3.916 7.142 8.406 6.206 9.567 7.326 3.047 4.041 2.881 
13.253 2.576 3.215 11.654 2.955 3.729 8.381 10.724 6.028 10.019 6.028 7.893 1.471 2.356 4.398 4.324 7.278 12.107 8.409 6.822 7.122 5.501 9.696 11.851 4.189 12.301 9.109 6.458 5.440 0.605 
3.496 11.459 7.710 9.179 10.129 13.587 7.878 3.012 8.693 0.090 5.940 4.885 10.993 8.058 10.574 7.746 2.762 11.089 3.661 3.130 8.758 10.292 0.504 7.687 13.428 2.366 2.856 4.876 10.525 9.417 
2.137 12.396 8.589 8.337 10.935 14.683 9.584 4.352 8.971 1.684 7.608 4.864 12.291 9.075 12.151 8.389 3.861 10.359 5.367 4.362 10.466 10.703 2.210 6.646 14.345 1.836 4.528 5.370 10.957 10.578 
11.529 5.063 3.540 6.050 3.453 7.701 12.335 11.581 0.601 9.379 9.254 4.739 7.505 4.318 10.188 2.381 6.844 6.086 10.112 6.841 11.733 1.346 9.369 6.888 6.406 11.302 10.269 4.433 1.623 5.618 
15.197 2.381 4.913 13.052 3.730 1.932 9.695 12.586 7.250 11.964 7.691 9.670 1.372 4.151 4.868 5.849 9.223 13.262 10.227 8.768 8.237 6.274 11.636 13.440 3.032 14.246 10.970 8.290 6.133 2.497 
12.926 8.156 7.270 15.146 8.364 8.318 3.569 8.577 10.506 9.541 3.549 10.290 5.138 6.506 1.900 8.491 7.864 16.191 6.241 7.293 1.864 10.640 9.041 14.667 9.483 11.512 7.214 8.808 10.657 5.731 
16.840 2.381 6.133 12.579 3.804 2.108 12.985 15.094 6.926 13.911 10.662 10.495 4.802 5.798 8.334 6.453 11.061 12.234 12.894 10.729 11.618 5.288 13.682 13.449 0.462 16.150 13.501 9.434 5.037 4.888 
14.802 1.005 4.177 11.915 2.504 2.048 10.391 12.644 6.079 11.701 8.069 8.891 2.413 3.590 5.968 4.906 8.881 12.012 10.381 8.485 9.062 4.961 11.423 12.431 2.145 13.973 11.037 7.616 4.803 2.338 
10.205 7.574 5.418 12.558 7.186 8.643 3.528 6.295 8.471 6.786 1.026 7.581 5.435 4.894 3.885 6.491 5.012 13.771 3.849 4.443 2.953 9.015 6.305 11.937 9.302 8.863 4.762 6.158 9.098 4.925 
12.596 2.970 2.653 8.124 1.405 5.617 11.491 11.788 2.318 10.010 8.546 5.978 5.591 3.075 8.579 2.175 7.233 8.149 9.970 7.061 10.635 1.228 9.891 8.837 4.418 12.125 10.321 5.152 1.199 3.887 
2.007 12.533 8.727 8.466 11.078 14.812 9.598 4.298 9.125 1.708 7.664 5.018 12.405 9.207 12.230 8.535 3.978 10.493 5.383 4.472 10.502 10.856 2.233 6.763 14.484 1.688 4.528 5.518 11.109 10.702 
2.910 14.242 10.554 11.487 12.984 16.234 8.579 2.579 11.615 2.843 7.624 7.705 13.443 10.823 12.446 10.661 5.621 13.508 4.809 5.896 9.890 13.223 2.957 9.774 16.211 1.492 3.844 7.806 13.455 12.049 
11.764 7.396 5.928 4.223 5.885 9.950 14.431 12.840 2.684 10.275 11.321 5.314 10.001 6.762 12.659 4.693 8.166 3.713 11.739 8.320 13.987 3.395 10.388 5.610 8.468 11.876 11.720 5.717 3.595 8.121 
12.507 5.756 5.016 13.258 5.923 6.260 5.348 8.910 8.256 9.084 3.662 8.673 2.991 4.186 1.862 6.266 6.831 14.121 6.464 6.266 3.960 8.246 8.645 13.007 7.210 11.269 7.349 7.140 8.249 3.286 
11.071 4.404 2.313 6.752 2.698 7.077 11.129 10.661 0.997 8.649 8.061 4.377 6.478 3.113 9.008 1.169 5.974 7.073 9.058 5.895 10.506 1.739 8.582 7.296 6.013 10.689 9.283 3.701 1.964 4.516 
3.577 14.570 10.935 12.189 13.367 16.484 8.307 2.380 12.146 3.374 7.618 8.305 13.617 11.154 12.431 11.110 6.049 14.201 4.770 6.270 9.701 13.717 3.399 10.488 16.535 2.214 3.843 8.319 13.944 12.306 
11.703 3.885 2.437 7.207 2.209 6.554 11.361 11.171 1.368 9.234 8.330 5.020 6.197 3.115 8.924 1.527 6.521 7.376 9.490 6.409 10.646 1.240 9.151 7.850 5.417 11.298 9.760 4.306 1.420 4.318 
7.020 8.196 4.627 4.990 6.538 10.772 10.462 7.816 3.926 5.182 7.480 0.232 9.203 5.429 10.505 3.885 3.352 6.497 7.055 3.688 10.511 5.725 5.306 4.375 10.010 6.881 6.849 1.510 5.992 7.177 
3.397 14.877 11.220 12.221 13.652 16.816 8.689 2.767 12.354 3.575 7.997 8.462 13.968 11.458 12.812 11.364 6.310 14.250 5.150 6.555 10.088 13.948 3.647 10.490 16.843 2.156 4.218 8.537 14.178 12.635 
10.410 8.189 6.140 13.202 7.869 9.120 2.822 6.214 9.193 7.023 1.031 8.192 5.872 5.602 3.867 7.215 5.490 14.452 3.805 4.934 2.276 9.734 6.523 12.527 9.870 9.008 4.763 6.801 9.814 5.542 
11.244 4.395 2.506 6.718 2.701 7.067 11.347 10.884 0.899 8.854 8.283 4.526 6.574 3.284 9.166 1.391 6.191 6.973 9.287 6.118 10.711 1.527 8.793 7.322 5.952 10.882 9.509 3.899 1.761 4.637 
8.796 11.692 8.919 0.901 10.001 14.361 15.408 11.810 6.445 8.846 12.488 5.084 13.575 9.822 15.383 7.785 8.118 2.879 11.698 8.565 15.538 7.994 9.196 1.208 13.118 9.540 11.268 6.510 8.252 11.522 
10.174 5.289 2.686 10.403 4.584 6.962 6.254 7.513 5.807 6.855 3.319 5.759 4.221 2.207 4.776 3.800 4.241 11.390 5.265 3.725 5.560 6.283 6.501 10.094 7.185 9.129 5.903 4.225 6.369 2.803 
4.642 12.603 9.033 4.882 10.926 15.193 12.977 8.325 7.918 5.418 10.464 4.274 13.520 9.800 14.365 8.291 5.933 6.981 8.867 6.500 13.529 9.751 5.880 2.969 14.379 5.542 8.198 5.681 10.029 11.532 
13.506 5.370 5.368 13.797 5.837 5.475 6.154 9.956 8.545 10.090 4.699 9.390 2.262 4.478 1.497 6.618 7.759 14.530 7.510 7.202 4.623 8.308 9.660 13.670 6.610 12.291 8.396 7.857 8.276 3.200 
15.231 1.151 4.566 11.046 2.176 2.872 12.076 13.692 5.316 12.365 9.529 8.841 4.366 4.343 7.904 4.806 9.515 10.838 11.573 9.212 10.849 3.771 12.158 11.843 1.407 14.584 12.120 7.803 3.543 3.783 
12.642 11.922 10.346 17.194 11.892 12.228 1.796 7.579 13.425 9.658 4.760 12.118 9.032 9.747 5.728 11.445 9.097 18.568 5.980 8.617 2.227 13.917 9.135 16.319 13.356 11.067 6.823 10.843 13.981 9.366 
9.093 6.313 3.157 5.384 4.610 8.955 10.800 9.268 1.866 6.939 7.694 2.325 7.825 4.060 9.745 2.081 4.533 6.265 8.030 4.629 10.503 3.625 6.957 5.514 8.036 8.838 8.057 2.064 3.890 5.768 
11.189 8.329 6.624 13.944 8.174 9.018 2.614 6.860 9.757 7.818 1.833 8.961 5.749 6.007 3.296 7.756 6.306 15.146 4.499 5.748 1.606 10.180 7.313 13.310 9.910 9.767 5.471 7.545 10.242 5.713 
11.603 6.564 5.068 4.786 5.023 9.149 13.666 12.337 1.826 9.880 10.560 4.960 9.121 5.890 11.783 3.844 7.617 4.528 11.115 7.724 13.174 2.590 9.952 5.957 7.720 11.598 11.152 5.148 2.813 7.237 
8.235 6.591 2.973 6.084 4.967 9.138 9.688 8.065 2.961 5.835 6.599 1.794 7.570 3.782 9.075 2.312 3.323 7.229 6.807 3.403 9.496 4.562 5.812 5.837 8.445 7.834 6.834 0.877 4.806 5.533 
12.813 7.027 6.271 14.346 7.252 7.272 4.400 8.783 9.516 9.389 3.526 9.607 4.052 5.471 1.298 7.509 7.431 15.300 6.364 6.856 2.826 9.567 8.913 13.977 8.380 11.473 7.311 8.093 9.574 4.611 
6.242 9.626 6.173 10.337 8.566 11.451 5.424 3.111 8.125 2.829 3.170 5.343 8.598 6.242 7.833 6.635 2.141 11.981 1.562 1.897 6.076 9.389 2.342 9.227 11.576 4.926 1.604 4.503 9.575 7.280 
10.110 11.881 9.446 0.997 10.234 14.521 16.440 13.059 6.663 10.106 13.461 6.072 14.026 10.355 16.076 8.247 9.205 1.761 12.842 9.619 16.474 8.009 10.438 2.524 13.156 10.854 12.456 7.399 8.246 11.998 
10.847 8.848 6.860 2.584 7.254 11.457 14.835 12.557 3.764 9.805 11.741 4.947 11.232 7.748 13.630 5.608 8.074 2.318 11.760 8.335 14.578 4.906 9.997 4.113 10.040 11.158 11.604 5.774 5.133 9.265 
5.711 8.826 5.018 6.996 7.347 11.178 8.567 5.602 5.632 3.147 5.773 2.051 9.012 5.564 9.538 4.815 1.255 8.661 4.893 1.750 8.862 7.256 3.171 5.971 10.766 5.160 4.625 1.837 7.496 7.163 
13.508 2.781 3.525 8.584 1.676 5.274 12.238 12.718 2.953 10.949 9.349 6.842 5.797 3.828 9.005 3.115 8.174 8.389 10.870 7.998 11.299 1.301 10.832 9.453 3.854 13.058 11.241 6.077 1.081 4.332 
14.174 3.424 4.566 13.040 4.231 3.510 8.096 11.220 7.421 10.850 6.187 9.154 0.250 3.678 3.402 5.708 8.222 13.501 8.819 7.721 6.642 6.819 10.482 13.196 4.554 13.119 9.611 7.679 6.736 1.956 
6.384 10.214 6.813 3.500 8.515 12.845 12.262 8.668 5.390 5.734 9.418 2.202 11.436 7.646 12.730 5.931 4.950 5.437 8.489 5.428 12.498 7.219 6.044 2.279 11.933 6.767 8.061 3.737 7.497 9.398 
7.664 7.326 3.738 5.531 5.682 9.890 10.035 7.924 3.327 5.496 6.986 1.039 8.327 4.545 9.736 3.024 3.249 6.835 6.890 3.457 9.957 5.054 5.539 5.138 9.160 7.376 6.808 0.902 5.312 6.295 
11.898 3.919 2.810 11.256 3.719 5.268 7.053 9.182 6.014 8.598 4.522 7.019 2.494 1.932 3.972 4.063 5.938 11.971 6.859 5.444 5.962 5.961 8.248 11.207 5.684 10.875 7.567 5.507 5.971 1.271 
6.509 11.665 8.374 2.957 9.955 14.317 13.686 9.650 6.647 6.678 10.921 3.813 13.020 9.223 14.337 7.432 6.389 5.055 9.775 6.902 14.008 8.426 7.067 1.098 13.317 7.245 9.248 5.348 8.703 10.974 
6.534 12.165 8.954 12.877 11.278 13.692 4.581 1.427 11.049 3.959 4.222 8.069 10.595 8.891 8.902 9.519 4.951 14.650 1.622 4.805 5.966 12.283 3.501 11.543 14.062 4.943 1.397 7.393 12.459 9.647 
10.202 6.816 4.501 4.273 5.141 9.480 12.651 10.982 1.566 8.476 9.541 3.543 8.950 5.394 11.268 3.252 6.293 4.662 9.866 6.444 12.297 3.186 8.562 5.034 8.248 10.181 9.846 3.841 3.458 6.950 
1.611 13.097 9.293 8.011 11.578 15.456 10.636 5.266 9.350 2.740 8.657 5.197 13.173 9.841 13.162 8.975 4.755 10.083 6.420 5.287 11.526 11.134 3.266 6.207 15.025 2.174 5.566 5.953 11.397 11.402 
4.839 12.797 9.306 11.973 11.717 14.569 6.298 0.311 10.945 2.752 5.500 7.487 11.614 9.411 10.305 9.658 4.686 13.862 2.650 4.746 7.613 12.367 2.441 10.477 14.744 3.245 1.762 7.133 12.572 10.420 
0.818 15.010 11.211 10.269 13.577 17.237 10.803 4.862 11.598 3.642 9.437 7.460 14.709 11.654 14.191 11.045 6.363 12.359 6.781 6.802 11.985 13.348 4.053 8.406 16.967 1.450 5.812 8.028 13.605 13.091 
11.680 10.710 8.972 15.825 10.588 11.207 0.783 6.758 12.032 8.557 3.371 10.755 7.961 8.397 4.899 10.058 7.780 17.178 4.881 7.283 1.138 12.556 8.031 14.990 12.226 10.133 5.790 9.459 12.626 8.113 
11.279 10.048 8.239 15.130 9.881 10.645 0.968 6.484 11.295 8.075 2.665 10.068 7.384 7.672 4.501 9.321 7.138 16.462 4.438 6.627 0.886 11.825 7.550 14.328 11.605 9.757 5.382 8.752 11.899 7.435 
7.577 8.717 5.540 10.899 7.827 10.362 4.565 4.089 7.937 4.156 1.904 5.820 7.399 5.433 6.494 6.225 2.762 12.390 1.838 2.279 4.937 8.985 3.677 9.979 10.629 6.260 2.473 4.680 9.140 6.243 
2.655 13.571 9.859 10.794 12.286 15.609 8.439 2.510 10.864 2.103 7.226 6.949 12.874 10.155 12.032 9.934 4.914 12.801 4.478 5.216 9.653 12.480 2.263 9.111 15.541 1.070 3.502 7.061 12.714 11.424 
10.212 8.042 5.799 3.063 6.394 10.690 13.719 11.589 2.828 8.907 10.622 3.975 10.258 6.697 12.555 4.555 7.032 3.367 10.700 7.268 13.456 4.234 9.065 4.138 9.375 10.394 10.579 4.686 4.488 8.261 
9.170 11.397 8.823 14.411 10.870 12.450 1.890 4.130 11.505 6.256 2.989 9.365 9.204 8.489 6.828 9.689 6.182 15.984 2.650 5.804 3.434 12.398 5.740 13.325 13.147 7.595 3.394 8.311 12.524 8.754 
10.533 5.842 3.719 11.434 5.394 7.157 5.307 7.350 6.881 7.133 2.579 6.684 4.117 3.123 3.886 4.869 4.765 12.461 4.970 4.205 4.500 7.281 6.724 11.050 7.637 9.366 5.739 5.165 7.349 3.210 
3.154 14.524 10.853 11.845 13.285 16.488 8.590 2.610 11.959 3.181 7.765 8.063 13.666 11.105 12.586 10.982 5.933 13.869 4.930 6.190 9.945 13.557 3.268 10.125 16.492 1.815 3.979 8.145 13.788 12.304 
10.063 7.837 5.622 12.632 7.429 8.913 3.310 6.070 8.643 6.652 0.784 7.629 5.703 5.122 4.065 6.675 4.979 13.878 3.628 4.416 2.849 9.225 6.164 11.972 9.571 8.701 4.555 6.231 9.313 5.189 
4.287 10.888 7.190 9.445 9.621 12.944 7.144 2.768 8.440 0.860 5.138 4.862 10.281 7.472 9.779 7.335 2.273 11.285 2.941 2.534 7.976 9.960 0.431 8.065 12.859 3.068 2.227 4.603 10.182 8.762 
10.274 7.153 5.011 12.288 6.757 8.267 3.950 6.533 8.091 6.846 1.355 7.351 5.083 4.472 3.792 6.102 4.912 13.460 4.088 4.337 3.291 8.603 6.379 11.721 8.893 8.971 4.970 5.901 8.682 4.505 
0.437 14.126 10.317 9.071 12.642 16.431 10.826 5.102 10.506 3.153 9.137 6.355 14.034 10.820 13.784 10.064 5.608 11.158 6.666 6.099 11.865 12.280 3.645 7.220 16.068 1.590 5.737 7.037 12.541 12.329 
9.071 5.475 1.700 8.094 4.128 7.775 8.064 7.656 3.863 6.099 4.957 3.599 5.758 2.162 7.046 2.085 3.250 9.115 5.880 2.978 7.663 4.850 5.901 7.846 7.437 8.329 6.187 2.092 5.018 3.808 
12.661 9.872 8.604 16.010 9.951 10.110 2.150 7.911 11.782 9.408 3.674 11.005 6.922 7.924 3.630 9.770 8.236 17.222 5.818 7.697 0.611 12.102 8.886 15.335 11.257 11.154 6.775 9.609 12.144 7.367 
11.479 12.057 9.998 2.149 10.480 14.640 17.448 14.316 6.985 11.380 14.420 7.117 14.449 10.899 16.732 8.759 10.303 1.002 13.980 10.682 17.381 8.079 11.692 3.891 13.161 12.201 13.644 8.331 8.289 12.464 
14.309 7.372 7.329 15.620 7.917 7.057 5.268 10.177 10.549 10.888 4.980 10.991 4.115 6.467 0.584 8.583 8.922 16.467 7.786 8.347 3.532 10.383 10.408 15.344 8.426 12.954 8.746 9.465 10.354 5.279 
7.842 9.321 6.237 2.683 7.609 11.987 12.767 9.748 4.235 6.896 9.784 2.402 10.914 7.126 12.599 5.182 5.580 4.310 9.262 5.965 12.806 6.011 7.140 2.410 10.927 8.142 8.960 3.741 6.287 8.856 
8.413 10.594 7.738 1.187 8.893 13.267 14.323 10.983 5.368 8.050 11.368 3.962 12.401 8.639 14.194 6.619 7.071 3.166 10.707 7.492 14.403 6.998 8.358 1.301 12.079 8.980 10.332 5.349 7.263 10.346 
14.957 1.848 4.531 12.564 3.210 1.937 9.881 12.514 6.749 11.769 7.737 9.290 1.668 3.818 5.231 5.408 8.994 12.745 10.189 8.559 8.477 5.741 11.459 12.990 2.696 14.050 10.899 7.942 5.597 2.268 
13.081 2.821 3.105 8.368 1.470 5.407 11.875 12.278 2.640 10.507 8.961 6.437 5.670 3.455 8.784 2.673 7.731 8.275 10.442 7.556 10.973 1.189 10.389 9.165 4.093 12.620 10.805 5.643 1.049 4.091 
9.976 6.812 4.467 11.702 6.308 8.096 4.466 6.493 7.513 6.550 1.610 6.785 4.991 3.976 4.141 5.532 4.452 12.864 4.077 3.876 3.884 8.069 6.105 11.159 8.608 8.727 4.896 5.322 8.158 4.183 
4.277 12.404 8.825 11.175 11.251 14.282 6.710 1.044 10.299 1.950 5.532 6.741 11.415 8.994 10.352 9.096 4.061 13.073 2.738 4.191 7.900 11.772 1.660 9.675 14.364 2.702 1.764 6.468 11.985 10.107 
10.312 4.221 0.421 8.217 2.801 6.646 8.869 8.965 3.142 7.417 5.823 4.351 5.037 1.238 6.980 1.126 4.572 8.943 7.101 4.311 8.236 3.723 7.230 8.280 6.164 9.630 7.470 3.018 3.854 2.984 
10.636 7.185 5.134 3.940 5.553 9.825 13.367 11.627 2.021 9.065 10.257 4.106 9.487 6.015 11.908 3.880 6.964 4.066 10.561 7.133 13.003 3.356 9.174 4.961 8.498 10.696 10.521 4.527 3.610 7.517 
12.548 11.895 10.292 17.115 11.852 12.221 1.708 7.485 13.365 9.565 4.687 12.038 9.019 9.698 5.732 11.387 9.013 18.494 5.888 8.534 2.197 13.866 9.042 16.235 13.338 10.973 6.729 10.767 13.932 9.333 
12.611 3.661 3.326 11.830 3.786 4.691 7.280 9.792 6.441 9.299 4.961 7.700 1.779 2.418 3.607 4.556 6.657 12.464 7.433 6.158 6.048 6.197 8.940 11.846 5.285 11.572 8.177 6.199 6.175 1.134 
7.342 7.778 4.209 5.204 6.124 10.352 10.285 7.891 3.603 5.347 7.267 0.596 8.796 5.016 10.158 3.469 3.310 6.610 6.999 3.588 10.273 5.377 5.433 4.711 9.598 7.135 6.851 1.205 5.641 6.766 
2.372 16.183 12.414 11.827 14.816 18.309 10.918 4.933 13.021 4.643 9.981 8.913 15.637 12.787 14.798 12.347 7.483 13.918 7.182 7.858 12.262 14.740 4.942 9.956 18.150 2.393 6.213 9.361 14.991 14.132 
9.290 5.664 2.378 9.421 4.652 7.626 6.734 7.069 5.168 6.054 3.650 4.699 5.124 2.282 5.832 3.244 3.317 10.498 5.012 2.850 6.275 5.927 5.748 9.049 7.620 8.335 5.500 3.169 6.055 3.448 
17.204 2.829 6.522 12.686 4.149 2.521 13.497 15.550 7.116 14.316 11.159 10.792 5.312 6.230 8.839 6.772 11.465 12.256 13.366 11.146 12.131 5.417 14.097 13.621 0.973 16.544 13.961 9.776 5.156 5.379 
15.839 8.049 11.857 9.868 4.313 13.981 9.441 5.640 12.721 15.935 4.149 6.617 11.598 13.705 5.098 12.874 5.511 1.072 6.733 2.993 11.975 11.682 3.047 11.420 7.184 13.149 12.201 3.891 16.326 7.768 
1.346 9.990 2.682 5.219 10.400 5.113 6.168 13.028 2.049 2.609 11.104 9.913 10.022 3.391 13.426 5.581 11.636 14.220 11.840 12.137 3.909 11.968 11.490 3.129 8.845 5.836 2.986 14.243 1.954 7.165 
5.121 7.098 1.143 2.237 6.632 5.399 3.209 9.660 2.141 5.522 7.379 6.602 8.332 4.066 9.976 5.005 8.160 10.431 8.596 8.369 2.885 9.980 7.682 0.783 5.550 5.389 2.227 10.642 5.635 3.561 
11.914 12.510 9.063 9.806 8.485 7.349 5.304 12.774 9.115 10.834 5.747 11.074 15.347 8.272 12.624 6.220 3.947 10.047 2.774 6.640 11.338 2.307 7.671 9.201 10.577 6.236 10.733 12.231 12.032 5.682 
2.850 9.277 1.330 4.334 9.043 4.082 4.457 12.040 0.348 3.109 9.493 8.950 9.911 2.367 12.378 4.249 9.943 12.816 10.128 10.556 3.748 10.405 10.009 1.972 7.885 4.562 2.706 13.072 3.276 5.528 
2.029 11.353 5.179 7.089 12.577 7.365 8.827 14.674 4.711 3.906 13.603 11.604 10.539 5.778 15.144 8.038 14.253 16.414 14.499 14.587 5.216 14.539 13.813 5.465 10.573 8.242 4.678 16.116 2.345 9.722 
12.063 3.145 9.551 6.706 7.789 14.324 11.104 5.717 10.572 13.484 10.869 4.751 1.168 12.869 6.372 13.896 12.846 9.988 13.999 10.934 7.049 17.521 9.392 8.897 4.920 14.283 8.059 7.830 12.743 9.916 
14.059 3.556 10.345 7.504 3.737 14.044 9.655 0.613 11.407 14.783 6.554 2.846 6.808 13.151 0.705 13.186 8.631 4.105 9.953 6.080 9.236 14.461 4.643 9.728 3.892 13.544 9.858 1.911 14.671 7.913 
6.159 9.636 3.398 5.266 7.610 3.110 1.502 11.495 3.283 5.424 6.935 8.731 11.421 2.899 11.654 2.190 6.836 10.969 6.777 8.101 6.083 6.933 8.020 3.727 7.806 2.559 5.260 11.962 6.368 3.262 
12.886 4.822 8.939 6.611 1.193 11.888 7.325 3.584 9.905 13.245 3.583 3.282 8.385 11.269 3.393 10.909 5.663 2.779 6.982 3.197 8.671 11.532 1.690 8.421 3.758 11.240 9.002 3.236 13.427 5.532 
9.669 1.801 6.666 3.691 5.488 11.322 7.994 5.335 7.731 10.854 8.327 2.781 2.886 9.948 5.911 10.834 10.167 8.561 11.227 8.628 4.545 14.482 7.169 5.997 2.322 11.222 5.439 7.171 10.336 6.858 
9.566 7.450 5.750 5.195 3.912 7.200 2.656 8.190 6.368 9.326 2.831 6.072 10.294 6.965 8.189 6.119 3.427 6.867 4.084 3.971 7.106 7.210 3.926 5.543 5.505 6.418 6.827 8.197 9.950 1.207 
4.028 8.209 4.084 4.539 10.077 8.225 7.839 11.632 4.373 5.834 11.674 8.642 7.287 6.475 12.143 8.457 12.731 13.852 13.253 12.511 2.416 14.401 11.502 3.938 7.666 8.771 2.483 13.220 4.684 8.145 
4.764 6.871 1.140 1.928 7.013 5.944 4.118 9.687 2.212 5.487 8.063 6.581 7.738 4.448 10.054 5.690 8.965 10.847 9.453 9.001 2.003 10.879 8.198 0.475 5.512 6.065 1.328 10.831 5.344 4.364 
7.594 6.530 6.716 5.355 9.919 11.410 9.888 10.065 7.390 9.378 12.299 7.568 4.302 9.697 10.673 11.422 13.806 13.311 14.613 12.866 3.902 16.727 11.558 6.270 6.882 11.774 4.794 11.978 8.245 9.562 
5.509 7.876 1.800 3.276 6.643 4.520 2.047 10.106 2.311 5.458 6.837 7.160 9.435 3.489 10.352 3.942 7.336 10.318 7.631 7.912 4.137 8.737 7.447 1.872 6.159 4.330 3.416 10.862 5.914 2.869 
10.037 4.288 6.089 3.897 1.706 9.323 4.918 5.256 7.065 10.419 3.805 2.868 7.397 8.540 5.395 8.444 5.607 5.543 6.700 4.300 6.017 10.405 3.089 5.572 2.394 8.801 6.231 5.801 10.576 3.212 
11.715 14.060 9.476 10.797 10.314 6.646 6.063 14.638 9.283 10.350 7.753 12.710 16.653 7.933 14.531 5.693 6.035 12.115 4.870 8.698 12.047 0.877 9.647 9.753 12.105 5.577 11.303 14.221 11.714 6.955 
11.866 1.217 8.340 5.357 3.673 12.468 8.397 2.566 9.426 12.757 6.810 0.853 4.756 11.373 3.093 11.743 8.859 5.926 10.090 6.757 6.906 14.089 5.206 7.690 1.809 12.120 7.611 4.321 12.501 6.826 
9.698 3.884 5.791 3.420 2.145 9.285 5.005 5.236 6.801 10.175 4.375 2.582 6.879 8.403 5.444 8.460 6.146 5.964 7.210 4.872 5.521 10.774 3.628 5.239 1.943 8.826 5.792 5.987 10.256 3.392 
10.744 4.006 8.661 6.098 8.462 13.519 10.764 7.144 9.611 12.295 11.393 5.519 0.592 11.960 7.796 13.222 13.255 11.136 14.314 11.629 5.940 17.430 10.130 8.042 5.345 13.605 6.981 9.225 11.422 9.817 
4.647 10.618 3.140 5.844 9.192 1.792 3.296 12.847 2.447 3.638 8.754 9.926 11.905 1.067 13.068 1.652 8.662 12.689 8.537 9.912 6.010 7.980 9.749 3.720 8.925 1.982 5.024 13.499 4.740 4.962 
12.652 4.296 8.733 6.291 1.189 11.873 7.345 3.231 9.724 13.084 3.977 2.764 7.861 11.179 3.121 10.926 6.067 3.177 7.374 3.680 8.319 11.837 2.145 8.192 3.288 11.267 8.697 3.190 13.208 5.558 
12.681 11.482 9.390 9.515 7.142 8.635 5.572 11.311 9.660 11.853 4.150 9.958 14.572 9.264 11.095 7.450 2.146 8.243 0.857 4.887 11.292 4.094 6.086 9.389 9.618 7.548 10.846 10.571 12.892 5.315 
0.637 11.835 4.619 7.158 12.366 5.691 7.842 14.953 3.826 2.090 12.971 11.840 11.542 4.236 15.365 6.483 13.372 16.182 13.469 14.029 5.658 13.042 13.432 5.096 10.776 6.644 4.841 16.204 0.517 9.006 
15.129 6.557 11.164 8.892 3.396 13.802 9.210 4.050 12.103 15.410 4.423 5.206 10.079 13.330 3.524 12.756 6.199 0.584 7.508 3.464 10.947 12.386 2.729 10.667 5.890 13.063 11.283 2.430 15.657 7.447 
12.467 2.191 8.804 5.914 3.094 12.689 8.437 1.906 9.877 13.242 6.208 1.231 5.703 11.704 2.310 11.892 8.290 4.962 9.561 6.026 7.620 13.767 4.479 8.175 2.289 12.261 8.251 3.409 13.085 6.768 
8.459 6.381 4.517 3.660 3.783 6.937 2.451 7.725 5.290 8.478 3.941 5.184 8.959 6.339 7.844 6.005 4.920 7.320 5.618 4.944 5.594 8.395 4.424 4.206 4.430 6.354 5.380 8.126 8.907 0.799 
4.420 10.760 3.162 5.948 9.424 1.710 3.565 13.040 2.388 3.365 9.024 10.100 11.971 0.789 13.271 1.762 8.940 12.940 8.812 10.181 6.017 8.184 10.003 3.767 9.091 2.059 5.015 13.721 4.492 5.216 
3.885 7.402 2.119 2.903 8.428 6.718 5.790 10.573 2.694 5.186 9.748 7.474 7.427 5.021 11.015 6.747 10.712 12.257 11.203 10.642 1.260 12.426 9.740 1.885 6.425 7.092 0.504 11.944 4.550 6.114 
