200 30 30
8.505 4.018 7.607 9.099 5.981 5.113 7.756 5.322 6.676 6.771 6.590 7.180 8.654 7.583 5.419 6.648 4.543 3.678 6.733 8.950 10.364 1.830 1.974 3.056 10.066 5.471 4.751 2.584 5.733 3.566 5.272 10.402 4.479 8.565 8.548 4.929 6.371 9.897 5.408 3.316 6.533 9.786 4.571 6.809 2.186 10.593 7.163 5.515 2.704 3.698 4.393 9.583 2.198 6.539 3.142 7.812 4.971 7.545 7.565 8.549 10.340 7.683 5.839 10.197 4.395 1.953 4.792 7.448 1.701 4.535 2.473 9.991 9.804 8.399 3.518 4.978 6.365 10.495 4.403 2.055 9.095 4.810 8.371 6.632 2.648 2.825 7.428 4.626 9.943 6.026 4.981 6.426 2.266 8.167 2.397 5.242 4.626 3.589 2.948 6.324 8.073 3.948 4.475 9.130 5.417 7.809 6.020 10.482 4.062 1.781 5.048 9.388 3.766 10.204 10.235 3.918 6.507 5.743 6.361 6.336 1.758 1.954 10.204 10.351 4.661 9.343 8.400 10.158 4.548 7.745 8.558 6.486 4.427 3.490 2.438 7.081 2.750 2.466 7.028 4.185 8.904 4.585 8.601 9.862 6.735 6.506 2.762 5.404 8.631 6.800 6.376 7.446 4.956 9.958 3.715 5.581 1.766 4.641 3.066 2.902 1.839 7.046 2.876 7.541 9.739 3.843 4.581 3.038 2.474 6.027 1.885 5.028 8.038 6.481 9.613 7.108 5.502 9.583 5.006 5.146 6.868 8.661 5.830 10.211 7.733 3.105 10.642 4.946 9.230 8.199 7.116 3.535 1.961 2.571 3.106 4.961 8.511 8.548 3.630 5.512 
18.566 51.645 19.370 52.979 29.554 72.594 20.777 28.068 61.109 11.866 18.140 30.282 71.873 71.230 21.416 13.842 47.354 13.130 36.075 31.712 22.978 43.200 76.948 35.265 50.815 49.641 65.646 39.952 48.978 50.193 
19.654 21.068 31.579 10.454 10.456 9.470 34.674 16.412 19.473 14.497 32.370 29.114 6.769 17.859 28.745 12.311 25.688 25.547 10.810 15.971 10.669 19.074 21.139 31.682 20.603 24.185 15.722 31.195 27.122 8.287 
652.276 1054.008 733.962 1146.365 894.269 1321.957 688.790 857.450 1238.227 525.363 754.127 847.005 1287.927 1296.775 737.985 629.413 1076.811 614.715 994.414 890.934 762.997 1003.631 1427.604 968.300 1093.820 1080.272 1343.472 1038.712 1110.027 1177.398 
12.428 10.486 11.191 6.367 5.849 7.336 3.300 0.407 6.514 9.578 6.065 3.359 5.008 4.632 10.812 11.090 1.456 11.688 5.976 6.784 8.273 5.775 3.864 9.539 2.950 12.672 7.960 8.915 3.531 2.359 
13.048 8.474 13.845 1.748 10.137 14.180 6.783 7.036 0.834 6.127 10.225 9.225 3.791 3.414 9.561 11.674 8.419 6.544 10.670 5.443 4.422 1.466 10.957 4.096 4.374 7.145 0.871 13.170 4.502 9.494 
7.184 8.031 4.980 9.032 0.561 5.898 9.641 6.067 9.839 8.826 0.446 3.182 10.436 7.272 7.546 6.176 5.300 11.568 0.591 12.663 8.643 9.400 7.747 10.487 8.052 12.657 10.998 2.659 9.134 5.499 
12.659 10.846 11.311 6.790 5.932 7.050 3.332 0.782 6.924 9.981 6.154 3.340 5.293 5.058 11.142 11.336 1.285 12.108 6.012 6.969 8.690 6.181 3.438 9.965 3.320 13.095 8.369 8.936 3.820 2.044 
10.204 5.163 11.756 2.785 9.379 14.571 9.508 8.425 3.479 2.645 9.383 9.502 7.043 4.121 6.384 8.941 9.515 3.137 10.017 9.007 1.316 4.032 12.600 0.796 6.568 3.992 3.063 11.924 7.226 10.609 
12.468 7.513 13.751 2.386 10.694 15.293 8.593 8.440 2.260 5.000 10.743 10.230 5.658 4.323 8.716 11.164 9.741 4.844 11.285 7.228 3.520 3.019 12.505 2.530 5.993 5.343 1.015 13.526 6.286 10.840 
10.508 5.216 12.637 4.856 11.030 16.479 11.600 10.553 5.386 2.894 11.002 11.455 8.983 6.261 6.518 9.414 11.607 1.270 11.687 10.764 2.858 6.029 14.727 1.377 8.693 1.878 4.557 13.288 9.299 12.693 
10.139 5.098 11.696 2.810 9.336 14.542 9.527 8.419 3.519 2.581 9.339 9.475 7.077 4.119 6.319 8.876 9.502 3.116 9.975 9.050 1.255 4.064 12.594 0.810 6.582 3.983 3.121 11.872 7.248 10.595 
1.691 6.891 2.580 12.562 7.401 12.197 15.918 12.505 13.601 9.272 7.165 10.131 15.681 11.580 5.603 2.702 12.122 11.483 7.651 18.082 10.357 13.529 14.816 11.924 13.556 12.331 14.179 5.851 14.726 12.508 
12.853 9.971 12.240 4.551 7.215 9.587 2.596 2.224 4.468 8.560 7.397 5.197 2.829 3.221 10.558 11.449 3.670 10.292 7.509 4.900 7.018 3.707 5.855 7.961 0.730 11.193 5.894 10.422 1.393 4.631 
5.816 5.408 5.127 7.142 2.447 8.424 9.587 6.231 8.081 6.181 2.333 4.412 9.521 5.681 5.075 4.509 6.075 8.930 3.094 11.895 6.167 7.801 9.140 8.024 7.289 10.013 9.040 4.515 8.456 6.705 
2.544 3.499 4.237 8.856 5.689 11.515 12.875 9.721 9.901 5.632 5.493 8.026 12.219 8.031 2.409 1.129 9.692 8.062 6.211 14.620 6.609 9.879 12.772 8.224 10.251 9.012 10.429 6.001 11.406 10.338 
5.860 2.281 7.207 5.522 5.927 11.814 10.431 7.815 6.571 2.720 5.839 7.240 9.216 5.009 2.727 4.501 8.268 5.456 6.588 11.581 3.254 6.630 11.562 4.989 7.541 6.527 7.029 7.789 8.630 9.175 
5.156 0.599 7.358 6.730 7.262 13.236 12.098 9.541 7.758 2.590 7.139 8.854 10.695 6.548 1.296 4.012 9.976 4.921 7.904 13.015 3.927 7.943 13.264 5.280 9.164 5.887 7.954 8.620 10.221 10.863 
15.424 13.798 13.730 9.237 8.334 7.289 3.369 3.718 9.131 12.857 8.569 5.579 6.496 7.725 14.087 14.144 3.575 14.854 8.241 7.267 11.479 8.369 1.996 12.599 5.398 15.800 10.530 10.993 5.275 3.281 
15.359 12.579 14.468 6.707 9.202 10.134 0.122 3.661 6.308 11.079 9.411 6.749 3.137 5.733 13.171 13.969 4.716 12.610 9.362 3.856 9.469 5.585 5.301 10.191 3.018 13.438 7.583 12.305 2.270 5.248 
8.053 2.764 10.258 5.264 9.226 14.974 11.673 9.893 6.133 0.745 9.160 10.134 9.568 5.954 4.066 6.964 10.706 2.077 9.891 11.671 2.207 6.568 13.971 2.626 8.649 3.140 5.848 11.163 9.502 11.734 
15.114 11.916 14.556 5.623 9.475 11.122 1.484 4.117 5.101 10.216 9.665 7.259 1.757 4.964 12.620 13.703 5.409 11.542 9.725 2.823 8.542 4.417 6.547 9.087 2.373 12.320 6.304 12.660 1.275 6.133 
14.325 13.387 12.270 9.850 6.996 5.236 5.052 3.779 9.956 12.821 7.231 4.325 7.885 8.100 13.488 13.130 2.854 15.075 6.775 9.030 11.643 9.205 0.455 12.994 6.268 16.084 11.398 9.336 6.498 1.988 
12.064 8.456 12.087 2.354 7.659 11.176 4.459 3.985 2.328 6.708 7.790 6.323 2.700 1.528 9.238 10.643 5.369 8.190 8.107 5.097 5.052 1.591 7.976 5.805 1.519 9.050 3.773 10.838 2.249 6.441 
8.006 7.761 6.356 7.614 1.069 6.160 8.085 4.521 8.361 8.087 1.254 1.998 8.811 5.781 7.540 6.813 3.938 10.770 1.482 11.038 7.620 7.878 6.765 9.417 6.426 11.861 9.583 4.285 7.508 4.369 
11.307 6.072 13.140 3.886 10.979 16.161 10.575 9.849 4.253 3.562 10.980 11.084 7.822 5.529 7.361 10.124 11.003 2.590 11.620 9.509 2.803 4.946 14.014 0.954 7.758 3.059 3.287 13.473 8.258 12.104 
9.451 4.202 11.863 5.829 10.867 16.549 12.517 11.111 6.508 2.370 10.809 11.634 10.089 6.946 5.476 8.462 12.040 0.411 11.531 11.992 3.193 7.082 15.253 2.464 9.536 1.464 5.848 12.842 10.255 13.097 
3.404 7.718 0.396 12.293 5.777 10.065 14.725 11.199 13.292 9.793 5.545 8.526 14.908 11.020 6.550 3.591 10.613 12.285 5.888 17.274 10.553 13.097 13.059 12.285 12.647 13.236 14.075 3.705 13.805 10.855 
13.279 11.611 11.775 7.518 6.367 6.769 3.302 1.572 7.600 10.770 6.596 3.665 5.690 5.823 11.881 11.978 1.531 12.891 6.374 7.152 9.476 6.849 2.703 10.733 3.919 13.874 9.042 9.251 4.249 1.831 
9.834 4.759 11.462 3.094 9.254 14.548 9.778 8.557 3.845 2.232 9.248 9.497 7.384 4.288 5.990 8.586 9.604 2.871 9.899 9.384 1.056 4.367 12.730 0.813 6.811 3.790 3.480 11.724 7.512 10.691 
8.058 9.499 5.246 10.431 1.962 4.698 10.280 6.761 11.188 10.373 1.961 3.630 11.459 8.608 8.930 7.233 5.719 13.116 1.358 13.584 10.181 10.701 7.574 12.021 9.070 14.204 12.400 2.131 10.085 5.614 
13.547 9.100 14.180 2.183 10.241 13.998 6.175 6.742 1.134 6.806 10.345 9.129 3.096 3.523 10.152 12.158 8.160 7.298 10.744 4.689 5.079 1.385 10.540 4.846 3.974 7.897 1.582 13.336 3.941 9.210 
3.686 7.946 0.315 12.401 5.705 9.857 14.701 11.163 13.393 9.990 5.474 8.444 14.946 11.094 6.791 3.849 10.544 12.502 5.785 17.305 10.716 13.183 12.939 12.461 12.669 13.460 14.198 3.503 13.824 10.758 
6.053 9.160 2.570 12.066 4.034 7.175 13.104 9.533 12.964 10.726 3.852 6.521 13.879 10.463 8.231 5.716 8.657 13.423 3.835 16.135 11.034 12.609 10.655 12.877 11.506 14.462 13.989 0.952 12.605 8.662 
12.539 10.595 11.292 6.433 5.944 7.345 3.218 0.519 6.564 9.678 6.161 3.434 4.995 4.711 10.924 11.202 1.491 11.777 6.063 6.740 8.365 5.822 3.791 9.620 2.973 12.759 8.009 9.001 3.518 2.354 
4.699 1.499 6.555 6.788 6.365 12.348 11.711 8.972 7.834 3.213 6.234 8.068 10.543 6.336 1.442 3.422 9.304 5.735 7.000 12.905 4.255 7.930 12.569 5.808 8.849 6.735 8.194 7.695 9.948 10.148 
12.143 11.109 10.334 8.108 4.944 5.272 4.986 2.139 8.394 10.642 5.179 2.190 7.068 6.236 11.198 10.911 0.738 12.994 4.848 8.741 9.565 7.682 2.746 11.032 4.984 14.029 9.832 7.649 5.591 0.372 
13.986 14.508 11.134 12.686 6.848 1.790 8.908 6.770 13.023 14.606 7.035 5.219 11.527 10.774 14.256 13.059 5.365 17.159 6.318 12.878 13.795 12.318 3.905 15.407 9.592 18.230 14.456 7.842 10.075 4.302 
3.189 2.108 5.828 8.551 7.119 13.051 13.384 10.491 9.594 4.571 6.945 9.213 12.314 8.101 0.821 2.202 10.673 6.701 7.692 14.681 5.888 9.705 13.871 7.270 10.572 7.574 9.891 7.709 11.686 11.430 
12.644 10.980 11.198 7.101 5.799 6.703 3.591 1.022 7.256 10.187 6.026 3.147 5.643 5.341 11.238 11.338 1.030 12.356 5.843 7.290 8.931 6.517 3.153 10.240 3.671 13.352 8.702 8.750 4.172 1.695 
12.725 7.752 14.015 2.586 10.940 15.499 8.656 8.603 2.367 5.232 10.991 10.443 5.673 4.528 8.962 11.423 9.917 4.974 11.528 7.167 3.774 3.130 12.646 2.717 6.111 5.428 1.017 13.782 6.359 11.014 
13.086 12.718 10.780 10.138 5.692 3.640 6.386 4.131 10.418 12.480 5.919 3.292 8.879 8.259 12.663 11.972 2.769 14.913 5.364 10.321 11.499 9.700 2.026 13.017 6.936 15.963 11.858 7.730 7.421 1.673 
18.040 14.765 17.378 8.163 12.174 12.891 3.100 6.649 7.431 12.932 12.378 9.750 3.854 7.815 15.514 16.630 7.705 13.976 12.354 2.440 11.213 6.872 7.734 11.498 5.300 14.648 8.354 15.298 4.168 8.158 
11.129 5.847 13.141 4.537 11.269 16.581 11.253 10.422 4.949 3.430 11.255 11.522 8.526 6.102 7.148 10.000 11.539 1.960 11.918 10.216 3.036 5.633 14.594 1.248 8.408 2.351 3.993 13.648 8.938 12.635 
11.400 6.386 12.828 2.404 10.097 15.000 9.064 8.453 2.751 3.864 10.125 9.913 6.337 4.162 7.604 10.118 9.663 3.870 10.714 8.117 2.454 3.436 12.598 1.442 6.266 4.509 1.963 12.799 6.747 10.767 
16.097 13.406 15.094 7.527 9.773 10.245 0.840 4.239 7.095 11.920 9.988 7.227 3.788 6.573 13.981 14.716 5.129 13.437 9.890 4.055 10.308 6.383 5.180 11.011 3.859 14.257 8.338 12.821 3.080 5.510 
7.355 5.710 6.884 5.588 3.057 8.522 7.954 4.769 6.468 5.712 3.081 3.769 7.758 3.985 5.775 5.976 4.924 8.370 3.688 10.135 5.219 6.126 8.175 7.032 5.542 9.460 7.536 5.898 6.710 5.754 
12.363 8.946 12.204 2.995 7.578 10.774 3.837 3.487 2.904 7.284 7.725 6.032 2.437 1.991 9.677 10.942 4.906 8.824 7.985 4.830 5.653 2.148 7.392 6.446 0.878 9.690 4.341 10.784 1.697 5.955 
8.495 9.414 5.941 9.762 1.578 4.474 9.369 5.857 10.476 10.068 1.687 2.719 10.600 7.899 8.964 7.552 4.807 12.791 0.922 12.700 9.733 9.959 6.764 11.550 8.216 13.882 11.727 2.988 9.211 4.729 
11.246 10.542 9.325 8.237 3.960 4.761 5.902 2.690 8.643 10.296 4.196 1.244 7.717 6.309 10.532 10.051 1.312 12.761 3.827 9.538 9.363 7.970 3.525 10.936 5.491 13.820 10.057 6.613 6.244 1.155 
11.228 6.044 12.945 3.424 10.630 15.751 10.119 9.394 3.809 3.504 10.638 10.669 7.389 5.075 7.317 10.013 10.557 2.905 11.266 9.119 2.532 4.494 13.557 0.799 7.296 3.465 2.906 13.179 7.803 11.658 
5.167 8.465 1.714 11.822 4.211 7.970 13.328 9.756 12.755 10.158 4.001 6.857 13.898 10.309 7.482 4.872 8.989 12.820 4.149 16.199 10.582 12.448 11.188 12.408 11.552 13.842 13.713 1.615 12.677 9.094 
4.926 6.808 2.859 9.662 2.646 7.872 11.533 8.001 10.598 8.216 2.409 5.395 11.859 8.169 6.024 4.060 7.445 10.932 2.899 14.194 8.500 10.302 10.052 10.342 9.547 11.984 11.554 2.337 10.693 7.760 
7.146 2.958 8.412 4.273 6.473 12.147 9.628 7.348 5.319 2.088 6.428 7.312 8.138 4.000 3.777 5.795 8.012 4.768 7.135 10.466 2.037 5.431 11.307 3.854 6.654 5.860 5.735 8.703 7.684 9.003 
5.334 0.537 7.543 6.618 7.377 13.344 12.063 9.550 7.642 2.412 7.258 8.924 10.614 6.484 1.443 4.198 10.011 4.735 8.022 12.925 3.781 7.840 13.303 5.107 9.116 5.703 7.813 8.780 10.163 10.908 
11.790 8.843 11.339 3.786 6.511 9.583 3.726 2.368 3.935 7.485 6.672 4.837 3.367 2.199 9.429 10.380 3.747 9.328 6.879 5.662 5.992 3.211 6.433 7.067 1.015 10.264 5.379 9.728 2.177 4.819 
3.153 2.202 5.625 8.437 6.819 12.751 13.160 10.235 9.483 4.593 6.644 8.922 12.144 7.927 0.978 2.060 10.398 6.811 7.392 14.518 5.841 9.572 13.588 7.278 10.369 7.709 9.822 7.434 11.489 11.147 
5.233 4.669 5.013 7.093 3.192 9.179 10.085 6.823 8.075 5.620 3.059 5.170 9.796 5.799 4.296 3.875 6.765 8.365 3.825 12.190 5.788 7.867 9.877 7.635 7.645 9.440 8.932 4.916 8.814 7.437 
13.258 14.030 10.320 12.647 6.261 0.902 9.340 6.903 13.053 14.272 6.432 4.952 11.797 10.714 13.711 12.378 5.461 16.876 5.691 13.280 13.556 12.370 4.530 15.221 9.752 17.956 14.471 7.014 10.328 4.470 
11.024 11.821 8.227 11.071 4.004 2.029 8.969 5.898 11.609 12.207 4.168 3.210 10.924 9.131 11.460 10.114 4.499 14.866 3.420 12.718 11.627 10.983 5.093 13.362 8.673 15.954 12.977 4.979 9.453 3.841 
7.807 9.027 5.186 9.920 1.435 5.028 9.968 6.422 10.688 9.857 1.434 3.331 11.040 8.109 8.493 6.915 5.455 12.598 0.852 13.195 9.653 10.211 7.515 11.492 8.649 13.687 11.889 2.284 9.683 5.445 
14.209 13.292 12.150 9.808 6.877 5.152 5.091 3.726 9.925 12.743 7.112 4.210 7.894 8.047 13.387 13.017 2.768 15.008 6.655 9.069 11.575 9.176 0.561 12.937 6.248 16.019 11.368 9.215 6.499 1.881 
6.182 3.897 6.603 5.510 4.318 10.141 9.319 6.403 6.520 4.186 4.255 5.561 8.578 4.421 4.013 4.760 6.703 6.924 4.983 10.981 4.141 6.383 9.975 5.996 6.611 8.013 7.299 6.529 7.761 7.562 
11.869 7.523 12.535 0.526 8.808 13.017 6.421 6.051 0.554 5.353 8.892 8.005 3.854 2.113 8.528 10.478 7.371 6.314 9.349 5.927 3.605 0.838 10.114 3.850 3.647 7.082 1.764 11.829 4.107 8.466 
11.018 6.958 11.521 0.871 7.726 12.043 6.201 5.273 1.603 5.030 7.809 6.996 4.114 1.074 7.861 9.611 6.516 6.454 8.270 6.392 3.335 1.397 9.415 4.101 3.228 7.335 2.797 10.750 3.969 7.619 
12.940 13.978 9.891 12.956 6.144 0.225 9.937 7.353 13.408 14.347 6.296 5.153 12.305 11.015 13.594 12.119 5.904 16.988 5.537 13.856 13.713 12.742 5.216 15.415 10.203 18.074 14.812 6.577 10.830 4.969 
12.249 10.758 10.727 7.220 5.321 6.303 4.096 1.144 7.445 10.077 5.550 2.645 6.037 5.399 10.964 10.959 0.519 12.320 5.347 7.754 8.888 6.720 3.183 10.265 3.964 13.333 8.888 8.246 4.560 1.335 
7.329 6.255 6.468 6.304 2.271 7.790 8.079 4.713 7.148 6.446 2.307 3.203 8.183 4.616 6.183 6.001 4.632 9.128 2.897 10.526 6.007 6.762 7.794 7.824 5.886 10.219 8.263 5.203 7.041 5.353 
12.458 7.271 14.123 3.722 11.579 16.480 10.113 9.823 3.766 4.734 11.602 11.394 7.166 5.585 8.547 11.237 11.075 3.780 12.199 8.632 3.683 4.519 13.932 2.030 7.473 4.061 2.508 14.237 7.804 12.179 
12.852 7.881 14.134 2.650 11.033 15.562 8.640 8.640 2.381 5.361 11.087 10.512 5.635 4.593 9.091 11.550 9.962 5.078 11.619 7.095 3.902 3.142 12.671 2.838 6.125 5.516 0.993 13.886 6.349 11.058 
7.227 1.993 9.714 6.300 9.291 15.172 12.552 10.551 7.204 1.478 9.198 10.486 10.581 6.813 3.253 6.250 11.254 2.628 9.951 12.727 3.205 7.603 14.547 3.732 9.527 3.532 6.965 10.933 10.433 12.243 
1.937 6.747 1.825 12.050 6.567 11.367 15.170 11.729 13.080 9.021 6.331 9.305 15.033 10.979 5.498 2.487 11.312 11.357 6.807 17.428 9.990 12.971 13.977 11.625 12.869 12.252 13.725 5.034 14.038 11.679 
11.454 6.284 13.989 6.869 12.916 18.488 13.594 12.647 7.286 4.474 12.870 13.496 10.848 8.350 7.526 10.535 13.698 1.740 13.579 12.454 4.894 7.975 16.822 3.444 10.734 0.783 6.254 14.975 11.280 14.783 
11.501 8.270 11.296 3.000 6.710 10.198 4.326 3.116 3.218 6.785 6.851 5.320 3.341 1.446 8.931 10.082 4.445 8.555 7.138 5.727 5.247 2.527 7.220 6.276 1.340 9.481 4.653 9.907 2.443 5.534 
16.462 14.009 15.265 8.342 9.886 9.816 1.599 4.452 7.956 12.626 10.109 7.241 4.698 7.276 14.524 15.100 5.106 14.233 9.942 4.865 11.049 7.232 4.594 11.825 4.582 15.074 9.222 12.840 3.916 5.304 
10.429 8.841 9.208 6.076 3.944 6.849 5.193 1.656 6.540 8.295 4.146 1.931 6.141 4.140 9.028 9.107 1.714 10.667 4.174 8.250 7.246 5.901 5.015 8.774 3.767 11.712 7.931 7.110 4.748 2.711 
11.854 6.568 14.071 5.633 12.419 17.772 12.289 11.590 5.937 4.332 12.399 12.715 9.454 7.268 7.864 10.802 12.723 2.104 13.072 10.993 4.195 6.654 15.758 2.443 9.503 1.873 4.821 14.727 9.970 13.821 
12.135 7.599 12.963 0.886 9.388 13.671 6.920 6.700 0.576 5.302 9.465 8.651 4.172 2.742 8.667 10.762 8.026 5.976 9.941 6.077 3.573 1.288 10.746 3.498 4.238 6.677 1.119 12.372 4.601 9.120 
13.040 10.312 12.295 5.024 7.176 9.254 2.299 1.940 4.942 8.968 7.367 5.020 3.095 3.648 10.859 11.645 3.356 10.744 7.430 5.015 7.449 4.181 5.397 8.425 1.199 11.652 6.365 10.362 1.619 4.268 
16.706 13.653 15.937 7.336 10.704 11.508 1.616 5.171 6.744 11.967 10.910 8.266 3.193 6.707 14.332 15.304 6.224 13.243 10.874 2.858 10.287 6.097 6.465 10.777 4.064 13.993 7.851 13.819 3.021 6.706 
12.109 9.961 11.049 5.731 5.791 7.797 3.344 0.430 5.900 8.979 5.996 3.495 4.613 3.992 10.335 10.750 1.879 11.058 5.988 6.539 7.649 5.168 4.505 8.900 2.421 12.038 7.345 8.933 3.147 2.892 
10.085 11.682 6.949 11.995 3.941 2.728 10.632 7.376 12.644 12.442 4.014 4.367 12.355 10.090 11.131 9.360 6.061 15.170 3.276 14.275 12.111 12.078 6.905 13.920 10.028 16.262 13.947 3.636 10.906 5.550 
13.583 9.431 13.932 2.453 9.690 13.114 5.089 5.792 1.568 7.293 9.813 8.350 2.082 3.149 10.394 12.173 7.229 8.101 10.151 3.991 5.544 1.195 9.492 5.624 2.967 8.777 2.592 12.848 2.852 8.255 
8.592 7.218 7.580 5.954 2.715 7.329 6.860 3.452 6.670 7.036 2.852 2.354 7.213 4.091 7.285 7.262 3.427 9.602 3.184 9.500 6.295 6.177 6.660 8.014 4.853 10.681 7.917 5.910 5.979 4.237 
12.411 8.208 12.900 1.248 8.913 12.808 5.730 5.670 0.662 6.093 9.016 7.873 3.089 2.194 9.175 11.007 7.045 7.068 9.420 5.187 4.346 0.100 9.639 4.598 3.082 7.818 2.095 12.007 3.411 8.123 
9.728 5.334 10.670 1.681 7.615 12.586 7.833 6.421 2.721 3.325 7.648 7.503 5.804 2.182 6.323 8.355 7.481 4.953 8.228 8.034 1.653 2.909 10.593 2.831 4.816 5.917 3.238 10.380 5.649 8.573 
11.038 7.344 11.244 1.767 7.125 11.191 5.461 4.349 2.241 5.639 7.229 6.178 3.776 0.469 8.133 9.618 5.603 7.278 7.633 6.153 4.027 1.732 8.492 4.979 2.440 8.191 3.593 10.230 3.333 6.705 
12.964 8.874 13.306 1.956 9.109 12.694 5.127 5.431 1.254 6.796 9.228 7.859 2.379 2.524 9.813 11.553 6.847 7.767 9.583 4.491 5.051 0.652 9.268 5.292 2.685 8.498 2.546 12.255 2.820 7.899 
9.394 4.159 11.838 5.951 10.904 16.603 12.632 11.204 6.635 2.403 10.843 11.700 10.214 7.051 5.426 8.419 12.124 0.458 11.569 12.122 3.288 7.206 15.343 2.594 9.649 1.447 5.980 12.851 10.374 13.179 
3.388 1.999 5.781 8.203 6.779 12.730 12.974 10.080 9.248 4.361 6.610 8.829 11.927 7.711 0.837 2.264 10.270 6.608 7.362 14.298 5.602 9.343 13.474 7.043 10.169 7.518 9.582 7.499 11.285 11.034 
2.303 5.156 2.582 9.973 5.091 10.550 13.240 9.876 10.999 7.199 4.866 7.713 12.973 8.897 4.052 1.426 9.601 9.697 5.483 15.372 8.018 10.885 12.469 9.716 10.843 10.660 11.672 4.621 12.012 10.090 
12.257 9.657 11.500 4.821 6.411 8.834 3.057 1.476 4.907 8.438 6.598 4.365 3.654 3.222 10.156 10.866 2.921 10.353 6.689 5.723 6.994 4.163 5.408 8.108 1.380 11.298 6.351 9.610 2.226 3.937 
12.693 13.343 9.849 11.964 5.605 1.145 8.869 6.285 12.386 13.563 5.784 4.243 11.226 10.027 13.043 11.777 4.837 16.165 5.053 12.780 12.846 11.711 4.266 14.514 9.136 17.245 13.799 6.566 9.752 3.890 
14.261 15.493 11.072 14.413 7.646 1.664 10.979 8.672 14.828 15.884 7.789 6.661 13.533 12.477 15.082 13.505 7.233 18.524 7.025 14.944 15.240 14.146 5.975 16.933 11.519 19.609 16.244 7.778 12.069 6.227 
13.811 10.882 13.147 5.129 8.045 9.946 1.705 2.743 4.866 9.384 8.236 5.864 2.418 4.034 11.496 12.408 4.107 10.986 8.299 4.169 7.792 4.113 5.761 8.599 1.325 11.846 6.232 11.232 0.992 4.937 
6.533 9.275 3.179 11.754 3.515 6.511 12.510 8.947 12.623 10.696 3.354 5.896 13.390 10.092 8.421 6.069 8.026 13.419 3.243 15.617 10.893 12.237 9.963 12.746 11.007 14.474 13.696 0.299 12.088 7.996 
10.706 12.186 7.581 12.201 4.380 2.098 10.471 7.327 12.809 12.861 4.475 4.439 12.342 10.278 11.671 9.961 5.961 15.575 3.719 14.190 12.461 12.218 6.511 14.251 10.049 16.667 14.139 4.268 10.878 5.348 
3.956 5.545 3.020 9.081 3.445 9.071 11.739 8.310 10.067 7.113 3.223 6.058 11.705 7.778 4.720 2.893 7.970 9.789 3.871 14.085 7.576 9.857 10.812 9.385 9.486 10.822 10.900 3.608 10.652 8.437 
9.247 8.618 7.583 7.395 2.188 5.715 6.956 3.384 8.017 8.621 2.412 0.837 7.986 5.473 8.533 8.026 2.680 11.212 2.326 10.114 7.911 7.450 5.556 9.621 5.599 12.293 9.334 5.271 6.608 3.134 
9.716 10.309 7.179 9.851 2.515 3.535 8.605 5.228 10.465 10.723 2.694 2.158 10.166 7.929 9.963 8.732 3.995 13.399 1.975 12.136 10.203 9.884 5.578 11.967 7.825 14.490 11.790 4.126 8.726 3.704 
5.656 8.678 2.282 11.677 3.808 7.395 12.918 9.344 12.588 10.255 3.611 6.390 13.595 10.105 7.752 5.264 8.527 12.947 3.684 15.871 10.585 12.250 10.654 12.425 11.232 13.985 13.591 1.038 12.343 8.593 
4.698 3.988 4.982 7.162 3.914 9.901 10.621 7.444 8.176 5.163 3.768 5.911 10.142 6.040 3.552 3.300 7.458 7.885 4.534 12.544 5.537 8.035 10.601 7.352 8.072 8.944 8.927 5.354 9.237 8.159 
4.911 4.391 4.889 7.211 3.501 9.487 10.398 7.162 8.209 5.476 3.356 5.529 10.036 5.992 3.964 3.540 7.122 8.211 4.121 12.435 5.751 8.030 10.238 7.584 7.916 9.278 9.018 5.032 9.085 7.798 
11.405 8.622 10.881 3.983 6.027 9.195 4.000 2.119 4.239 7.387 6.189 4.387 3.850 2.238 9.153 10.000 3.424 9.346 6.396 6.132 5.964 3.542 6.267 7.148 1.483 10.308 5.674 9.245 2.629 4.515 
9.571 11.543 6.295 12.362 4.034 3.466 11.373 8.040 13.061 12.476 4.057 4.953 12.969 10.488 10.904 8.942 6.775 15.220 3.388 14.949 12.266 12.526 7.768 14.099 10.615 16.308 14.326 3.018 11.536 6.335 
14.034 11.294 13.212 5.717 8.011 9.541 1.292 2.542 5.479 9.880 8.212 5.689 2.925 4.532 11.859 12.643 3.800 11.548 8.218 4.432 8.317 4.724 5.195 9.177 1.867 12.422 6.849 11.162 1.575 4.539 
5.652 4.521 5.579 6.527 3.370 9.317 9.658 6.474 7.509 5.233 3.270 5.064 9.271 5.245 4.308 4.264 6.521 7.982 4.025 11.669 5.291 7.304 9.698 7.144 7.151 9.065 8.370 5.382 8.319 7.257 
6.568 3.235 7.481 4.822 5.423 11.174 9.451 6.848 5.864 3.083 5.370 6.445 8.319 4.101 3.698 5.167 7.350 5.809 6.088 10.700 3.058 5.845 10.650 4.902 6.578 6.900 6.479 7.633 7.680 8.285 
12.172 8.617 12.141 2.549 7.650 11.067 4.263 3.841 2.491 6.893 7.786 6.248 2.586 1.673 9.385 10.750 5.238 8.387 8.086 4.989 5.243 1.744 7.805 6.002 1.324 9.248 3.934 10.839 2.065 6.303 
17.827 14.444 17.263 7.770 12.112 13.066 3.141 6.623 7.009 12.564 12.310 9.751 3.459 7.510 15.221 16.413 7.745 13.549 12.318 1.936 10.836 6.472 7.979 11.071 5.070 14.205 7.895 15.263 3.915 8.260 
8.973 9.683 6.473 9.647 1.838 4.151 8.935 5.458 10.321 10.213 1.996 2.311 10.281 7.755 9.292 7.996 4.348 12.916 1.252 12.336 9.789 9.777 6.230 11.583 7.908 14.008 11.605 3.508 8.871 4.217 
17.440 13.669 17.220 6.766 12.293 13.964 3.976 7.034 5.884 11.612 12.473 10.169 2.684 6.898 14.550 16.018 8.327 12.333 12.582 0.347 9.865 5.470 9.120 9.874 4.868 12.914 6.569 15.500 3.728 9.012 
5.821 0.532 8.245 6.685 8.147 14.103 12.444 10.084 7.678 2.081 8.032 9.617 10.814 6.776 1.829 4.791 10.619 4.080 8.795 13.076 3.687 7.950 13.919 4.763 9.459 5.003 7.701 9.566 10.464 11.545 
10.129 8.296 9.126 5.491 4.024 7.422 5.289 1.924 6.001 7.677 4.204 2.407 5.884 3.549 8.537 8.779 2.310 10.033 4.345 8.084 6.611 5.388 5.603 8.139 3.493 11.076 7.373 7.236 4.555 3.338 
11.824 8.165 11.912 2.103 7.573 11.245 4.750 4.126 2.179 6.409 7.697 6.342 2.958 1.261 8.959 10.403 5.484 7.905 8.039 5.346 4.754 1.479 8.167 5.532 1.785 8.774 3.621 10.734 2.549 6.566 
5.240 0.854 7.311 6.519 7.040 13.006 11.830 9.266 7.552 2.529 6.921 8.595 10.452 6.294 1.486 4.049 9.704 4.966 7.685 12.779 3.772 7.720 12.993 5.193 8.901 5.956 7.785 8.473 9.962 10.593 
9.514 6.584 9.386 3.403 5.179 9.635 6.043 3.665 4.131 5.533 5.276 4.548 5.309 1.555 7.105 8.096 4.545 7.755 5.706 7.706 4.323 3.689 7.758 5.819 3.256 8.783 5.364 8.270 4.407 5.619 
15.136 11.103 15.275 4.136 10.728 13.483 4.379 6.136 3.221 8.974 10.876 9.036 1.202 4.580 12.044 13.720 7.576 9.682 11.124 2.323 7.226 2.862 9.311 7.216 3.369 10.295 3.966 13.936 2.636 8.493 
1.713 3.860 4.057 9.653 6.344 12.050 13.737 10.563 10.701 6.185 6.136 8.777 13.075 8.880 2.619 0.401 10.497 8.470 6.824 15.475 7.293 10.702 13.537 8.836 11.116 9.368 11.180 6.274 12.271 11.112 
11.537 9.823 10.249 6.337 4.910 6.867 4.220 0.659 6.633 9.099 5.124 2.491 5.619 4.476 10.071 10.215 1.034 11.346 5.052 7.552 7.913 5.931 4.162 9.312 3.365 12.363 8.068 7.996 4.158 2.135 
11.044 5.878 13.588 6.755 12.582 18.191 13.495 12.448 7.226 4.114 12.532 13.218 10.808 8.170 7.117 10.127 13.472 1.366 13.246 12.476 4.631 7.897 16.619 3.289 10.604 0.375 6.258 14.604 11.188 14.551 
8.329 6.777 7.506 5.652 2.900 7.763 7.034 3.723 6.412 6.577 3.006 2.813 7.180 3.836 6.875 6.977 3.823 9.151 3.427 9.504 5.859 5.957 7.081 7.595 4.857 10.232 7.620 6.036 6.006 4.669 
14.590 10.179 15.122 3.240 10.992 14.395 5.898 7.046 2.194 7.877 11.111 9.666 2.675 4.368 11.227 13.195 8.491 8.254 11.462 3.794 6.156 2.248 10.598 5.834 4.197 8.788 2.454 14.136 3.853 9.495 
14.148 11.335 13.369 5.646 8.189 9.758 1.231 2.742 5.372 9.878 8.388 5.890 2.726 4.527 11.922 12.752 4.014 11.502 8.405 4.217 8.297 4.621 5.387 9.117 1.831 12.364 6.727 11.348 1.411 4.757 
6.638 1.547 8.656 5.492 7.775 13.631 11.336 9.125 6.488 1.118 7.690 8.943 9.630 5.633 2.747 5.460 9.764 3.688 8.437 11.885 2.523 6.756 13.063 3.795 8.333 4.731 6.556 9.570 9.315 10.735 
12.822 8.832 13.088 2.016 8.827 12.368 4.898 5.105 1.465 6.817 8.950 7.541 2.301 2.311 9.738 11.407 6.521 7.898 9.293 4.517 5.081 0.753 8.958 5.432 2.374 8.658 2.821 11.983 2.581 7.573 
6.471 8.415 3.663 10.417 2.172 6.268 11.246 7.674 11.274 9.616 1.998 4.702 12.037 8.735 7.698 5.728 6.839 12.360 1.995 14.278 9.686 10.878 9.037 11.544 9.657 13.431 12.367 1.080 10.748 6.922 
4.737 0.564 7.193 7.339 7.551 13.538 12.695 10.087 8.364 3.055 7.412 9.278 11.314 7.163 0.759 3.697 10.476 5.173 8.178 13.633 4.495 8.557 13.752 5.760 9.771 6.080 8.529 8.690 10.833 11.338 
7.092 2.649 8.539 4.439 6.826 12.539 9.986 7.757 5.475 1.694 6.773 7.723 8.410 4.319 3.566 5.772 8.431 4.406 7.490 10.716 1.920 5.639 11.725 3.665 6.997 5.497 5.790 8.970 8.008 9.422 
5.978 4.733 5.806 6.330 3.232 9.135 9.331 6.144 7.297 5.296 3.153 4.788 8.979 4.988 4.583 4.593 6.205 8.040 3.894 11.374 5.244 7.067 9.395 7.101 6.841 9.128 8.197 5.433 8.010 6.955 
13.890 14.943 10.791 13.733 7.116 1.157 10.323 7.983 14.142 15.274 7.270 6.006 12.850 11.799 14.568 13.085 6.544 17.899 6.511 14.281 14.599 13.459 5.368 16.280 10.830 18.982 15.560 7.480 11.385 5.539 
15.848 12.037 15.747 5.158 10.963 13.184 3.579 5.968 4.315 10.001 11.129 9.025 1.116 5.286 12.920 14.427 7.357 10.827 11.300 1.322 8.255 3.856 8.700 8.354 3.471 11.460 5.142 14.181 2.439 8.176 
7.428 9.154 4.548 10.568 2.064 5.311 10.807 7.258 11.369 10.184 1.982 4.168 11.840 8.798 8.510 6.661 6.289 12.933 1.612 14.014 10.110 10.919 8.256 11.962 9.449 14.015 12.534 1.467 10.496 6.249 
10.192 4.904 12.441 5.272 11.066 16.607 12.012 10.845 5.852 2.733 11.026 11.616 9.450 6.586 6.201 9.141 11.858 0.740 11.727 11.265 3.019 6.475 15.014 1.795 9.078 1.492 5.069 13.221 9.721 12.936 
9.060 9.741 6.564 9.643 1.903 4.090 8.871 5.401 10.309 10.252 2.067 2.256 10.238 7.746 9.359 8.079 4.279 12.951 1.329 12.285 9.813 9.760 6.140 11.604 7.868 14.043 11.599 3.594 8.825 4.135 
15.278 11.727 14.992 5.070 10.090 12.158 2.637 4.973 4.382 9.839 10.265 8.061 0.788 4.821 12.531 13.858 6.346 10.920 10.399 2.018 8.117 3.786 7.697 8.444 2.640 11.632 5.440 13.303 1.513 7.151 
5.573 5.502 4.767 7.500 2.376 8.363 9.892 6.503 8.442 6.408 2.232 4.542 9.874 6.046 5.083 4.300 6.284 9.157 2.998 12.245 6.464 8.165 9.296 8.320 7.632 10.236 9.393 4.206 8.797 6.870 
12.320 9.317 11.852 3.939 6.968 9.780 3.252 2.448 3.948 7.882 7.136 5.166 2.915 2.544 9.929 10.909 3.883 9.629 7.313 5.165 6.343 3.197 6.348 7.315 0.524 10.539 5.389 10.186 1.658 4.914 
7.214 2.011 9.743 6.428 9.387 15.276 12.686 10.682 7.328 1.610 9.292 10.602 10.711 6.947 3.252 6.257 11.380 2.637 10.045 12.853 3.333 7.731 14.674 3.826 9.661 3.513 7.077 10.999 10.566 12.367 
3.892 3.185 4.946 7.576 4.928 10.895 11.552 8.463 8.616 4.820 4.765 7.000 10.867 6.685 2.540 2.471 8.530 7.442 5.522 13.268 5.534 8.564 11.687 7.254 8.900 8.461 9.217 5.960 10.054 9.246 
13.596 13.296 11.213 10.655 6.205 3.529 6.620 4.606 10.907 13.057 6.429 3.863 9.241 8.789 13.232 12.500 3.289 15.483 5.847 10.584 12.065 10.182 1.863 13.570 7.372 16.530 12.350 8.109 7.797 2.185 
14.523 14.190 12.100 11.293 7.134 3.886 6.748 5.195 11.479 13.886 7.357 4.776 9.566 9.467 14.147 13.431 3.991 16.270 6.767 10.724 12.843 10.740 1.612 14.301 7.854 17.307 12.925 8.958 8.161 2.907 
8.509 6.094 8.234 4.381 4.133 9.028 6.858 3.996 5.198 5.503 4.208 3.991 6.426 2.663 6.427 7.102 4.527 7.973 4.702 8.813 4.615 4.810 7.827 6.307 4.267 9.041 6.348 7.156 5.436 5.515 
14.077 14.313 11.366 12.155 6.809 2.420 8.165 6.162 12.449 14.284 7.011 4.911 10.836 10.262 14.129 13.090 4.793 16.789 6.329 12.140 13.398 11.732 3.136 14.967 8.955 17.851 13.888 8.113 9.394 3.703 
10.967 6.627 11.717 0.398 8.211 12.731 6.903 6.046 1.446 4.520 8.278 7.663 4.600 1.781 7.619 9.580 7.271 5.739 8.782 6.770 2.780 1.631 10.193 3.347 3.970 6.591 2.280 11.153 4.632 8.375 
15.788 12.558 15.211 6.155 10.099 11.519 1.582 4.679 5.561 10.815 10.293 7.826 2.036 5.602 13.277 14.376 5.913 12.059 10.332 2.413 9.124 4.912 6.763 9.592 3.044 12.808 6.687 13.273 1.923 6.568 
6.234 3.347 7.008 5.220 4.998 10.810 9.543 6.794 6.254 3.507 4.934 6.170 8.569 4.358 3.633 4.820 7.201 6.248 5.663 10.962 3.553 6.194 10.492 5.397 6.732 7.336 6.923 7.144 7.857 8.099 
12.208 8.110 12.622 1.272 8.577 12.455 5.534 5.335 0.970 6.068 8.682 7.518 3.051 1.875 9.042 10.799 6.702 7.180 9.079 5.244 4.330 0.281 9.328 4.725 2.799 7.964 2.415 11.682 3.220 7.782 
8.343 3.338 10.032 3.865 8.230 13.793 10.153 8.407 4.806 0.983 8.195 8.847 8.129 4.429 4.530 7.094 9.275 3.099 8.890 10.297 0.773 5.163 12.515 2.166 7.128 4.180 4.769 10.486 7.998 10.322 
4.569 6.660 2.557 9.802 3.008 8.206 11.845 8.325 10.754 8.168 2.772 5.754 12.106 8.357 5.824 3.741 7.794 10.865 3.268 14.452 8.528 10.481 10.419 10.360 9.810 11.908 11.676 2.496 10.962 8.122 
11.673 7.075 12.600 0.769 9.202 13.679 7.310 6.852 1.077 4.761 9.266 8.624 4.661 2.708 8.158 10.309 8.133 5.479 9.774 6.612 3.036 1.692 10.952 3.003 4.530 6.214 1.314 12.126 4.994 9.234 
13.093 11.782 11.370 8.155 5.970 5.900 4.141 2.061 8.310 11.120 6.204 3.216 6.551 6.380 11.958 11.834 1.269 13.350 5.895 8.021 9.919 7.569 2.145 11.268 4.694 14.357 9.756 8.699 5.099 1.043 
5.924 1.844 7.519 5.563 6.449 12.341 10.758 8.241 6.607 2.281 6.359 7.753 9.407 5.232 2.492 4.615 8.739 4.990 7.109 11.748 3.051 6.727 12.037 4.695 7.829 6.051 6.958 8.249 8.893 9.661 
8.045 6.124 7.552 5.135 3.384 8.483 7.264 4.144 5.961 5.847 3.452 3.543 7.080 3.423 6.301 6.659 4.427 8.421 3.967 9.450 5.143 5.569 7.715 6.899 4.846 9.503 7.100 6.394 6.013 5.328 
12.916 12.701 10.533 10.335 5.526 3.267 6.750 4.385 10.646 12.540 5.749 3.252 9.197 8.439 12.606 11.827 2.985 15.008 5.163 10.675 11.604 9.936 2.377 13.154 7.212 16.064 12.082 7.445 7.733 1.917 
5.667 1.955 7.177 5.754 6.151 12.066 10.758 8.148 6.802 2.634 6.054 7.537 9.509 5.310 2.410 4.334 8.592 5.338 6.809 11.866 3.351 6.887 11.885 5.027 7.860 6.396 7.208 7.902 8.943 9.493 
11.441 11.356 9.113 9.594 4.052 3.358 7.065 4.062 10.032 11.354 4.274 1.964 9.081 7.658 11.203 10.355 2.631 13.901 3.696 10.824 10.544 9.366 3.598 12.179 6.887 14.973 11.438 6.107 7.605 1.943 
8.698 4.756 9.449 2.699 6.414 11.585 7.893 5.922 3.736 3.298 6.436 6.540 6.338 2.202 5.562 7.299 6.803 5.502 7.040 8.680 2.085 3.723 10.030 3.755 4.889 6.548 4.454 9.128 5.891 7.863 
10.314 6.832 10.455 2.261 6.379 10.666 5.784 4.138 2.933 5.343 6.475 5.604 4.452 0.356 7.541 8.892 5.265 7.239 6.904 6.849 3.862 2.499 8.314 5.081 2.782 8.209 4.198 9.459 3.819 6.368 
10.770 7.676 10.558 3.099 6.054 9.856 4.891 3.096 3.538 6.347 6.184 4.870 4.085 1.228 8.281 9.352 4.284 8.296 6.510 6.472 4.910 2.933 7.270 6.125 2.010 9.265 4.923 9.232 3.154 5.388 
7.688 2.839 9.320 4.180 7.628 13.280 10.169 8.189 5.177 1.019 7.582 8.397 8.343 4.433 3.953 6.417 8.965 3.616 8.291 10.580 1.275 5.448 12.239 2.875 7.148 4.708 5.298 9.807 8.087 9.988 
10.666 6.751 11.094 1.288 7.269 11.641 6.171 4.985 2.057 4.951 7.352 6.581 4.308 0.683 7.602 9.254 6.182 6.559 7.815 6.639 3.315 1.788 9.149 4.279 3.156 7.479 3.242 10.294 4.006 7.286 
3.197 6.120 1.822 10.300 4.367 9.544 12.973 9.508 11.299 7.985 4.132 7.087 12.984 9.044 5.092 2.549 9.080 10.574 4.662 15.364 8.626 11.110 11.789 10.392 10.760 11.569 12.088 3.500 11.926 9.465 
6.773 1.575 9.310 6.569 9.078 14.995 12.699 10.584 7.499 1.724 8.975 10.381 10.821 6.966 2.809 5.815 11.233 3.078 9.733 13.001 3.472 7.866 14.532 4.145 9.680 3.954 7.325 10.614 10.617 12.201 
8.168 4.276 8.990 3.213 6.194 11.537 8.319 6.181 4.255 3.025 6.197 6.543 6.855 2.686 5.044 6.772 6.971 5.411 6.835 9.205 2.088 4.257 10.234 3.881 5.336 6.480 4.915 8.798 6.366 8.007 
12.848 9.608 12.504 3.726 7.684 10.454 3.095 3.092 3.551 8.008 7.848 5.896 2.192 2.679 10.296 11.431 4.540 9.570 8.039 4.487 6.391 2.789 6.802 7.188 0.241 10.434 4.964 10.903 1.074 5.538 
3.197 7.128 0.608 11.582 5.227 9.831 14.089 10.580 12.581 9.142 4.992 7.981 14.218 10.313 5.998 3.119 10.044 11.667 5.394 16.589 9.864 12.387 12.580 11.607 11.968 12.633 13.366 3.499 13.129 10.332 
9.155 3.877 11.239 4.657 9.796 15.383 11.289 9.839 5.414 1.496 9.753 10.426 8.955 5.682 5.177 8.034 10.778 1.527 10.458 10.946 1.922 5.937 13.984 1.578 8.294 2.595 4.936 11.945 9.046 11.841 
7.188 3.895 7.866 4.285 5.279 10.862 8.748 6.200 5.313 3.386 5.256 6.010 7.639 3.421 4.403 5.776 6.771 6.027 5.935 10.026 2.973 5.239 10.072 4.827 5.873 7.117 6.036 7.733 6.977 7.738 
3.252 3.665 4.240 8.312 4.918 10.804 12.085 8.900 9.349 5.503 4.731 7.203 11.524 7.366 2.792 1.841 8.860 8.073 5.464 13.927 6.277 9.280 11.943 7.982 9.505 9.071 9.965 5.532 10.666 9.509 
3.351 6.835 1.044 11.057 4.695 9.483 13.522 10.017 12.050 8.755 4.459 7.448 13.652 9.763 5.760 3.020 9.498 11.325 4.893 16.021 9.410 11.845 12.075 11.175 11.398 12.311 12.857 3.226 12.559 9.807 
7.197 7.711 5.233 8.529 0.198 6.143 9.267 5.697 9.336 8.407 0.064 2.942 9.975 6.770 7.293 6.116 5.017 11.142 0.783 12.219 8.175 8.900 7.618 10.015 7.595 12.232 10.495 3.124 8.689 5.306 
13.081 12.762 10.747 10.236 5.688 3.522 6.506 4.239 10.522 12.545 5.913 3.326 8.998 8.353 12.695 11.976 2.869 14.988 5.347 10.441 11.576 9.806 2.104 13.102 7.048 16.039 11.962 7.681 7.539 1.777 
0.116 5.347 3.535 11.369 7.310 12.636 15.265 11.985 12.416 7.788 7.083 9.927 14.738 10.560 4.048 1.406 11.784 9.915 7.686 17.141 8.979 12.409 14.687 10.470 12.727 10.745 12.890 6.462 13.889 12.301 
4.772 2.889 5.790 6.652 4.966 10.948 10.836 7.878 7.693 4.089 4.839 6.728 10.011 5.810 2.646 3.358 8.080 6.785 5.604 12.409 4.653 7.653 11.307 6.411 8.108 7.835 8.292 6.469 9.250 8.872 
12.671 12.985 10.007 11.255 5.408 1.989 8.025 5.483 11.642 13.066 5.607 3.681 10.397 9.328 12.762 11.682 4.040 15.625 4.921 11.936 12.270 10.955 3.514 13.900 8.334 16.698 13.064 6.786 8.925 3.062 
6.279 4.594 6.262 5.861 3.550 9.372 9.056 5.963 6.833 4.952 3.494 4.859 8.586 4.551 4.575 4.875 6.132 7.684 4.215 10.986 4.810 6.615 9.368 6.667 6.491 8.775 7.726 5.884 7.657 6.938 
13.372 13.905 10.548 12.233 6.229 1.483 8.742 6.400 12.604 14.039 6.416 4.663 11.248 10.310 13.642 12.440 4.970 16.608 5.697 12.692 13.259 11.910 3.907 14.891 9.243 17.683 14.031 7.266 9.783 3.945 
16.509 13.601 15.642 7.447 10.367 11.017 1.251 4.823 6.916 11.993 10.577 7.880 3.439 6.685 14.239 15.114 5.812 13.367 10.515 3.349 10.338 6.240 5.953 10.913 3.994 14.144 8.080 13.455 3.041 6.249 
7.509 9.662 4.350 11.344 2.850 5.331 11.522 7.990 12.152 10.817 2.758 4.872 12.618 9.583 8.940 6.876 6.970 13.565 2.394 14.778 10.812 11.706 8.750 12.668 10.226 14.640 13.308 1.044 11.265 6.854 
12.619 9.359 12.313 3.527 7.540 10.451 3.333 3.107 3.403 7.764 7.699 5.823 2.345 2.431 10.049 11.201 4.548 9.348 7.910 4.676 6.153 2.642 6.912 6.975 0.348 10.219 4.829 10.757 1.313 5.568 
2.634 7.823 2.430 13.340 7.668 12.089 16.414 12.946 14.372 10.180 7.433 10.422 16.328 12.279 6.540 3.602 12.468 12.421 7.843 18.722 11.222 14.269 15.029 12.818 14.153 13.275 14.997 5.733 15.322 12.779 
6.431 5.207 6.027 6.229 2.892 8.713 8.882 5.648 7.163 5.612 2.844 4.277 8.655 4.766 5.100 5.062 5.682 8.340 3.556 11.040 5.410 6.882 8.871 7.263 6.465 9.431 8.137 5.353 7.634 6.432 
12.687 8.724 12.941 1.957 8.681 12.250 4.893 5.002 1.485 6.732 8.803 7.409 2.379 2.167 9.621 11.271 6.412 7.860 9.149 4.626 5.001 0.742 8.883 5.400 2.300 8.633 2.873 11.836 2.574 7.469 
17.207 14.101 16.452 7.695 11.217 11.928 2.117 5.681 7.057 12.373 11.423 8.768 3.468 7.147 14.798 15.803 6.716 13.582 11.384 2.744 10.681 6.435 6.820 11.110 4.534 14.309 8.107 14.327 3.460 7.169 
16.080 12.252 15.980 5.355 11.188 13.358 3.680 6.166 4.494 10.200 11.356 9.235 1.350 5.515 13.140 14.658 7.547 10.989 11.522 1.099 8.453 4.055 8.826 8.519 3.697 11.609 5.279 14.406 2.651 8.352 
11.568 12.744 8.533 12.211 4.890 1.171 9.921 6.974 12.748 13.245 5.023 4.350 11.999 10.271 12.309 10.760 5.552 15.925 4.258 13.733 12.719 12.120 5.673 14.469 9.775 17.015 14.117 5.220 10.524 4.797 
3.423 1.930 6.277 8.669 7.640 13.580 13.709 10.886 9.705 4.467 7.468 9.695 12.531 8.334 0.675 2.603 11.113 6.429 8.218 14.881 5.896 9.856 14.329 7.171 10.858 7.258 9.925 8.236 11.956 11.890 
8.663 10.384 5.598 11.289 2.875 4.103 10.760 7.310 12.021 11.296 2.885 4.165 12.131 9.442 9.776 7.936 6.154 14.041 2.245 14.194 11.102 11.513 7.631 12.940 9.753 15.128 13.257 2.297 10.727 5.889 
5.832 1.103 7.808 5.979 7.180 13.105 11.465 9.027 7.005 1.964 7.078 8.558 9.976 5.858 2.050 4.624 9.547 4.503 7.836 12.284 3.182 7.199 12.846 4.605 8.505 5.525 7.203 8.809 9.541 10.472 
10.301 10.449 7.962 9.352 2.929 3.653 7.696 4.382 9.898 10.638 3.145 1.493 9.372 7.412 10.217 9.238 3.092 13.257 2.541 11.284 9.972 9.282 4.723 11.682 7.066 14.341 11.260 5.008 7.917 2.768 
12.494 11.535 10.603 8.492 5.239 5.065 5.046 2.461 8.751 11.076 5.475 2.504 7.291 6.635 11.613 11.278 1.138 13.422 5.100 8.877 9.992 8.031 2.335 11.448 5.278 14.455 10.193 7.841 5.820 0.126 
4.117 4.295 4.253 7.901 3.890 9.821 11.197 7.934 8.914 5.739 3.712 6.150 10.829 6.756 3.642 2.765 7.835 8.426 4.458 13.229 6.225 8.767 10.896 8.020 8.720 9.467 9.664 4.871 9.889 8.464 
11.258 10.500 9.371 8.135 3.994 4.872 5.802 2.576 8.537 10.230 4.230 1.259 7.603 6.210 10.503 10.055 1.205 12.685 3.879 9.429 9.283 7.862 3.523 10.849 5.378 13.742 9.952 6.682 6.131 1.124 
14.430 9.920 15.074 3.067 11.075 14.648 6.329 7.324 2.023 7.572 11.185 9.856 3.118 4.384 10.996 13.045 8.762 7.844 11.564 4.249 5.870 2.237 10.960 5.446 4.490 8.354 2.045 14.191 4.235 9.785 
11.956 6.665 14.026 5.063 12.131 17.380 11.680 11.072 5.321 4.299 12.122 12.308 8.821 6.756 7.967 10.852 12.236 2.436 12.778 10.348 3.904 6.046 15.233 2.069 8.923 2.430 4.181 14.537 9.362 13.337 
6.905 8.590 4.169 10.225 1.818 5.843 10.812 7.243 11.055 9.666 1.679 4.233 11.689 8.498 7.935 6.103 6.370 12.415 1.541 13.906 9.644 10.633 8.530 11.500 9.303 13.493 12.185 1.415 10.378 6.427 
13.872 14.472 10.987 12.762 6.776 1.575 9.081 6.879 13.115 14.610 6.959 5.231 11.670 10.844 14.201 12.961 5.463 17.176 6.233 13.047 13.822 12.414 4.106 15.448 9.710 18.250 14.545 7.688 10.213 4.414 
8.232 4.318 9.057 3.147 6.243 11.569 8.286 6.173 4.189 3.028 6.248 6.568 6.803 2.641 5.096 6.837 6.976 5.391 6.882 9.150 2.053 4.195 10.235 3.836 5.299 6.458 4.848 8.857 6.324 8.016 
13.273 8.556 14.212 2.159 10.646 14.779 7.344 7.653 1.401 6.133 10.726 9.807 4.284 3.953 9.688 11.917 9.032 6.287 11.191 5.760 4.485 2.079 11.572 3.897 4.988 6.812 0.493 13.643 5.081 10.109 
4.926 4.825 4.574 7.532 3.122 9.097 10.427 7.114 8.515 5.939 2.962 5.294 10.207 6.231 4.336 3.605 6.981 8.675 3.724 12.598 6.181 8.304 10.037 8.021 8.035 9.742 9.368 4.571 9.204 7.604 
8.513 10.346 5.405 11.397 2.940 4.280 10.966 7.505 12.142 11.309 2.932 4.358 12.304 9.562 9.712 7.815 6.364 14.056 2.330 14.381 11.150 11.643 7.862 12.993 9.923 15.141 13.366 2.096 10.906 6.113 
11.062 8.102 10.711 3.467 6.042 9.572 4.475 2.664 3.812 6.812 6.187 4.652 3.925 1.663 8.676 9.648 3.904 8.760 6.461 6.280 5.378 3.156 6.830 6.572 1.698 9.725 5.227 9.245 2.866 5.005 
1.085 5.857 2.567 11.426 6.628 11.774 14.910 11.544 12.466 8.185 6.396 9.310 14.585 10.465 4.592 1.609 11.241 10.465 6.951 16.988 9.232 12.400 14.044 10.820 12.488 11.345 13.042 5.539 13.657 11.691 
14.539 13.452 14.534 8.389 14.310 12.190 4.424 10.168 11.826 15.044 7.323 15.223 9.881 3.003 12.552 11.356 5.709 1.498 13.172 8.706 4.619 9.602 0.735 8.986 15.559 12.785 13.212 8.782 1.500 14.364 
13.393 10.787 14.018 3.600 11.318 12.088 4.304 11.827 9.595 13.561 5.573 12.950 5.769 7.132 12.424 7.142 0.427 6.693 8.211 4.857 0.679 8.015 5.366 3.719 11.999 10.670 9.660 3.708 4.138 10.991 
12.598 12.624 12.214 9.861 13.652 9.802 4.501 6.995 10.858 13.283 6.934 13.978 10.570 0.668 10.148 11.954 8.155 2.636 14.423 9.389 7.093 8.523 3.013 11.362 15.261 11.631 13.080 10.502 3.810 13.997 
9.569 5.451 10.912 3.435 5.384 10.057 7.624 12.174 5.394 9.239 5.473 7.679 1.532 11.748 10.255 0.447 6.785 12.392 2.802 2.729 7.437 5.797 11.085 5.679 5.315 6.216 3.281 3.714 9.882 4.613 
7.269 7.440 7.141 7.771 8.536 4.806 3.733 4.104 5.660 7.899 3.207 8.597 7.185 5.510 5.169 8.216 8.125 7.341 11.249 6.273 7.521 3.422 6.697 10.391 10.339 6.311 8.412 8.636 6.324 9.074 
5.802 9.195 4.311 13.259 10.266 3.107 9.695 2.697 7.981 6.791 8.685 8.794 11.975 10.108 3.090 12.509 14.087 12.210 15.693 11.416 13.509 7.161 12.004 16.101 12.313 7.764 11.341 14.140 11.970 11.278 
4.520 1.859 6.249 9.584 1.361 6.987 10.887 10.784 3.546 3.675 7.986 1.412 7.159 14.347 6.935 6.343 12.513 15.804 8.569 7.764 12.756 5.880 14.770 12.307 2.657 2.817 3.485 10.168 13.870 2.315 
3.572 2.026 4.811 7.803 3.172 4.284 7.636 7.541 0.708 3.515 4.843 3.189 5.699 10.845 4.392 5.658 10.129 12.403 8.705 5.755 10.125 2.441 11.452 10.782 5.175 0.774 3.979 8.578 10.662 4.011 
9.623 5.316 11.070 4.422 5.031 10.434 8.632 12.823 5.602 9.191 6.364 7.438 2.557 12.752 10.603 1.137 7.780 13.432 2.410 3.755 8.464 6.383 12.128 6.420 4.603 6.288 2.897 4.603 10.929 4.105 
12.720 9.446 13.632 1.506 9.762 12.023 5.614 12.605 8.598 12.705 5.550 11.707 3.942 9.200 12.323 5.087 2.198 9.078 5.692 3.457 3.173 7.579 7.724 1.889 10.098 9.650 7.868 1.216 6.459 9.234 
7.505 7.638 7.369 7.748 8.728 5.027 3.566 4.172 5.857 8.134 3.226 8.821 7.237 5.274 5.390 8.299 8.007 7.105 11.307 6.299 7.380 3.599 6.468 10.329 10.516 6.525 8.565 8.607 6.111 9.249 
4.548 5.168 4.669 8.286 6.312 2.655 5.910 4.541 3.500 5.145 3.920 5.958 6.888 8.264 2.980 7.473 9.625 10.063 10.659 6.368 9.279 2.077 9.332 11.212 8.280 3.851 6.742 9.161 8.804 7.068 
7.418 3.157 9.089 7.642 2.217 9.232 10.518 12.525 4.529 6.716 7.724 4.569 5.290 14.440 9.284 4.026 10.903 15.536 5.513 6.267 11.397 6.466 14.340 9.973 1.008 4.575 1.562 8.016 13.261 1.084 
7.870 4.121 9.110 3.850 4.425 8.135 6.454 10.269 3.628 7.655 3.900 6.397 1.464 10.509 8.344 1.555 6.854 11.426 4.738 2.101 7.240 3.861 10.189 6.677 5.099 4.566 2.730 4.486 9.075 4.037 
13.549 11.323 14.019 4.706 11.956 11.954 3.740 11.264 9.985 13.809 5.661 13.405 6.666 5.975 12.302 8.099 1.717 5.405 9.419 5.632 0.641 8.175 4.092 5.003 12.808 11.048 10.442 4.932 2.894 11.736 
13.316 12.063 13.410 7.091 12.905 11.112 3.062 9.461 10.458 13.779 5.936 13.872 8.483 3.042 11.475 9.957 4.687 2.512 11.866 7.302 3.585 8.268 1.154 7.977 14.138 11.434 11.790 7.546 0.123 12.946 
2.853 3.361 3.677 8.676 4.490 2.837 7.561 6.220 2.092 3.200 5.037 3.826 6.779 10.322 2.960 6.934 10.649 12.040 10.047 6.629 10.498 2.535 11.213 11.674 6.531 1.930 5.428 9.500 10.559 5.414 
14.909 11.205 15.976 3.665 11.281 14.537 8.323 15.335 10.681 14.769 8.207 13.478 5.678 11.694 14.820 6.303 4.183 11.285 5.370 5.677 5.286 10.028 9.971 0.915 11.146 11.676 9.200 2.806 8.748 10.532 
7.092 7.660 6.815 8.427 8.779 4.431 4.322 3.439 5.896 7.785 3.841 8.656 7.777 5.683 4.791 8.762 8.771 7.607 11.828 6.896 8.145 3.766 7.062 11.055 10.641 6.454 8.800 9.293 6.785 9.384 
8.495 4.887 10.225 9.853 3.744 10.844 12.918 14.437 6.550 7.622 10.107 5.353 7.586 16.815 10.830 6.223 13.171 17.938 6.884 8.621 13.721 8.685 16.743 11.941 1.769 6.300 3.961 10.130 15.662 3.033 
11.485 7.922 12.544 0.583 8.141 11.157 6.023 12.283 7.270 11.373 5.059 10.198 2.342 9.968 11.429 3.353 3.795 10.170 4.224 2.260 4.604 6.635 8.816 2.884 8.372 8.283 6.181 0.685 7.553 7.548 
8.867 4.554 10.326 4.715 4.294 9.745 8.474 12.256 4.880 8.429 6.037 6.685 2.553 12.572 9.904 1.101 8.046 13.366 3.160 3.707 8.651 5.807 12.087 6.956 4.025 5.538 2.155 5.018 10.918 3.411 
0.693 5.108 1.113 11.913 5.892 3.016 10.643 7.006 4.864 1.549 8.297 3.797 9.873 12.869 2.739 9.772 13.948 14.760 12.700 9.858 13.770 5.825 14.086 14.907 7.776 4.013 7.618 12.714 13.569 7.035 
12.778 8.873 13.969 2.394 8.867 12.755 7.834 14.093 8.533 12.554 6.875 11.128 3.533 11.695 13.007 3.889 4.880 11.733 3.161 3.921 5.878 8.245 10.375 2.464 8.668 9.472 6.762 1.697 9.106 8.078 
5.904 1.586 7.419 6.558 1.716 7.135 8.406 10.201 2.246 5.447 5.530 3.812 4.135 12.201 7.238 3.442 9.532 13.422 6.132 4.768 9.839 4.077 12.284 9.307 2.907 2.629 1.128 7.151 11.278 1.645 
15.903 12.105 17.004 4.735 12.116 15.603 9.374 16.426 11.664 15.732 9.297 14.368 6.642 12.648 15.882 7.138 5.098 12.133 5.773 6.723 6.189 11.088 10.842 1.960 11.845 12.640 10.006 3.865 9.644 11.312 
11.059 6.724 12.515 4.547 6.351 11.857 9.402 14.126 7.045 10.607 7.416 8.791 3.387 13.515 12.033 2.308 7.812 14.001 0.967 4.525 8.638 7.718 12.665 5.868 5.621 7.730 4.250 4.446 11.426 5.344 
9.728 10.602 9.125 10.138 11.716 6.731 4.930 3.686 8.833 10.514 6.016 11.559 10.060 3.767 7.058 11.231 9.507 5.876 14.129 9.014 8.620 6.638 5.847 12.339 13.550 9.396 11.625 10.937 6.119 12.287 
6.059 1.700 7.694 7.452 0.993 7.757 9.575 11.074 3.087 5.433 6.700 3.447 5.017 13.364 7.812 4.061 10.543 14.591 6.295 5.785 10.905 5.155 13.450 10.069 1.766 3.101 1.171 7.971 12.436 0.497 
2.167 4.187 2.627 9.727 5.261 1.906 8.208 5.693 3.151 2.813 5.881 4.096 7.875 10.617 1.951 8.035 11.569 12.441 11.138 7.688 11.353 3.459 11.709 12.723 7.311 2.762 6.423 10.561 11.151 6.271 
