80 30 30
8.156 20.208 22.389 8.183 16.655 11.934 25.013 14.146 8.467 20.613 19.466 14.536 9.546 26.042 5.945 15.532 18.711 25.082 7.812 14.834 12.492 8.981 5.113 22.975 6.143 7.834 21.332 23.179 4.894 13.874 25.899 25.572 8.323 4.362 10.577 18.266 20.000 18.810 20.131 15.217 16.463 14.565 16.426 25.821 5.025 10.251 4.466 24.737 23.400 9.364 19.744 8.899 12.278 13.594 6.002 4.749 25.848 14.360 23.403 11.075 8.989 23.653 14.525 9.577 4.447 8.962 9.913 4.717 7.846 14.571 7.081 20.086 13.966 26.043 25.021 8.319 20.171 6.774 11.257 19.521 
16.410 64.276 22.402 50.465 15.537 65.616 36.927 66.795 11.255 11.003 7.395 41.206 48.546 21.581 40.922 43.620 16.336 65.710 26.431 58.757 47.553 52.865 21.044 51.721 14.846 54.002 46.881 65.768 29.943 47.335 
34.070 25.378 17.873 7.530 21.088 7.963 27.143 21.574 5.718 5.440 20.614 24.751 24.211 26.541 22.379 12.250 19.914 31.967 17.219 11.804 28.091 25.443 10.739 16.477 32.974 29.197 12.406 13.628 14.880 12.314 
709.577 1310.051 805.985 1188.825 677.111 1305.604 1032.122 1314.932 601.486 569.224 502.305 1099.954 1153.336 748.273 1077.757 1111.022 679.186 1396.238 844.992 1310.352 1080.978 1285.070 770.929 1226.460 619.908 1260.432 1078.219 1386.018 912.874 1125.458 
3.323 6.813 1.355 10.837 4.586 12.931 8.073 9.532 4.626 8.809 5.927 10.870 14.593 6.330 9.317 9.838 8.202 7.119 6.886 5.684 12.168 7.630 10.997 4.595 5.371 15.667 9.196 6.119 7.973 8.943 
10.667 7.586 9.654 4.793 6.066 11.685 10.751 10.382 11.772 10.898 3.660 13.796 13.697 7.945 0.757 12.575 4.135 7.686 1.862 11.825 4.289 5.565 3.283 10.633 3.391 14.614 16.346 7.844 0.880 12.832 
2.496 7.628 1.925 11.450 5.331 13.758 8.898 10.367 5.199 9.638 6.482 11.664 15.426 7.157 9.678 10.646 8.841 7.935 7.217 6.360 12.660 8.357 11.486 5.327 5.680 16.501 9.624 6.944 8.334 9.716 
8.743 5.345 7.142 5.066 3.453 10.388 8.433 8.413 9.124 8.695 1.121 11.570 12.389 5.578 3.048 10.337 3.003 5.508 1.162 9.187 5.854 3.815 4.681 7.987 1.544 13.390 13.699 5.445 1.775 10.420 
9.290 6.689 5.560 12.797 7.167 10.431 4.746 6.885 2.294 5.486 9.576 5.638 11.314 6.025 13.495 5.225 10.443 6.830 11.617 1.415 15.056 8.974 14.056 2.665 10.506 12.255 3.211 5.993 12.349 3.669 
14.826 5.465 11.723 3.127 7.112 4.604 7.348 5.568 11.745 6.875 6.609 9.164 6.461 6.156 7.165 8.248 4.134 5.227 7.908 10.846 5.494 4.080 5.328 10.216 8.627 7.224 14.918 6.286 7.320 9.388 
1.114 10.562 4.896 13.584 8.062 16.730 11.995 13.420 7.984 12.730 8.608 14.744 18.451 10.146 11.006 13.741 11.130 10.867 8.597 9.290 14.342 10.954 13.189 8.349 7.147 19.527 11.969 9.930 9.738 12.774 
13.762 6.342 9.697 11.597 8.528 6.283 3.226 3.973 7.078 3.038 10.533 0.398 6.511 6.081 13.896 1.357 10.075 6.235 12.812 5.575 14.179 8.473 13.472 6.263 12.257 7.304 7.060 6.230 13.118 1.829 
13.984 4.800 10.937 2.655 6.291 4.985 6.953 5.342 11.094 6.561 5.749 9.025 6.930 5.497 6.489 8.033 3.289 4.585 7.094 10.261 5.187 3.247 4.852 9.569 7.776 7.764 14.438 5.611 6.554 9.062 
13.015 4.457 10.174 1.888 5.452 6.035 7.060 5.751 10.658 6.803 4.613 9.468 8.021 5.142 5.319 8.387 2.097 4.307 5.865 9.972 4.485 2.444 3.931 9.157 6.590 8.899 14.309 5.212 5.326 9.238 
9.090 4.159 6.927 4.532 2.635 9.193 7.288 7.186 8.502 7.510 0.476 10.397 11.187 4.448 3.719 9.166 2.079 4.305 2.372 8.392 5.860 2.605 4.708 7.246 2.506 12.197 12.940 4.334 2.673 9.327 
2.758 9.561 5.019 11.865 6.902 15.702 11.461 12.620 8.309 12.125 6.987 14.422 17.524 9.255 9.051 13.327 9.531 9.857 6.687 9.407 12.447 9.572 11.309 8.299 5.306 18.597 12.718 9.038 7.814 12.566 
10.743 2.072 6.789 7.930 4.302 5.788 1.102 2.147 5.510 1.477 6.222 4.244 7.229 1.774 9.674 3.012 5.983 2.028 8.501 4.347 10.394 4.368 9.544 4.052 7.987 8.292 8.291 1.937 8.832 3.249 
15.871 7.174 11.801 11.285 9.744 4.573 4.649 4.047 9.478 4.016 11.375 2.249 4.190 7.161 14.252 2.903 10.332 6.969 13.599 7.976 13.880 8.850 13.363 8.474 13.321 4.839 9.619 7.356 13.691 4.247 
7.998 3.904 5.733 5.664 1.705 9.534 6.851 7.101 7.430 7.196 0.801 10.025 11.482 4.007 4.708 8.792 3.086 4.120 2.838 7.440 7.053 3.066 5.897 6.249 2.244 12.523 11.962 3.848 3.506 8.760 
13.156 3.339 9.280 7.307 6.051 3.241 2.647 0.511 8.003 1.935 7.340 4.088 4.756 3.588 10.083 3.129 6.163 3.071 9.510 6.734 9.908 4.693 9.292 6.581 9.378 5.831 10.188 3.805 9.541 4.369 
9.649 3.895 5.574 10.010 5.028 7.835 2.061 4.173 3.430 2.883 7.354 4.304 8.993 3.279 11.149 3.355 7.790 3.999 9.560 2.078 12.360 6.245 11.416 2.224 8.703 10.009 6.017 3.296 10.123 2.392 
13.870 8.939 12.488 3.683 8.294 11.315 12.007 11.065 14.177 11.932 6.029 14.740 13.223 9.480 2.530 13.590 4.979 8.929 4.978 13.959 1.535 6.585 1.508 12.870 6.503 13.987 18.505 9.447 3.832 14.197 
6.165 5.947 2.287 11.528 5.135 11.300 5.690 7.630 1.044 6.516 7.390 7.905 12.637 5.267 11.284 7.070 8.924 6.203 9.122 2.208 13.444 7.757 12.339 1.526 7.816 13.675 5.765 5.123 10.020 5.857 
12.813 3.452 8.848 8.114 6.084 3.951 1.829 0.492 7.296 1.036 7.645 3.243 5.200 3.513 10.650 2.200 6.753 3.239 9.876 5.960 10.703 5.202 10.031 5.937 9.599 6.252 9.253 3.720 10.010 3.407 
17.705 7.604 13.933 8.335 10.197 1.472 7.208 5.140 12.671 6.394 10.751 6.983 1.462 8.054 12.249 6.745 8.704 7.299 12.551 11.337 10.645 7.830 10.538 11.279 12.892 2.017 14.253 8.266 12.190 8.322 
13.258 3.152 9.547 6.101 5.784 3.025 3.622 1.690 8.677 3.040 6.686 5.337 4.884 3.618 9.091 4.373 5.187 2.847 8.747 7.525 8.704 3.857 8.136 7.189 8.794 5.943 11.245 3.826 8.660 5.540 
7.232 6.588 3.606 12.455 6.255 11.379 5.612 7.703 0.386 6.435 8.593 7.307 12.529 5.889 12.518 6.650 9.917 6.805 10.426 1.525 14.500 8.625 13.424 1.821 9.163 13.531 4.364 5.786 11.283 5.247 
10.640 8.669 7.263 14.789 9.264 11.729 6.350 8.401 4.008 6.977 11.672 6.280 12.325 8.027 15.591 6.267 12.493 8.784 13.704 3.502 17.096 10.993 16.114 4.730 12.568 13.176 1.276 8.013 14.445 4.695 
10.938 5.786 6.952 11.822 7.094 8.431 3.074 5.074 4.040 3.652 9.420 3.427 9.170 5.235 13.193 3.057 9.738 5.834 11.628 2.577 14.250 8.155 13.351 3.531 10.750 10.085 4.606 5.284 12.184 1.471 
14.124 6.787 11.822 0.667 7.142 8.048 9.547 8.246 12.771 9.309 5.521 11.964 9.927 7.439 4.228 10.893 3.277 6.681 5.800 12.233 2.063 4.508 1.941 11.316 6.997 10.677 16.661 7.474 4.867 11.733 
11.714 2.941 7.713 8.388 5.341 5.122 0.692 1.462 6.109 0.425 7.170 3.298 6.381 2.778 10.478 2.072 6.680 2.818 9.443 4.793 10.925 5.069 10.148 4.746 8.996 7.427 8.303 2.958 9.707 2.719 
5.455 7.207 2.228 12.641 6.158 12.589 6.942 8.914 1.668 7.771 8.282 8.984 13.899 6.535 12.098 8.226 10.005 7.469 9.827 3.162 14.453 8.923 13.325 2.782 8.428 14.930 5.686 6.383 10.796 6.920 
7.234 4.806 5.425 6.391 2.311 10.539 7.623 8.026 7.539 8.028 1.395 10.808 12.480 4.826 4.748 9.583 3.930 5.042 2.502 7.745 7.499 4.068 6.326 6.509 1.433 13.525 12.191 4.648 3.433 9.429 
16.155 6.036 12.493 6.668 8.537 1.098 6.212 4.066 11.535 5.460 8.975 6.776 2.886 6.552 10.492 6.231 6.910 5.729 10.757 10.299 9.076 6.058 8.877 10.077 11.115 3.726 13.642 6.755 10.403 7.711 
2.432 7.881 2.792 11.200 5.398 14.050 9.439 10.774 6.084 10.146 6.194 12.310 15.784 7.475 9.119 11.251 8.652 8.186 6.648 7.178 12.234 8.341 11.062 6.087 5.114 16.861 10.562 7.258 7.786 10.408 
9.685 4.927 7.771 4.017 3.576 9.519 8.089 7.818 9.438 8.256 1.262 11.153 11.531 5.281 2.792 9.927 1.986 5.039 1.897 9.331 5.036 3.052 3.868 8.187 2.613 12.511 13.879 5.183 1.852 10.168 
12.628 2.802 8.772 7.090 5.513 3.711 2.374 0.564 7.596 1.779 6.849 4.268 5.286 3.046 9.696 3.207 5.783 2.540 9.040 6.373 9.679 4.269 9.014 6.149 8.870 6.362 9.989 3.263 9.108 4.287 
13.983 7.884 12.152 2.170 7.674 9.774 10.842 9.734 13.508 10.693 5.641 13.440 11.665 8.481 3.095 12.324 3.997 7.832 5.212 13.140 0.638 5.517 0.586 12.123 6.625 12.418 17.650 8.477 4.114 13.040 
9.239 5.747 5.325 11.861 6.358 9.593 3.856 6.001 2.286 4.623 8.763 5.119 10.564 5.089 12.662 4.544 9.532 5.884 10.854 0.884 14.140 8.047 13.152 2.067 9.805 11.532 4.135 5.064 11.544 3.070 
9.888 3.003 7.205 4.029 2.494 7.787 6.173 5.853 8.225 6.300 1.732 9.198 9.777 3.436 4.601 7.977 1.372 3.088 3.737 7.871 5.921 1.196 4.869 6.834 3.872 10.791 12.406 3.373 3.817 8.295 
1.560 9.362 4.075 12.330 6.823 15.535 10.942 12.282 7.314 11.654 7.347 13.783 17.284 8.973 9.858 12.740 9.865 9.666 7.421 8.515 13.144 9.693 11.985 7.484 5.943 18.360 11.581 8.756 8.567 11.857 
8.458 8.718 5.514 14.704 8.587 12.888 7.162 9.308 2.716 7.926 10.929 8.005 13.779 8.025 14.853 7.680 12.206 8.905 12.740 3.222 16.805 10.861 15.740 4.057 11.444 14.713 2.430 7.948 13.612 6.106 
6.918 3.950 2.897 9.499 3.228 9.625 4.385 6.041 2.664 5.154 5.593 7.161 11.127 3.292 9.529 6.117 6.918 4.221 7.536 2.695 11.480 5.712 10.397 1.449 6.398 12.190 7.148 3.129 8.325 5.283 
13.222 3.298 9.791 4.474 5.488 3.767 4.926 3.261 9.457 4.488 5.792 6.958 5.780 3.949 7.681 5.950 3.871 3.019 7.644 8.479 7.076 2.872 6.544 7.930 7.933 6.763 12.494 4.112 7.399 6.997 
11.924 3.927 9.198 2.217 4.463 6.751 6.833 5.845 9.914 6.708 3.488 9.506 8.764 4.565 4.616 8.358 0.992 3.846 4.836 9.350 4.578 1.628 3.768 8.445 5.481 9.696 13.788 4.594 4.411 9.031 
18.799 8.957 14.851 10.676 11.661 3.145 7.681 5.958 13.085 6.860 12.580 6.386 1.134 9.264 14.461 6.595 10.762 8.668 14.537 11.640 13.046 9.683 12.884 11.843 14.707 0.681 13.833 9.481 14.287 8.159 
10.017 4.145 5.945 10.240 5.416 7.723 1.955 4.100 3.644 2.747 7.724 3.927 8.803 3.561 11.492 3.029 8.075 4.224 9.942 2.214 12.622 6.511 11.698 2.549 9.105 9.803 5.857 3.597 10.484 1.980 
11.759 7.911 10.590 4.153 6.724 11.440 11.076 10.492 12.542 11.141 4.334 14.026 13.432 8.347 0.426 12.824 4.149 7.970 2.892 12.490 3.237 5.714 2.331 11.332 4.430 14.304 17.035 8.271 1.771 13.211 
7.411 3.199 3.489 8.777 2.649 8.976 3.960 5.449 3.347 4.679 5.053 6.909 10.535 2.551 8.984 5.799 6.220 3.475 7.098 3.125 10.805 4.972 9.738 1.971 6.065 11.605 7.662 2.381 7.820 5.149 
5.372 5.002 3.042 8.456 2.422 11.165 7.030 8.057 5.455 7.637 3.555 10.117 12.961 4.686 7.124 8.960 5.829 5.302 4.787 5.968 9.818 5.375 8.651 4.712 3.383 14.035 10.191 4.469 5.796 8.423 
11.288 2.962 7.264 8.665 5.171 5.654 0.232 1.993 5.580 0.782 7.127 3.348 6.887 2.675 10.560 2.119 6.829 2.892 9.406 4.260 11.170 5.211 10.355 4.233 8.876 7.926 7.832 2.830 9.732 2.428 
9.796 1.182 5.966 7.302 3.078 6.499 2.272 3.076 5.274 2.693 5.058 5.451 8.116 0.619 8.637 4.223 5.107 1.314 7.335 4.386 9.653 3.539 8.727 3.746 6.772 9.191 8.700 0.735 7.726 4.270 
15.835 6.053 12.520 4.565 8.074 3.446 7.331 5.324 12.180 6.728 7.872 8.653 5.151 6.706 8.629 7.886 5.479 5.776 9.307 11.138 6.820 5.150 6.748 10.658 9.943 5.841 14.954 6.869 8.761 9.194 
13.599 3.682 9.748 7.183 6.394 2.747 3.138 0.993 8.505 2.404 7.555 4.332 4.323 3.990 10.138 3.464 6.222 3.399 9.684 7.235 9.785 4.819 9.223 7.081 9.626 5.400 10.644 4.207 9.658 4.785 
14.651 5.504 10.619 9.590 8.137 3.501 3.356 2.317 8.652 2.589 9.665 2.398 3.924 5.561 12.498 2.189 8.578 5.281 11.873 7.196 12.191 7.100 11.640 7.461 11.645 4.855 9.651 5.765 11.944 3.780 
7.037 4.901 2.985 10.669 4.474 10.148 4.556 6.478 1.448 5.378 6.839 6.917 11.492 4.210 10.773 6.016 8.120 5.142 8.751 1.627 12.702 6.850 11.628 0.467 7.566 12.534 5.929 4.083 9.561 4.905 
15.790 6.341 11.783 9.696 9.036 2.755 4.538 3.127 9.888 3.739 10.365 3.402 2.733 6.498 12.917 3.409 9.016 6.087 12.510 8.436 12.269 7.646 11.828 8.677 12.412 3.624 10.800 6.710 12.478 4.992 
5.730 7.602 2.738 13.120 6.657 12.848 7.146 9.166 1.708 7.976 8.804 9.024 14.102 6.921 12.628 8.327 10.493 7.856 10.362 3.205 14.960 9.380 13.836 3.033 8.963 15.122 5.267 6.778 11.329 6.961 
9.931 4.351 5.865 10.454 5.535 7.949 2.189 4.334 3.464 2.972 7.863 4.019 9.007 3.754 11.653 3.174 8.269 4.438 10.069 2.010 12.826 6.712 11.894 2.439 9.204 10.002 5.623 3.781 10.631 2.023 
14.838 8.104 12.817 2.021 8.225 9.285 10.917 9.628 13.969 10.691 6.361 13.346 11.108 8.741 4.133 12.276 4.404 8.014 6.165 13.498 0.902 5.781 1.592 12.541 7.529 11.803 17.961 8.763 5.097 13.107 
9.996 0.997 6.191 7.100 3.132 6.281 2.294 2.911 5.527 2.640 5.019 5.451 7.922 0.568 8.536 4.218 4.951 1.091 7.298 4.626 9.473 3.366 8.561 4.000 6.787 8.998 8.914 0.744 7.653 4.359 
12.080 3.807 8.027 9.255 6.094 5.363 0.813 1.954 6.069 0.587 8.014 2.442 6.366 3.578 11.369 1.208 7.576 3.701 10.291 4.650 11.802 5.965 11.037 4.840 9.791 7.369 7.743 3.742 10.583 1.935 
12.239 3.715 9.355 2.439 4.637 6.136 6.468 5.347 9.863 6.284 3.947 9.038 8.149 4.387 5.221 7.913 1.556 3.591 5.421 9.212 4.945 1.623 4.228 8.369 5.997 9.082 13.590 4.444 5.024 8.663 
14.248 6.792 10.186 11.935 9.015 6.337 3.703 4.296 7.526 3.462 10.998 0.580 6.406 6.551 14.322 1.785 10.481 6.674 13.276 6.028 14.525 8.886 13.842 6.747 12.740 7.146 7.270 6.705 13.564 2.307 
11.646 2.826 8.606 3.310 3.938 5.955 5.639 4.673 8.994 5.506 3.676 8.313 7.966 3.498 5.647 7.159 1.739 2.707 5.457 8.325 5.763 0.899 4.970 7.494 5.804 8.949 12.702 3.558 5.244 7.836 
4.257 7.608 4.498 9.684 4.899 13.676 9.824 10.760 7.631 10.417 4.787 12.911 15.545 7.385 7.097 11.755 7.331 7.893 4.657 8.449 10.387 7.415 9.231 7.232 3.189 16.610 12.309 7.172 5.803 11.187 
8.385 6.409 4.648 12.452 6.566 10.668 4.898 7.038 1.379 5.691 8.965 6.249 11.690 5.721 12.899 5.689 10.013 6.585 10.937 0.892 14.629 8.609 13.596 1.963 9.770 12.665 3.750 5.658 11.716 4.210 
8.740 6.123 7.500 5.411 4.144 11.108 9.201 9.191 9.676 9.472 1.889 12.344 13.115 6.344 2.699 11.110 3.616 6.287 0.397 9.819 5.853 4.561 4.700 8.601 1.353 14.106 14.303 6.207 1.354 11.171 
15.252 5.199 11.720 5.456 7.546 2.181 5.980 3.900 11.059 5.322 7.804 7.136 4.116 5.786 9.236 6.395 5.672 4.900 9.529 9.925 7.916 4.906 7.661 9.559 9.937 4.982 13.575 5.974 9.153 7.747 
13.491 8.830 12.184 3.819 8.065 11.445 11.928 11.057 13.943 11.882 5.762 14.711 13.373 9.351 2.143 13.549 4.879 8.834 4.607 13.765 1.888 6.495 1.611 12.658 6.139 14.159 18.314 9.308 3.466 14.110 
4.862 6.867 1.384 12.072 5.554 12.491 6.979 8.849 2.157 7.798 7.583 9.264 13.896 6.222 11.351 8.419 9.418 7.146 9.048 3.534 13.800 8.423 12.661 2.852 7.628 14.944 6.496 6.052 10.038 7.216 
12.734 5.283 8.660 10.755 7.402 6.142 2.127 3.259 6.201 2.085 9.440 1.218 6.719 4.982 12.871 0.651 9.095 5.198 11.719 4.698 13.313 7.482 12.558 5.260 11.135 7.617 6.867 5.124 12.055 1.004 
3.299 7.274 3.037 10.323 4.694 13.443 9.077 10.272 6.260 9.744 5.317 12.049 15.224 6.923 8.222 10.946 7.798 7.576 5.751 7.205 11.330 7.562 10.159 6.038 4.215 16.299 10.878 6.706 6.887 10.216 
16.470 6.493 12.601 8.432 9.178 0.844 5.667 3.690 11.147 4.841 10.053 5.354 1.471 6.851 12.049 5.099 8.282 6.197 12.026 9.779 10.913 7.161 10.629 9.795 12.180 2.543 12.606 7.068 11.810 6.680 
8.050 3.700 5.682 5.651 1.526 9.360 6.645 6.900 7.298 6.989 0.916 9.819 11.302 3.801 4.848 8.586 3.042 3.918 3.030 7.279 7.110 2.925 5.961 6.096 2.448 12.346 11.807 3.642 3.667 8.559 
5.694 6.726 5.146 8.224 4.041 12.622 9.270 9.942 7.968 9.777 3.412 12.431 14.543 6.621 5.661 11.233 5.939 6.988 3.200 8.545 8.907 6.187 7.749 7.289 1.706 15.596 12.708 6.421 4.347 10.858 
10.890 6.250 6.964 12.311 7.435 8.939 3.600 5.604 3.912 4.182 9.788 3.785 9.636 5.679 13.595 3.527 10.191 6.310 11.974 2.528 14.724 8.619 13.811 3.611 11.050 10.536 4.079 5.716 12.562 1.935 
12.614 5.324 8.542 10.861 7.389 6.333 2.156 3.404 6.042 2.186 9.457 1.330 6.916 5.000 12.921 0.841 9.165 5.250 11.735 4.537 13.412 7.549 12.645 5.129 11.127 7.812 6.672 5.135 12.089 0.816 
8.763 3.057 4.719 9.126 3.762 8.001 2.545 4.341 3.372 3.332 6.120 5.365 9.390 2.371 9.965 4.283 6.765 3.239 8.301 2.460 11.375 5.295 10.384 1.865 7.416 10.442 6.892 2.319 8.900 3.600 
0.847 10.463 4.700 13.602 7.993 16.625 11.837 13.290 7.757 12.579 8.614 14.560 18.332 10.034 11.095 13.567 11.126 10.769 8.672 9.076 14.407 10.911 13.250 8.151 7.207 19.408 11.713 9.819 9.816 12.582 
13.782 3.965 9.890 7.577 6.680 2.706 3.081 0.986 8.518 2.298 7.911 3.993 4.131 4.224 10.535 3.188 6.617 3.693 10.055 7.208 10.179 5.201 9.622 7.124 9.968 5.204 10.479 4.441 10.044 4.575 
8.698 8.963 5.804 14.966 8.873 13.040 7.336 9.480 3.008 8.089 11.219 8.068 13.895 8.271 15.144 7.786 12.477 9.146 13.035 3.454 17.079 11.122 16.018 4.327 11.741 14.817 2.187 8.199 13.905 6.204 
12.219 4.262 9.536 1.869 4.802 6.796 7.129 6.073 10.268 6.979 3.726 9.754 8.802 4.906 4.533 8.619 1.186 4.172 4.936 9.699 4.272 1.979 3.508 8.798 5.666 9.713 14.129 4.939 4.433 9.327 
6.086 4.089 3.062 8.163 1.737 10.261 6.004 7.071 4.853 6.616 3.538 9.095 12.020 3.716 7.367 7.934 5.499 4.394 5.191 5.165 9.765 4.787 8.620 3.908 3.950 13.096 9.532 3.499 6.088 7.422 
10.196 4.171 3.910 16.331 10.060 11.622 5.530 13.419 7.252 8.816 9.596 8.414 13.355 6.818 7.435 12.102 9.073 9.179 11.845 3.295 9.218 8.000 16.729 5.168 4.025 3.328 12.611 4.957 10.323 16.189 
8.145 7.504 6.443 6.210 2.323 3.671 6.717 3.403 7.913 3.073 9.025 6.828 6.055 4.457 6.430 5.753 2.218 4.358 10.519 7.326 4.470 7.576 7.608 6.102 6.360 9.540 9.925 5.173 6.369 6.082 
6.740 4.321 0.474 12.631 6.063 8.879 4.981 9.620 4.184 4.769 6.531 4.791 9.289 4.718 6.543 9.998 6.114 5.117 8.799 0.835 5.161 7.611 12.676 1.211 2.658 5.371 9.229 1.766 6.453 12.570 
14.264 9.695 10.936 7.010 8.397 2.511 8.347 6.736 13.757 9.151 15.104 12.867 11.430 6.836 6.699 1.715 5.197 10.474 16.638 11.844 10.587 6.993 11.105 11.311 9.657 11.550 15.993 9.479 12.477 6.410 
8.693 4.800 4.495 8.750 4.067 4.144 4.020 6.099 7.481 3.815 9.212 6.945 8.183 1.797 4.032 5.449 1.384 5.159 11.115 5.417 5.274 5.265 10.267 4.801 3.810 6.849 10.884 3.048 7.309 8.532 
11.405 13.588 12.463 0.808 6.585 6.813 12.647 2.845 12.587 7.971 12.684 11.036 6.384 10.395 11.888 8.656 7.839 8.509 13.223 13.294 8.564 12.805 3.903 11.792 12.531 15.646 12.018 11.297 9.468 1.432 
5.924 9.685 7.393 6.216 1.334 6.630 9.218 3.277 6.808 2.495 7.091 5.276 2.909 7.102 9.329 8.810 5.308 2.733 8.077 8.090 2.786 10.536 5.430 6.364 8.180 11.574 7.204 6.584 3.963 6.416 
8.008 10.645 8.974 4.076 2.924 5.726 9.928 1.191 8.929 4.307 9.213 7.420 3.846 7.676 9.621 7.935 5.370 4.846 10.057 9.760 4.908 10.730 4.387 8.171 9.352 12.648 9.047 7.935 6.041 4.273 
3.467 7.453 3.708 11.588 4.709 9.610 7.825 8.529 1.641 3.382 3.492 1.501 6.679 6.777 9.027 11.271 7.003 2.773 5.662 3.839 2.747 10.226 10.502 2.094 5.693 8.661 5.954 4.147 3.317 11.694 
6.584 10.285 8.157 5.445 2.014 6.536 9.737 2.607 7.616 3.286 7.797 6.061 2.801 7.562 9.708 8.748 5.562 3.553 8.644 8.875 3.601 10.887 4.704 7.173 8.837 12.214 7.670 7.285 4.617 5.681 
11.101 4.773 6.164 9.251 6.190 3.228 3.500 7.169 9.773 6.170 11.597 9.337 10.222 1.867 2.381 3.550 2.024 7.538 13.523 7.031 7.655 3.390 11.709 6.883 4.666 6.741 13.282 4.755 9.695 8.879 
6.104 12.765 10.091 6.618 4.472 9.359 12.373 4.734 8.178 5.305 7.471 6.488 0.687 10.284 12.512 11.577 8.436 4.775 7.517 10.654 4.747 13.715 3.394 8.802 11.180 14.583 6.196 9.511 4.445 7.081 
12.082 15.449 14.058 2.544 7.984 8.829 14.560 4.560 13.653 9.351 13.420 12.023 6.727 12.296 13.869 10.646 9.764 9.654 13.630 14.848 9.690 14.805 3.140 13.239 14.305 17.496 12.292 12.977 10.235 3.155 
7.496 7.268 5.899 6.704 1.802 4.296 6.594 3.773 7.215 2.390 8.348 6.140 5.765 4.378 6.509 6.315 2.464 3.703 9.884 6.763 3.818 7.699 7.696 5.463 6.003 9.272 9.338 4.696 5.758 6.623 
15.022 7.177 9.758 10.823 9.819 4.628 5.830 9.694 13.675 10.011 15.533 13.273 13.633 5.484 3.922 2.706 5.610 11.397 17.447 10.541 11.515 3.528 14.334 10.696 7.871 8.609 17.157 8.458 13.554 10.282 
5.986 11.613 9.095 6.128 3.278 8.198 11.179 3.814 7.657 4.225 7.312 5.987 1.161 9.069 11.284 10.413 7.202 3.915 7.732 9.713 3.912 12.483 3.883 7.896 10.063 13.467 6.565 8.422 4.123 6.508 
11.947 7.316 8.275 7.220 6.278 0.820 6.035 5.780 11.200 6.798 12.686 10.421 9.838 4.266 4.668 1.801 2.574 8.171 14.358 9.185 8.288 5.341 10.428 8.662 7.078 9.279 13.853 6.817 10.266 6.756 
8.269 7.791 6.745 5.903 2.384 3.606 6.983 3.110 8.130 3.250 9.181 7.005 5.962 4.718 6.644 5.734 2.404 4.494 10.626 7.626 4.604 7.773 7.371 6.383 6.662 9.831 9.992 5.480 6.461 5.777 
13.129 4.726 7.380 11.059 8.458 4.684 3.366 9.275 11.509 8.354 13.504 11.285 12.501 3.264 1.459 3.785 4.297 9.694 15.529 8.129 9.808 1.515 13.880 8.437 5.423 6.285 15.391 6.153 11.838 10.614 
2.929 8.276 4.787 10.326 3.580 9.064 8.423 7.308 2.678 2.445 3.543 1.311 5.175 7.007 9.363 10.916 6.669 1.405 5.346 5.111 1.345 10.603 9.010 3.246 6.510 9.704 5.247 4.824 2.022 10.481 
16.555 10.441 12.437 9.418 10.794 4.810 9.062 9.339 15.765 11.406 17.302 15.035 14.002 8.118 7.192 2.871 7.142 12.770 18.959 13.301 12.887 7.021 13.669 13.072 10.823 12.038 18.402 11.020 14.839 8.792 
10.458 7.361 7.531 6.330 4.693 1.338 6.241 4.398 9.935 5.322 11.266 9.024 8.228 4.114 5.301 3.391 1.681 6.667 12.852 8.453 6.783 6.229 9.035 7.649 6.735 9.411 12.292 6.093 8.724 5.972 
15.565 9.282 11.275 9.219 9.889 3.954 7.902 8.771 14.676 10.419 16.270 13.998 13.271 6.950 6.043 1.829 6.083 11.796 17.981 12.135 11.913 5.940 13.244 11.939 9.649 10.911 17.478 9.864 13.893 8.618 
4.154 7.061 3.734 10.145 3.247 8.146 7.168 7.075 3.146 1.882 4.603 2.334 5.856 5.764 8.112 9.888 5.615 1.683 6.548 4.207 1.717 9.349 9.423 2.345 5.304 8.565 6.505 3.598 3.201 10.224 
11.993 3.240 5.907 11.392 7.805 5.257 1.862 9.254 10.181 7.474 12.265 10.094 11.917 2.102 0.291 4.937 3.978 8.745 14.359 6.625 8.855 1.539 13.728 7.057 3.897 4.957 14.330 4.757 10.845 11.015 
12.959 16.516 15.128 3.396 9.041 9.779 15.615 5.633 14.632 10.402 14.310 12.988 7.554 13.354 14.891 11.522 10.813 10.664 14.409 15.915 10.695 15.806 3.697 14.294 15.380 18.565 13.030 14.053 11.150 3.949 
1.738 12.131 8.300 13.578 7.670 13.514 12.565 10.859 3.713 6.862 1.318 3.395 6.810 11.437 13.737 15.437 11.212 5.521 0.969 8.174 5.408 14.949 10.792 6.733 10.392 13.136 2.074 8.888 3.664 13.890 
7.476 7.055 5.696 6.910 1.888 4.317 6.392 3.989 7.111 2.343 8.299 6.076 5.907 4.185 6.339 6.296 2.352 3.687 9.875 6.564 3.803 7.537 7.902 5.290 5.786 9.056 9.362 4.483 5.770 6.821 
13.872 5.873 8.423 10.720 8.889 4.330 4.513 9.229 12.413 8.949 14.327 12.080 12.830 4.182 2.606 2.956 4.651 10.321 16.290 9.200 10.437 2.426 13.876 9.397 6.526 7.398 16.066 7.141 12.478 10.229 
4.397 11.032 8.130 7.635 3.112 8.826 10.780 5.061 6.160 3.538 5.720 4.474 1.423 8.827 11.153 10.999 7.344 2.766 6.232 8.647 2.724 12.390 5.332 6.781 9.378 12.764 5.174 7.674 2.536 7.970 
