200 30 30
4.239 9.549 6.268 2.262 10.046 2.802 8.791 9.770 8.672 6.461 5.135 6.761 7.277 7.196 7.647 7.465 3.165 3.450 2.601 2.015 7.504 2.276 5.799 4.368 5.467 2.893 5.711 8.933 4.884 8.360 2.524 10.196 5.035 8.101 8.600 8.436 10.342 7.648 6.416 7.878 8.027 4.945 10.360 7.516 6.231 9.069 5.105 4.675 7.250 10.040 10.313 9.783 7.747 2.277 2.754 8.439 8.853 7.540 4.111 3.392 2.065 9.205 2.922 5.990 9.847 4.584 7.078 7.841 7.642 9.692 6.600 4.684 8.312 2.468 6.843 4.592 7.091 5.448 2.402 4.874 2.260 4.266 7.702 3.359 6.243 6.218 2.628 9.554 6.414 1.797 8.263 9.548 10.153 8.788 3.407 5.959 4.484 6.344 7.373 8.401 2.456 5.767 4.339 9.056 3.576 1.492 9.442 1.765 4.865 3.053 5.477 5.501 5.632 9.335 7.950 9.812 9.917 5.408 9.269 7.483 7.438 6.723 3.270 3.995 3.125 3.696 1.635 9.863 10.092 6.405 6.476 6.407 7.044 4.062 3.460 4.095 2.651 3.030 8.421 3.460 4.098 6.702 3.372 6.644 5.600 3.572 5.454 4.583 10.348 8.420 6.114 5.169 3.790 5.564 3.537 7.457 7.697 9.348 10.005 6.861 6.466 7.579 6.951 6.340 3.282 8.487 2.935 2.755 3.559 6.416 2.207 7.222 2.176 2.557 1.975 9.687 10.376 6.628 8.072 9.024 4.021 7.363 4.311 7.088 8.558 6.525 8.747 4.549 9.195 10.119 3.841 5.133 3.119 10.084 3.769 9.023 7.358 10.320 8.797 3.690 
57.667 9.866 57.179 16.325 63.165 44.193 16.165 59.485 33.387 30.790 71.623 63.075 38.696 68.176 52.587 58.199 9.601 24.221 40.278 39.843 11.358 13.937 35.327 56.334 9.018 9.944 55.851 67.932 51.616 70.456 
23.201 31.876 8.745 12.044 7.234 30.522 30.530 26.286 6.594 28.885 10.807 22.162 10.371 28.485 10.794 17.981 21.309 34.786 21.760 12.526 32.956 14.585 7.439 32.916 21.383 13.634 18.188 30.045 27.707 22.395 
1152.797 502.628 1209.943 681.805 1299.494 988.094 669.145 1204.723 962.396 882.635 1374.200 1229.994 1048.095 1302.331 1112.407 1206.314 493.529 829.572 958.424 986.042 546.060 619.395 931.842 1116.615 513.849 458.679 1157.833 1257.773 1091.484 1400.528 
8.056 13.768 5.578 4.939 10.614 7.817 10.974 3.533 12.750 12.644 8.266 10.244 14.123 15.127 9.952 8.358 9.150 15.713 5.478 6.072 14.535 8.727 9.690 7.227 10.375 9.027 12.637 5.124 8.994 13.793 
8.078 3.300 5.244 10.994 1.393 9.321 3.017 12.228 3.266 2.075 12.791 6.121 4.225 5.583 11.668 5.376 8.493 7.034 5.539 4.942 7.401 4.525 2.432 6.829 2.007 9.241 8.825 6.432 3.501 3.189 
3.926 13.036 9.168 4.689 12.893 2.787 9.721 6.884 11.342 12.549 2.154 6.518 12.441 12.593 0.742 6.622 3.654 11.987 8.362 8.568 9.867 13.572 9.592 5.323 10.183 2.837 6.238 11.246 13.050 13.310 
2.237 7.151 5.334 6.575 7.282 3.548 3.795 8.641 5.495 6.618 7.143 1.106 6.704 7.135 5.516 1.205 2.308 7.071 4.700 4.469 5.485 8.807 3.782 1.994 4.299 3.101 3.808 7.811 8.034 7.407 
4.722 12.643 5.591 1.094 10.646 4.102 9.377 2.181 11.262 11.717 4.423 7.556 12.622 13.344 5.991 6.095 5.695 13.504 4.971 5.495 11.923 9.971 8.448 4.508 9.181 5.374 9.356 6.788 9.819 12.778 
6.290 3.332 6.918 10.463 5.486 7.596 1.331 12.328 1.617 3.254 11.178 3.278 2.661 3.177 9.274 4.075 6.160 3.695 6.702 6.171 3.363 8.313 2.774 5.727 2.445 6.983 5.110 9.029 7.312 3.659 
8.108 4.064 9.592 12.579 7.663 9.322 3.985 14.609 3.057 4.743 12.744 4.965 2.743 1.884 10.424 6.403 7.654 1.080 9.346 8.830 1.694 10.754 5.439 7.921 5.020 8.432 5.229 11.704 9.732 4.447 
9.431 3.084 6.402 12.331 1.434 10.683 4.085 13.499 3.738 2.040 14.159 7.346 4.299 5.678 13.003 6.726 9.814 7.328 6.778 6.195 8.069 4.718 3.758 8.196 3.238 10.574 9.906 7.259 3.769 2.827 
4.746 5.860 2.770 7.477 4.251 5.903 2.950 8.880 4.707 4.864 9.282 3.835 6.084 7.094 8.415 2.223 5.386 7.849 2.584 2.025 7.139 5.447 1.663 3.360 2.382 6.037 6.902 5.023 4.675 5.956 
5.579 11.434 3.508 3.700 8.731 5.563 8.473 3.765 10.296 10.368 6.934 7.614 11.676 12.616 7.991 5.729 6.692 13.124 3.149 3.755 11.905 7.559 7.264 4.623 7.977 6.682 10.072 4.213 7.543 11.498 
9.525 15.874 7.705 5.618 12.749 9.040 13.007 3.473 14.811 14.762 8.646 12.010 16.188 17.155 10.800 10.217 10.565 17.657 7.562 8.164 16.362 10.761 11.760 8.925 12.457 10.306 14.175 7.176 11.084 15.908 
3.441 9.182 8.548 7.681 10.349 3.979 6.282 10.029 7.471 9.014 6.671 3.027 8.319 8.197 4.024 4.520 2.358 7.363 7.847 7.704 5.184 12.116 6.792 4.547 7.135 2.719 1.537 11.013 11.317 9.514 
1.226 8.311 4.693 5.110 7.746 2.456 4.910 7.156 6.727 7.633 6.008 2.580 8.006 8.539 4.894 1.531 2.006 8.549 3.944 3.899 6.956 8.707 4.503 0.605 5.146 2.544 4.867 7.117 8.065 8.529 
6.651 10.906 2.695 5.409 7.698 6.894 8.277 5.270 9.981 9.761 8.609 8.115 11.337 12.410 9.461 6.109 7.758 13.147 2.757 3.304 12.194 6.068 6.921 5.423 7.576 7.893 10.855 2.568 6.195 10.914 
3.690 12.142 5.736 0.993 10.534 2.954 8.799 3.147 10.675 11.292 3.611 6.671 12.008 12.638 4.858 5.412 4.600 12.676 5.018 5.461 10.997 10.233 8.012 3.745 8.736 4.229 8.273 7.298 9.965 12.307 
9.096 6.442 4.187 10.682 2.124 10.119 5.782 11.303 6.480 5.242 13.179 8.157 7.459 8.823 12.752 6.700 9.835 10.252 4.874 4.469 10.414 1.288 4.573 7.606 4.631 10.440 11.160 4.035 0.264 6.258 
10.596 5.388 6.328 12.744 1.713 11.743 6.039 13.527 6.034 4.379 15.014 9.035 6.634 8.009 14.261 7.984 11.173 9.667 6.929 6.442 10.326 3.030 5.269 9.194 4.991 11.865 11.829 6.339 2.408 5.099 
8.271 3.446 5.258 11.106 1.134 9.505 3.279 12.298 3.501 2.226 12.957 6.364 4.420 5.787 11.874 5.574 8.706 7.263 5.589 4.998 7.659 4.317 2.653 7.000 2.258 9.448 9.083 6.346 3.297 3.309 
7.928 3.605 9.154 12.345 7.142 9.170 3.514 14.333 2.537 4.237 12.641 4.775 2.309 1.668 10.400 6.091 7.541 1.459 8.932 8.405 2.046 10.237 4.966 7.652 4.524 8.335 5.351 11.233 9.215 3.990 
10.312 12.971 5.453 8.592 8.986 10.549 10.988 7.628 12.436 11.751 11.931 11.510 13.694 14.926 13.069 9.490 11.414 15.948 5.928 6.299 15.317 6.135 9.539 9.032 10.059 11.562 14.385 3.306 6.805 12.880 
5.086 12.307 4.857 2.095 10.018 4.697 9.138 2.431 11.013 11.321 5.413 7.665 12.388 13.198 6.823 6.014 6.138 13.493 4.319 4.885 12.042 9.125 8.093 4.565 8.825 5.934 9.736 5.850 9.035 12.414 
10.321 13.049 5.501 8.556 9.073 10.546 11.049 7.568 12.505 11.830 11.898 11.546 13.766 14.995 13.057 9.525 11.425 16.010 5.965 6.343 15.367 6.231 9.601 9.049 10.125 11.565 14.412 3.378 6.898 12.960 
9.997 3.055 6.975 12.928 1.887 11.255 4.534 14.089 3.970 2.188 14.742 7.840 4.347 5.701 13.552 7.291 10.357 7.415 7.365 6.784 8.310 5.027 4.313 8.778 3.760 11.123 10.323 7.746 4.128 2.745 
9.878 14.899 6.719 6.756 11.388 9.682 12.331 5.070 14.030 13.728 10.042 11.915 15.380 16.465 11.816 9.971 10.981 17.181 6.804 7.359 16.134 9.033 10.974 8.966 11.620 10.884 14.416 5.574 9.494 14.884 
8.555 4.722 10.333 13.082 8.440 9.727 4.759 15.162 3.830 5.478 13.072 5.451 3.382 2.296 10.647 7.018 8.017 0.720 10.062 9.558 1.526 11.544 6.211 8.480 5.806 8.770 5.282 12.472 10.522 5.099 
9.450 4.414 10.832 13.937 8.446 10.649 5.168 15.970 3.896 5.346 14.034 6.315 3.099 1.778 11.642 7.757 8.960 0.306 10.625 10.094 2.535 11.661 6.610 9.282 6.117 9.725 6.294 12.867 10.635 4.766 
5.761 9.094 0.891 5.910 6.071 6.331 6.480 6.432 8.164 7.959 8.747 6.635 9.518 10.601 9.026 4.615 6.805 11.383 1.057 1.519 10.535 5.037 5.108 4.331 5.757 7.111 9.536 2.304 4.904 9.110 
3.497 12.536 6.736 1.441 11.304 2.410 9.144 3.792 10.986 11.773 2.445 6.639 12.275 12.783 3.767 5.717 4.178 12.647 5.978 6.360 10.824 11.254 8.526 4.037 9.228 3.626 7.796 8.445 10.920 12.732 
2.746 6.829 4.050 6.372 6.262 4.009 3.442 8.209 5.304 6.100 7.554 2.129 6.629 7.299 6.363 0.110 3.262 7.553 3.458 3.180 6.268 7.542 2.950 1.671 3.596 3.950 5.085 6.523 6.805 7.029 
1.412 9.815 7.080 5.384 9.977 1.680 6.528 7.728 8.118 9.362 4.778 3.293 9.220 9.420 2.751 3.662 0.474 8.951 6.305 6.315 6.948 11.136 6.535 2.876 7.071 0.475 3.727 9.451 10.472 10.094 
5.630 6.528 8.921 10.221 8.878 6.663 4.511 12.443 4.950 6.711 9.839 2.926 5.434 5.032 7.330 4.913 4.900 4.037 8.427 8.059 1.866 11.399 5.636 5.966 5.631 5.588 1.996 11.327 10.451 6.900 
7.797 2.536 5.716 11.063 2.340 9.081 2.260 12.459 2.297 1.356 12.622 5.542 3.313 4.650 11.298 5.100 8.093 6.067 5.890 5.283 6.461 5.480 2.136 6.671 1.495 8.873 8.086 7.163 4.455 2.510 
10.977 10.561 5.278 10.820 6.237 11.640 9.485 10.547 10.485 9.355 13.925 11.102 11.544 12.892 14.340 9.247 11.958 14.232 6.059 6.070 14.127 2.919 8.094 9.481 8.376 12.353 14.165 3.048 3.877 10.379 
3.483 11.567 9.185 6.247 12.090 3.027 8.422 8.588 9.849 11.245 4.341 5.072 10.817 10.801 1.479 5.804 2.626 10.020 8.396 8.446 7.838 13.302 8.597 4.999 9.084 2.102 4.116 11.504 12.639 11.875 
4.760 11.498 4.006 2.705 9.159 4.594 8.373 3.279 10.238 10.496 5.876 7.100 11.617 12.464 6.950 5.348 5.855 12.827 3.461 4.028 11.458 8.322 7.286 4.017 8.016 5.764 9.356 5.138 8.202 11.597 
3.854 6.917 2.442 6.345 5.301 4.918 3.809 7.797 5.654 5.964 8.205 3.707 7.034 7.948 7.515 1.745 4.637 8.523 1.948 1.571 7.546 6.052 2.705 2.376 3.438 5.204 6.715 4.901 5.406 7.034 
2.438 9.956 4.021 3.174 8.444 2.607 6.633 4.967 8.516 9.096 5.176 4.836 9.863 10.555 5.265 3.304 3.552 10.727 3.226 3.538 9.216 8.511 5.817 1.742 6.541 3.591 6.996 6.061 8.109 10.115 
11.632 9.808 5.990 12.012 5.471 12.432 9.256 11.943 9.984 8.649 14.987 11.318 10.907 12.283 15.140 9.611 12.536 13.756 6.797 6.668 13.907 2.235 7.966 10.110 8.110 13.015 14.378 4.177 3.251 9.579 
1.999 10.189 7.679 5.675 10.513 2.018 6.954 8.038 8.480 9.789 4.693 3.649 9.534 9.656 2.369 4.216 1.040 9.080 6.903 6.914 7.008 11.727 7.041 3.476 7.553 0.758 3.578 10.046 11.054 10.480 
5.221 13.949 10.661 6.148 14.161 4.226 10.732 8.239 12.235 13.567 3.158 7.417 13.238 13.241 1.550 7.841 4.703 12.440 9.854 10.029 10.239 15.017 10.762 6.695 11.305 3.953 6.483 12.782 14.455 14.247 
6.059 14.664 7.781 1.547 12.831 5.051 11.334 1.663 13.212 13.788 3.548 9.144 14.548 15.171 6.005 7.952 6.814 15.163 7.164 7.683 13.411 12.122 10.507 6.282 11.236 6.267 10.440 8.832 12.000 14.820 
8.366 8.270 2.734 9.010 4.227 9.167 6.746 9.309 7.924 7.045 11.830 8.269 9.095 10.392 11.873 6.449 9.285 11.603 3.539 3.399 11.350 1.990 5.321 6.845 5.677 9.749 11.335 1.726 2.206 8.154 
12.404 10.838 6.712 12.470 6.506 13.140 10.269 12.213 11.021 9.684 15.542 12.245 11.944 13.321 15.848 10.488 13.342 14.793 7.513 7.444 14.924 3.263 8.961 10.889 9.126 13.786 15.310 4.654 4.284 10.605 
7.944 1.416 7.059 11.731 4.008 9.263 1.985 13.360 0.641 1.177 12.863 5.186 1.637 2.925 11.182 5.405 8.000 4.348 7.085 6.488 4.982 7.216 2.898 7.087 2.188 8.817 7.217 8.751 6.191 1.657 
8.162 1.493 6.721 11.742 3.287 9.474 2.239 13.265 1.383 0.598 13.061 5.577 2.210 3.566 11.516 5.536 8.314 5.069 6.826 6.221 5.715 6.539 2.770 7.188 2.036 9.120 7.801 8.262 5.516 1.564 
3.223 7.300 2.827 5.863 5.916 4.282 4.064 7.441 5.943 6.405 7.596 3.395 7.315 8.145 6.879 1.374 4.036 8.589 2.197 1.971 7.454 6.663 3.124 1.739 3.853 4.580 6.318 5.303 6.036 7.442 
5.145 5.273 7.473 9.646 7.243 6.360 2.873 11.732 3.590 5.261 9.816 2.015 4.375 4.376 7.627 3.703 4.716 4.008 7.052 6.629 2.476 9.751 3.987 5.062 3.980 5.512 3.102 9.824 8.799 5.621 
9.408 15.732 7.564 5.534 12.610 8.935 12.867 3.418 14.671 14.620 8.587 11.880 16.048 17.015 10.717 10.083 10.451 17.521 7.421 8.022 16.230 10.632 11.619 8.797 12.316 10.199 14.057 7.044 10.950 15.767 
9.007 2.423 9.374 13.261 6.496 10.291 3.756 15.124 2.103 3.359 13.831 5.890 1.098 0.398 11.721 6.876 8.746 1.986 9.280 8.710 3.510 9.761 5.099 8.525 4.496 9.558 6.827 11.233 8.738 2.785 
8.632 2.497 6.134 11.761 1.882 9.906 3.120 13.064 2.824 1.299 13.427 6.416 3.560 4.941 12.156 5.928 8.955 6.509 6.403 5.802 7.127 5.205 2.947 7.464 2.351 9.729 8.931 7.317 4.198 2.339 
5.111 4.800 3.897 8.375 3.994 6.370 1.790 9.915 3.559 3.892 9.885 3.412 4.939 5.932 8.699 2.406 5.536 6.717 3.746 3.183 6.141 5.898 0.616 3.927 1.338 6.274 6.391 6.033 5.002 4.930 
8.419 8.486 2.752 8.949 4.443 9.194 6.932 9.196 8.129 7.261 11.806 8.397 9.306 10.599 11.902 6.554 9.353 11.800 3.559 3.455 11.526 2.113 5.501 6.901 5.871 9.801 11.460 1.541 2.397 8.371 
12.422 8.652 7.133 13.528 4.619 13.389 8.908 13.753 9.203 7.618 16.277 11.513 9.887 11.266 16.056 10.077 13.196 12.897 7.908 7.616 13.410 2.617 7.846 10.914 7.777 13.780 14.485 5.927 3.184 8.362 
2.577 11.467 5.850 2.022 10.271 1.747 8.079 4.327 9.927 10.700 3.309 5.667 11.224 11.762 3.858 4.652 3.417 11.686 5.068 5.405 9.927 10.359 7.453 2.968 8.154 3.023 7.090 7.729 9.976 11.661 
7.791 14.506 6.482 3.969 11.665 7.307 11.514 2.111 13.352 13.436 7.146 10.333 14.733 15.642 9.141 8.591 8.828 16.063 6.208 6.815 14.700 10.049 10.332 7.237 11.047 8.570 12.444 6.460 10.225 14.568 
3.586 12.561 9.005 4.946 12.552 2.565 9.271 7.209 10.860 12.104 2.680 6.028 11.938 12.062 0.238 6.248 3.194 11.432 8.198 8.367 9.304 13.355 9.200 5.041 9.772 2.394 5.667 11.153 12.798 12.841 
10.748 10.973 5.096 10.315 6.696 11.338 9.683 9.930 10.792 9.756 13.477 11.084 11.902 13.231 14.023 9.175 11.760 14.508 5.844 5.928 14.291 3.454 8.262 9.276 8.602 12.112 14.132 2.708 4.344 10.811 
5.029 13.268 6.315 0.646 11.355 4.239 9.971 1.817 11.855 12.365 3.955 7.988 13.205 13.886 5.824 6.637 5.925 13.978 5.689 6.207 12.327 10.692 9.088 5.004 9.820 5.512 9.598 7.481 10.544 13.413 
4.494 9.377 1.853 4.647 6.915 4.956 6.411 5.524 8.227 8.329 7.356 5.857 9.607 10.559 7.637 3.872 5.578 11.123 1.216 1.780 10.021 6.345 5.197 3.171 5.911 5.807 8.578 3.685 6.094 9.450 
7.248 9.265 1.683 7.243 5.663 7.852 7.100 7.432 8.594 8.067 10.207 7.828 9.885 11.080 10.549 5.843 8.269 12.061 2.365 2.554 11.456 3.869 5.654 5.786 6.195 8.610 10.816 0.808 3.992 9.217 
5.311 12.634 5.162 1.993 10.334 4.855 9.460 2.105 11.336 11.649 5.345 7.946 12.711 13.514 6.888 6.320 6.345 13.796 4.637 5.206 12.326 9.396 8.419 4.849 9.152 6.107 9.964 6.080 9.325 12.741 
8.044 13.883 5.704 4.831 10.762 7.774 11.064 3.366 12.849 12.765 8.146 10.279 14.223 15.217 9.874 8.407 9.133 15.784 5.582 6.179 14.582 8.903 9.791 7.247 10.480 8.993 12.639 5.300 9.161 13.912 
4.811 11.643 4.157 2.589 9.312 4.605 8.509 3.127 10.377 10.644 5.790 7.199 11.755 12.595 6.923 5.465 5.901 12.946 3.613 4.181 11.562 8.463 7.430 4.109 8.160 5.789 9.422 5.259 8.349 11.743 
2.252 11.197 7.841 4.785 11.187 1.496 7.891 7.148 9.504 10.721 3.500 4.682 10.609 10.791 1.435 4.872 1.816 10.262 7.040 7.153 8.200 12.102 7.816 3.752 8.385 1.007 4.738 10.089 11.507 11.473 
0.827 8.925 4.880 4.543 8.259 1.898 5.524 6.647 7.341 8.237 5.411 3.097 8.617 9.135 4.450 2.130 1.853 9.102 4.098 4.140 7.447 9.055 5.083 0.703 5.739 2.210 5.111 7.240 8.460 9.141 
10.179 13.406 5.646 8.142 9.519 10.323 11.273 7.029 12.789 12.193 11.497 11.578 14.074 15.276 12.777 9.558 11.291 16.230 6.033 6.459 15.501 6.781 9.836 8.968 10.390 11.385 14.384 3.720 7.399 13.333 
6.897 13.308 5.293 3.635 10.491 6.568 10.336 2.512 12.166 12.235 6.975 9.278 13.547 14.472 8.646 7.480 7.972 14.931 5.008 5.615 13.625 8.995 9.139 6.203 9.852 7.799 11.524 5.444 9.117 13.368 
6.779 4.023 4.198 9.689 2.295 8.008 2.360 10.991 3.380 2.874 11.464 5.036 4.617 5.863 10.395 4.089 7.244 7.056 4.375 3.768 7.009 4.668 1.270 5.504 1.211 7.973 7.903 5.771 3.680 4.025 
8.329 15.570 7.651 4.055 12.858 7.667 12.497 1.742 14.356 14.527 6.890 11.069 15.736 16.592 9.184 9.437 9.301 16.918 7.323 7.927 15.449 11.298 11.372 7.975 12.095 8.943 12.965 7.710 11.463 15.648 
6.333 10.989 2.798 4.977 7.913 6.525 8.265 4.890 10.005 9.862 8.180 7.930 11.371 12.412 9.068 5.942 7.446 13.091 2.734 3.313 12.071 6.419 6.941 5.155 7.615 7.550 10.612 2.967 6.500 11.012 
6.470 6.733 1.708 8.056 3.516 7.435 4.655 8.910 6.058 5.547 10.466 6.048 7.339 8.547 10.096 4.296 7.291 9.597 2.239 1.769 9.179 3.402 3.203 4.957 3.679 7.838 9.116 3.083 2.837 6.702 
11.103 16.356 8.177 7.612 12.807 10.798 13.781 5.621 15.487 15.184 10.767 13.276 16.838 17.919 12.771 11.357 12.190 18.617 8.251 8.811 17.531 10.348 12.429 10.280 13.078 12.032 15.694 6.967 10.861 16.339 
4.754 4.651 4.866 8.538 4.867 6.066 1.258 10.284 3.129 3.994 9.657 2.463 4.475 5.261 8.166 2.170 4.958 5.808 4.586 4.078 5.040 7.025 1.330 3.855 1.678 5.749 5.319 7.113 6.107 4.864 
8.691 2.409 9.098 12.943 6.351 9.976 3.462 14.809 1.870 3.253 13.520 5.578 1.068 0.699 11.424 6.559 8.437 2.037 8.991 8.425 3.354 9.589 4.822 8.207 4.235 9.251 6.577 10.985 8.564 2.785 
3.113 12.298 6.851 1.985 11.252 1.941 8.898 4.337 10.719 11.576 2.302 6.267 11.986 12.448 3.255 5.482 3.709 12.253 6.073 6.412 10.390 11.363 8.357 3.828 9.045 3.118 7.295 8.677 10.983 12.507 
5.552 6.233 1.997 7.672 3.760 6.606 3.749 8.804 5.327 5.117 9.811 4.939 6.666 7.792 9.214 3.228 6.302 8.709 2.127 1.522 8.156 4.411 2.312 4.072 2.911 6.895 8.007 4.006 3.716 6.262 
4.884 9.844 2.045 4.529 7.229 5.239 6.923 5.187 8.727 8.777 7.409 6.380 10.106 11.075 7.884 4.403 5.984 11.656 1.570 2.171 10.556 6.417 5.684 3.627 6.392 6.162 9.067 3.503 6.249 9.907 
2.066 11.409 7.124 3.587 10.929 0.778 8.028 5.953 9.759 10.813 2.886 5.062 10.951 11.275 2.085 4.752 2.265 10.920 6.317 6.517 8.960 11.522 7.732 3.321 8.364 1.552 5.710 9.246 11.008 11.654 
7.128 10.545 2.434 6.230 7.117 7.491 8.111 6.106 9.734 9.370 9.390 8.295 11.066 12.197 10.111 6.274 8.217 13.041 2.744 3.195 12.226 5.278 6.706 5.803 7.318 8.420 11.144 1.731 5.470 10.526 
7.914 3.282 8.933 12.285 6.815 9.172 3.270 14.240 2.208 3.901 12.671 4.765 2.003 1.522 10.483 5.983 7.572 1.694 8.734 8.198 2.349 9.926 4.717 7.573 4.249 8.374 5.531 10.980 8.903 3.668 
9.336 2.546 6.643 12.410 1.901 10.608 3.790 13.660 3.263 1.523 14.122 7.109 3.767 5.144 12.863 6.632 9.661 6.806 6.965 6.371 7.604 5.225 3.650 8.157 3.058 10.436 9.573 7.643 4.259 2.293 
3.511 11.764 9.202 6.072 12.210 2.956 8.595 8.402 10.047 11.423 4.088 5.252 11.031 11.033 1.218 5.908 2.719 10.270 8.408 8.477 8.092 13.361 8.734 5.034 9.235 2.129 4.376 11.498 12.715 12.069 
3.562 7.852 2.190 5.470 6.032 4.444 4.726 6.864 6.582 6.888 7.530 4.180 7.961 8.850 7.124 2.161 4.501 9.358 1.472 1.406 8.258 6.356 3.638 2.041 4.371 4.945 7.050 4.638 5.833 7.966 
7.946 5.736 3.483 9.862 1.826 9.017 4.623 10.699 5.515 4.511 12.186 6.913 6.612 7.940 11.615 5.487 8.645 9.262 4.050 3.560 9.278 2.413 3.354 6.481 3.480 9.273 9.918 4.080 1.475 5.614 
9.018 4.935 4.920 11.241 0.588 10.162 4.755 12.135 5.137 3.756 13.445 7.560 6.010 7.387 12.684 6.420 9.611 8.895 5.457 4.939 9.260 2.757 3.803 7.613 3.638 10.293 10.435 5.365 1.775 4.735 
5.915 3.469 5.545 9.701 4.292 7.232 0.133 11.396 1.986 2.861 10.828 3.358 3.358 4.277 9.253 3.352 6.049 5.094 5.405 4.844 4.777 6.916 1.322 5.035 1.045 6.854 5.884 7.588 5.930 3.686 
3.022 8.255 2.683 4.953 6.620 3.846 5.032 6.475 6.910 7.336 6.922 4.044 8.282 9.102 6.536 2.089 4.010 9.498 1.906 1.966 8.266 6.953 4.060 1.526 4.793 4.402 6.780 5.069 6.443 8.389 
5.044 11.300 3.599 3.239 8.797 4.992 8.249 3.620 10.097 10.267 6.412 7.197 11.478 12.372 7.417 5.364 6.154 12.811 3.122 3.712 11.522 7.837 7.100 4.159 7.824 6.122 9.578 4.608 7.751 11.382 
5.524 3.837 5.809 9.503 4.947 6.843 0.607 11.297 2.204 3.387 10.444 2.787 3.500 4.229 8.752 3.099 5.562 4.812 5.581 5.053 4.256 7.500 1.781 4.783 1.675 6.378 5.228 7.965 6.528 4.097 
13.721 10.098 8.266 14.508 6.120 14.633 10.405 14.529 10.696 9.091 17.386 12.955 11.352 12.726 17.322 11.457 14.537 14.376 9.063 8.831 14.911 3.852 9.320 12.203 9.270 15.091 15.946 6.722 4.581 9.796 
8.149 14.007 5.827 4.888 10.879 7.866 11.190 3.368 12.974 12.888 8.193 10.397 14.348 15.342 9.948 8.529 9.236 15.908 5.707 6.304 14.703 9.002 9.916 7.362 10.605 9.089 12.749 5.400 9.268 14.036 
3.132 10.222 8.681 6.886 11.047 3.264 7.175 9.253 8.504 9.969 5.545 3.825 9.423 9.366 2.825 4.914 2.037 8.572 7.929 7.878 6.395 12.542 7.504 4.506 7.927 2.009 2.707 11.097 11.807 10.542 
9.027 14.314 6.105 5.932 10.946 8.822 11.651 4.365 13.383 13.161 9.241 11.114 14.743 15.797 10.966 9.189 10.127 16.461 6.119 6.692 15.362 8.786 10.320 8.140 10.983 10.024 13.578 5.234 9.164 14.316 
7.449 7.395 2.068 8.559 3.639 8.334 5.661 9.134 6.919 6.178 11.190 7.176 8.137 9.402 11.025 5.395 8.320 10.554 2.819 2.534 10.246 2.480 4.225 5.925 4.617 8.828 10.243 2.300 2.192 7.314 
2.673 6.878 4.111 6.338 6.340 3.941 3.488 8.190 5.345 6.159 7.491 2.083 6.665 7.322 6.285 0.074 3.181 7.557 3.510 3.242 6.250 7.621 3.019 1.626 3.660 3.871 5.023 6.585 6.886 7.081 
9.703 0.401 8.374 13.420 4.287 11.022 3.739 14.969 2.110 1.308 14.621 6.919 1.677 2.920 12.925 7.144 9.752 4.708 8.514 7.907 5.998 7.630 4.469 8.818 3.735 10.571 8.741 9.765 6.644 0.152 
5.254 14.471 10.160 4.845 14.165 4.013 11.137 6.743 12.784 13.955 1.569 7.968 13.896 14.056 2.110 7.960 5.092 13.438 9.363 9.633 11.304 14.636 10.942 6.555 11.554 4.270 7.636 12.080 14.176 14.739 
11.317 17.074 8.865 7.515 13.642 10.896 14.388 5.348 16.135 15.918 10.520 13.666 17.498 18.538 12.698 11.802 12.378 19.159 8.863 9.443 17.977 11.285 13.071 10.616 13.739 12.153 15.953 7.840 11.759 17.073 
4.153 12.298 5.543 0.956 10.482 3.508 8.993 2.697 10.877 11.406 4.059 7.042 12.226 12.908 5.444 5.659 5.110 13.018 4.869 5.355 11.397 9.998 8.127 4.032 8.857 4.780 8.776 6.942 9.785 12.447 
5.839 9.664 1.470 5.544 6.636 6.293 7.001 5.922 8.709 8.533 8.500 6.970 10.069 11.135 8.959 4.950 6.915 11.878 1.490 2.028 10.966 5.449 5.648 4.478 6.308 7.157 9.804 2.403 5.388 9.684 
11.775 8.426 6.449 12.838 4.249 12.727 8.447 13.074 8.859 7.343 15.593 10.951 9.621 11.004 15.400 9.467 12.567 12.590 7.227 6.944 13.003 1.938 7.328 10.264 7.305 13.139 13.946 5.255 2.579 8.157 
6.118 3.338 6.505 10.200 5.141 7.433 0.908 12.022 1.632 3.103 11.027 3.203 2.832 3.492 9.213 3.796 6.061 4.107 6.304 5.766 3.763 7.912 2.348 5.468 2.036 6.883 5.279 8.604 6.916 3.638 
0.641 9.038 6.042 5.209 8.950 1.747 5.684 7.467 7.371 8.501 5.290 2.666 8.549 8.882 3.690 2.627 0.640 8.608 5.279 5.261 6.760 10.062 5.557 1.849 6.130 1.264 4.015 8.442 9.400 9.296 
9.465 2.420 6.834 12.577 2.081 10.741 3.859 13.841 3.234 1.460 14.264 7.193 3.669 5.039 12.977 6.762 9.773 6.722 7.151 6.555 7.574 5.394 3.783 8.301 3.172 10.552 9.616 7.838 4.435 2.150 
5.599 3.845 6.239 9.709 5.333 6.913 0.964 11.560 2.147 3.540 10.507 2.696 3.347 3.944 8.703 3.312 5.545 4.407 5.985 5.468 3.793 7.949 2.243 4.974 2.097 6.366 4.916 8.418 6.971 4.136 
4.872 9.577 1.781 4.757 6.954 5.296 6.680 5.462 8.474 8.506 7.579 6.233 9.852 10.832 7.963 4.239 5.960 11.437 1.292 1.895 10.371 6.192 5.426 3.561 6.130 6.175 8.968 3.378 6.001 9.637 
3.940 12.098 5.428 1.096 10.327 3.321 8.788 2.916 10.670 11.213 4.053 6.823 12.017 12.694 5.323 5.446 4.905 12.799 4.738 5.212 11.178 9.900 7.933 3.815 8.663 4.589 8.567 6.893 9.668 12.250 
3.642 5.718 5.189 7.754 6.090 4.961 2.358 9.676 4.078 5.186 8.561 1.250 5.327 5.873 6.931 1.433 3.725 6.050 4.724 4.330 4.810 8.004 2.533 3.021 2.947 4.530 4.265 7.597 7.142 5.969 
7.458 6.495 2.590 9.043 2.769 8.450 4.941 9.795 6.084 5.274 11.493 6.798 7.269 8.555 11.099 5.171 8.242 9.765 3.220 2.788 9.578 2.465 3.546 5.954 3.850 8.816 9.854 3.212 1.814 6.406 
7.480 4.834 3.777 9.856 1.575 8.630 3.629 10.907 4.507 3.613 11.946 6.121 5.638 6.949 11.146 4.889 8.079 8.246 4.179 3.611 8.275 3.400 2.435 6.082 2.480 8.756 9.069 4.865 2.413 4.748 
3.885 6.800 2.517 6.450 5.229 4.968 3.688 7.914 5.533 5.851 8.279 3.639 6.914 7.828 7.551 1.699 4.645 8.408 2.047 1.649 7.444 6.045 2.588 2.422 3.322 5.227 6.658 4.968 5.383 6.919 
3.038 10.413 3.972 2.784 8.670 3.034 7.132 4.396 9.017 9.513 5.178 5.465 10.375 11.108 5.600 3.870 4.142 11.325 3.214 3.618 9.843 8.489 6.235 2.366 6.966 4.115 7.628 5.816 8.161 10.557 
4.820 4.999 6.694 9.205 6.557 6.093 2.214 11.218 3.281 4.815 9.632 1.689 4.278 4.530 7.625 3.050 4.560 4.468 6.294 5.857 3.198 8.978 3.217 4.530 3.269 5.379 3.621 9.031 8.035 5.320 
11.596 16.760 8.599 8.086 13.157 11.290 14.222 6.063 15.915 15.581 11.221 13.757 17.261 18.354 13.251 11.832 12.683 19.071 8.695 9.250 18.003 10.626 12.861 10.768 13.502 12.525 16.185 7.303 11.171 16.736 
8.704 11.998 4.088 7.119 8.278 8.938 9.742 6.415 11.302 10.798 10.428 10.007 12.607 13.782 11.472 7.985 9.809 14.692 4.457 4.889 13.930 5.863 8.315 7.444 8.892 9.949 12.833 2.423 6.320 11.947 
8.982 9.114 3.280 9.225 4.980 9.702 7.636 9.296 8.808 7.889 12.183 9.076 9.967 11.271 12.410 7.209 9.943 12.493 4.077 4.044 12.234 2.232 6.208 7.475 6.569 10.362 12.135 1.463 2.777 8.985 
10.113 12.504 5.096 8.618 8.497 10.409 10.573 7.785 11.995 11.282 11.936 11.196 13.242 14.484 12.968 9.179 11.207 15.531 5.613 5.953 14.942 5.638 9.122 8.796 9.627 11.387 14.102 2.865 6.309 12.408 
6.576 3.217 5.115 9.993 3.166 7.868 1.209 11.507 2.228 2.274 11.426 4.333 3.549 4.715 10.061 3.891 6.856 5.829 5.137 4.539 5.797 5.881 1.010 5.498 0.282 7.637 6.990 6.913 4.878 3.323 
8.973 6.826 3.879 10.377 2.546 9.957 5.980 10.932 6.786 5.617 12.945 8.197 7.808 9.162 12.612 6.655 9.751 10.552 4.598 4.234 10.631 1.056 4.708 7.468 4.834 10.330 11.227 3.581 0.376 6.656 
11.231 8.577 5.786 12.113 4.275 12.138 8.273 12.296 8.854 7.441 14.923 10.590 9.713 11.094 14.827 9.014 12.062 12.616 6.578 6.336 12.890 1.378 7.066 9.712 7.123 12.605 13.619 4.467 2.248 8.334 
7.052 9.463 1.634 6.908 5.948 7.612 7.196 7.078 8.738 8.274 9.898 7.769 10.045 11.218 10.300 5.766 8.091 12.154 2.230 2.499 11.485 4.223 5.760 5.612 6.329 8.404 10.729 1.021 4.332 9.427 
5.761 4.755 7.742 10.232 7.058 6.989 2.725 12.287 3.115 4.850 10.458 2.614 3.788 3.735 8.267 4.159 5.357 3.412 7.375 6.919 2.126 9.728 3.997 5.602 3.871 6.155 3.585 10.034 8.751 5.114 
9.426 11.871 4.369 8.124 7.938 9.759 9.871 7.460 11.319 10.653 11.411 10.469 12.580 13.808 12.344 8.453 10.515 14.831 4.886 5.225 14.220 5.228 8.422 8.091 8.940 10.713 13.380 2.192 5.818 11.787 
4.614 12.993 10.237 6.397 13.426 3.833 9.836 8.627 11.275 12.663 3.803 6.491 12.239 12.198 1.241 7.110 3.922 11.359 9.434 9.548 9.151 14.483 9.964 6.132 10.472 3.258 5.389 12.464 13.866 13.301 
8.158 3.655 5.041 10.928 1.060 9.382 3.311 12.097 3.646 2.432 12.816 6.326 4.604 5.964 11.775 5.469 8.618 7.415 5.383 4.795 7.755 4.143 2.586 6.867 2.249 9.352 9.087 6.121 3.119 3.526 
14.253 9.945 8.929 15.268 6.216 15.217 10.573 15.377 10.692 9.014 18.073 13.291 11.237 12.594 17.886 11.896 15.024 14.295 9.713 9.437 14.975 4.429 9.586 12.745 9.462 15.611 16.233 7.546 5.009 9.621 
4.116 8.104 1.589 5.501 5.922 4.901 5.111 6.685 6.928 7.081 7.809 4.816 8.309 9.261 7.603 2.794 5.096 9.855 0.830 0.915 8.834 5.923 3.907 2.615 4.628 5.496 7.701 4.004 5.479 8.189 
9.801 15.338 7.128 6.358 11.960 9.495 12.653 4.485 14.396 14.187 9.569 12.018 15.759 16.802 11.496 10.121 10.886 17.441 7.126 7.704 16.299 9.731 11.332 9.001 11.999 10.727 14.400 6.212 10.144 15.341 
3.289 11.278 4.817 1.872 9.589 2.894 7.964 3.682 9.847 10.401 4.402 6.054 11.194 11.878 5.208 4.627 4.320 12.007 4.085 4.518 10.424 9.327 7.120 3.012 7.848 4.114 7.942 6.494 9.036 11.432 
5.881 8.372 0.223 6.536 5.295 6.593 5.879 7.179 7.504 7.222 9.237 6.369 8.844 9.963 9.302 4.379 6.870 10.819 0.965 1.093 10.088 4.440 4.470 4.388 5.089 7.258 9.351 2.263 4.213 8.376 
8.224 5.094 4.123 10.406 1.117 9.350 4.331 11.330 5.010 3.873 12.612 6.913 6.035 7.385 11.894 5.662 8.850 8.780 4.634 4.106 8.944 2.766 3.209 6.801 3.182 9.516 9.853 4.798 1.745 4.951 
10.313 16.468 8.268 6.412 13.221 9.840 13.664 4.229 15.450 15.339 9.401 12.761 16.823 17.817 11.592 10.943 11.358 18.360 8.180 8.775 17.101 11.080 12.391 9.684 13.078 11.105 14.961 7.535 11.466 16.489 
12.442 10.794 6.755 12.541 6.467 13.187 10.257 12.296 10.992 9.643 15.605 12.257 11.906 13.284 15.895 10.510 13.375 14.764 7.557 7.480 14.910 3.242 8.956 10.926 9.112 13.825 15.322 4.718 4.260 10.559 
7.142 13.049 4.924 4.222 10.067 6.929 10.175 3.197 11.976 11.949 7.577 9.344 13.353 14.326 9.124 7.476 8.239 14.866 4.733 5.337 13.650 8.424 8.925 6.316 9.623 8.129 11.721 4.845 8.594 13.091 
2.697 12.044 7.255 2.937 11.344 1.385 8.650 5.282 10.416 11.402 2.237 5.786 11.635 12.002 2.344 5.302 3.040 11.687 6.456 6.722 9.744 11.725 8.259 3.755 8.916 2.345 6.498 9.244 11.271 12.277 
2.026 8.215 6.700 6.602 8.770 3.051 5.008 8.858 6.505 7.837 6.423 1.676 7.571 7.753 4.341 2.701 1.328 7.328 6.005 5.855 5.403 10.332 5.233 2.783 5.682 2.116 2.712 9.167 9.566 8.508 
10.991 14.909 6.979 8.325 11.080 10.962 12.651 6.802 14.227 13.702 11.658 12.692 15.533 16.706 13.252 10.688 12.107 17.590 7.261 7.743 16.748 8.352 11.231 9.911 11.816 12.105 15.379 5.249 8.975 14.848 
6.854 2.547 6.722 10.829 4.678 8.173 1.098 12.579 0.865 2.343 11.772 3.993 2.176 3.065 10.001 4.432 6.839 4.019 6.612 6.044 4.115 7.645 2.450 6.119 1.919 7.660 6.017 8.674 6.629 2.842 
6.717 14.552 7.047 2.292 12.247 5.958 11.343 0.169 13.224 13.580 5.183 9.599 14.593 15.353 7.407 8.115 7.637 15.545 6.559 7.136 13.963 11.135 10.339 6.548 11.073 7.230 11.311 7.677 11.140 14.667 
4.222 7.968 8.563 8.729 9.602 5.060 5.337 11.029 6.286 7.927 8.038 2.493 7.018 6.801 5.462 4.404 3.303 5.914 7.943 7.694 3.735 11.701 6.103 4.953 6.317 3.884 0.576 11.036 10.831 8.317 
7.629 12.272 4.066 5.530 8.943 7.679 9.657 4.782 11.363 11.117 8.867 9.367 12.718 13.793 10.099 7.385 8.746 14.515 4.131 4.686 13.516 6.994 8.304 6.537 8.957 8.780 12.007 3.391 7.265 12.272 
7.688 8.666 1.985 8.074 4.865 8.407 6.777 8.348 8.136 7.450 10.948 7.906 9.379 10.624 11.116 5.991 8.657 11.715 2.780 2.769 11.277 2.952 5.325 6.184 5.787 9.067 10.949 1.025 3.077 8.588 
8.065 2.229 8.359 12.256 5.802 9.363 2.719 14.095 1.213 2.821 12.928 4.990 1.058 1.436 10.915 5.860 7.870 2.561 8.248 7.682 3.399 8.981 4.084 7.521 3.511 8.689 6.276 10.270 7.956 2.614 
7.223 2.464 7.435 11.339 5.270 8.532 1.772 13.153 0.824 2.615 12.117 4.220 1.720 2.392 10.210 4.935 7.103 3.295 7.304 6.743 3.567 8.319 3.170 6.608 2.647 7.926 5.884 9.403 7.299 2.815 
8.620 9.798 2.992 8.422 5.818 9.221 8.012 8.346 9.341 8.576 11.484 9.074 10.562 11.826 11.913 7.123 9.636 12.944 3.722 3.844 12.512 3.268 6.561 7.152 7.011 9.984 12.096 0.598 3.737 9.700 
12.873 9.892 7.343 13.522 5.724 13.748 9.878 13.514 10.334 8.818 16.434 12.265 11.095 12.478 16.446 10.688 13.722 14.068 8.146 7.946 14.459 3.053 8.712 11.351 8.731 14.250 15.289 5.717 3.900 9.617 
3.885 7.673 8.080 8.438 9.161 4.808 4.931 10.714 5.974 7.575 7.924 2.006 6.776 6.650 5.451 3.920 3.039 5.886 7.466 7.210 3.775 11.222 5.646 4.523 5.884 3.688 1.064 10.552 10.357 8.014 
8.201 5.660 3.747 10.136 1.619 9.279 4.720 10.963 5.522 4.438 12.458 7.107 6.580 7.921 11.870 5.721 8.887 9.283 4.323 3.835 9.364 2.310 3.497 6.740 3.571 9.522 10.096 4.248 1.325 5.521 
9.454 3.162 10.140 13.803 7.317 10.713 4.486 15.725 2.918 4.166 14.207 6.306 1.888 0.511 11.984 7.463 9.107 1.361 10.017 9.457 3.304 10.590 5.866 9.079 5.287 9.906 6.877 12.039 9.567 3.503 
2.333 11.686 7.213 3.350 11.129 1.018 8.300 5.710 10.043 11.075 2.594 5.365 11.244 11.580 2.111 4.996 2.580 11.234 6.408 6.634 9.276 11.642 7.971 3.518 8.612 1.867 6.016 9.285 11.151 11.927 
2.706 11.173 5.221 2.015 9.767 2.178 7.811 4.136 9.681 10.355 3.924 5.639 11.004 11.614 4.497 4.405 3.681 11.641 4.450 4.816 9.973 9.737 7.085 2.726 7.800 3.418 7.337 7.058 9.381 11.350 
11.305 11.048 5.622 10.973 6.722 11.930 9.955 10.595 10.969 9.843 14.123 11.518 12.031 13.379 14.622 9.642 12.301 14.714 6.389 6.433 14.592 3.398 8.557 9.820 8.851 12.675 14.576 3.302 4.362 10.865 
5.496 14.517 10.675 5.640 14.465 4.350 11.235 7.590 12.813 14.069 2.422 7.980 13.870 13.945 1.970 8.186 5.159 13.223 9.871 10.101 11.046 15.109 11.150 6.892 11.731 4.358 7.316 12.681 14.604 14.801 
8.384 7.412 3.013 9.480 3.312 9.289 6.107 9.958 7.158 6.187 12.148 7.943 8.285 9.603 11.976 6.243 9.232 10.879 3.778 3.493 10.754 1.517 4.727 6.862 4.999 9.759 11.006 2.612 1.373 7.282 
7.451 11.820 3.623 5.653 8.471 7.579 9.243 5.087 10.932 10.660 8.960 9.059 12.283 13.370 10.060 7.062 8.566 14.120 3.731 4.271 13.164 6.548 7.877 6.296 8.522 8.642 11.754 2.946 6.802 11.816 
0.447 9.033 5.825 5.039 8.832 1.678 5.662 7.277 7.380 8.466 5.260 2.741 8.579 8.949 3.792 2.516 0.860 8.721 5.057 5.052 6.907 9.881 5.474 1.625 6.065 1.389 4.236 8.216 9.232 9.283 
3.325 11.275 4.781 1.885 9.566 2.943 7.965 3.663 9.849 10.393 4.447 6.076 11.198 11.886 5.261 4.635 4.361 12.023 4.052 4.489 10.447 9.289 7.113 3.027 7.842 4.160 7.979 6.447 9.002 11.427 
8.860 1.800 6.742 12.188 2.553 10.155 3.092 13.572 2.375 0.650 13.713 6.447 2.926 4.309 12.309 6.178 9.100 5.935 6.965 6.360 6.716 5.892 3.244 7.774 2.563 9.893 8.787 8.005 4.891 1.634 
8.514 12.031 4.040 6.853 8.372 8.721 9.711 6.143 11.298 10.836 10.167 9.886 12.613 13.772 11.239 7.867 9.622 14.652 4.363 4.819 13.850 6.037 8.293 7.277 8.884 9.746 12.686 2.538 6.460 11.988 
2.882 7.757 7.182 7.462 8.733 3.893 4.715 9.713 6.038 7.494 7.183 1.411 7.009 7.080 4.924 3.048 2.140 6.545 6.535 6.319 4.567 10.552 5.176 3.497 5.529 2.877 1.994 9.659 9.733 8.072 
5.965 14.107 6.895 1.449 12.028 5.143 10.838 0.921 12.723 13.176 4.379 8.922 14.080 14.787 6.546 7.536 6.849 14.905 6.330 6.879 13.265 11.150 9.909 5.920 10.643 6.411 10.520 7.800 11.076 14.240 
5.614 4.607 7.414 10.041 6.751 6.865 2.402 12.066 2.931 4.628 10.367 2.461 3.714 3.787 8.246 3.892 5.271 3.620 7.057 6.594 2.458 9.393 3.657 5.377 3.544 6.079 3.751 9.697 8.419 4.957 
9.625 15.248 7.036 6.162 11.906 9.309 12.538 4.292 14.289 14.101 9.373 11.864 15.654 16.688 11.302 9.976 10.708 17.312 7.015 7.597 16.154 9.723 11.225 8.840 11.897 10.543 14.230 6.186 10.118 15.255 
10.147 12.775 5.257 8.496 8.798 10.401 10.788 7.582 12.236 11.555 11.829 11.321 13.494 14.726 12.932 9.301 11.248 15.748 5.738 6.104 15.120 5.969 9.339 8.858 9.858 11.404 14.202 3.107 6.627 12.685 
7.129 3.632 8.380 11.518 6.713 8.385 2.802 13.496 2.231 4.025 11.884 3.978 2.486 2.287 9.714 5.252 6.786 2.268 8.132 7.616 2.113 9.693 4.252 6.818 3.878 7.590 4.869 10.509 8.680 4.013 
10.922 7.539 5.754 12.220 3.297 11.912 7.467 12.606 7.905 6.428 14.872 9.998 8.705 10.089 14.566 8.556 11.682 11.650 6.505 6.173 12.029 1.307 6.354 9.420 6.325 12.275 12.981 4.891 1.668 7.286 
9.892 4.284 11.067 14.352 8.440 11.104 5.390 16.359 3.975 5.295 14.511 6.747 3.018 1.639 12.141 8.121 9.428 0.812 10.893 10.349 3.054 11.698 6.814 9.675 6.281 10.200 6.810 13.043 10.674 4.616 
5.106 12.511 5.124 1.854 10.273 4.646 9.320 2.207 11.199 11.537 5.193 7.761 12.571 13.362 6.691 6.155 6.138 13.626 4.573 5.133 12.141 9.403 8.298 4.666 9.031 5.898 9.760 6.127 9.309 12.624 
1.707 7.852 4.410 5.470 7.265 2.947 4.452 7.442 6.286 7.154 6.491 2.371 7.581 8.158 5.365 1.047 2.387 8.244 3.695 3.585 6.740 8.303 4.013 0.753 4.660 2.988 4.920 6.864 7.636 8.063 
7.991 2.380 5.900 11.269 2.339 9.277 2.395 12.662 2.272 1.180 12.822 5.703 3.218 4.570 11.482 5.297 8.276 6.030 6.085 5.478 6.496 5.539 2.338 6.873 1.685 9.059 8.208 7.310 4.515 2.335 
9.762 3.079 10.308 14.087 7.316 11.027 4.680 15.989 3.030 4.145 14.531 6.618 1.877 0.540 12.322 7.729 9.431 1.628 10.209 9.641 3.643 10.613 6.033 9.358 5.430 10.233 7.226 12.161 9.593 3.399 
5.812 4.056 7.078 10.126 6.139 7.096 1.818 12.078 2.354 4.014 10.647 2.705 3.264 3.536 8.639 3.828 5.581 3.678 6.779 6.285 2.888 8.840 3.149 5.409 2.968 6.400 4.350 9.299 7.856 4.394 
4.166 6.994 7.865 8.756 8.609 5.205 4.324 10.985 5.300 6.920 8.452 1.718 6.093 5.986 6.063 3.732 3.449 5.294 7.298 6.994 3.261 10.793 5.135 4.584 5.319 4.165 1.519 10.321 9.902 7.338 
1.460 7.970 4.751 5.486 7.539 2.746 4.570 7.525 6.373 7.315 6.326 2.220 7.643 8.165 5.082 1.246 2.056 8.175 4.031 3.929 6.599 8.636 4.227 0.896 4.851 2.685 4.628 7.202 7.960 8.194 
4.155 6.921 2.142 6.451 5.094 5.188 3.907 7.815 5.721 5.929 8.422 4.019 7.102 8.059 7.806 2.075 4.959 8.697 1.711 1.278 7.786 5.733 2.712 2.660 3.440 5.513 7.038 4.588 5.104 7.021 
8.319 4.530 10.038 12.833 8.179 9.503 4.466 14.901 3.572 5.246 12.872 5.203 3.196 2.196 10.479 6.742 7.805 0.859 9.770 9.264 1.457 11.267 5.917 8.216 5.517 8.565 5.164 12.178 10.246 4.910 
4.747 13.187 10.344 6.376 13.587 3.923 10.021 8.583 11.469 12.850 3.698 6.680 12.438 12.402 1.271 7.268 4.084 11.566 9.540 9.665 9.357 14.611 10.134 6.259 10.648 3.402 5.595 12.554 14.003 13.494 
1.837 7.550 5.366 6.221 7.586 3.147 4.187 8.320 5.896 7.004 6.742 1.415 7.105 7.524 5.148 1.358 1.948 7.423 4.694 4.513 5.780 8.994 4.117 1.741 4.658 2.725 3.848 7.839 8.250 7.803 
5.096 13.676 10.621 6.342 13.994 4.179 10.488 8.483 11.959 13.321 3.466 7.156 12.940 12.916 1.470 7.671 4.504 12.086 9.814 9.965 9.878 14.936 10.565 6.592 11.092 3.785 6.116 12.785 14.351 13.979 
5.376 5.017 3.399 8.324 3.608 6.589 2.295 9.738 3.939 4.005 10.036 3.962 5.303 6.374 9.015 2.715 5.901 7.255 3.345 2.755 6.754 5.296 0.878 4.077 1.556 6.604 6.975 5.447 4.422 5.103 
11.311 10.881 5.616 11.068 6.549 11.957 9.842 10.731 10.828 9.679 14.198 11.462 11.877 13.228 14.655 9.602 12.297 14.578 6.392 6.415 14.486 3.215 8.453 9.818 8.731 12.684 14.524 3.344 4.191 10.694 
8.675 3.090 9.494 13.029 6.988 9.936 3.819 14.964 2.431 3.920 13.435 5.528 1.748 0.816 11.235 6.702 8.336 1.370 9.338 8.787 2.788 10.194 5.234 8.309 4.699 9.137 6.206 11.462 9.169 3.464 
9.887 6.397 5.053 11.548 2.076 10.937 6.197 12.152 6.663 5.247 14.032 8.789 7.515 8.896 13.552 7.431 10.593 10.421 5.739 5.327 10.759 1.440 5.107 8.411 5.056 11.219 11.747 4.755 0.850 6.169 
4.444 10.503 3.021 3.519 8.137 4.570 7.428 4.308 9.280 9.486 6.453 6.416 10.660 11.547 7.128 4.553 5.560 11.988 2.437 3.000 10.721 7.427 6.296 3.424 7.023 5.614 8.883 4.436 7.248 10.593 
6.172 11.963 3.917 3.904 9.121 6.093 9.051 3.571 10.861 10.878 7.219 8.243 12.239 13.200 8.451 6.354 7.282 13.734 3.649 4.256 12.531 7.740 7.816 5.248 8.521 7.241 10.690 4.269 7.803 12.015 
10.104 6.228 5.369 11.858 1.972 11.174 6.217 12.490 6.582 5.104 14.305 8.908 7.380 8.764 13.773 7.611 10.785 10.322 6.041 5.614 10.735 1.755 5.190 8.640 5.089 11.425 11.837 5.112 1.201 5.985 
1.506 9.123 4.277 4.089 8.068 2.208 5.745 6.059 7.607 8.349 5.448 3.693 8.926 9.541 4.897 2.327 2.599 9.629 3.478 3.603 8.071 8.591 5.109 0.648 5.805 2.840 5.881 6.569 8.061 9.312 
9.011 2.778 9.586 13.319 6.827 10.284 3.935 15.217 2.373 3.703 13.803 5.875 1.451 0.368 11.639 6.958 8.707 1.631 9.467 8.904 3.238 10.079 5.311 8.588 4.733 9.514 6.652 11.487 9.055 3.139 
4.590 12.372 5.292 1.334 10.347 4.048 9.118 2.404 11.002 11.438 4.610 7.362 12.365 13.102 6.050 5.858 5.591 13.289 4.671 5.196 11.736 9.679 8.172 4.295 8.905 5.310 9.238 6.517 9.522 12.503 
9.481 0.545 8.630 13.370 4.891 10.799 3.588 15.014 1.762 1.744 14.399 6.576 0.939 2.149 12.581 7.013 9.445 3.936 8.701 8.100 5.289 8.231 4.543 8.700 3.822 10.268 8.188 10.172 7.229 0.849 
2.018 8.727 3.700 4.408 7.499 2.814 5.383 6.224 7.262 7.905 6.008 3.683 8.603 9.290 5.498 2.040 3.061 9.488 2.906 3.004 8.045 7.986 4.639 0.654 5.351 3.388 6.125 6.032 7.456 8.900 
9.494 9.848 3.804 9.409 5.672 10.145 8.383 9.290 9.561 8.624 12.466 9.742 10.715 12.022 12.845 7.842 10.484 13.246 4.575 4.616 12.971 2.708 6.951 8.004 7.320 10.866 12.792 1.577 3.403 9.712 
12.554 8.662 7.286 13.688 4.672 13.528 8.981 13.920 9.243 7.642 16.428 11.616 9.906 11.283 16.192 10.197 13.322 12.925 8.059 7.761 13.465 2.769 7.936 11.049 7.854 13.911 14.579 6.095 3.308 8.367 
6.984 2.878 5.377 10.385 2.944 8.277 1.458 11.874 2.070 1.883 11.835 4.696 3.325 4.554 10.460 4.300 7.254 5.774 5.444 4.841 5.899 5.825 1.399 5.905 0.688 8.038 7.286 7.073 4.809 2.959 
7.784 12.771 4.560 5.343 9.488 7.740 10.102 4.389 11.831 11.625 8.698 9.672 13.191 14.246 10.079 7.715 8.898 14.928 4.570 5.141 13.873 7.542 8.768 6.771 9.431 8.881 12.240 3.939 7.819 12.778 
7.448 3.222 5.042 10.524 2.034 8.708 2.338 11.857 2.837 2.037 12.209 5.423 3.951 5.262 11.014 4.742 7.828 6.600 5.242 4.636 6.816 4.950 1.769 6.243 1.307 8.586 8.130 6.483 3.928 3.193 
5.902 4.362 3.954 8.985 3.184 7.146 1.896 10.408 3.366 3.336 10.633 4.176 4.710 5.835 9.506 3.204 6.349 6.825 3.969 3.369 6.511 5.281 0.485 4.667 0.950 7.082 7.098 5.850 4.340 4.439 
6.300 12.263 4.230 3.782 9.434 6.159 9.333 3.299 11.149 11.183 7.122 8.456 12.529 13.479 8.457 6.590 7.404 13.993 3.954 4.561 12.763 8.030 8.110 5.434 8.817 7.331 10.854 4.537 8.105 12.318 
5.153 4.330 6.173 9.333 5.677 6.462 1.334 11.231 2.626 4.018 10.050 2.210 3.789 4.295 8.219 2.969 5.067 4.590 5.860 5.371 3.727 8.164 2.404 4.599 2.395 5.890 4.497 8.427 7.206 4.623 
7.761 6.125 3.081 9.506 2.274 8.793 4.812 10.292 5.821 4.900 11.899 6.906 6.959 8.270 11.419 5.380 8.503 9.544 3.684 3.222 9.469 2.328 3.476 6.274 3.687 9.104 9.940 3.643 1.514 6.016 
7.486 8.763 9.494 4.045 4.440 7.815 2.251 4.436 5.735 4.907 11.736 2.737 6.922 11.208 5.531 8.672 5.914 6.843 3.104 10.606 7.572 5.039 12.624 11.603 4.957 5.361 8.008 2.799 6.366 7.210 
7.696 0.598 5.645 13.245 13.785 4.400 10.845 13.717 5.975 8.693 8.708 10.544 5.568 6.026 10.562 3.384 6.745 3.426 12.088 11.427 9.802 4.932 7.264 8.644 7.310 7.844 3.490 10.083 13.519 14.323 
1.975 7.804 5.002 7.571 8.587 4.298 5.213 9.286 2.241 0.994 6.324 4.372 9.471 6.723 2.525 9.664 1.486 4.789 8.570 5.054 2.157 3.764 7.885 6.190 8.809 0.483 9.154 8.357 5.779 6.461 
8.428 12.575 11.443 1.808 2.917 10.331 2.427 4.156 7.947 5.523 12.661 2.588 11.499 13.192 4.481 13.065 7.612 10.022 4.810 9.884 7.240 8.253 14.383 12.530 9.521 6.489 12.411 6.612 2.621 3.223 
3.927 4.284 1.313 12.121 12.958 1.159 9.590 13.311 3.493 6.055 4.477 8.963 8.557 2.412 7.745 7.261 3.855 2.575 12.066 7.206 6.137 4.025 3.900 4.396 9.315 5.056 7.069 10.799 11.000 11.681 
8.333 10.082 10.594 2.822 3.124 8.994 1.790 3.169 6.815 5.543 12.657 2.618 8.033 12.331 5.749 9.919 6.885 8.111 2.129 11.119 8.104 6.289 13.719 12.524 5.893 6.167 9.255 2.965 5.860 6.651 
5.919 2.819 5.498 9.846 10.389 3.544 7.468 10.361 3.581 5.879 8.601 7.222 4.351 6.756 7.706 3.988 4.413 1.830 8.789 9.954 7.646 1.928 8.234 8.497 4.964 5.226 3.501 6.986 10.407 11.243 
8.937 14.194 12.193 3.952 4.884 11.415 4.588 6.204 9.088 6.365 12.836 4.406 13.657 13.873 4.758 15.027 8.570 11.426 7.122 9.377 7.253 9.782 14.904 12.712 11.789 7.361 14.388 8.977 1.535 1.393 
7.206 1.129 5.905 11.668 12.159 4.212 9.328 12.042 5.108 7.638 9.084 9.105 4.192 6.736 9.492 2.684 5.936 2.708 10.390 11.155 9.143 3.699 8.123 8.999 5.672 6.897 2.460 8.364 12.272 13.103 
6.479 1.117 4.487 12.514 13.131 3.175 10.056 13.168 4.850 7.608 7.605 9.680 5.990 5.056 9.471 4.207 5.593 2.333 11.621 10.205 8.601 4.014 6.391 7.534 7.383 6.724 4.142 9.794 12.500 13.286 
11.119 13.683 13.790 1.653 0.559 12.355 3.976 1.210 10.054 8.156 15.464 4.772 11.300 15.552 7.574 13.396 9.949 11.627 2.890 13.100 10.298 9.793 16.867 15.330 8.958 9.001 12.734 5.400 5.921 6.377 
7.335 5.942 8.209 7.196 7.506 6.269 5.208 7.253 4.971 5.785 11.016 5.352 3.942 9.726 7.181 5.519 5.561 4.810 5.561 11.148 8.300 3.428 11.211 10.895 2.664 5.677 4.855 3.630 8.998 9.867 
8.430 1.161 6.753 12.935 13.375 5.274 10.640 13.184 6.437 9.010 9.883 10.450 4.339 7.295 10.867 2.042 7.255 3.955 11.479 12.308 10.432 5.079 8.573 9.811 6.280 8.251 2.188 9.319 13.651 14.483 
9.691 2.545 8.134 13.388 13.721 6.610 11.221 13.399 7.582 10.029 11.267 11.134 3.694 8.663 11.859 1.023 8.414 5.192 11.627 13.617 11.629 6.071 9.916 11.195 5.960 9.337 1.546 9.309 14.492 15.341 
11.032 11.950 13.166 3.502 2.812 11.469 4.246 1.719 9.403 8.250 15.342 5.158 8.830 14.878 8.323 11.152 9.542 10.398 0.583 13.780 10.783 8.641 16.296 15.209 6.397 8.869 10.506 2.767 7.745 8.403 
5.515 6.244 6.960 6.427 7.025 5.177 4.047 7.137 3.337 3.763 9.481 3.883 5.748 8.624 5.214 6.770 3.765 4.137 5.760 9.196 6.300 2.338 10.073 9.353 4.682 3.700 6.139 4.626 7.336 8.201 
8.383 8.784 10.144 4.566 4.698 8.363 3.233 4.368 6.453 5.938 12.552 3.821 6.292 11.815 6.643 8.296 6.737 7.209 2.713 11.645 8.617 5.488 13.261 12.421 4.124 6.308 7.634 1.705 7.390 8.220 
10.826 4.193 9.659 13.165 13.349 7.978 11.218 12.861 8.540 10.713 12.830 11.280 2.537 10.342 12.464 1.094 9.374 6.395 11.034 14.835 12.606 6.848 11.643 12.750 4.995 10.150 1.460 8.576 14.818 15.683 
2.756 7.868 5.621 6.815 7.812 4.688 4.423 8.489 2.406 0.379 7.113 3.600 9.081 7.368 2.245 9.487 1.845 4.902 7.764 5.756 2.767 3.607 8.582 6.979 8.248 0.665 8.943 7.603 5.356 6.098 
2.533 7.267 5.152 7.196 8.154 4.114 4.740 8.758 1.804 0.986 6.860 3.972 8.640 6.911 2.851 8.944 1.308 4.296 7.917 5.913 3.026 3.045 8.170 6.726 7.937 0.416 8.412 7.559 5.950 6.699 
10.485 5.204 10.027 11.269 11.350 8.139 9.530 10.769 8.052 9.766 13.187 9.728 0.438 11.038 11.371 2.553 8.843 6.425 8.928 14.516 11.982 6.248 12.450 13.089 2.802 9.386 2.170 6.427 13.375 14.245 
2.543 7.593 2.096 12.088 13.102 3.575 9.712 13.761 4.307 5.510 1.867 8.887 11.378 2.981 6.596 10.452 3.958 5.258 12.897 4.051 4.117 5.849 3.654 1.734 11.633 4.678 10.180 12.245 9.774 10.273 
4.477 3.713 4.479 9.286 9.963 2.513 6.799 10.119 2.131 4.577 7.440 6.399 5.699 5.959 6.437 5.419 2.966 1.156 8.712 8.514 6.201 0.733 7.445 7.327 5.918 3.842 4.951 7.265 9.310 10.121 
5.962 7.927 8.050 4.766 5.434 6.453 2.359 5.699 4.273 3.458 10.218 2.283 7.040 9.784 4.361 8.357 4.401 5.666 4.569 9.165 6.141 3.830 11.177 10.086 5.496 3.845 7.711 4.178 5.898 6.768 
4.889 2.990 4.369 9.979 10.631 2.403 7.506 10.742 2.693 5.267 7.454 7.125 5.499 5.701 7.133 4.907 3.524 0.718 9.285 8.904 6.744 1.463 7.187 7.349 6.026 4.489 4.494 7.707 10.038 10.846 
8.868 9.604 10.800 3.909 3.933 9.063 3.000 3.547 7.066 6.269 13.106 3.737 7.018 12.493 6.755 9.091 7.281 7.969 1.908 11.952 8.918 6.217 13.926 12.974 4.759 6.744 8.430 1.699 7.123 7.922 
10.400 7.786 11.125 8.071 7.935 9.153 6.884 7.182 8.035 8.661 14.030 7.371 3.464 12.538 9.825 6.052 8.627 7.555 5.344 14.170 11.264 6.427 14.025 13.912 1.062 8.675 5.474 2.810 11.020 11.862 
1.998 9.389 5.077 9.247 10.347 5.336 7.169 11.225 4.144 3.143 5.003 6.258 11.773 6.479 3.362 11.664 3.323 6.437 10.749 2.584 0.604 5.917 7.255 4.881 11.260 2.934 11.217 10.770 6.301 6.727 
2.371 6.578 1.216 11.757 12.725 2.556 9.311 13.302 3.565 5.224 2.638 8.534 10.385 2.592 6.552 9.427 3.380 4.251 12.329 4.882 4.353 4.966 3.644 2.519 10.721 4.299 9.157 11.520 9.806 10.375 
7.616 0.916 5.424 13.452 14.016 4.292 11.031 13.976 5.997 8.744 8.447 10.702 5.953 5.721 10.610 3.758 6.746 3.463 12.366 11.283 9.750 5.059 6.930 8.388 7.672 7.870 3.875 10.396 13.609 14.405 
