40 30 30
10.885 18.291 26.527 35.062 24.477 26.828 20.324 11.832 35.466 12.945 34.065 44.115 16.947 43.953 22.565 48.181 37.775 31.697 30.451 29.653 29.178 10.392 37.441 35.901 33.337 13.889 13.859 44.401 25.944 17.605 17.903 47.239 16.532 20.133 36.919 19.239 23.137 49.534 10.317 35.995 
54.032 10.600 28.248 40.622 50.110 46.048 67.339 40.133 30.727 20.917 35.497 34.189 22.809 37.246 45.071 5.258 24.607 23.871 52.277 66.568 5.114 26.439 48.344 18.539 60.796 52.345 34.248 25.364 49.514 44.066 
29.029 20.153 6.910 5.871 13.638 19.736 17.684 24.614 20.382 30.430 29.705 27.992 5.494 5.834 14.939 12.351 22.556 9.755 17.174 23.187 25.097 26.047 10.639 28.918 15.135 13.547 8.434 7.375 33.202 24.641 
1302.615 591.606 940.852 1062.078 1146.037 1163.599 1305.291 1071.297 924.042 824.928 1011.627 965.672 799.599 972.238 1117.794 384.237 842.473 873.396 1158.333 1336.654 450.965 856.557 1186.384 755.176 1280.457 1182.860 999.700 922.807 1170.862 1037.040 
12.394 3.109 3.350 3.092 2.669 5.957 9.997 9.569 14.702 11.138 9.120 15.458 6.143 14.830 14.638 6.344 14.262 4.194 7.484 0.806 8.965 3.561 5.278 12.948 9.648 3.565 4.117 12.134 1.949 7.032 
10.733 4.242 1.335 2.039 5.942 2.675 9.865 9.754 15.252 11.228 10.853 16.021 5.057 15.331 15.625 7.496 14.801 1.552 9.815 3.860 6.200 2.140 6.627 10.878 11.185 0.384 0.906 11.250 3.816 9.517 
10.037 9.564 14.609 11.433 11.992 14.701 4.964 4.350 2.763 3.789 4.152 3.358 9.236 2.991 2.165 6.165 2.470 12.528 6.692 13.006 13.207 11.400 7.213 11.820 3.343 13.342 13.476 7.129 10.577 7.375 
9.785 1.230 4.019 1.229 4.434 5.143 7.533 7.220 12.577 8.769 7.832 13.344 3.523 12.680 12.773 4.521 12.129 2.789 6.883 3.431 6.930 1.577 3.611 10.425 8.179 3.019 3.370 9.518 1.351 6.652 
4.443 5.940 9.536 6.409 9.946 8.527 2.062 2.617 7.730 3.500 7.003 8.461 3.163 7.736 8.777 4.581 7.302 6.838 8.182 9.644 6.285 6.132 5.141 5.855 6.666 7.944 7.850 3.260 7.113 8.509 
1.390 10.983 13.395 10.751 15.084 11.296 5.871 6.854 9.257 6.396 11.716 9.728 7.499 9.115 11.078 9.850 8.989 10.542 13.311 14.443 7.258 10.350 10.446 2.521 11.173 11.739 11.438 2.942 12.086 13.706 
11.291 4.717 0.742 2.617 6.022 2.746 10.474 10.354 15.846 11.834 11.342 16.615 5.667 15.927 16.195 8.026 15.395 2.114 10.213 3.830 6.597 2.745 7.129 11.388 11.697 0.918 1.284 11.854 4.176 9.886 
3.974 6.935 8.140 5.887 10.921 5.941 5.993 6.594 11.507 7.364 10.573 12.198 3.311 11.477 12.715 7.467 11.100 5.330 11.171 9.763 2.411 5.431 7.517 4.028 10.383 6.509 6.153 5.498 7.796 11.315 
10.987 6.234 11.393 8.513 7.821 12.272 5.650 4.666 7.039 5.545 0.396 7.683 7.486 7.245 6.274 3.126 6.682 9.902 2.402 9.142 12.091 8.636 3.836 12.544 1.007 10.429 10.705 8.692 6.994 3.066 
4.878 5.220 7.311 4.576 9.286 5.795 4.897 5.290 10.579 6.345 8.864 11.311 1.533 10.585 11.559 5.660 10.148 4.465 9.349 8.345 3.646 4.170 5.680 5.475 8.736 5.654 5.430 5.375 6.174 9.482 
1.876 11.701 13.828 11.317 15.812 11.562 6.819 7.801 10.124 7.354 12.663 10.568 8.139 9.973 11.978 10.724 9.871 10.992 14.224 15.073 7.361 10.898 11.284 2.211 12.127 12.184 11.849 3.900 12.776 14.606 
2.400 7.816 9.638 7.154 11.906 7.544 5.209 5.981 10.415 6.443 10.421 11.069 4.135 10.359 11.797 7.660 10.033 6.795 11.375 10.969 3.812 6.723 7.930 2.860 10.110 7.988 7.668 4.074 8.802 11.612 
3.084 10.689 13.930 10.979 14.663 12.283 4.459 5.400 6.942 4.536 10.130 7.396 7.633 6.793 8.810 8.870 6.692 11.101 12.015 14.382 8.699 10.641 9.651 4.725 9.497 12.280 12.073 1.508 11.863 12.491 
2.089 7.771 10.054 7.382 11.884 8.159 4.425 5.244 9.549 5.611 9.817 10.199 4.174 9.490 10.952 7.242 9.169 7.198 10.923 11.110 4.633 6.977 7.619 3.102 9.461 8.395 8.119 3.227 8.824 11.203 
12.197 6.642 1.714 4.436 7.658 2.450 12.063 12.033 17.557 13.464 13.263 18.324 7.137 17.625 18.001 9.913 17.107 3.461 12.138 5.366 6.865 4.461 9.041 12.021 13.602 2.514 2.450 13.140 6.096 11.799 
13.522 4.385 8.163 6.523 2.796 10.306 9.275 8.464 12.332 9.874 5.631 13.011 7.840 12.521 11.650 4.784 11.946 8.066 3.271 4.828 12.091 6.905 4.037 14.629 6.387 7.950 8.432 12.157 4.081 2.627 
8.377 6.047 11.048 7.870 8.899 11.218 2.983 1.999 5.665 2.986 2.863 6.414 5.870 5.807 5.722 2.717 5.232 8.995 4.751 9.624 10.190 7.846 3.795 9.991 2.397 9.783 9.929 6.020 7.112 5.299 
13.073 7.082 1.925 5.022 7.616 3.331 12.793 12.721 18.230 14.177 13.702 18.998 7.899 18.306 18.605 10.427 17.779 4.219 12.437 5.308 7.749 5.109 9.510 12.910 14.082 3.165 3.208 13.963 6.411 12.057 
3.761 9.631 10.093 8.345 13.546 7.337 7.967 8.741 13.019 9.165 13.090 13.637 6.046 12.943 14.492 10.133 12.656 7.485 13.853 12.219 2.918 7.875 10.239 2.571 12.821 8.573 8.120 6.439 10.431 14.023 
2.373 9.928 13.040 10.121 13.945 11.367 4.038 5.015 7.335 4.403 9.845 7.855 6.774 7.211 9.099 8.303 7.043 10.205 11.591 13.581 7.809 9.773 9.025 4.124 9.262 11.388 11.173 0.980 11.090 12.033 
8.841 2.920 3.494 0.748 6.094 3.501 7.693 7.613 13.131 9.067 9.180 13.898 2.899 13.201 13.594 5.697 12.680 1.118 8.541 4.610 5.208 0.281 4.987 9.211 9.410 1.947 2.016 9.124 3.152 8.374 
11.567 8.189 13.358 10.405 9.769 14.077 6.116 5.191 5.700 5.518 1.657 6.237 9.022 5.934 4.537 4.925 5.421 11.737 4.005 11.149 13.495 10.493 5.763 13.248 1.211 12.334 12.581 8.940 8.991 4.695 
3.704 6.254 8.468 5.756 10.354 6.767 4.462 5.052 10.032 5.854 9.142 10.737 2.592 10.013 11.189 6.194 9.618 5.615 9.918 9.500 3.880 5.352 6.394 4.431 8.909 6.808 6.560 4.361 7.264 10.121 
8.501 6.511 4.507 4.225 9.383 1.503 9.567 9.824 15.254 11.021 12.423 15.997 4.827 15.273 16.091 8.910 14.817 2.711 12.062 7.472 2.917 3.851 8.383 8.138 12.528 3.312 2.760 9.917 6.684 11.938 
9.065 0.892 4.988 1.899 4.920 5.720 6.521 6.192 11.554 7.743 7.013 12.321 2.850 11.655 11.783 3.601 11.105 3.326 6.323 4.301 6.826 2.041 2.788 9.839 7.302 3.828 4.089 8.602 1.840 6.184 
3.998 8.536 9.034 7.223 12.429 6.380 7.415 8.112 12.712 8.704 12.267 13.366 4.995 12.656 14.068 9.196 12.328 6.385 12.902 11.098 2.024 6.752 9.239 3.268 12.047 7.489 7.050 6.309 9.317 13.043 
11.709 5.394 0.594 3.284 6.484 2.629 11.096 10.999 16.500 12.467 12.019 17.269 6.245 16.578 16.867 8.706 16.049 2.607 10.862 4.228 6.777 3.383 7.809 11.717 12.377 1.465 1.646 12.392 4.819 10.522 
9.978 6.515 11.670 8.626 8.666 12.220 4.559 3.583 5.927 4.321 1.327 6.607 7.110 6.120 5.405 3.139 5.547 9.905 3.621 9.759 11.591 8.681 4.088 11.595 0.802 10.560 10.777 7.554 7.427 4.261 
2.949 7.377 9.089 6.633 11.450 7.010 5.293 6.002 10.648 6.592 10.294 11.320 3.687 10.604 11.958 7.411 10.255 6.248 11.134 10.463 3.400 6.198 7.616 3.312 10.024 7.441 7.119 4.459 8.337 11.343 
1.848 8.237 10.185 7.664 12.340 8.094 5.123 5.951 10.150 6.278 10.519 10.785 4.578 10.083 11.601 7.891 9.780 7.339 11.586 11.458 4.291 7.239 8.224 2.488 10.168 8.534 8.218 3.680 9.250 11.851 
1.438 10.235 12.946 10.173 14.313 11.040 4.880 5.864 8.408 5.406 10.724 8.916 6.863 8.280 10.179 8.931 8.120 10.092 12.350 13.780 7.224 9.793 9.568 3.092 10.177 11.287 11.024 1.954 11.363 12.757 
7.346 2.492 6.252 3.011 6.604 6.122 4.928 4.758 10.262 6.249 6.738 11.031 1.385 10.337 10.738 3.246 9.812 3.914 6.717 6.077 5.968 2.859 2.950 8.238 6.827 4.807 4.880 6.831 3.602 6.761 
8.472 5.908 4.125 3.622 8.807 1.440 9.195 9.406 14.872 10.647 11.872 15.621 4.370 14.899 15.654 8.355 14.432 2.120 11.471 6.934 3.151 3.247 7.805 8.237 11.994 2.809 2.271 9.713 6.083 11.340 
9.769 6.388 11.533 8.471 8.632 12.044 4.357 3.378 5.915 4.156 1.505 6.607 6.909 6.101 5.469 2.995 5.525 9.736 3.714 9.678 11.380 8.518 3.968 11.382 1.020 10.405 10.615 7.363 7.320 4.339 
11.200 9.121 14.276 11.213 11.033 14.736 5.853 5.040 4.362 4.957 2.922 4.861 9.459 4.603 3.139 5.740 4.119 12.454 5.381 12.291 13.743 11.251 6.692 12.943 2.233 13.147 13.348 8.405 10.017 6.073 
3.076 6.821 9.104 6.394 10.930 7.337 4.312 5.002 9.751 5.641 9.320 10.439 3.194 9.718 11.005 6.528 9.349 6.249 10.242 10.123 4.174 5.993 6.812 3.917 9.034 7.444 7.188 3.830 7.855 10.480 
15.355 6.697 10.422 8.885 4.665 12.663 10.662 9.755 12.729 10.990 5.849 13.331 9.997 12.946 11.683 6.354 12.393 10.430 3.347 6.921 14.375 9.262 5.884 16.591 6.671 10.297 10.786 13.677 6.444 2.722 
5.121 4.906 8.427 5.288 8.967 7.548 2.914 3.179 8.585 4.362 6.929 9.334 2.078 8.613 9.460 4.054 8.146 5.759 7.765 8.561 5.760 5.016 4.414 6.310 6.718 6.846 6.773 4.349 6.060 8.013 
11.209 8.402 13.569 10.554 10.190 14.155 5.778 4.888 5.101 5.075 2.068 5.645 8.986 5.335 3.993 5.062 4.821 11.841 4.524 11.489 13.383 10.616 5.968 12.914 1.424 12.488 12.712 8.519 9.259 5.216 
15.058 7.069 11.242 9.392 5.714 13.262 10.114 9.168 11.689 10.285 4.879 12.260 10.073 11.914 10.535 6.055 11.375 10.952 2.558 7.882 14.596 9.728 5.804 16.397 5.694 10.951 11.409 13.170 7.029 2.110 
11.250 3.562 14.639 9.950 5.674 13.120 8.154 9.921 2.754 8.363 12.380 4.577 2.066 13.710 3.502 1.599 8.564 13.884 4.058 8.829 2.326 15.319 9.989 2.781 12.236 6.784 10.493 2.878 6.655 10.949 
10.580 7.489 6.921 2.910 4.950 5.750 5.646 6.146 9.807 1.899 7.344 7.849 11.396 8.038 8.543 11.263 7.630 4.799 8.935 8.473 10.480 6.978 0.160 11.454 9.832 4.153 9.596 7.430 3.463 4.882 
15.684 11.025 11.275 8.071 9.015 10.445 4.256 3.026 13.069 4.747 12.435 8.199 12.896 12.983 12.132 13.626 12.596 8.517 12.705 13.431 11.640 10.921 5.091 12.553 15.002 8.646 14.685 9.160 7.559 10.000 
12.545 7.942 9.284 5.230 5.794 8.162 3.423 3.726 10.099 1.503 9.701 6.434 10.665 10.447 9.051 11.008 9.395 6.931 9.585 10.223 9.553 9.238 2.420 10.521 12.003 5.401 11.537 6.699 4.318 7.235 
12.722 11.458 5.907 5.253 8.854 5.619 8.684 8.402 13.792 5.779 8.293 11.682 15.491 8.327 12.463 15.366 10.411 3.003 12.775 11.208 14.532 5.253 3.963 15.509 11.426 7.892 11.863 11.506 7.464 6.355 
15.899 9.796 13.180 9.069 8.423 12.083 1.793 0.210 11.488 4.941 13.531 5.576 10.389 14.339 10.842 11.490 12.617 10.702 11.503 13.397 9.058 13.064 6.340 9.898 15.604 8.459 14.885 7.080 7.263 11.076 
6.245 1.900 9.636 5.572 2.140 8.146 8.794 10.366 3.722 6.434 6.986 7.370 7.519 8.332 2.289 6.148 3.183 9.562 2.309 3.625 7.432 10.488 7.060 8.143 6.897 2.754 5.344 5.275 3.629 5.913 
5.629 2.844 8.682 4.804 2.187 7.202 9.007 10.487 4.689 6.258 6.005 7.989 8.468 7.350 3.264 7.132 2.395 8.733 3.219 2.985 8.323 9.558 6.609 9.064 6.079 2.375 4.672 5.993 3.460 4.972 
2.962 6.938 11.137 9.292 7.686 10.041 14.471 16.002 6.925 11.742 7.475 12.826 11.498 8.552 6.326 9.430 4.095 12.460 5.656 3.281 11.955 12.282 11.789 12.371 4.887 7.839 3.140 10.613 8.979 8.301 
5.038 2.948 9.772 6.283 3.525 8.349 10.247 11.808 4.011 7.757 6.710 8.722 8.315 8.056 2.788 6.648 2.423 10.118 2.407 2.560 8.426 10.732 8.179 9.041 5.982 3.920 4.228 6.567 4.941 6.164 
4.647 7.678 4.333 3.716 5.940 3.155 11.518 12.497 9.496 7.727 1.160 11.925 13.269 2.489 8.101 11.992 3.408 5.690 7.940 3.895 12.987 5.433 6.694 13.797 3.338 5.065 3.895 10.305 6.020 1.844 
3.307 7.615 11.709 10.029 8.445 10.661 15.220 16.759 7.452 12.511 8.030 13.504 11.998 9.049 6.951 9.887 4.837 13.127 6.264 4.013 12.514 12.865 12.550 12.891 5.265 8.608 3.673 11.283 9.746 8.983 
10.467 4.641 9.789 4.901 2.881 8.369 3.975 5.435 6.754 2.103 8.901 4.411 7.720 9.979 5.750 7.767 7.154 8.242 6.322 7.905 6.792 10.142 3.829 7.765 10.403 3.039 9.460 3.741 1.883 6.657 
3.214 6.897 11.362 9.446 7.732 10.254 14.499 16.044 6.803 11.823 7.705 12.786 11.368 8.791 6.252 9.284 4.248 12.655 5.572 3.447 11.849 12.503 11.909 12.249 5.138 7.919 3.378 10.567 9.048 8.491 
1.403 8.287 9.989 9.075 8.456 9.096 15.257 16.664 8.681 12.141 6.322 14.083 13.258 7.192 7.873 11.272 4.199 11.713 7.265 3.395 13.593 11.167 11.843 14.089 3.282 8.338 2.192 11.932 9.531 7.702 
7.168 5.808 5.667 1.081 3.348 4.159 8.004 9.001 8.058 4.228 4.479 8.742 10.935 5.520 6.633 10.140 4.297 5.083 6.790 5.134 10.379 6.297 3.521 11.281 6.510 2.238 6.185 7.438 2.763 2.209 
2.850 6.543 10.823 8.867 7.241 9.696 14.031 15.556 6.628 11.292 7.178 12.427 11.209 8.290 5.968 9.172 3.670 12.082 5.311 2.867 11.629 11.959 11.345 12.069 4.722 7.389 2.888 10.221 8.529 7.916 
13.691 8.272 10.844 6.677 6.482 9.708 1.992 2.212 10.248 2.592 11.144 5.557 10.124 11.943 9.371 10.776 10.455 8.472 9.973 11.261 8.909 10.793 3.969 9.847 13.293 6.329 12.677 6.319 5.155 8.685 
7.122 9.208 2.069 3.159 6.973 0.632 11.167 11.811 11.287 7.244 2.349 12.415 14.576 2.474 9.849 13.599 5.758 3.251 9.830 6.354 14.080 3.009 5.676 14.968 5.573 5.898 6.424 11.161 6.473 1.668 
13.893 11.208 8.007 6.068 8.727 7.460 6.881 6.317 13.495 4.842 9.884 10.300 14.516 10.146 12.285 14.711 11.204 5.122 12.709 12.038 13.430 7.477 3.648 14.400 12.832 7.955 12.960 10.527 7.213 7.652 
14.486 7.001 14.353 9.526 6.828 12.975 3.007 4.504 8.038 5.810 13.525 1.330 6.037 14.629 7.830 7.407 11.213 12.505 8.544 11.842 4.684 14.599 7.801 5.488 14.742 7.442 13.522 3.454 6.433 11.313 
12.536 7.645 9.601 5.395 5.591 8.438 3.020 3.497 9.766 1.401 9.864 5.963 10.218 10.657 8.755 10.603 9.344 7.316 9.308 10.164 9.096 9.596 2.713 10.062 12.067 5.283 11.525 6.265 4.157 7.403 
8.181 6.507 5.495 0.616 3.926 4.066 7.479 8.310 8.812 3.579 5.044 8.704 11.344 5.907 7.414 10.737 5.373 4.381 7.639 6.208 10.674 5.936 2.525 11.607 7.400 2.839 7.211 7.652 2.931 2.593 
13.041 5.238 16.007 11.195 7.043 14.493 7.980 9.672 4.523 9.015 13.964 4.045 0.785 15.275 5.293 2.527 10.290 15.010 5.861 10.592 0.709 16.609 10.817 1.007 13.983 8.121 12.270 3.254 7.781 12.377 
3.915 7.196 5.146 4.124 5.687 3.974 11.628 12.704 8.899 7.936 1.736 11.757 12.816 3.080 7.533 11.445 2.656 6.466 7.321 3.088 12.607 6.254 7.087 13.386 2.829 4.923 3.110 10.029 5.975 2.458 
14.467 9.409 10.903 7.126 7.500 9.891 2.833 2.199 11.423 3.349 11.587 6.656 11.289 12.277 10.513 11.972 11.291 8.339 11.101 12.113 10.055 10.721 4.215 10.982 13.936 7.233 13.457 7.512 6.097 9.121 
14.624 9.277 11.345 7.428 7.490 10.295 2.323 1.675 11.227 3.488 11.900 6.215 10.901 12.633 10.373 11.664 11.411 8.825 10.980 12.223 9.646 11.196 4.576 10.562 14.163 7.305 13.611 7.190 6.142 9.433 
8.309 1.705 12.697 8.443 4.304 11.201 9.336 11.085 0.666 8.196 9.987 6.613 4.951 11.338 0.779 3.196 5.856 12.471 1.089 5.993 5.291 13.529 9.353 5.759 9.423 5.326 7.602 4.404 5.731 8.970 
11.541 8.668 6.974 3.722 6.144 6.003 5.885 6.034 10.979 2.654 7.964 8.583 12.387 8.497 9.729 12.362 8.699 4.484 10.129 9.539 11.410 6.827 1.039 12.387 10.661 5.345 10.576 8.395 4.647 5.557 
7.814 9.611 1.707 3.230 7.284 0.291 11.053 11.598 11.743 7.144 3.016 12.521 14.887 2.968 10.302 13.995 6.384 2.578 10.318 7.004 14.337 2.459 5.454 15.242 6.253 6.186 7.112 11.374 6.649 2.131 
