80 30 30
14.333 7.865 6.505 11.782 15.833 5.270 21.920 20.544 4.772 16.010 4.939 21.929 7.766 10.481 4.995 10.552 22.030 21.509 8.205 14.329 7.851 14.004 6.497 5.831 19.924 15.078 22.099 15.860 16.190 9.987 16.118 18.788 16.768 13.882 19.074 20.813 18.496 16.502 6.139 14.981 10.133 3.338 17.305 21.171 17.228 16.100 14.169 8.135 6.110 7.502 7.602 14.824 13.076 21.690 11.359 13.902 18.906 15.576 5.910 14.587 15.640 6.676 16.287 4.415 8.521 18.368 18.262 5.098 15.032 19.765 18.635 5.351 20.771 13.576 10.045 21.221 8.776 21.641 10.186 22.072 
67.560 59.206 6.791 14.917 25.542 29.747 69.061 43.710 8.398 12.492 69.418 53.773 74.302 19.067 27.326 6.867 33.655 20.058 19.603 6.933 72.544 23.224 52.469 39.966 45.052 73.251 6.645 14.552 52.809 36.474 
24.341 18.387 24.836 10.158 34.171 20.190 24.419 17.527 18.427 10.799 29.917 27.440 7.835 14.064 18.771 21.873 14.430 10.040 7.996 29.108 34.994 14.785 7.882 30.319 22.407 7.704 14.977 8.121 11.079 5.708 
1289.269 1285.611 441.883 661.272 789.646 923.388 1344.469 1057.899 464.644 580.273 1229.649 1124.509 1313.108 719.604 778.155 472.970 907.823 699.648 716.514 505.541 1386.558 784.256 1194.306 1048.876 1139.625 1334.970 452.805 678.192 1223.114 1021.720 
7.398 12.309 3.153 2.001 2.533 10.005 8.066 8.696 2.125 10.584 0.965 11.152 6.855 2.751 2.106 5.710 0.655 4.348 10.754 6.910 11.999 12.171 8.832 4.219 7.205 8.939 5.563 7.760 6.452 1.429 
9.409 4.344 7.928 10.874 7.412 4.139 2.184 4.184 11.022 1.825 10.437 7.816 3.197 9.898 8.912 13.114 9.564 9.972 5.359 10.614 3.599 8.575 8.008 10.070 12.674 5.927 14.024 4.298 3.508 9.673 
14.328 12.114 9.773 9.151 7.178 14.584 11.599 13.511 9.233 13.796 6.530 16.995 10.646 10.037 9.149 12.780 7.883 11.597 15.705 1.729 12.278 18.037 5.642 11.485 0.608 14.505 12.159 12.681 9.223 8.706 
13.200 2.846 10.054 12.142 8.056 9.240 6.380 8.930 12.294 7.028 10.569 12.823 6.485 11.772 10.556 15.336 10.477 12.518 10.502 7.600 3.197 13.668 3.815 12.543 9.870 10.629 15.748 8.656 5.229 10.970 
3.961 9.651 3.185 6.287 4.728 3.968 3.474 2.657 6.406 5.410 7.079 5.227 2.819 4.935 4.384 7.663 5.624 4.518 4.579 10.612 9.017 6.274 10.073 4.649 11.966 2.815 8.792 1.794 4.098 5.303 
4.184 11.393 0.371 3.275 3.137 6.979 5.849 5.665 3.394 8.163 4.426 7.702 4.775 1.980 1.434 5.222 2.834 2.242 7.540 9.313 10.889 8.714 9.944 2.274 10.179 5.587 6.059 4.773 5.222 2.348 
0.925 14.252 5.473 7.116 8.183 6.817 7.988 6.019 7.142 9.239 9.217 4.846 7.542 5.678 6.196 5.891 7.616 4.123 6.451 14.392 13.570 5.498 14.574 4.298 15.265 4.529 7.500 5.735 8.820 6.875 
11.543 7.183 7.379 8.529 4.719 10.009 6.866 9.129 8.670 8.817 6.463 12.946 6.147 8.616 7.409 12.100 6.832 9.788 11.226 3.457 7.238 13.949 2.282 9.753 5.631 10.452 12.154 8.442 4.555 7.513 
7.834 8.066 8.551 11.678 9.340 1.463 3.918 2.746 11.801 2.316 12.150 4.348 4.931 10.337 9.738 12.798 10.854 9.756 1.807 13.998 7.272 4.840 11.926 9.909 15.842 3.624 14.076 3.640 6.296 10.644 
8.117 6.575 4.790 7.210 3.325 6.135 3.108 5.183 7.364 5.443 6.309 8.991 2.209 6.599 5.424 10.127 5.681 7.235 7.316 7.006 6.189 9.991 5.756 7.267 8.823 6.505 10.692 4.484 0.761 5.992 
9.210 8.187 4.939 6.224 2.278 8.632 5.720 7.556 6.371 8.071 4.490 11.134 4.703 6.189 4.972 9.707 4.522 7.338 9.748 4.607 8.005 12.168 4.724 7.303 6.242 8.628 9.867 6.742 3.391 5.141 
2.326 11.600 2.527 5.119 5.043 5.573 5.478 4.358 5.206 7.356 6.602 5.610 4.728 3.616 3.557 5.783 4.997 2.727 5.847 11.244 10.987 6.597 11.354 2.887 12.270 3.747 7.045 3.649 5.777 4.423 
4.676 15.968 4.758 3.618 7.042 10.506 10.211 9.321 3.535 12.286 6.240 9.682 9.246 3.129 4.351 0.857 5.083 2.415 10.624 12.459 15.450 10.468 14.025 2.332 12.600 8.487 2.428 8.605 9.802 4.299 
9.740 10.532 5.185 5.097 2.641 10.556 7.886 9.364 5.216 10.336 2.692 12.585 6.761 5.654 4.641 8.807 3.545 7.135 11.564 3.877 10.397 13.631 5.944 7.042 4.665 10.140 8.581 8.471 5.679 4.354 
5.699 8.865 6.492 9.588 7.657 0.769 3.195 0.799 9.704 3.274 10.288 3.345 3.745 8.201 7.691 10.582 8.897 7.552 1.405 12.912 8.103 4.221 11.430 7.708 14.568 1.565 11.871 1.706 5.335 8.609 
7.152 15.519 4.761 1.746 5.783 11.771 10.573 10.469 1.593 12.968 3.736 11.870 9.422 2.879 3.689 2.940 3.353 3.850 12.212 9.995 15.137 12.783 12.273 3.665 9.754 10.141 2.189 9.597 9.433 2.967 
5.745 8.076 3.505 6.544 3.789 4.336 2.340 3.126 6.685 4.776 6.617 6.631 1.256 5.473 4.554 8.696 5.432 5.578 5.328 9.121 7.503 7.660 8.269 5.663 10.674 4.123 9.588 2.250 2.259 5.384 
1.867 11.711 3.887 6.463 6.259 4.767 5.452 3.726 6.542 6.918 7.978 4.254 4.981 4.947 4.940 6.680 6.377 3.852 4.795 12.405 11.041 5.226 12.198 4.030 13.537 2.658 8.079 3.266 6.297 5.804 
10.395 3.444 7.809 10.369 6.451 6.245 3.358 5.901 10.523 4.251 9.364 9.798 3.616 9.694 8.550 13.167 8.838 10.160 7.516 8.420 3.027 10.654 5.577 10.216 10.573 7.606 13.818 5.658 2.744 9.150 
14.334 11.655 9.781 9.327 7.130 14.360 11.338 13.314 9.417 13.489 6.707 16.857 10.418 10.148 9.215 12.989 7.995 11.686 15.499 1.317 11.837 17.897 5.144 11.580 1.134 14.359 12.425 12.501 8.961 8.820 
2.772 12.134 1.793 3.996 4.546 6.653 6.205 5.401 4.076 8.271 5.664 6.721 5.300 2.481 2.593 4.802 4.045 1.661 6.985 10.734 11.567 7.690 11.240 1.801 11.583 4.894 5.968 4.622 6.092 3.395 
1.350 12.653 4.889 7.184 7.379 5.190 6.395 4.364 7.244 7.585 8.921 3.745 6.044 5.667 5.852 6.806 7.305 4.344 4.924 13.551 11.958 4.601 13.364 4.530 14.634 2.911 8.321 4.109 7.420 6.667 
4.432 13.605 2.358 1.926 4.559 8.949 8.102 7.669 1.952 10.364 4.268 8.979 7.040 0.687 1.865 3.016 2.831 1.069 9.327 10.216 13.123 9.910 11.555 0.897 10.615 7.240 3.805 6.835 7.419 2.006 
5.016 9.295 2.134 5.198 2.985 5.325 3.709 4.024 5.337 6.105 5.516 6.978 2.608 4.102 3.207 7.368 4.196 4.288 6.141 8.903 8.762 8.025 8.671 4.357 10.216 4.542 8.222 3.087 3.205 4.063 
3.683 12.318 1.220 2.973 3.937 7.472 6.650 6.184 3.059 8.876 4.678 7.749 5.627 1.475 1.631 4.327 3.063 1.288 7.899 10.017 11.800 8.723 10.842 1.328 10.732 5.846 5.282 5.342 6.160 2.373 
5.672 9.476 6.995 10.043 8.331 1.074 3.966 1.553 10.152 3.756 10.886 2.643 4.524 8.616 8.194 10.788 9.451 7.840 0.753 13.677 8.703 3.468 12.211 8.005 15.309 1.472 12.141 2.397 6.117 9.115 
8.592 6.153 8.243 11.355 8.443 2.405 2.682 3.062 11.491 0.359 11.405 6.016 3.879 10.163 9.366 13.027 10.286 9.885 3.445 12.480 5.363 6.653 10.127 10.015 14.438 4.596 14.144 3.634 4.914 10.223 
5.675 9.258 6.821 9.887 8.100 0.900 3.698 1.291 9.998 3.573 10.681 2.883 4.256 8.472 8.020 10.718 9.261 7.739 0.952 13.414 8.488 3.728 11.941 7.901 15.055 1.465 12.049 2.154 5.848 8.941 
10.052 6.462 6.170 7.883 3.817 8.239 5.107 7.356 8.033 7.155 6.258 11.190 4.374 7.675 6.444 11.239 6.196 8.648 9.452 5.042 6.333 12.187 3.639 8.640 7.063 8.704 11.516 6.682 2.781 6.747 
13.099 3.051 9.900 11.956 7.870 9.241 6.342 8.899 12.108 7.072 10.363 12.806 6.406 11.603 10.385 15.170 10.287 12.368 10.507 7.380 3.374 13.660 3.614 12.391 9.650 10.588 15.567 8.603 5.115 10.788 
3.781 10.956 5.975 8.812 7.868 2.885 4.922 2.437 8.902 5.474 10.052 2.085 5.025 7.315 7.129 9.084 8.507 6.303 2.484 13.701 10.212 3.131 12.794 6.480 15.107 0.688 10.518 2.681 6.611 8.034 
5.968 8.002 5.918 9.052 6.755 1.369 2.085 0.521 9.178 2.782 9.509 4.420 2.635 7.749 7.097 10.429 8.200 7.312 2.473 11.825 7.264 5.332 10.300 7.451 13.524 2.270 11.610 1.035 4.211 7.998 
0.901 14.416 4.933 6.281 7.698 7.353 8.176 6.431 6.297 9.647 8.485 5.705 7.598 4.889 5.524 4.947 6.906 3.295 7.118 13.877 13.762 6.405 14.300 3.461 14.640 5.093 6.552 6.020 8.754 6.136 
4.440 9.759 5.574 8.594 7.110 2.030 3.695 1.241 8.701 4.407 9.532 3.032 3.854 7.157 6.769 9.370 8.060 6.388 2.204 12.734 9.022 4.049 11.645 6.551 14.242 0.562 10.697 1.496 5.459 7.689 
12.171 8.718 7.764 8.308 4.988 11.339 8.250 10.370 8.434 10.326 5.943 14.074 7.413 8.678 7.543 11.996 6.681 10.024 12.520 1.876 8.814 15.098 2.865 9.960 4.024 11.565 11.833 9.615 5.884 7.449 
5.415 9.902 7.021 10.028 8.488 1.499 4.334 1.847 10.132 4.180 10.971 2.226 4.829 8.578 8.215 10.626 9.506 7.731 0.854 13.939 9.129 3.080 12.557 7.900 15.532 1.295 12.011 2.612 6.434 9.136 
5.745 7.829 4.753 7.879 5.375 2.755 1.568 1.607 8.012 3.495 8.169 5.408 1.448 6.663 5.897 9.601 6.913 6.447 3.801 10.518 7.157 6.394 9.241 6.565 12.169 2.966 10.662 0.912 3.058 6.775 
11.188 6.910 7.091 8.389 4.489 9.554 6.410 8.680 8.532 8.370 6.424 12.507 5.698 8.401 7.183 11.913 6.686 9.525 10.773 3.875 6.926 13.508 2.537 9.497 6.016 10.017 12.026 8.001 4.103 7.338 
11.600 5.196 7.911 9.662 5.605 8.945 5.787 8.270 9.812 7.353 7.931 12.205 5.382 9.460 8.229 13.025 7.969 10.395 10.209 5.341 5.252 13.156 2.484 10.395 7.571 9.791 13.299 7.738 3.804 8.533 
10.160 3.482 7.814 10.483 6.651 5.749 2.981 5.478 10.636 3.685 9.612 9.339 3.410 9.733 8.619 13.159 8.998 10.108 7.013 8.943 2.952 10.176 6.150 10.174 11.076 7.205 13.873 5.305 2.798 9.262 
11.456 7.954 7.151 8.039 4.411 10.368 7.268 9.419 8.174 9.340 5.855 13.160 6.452 8.243 7.062 11.667 6.360 9.499 11.558 2.858 7.993 14.178 2.765 9.450 4.948 10.654 11.636 8.682 4.908 7.081 
12.734 5.867 8.830 10.253 6.316 10.290 7.131 9.603 10.397 8.662 8.262 13.531 6.692 10.228 9.003 13.758 8.549 11.293 11.553 4.535 6.079 14.489 1.140 11.275 6.805 11.102 13.891 9.050 5.095 9.192 
5.263 9.722 6.693 9.717 8.132 1.391 4.042 1.519 9.823 4.060 10.627 2.473 4.494 8.276 7.889 10.396 9.170 7.466 1.094 13.588 8.955 3.375 12.240 7.632 15.177 1.068 11.760 2.258 6.103 8.810 
5.081 9.936 6.650 9.650 8.161 1.615 4.211 1.665 9.753 4.283 10.613 2.294 4.620 8.198 7.843 10.257 9.141 7.352 1.218 13.676 9.171 3.223 12.384 7.520 15.241 0.920 11.635 2.342 6.232 8.763 
9.187 14.040 5.282 2.926 4.523 12.224 10.224 10.914 2.937 12.750 1.498 13.259 9.013 4.321 4.132 6.167 2.764 5.892 12.962 6.904 13.807 14.264 9.699 5.727 6.477 11.112 5.410 9.979 8.461 3.254 
0.155 13.497 4.404 6.192 7.113 6.469 7.251 5.515 6.230 8.726 8.199 5.109 6.697 4.716 5.157 5.426 6.589 3.225 6.302 13.321 12.839 5.904 13.553 3.408 14.203 4.233 6.970 5.090 7.895 5.868 
6.789 11.337 9.233 12.135 10.838 3.292 6.451 4.146 12.228 5.546 13.253 1.878 7.106 10.644 10.410 12.274 11.751 9.611 2.027 16.270 10.544 1.773 14.715 9.790 17.889 3.401 13.764 4.967 8.686 11.323 
7.029 7.456 7.095 10.231 7.741 0.972 2.378 1.519 10.360 1.803 10.579 4.654 3.329 8.947 8.265 11.628 9.323 8.517 2.221 12.451 6.684 5.415 10.566 8.657 14.260 3.018 12.817 2.242 4.744 9.158 
9.206 9.264 4.735 5.479 1.959 9.351 6.580 8.204 5.619 9.001 3.501 11.600 5.487 5.672 4.510 9.086 3.788 6.981 10.408 4.284 9.092 12.644 5.305 6.920 5.593 9.116 9.101 7.340 4.329 4.499 
12.994 0.800 10.895 13.533 9.615 7.683 5.683 7.851 13.686 5.055 12.497 11.364 6.390 12.813 11.691 16.237 12.007 13.171 8.822 10.695 0.153 12.040 7.099 13.242 12.950 9.590 16.951 7.935 5.866 12.312 
4.040 15.759 4.654 3.987 7.108 10.013 9.887 8.859 3.925 11.884 6.590 9.053 8.970 3.244 4.421 1.493 5.319 2.192 10.076 12.725 15.216 9.822 14.107 2.160 12.973 7.944 3.102 8.179 9.629 4.508 
4.734 12.020 7.699 10.413 9.671 3.607 6.337 3.773 10.492 6.272 11.797 0.304 6.642 8.897 8.825 10.250 10.230 7.727 2.574 15.484 11.245 1.331 14.435 7.911 16.910 2.266 11.775 4.290 8.253 9.714 
1.441 12.226 3.384 5.705 5.966 5.615 6.012 4.517 5.773 7.662 7.395 5.054 5.393 4.183 4.326 5.791 5.778 2.990 5.683 12.170 11.584 5.990 12.251 3.171 13.171 3.546 7.190 3.958 6.563 5.144 
8.287 5.404 5.960 8.759 5.160 4.680 1.519 4.046 8.910 3.502 8.183 7.995 1.509 7.906 6.839 11.279 7.371 8.204 5.940 8.734 4.846 8.919 6.748 8.276 10.677 5.667 12.054 3.650 1.249 7.544 
10.052 5.678 9.733 12.830 9.764 3.686 4.024 4.540 12.968 1.526 12.762 7.042 5.235 11.665 10.839 14.551 11.708 11.409 4.474 13.329 4.895 7.524 10.612 11.538 15.382 5.963 15.663 5.154 6.038 11.682 
7.641 6.562 7.186 10.304 7.496 1.880 1.815 2.137 10.439 1.120 10.424 5.559 2.947 9.101 8.316 11.971 9.266 8.827 3.117 11.854 5.794 6.321 9.787 8.955 13.735 3.802 13.080 2.599 4.172 9.180 
8.502 5.077 6.805 9.745 6.326 3.886 1.190 3.584 9.892 2.275 9.350 7.442 2.076 8.774 7.782 12.017 8.444 8.884 5.160 9.923 4.399 8.290 7.671 8.977 11.904 5.320 12.905 3.486 2.491 8.544 
7.751 9.543 3.288 4.467 0.512 8.343 5.847 7.124 4.617 8.358 3.119 10.321 4.667 4.391 3.181 7.905 2.780 5.596 9.317 5.726 9.253 11.367 6.509 5.548 6.881 7.870 8.104 6.220 3.875 3.350 
7.382 13.711 3.757 1.104 3.917 10.873 9.212 9.553 1.135 11.699 1.697 11.603 8.014 2.514 2.558 4.626 1.544 4.067 11.504 8.001 13.381 12.589 10.204 3.900 7.968 9.563 4.235 8.631 7.767 1.637 
12.597 1.381 10.666 13.378 9.523 7.159 5.297 7.378 13.531 4.512 12.449 10.833 6.079 12.602 11.505 15.986 11.888 12.896 8.281 10.947 0.620 11.494 7.453 12.974 13.187 9.109 16.748 7.506 5.691 12.156 
2.078 13.989 3.479 4.431 6.239 7.851 7.934 6.720 4.446 9.800 6.691 7.004 7.122 3.065 3.829 3.583 5.144 1.454 7.908 12.309 13.399 7.836 13.088 1.614 12.934 5.774 5.064 6.082 8.000 4.349 
12.887 1.053 10.352 12.807 8.793 8.107 5.660 8.057 12.961 5.630 11.573 11.783 6.130 12.212 11.046 15.711 11.220 12.722 9.318 9.397 1.215 12.539 5.757 12.776 11.659 9.804 16.314 7.983 5.291 11.596 
5.845 11.308 8.347 11.213 10.057 2.975 6.022 3.563 11.303 5.497 12.394 1.078 6.545 9.716 9.514 11.322 10.873 8.663 1.739 15.630 10.521 1.488 14.265 8.843 17.183 2.547 12.811 4.295 8.150 10.424 
8.405 5.362 7.179 10.204 6.972 3.219 1.336 3.161 10.347 1.437 9.981 6.863 2.503 9.144 8.220 12.264 8.987 9.111 4.475 10.770 4.624 7.661 8.492 9.218 12.738 4.908 13.238 3.283 3.259 9.024 
3.321 11.011 1.628 4.546 4.017 5.769 5.085 4.475 4.654 7.210 5.732 6.372 4.170 3.129 2.773 5.883 4.159 2.727 6.248 10.215 10.440 7.390 10.388 2.842 11.262 4.259 6.960 3.633 5.011 3.683 
13.982 2.531 10.918 13.024 8.938 9.772 7.033 9.553 13.176 7.432 11.436 13.402 7.232 12.647 11.433 16.210 11.358 13.376 11.018 8.226 3.073 14.214 4.315 13.405 10.490 11.274 16.630 9.338 6.044 11.851 
4.176 11.738 0.541 2.964 3.273 7.301 6.214 5.991 3.077 8.522 4.289 7.906 5.139 1.625 1.231 4.871 2.676 1.946 7.832 9.395 11.240 8.908 10.161 1.960 10.183 5.850 5.694 5.108 5.561 2.112 
8.147 6.771 4.678 7.010 3.078 6.383 3.385 5.403 7.164 5.736 6.044 9.177 2.445 6.448 5.259 9.991 5.457 7.141 7.551 6.754 6.407 10.185 5.641 7.166 8.549 6.682 10.519 4.679 1.054 5.795 
11.848 3.207 8.755 10.956 6.883 8.072 5.110 7.673 11.110 6.036 9.537 11.596 5.146 10.512 9.306 14.066 9.317 11.206 9.344 7.342 3.226 12.469 3.994 11.237 9.586 9.349 14.535 7.352 3.879 9.767 
12.842 1.067 10.315 12.777 8.765 8.056 5.612 8.008 12.931 5.581 11.550 11.733 6.085 12.177 11.012 15.674 11.191 12.683 9.268 9.402 1.194 12.489 5.773 12.737 11.663 9.755 16.280 7.935 5.253 11.564 
12.948 11.552 8.393 7.837 5.819 13.377 10.460 12.268 7.926 12.738 5.215 15.684 9.457 8.677 7.772 11.499 6.522 10.228 14.470 1.562 11.634 16.728 5.424 10.118 1.504 13.205 10.955 11.419 8.100 7.346 
3.016 11.926 1.539 3.899 4.283 6.614 6.044 5.345 3.987 8.156 5.469 6.829 5.111 2.402 2.400 4.926 3.852 1.770 6.994 10.475 11.367 7.810 10.973 1.892 11.342 4.926 6.037 4.539 5.861 3.231 
6.706 12.094 9.503 12.318 11.256 3.972 7.105 4.715 12.404 6.297 13.567 1.692 7.695 10.811 10.660 12.227 12.034 9.689 2.697 16.813 11.301 1.189 15.367 9.872 18.380 3.738 13.755 5.480 9.291 11.564 
1.177 14.575 4.847 6.033 7.623 7.636 8.355 6.683 6.043 9.890 8.290 6.057 7.734 4.672 5.369 4.595 6.726 3.064 7.433 13.778 13.932 6.761 14.300 3.223 14.490 5.389 6.204 6.236 8.842 5.943 
7.840 7.536 4.074 6.254 2.288 6.762 3.924 5.683 6.408 6.364 5.259 9.313 2.848 5.761 4.553 9.323 4.680 6.557 7.874 6.454 7.188 10.340 5.840 6.568 8.110 6.804 9.792 4.880 1.748 5.045 
12.143 1.788 10.282 13.033 9.221 6.695 4.850 6.911 13.185 4.055 12.172 10.372 5.662 12.227 11.144 15.589 11.565 12.488 7.823 10.901 0.995 11.039 7.512 12.569 13.125 8.641 16.375 7.046 5.349 11.812 
4.104 15.129 3.941 3.212 6.320 9.718 9.365 8.515 3.161 11.454 5.799 9.062 8.398 2.438 3.628 1.627 4.508 1.567 9.880 11.914 14.606 9.888 13.318 1.487 12.183 7.743 3.009 7.783 8.969 3.696 
13.846 0.382 11.440 13.919 9.906 8.773 6.561 8.854 14.073 6.182 12.677 12.460 7.129 13.311 12.150 16.799 12.333 13.792 9.938 10.267 1.172 13.162 6.481 13.850 12.537 10.602 17.419 8.862 6.375 12.706 
5.779 10.845 1.224 2.986 1.633 7.754 5.973 6.443 3.137 8.456 3.134 9.013 4.781 2.396 1.173 5.966 1.756 3.458 8.504 7.732 10.431 10.047 8.609 3.418 8.593 6.728 6.422 5.507 4.710 1.769 
2.138 14.253 3.719 4.522 6.469 8.061 8.191 6.944 4.528 10.039 6.838 7.114 7.386 3.202 4.021 3.435 5.308 1.588 8.089 12.516 13.663 7.925 13.336 1.732 13.109 5.960 4.952 6.321 8.266 4.505 
11.106 9.604 7.092 6.983 8.730 6.019 10.123 6.496 9.361 7.998 6.266 11.377 11.472 7.133 15.344 8.829 11.818 11.151 14.688 8.038 9.542 13.104 9.446 11.874 6.624 10.409 8.730 5.874 10.909 13.877 
2.545 13.546 11.011 9.099 10.825 16.770 3.442 11.305 11.478 8.714 9.877 4.203 4.300 12.125 1.856 7.371 13.826 12.864 12.862 8.991 6.280 12.124 11.899 9.712 18.546 10.256 5.029 11.306 13.281 1.053 
9.190 5.473 9.357 8.233 4.181 5.528 8.019 2.005 4.851 9.087 1.883 8.026 8.072 2.850 12.804 4.851 7.505 6.737 10.144 3.672 5.819 8.560 4.983 7.367 7.322 5.860 6.263 8.373 6.579 11.244 
11.960 3.501 12.302 11.317 4.076 3.571 10.774 2.502 4.207 12.197 3.916 10.084 10.084 1.979 15.167 6.641 5.811 5.392 9.299 5.036 7.758 7.787 4.055 7.530 5.664 5.852 8.985 11.241 4.986 13.609 
8.190 4.282 10.865 9.351 1.884 7.456 7.020 1.593 2.737 10.018 1.022 5.998 5.998 2.332 11.109 2.555 5.693 4.753 7.628 0.997 3.672 6.072 3.047 4.616 9.468 3.212 5.269 10.079 4.812 9.558 
5.902 12.217 3.123 1.256 9.993 11.724 5.398 8.669 10.852 1.955 7.324 8.147 8.305 9.701 10.269 7.679 13.811 12.862 15.190 8.174 7.587 13.776 11.163 11.654 12.849 10.885 5.082 2.979 12.927 9.080 
3.798 10.045 6.293 4.361 7.526 11.215 2.841 6.765 8.381 4.689 5.239 5.046 5.197 7.789 8.072 4.704 11.311 10.320 12.240 5.537 4.459 10.901 8.743 8.659 12.759 8.092 1.947 6.032 10.485 6.663 
5.979 10.922 4.086 2.490 8.754 10.507 5.239 7.362 9.609 3.274 6.044 7.592 7.738 8.391 10.372 6.655 12.561 11.624 14.093 6.996 6.707 12.645 9.907 10.601 11.722 9.733 4.495 3.577 11.669 9.056 
12.111 3.539 12.399 11.430 4.202 3.447 10.926 2.656 4.313 12.315 4.069 10.236 10.237 2.115 15.321 6.793 5.850 5.454 9.371 5.187 7.910 7.867 4.150 7.647 5.541 5.970 9.137 11.331 5.036 13.763 
3.379 12.572 5.244 3.291 10.031 13.388 3.201 9.273 10.881 3.049 7.757 6.370 6.540 10.303 7.652 7.026 13.793 12.795 14.470 8.022 6.549 13.211 11.251 10.877 14.767 10.483 3.712 5.495 12.982 6.562 
11.165 1.391 13.343 12.026 1.880 6.089 10.008 2.200 1.672 12.781 3.553 8.578 8.540 1.258 13.767 5.232 3.464 2.855 6.696 3.634 6.331 5.169 1.449 5.053 8.180 3.406 8.279 12.419 2.556 12.252 
9.588 13.472 2.261 3.223 11.788 11.020 9.034 9.929 12.590 4.054 8.976 11.541 11.687 10.846 13.954 10.343 15.429 14.583 17.515 10.340 10.550 15.992 12.811 14.166 11.567 13.077 8.443 1.100 14.504 12.761 
4.571 8.839 7.009 5.191 6.348 10.187 3.460 5.558 7.207 5.670 4.029 4.846 4.974 6.580 8.604 3.738 10.150 9.167 11.261 4.389 3.725 9.873 7.561 7.713 11.814 7.015 1.954 6.559 9.311 7.110 
11.137 4.779 10.822 9.911 4.578 3.654 9.961 2.434 4.965 10.819 3.373 9.717 9.743 2.557 14.639 6.366 7.050 6.492 10.275 4.910 7.428 8.714 4.929 8.056 5.585 6.406 8.190 9.744 6.170 13.075 
10.060 4.393 10.542 9.432 3.573 4.861 8.877 1.314 4.097 10.283 2.157 8.498 8.521 1.827 13.457 5.136 6.529 5.839 9.450 3.688 6.202 7.870 4.146 6.987 6.815 5.374 7.094 9.541 5.612 11.893 
14.494 6.908 12.551 12.137 7.772 0.541 13.339 5.897 7.917 13.126 6.942 13.284 13.312 5.653 18.158 9.934 9.152 8.919 12.866 8.444 10.999 11.404 7.744 11.242 2.020 9.564 11.605 11.351 8.438 16.596 
10.511 2.951 11.862 10.642 2.480 5.233 9.329 0.945 2.810 11.446 2.487 8.424 8.418 0.405 13.544 4.976 5.080 4.418 8.131 3.353 6.100 6.564 2.786 5.974 7.310 4.304 7.547 10.899 4.166 11.993 
11.394 6.385 9.836 9.179 6.062 3.469 10.254 3.816 6.522 10.143 4.319 10.500 10.550 4.134 15.191 7.327 8.663 8.103 11.858 6.051 8.305 10.289 6.514 9.489 4.984 7.873 8.554 8.691 7.784 13.639 
7.090 13.020 1.901 0.742 10.933 11.898 6.649 9.435 11.783 1.747 8.187 9.421 9.578 10.446 11.418 8.827 14.727 13.801 16.293 9.199 8.800 14.848 12.070 12.788 12.834 11.938 6.349 1.739 13.827 10.279 
10.284 6.099 16.197 14.381 4.954 12.395 9.495 7.193 4.671 14.771 7.216 6.461 6.313 7.023 10.735 5.470 4.760 4.233 2.475 5.521 5.660 2.080 4.859 1.606 14.486 3.133 8.485 15.647 4.832 9.586 
1.811 13.349 10.217 8.308 10.614 16.293 2.818 10.942 11.304 7.920 9.478 4.184 4.306 11.800 2.631 7.128 13.761 12.783 13.023 8.716 6.075 12.199 11.725 9.760 18.028 10.175 4.506 10.519 13.173 1.726 
10.316 14.492 2.203 3.735 12.832 11.812 9.840 10.959 13.633 4.395 10.021 12.458 12.608 11.867 14.637 11.365 16.464 15.623 18.560 11.384 11.544 17.038 13.850 15.203 12.227 14.123 9.358 1.490 15.539 13.503 
7.151 8.978 14.543 12.574 6.789 14.323 6.684 8.488 7.015 12.711 7.749 3.428 3.257 8.807 6.783 4.859 8.340 7.559 6.381 6.014 4.206 5.993 7.372 3.974 16.386 5.309 6.350 14.276 8.113 5.757 
11.475 6.230 10.014 9.342 5.967 3.340 10.329 3.734 6.409 10.303 4.302 10.520 10.566 4.012 15.242 7.319 8.514 7.965 11.737 6.014 8.309 10.171 6.391 9.407 4.909 7.783 8.620 8.871 7.639 13.687 
12.467 5.691 17.855 16.127 5.629 12.292 11.622 7.868 5.026 16.600 8.310 8.682 8.539 7.402 12.993 7.230 3.684 3.659 0.335 6.847 7.636 1.253 5.025 3.299 14.330 4.107 10.477 17.203 4.181 11.856 
7.725 11.245 3.525 2.812 9.388 9.760 6.983 7.660 10.210 3.819 6.578 9.197 9.335 8.630 12.120 7.835 13.099 12.220 15.037 7.860 8.070 13.528 10.456 11.663 10.721 10.607 6.129 2.571 12.181 10.804 
15.284 6.207 14.024 13.485 7.626 1.101 14.108 6.112 7.590 14.456 7.402 13.687 13.695 5.596 18.714 10.257 8.306 8.240 12.155 8.670 11.365 10.784 7.341 10.970 2.522 9.315 12.335 12.840 7.703 17.151 
6.042 9.985 4.946 3.426 7.836 9.750 5.157 6.425 8.688 4.202 5.111 7.157 7.293 7.455 10.378 5.883 11.637 10.706 13.249 6.115 6.041 11.781 8.982 9.791 11.060 8.863 4.116 4.313 10.742 8.986 
4.285 8.154 8.568 6.693 5.486 10.583 3.102 5.287 6.308 7.066 3.777 3.394 3.501 6.218 7.754 2.352 9.161 8.157 9.869 3.447 2.128 8.554 6.700 6.284 12.377 5.801 1.325 8.164 8.385 6.201 
10.739 3.588 11.460 10.351 3.282 4.550 9.554 1.339 3.634 11.196 2.695 8.909 8.916 1.226 13.966 5.479 5.802 5.193 8.946 3.908 6.586 7.383 3.600 6.775 6.599 5.111 7.765 10.451 4.903 12.406 
