20 40 100
137 148 138 125 111 95 117 26 117 112 38 151 46 119 106 34 99 99 105 46 
218 263 37 21 239 147 88 166 19 158 163 129 194 61 75 23 265 124 241 78 161 98 225 96 167 192 234 120 198 230 202 170 93 92 61 138 204 113 149 252 
22 22 9 31 15 27 12 20 17 14 19 20 15 10 30 31 31 11 18 18 21 32 16 24 12 28 24 16 33 19 9 14 5 31 24 11 12 29 26 17 15 15 34 9 10 31 7 30 8 9 11 29 24 8 26 14 35 24 9 14 13 16 31 9 33 20 27 11 25 33 35 33 22 24 35 10 34 29 28 30 19 16 6 13 15 30 14 16 10 11 17 30 9 7 8 14 31 24 6 10 
1196.873 1365.967 583.250 381.462 1282.482 1029.372 817.332 1099.167 363.634 1086.202 1062.581 985.611 1170.402 683.166 730.789 438.872 1371.291 929.703 1351.156 749.241 1089.263 817.505 1252.470 830.519 1124.056 1196.625 1214.119 943.554 1208.362 1266.140 1153.774 1119.487 846.788 868.314 679.278 983.488 1247.409 849.689 1034.098 1276.357 
7.482 4.123 4.552 1.958 3.093 5.000 1.062 3.481 1.887 1.641 5.396 7.270 6.926 4.511 0.984 7.236 2.549 7.181 3.389 4.920 6.390 6.762 3.056 3.695 2.731 5.969 3.584 7.942 5.514 7.599 2.177 3.172 5.462 2.118 1.537 5.980 1.734 6.960 5.132 4.987 
8.238 5.399 4.402 1.507 5.644 7.323 3.415 6.048 3.090 1.385 7.404 9.767 7.039 2.009 3.515 7.572 4.749 7.521 5.673 5.526 8.052 6.853 5.605 3.955 3.997 8.360 4.349 8.224 6.880 7.923 3.275 0.865 6.953 2.662 1.295 5.249 4.281 9.304 6.716 5.951 
9.396 2.012 6.700 2.560 2.674 5.720 2.720 3.411 3.981 3.584 6.563 7.328 9.023 5.922 2.303 9.284 1.034 9.228 4.410 6.959 7.830 8.864 3.325 5.830 0.856 6.443 5.643 9.991 7.215 9.643 0.968 4.136 7.086 1.609 3.419 8.120 2.494 7.477 6.715 6.911 
6.365 8.021 2.331 4.247 7.129 7.586 4.531 7.247 3.292 2.695 7.112 10.321 4.722 2.366 4.875 5.385 6.834 5.343 6.088 3.908 7.200 4.538 6.686 2.542 6.569 8.684 3.303 5.945 5.822 5.699 5.854 3.435 6.033 5.343 2.856 2.532 5.536 9.449 5.947 4.615 
9.106 8.161 5.087 4.367 8.588 9.827 6.178 8.922 5.368 3.977 9.589 12.445 7.366 0.993 6.373 8.067 7.748 8.028 8.216 6.655 9.856 7.188 8.431 5.212 6.851 10.912 5.913 8.577 8.507 8.360 6.154 2.844 8.690 5.485 4.009 4.961 7.133 11.774 8.562 7.335 
6.597 5.302 3.370 2.369 4.009 5.175 1.449 4.219 1.005 0.817 5.234 7.707 5.834 3.822 1.738 6.207 3.746 6.152 3.529 3.934 5.963 5.663 3.698 2.564 3.876 6.232 2.609 6.905 4.892 6.570 3.250 2.987 4.914 3.004 0.881 4.761 2.446 7.153 4.640 4.147 
7.681 5.407 3.925 1.623 5.229 6.747 2.884 5.580 2.477 0.775 6.797 9.231 6.558 2.378 3.031 7.062 4.492 7.010 5.098 4.966 7.438 6.374 5.111 3.407 3.965 7.795 3.760 7.727 6.273 7.418 3.243 1.472 6.342 2.708 0.709 4.907 3.797 8.727 6.103 5.363 
8.608 6.977 8.679 8.108 3.457 2.820 5.560 2.883 6.565 7.761 4.194 1.512 9.602 10.783 5.401 9.368 5.079 9.325 3.833 7.688 5.623 9.537 3.315 7.806 6.820 2.166 7.076 9.930 6.242 9.619 7.024 9.511 5.892 7.561 7.741 10.298 4.634 2.668 5.577 7.028 
1.112 12.246 4.366 9.573 9.165 6.935 7.520 8.679 6.372 7.644 5.524 9.175 1.880 8.929 7.950 1.182 10.125 1.227 6.715 3.340 4.190 2.053 8.180 4.807 10.948 7.620 4.676 0.755 3.551 0.881 10.424 9.549 3.871 10.267 7.837 4.367 8.010 7.664 4.232 3.348 
9.000 2.650 6.034 1.688 3.175 5.901 2.382 3.825 3.424 2.766 6.565 7.781 8.456 5.028 2.051 8.774 1.802 8.718 4.436 6.457 7.712 8.290 3.606 5.209 1.212 6.732 5.121 9.480 6.952 9.136 0.660 3.263 6.866 0.938 2.588 7.384 2.507 7.761 6.515 6.504 
8.458 8.592 9.269 9.470 4.935 3.195 6.724 4.263 7.516 8.894 4.219 0.423 9.762 11.913 6.644 9.409 6.625 9.372 4.656 8.059 5.372 9.727 4.580 8.476 8.370 2.141 7.699 9.891 6.313 9.611 8.522 10.795 5.950 9.021 8.903 10.824 5.891 1.915 5.713 7.311 
7.164 5.152 3.676 1.796 4.442 5.869 2.015 4.745 1.695 0.259 5.957 8.353 6.244 3.214 2.198 6.676 3.899 6.622 4.219 4.464 6.671 6.066 4.258 2.987 3.697 6.914 3.177 7.364 5.568 7.038 3.011 2.264 5.607 2.629 0.173 4.902 2.955 7.849 5.343 4.757 
6.121 5.745 5.076 5.069 2.052 1.886 2.107 1.556 2.860 4.217 2.584 4.301 6.486 7.227 2.158 6.460 3.406 6.408 0.463 4.380 3.948 6.379 1.043 4.161 4.840 2.865 3.490 7.123 3.676 6.777 4.664 6.222 3.440 4.945 4.240 6.718 1.554 3.843 3.046 3.920 
4.194 8.354 0.318 5.145 6.330 5.868 3.917 6.204 2.474 3.202 5.125 8.640 2.892 4.507 4.358 3.410 6.612 3.360 4.609 1.638 4.999 2.709 5.616 0.653 6.934 6.938 1.367 4.063 3.600 3.761 6.303 4.979 3.844 5.999 3.404 1.929 4.784 7.575 3.814 2.364 
8.213 6.806 8.230 7.755 3.147 2.402 5.151 2.522 6.130 7.351 3.800 1.591 9.172 10.376 5.009 8.949 4.820 8.905 3.385 7.247 5.257 9.104 2.919 7.358 6.565 1.843 6.627 9.519 5.828 9.204 6.732 9.136 5.481 7.248 7.337 9.850 4.243 2.485 5.159 6.593 
7.547 5.535 6.860 6.063 1.589 2.000 3.464 0.852 4.538 5.665 3.374 3.105 8.159 8.686 3.305 8.059 3.340 8.009 2.050 6.098 4.916 8.065 1.216 5.943 5.061 2.312 5.272 8.690 5.071 8.354 5.141 7.431 4.768 5.614 5.644 8.501 2.538 3.316 4.392 5.560 
10.265 2.105 8.208 4.619 2.230 5.498 3.979 2.965 5.418 5.463 6.687 6.318 10.268 7.973 3.534 10.402 1.316 10.347 4.698 8.128 8.150 10.128 3.244 7.277 2.385 5.899 6.910 11.098 7.878 10.746 2.926 6.194 7.665 3.612 5.322 9.744 3.242 6.879 7.272 7.890 
8.570 7.425 4.518 3.574 7.707 8.975 5.296 8.037 4.520 3.095 8.783 11.575 6.944 0.217 5.489 7.612 6.899 7.569 7.355 6.025 9.120 6.762 7.548 4.522 6.077 10.056 5.181 8.167 7.797 7.925 5.368 2.127 7.959 4.714 3.125 4.654 6.248 10.930 7.810 6.661 
8.665 6.836 4.622 2.998 7.243 8.680 4.902 7.611 4.258 2.716 8.577 11.229 7.140 0.405 5.061 7.778 6.366 7.733 7.043 6.051 9.010 6.955 7.140 4.502 5.496 9.748 5.101 8.363 7.723 8.103 4.791 1.533 7.861 4.131 2.715 4.952 5.827 10.649 7.685 6.636 
9.144 8.945 5.211 5.132 9.247 10.310 6.782 9.544 5.862 4.594 9.977 12.973 7.301 1.732 7.006 8.028 8.476 7.993 8.726 6.821 10.133 7.131 9.036 5.472 7.625 11.403 6.216 8.490 8.758 8.300 6.923 3.627 8.966 6.259 4.648 4.830 7.756 12.233 8.870 7.547 
1.711 5.754 7.171 8.226 9.269 8.074 6.897 1.867 3.977 0.058 8.445 1.187 8.354 0.752 1.225 8.005 6.235 4.183 7.290 9.913 6.534 4.095 8.558 8.935 3.900 3.642 4.073 4.010 3.306 4.214 9.180 3.847 5.356 7.668 7.772 0.683 3.236 6.536 6.859 2.252 6.528 1.383 6.390 5.315 1.654 7.475 8.757 7.823 5.679 6.515 7.145 8.816 2.037 8.826 8.211 0.362 8.439 6.079 8.594 7.998 5.993 4.136 10.684 0.725 10.770 5.714 4.667 7.286 0.434 5.514 9.144 5.873 8.532 4.704 3.542 9.248 9.343 7.479 10.324 8.213 6.927 9.825 4.179 7.391 9.329 4.493 5.625 2.113 5.750 8.015 9.071 6.641 9.665 1.364 4.165 7.278 6.011 2.717 10.405 1.747 
10.283 7.127 7.133 6.544 2.493 8.833 4.575 11.038 9.240 11.435 3.163 10.259 3.274 12.123 10.398 7.642 6.320 7.403 4.121 2.725 8.285 7.626 8.702 2.882 8.726 7.972 9.403 8.172 8.143 9.347 3.367 8.237 9.194 4.951 5.479 11.695 10.756 5.385 7.139 9.639 7.447 11.816 8.540 6.411 10.562 8.572 8.531 5.532 9.707 5.725 4.246 2.762 11.092 2.564 3.705 11.502 5.077 7.617 2.796 9.446 7.861 10.014 0.967 11.818 1.161 6.042 7.285 6.798 10.993 7.217 3.015 6.740 5.351 7.692 8.810 2.265 5.359 8.538 1.173 3.189 5.782 3.282 7.446 5.611 4.043 8.896 6.900 11.264 6.231 5.743 5.249 8.686 3.037 11.931 8.956 5.706 6.382 9.901 3.215 10.256 
4.288 1.844 3.128 4.207 6.237 9.049 4.964 2.735 0.612 4.111 5.505 3.538 5.395 4.739 3.893 3.959 2.530 3.729 5.084 6.581 7.413 3.979 9.403 5.853 5.058 1.584 0.827 4.613 3.117 0.844 5.788 0.769 1.677 4.082 7.084 4.679 2.093 5.381 2.823 1.816 6.923 3.686 2.447 2.345 2.513 3.531 4.781 7.170 2.253 3.023 4.763 6.634 2.711 6.274 6.478 4.361 4.657 2.030 6.073 4.227 6.638 1.472 8.208 4.055 7.784 2.662 1.460 7.318 3.638 1.641 7.308 2.100 7.832 0.978 0.547 6.918 5.443 3.530 7.502 5.820 3.223 6.342 3.814 6.726 8.041 0.656 1.876 2.841 2.437 4.125 5.200 7.728 6.280 3.822 0.408 6.654 2.380 4.901 6.883 4.295 
8.328 3.640 3.282 2.659 1.612 9.521 3.724 8.090 5.911 9.001 1.671 7.991 1.627 9.698 8.238 3.752 2.896 5.800 3.239 1.257 8.353 6.128 9.606 1.353 7.534 5.306 6.025 6.894 6.164 5.938 0.528 5.238 5.539 1.344 6.162 9.420 7.478 4.947 3.334 6.841 7.511 8.991 4.741 3.642 7.733 4.684 4.687 6.254 5.982 2.460 2.962 3.544 8.096 2.683 4.293 9.157 1.185 3.934 2.692 5.555 7.664 6.568 3.918 9.191 2.769 3.249 4.316 7.256 8.516 3.804 4.469 3.330 6.530 4.485 5.731 3.387 1.722 4.650 2.816 2.905 2.215 0.915 5.883 6.037 5.764 5.469 3.551 8.242 3.203 1.857 1.501 8.783 0.924 9.121 5.616 6.065 3.058 8.325 1.470 8.312 
6.776 5.808 6.687 6.734 3.417 5.076 1.689 8.328 7.242 8.197 3.018 6.977 3.060 8.837 7.023 7.610 5.156 3.979 1.778 4.476 4.308 4.094 5.063 3.448 4.920 5.371 7.459 4.447 4.878 7.461 4.362 5.961 7.804 4.681 1.597 8.318 8.497 1.636 6.512 6.911 3.456 8.911 7.645 4.377 7.765 8.182 8.735 1.675 8.427 4.591 2.176 1.399 8.432 2.175 0.403 8.190 5.470 6.560 2.067 9.168 3.859 8.104 3.062 8.721 4.069 4.191 5.196 2.882 7.823 5.754 1.068 5.412 1.844 5.806 6.531 1.863 6.353 8.154 3.430 1.783 5.048 4.893 3.986 1.637 1.421 7.108 5.431 8.620 4.573 5.832 6.080 4.720 4.522 9.003 7.017 1.721 5.048 6.201 5.308 6.745 
4.178 6.222 7.612 8.120 6.194 3.010 3.263 6.654 6.591 5.849 5.512 4.709 5.493 6.368 4.606 8.667 5.931 2.354 3.791 7.217 1.477 2.152 3.330 6.063 1.986 4.497 6.822 1.847 3.142 6.886 6.826 5.310 7.668 6.326 2.179 5.767 7.334 2.073 7.334 5.446 0.846 6.926 7.995 4.631 6.061 8.862 9.791 2.194 8.289 5.617 4.004 4.574 6.808 5.118 3.591 5.739 7.288 7.004 4.924 9.793 0.717 7.387 6.367 6.511 7.217 4.738 5.027 1.458 5.608 6.049 4.361 5.948 2.841 5.650 5.721 5.074 8.324 8.843 6.598 4.507 6.220 7.479 2.276 1.865 3.949 6.712 5.827 6.991 5.127 7.359 8.012 1.885 7.149 6.980 6.480 1.746 5.713 3.332 8.003 4.142 
5.701 3.213 4.144 4.358 2.672 6.706 0.980 6.354 4.841 6.726 1.851 5.573 1.783 7.420 5.743 5.120 2.562 2.927 0.870 3.523 5.409 3.226 6.864 2.399 4.579 3.274 5.041 3.946 3.506 5.022 2.970 3.660 5.245 2.402 3.628 7.021 6.240 2.079 3.945 4.938 4.595 7.100 5.046 1.891 5.856 5.612 6.261 3.726 5.859 2.019 0.533 2.405 6.422 2.175 2.350 6.810 3.342 3.961 1.949 6.598 4.688 5.687 4.099 7.093 4.108 1.632 2.773 4.483 6.276 3.172 3.101 2.815 4.215 3.324 4.247 2.725 4.362 5.585 3.644 1.623 2.534 3.652 2.997 3.390 4.006 4.629 2.844 6.600 1.990 3.510 4.053 5.834 3.370 7.213 4.588 3.381 2.449 5.507 4.219 5.678 
6.184 5.884 6.914 7.081 4.086 4.367 1.790 7.960 7.093 7.675 3.592 6.458 3.616 8.293 6.473 7.886 5.305 3.487 2.088 5.149 3.524 3.549 4.396 4.070 4.233 5.117 7.317 3.805 4.414 7.333 4.958 5.779 7.788 5.053 0.929 7.752 8.249 1.163 6.709 6.567 2.669 8.479 7.745 4.354 7.382 8.372 9.024 1.022 8.421 4.787 2.463 2.159 8.077 2.872 1.136 7.645 5.908 6.663 2.731 9.357 3.071 7.955 3.847 8.236 4.840 4.237 5.104 2.132 7.327 5.798 1.823 5.507 1.446 5.739 6.328 2.638 6.846 8.346 4.203 2.386 5.300 5.529 3.478 0.870 1.691 7.016 5.491 8.266 4.640 6.199 6.559 3.939 5.165 8.563 6.890 0.943 5.165 5.545 5.977 6.151 
4.965 1.910 3.160 3.699 3.672 7.417 2.278 5.061 3.397 5.697 2.870 4.640 2.769 6.398 4.876 4.209 1.473 2.637 2.313 4.268 5.936 2.983 7.657 3.317 4.417 2.039 3.595 3.788 2.825 3.574 3.546 2.263 3.838 2.227 4.736 6.081 4.827 3.025 2.894 3.686 5.223 5.874 3.774 0.446 4.609 4.492 5.340 4.831 4.463 1.219 1.976 3.844 5.110 3.511 3.760 5.831 3.163 2.701 3.301 5.461 5.154 4.240 5.453 5.964 5.210 0.281 1.338 5.332 5.221 1.814 4.546 1.559 5.412 1.876 2.846 4.132 4.201 4.470 4.843 3.032 1.822 4.206 2.732 4.432 5.386 3.182 1.511 5.281 0.689 3.031 3.890 6.333 4.025 5.996 3.141 4.391 1.268 5.024 4.792 4.950 
6.582 1.756 2.036 2.164 2.903 8.850 3.172 6.145 3.993 7.115 2.330 6.159 2.218 7.807 6.431 2.943 0.968 4.340 2.901 3.100 7.464 4.685 9.035 2.513 6.121 3.436 4.121 5.488 4.503 4.044 2.303 3.300 3.798 0.612 5.826 7.563 5.557 4.256 1.909 4.913 6.693 7.050 3.228 1.844 5.796 3.555 4.076 5.924 4.321 0.549 2.507 4.011 6.150 3.349 4.350 7.288 1.464 2.234 3.218 4.534 6.704 4.693 5.128 7.270 4.401 1.499 2.398 6.660 6.627 1.888 4.895 1.406 6.388 2.539 3.785 4.102 2.495 3.525 4.227 3.161 0.413 2.859 4.434 5.591 6.011 3.577 1.614 6.296 1.326 1.368 2.184 7.877 2.793 7.181 3.698 5.580 1.113 6.713 3.413 6.571 
2.738 5.831 7.340 8.021 6.865 3.911 3.906 5.392 5.714 4.428 6.099 3.329 6.055 4.926 3.192 8.395 5.727 1.741 4.440 7.816 2.264 1.406 4.338 6.662 0.534 3.723 5.937 0.665 2.163 6.022 7.304 4.538 6.941 6.466 3.575 4.320 6.222 2.934 7.034 4.312 2.115 5.569 7.453 4.371 4.809 8.418 9.472 3.602 7.530 5.559 4.537 5.556 5.556 5.943 4.663 4.303 7.435 6.563 5.725 9.289 1.605 6.440 7.436 5.109 8.075 4.592 4.509 2.884 4.219 5.622 5.524 5.638 4.275 5.064 4.840 6.055 8.485 8.404 7.490 5.295 6.162 7.984 1.642 3.226 5.303 5.933 5.467 5.733 4.924 7.369 8.170 2.505 7.691 5.613 5.658 3.105 5.484 1.884 8.546 2.701 
6.358 8.944 10.272 10.675 8.042 0.438 5.458 9.193 9.350 8.072 7.527 7.074 7.542 8.462 6.883 11.314 8.585 5.118 5.903 9.105 1.549 4.888 0.556 8.021 4.245 7.264 9.580 4.407 5.845 9.648 8.895 8.079 10.442 8.754 3.059 7.833 10.005 4.274 10.009 8.097 1.935 9.314 10.745 7.336 8.612 11.580 12.450 2.980 11.062 8.204 6.220 6.049 9.359 6.819 5.050 7.893 9.679 9.734 6.686 12.525 2.240 10.131 7.431 8.788 8.678 7.396 7.788 1.882 7.938 8.783 5.432 8.646 3.045 8.417 8.476 6.485 10.673 11.559 8.038 6.340 8.790 9.481 5.036 3.109 4.383 9.484 8.544 9.533 7.799 9.855 10.372 1.451 9.119 9.345 9.248 3.071 8.382 5.359 9.934 6.322 
3.311 4.481 5.668 6.775 8.689 9.435 6.864 0.218 2.306 2.132 7.907 2.427 7.803 2.531 2.738 6.354 5.141 4.639 7.132 9.138 7.804 4.710 9.878 8.317 5.117 3.096 2.315 4.973 3.718 2.451 8.355 2.825 3.513 6.684 8.392 2.760 1.168 6.874 5.386 1.476 7.589 1.120 4.630 4.628 0.737 5.676 6.962 8.462 3.727 5.579 6.886 8.720 0.076 8.525 8.334 2.446 7.293 4.576 8.305 6.079 7.138 2.181 10.461 1.710 10.237 5.012 3.784 8.219 1.845 4.274 9.241 4.720 9.173 3.541 2.296 9.082 8.069 5.686 9.890 7.986 5.843 8.937 4.680 8.007 9.709 2.844 4.486 0.236 4.899 6.758 7.833 8.002 8.850 1.254 2.570 7.908 4.967 4.281 9.490 3.338 
8.726 3.099 1.547 0.872 5.001 11.856 6.188 7.235 4.795 8.742 4.828 8.084 4.741 9.365 8.419 0.777 3.065 7.054 5.874 4.515 10.426 7.396 12.054 4.695 8.795 5.507 4.774 8.194 6.954 4.639 3.925 4.952 3.683 2.923 8.841 9.305 6.146 7.281 1.871 6.440 9.682 8.200 2.542 4.422 7.117 1.786 1.293 8.939 3.792 3.334 5.490 6.725 7.163 5.924 7.253 8.989 2.267 2.609 5.867 2.358 9.650 5.042 7.321 8.655 6.084 4.232 4.448 9.682 8.268 3.343 7.653 3.187 9.375 4.114 5.149 6.674 1.947 1.757 6.209 5.942 2.739 3.973 7.153 8.615 8.871 4.255 3.392 7.246 3.873 1.775 1.996 10.829 4.202 8.336 4.559 8.606 3.308 9.112 4.206 8.724 
6.067 3.589 4.416 4.531 2.349 6.658 0.830 6.801 5.282 7.140 1.555 5.974 1.508 7.830 6.132 5.356 2.897 3.246 0.495 3.269 5.441 3.525 6.783 2.118 4.830 3.721 5.480 4.208 3.884 5.458 2.793 4.109 5.647 2.510 3.447 7.419 6.689 2.042 4.239 5.383 4.603 7.540 5.397 2.330 6.299 5.909 6.489 3.545 6.255 2.320 0.099 1.960 6.870 1.740 1.986 7.215 3.400 4.316 1.511 6.895 4.752 6.125 3.654 7.520 3.727 2.052 3.217 4.406 6.695 3.565 2.685 3.184 3.977 3.757 4.696 2.274 4.385 5.881 3.238 1.174 2.781 3.460 3.308 3.248 3.655 5.059 3.233 7.049 2.389 3.651 4.084 5.871 3.151 7.652 5.026 3.255 2.810 5.823 4.009 6.043 
2.775 5.018 6.292 7.388 9.020 9.059 6.986 0.554 2.953 1.404 8.219 1.945 8.118 1.773 2.202 7.027 5.623 4.547 7.302 9.539 7.455 4.562 9.520 8.659 4.760 3.325 2.994 4.705 3.612 3.133 8.769 3.231 4.230 7.142 8.291 2.022 1.926 6.862 5.999 1.664 7.318 0.525 5.328 4.955 0.743 6.389 7.677 8.354 4.473 6.010 7.090 8.881 0.699 8.758 8.414 1.719 7.810 5.193 8.532 6.821 6.831 2.922 10.676 0.956 10.559 5.351 4.166 8.000 1.197 4.796 9.336 5.217 9.069 4.022 2.772 9.270 8.631 6.397 10.176 8.188 6.328 9.375 4.572 7.904 9.704 3.492 4.975 0.754 5.291 7.308 8.382 7.619 9.263 0.652 3.193 7.799 5.429 3.783 9.940 2.806 
8.010 5.679 6.160 5.925 1.951 6.798 2.316 9.051 7.533 9.252 1.933 8.053 2.026 9.928 8.164 6.932 4.909 5.127 1.947 2.939 6.056 5.328 6.748 2.133 6.388 5.975 7.725 5.842 5.919 7.694 3.046 6.380 7.781 3.941 3.332 9.467 8.958 3.043 6.063 7.626 5.199 9.758 7.368 4.587 8.534 7.682 7.991 3.401 8.363 4.289 2.191 0.421 9.126 0.835 1.404 9.295 4.501 6.327 0.938 8.644 5.574 8.365 1.493 9.688 2.318 4.276 5.478 4.632 8.831 5.701 1.045 5.269 3.410 5.992 6.967 0.118 5.206 7.651 1.678 1.109 4.569 3.436 5.162 3.390 2.363 7.279 5.366 9.307 4.568 5.017 4.978 6.471 3.064 9.866 7.269 3.473 4.887 7.581 3.756 7.982 
2.750 4.968 6.246 7.341 8.965 9.023 6.932 0.529 2.910 1.407 8.163 1.913 8.063 1.797 2.175 6.985 5.570 4.497 7.246 9.484 7.417 4.514 9.483 8.604 4.722 3.270 2.954 4.662 3.562 3.094 8.714 3.178 4.195 7.088 8.242 2.030 1.906 6.810 5.953 1.608 7.276 0.581 5.290 4.900 0.688 6.352 7.640 8.305 4.443 5.956 7.034 8.826 0.683 8.702 8.360 1.722 7.758 5.147 8.476 6.791 6.791 2.892 10.620 0.986 10.504 5.296 4.112 7.955 1.182 4.745 9.281 5.165 9.020 3.971 2.720 9.214 8.581 6.360 10.120 8.132 6.276 9.321 4.522 7.855 9.652 3.449 4.923 0.751 5.236 7.258 8.332 7.584 9.208 0.706 3.149 7.750 5.376 3.755 9.886 2.781 
4.270 4.703 6.024 6.484 4.735 4.553 1.763 6.038 5.433 5.717 3.994 4.498 3.960 6.344 4.526 7.070 4.337 1.526 2.301 5.715 3.118 1.594 4.796 4.556 2.530 3.357 5.664 1.984 2.458 5.703 5.259 4.107 6.340 4.676 2.282 5.815 6.436 0.872 5.758 4.672 2.363 6.523 6.530 3.091 5.453 7.333 8.204 2.359 6.973 3.986 2.441 3.440 6.163 3.790 2.626 5.696 5.640 5.497 3.572 8.286 2.366 6.277 5.341 6.272 5.922 3.145 3.626 2.513 5.364 4.553 3.540 4.396 3.060 4.272 4.606 3.933 6.678 7.312 5.340 3.142 4.585 5.927 1.514 1.904 3.654 5.454 4.301 6.352 3.547 5.711 6.366 3.533 5.614 6.605 5.271 1.817 4.131 3.735 6.472 4.238 
2.670 3.083 4.572 5.580 6.708 7.789 4.719 2.108 1.887 2.772 5.901 1.969 5.802 3.458 2.309 5.494 3.520 2.632 5.002 7.270 6.135 2.782 8.186 6.353 3.600 1.002 2.091 3.255 1.794 2.198 6.516 1.169 3.258 4.960 6.331 3.260 2.414 4.755 4.251 0.680 5.769 2.846 4.067 2.661 1.594 5.146 6.378 6.406 3.777 3.809 4.775 6.588 2.197 6.436 6.187 2.966 5.724 3.518 6.211 5.850 5.397 2.542 8.360 2.942 8.242 3.061 1.953 6.300 2.282 2.837 7.094 3.167 7.109 2.028 1.085 6.963 6.637 5.143 7.852 5.874 4.211 7.146 2.692 5.950 7.579 2.241 2.920 2.383 3.053 5.311 6.361 6.405 7.007 2.964 1.916 5.857 3.295 3.290 7.721 2.675 
1.381 6.079 7.640 8.476 8.010 4.988 5.144 4.411 5.360 3.088 7.205 2.186 7.145 3.494 1.934 8.659 6.179 2.447 5.653 8.888 3.460 2.141 5.472 7.761 1.024 3.708 5.558 1.505 2.217 5.669 8.293 4.425 6.726 7.202 5.119 2.870 5.479 4.336 7.318 3.653 3.554 4.373 7.446 4.872 3.879 8.491 9.657 5.147 7.251 6.162 5.672 6.926 4.590 7.212 6.094 2.909 8.141 6.713 6.985 9.269 2.985 5.945 8.829 3.809 9.329 5.183 4.720 4.377 2.988 5.843 6.986 5.984 5.818 5.142 4.545 7.416 9.174 8.483 8.774 6.559 6.731 8.979 2.371 4.768 6.837 5.702 5.773 4.745 5.433 7.951 8.864 3.555 8.721 4.391 5.385 4.647 5.926 0.375 9.558 1.346 
3.344 4.296 5.482 6.589 8.520 9.406 6.728 0.354 2.120 2.246 7.742 2.452 7.637 2.677 2.777 6.172 4.960 4.551 6.987 8.962 7.770 4.633 9.845 8.148 5.091 2.951 2.132 4.924 3.636 2.268 8.178 2.654 3.339 6.504 8.298 2.877 1.040 6.763 5.200 1.360 7.535 1.299 4.451 4.463 0.726 5.501 6.788 8.369 3.566 5.401 6.737 8.577 0.262 8.370 8.205 2.558 7.109 4.389 8.152 5.916 7.093 2.016 10.308 1.864 10.070 4.845 3.614 8.151 1.929 4.090 9.108 4.537 9.079 3.360 2.118 8.933 7.882 5.510 9.727 7.836 5.660 8.758 4.594 7.914 9.594 2.659 4.304 0.399 4.726 6.572 7.647 7.977 8.672 1.434 2.384 7.816 4.787 4.298 9.310 3.370 
5.755 5.316 6.386 6.601 3.886 4.630 1.283 7.411 6.506 7.197 3.301 5.977 3.308 7.829 6.013 7.373 4.758 2.985 1.669 4.939 3.596 3.081 4.717 3.816 3.907 4.538 6.730 3.424 3.899 6.746 4.665 5.194 7.205 4.598 1.373 7.303 7.672 0.628 6.172 6.010 2.729 7.954 7.180 3.774 6.838 7.828 8.515 1.471 7.838 4.257 2.012 2.162 7.525 2.738 1.209 7.181 5.486 6.100 2.561 8.811 3.035 7.368 3.994 7.737 4.810 3.669 4.517 2.364 6.833 5.225 2.079 4.945 2.002 5.153 5.745 2.664 6.453 7.803 4.188 2.167 4.788 5.272 2.985 1.160 2.226 6.429 4.921 7.713 4.075 5.734 6.158 4.025 4.918 8.042 6.303 1.175 4.609 5.179 5.754 5.723 
4.132 1.515 3.047 4.015 5.430 8.283 4.014 3.321 1.563 4.342 4.667 3.524 4.559 5.019 3.845 4.024 1.958 2.975 4.143 5.868 6.669 3.262 8.612 5.054 4.484 0.955 1.778 3.971 2.531 1.784 5.088 0.459 2.387 3.452 6.164 4.841 2.957 4.451 2.723 2.081 6.123 4.211 2.833 1.427 2.955 3.842 4.996 6.253 3.013 2.320 3.831 5.704 3.342 5.378 5.528 4.545 4.164 2.057 5.171 4.671 5.883 2.424 7.319 4.441 6.981 1.777 0.535 6.462 3.852 1.268 6.363 1.588 6.906 0.485 0.995 6.003 5.059 3.832 6.662 4.901 2.659 5.686 3.067 5.813 7.091 1.482 1.341 3.499 1.627 3.732 4.786 7.008 5.583 4.342 1.341 5.745 1.747 4.564 6.249 4.130 
9.140 5.675 5.697 5.164 1.037 8.539 3.526 9.676 7.810 10.186 1.751 9.037 1.858 10.881 9.204 6.252 4.869 6.296 3.013 1.486 7.739 6.554 8.493 1.427 7.769 6.635 7.968 7.177 6.959 7.908 1.979 6.847 7.738 3.498 5.066 10.485 9.338 4.537 5.692 8.297 6.875 10.483 7.090 5.030 9.220 7.155 7.189 5.139 8.250 4.278 3.041 2.075 9.722 1.472 3.097 10.274 3.684 6.160 1.689 8.049 7.207 8.574 1.450 10.528 0.663 4.649 5.889 6.354 9.730 5.770 2.747 5.291 5.149 6.268 7.412 1.629 4.094 7.121 0.310 2.120 4.325 2.059 6.351 5.099 4.026 7.454 5.456 9.890 4.812 4.332 3.941 8.161 1.742 10.602 7.523 5.173 4.937 8.855 2.197 9.116 
4.805 7.320 8.704 9.189 7.016 1.919 4.181 7.522 7.636 6.517 6.391 5.456 6.385 6.966 5.297 9.756 7.020 3.409 4.684 8.063 0.460 3.172 2.271 6.926 2.618 5.554 7.865 2.706 4.128 7.935 7.736 6.372 8.746 7.355 2.400 6.345 8.296 2.958 8.428 6.391 0.407 7.699 9.091 5.727 6.935 9.959 10.883 2.369 9.362 6.690 4.942 5.221 7.684 5.869 4.201 6.366 8.309 8.102 5.697 10.890 0.533 8.414 6.885 7.215 7.902 5.826 6.120 1.159 6.339 7.146 4.833 7.044 2.827 6.740 6.761 5.707 9.334 9.941 7.268 5.300 7.290 8.369 3.324 2.231 4.131 7.778 6.924 7.862 6.219 8.411 9.025 0.890 8.025 7.739 7.537 2.137 6.804 3.849 8.870 4.768 
3.560 2.138 3.699 4.585 5.371 7.498 3.543 3.386 2.174 4.046 4.566 3.073 4.466 4.744 3.355 4.716 2.356 2.182 3.761 5.940 5.879 2.467 7.834 5.015 3.705 0.351 2.403 3.180 1.765 2.442 5.194 0.846 3.166 3.690 5.498 4.476 3.341 3.813 3.377 1.990 5.347 4.177 3.619 1.328 2.914 4.608 5.729 5.583 3.784 2.540 3.500 5.349 3.448 5.136 5.049 4.205 4.513 2.784 4.916 5.457 5.094 3.025 7.071 4.273 6.907 1.729 0.790 5.717 3.562 1.900 5.926 2.084 6.255 1.235 1.382 5.697 5.478 4.597 6.526 4.598 3.007 5.833 2.273 5.135 6.544 2.215 1.855 3.625 1.766 4.177 5.187 6.214 5.682 4.298 2.011 5.060 2.111 3.879 6.413 3.553 
3.164 5.666 6.888 7.993 9.725 9.523 7.683 1.094 3.527 1.540 8.925 2.427 8.824 1.612 2.615 7.576 6.294 5.196 8.004 10.235 7.947 5.189 9.996 9.363 5.267 4.033 3.538 5.271 4.264 3.673 9.462 3.919 4.719 7.823 8.921 2.058 2.285 7.528 6.603 2.370 7.864 0.198 5.845 5.659 1.447 6.881 8.165 8.981 4.890 6.697 7.796 9.582 1.148 9.464 9.101 1.820 8.470 5.793 9.238 7.242 7.357 3.365 11.382 0.837 11.265 6.054 4.861 8.575 1.557 5.451 10.025 5.883 9.696 4.691 3.437 9.973 9.269 6.892 10.884 8.893 6.999 10.063 5.215 8.535 10.367 4.066 5.643 1.078 5.986 7.952 9.027 8.084 9.956 0.156 3.787 8.428 6.106 4.184 10.624 3.198 
1.130 4.756 6.315 7.203 7.241 5.986 4.594 3.292 3.960 2.505 6.414 1.305 6.339 3.116 1.297 7.316 4.938 1.778 5.043 8.024 4.355 1.635 6.429 6.948 1.670 2.353 4.162 1.580 1.080 4.271 7.364 3.033 5.320 6.101 5.297 2.592 4.198 4.093 5.992 2.313 4.186 3.499 6.052 3.699 2.713 7.105 8.288 5.349 5.849 5.002 4.970 6.492 3.458 6.616 5.807 2.467 7.003 5.353 6.383 7.869 3.704 4.573 8.391 3.116 8.664 4.051 3.411 4.884 2.202 4.513 6.737 4.700 6.060 3.780 3.139 6.951 8.012 7.098 8.160 5.976 5.539 8.042 1.753 4.915 6.858 4.296 4.476 3.632 4.242 6.745 7.709 4.556 7.821 3.555 3.980 4.802 4.686 1.268 8.629 1.107 
2.913 5.368 6.622 7.722 9.383 9.250 7.331 0.830 3.270 1.378 8.581 2.136 8.481 1.603 2.351 7.337 5.981 4.854 7.653 9.903 7.662 4.854 9.719 9.023 4.974 3.687 3.297 4.956 3.920 3.435 9.132 3.593 4.511 7.502 8.586 1.956 2.133 7.182 6.332 2.027 7.558 0.162 5.623 5.319 1.107 6.673 7.960 8.647 4.720 6.372 7.445 9.230 0.927 9.115 8.750 1.682 8.164 5.524 8.888 7.073 7.059 3.178 11.031 0.772 10.922 5.715 4.530 8.258 1.301 5.148 9.674 5.573 9.362 4.379 3.127 9.622 8.978 6.683 10.537 8.542 6.686 9.737 4.875 8.199 10.022 3.810 5.332 0.911 5.654 7.657 8.731 7.810 9.626 0.289 3.519 8.093 5.788 3.932 10.301 2.946 
8.741 4.994 4.974 4.447 0.385 8.654 3.290 9.100 7.164 9.702 1.209 8.580 1.299 10.401 8.768 5.532 4.190 5.948 2.753 0.940 7.729 6.228 8.651 0.758 7.510 6.094 7.314 6.898 6.544 7.249 1.271 6.249 7.041 2.785 5.179 10.032 8.704 4.407 4.972 7.741 6.862 9.930 6.373 4.453 8.663 6.431 6.480 5.260 7.545 3.614 2.690 2.224 9.137 1.420 3.189 9.807 2.966 5.456 1.573 7.327 7.143 7.910 2.128 10.010 1.173 4.062 5.289 6.421 9.238 5.100 3.047 4.619 5.366 5.633 6.805 1.887 3.426 6.397 1.032 1.973 3.625 1.468 6.011 5.158 4.364 6.790 4.794 9.301 4.191 3.609 3.255 8.158 1.112 10.052 6.874 5.218 4.273 8.526 1.755 8.719 
8.759 3.371 2.366 1.382 3.184 10.805 4.980 7.939 5.566 9.145 3.185 8.275 3.120 9.820 8.568 2.448 2.867 6.559 4.560 2.593 9.521 6.903 10.934 2.927 8.339 5.547 5.623 7.703 6.719 5.510 2.068 5.244 4.836 1.760 7.552 9.636 7.090 6.176 2.557 6.865 8.711 8.888 3.836 4.049 7.684 3.479 3.220 7.648 5.148 2.747 4.221 5.091 7.909 4.241 5.771 9.345 0.788 3.331 4.230 4.233 8.788 6.062 5.454 9.210 4.161 3.722 4.458 8.557 8.655 3.598 6.021 3.215 7.985 4.396 5.624 4.959 0.269 3.445 4.320 4.394 2.210 2.044 6.652 7.386 7.300 5.055 3.462 8.029 3.502 1.081 0.076 9.945 2.289 9.024 5.283 7.400 3.106 8.932 2.296 8.749 
1.290 4.917 6.478 7.332 7.158 5.623 4.435 3.655 4.256 2.806 6.336 1.631 6.265 3.389 1.573 7.494 5.045 1.607 4.904 7.974 3.992 1.407 6.066 6.879 1.309 2.540 4.462 1.237 1.094 4.567 7.336 3.265 5.594 6.140 4.992 2.838 4.550 3.855 6.156 2.656 3.830 3.848 6.286 3.765 3.076 7.326 8.489 5.041 6.137 5.066 4.857 6.313 3.821 6.480 5.590 2.742 7.060 5.546 6.247 8.112 3.343 4.894 8.218 3.441 8.552 4.098 3.560 4.539 2.531 4.679 6.515 4.833 5.749 3.974 3.417 6.781 8.082 7.318 8.033 5.833 5.621 8.018 1.565 4.613 6.584 4.569 4.618 3.995 4.319 6.835 7.775 4.195 7.783 3.900 4.259 4.498 4.792 1.121 8.603 1.260 
8.752 4.596 4.414 3.812 0.692 9.127 3.553 8.872 6.824 9.604 1.306 8.522 1.347 10.304 8.733 4.907 3.807 6.040 3.017 0.415 8.116 6.341 9.152 0.744 7.680 5.939 6.959 7.052 6.553 6.884 0.630 6.006 6.586 2.311 5.673 9.970 8.382 4.735 4.442 7.553 7.253 9.735 5.850 4.267 8.467 5.836 5.826 5.758 7.061 3.275 2.866 2.796 8.896 1.940 3.701 9.730 2.341 4.985 2.039 6.711 7.491 7.534 2.804 9.865 1.625 3.867 5.051 6.873 9.129 4.727 3.665 4.244 5.921 5.327 6.539 2.516 2.739 5.802 1.674 2.382 3.185 0.810 6.111 5.616 4.985 6.418 4.440 9.053 3.930 3.007 2.577 8.547 0.438 9.861 6.530 5.665 3.923 8.617 1.218 8.732 
6.741 1.955 2.146 2.173 2.717 8.870 3.145 6.344 4.195 7.299 2.168 6.332 2.057 7.991 6.600 3.010 1.171 4.448 2.844 2.897 7.506 4.792 9.043 2.328 6.228 3.614 4.323 5.592 4.644 4.245 2.100 3.495 3.986 0.424 5.798 7.741 5.760 4.259 2.044 5.106 6.724 7.247 3.387 2.000 5.991 3.669 4.133 5.896 4.501 0.728 2.455 3.891 6.350 3.206 4.271 7.468 1.334 2.411 3.084 4.642 6.753 4.893 4.959 7.461 4.206 1.640 2.586 6.665 6.811 2.091 4.785 1.608 6.342 2.741 3.985 3.962 2.378 3.639 4.042 3.049 0.576 2.658 4.541 5.574 5.924 3.779 1.817 6.497 1.499 1.330 2.065 7.923 2.591 7.377 3.901 5.568 1.314 6.850 3.214 6.728 
5.248 2.919 3.588 4.689 7.555 10.581 6.576 2.690 1.064 4.527 6.886 4.381 6.773 5.008 4.745 4.056 3.721 5.294 6.659 7.740 8.932 5.513 10.955 7.164 6.446 3.165 0.833 6.074 4.581 0.799 6.944 2.389 1.142 5.207 8.726 5.154 1.384 7.024 3.373 2.638 8.494 3.595 2.285 3.909 2.828 3.252 4.522 8.812 1.232 4.309 6.318 8.176 2.564 7.746 8.084 4.828 5.554 2.621 7.559 3.585 8.172 0.342 9.655 4.200 9.073 4.178 3.058 8.928 4.138 2.817 8.891 3.295 9.476 2.470 1.927 8.426 6.128 3.266 8.861 7.342 4.327 7.415 5.371 8.367 9.668 1.168 3.137 2.590 3.882 4.915 5.946 9.222 7.419 3.724 1.242 8.293 3.653 6.042 7.907 5.264 
5.907 4.207 5.141 5.294 2.804 5.919 0.196 6.996 5.705 7.128 2.102 5.928 2.087 7.804 6.043 6.101 3.568 3.025 0.382 3.810 4.758 3.252 6.029 2.654 4.433 3.948 5.915 3.842 3.796 5.908 3.433 4.458 6.209 3.277 2.680 7.346 7.027 1.349 4.948 5.567 3.906 7.666 6.049 2.794 6.461 6.616 7.237 2.778 6.829 3.022 0.688 1.731 7.083 1.875 1.390 7.171 4.162 4.963 1.650 7.603 4.103 6.562 3.607 7.572 3.999 2.592 3.640 3.659 6.709 4.153 2.232 3.813 3.225 4.232 5.040 2.167 5.136 6.589 3.437 1.222 3.517 4.074 3.068 2.484 3.018 5.539 3.830 7.267 2.972 4.418 4.838 5.189 3.740 7.770 5.467 2.494 3.452 5.540 4.594 5.879 
4.861 8.111 9.545 10.089 8.047 1.509 5.188 7.794 8.201 6.565 7.412 5.621 7.403 6.926 5.403 10.603 7.873 4.069 5.700 9.091 0.574 3.782 2.004 7.950 2.854 6.173 8.426 3.152 4.649 8.508 8.750 6.994 9.394 8.306 3.381 6.297 8.700 3.969 9.258 6.793 1.441 7.845 9.828 6.549 7.226 10.741 11.717 3.339 9.995 7.585 5.944 6.251 7.965 6.902 5.229 6.372 9.268 8.878 6.730 11.649 1.266 8.936 7.890 7.288 8.932 6.685 6.853 2.078 6.461 7.922 5.837 7.862 3.712 7.448 7.325 6.734 10.302 10.725 8.297 6.332 8.190 9.389 3.976 3.246 5.056 8.399 7.724 8.134 7.065 9.337 9.990 0.176 9.048 7.867 8.134 3.158 7.648 3.848 9.895 4.826 
1.683 4.776 6.333 7.148 6.809 5.407 4.055 3.917 4.305 3.180 5.990 1.987 5.922 3.775 1.955 7.363 4.846 1.233 4.531 7.643 3.761 1.015 5.833 6.538 1.153 2.455 4.520 0.915 0.896 4.616 7.020 3.227 5.600 5.875 4.618 3.229 4.728 3.461 6.013 2.819 3.534 4.173 6.229 3.535 3.328 7.249 8.384 4.669 6.164 4.826 4.496 5.926 4.077 6.106 5.197 3.127 6.809 5.439 5.875 8.065 3.075 4.989 7.832 3.798 8.188 3.849 3.415 4.211 2.884 4.544 6.121 4.663 5.379 3.878 3.444 6.396 7.840 7.239 7.663 5.458 5.395 7.704 1.184 4.236 6.196 4.578 4.457 4.256 4.096 6.614 7.531 3.994 7.460 4.232 4.281 4.123 4.593 1.387 8.287 1.653 
1.992 3.647 5.188 6.138 6.773 7.025 4.482 2.501 2.706 2.546 5.948 1.479 5.858 3.245 1.753 6.155 3.954 2.038 4.838 7.435 5.372 2.115 7.435 6.441 2.792 1.270 2.911 2.487 1.117 3.016 6.716 1.818 4.061 5.278 5.793 2.910 3.114 4.319 4.863 1.212 5.057 3.025 4.817 2.873 1.914 5.883 7.089 5.861 4.591 4.134 4.668 6.395 2.634 6.351 5.879 2.662 6.115 4.178 6.120 6.623 4.653 3.352 8.234 2.913 8.274 3.265 2.367 5.640 2.086 3.400 6.806 3.656 6.574 2.622 1.880 6.807 7.080 5.877 7.834 5.750 4.610 7.373 2.077 5.407 7.162 3.038 3.417 2.822 3.358 5.773 6.789 5.626 7.196 3.121 2.720 5.307 3.710 2.499 7.957 1.990 
