20 40 100
93 145 135 56 45 115 108 132 157 152 135 124 74 45 35 153 156 98 118 123 
950 851 274 797 265 928 547 466 752 743 105 793 859 958 904 984 707 285 124 553 212 444 135 813 95 581 257 536 169 612 80 637 718 971 343 737 153 418 244 891 
20 31 34 22 24 10 9 12 17 32 24 17 22 12 30 23 24 9 16 29 23 16 34 30 29 20 30 18 35 15 31 26 21 5 26 29 35 28 27 11 31 29 33 8 17 14 16 35 32 35 30 22 33 22 34 24 24 35 10 34 20 15 34 29 32 8 19 7 7 6 30 26 12 21 7 11 15 25 9 8 25 5 14 21 17 30 8 9 24 27 34 19 31 35 9 35 8 15 22 34 
1323.793 1188.795 697.885 1165.499 730.771 1342.888 944.228 920.273 1116.195 1151.707 459.141 1142.241 1240.965 1249.421 1317.279 1357.397 1120.855 701.554 529.271 981.720 636.738 839.800 513.455 1253.520 389.379 1022.481 723.989 954.520 623.954 1027.840 345.341 1043.168 1078.223 1222.577 792.770 1118.761 526.469 829.509 685.036 1306.007 
2.513 6.286 2.063 5.025 4.059 4.453 5.964 2.487 6.724 6.491 0.470 4.212 2.628 1.601 5.916 5.891 5.449 5.995 3.086 3.647 3.093 6.202 6.301 2.401 6.146 5.067 3.685 5.338 5.139 1.400 2.969 3.279 3.404 3.969 7.708 3.460 3.343 6.908 2.893 7.053 
6.339 1.512 7.985 4.864 5.106 6.142 3.886 7.445 8.554 4.935 7.934 8.774 6.345 9.069 7.323 4.859 3.683 7.683 10.506 4.222 8.228 3.702 2.700 5.393 1.719 3.788 8.271 8.224 3.782 7.557 8.747 10.823 7.263 3.888 2.513 6.619 7.328 8.021 10.028 1.133 
2.429 6.739 2.734 5.831 4.111 4.281 6.113 2.043 7.503 6.499 0.403 3.568 2.524 1.014 5.585 5.907 5.649 5.617 2.439 3.998 2.470 6.370 6.592 2.737 6.760 5.820 3.092 6.100 5.893 0.962 2.235 2.827 3.009 4.337 8.406 3.213 2.932 6.533 2.994 7.661 
2.223 6.342 2.535 5.412 3.854 4.135 5.821 2.048 7.210 6.270 0.353 3.731 2.329 1.411 5.534 5.673 5.335 5.594 2.866 3.625 2.614 6.071 6.246 2.361 6.327 5.382 3.213 5.826 5.455 0.942 2.482 3.199 2.988 3.960 7.966 3.103 2.921 6.510 3.129 7.230 
4.826 0.512 7.274 5.079 3.422 4.397 2.126 5.905 8.870 3.224 6.757 7.090 4.812 7.840 5.545 3.094 1.908 5.904 9.213 2.831 6.634 1.968 0.965 4.090 2.177 3.972 6.615 8.255 4.000 6.183 7.196 9.644 5.612 2.491 3.898 4.961 5.683 6.260 9.134 2.355 
4.476 2.753 4.710 1.930 4.165 5.338 4.453 5.500 5.692 5.581 5.139 7.252 4.544 6.291 6.985 5.156 3.879 7.278 7.776 2.676 6.381 4.486 3.799 3.196 1.658 0.920 6.662 5.071 0.980 5.168 6.715 7.908 5.749 2.548 3.024 5.227 5.774 7.945 6.834 2.524 
5.960 4.933 4.221 0.338 6.130 7.245 6.699 6.797 3.469 7.805 5.638 8.676 6.057 6.674 8.952 7.348 6.111 9.211 8.097 4.643 7.660 6.745 6.063 4.683 3.484 1.439 8.074 3.106 1.418 6.135 7.827 7.954 7.295 4.614 3.648 6.890 7.296 9.954 6.388 4.079 
5.920 3.966 5.053 0.963 5.759 6.926 5.988 6.877 4.541 7.136 6.101 8.697 6.001 7.207 8.585 6.735 5.436 8.874 8.674 4.262 7.759 5.994 5.213 4.618 2.406 0.712 8.098 4.277 0.640 6.382 8.019 8.645 7.230 4.150 2.524 6.746 7.247 9.548 7.247 2.925 
6.136 3.833 5.434 1.343 5.874 7.051 5.970 7.119 4.805 7.129 6.430 8.917 6.212 7.545 8.687 6.754 5.438 8.985 9.018 4.391 8.002 5.957 5.134 4.838 2.215 0.930 8.320 4.616 0.854 6.667 8.285 9.006 7.432 4.250 2.140 6.928 7.453 9.633 7.629 2.642 
2.484 6.996 6.027 8.135 3.412 2.588 5.190 1.610 10.584 4.935 3.719 0.297 2.412 3.751 2.869 4.489 5.038 2.733 4.152 4.480 0.882 5.474 6.170 3.783 7.769 7.703 0.309 9.247 7.779 2.575 1.310 5.059 1.257 4.760 9.731 1.889 1.207 3.576 6.145 8.544 
5.163 8.849 2.252 6.457 6.781 7.055 8.701 4.799 6.574 9.206 2.590 6.048 5.267 2.140 8.346 8.608 8.181 8.356 2.526 6.340 5.055 8.938 9.000 5.120 8.431 6.910 5.681 5.157 6.968 3.743 4.609 1.826 5.765 6.648 9.684 5.993 5.683 9.269 0.275 9.329 
7.021 3.691 6.772 2.683 6.465 7.647 6.126 8.066 5.818 7.292 7.629 9.780 7.081 8.765 9.182 7.012 5.679 9.506 10.246 5.068 8.944 6.050 5.111 5.761 2.074 2.121 9.198 5.835 2.055 7.741 9.292 10.286 8.256 4.852 0.853 7.698 8.289 10.063 8.965 1.982 
4.963 4.280 3.729 0.735 5.139 6.245 5.817 5.825 4.213 6.896 4.821 7.695 5.059 5.907 7.955 6.417 5.217 8.210 7.364 3.662 6.695 5.886 5.279 3.681 3.042 1.032 7.092 3.545 1.069 5.213 6.890 7.312 6.298 3.654 3.765 5.886 6.301 8.960 5.923 3.795 
3.292 5.072 7.666 8.049 2.253 1.352 2.623 3.604 11.343 1.855 5.799 3.414 3.173 6.369 0.844 1.663 2.844 1.210 7.199 3.724 3.714 2.849 3.808 4.052 6.404 7.231 3.272 10.235 7.296 4.616 4.374 8.004 2.681 3.783 8.389 2.365 2.775 1.633 8.567 6.931 
7.125 4.090 6.561 2.392 6.682 7.866 6.472 8.144 5.347 7.640 7.562 9.900 7.192 8.683 9.439 7.334 6.000 9.756 10.158 5.246 9.027 6.412 5.495 5.844 2.440 2.033 9.310 5.422 1.960 7.753 9.343 10.151 8.390 5.056 1.318 7.853 8.418 10.344 8.754 2.452 
1.918 3.000 5.314 5.056 0.793 1.976 2.072 2.989 8.424 2.798 4.134 4.302 1.897 5.115 3.616 2.222 1.547 3.905 6.402 0.731 3.734 2.301 2.499 1.540 3.803 4.265 3.778 7.402 4.333 3.352 4.281 6.932 2.773 0.837 5.804 2.139 2.833 4.593 6.780 4.532 
3.567 1.492 6.462 5.047 2.133 3.150 1.338 4.632 8.742 2.496 5.653 5.804 3.545 6.693 4.440 2.164 0.830 4.788 8.023 1.718 5.346 1.361 0.949 2.970 2.786 4.028 5.325 7.939 4.077 4.976 5.915 8.508 4.320 1.409 4.750 3.670 4.392 5.252 8.168 3.293 
6.933 2.205 8.235 4.801 5.781 6.845 4.634 8.042 8.364 5.687 8.375 9.435 6.947 9.522 8.062 5.606 4.412 8.420 10.979 4.800 8.846 4.453 3.450 5.917 1.880 3.793 8.918 8.160 3.772 8.083 9.343 11.245 7.912 4.475 1.971 7.274 7.973 8.770 10.333 1.018 
0.411 5.203 4.111 5.725 2.120 2.293 4.158 0.873 8.317 4.475 2.191 2.705 0.497 2.955 3.771 3.886 3.751 3.879 4.139 2.434 1.755 4.427 4.781 1.433 5.638 5.326 2.102 7.044 5.402 1.121 2.135 4.743 1.405 2.768 7.520 1.302 1.379 4.781 4.971 6.481 
5.015 9.326 3.514 7.612 6.721 6.728 8.745 4.341 8.103 9.059 2.688 5.149 5.095 1.654 7.766 8.478 8.294 7.711 1.083 6.627 4.323 9.006 9.238 5.363 9.171 7.899 4.909 6.674 7.964 3.483 3.749 0.286 5.252 6.962 10.631 5.632 5.159 8.597 1.809 10.080 
7.206 6.376 6.921 3.455 4.199 2.247 3.879 2.748 6.590 5.185 2.062 1.853 5.841 6.837 4.257 7.259 0.493 2.451 7.146 7.614 7.234 3.963 4.584 2.793 5.581 6.830 2.259 4.097 2.795 1.975 2.882 4.404 4.573 3.199 3.229 2.184 7.241 7.559 5.150 5.001 5.614 4.724 5.711 3.048 5.915 6.663 4.963 4.212 2.485 6.584 3.624 5.151 5.353 2.870 3.980 4.735 5.060 3.055 5.115 2.386 4.032 8.077 5.024 5.394 7.154 1.189 3.846 4.015 6.833 1.523 5.318 4.465 3.648 8.067 3.973 4.914 4.269 5.344 4.775 2.680 4.775 6.461 1.931 4.373 3.729 5.762 3.854 3.477 6.264 3.161 1.025 4.574 2.755 3.964 6.323 3.662 1.638 3.344 5.011 4.474 
8.405 4.372 2.532 6.401 6.073 5.961 5.940 6.244 7.451 0.429 6.376 5.259 8.885 7.895 7.645 7.655 5.362 4.173 2.387 7.098 2.570 8.444 1.488 5.115 3.086 4.900 5.124 0.812 7.476 4.881 7.721 6.752 7.604 6.173 5.465 5.226 7.479 2.983 0.326 3.583 1.278 9.028 6.933 2.686 3.605 6.931 0.828 7.377 4.627 4.787 5.094 5.548 1.752 7.411 8.500 2.609 4.380 5.211 7.049 7.249 3.483 7.887 8.975 7.918 7.650 6.054 3.165 8.407 6.729 3.816 7.242 2.268 5.584 8.220 8.816 7.975 4.012 1.974 2.256 7.440 3.304 7.981 6.430 0.701 7.926 9.222 6.161 6.246 10.808 1.892 5.132 8.449 2.279 3.476 3.243 2.458 4.364 5.337 1.078 7.210 
3.056 5.264 7.760 7.760 8.590 2.213 8.268 1.726 2.798 7.428 2.834 2.559 1.887 2.838 1.178 3.626 4.349 6.717 8.460 4.605 8.354 3.396 5.790 1.988 5.424 5.405 6.651 6.254 5.903 6.365 4.423 0.366 0.738 7.520 7.620 6.570 3.735 8.467 7.121 4.409 8.201 3.310 1.958 6.707 5.363 3.336 6.540 0.797 6.840 5.170 7.986 2.646 6.249 3.227 3.520 5.020 3.728 1.824 0.996 4.880 3.788 4.676 2.677 1.029 3.475 4.286 7.708 3.169 3.761 5.609 1.126 7.884 1.430 4.417 4.995 1.041 3.421 6.069 5.336 3.908 4.459 2.256 5.705 6.919 2.578 2.359 8.230 0.932 5.113 6.228 3.367 2.238 4.965 3.759 6.188 7.229 5.962 7.733 6.409 0.235 
4.134 1.062 4.099 8.860 9.150 4.856 8.895 4.732 3.156 4.984 5.648 4.456 5.841 3.627 5.319 3.139 6.017 6.926 4.996 2.505 4.776 7.202 3.123 3.474 1.719 1.265 7.451 4.223 8.320 7.120 7.514 3.842 4.943 8.590 8.248 7.460 2.933 4.740 4.533 1.048 5.857 7.368 2.999 6.009 1.380 2.445 3.827 4.938 7.279 1.010 8.249 1.621 3.062 6.570 7.310 2.003 0.647 3.307 3.634 7.549 1.740 3.281 6.857 4.683 3.166 6.439 6.954 7.032 2.153 5.904 3.742 6.510 3.100 3.627 8.428 5.208 1.428 2.815 2.351 7.029 1.353 3.967 7.610 4.953 6.415 6.500 8.997 4.034 9.239 5.103 5.070 6.380 3.895 1.803 2.245 6.233 6.526 8.242 3.594 4.435 
8.206 6.242 5.947 3.129 3.342 3.752 3.079 4.220 7.454 3.827 3.735 3.177 7.326 7.777 5.780 8.005 2.135 1.140 5.974 8.076 6.127 5.673 3.789 3.806 5.189 6.757 1.714 2.939 3.921 1.405 4.497 5.618 6.010 2.866 2.432 1.768 7.935 6.508 3.908 4.910 4.097 6.429 6.640 1.352 5.628 7.335 3.921 5.671 1.461 6.539 2.494 5.748 4.549 4.579 5.689 4.332 5.252 4.044 6.241 3.862 4.080 8.669 6.689 6.720 7.928 2.805 2.152 5.723 7.391 0.231 6.454 2.774 4.639 8.771 5.563 6.374 4.490 4.617 4.236 4.357 4.625 7.529 2.856 2.982 5.415 7.343 3.183 4.760 7.965 1.714 2.528 6.219 2.049 4.019 5.806 1.965 0.814 2.428 4.042 5.817 
9.033 7.407 7.069 1.948 2.334 4.191 2.033 4.691 8.347 4.821 3.940 3.756 7.782 8.634 6.194 8.953 2.151 0.701 7.027 9.126 7.204 5.632 4.963 4.584 6.372 7.918 0.529 4.053 3.170 0.240 4.180 6.302 6.516 1.683 1.365 0.594 8.903 7.602 4.964 6.063 4.947 6.453 7.496 2.064 6.806 8.309 5.048 6.156 0.548 7.695 1.680 6.737 5.716 4.574 5.622 5.513 6.355 4.840 6.985 3.409 5.200 9.679 6.865 7.326 8.863 2.647 2.404 5.733 8.407 1.046 7.193 3.350 5.443 9.740 5.157 6.858 5.577 5.792 5.421 4.178 5.784 8.315 2.111 3.982 5.546 7.674 2.082 5.389 7.785 2.754 2.960 6.446 3.232 5.137 6.990 2.581 0.416 1.435 5.185 6.406 
9.507 6.453 5.063 4.047 3.559 5.641 3.455 6.071 8.648 2.547 5.732 4.997 9.112 9.033 7.628 9.059 4.181 1.961 4.778 8.828 5.022 7.709 3.519 5.374 5.208 6.997 2.971 2.329 5.760 2.828 6.528 7.214 7.780 3.851 3.057 3.107 8.937 5.460 2.849 5.328 2.427 8.450 7.936 0.705 5.720 8.343 3.224 7.468 2.381 6.829 2.591 6.785 4.106 6.616 7.729 4.475 5.932 5.571 7.734 5.853 4.784 9.534 8.658 8.373 9.012 4.845 0.642 7.750 8.279 2.255 7.946 0.751 6.113 9.749 7.579 8.154 5.301 4.273 4.225 6.403 5.019 8.918 4.688 1.845 7.414 9.223 3.697 6.451 10.010 1.279 4.478 8.170 2.619 4.743 5.586 0.133 2.508 2.895 3.440 7.514 
7.529 7.317 8.025 3.290 4.297 2.339 3.970 2.815 7.032 6.274 1.778 2.274 5.693 7.217 4.113 7.765 0.627 3.050 8.255 8.280 8.343 3.241 5.682 3.340 6.604 7.743 2.481 5.202 1.771 2.310 1.870 4.642 4.542 3.076 3.397 2.352 7.780 8.667 6.253 5.954 6.666 4.070 6.131 3.978 6.907 7.230 6.072 4.170 2.921 7.492 3.957 5.809 6.447 2.199 3.229 5.774 5.913 3.591 5.399 1.281 4.971 8.662 4.543 5.466 7.644 0.282 4.647 3.351 7.463 2.409 5.585 5.398 4.130 8.584 2.934 4.836 5.137 6.430 5.838 1.792 5.751 6.748 1.179 5.453 3.219 5.455 3.863 3.709 5.415 4.218 1.505 4.166 3.862 4.903 7.366 4.586 2.254 3.572 6.118 4.567 
2.187 4.267 7.570 11.877 12.409 6.741 12.120 6.360 2.062 8.776 7.509 6.721 5.377 2.112 5.930 1.245 8.605 10.241 8.529 1.356 8.252 8.217 6.916 5.677 5.425 3.880 10.551 7.988 10.575 10.224 9.247 4.596 5.353 11.613 11.452 10.520 1.210 8.099 8.322 4.826 9.648 7.969 2.936 9.575 4.966 1.786 7.617 5.599 10.521 3.859 11.595 3.356 6.815 8.071 8.342 5.794 4.100 5.417 3.864 9.607 5.231 0.522 7.146 4.485 1.389 8.781 10.569 7.977 1.737 9.128 3.755 10.240 4.859 0.448 9.855 5.366 4.721 6.567 6.144 8.727 5.119 2.834 10.159 8.727 7.414 6.221 12.167 5.411 9.541 8.737 7.543 6.863 7.429 5.273 5.695 9.883 9.679 11.494 7.380 4.980 
10.430 7.605 6.174 3.325 2.579 6.186 2.548 6.653 9.607 3.628 6.130 5.603 9.755 9.971 8.214 10.066 4.419 1.739 5.812 9.911 6.081 7.980 4.685 6.146 6.368 8.148 2.602 3.497 5.540 2.591 6.603 7.984 8.434 3.185 2.324 2.757 9.959 6.527 3.971 6.448 3.336 8.773 8.853 1.492 6.878 9.360 4.384 8.100 1.999 7.975 1.694 7.783 5.273 6.898 7.982 5.621 7.011 6.366 8.562 5.842 5.843 10.594 9.092 9.112 10.010 5.010 0.530 8.057 9.328 2.572 8.775 1.515 6.939 10.781 7.590 8.801 6.344 5.441 5.382 6.570 6.138 9.801 4.513 2.990 7.799 9.776 2.824 7.158 10.192 2.369 4.958 8.634 3.636 5.797 6.754 1.280 2.526 2.114 4.604 8.222 
5.393 6.453 8.119 5.629 6.595 0.718 6.268 0.785 5.055 7.031 0.563 1.394 3.359 5.152 1.774 5.854 2.338 5.023 8.603 6.633 8.594 1.862 5.828 2.049 6.139 6.757 4.703 5.829 3.566 4.467 2.162 2.528 2.217 5.411 5.660 4.594 5.923 8.820 6.854 5.244 7.647 2.389 4.164 5.468 6.276 5.440 6.444 1.847 5.027 6.501 6.143 4.288 6.488 1.079 1.944 5.462 4.874 2.188 3.292 2.544 4.328 6.853 2.488 3.173 5.714 2.063 6.358 1.782 5.779 4.052 3.450 6.831 2.479 6.668 2.949 2.499 4.238 6.383 5.667 1.642 5.152 4.593 3.449 6.329 1.290 3.196 6.182 1.701 4.193 5.308 1.692 2.012 4.365 4.271 6.952 6.064 4.206 5.811 6.398 2.312 
9.305 9.149 9.536 2.358 3.609 4.132 3.327 4.567 8.868 7.499 3.432 4.159 7.141 9.024 5.637 9.620 2.413 3.471 9.633 10.172 9.769 4.097 7.256 5.229 8.356 9.593 2.506 6.573 0.568 2.585 2.330 6.412 6.141 2.281 3.014 2.353 9.646 10.133 7.573 7.776 7.714 4.943 7.965 4.839 8.695 9.105 7.524 5.777 3.117 9.344 3.731 7.702 8.031 3.354 4.029 7.504 7.786 5.477 7.179 1.525 6.802 10.539 5.652 7.112 9.495 2.076 5.171 4.297 9.351 3.447 7.354 6.150 6.001 10.441 2.902 6.383 7.003 8.049 7.522 2.668 7.555 8.512 0.866 6.653 4.421 6.739 3.101 5.501 5.732 5.386 3.398 5.404 5.407 6.733 9.086 5.379 2.953 3.245 7.612 6.254 
7.329 6.459 6.951 3.334 4.076 2.366 3.756 2.867 6.711 5.177 2.161 1.976 5.957 6.960 4.371 7.378 0.511 2.344 7.159 7.724 7.253 4.036 4.621 2.914 5.648 6.917 2.136 4.103 2.745 1.854 2.910 4.528 4.692 3.077 3.106 2.060 7.358 7.584 5.153 5.083 5.588 4.805 5.832 2.987 5.989 6.779 4.982 4.330 2.369 6.673 3.506 5.264 5.391 2.944 4.050 4.799 5.157 3.175 5.238 2.381 4.118 8.192 5.120 5.516 7.273 1.208 3.765 4.094 6.947 1.445 5.442 4.406 3.769 8.185 3.997 5.032 4.365 5.388 4.830 2.727 4.853 6.584 1.852 4.359 3.821 5.870 3.730 3.600 6.325 3.136 1.147 4.675 2.784 4.050 6.384 3.600 1.528 3.223 5.036 4.595 
5.885 7.541 9.274 5.939 7.031 1.873 6.707 1.834 5.719 8.130 1.390 2.536 3.276 5.732 1.930 6.548 3.004 5.739 9.750 7.470 9.745 0.708 6.977 3.168 7.280 7.818 5.246 6.936 3.419 5.063 1.673 3.209 2.507 5.756 6.156 5.117 6.652 9.974 7.972 6.368 8.714 1.360 4.872 6.386 7.400 6.226 7.582 2.202 5.664 7.564 6.721 5.243 7.642 0.580 0.789 6.614 5.952 3.278 3.917 2.384 5.468 7.593 1.795 3.490 6.397 2.492 7.210 0.667 6.616 4.887 4.031 7.783 3.474 7.337 2.073 2.645 5.351 7.538 6.822 1.244 6.288 5.091 3.654 7.404 0.513 2.830 6.575 2.583 3.061 6.328 2.672 1.495 5.469 5.412 8.093 6.995 4.919 6.335 7.542 2.808 
10.691 9.068 8.407 0.681 0.753 5.693 0.431 6.197 10.034 5.975 5.292 5.352 9.211 10.307 7.620 10.658 3.552 1.799 8.218 10.846 8.442 6.664 6.475 6.249 7.982 9.587 1.260 5.440 3.463 1.582 4.992 7.903 8.002 0.646 0.429 1.316 10.613 8.868 6.215 7.742 5.880 7.518 9.172 3.207 8.438 10.020 6.434 7.633 1.384 9.371 0.991 8.453 7.195 5.701 6.626 7.136 8.065 6.508 8.612 4.138 6.903 11.397 8.071 8.868 10.565 3.829 2.968 6.814 10.125 2.739 8.816 4.080 7.110 11.449 5.769 8.322 7.292 7.301 7.008 5.155 7.456 9.955 2.694 5.193 6.752 9.002 0.363 6.973 8.570 4.107 4.518 7.710 4.857 6.841 8.551 3.503 2.136 0.572 6.604 7.949 
9.869 7.210 6.021 3.112 2.588 5.585 2.482 6.052 9.059 3.519 5.537 5.003 9.154 9.416 7.613 9.537 3.840 1.228 5.751 9.428 5.994 7.405 4.350 5.559 6.001 7.752 2.178 3.194 5.084 2.112 6.064 7.394 7.834 2.933 2.110 2.328 9.437 6.430 3.807 6.008 3.373 8.191 8.293 1.008 6.502 8.837 4.137 7.499 1.566 7.568 1.618 7.254 4.988 6.319 7.410 5.222 6.532 5.782 7.980 5.321 5.355 10.094 8.498 8.518 9.476 4.446 0.498 7.477 8.823 1.974 8.194 1.583 6.360 10.264 7.069 8.200 5.842 5.137 5.008 6.010 5.700 9.229 4.036 2.791 7.209 9.175 2.728 6.562 9.635 1.957 4.358 8.037 3.140 5.306 6.442 1.035 1.969 1.935 4.340 7.625 
8.893 5.907 4.753 4.180 3.868 5.122 3.718 5.536 8.033 2.339 5.267 4.461 8.550 8.418 7.085 8.445 3.809 1.971 4.577 8.231 4.789 7.280 3.017 4.788 4.681 6.450 2.959 1.861 5.579 2.755 6.193 6.624 7.216 3.959 3.235 3.077 8.326 5.210 2.555 4.748 2.436 7.996 7.323 0.466 5.186 7.731 2.819 6.912 2.423 6.274 2.885 6.170 3.655 6.190 7.308 3.921 5.332 4.979 7.131 5.568 4.177 8.930 8.162 7.787 8.398 4.493 1.180 7.307 7.672 1.933 7.343 1.152 5.514 9.139 7.265 7.593 4.691 3.803 3.690 6.028 4.439 8.307 4.505 1.534 6.942 8.686 3.933 5.877 9.607 0.674 3.995 7.666 2.004 4.135 5.107 0.482 2.326 3.108 3.014 6.937 
10.842 9.357 8.757 0.400 0.862 5.787 0.613 6.288 10.208 6.335 5.341 5.485 9.263 10.469 7.677 10.849 3.642 2.125 8.578 11.075 8.800 6.614 6.801 6.414 8.288 9.872 1.465 5.782 3.307 1.797 4.911 8.027 8.079 0.509 0.779 1.487 10.812 9.224 6.569 8.021 6.246 7.471 9.338 3.559 8.737 10.222 6.777 7.708 1.693 9.652 1.343 8.664 7.527 5.684 6.570 7.437 8.319 6.675 8.748 4.053 7.165 11.609 8.058 8.964 10.752 3.855 3.334 6.775 10.342 3.005 8.950 4.446 7.273 11.646 5.634 8.389 7.540 7.629 7.319 5.108 7.738 10.096 2.630 5.548 6.748 9.021 0.353 7.092 8.452 4.448 4.642 7.716 5.155 7.102 8.870 3.866 2.381 0.938 6.944 8.048 
6.864 8.997 10.749 6.496 7.691 3.354 7.380 3.306 6.859 9.522 2.784 4.002 3.855 6.797 2.979 7.695 4.109 6.747 11.206 8.730 11.210 0.795 8.441 4.648 8.764 9.255 6.091 8.342 3.648 5.971 1.959 4.457 3.547 6.360 6.912 5.946 7.829 11.448 9.389 7.846 10.064 1.031 6.071 7.589 8.877 7.459 9.027 3.337 6.591 9.003 7.551 6.618 9.116 1.742 0.697 8.098 7.404 4.747 5.088 2.813 6.952 8.766 1.950 4.439 7.536 3.470 8.330 0.971 7.885 6.038 5.162 9.007 4.897 8.448 1.458 3.547 6.825 9.016 8.303 1.906 7.770 6.103 4.259 8.770 1.590 3.147 7.201 3.975 1.724 7.640 4.026 2.062 6.879 6.896 9.577 8.202 5.951 7.116 8.997 3.961 
7.010 4.744 4.798 4.611 4.824 3.316 4.571 3.681 6.188 3.143 3.625 2.622 6.625 6.550 5.200 6.670 2.622 2.601 5.015 6.635 5.099 5.695 2.489 2.841 3.728 5.258 3.190 1.991 4.878 2.867 4.941 4.675 5.294 4.345 3.930 3.224 6.577 5.428 3.049 3.409 3.704 6.327 5.434 1.949 4.147 5.975 2.828 5.002 2.958 5.039 3.933 4.388 3.264 4.642 5.743 2.864 3.776 3.030 5.191 4.517 2.595 7.264 6.378 5.840 6.606 3.299 2.974 5.677 5.986 1.618 5.404 3.058 3.570 7.407 6.036 5.671 3.034 3.285 2.809 4.652 3.124 6.394 3.903 2.393 5.236 6.806 4.683 3.942 8.059 1.417 2.358 5.865 0.639 2.537 4.389 2.415 2.262 3.917 2.880 4.997 
8.186 8.198 8.862 3.042 4.198 3.014 3.883 3.447 7.752 7.019 2.315 3.075 6.088 7.905 4.557 8.508 1.492 3.417 9.055 9.088 9.157 3.228 6.530 4.146 7.486 8.620 2.630 5.990 0.892 2.565 1.545 5.293 5.045 2.880 3.409 2.478 8.539 9.493 7.029 6.836 7.350 4.085 6.849 4.562 7.791 8.003 6.888 4.678 3.178 8.368 4.063 6.624 7.299 2.347 3.182 6.653 6.781 4.389 6.060 0.707 5.853 9.437 4.707 6.009 8.381 0.996 5.102 3.395 8.260 3.026 6.235 5.958 4.900 9.329 2.444 5.300 6.010 7.290 6.710 1.725 6.634 7.393 0.760 6.184 3.425 5.738 3.717 4.382 5.157 4.926 2.360 4.409 4.695 5.785 8.244 5.152 2.708 3.617 6.946 5.143 
9.643 6.452 4.917 4.289 3.747 5.878 3.661 6.300 8.771 2.378 5.988 5.225 9.325 9.164 7.853 9.160 4.455 2.237 4.588 8.889 4.844 7.976 3.492 5.565 5.192 6.996 3.245 2.293 6.044 3.108 6.808 7.401 7.991 4.101 3.292 3.383 9.032 5.287 2.711 5.367 2.187 8.710 8.076 0.971 5.709 8.441 3.138 7.685 2.650 6.836 2.793 6.895 4.039 6.883 7.997 4.488 6.000 5.756 7.903 6.137 4.868 9.607 8.905 8.565 9.118 5.123 0.770 8.013 8.360 2.533 8.115 0.466 6.288 9.838 7.862 8.367 5.393 4.218 4.220 6.678 5.058 9.069 4.973 1.736 7.669 9.451 3.912 6.654 10.282 1.388 4.728 8.414 2.743 4.830 5.531 0.358 2.793 3.121 3.363 7.715 
9.228 5.652 3.914 5.215 4.743 5.970 4.643 6.341 8.315 1.371 6.211 5.280 9.243 8.733 7.854 8.628 4.868 3.059 3.590 8.230 3.840 8.260 2.673 5.426 4.370 6.192 4.063 1.505 6.710 3.876 7.266 7.212 7.919 5.010 4.235 4.188 8.479 4.281 1.718 4.679 1.305 8.939 7.689 1.578 4.893 7.902 2.205 7.642 3.501 6.052 3.779 6.409 3.129 7.179 8.296 3.745 5.389 5.581 7.635 6.670 4.328 8.984 9.032 8.390 8.601 5.562 1.777 8.267 7.769 3.045 7.841 0.846 6.058 9.261 8.347 8.297 4.868 3.328 3.439 7.071 4.377 8.713 5.636 0.812 7.861 9.459 4.886 6.554 10.609 1.272 4.929 8.522 2.441 4.301 4.630 1.145 3.458 4.079 2.444 7.590 
6.316 5.074 5.806 4.553 5.085 2.070 4.787 2.469 5.600 4.386 2.367 1.395 5.508 5.901 4.020 6.200 1.697 3.003 6.139 6.426 6.184 4.437 3.450 1.896 4.301 5.529 3.206 3.204 4.061 2.879 3.807 3.713 4.177 4.286 4.118 3.179 6.153 6.474 4.254 3.698 4.968 5.063 4.762 2.935 4.620 5.561 3.939 3.859 3.216 5.285 4.337 4.000 4.195 3.397 4.489 3.468 3.781 2.137 4.330 3.505 2.731 6.944 5.131 4.831 6.110 2.279 3.916 4.414 5.679 1.866 4.543 4.215 2.735 6.989 4.889 4.550 2.988 4.157 3.540 3.467 3.474 5.625 3.233 3.655 3.973 5.619 4.823 2.877 6.803 2.636 1.124 4.623 1.744 2.663 5.060 3.493 2.349 4.176 3.944 3.942 
7.218 2.766 1.565 7.605 7.464 5.851 7.290 6.009 6.240 1.943 6.438 5.191 8.223 6.704 7.203 6.316 5.862 5.385 2.107 5.598 2.039 8.429 0.806 4.714 1.513 3.277 6.233 1.755 8.165 5.944 8.048 6.052 7.039 7.356 6.746 6.306 6.115 2.255 1.475 2.263 2.778 8.883 5.866 4.016 2.006 5.609 0.851 6.881 5.827 3.188 6.484 4.413 0.122 7.495 8.506 1.374 3.120 4.727 6.182 7.735 2.573 6.414 8.661 7.153 6.334 6.504 4.694 8.343 5.336 4.740 6.352 3.902 4.938 6.800 9.120 7.387 3.008 0.368 1.027 7.680 2.057 6.908 7.192 2.254 7.792 8.692 7.480 5.759 10.745 3.073 5.334 8.134 2.652 2.598 1.579 3.950 5.365 6.654 0.615 6.584 
5.151 1.191 3.165 8.162 8.334 4.838 8.098 4.831 4.170 3.868 5.575 4.312 6.479 4.637 5.710 4.233 5.605 6.116 4.001 3.605 3.818 7.344 2.017 3.490 0.739 1.708 6.741 3.149 7.963 6.415 7.389 4.356 5.426 7.894 7.471 6.768 4.036 3.848 3.416 0.296 4.741 7.632 3.867 5.068 0.747 3.525 2.710 5.348 6.499 1.502 7.401 2.408 1.962 6.576 7.441 0.908 1.084 3.397 4.325 7.297 1.243 4.393 7.239 5.350 4.250 6.117 5.971 7.206 3.264 5.171 4.469 5.454 3.388 4.743 8.379 5.737 1.327 1.719 1.240 6.939 0.447 4.890 7.151 3.866 6.604 7.055 8.226 4.311 9.522 4.129 4.771 6.732 3.035 1.308 1.493 5.235 5.811 7.441 2.477 4.934 
8.772 8.549 8.994 2.456 3.650 3.584 3.344 4.034 8.310 7.017 2.918 3.574 6.718 8.478 5.182 9.053 1.811 3.142 9.121 9.583 9.246 3.823 6.697 4.642 7.766 8.991 2.249 6.054 0.733 2.256 2.094 5.878 5.664 2.317 2.924 2.093 9.074 9.601 7.069 7.177 7.276 4.680 7.408 4.424 8.100 8.527 6.990 5.296 2.840 8.743 3.610 7.111 7.471 2.973 3.771 6.917 7.184 4.892 6.642 1.237 6.201 9.961 5.326 6.623 8.930 1.502 4.850 4.001 8.766 2.965 6.822 5.778 5.425 9.874 2.866 5.925 6.401 7.482 6.943 2.334 6.957 7.983 0.342 6.172 4.051 6.366 3.157 4.957 5.653 4.904 2.802 5.035 4.847 6.133 8.502 4.988 2.531 3.144 7.069 5.749 
0.983 4.149 7.433 10.661 11.274 5.379 10.975 4.975 0.643 8.227 6.127 5.424 4.001 0.704 4.488 0.344 7.325 9.157 8.350 1.735 8.116 6.775 6.345 4.416 5.084 3.919 9.378 7.302 9.207 9.057 7.832 3.176 3.911 10.401 10.306 9.335 0.600 8.040 7.798 4.280 9.099 6.534 1.544 8.643 4.713 0.920 7.098 4.158 9.402 3.806 10.507 2.362 6.403 6.647 6.900 5.244 3.448 4.154 2.432 8.221 4.428 1.372 5.721 3.055 0.220 7.448 9.659 6.534 1.313 8.025 2.315 9.456 3.568 0.995 8.418 3.930 3.889 6.160 5.613 7.313 4.533 1.435 8.846 8.049 5.973 4.840 11.000 4.025 8.136 7.873 6.263 5.426 6.527 4.456 5.544 9.012 8.539 10.366 6.880 3.540 
5.164 1.121 3.133 8.232 8.399 4.911 8.164 4.901 4.182 3.889 5.649 4.387 6.527 4.651 5.770 4.230 5.681 6.182 3.978 3.578 3.789 7.414 2.047 3.561 0.701 1.642 6.811 3.189 8.039 6.485 7.465 4.409 5.482 7.965 7.539 6.839 4.031 3.811 3.434 0.362 4.760 7.699 3.895 5.125 0.673 3.525 2.729 5.407 6.567 1.440 7.465 2.438 1.963 6.649 7.511 0.948 1.114 3.465 4.367 7.374 1.319 4.372 7.301 5.396 4.250 6.194 6.024 7.275 3.255 5.241 4.509 5.497 3.449 4.730 8.453 5.791 1.393 1.718 1.268 7.014 0.522 4.915 7.227 3.902 6.672 7.108 8.293 4.374 9.588 4.184 4.847 6.795 3.100 1.384 1.435 5.286 5.881 7.507 2.493 4.988 
6.485 6.789 7.950 4.399 5.376 1.307 5.049 1.746 6.044 6.508 0.668 1.478 4.588 6.198 3.004 6.806 1.180 3.918 8.306 7.429 8.347 2.435 5.597 2.520 6.247 7.167 3.506 5.350 2.534 3.289 1.674 3.591 3.434 4.180 4.452 3.390 6.842 8.627 6.406 5.473 7.020 3.193 5.142 4.570 6.479 6.315 6.107 3.062 3.872 6.911 4.964 4.984 6.325 1.342 2.459 5.471 5.288 2.746 4.356 1.630 4.496 7.747 3.540 4.366 6.677 0.837 5.376 2.483 6.592 3.054 4.534 5.979 3.220 7.627 2.734 3.726 4.554 6.266 5.603 1.300 5.316 5.695 2.245 5.735 2.225 4.382 4.956 2.675 4.761 4.590 1.053 3.124 3.905 4.430 7.043 5.182 3.096 4.611 6.108 3.475 
8.024 8.442 9.316 3.625 4.816 2.963 4.506 3.333 7.664 7.570 2.183 3.175 5.721 7.780 4.248 8.448 1.923 4.079 9.557 9.121 9.642 2.674 6.967 4.224 7.813 8.838 3.296 6.505 0.959 3.231 0.926 5.154 4.774 3.484 4.057 3.143 8.498 9.963 7.555 7.101 7.938 3.528 6.766 5.186 8.085 7.986 7.372 4.417 3.846 8.583 4.720 6.685 7.727 1.925 2.615 7.001 6.969 4.449 5.920 0.090 6.117 9.415 4.215 5.758 8.313 1.271 5.757 2.866 8.280 3.633 6.081 6.592 4.908 9.266 1.777 4.994 6.220 7.700 7.088 1.229 6.921 7.225 1.394 6.743 2.984 5.300 4.325 4.283 4.504 5.498 2.584 3.966 5.158 6.050 8.591 5.783 3.355 4.269 7.414 4.933 
6.275 8.926 10.946 7.384 8.556 3.591 8.240 3.406 6.390 9.925 3.206 4.286 3.134 6.270 2.623 7.220 4.762 7.470 11.474 8.350 11.449 1.197 8.695 4.735 8.833 9.132 6.885 8.725 4.581 6.738 2.835 4.157 3.127 7.235 7.743 6.745 7.378 11.654 9.750 7.870 10.524 0.534 5.671 8.191 8.889 7.066 9.331 3.008 7.352 8.887 8.357 6.413 9.326 2.285 1.203 8.234 7.338 4.782 4.690 3.691 7.038 8.300 1.240 3.899 7.058 4.180 8.992 1.150 7.524 6.674 4.728 9.594 4.812 7.934 2.425 3.031 6.838 9.204 8.473 2.670 7.832 5.552 5.118 9.211 1.624 2.350 8.074 3.872 1.357 8.145 4.488 1.567 7.260 6.988 9.639 8.802 6.657 7.939 9.276 3.601 
8.371 7.692 7.998 2.341 3.331 3.220 3.004 3.714 7.817 6.011 2.731 3.024 6.652 8.033 5.067 8.518 1.122 2.285 8.114 8.929 8.241 4.147 5.716 4.046 6.847 8.154 1.563 5.048 1.727 1.450 2.604 5.505 5.480 2.117 2.443 1.422 8.513 8.600 6.061 6.315 6.286 4.990 6.924 3.457 7.205 7.945 5.989 5.108 2.069 7.910 3.034 6.460 6.491 3.140 4.123 5.990 6.396 4.307 6.249 1.820 5.355 9.368 5.500 6.385 8.405 1.249 3.968 4.276 8.137 1.963 6.443 4.839 4.880 9.332 3.569 5.784 5.604 6.510 5.995 2.654 6.079 7.602 0.681 5.167 4.178 6.422 2.897 4.566 6.222 3.900 2.184 5.131 3.867 5.287 7.565 4.037 1.581 2.627 6.073 5.475 
7.160 4.633 4.499 4.758 4.886 3.639 4.648 3.990 6.314 2.800 3.965 2.941 6.898 6.690 5.496 6.761 2.947 2.666 4.689 6.655 4.781 6.035 2.221 3.092 3.560 5.157 3.342 1.651 5.176 3.029 5.280 4.911 5.569 4.496 4.025 3.391 6.655 5.118 2.710 3.330 3.369 6.662 5.587 1.814 4.002 6.056 2.511 5.287 3.055 4.948 3.966 4.478 2.995 4.984 6.084 2.704 3.769 3.267 5.397 4.843 2.586 7.310 6.699 6.082 6.705 3.629 2.831 6.015 6.037 1.783 5.608 2.809 3.784 7.480 6.374 5.947 3.060 3.034 2.610 4.994 3.035 6.567 4.183 2.054 5.568 7.101 4.779 4.209 8.400 1.149 2.700 6.183 0.420 2.533 4.185 2.219 2.427 3.991 2.576 5.256 
7.545 2.540 1.136 9.612 9.434 7.447 9.273 7.510 6.586 3.538 8.119 6.844 9.236 7.053 8.480 6.401 7.763 7.388 2.057 5.324 1.718 10.008 2.779 6.166 2.066 2.803 8.243 3.732 10.100 7.954 9.836 7.129 8.203 9.364 8.743 8.316 6.157 1.459 3.138 3.068 4.178 10.357 6.482 5.990 2.142 5.790 2.749 8.121 7.833 2.882 8.452 5.068 2.011 9.160 10.098 2.706 3.787 6.109 7.055 9.601 3.854 6.156 10.002 8.094 6.468 8.375 6.585 9.890 5.377 6.745 7.183 5.679 6.155 6.661 10.881 8.512 4.085 1.972 2.562 9.431 3.064 7.444 9.155 4.107 9.303 9.829 9.471 7.066 12.245 5.064 7.126 9.491 4.618 3.906 1.288 5.860 7.373 8.643 2.567 7.710 
8.253 7.216 7.378 2.408 3.189 3.226 2.865 3.730 7.637 5.361 2.886 2.893 6.777 7.886 5.184 8.300 1.101 1.753 7.474 8.618 7.607 4.536 5.118 3.839 6.316 7.694 1.267 4.411 2.378 1.038 3.120 5.438 5.543 2.150 2.233 1.169 8.277 7.971 5.417 5.841 5.637 5.357 6.759 2.820 6.695 7.695 5.362 5.176 1.632 7.456 2.713 6.167 5.892 3.478 4.527 5.453 5.988 4.101 6.156 2.395 4.902 9.103 5.784 6.399 8.197 1.551 3.387 4.637 7.851 1.312 6.359 4.215 4.695 9.106 4.135 5.871 5.195 5.923 5.435 3.089 5.591 7.505 1.321 4.517 4.461 6.625 2.820 4.505 6.706 3.249 2.052 5.375 3.275 4.835 7.012 3.409 0.979 2.375 5.454 5.479 
8.326 7.707 8.050 2.408 3.414 3.165 3.088 3.656 7.781 6.081 2.660 2.988 6.580 7.992 4.996 8.487 1.089 2.381 8.176 8.912 8.300 4.054 5.761 4.018 6.874 8.165 1.658 5.108 1.657 1.547 2.507 5.455 5.414 2.189 2.532 1.516 8.485 8.656 6.125 6.330 6.364 4.898 6.887 3.542 7.227 7.919 6.045 5.042 2.166 7.920 3.128 6.441 6.536 3.050 4.029 6.019 6.397 4.278 6.202 1.724 5.366 9.344 5.413 6.324 8.373 1.170 4.062 4.184 8.117 2.039 6.395 4.927 4.847 9.302 3.472 5.715 5.606 6.553 6.029 2.559 6.097 7.555 0.631 5.238 4.092 6.342 2.975 4.517 6.125 3.971 2.153 5.048 3.911 5.298 7.597 4.125 1.671 2.718 6.126 5.417 
11.722 10.032 9.179 1.237 0.578 6.695 0.752 7.197 11.069 6.684 6.258 6.375 10.180 11.340 8.593 11.692 4.550 2.734 8.911 11.869 9.159 7.506 7.360 7.282 8.915 10.557 2.294 6.274 4.122 2.616 5.784 8.923 8.992 1.418 1.395 2.345 11.647 9.596 6.967 8.722 6.478 8.363 10.206 4.013 9.383 11.053 7.253 8.621 2.362 10.345 1.554 9.484 8.056 6.591 7.458 8.079 9.072 7.542 9.637 4.928 7.903 12.427 8.965 9.873 11.599 4.771 3.560 7.672 11.154 3.748 9.841 4.652 8.143 12.482 6.457 9.304 8.303 8.178 7.931 6.003 8.431 10.983 3.525 5.947 7.657 9.936 0.672 7.991 9.286 4.955 5.537 8.628 5.816 7.842 9.451 4.200 3.160 1.408 7.439 8.955 
4.230 7.451 9.903 8.283 9.321 3.209 8.994 2.784 4.433 9.341 3.318 3.858 1.072 4.264 1.278 5.246 5.109 7.802 10.561 6.456 10.477 2.373 7.833 3.813 7.602 7.569 7.461 8.138 5.812 7.236 4.037 2.552 1.459 8.085 8.407 7.345 5.425 10.613 9.081 6.592 10.055 1.766 3.808 8.157 7.556 5.178 8.552 1.573 7.804 7.339 8.914 4.804 8.352 2.960 2.483 7.151 5.922 3.749 2.874 4.781 5.914 6.325 0.848 1.934 5.083 4.743 9.087 2.124 5.665 6.808 2.858 9.468 3.534 5.925 4.109 1.188 5.588 8.188 7.448 3.640 6.625 3.536 6.016 8.741 1.885 0.435 8.886 2.704 3.175 7.869 4.421 0.903 6.741 5.879 8.375 8.735 6.986 8.567 8.446 1.960 
7.926 3.184 0.711 8.210 7.953 6.758 7.808 6.917 6.944 1.991 7.335 6.094 9.091 7.414 8.102 6.942 6.694 5.974 1.236 6.093 1.133 9.334 1.669 5.621 2.095 3.629 6.877 2.318 8.964 6.606 8.920 6.922 7.924 7.970 7.305 6.963 6.725 1.361 1.597 3.008 2.663 9.792 6.639 4.529 2.491 6.257 1.322 7.775 6.426 3.601 6.971 5.178 1.000 8.393 9.410 2.218 3.860 5.629 7.016 8.579 3.446 6.925 9.566 8.005 6.976 7.350 5.063 9.250 5.935 5.444 7.178 4.135 5.823 7.357 9.998 8.268 3.849 1.165 1.900 8.563 2.850 7.670 7.967 2.590 8.700 9.578 8.018 6.657 11.652 3.643 6.213 9.039 3.460 3.476 1.783 4.350 6.048 7.191 1.214 7.463 
