20 40 100
88 121 104 120 148 119 54 126 105 32 87 118 61 57 149 156 164 84 82 96 
97 121 145 457 201 287 348 437 270 304 391 163 90 245 404 450 275 311 40 226 191 329 90 82 88 264 144 215 382 270 339 404 388 225 262 270 393 210 455 55 
32 20 7 13 9 32 5 30 31 7 29 34 18 29 16 20 5 19 10 30 23 31 9 19 27 35 11 19 23 29 24 21 32 30 6 10 27 15 31 20 28 10 20 12 20 12 14 31 28 24 9 35 17 13 33 15 9 28 9 34 13 25 29 26 35 14 19 9 15 29 11 8 29 22 18 10 11 28 12 5 29 17 16 24 31 6 21 27 27 34 21 35 20 27 6 7 13 33 27 32 
622.995 683.423 733.402 1392.694 993.860 1083.676 1244.506 1340.047 1092.568 1161.195 1302.201 841.974 594.033 969.409 1256.356 1382.741 1116.608 1080.918 404.617 961.861 959.042 1236.030 613.480 623.835 602.498 1073.548 813.031 976.524 1251.923 1048.901 1146.828 1268.568 1289.543 933.916 1065.149 1029.140 1278.638 901.610 1416.255 479.940 
2.634 10.106 5.910 6.091 3.403 5.365 4.506 5.509 9.473 3.419 8.024 8.670 2.136 6.352 4.022 9.269 5.242 4.678 10.622 9.556 4.028 5.173 6.731 5.374 6.456 8.877 8.869 9.019 3.553 4.618 8.681 5.179 9.663 3.547 2.986 9.572 0.986 6.120 3.931 5.629 
6.165 2.318 6.872 6.386 6.985 3.980 6.006 4.149 3.603 5.945 1.631 0.305 9.964 3.904 7.169 0.490 5.951 4.102 2.055 1.995 4.786 6.288 2.594 7.966 4.457 6.792 5.298 3.663 5.448 6.292 3.631 4.250 0.895 6.459 5.816 1.062 7.817 3.232 6.073 3.772 
5.772 3.499 5.825 6.915 7.067 4.178 6.246 3.316 4.722 5.310 0.510 1.422 9.802 4.427 6.322 1.461 6.332 3.813 3.071 3.179 4.382 5.323 1.769 8.351 3.394 7.690 6.269 4.725 5.332 6.567 4.647 4.445 1.823 5.722 5.541 1.264 7.421 2.441 5.307 4.027 
1.496 7.733 2.990 6.205 4.301 3.833 4.546 2.044 7.733 0.144 4.798 5.887 5.451 5.018 1.721 6.384 5.208 2.287 7.926 7.205 1.575 2.045 3.483 6.518 2.916 8.579 7.936 7.390 2.670 4.867 7.096 3.828 6.797 0.698 1.987 6.496 2.611 2.816 0.645 4.025 
3.081 9.607 2.259 8.029 5.810 5.830 6.319 3.496 9.718 2.061 6.311 7.654 5.901 7.016 0.502 8.084 7.030 4.287 9.681 9.094 3.578 1.822 5.065 8.078 3.752 10.516 9.930 9.386 4.502 6.606 9.096 5.811 8.494 1.310 3.724 8.066 3.194 4.405 1.592 6.027 
6.601 2.599 6.906 7.034 7.572 4.580 6.622 4.350 4.107 6.269 1.591 0.940 10.492 4.549 7.371 0.503 6.587 4.564 2.006 2.390 5.209 6.399 2.783 8.605 4.475 7.403 5.889 4.215 5.978 6.914 4.211 4.851 0.768 6.728 6.295 0.417 8.257 3.451 6.324 4.382 
7.707 6.146 11.532 2.851 5.528 5.178 4.546 8.721 4.212 8.741 8.320 6.985 8.423 4.155 10.545 7.477 3.791 6.823 7.368 5.909 7.334 10.594 8.114 3.971 9.860 0.525 2.119 3.871 6.246 4.351 3.761 5.092 7.553 9.510 7.041 8.280 8.488 8.221 9.431 5.084 
6.894 2.757 9.666 3.846 5.927 3.781 4.667 6.668 0.869 7.476 5.410 3.807 9.262 2.644 9.192 4.205 4.107 5.237 3.975 2.521 5.956 8.828 5.600 5.637 7.570 2.870 1.279 0.479 5.515 4.733 0.507 3.887 4.224 8.214 6.267 5.013 8.215 5.929 7.988 3.547 
4.571 4.358 7.993 1.991 3.461 1.639 2.207 5.140 3.116 5.375 5.019 4.120 6.800 0.594 7.167 4.742 1.776 3.292 5.334 3.877 3.886 7.071 4.598 3.666 6.280 3.231 2.520 2.625 3.124 2.333 2.286 1.620 4.970 6.143 3.914 5.461 5.770 4.651 6.000 1.510 
3.747 9.373 8.105 3.941 1.737 4.739 2.927 6.665 8.230 5.068 8.476 8.501 1.849 5.264 6.367 9.156 3.426 5.018 10.182 8.850 4.733 7.214 7.369 2.682 7.867 6.647 7.063 7.731 3.424 2.803 7.396 4.474 9.494 5.564 3.515 9.674 3.090 6.926 5.804 4.971 
4.683 3.043 6.285 4.910 5.326 2.325 4.369 3.308 3.392 4.697 2.070 1.471 8.333 2.417 6.166 2.119 4.371 2.615 3.376 2.518 3.357 5.532 2.065 6.394 4.060 5.807 4.500 3.217 3.827 4.667 3.035 2.596 2.475 5.318 4.263 2.667 6.308 2.468 4.988 2.127 
5.943 1.693 7.697 4.995 6.079 3.145 4.950 4.739 2.094 6.092 2.966 1.342 9.282 2.641 7.601 1.839 4.730 3.926 2.371 1.143 4.688 6.964 3.399 6.685 5.410 5.151 3.653 2.059 4.890 5.180 1.994 3.387 1.987 6.737 5.451 2.632 7.518 3.877 6.418 2.889 
6.331 3.261 9.337 3.149 5.235 3.246 3.976 6.360 1.514 6.996 5.405 3.955 8.567 2.070 8.745 4.435 3.402 4.787 4.439 2.936 5.476 8.468 5.426 4.944 7.342 2.536 1.085 1.028 4.919 4.032 0.784 3.320 4.515 7.748 5.690 5.238 7.597 5.683 7.549 3.032 
3.202 5.640 3.578 6.147 5.247 3.171 4.866 0.593 6.081 2.508 2.362 3.620 7.406 4.116 3.584 4.042 5.274 1.778 5.639 5.155 1.939 2.818 1.051 7.088 1.597 7.896 6.860 5.851 3.310 5.226 5.621 3.338 4.453 2.906 3.180 4.077 4.782 0.380 2.501 3.209 
6.983 4.336 10.351 2.877 5.389 4.058 4.187 7.419 2.419 7.814 6.653 5.214 8.621 2.892 9.602 5.680 3.482 5.692 5.554 4.087 6.318 9.451 6.602 4.549 8.466 1.301 0.345 2.052 5.516 4.133 1.942 4.059 5.741 8.580 6.318 6.486 8.067 6.805 8.428 3.893 
4.419 6.533 8.636 0.649 2.045 2.836 1.186 6.182 5.100 5.615 6.854 6.232 5.146 2.599 7.374 6.873 0.617 4.153 7.529 6.065 4.417 7.673 6.138 1.480 7.437 3.440 3.746 4.597 3.060 0.902 4.281 2.607 7.128 6.354 3.787 7.552 5.018 5.980 6.365 2.925 
6.546 4.432 5.668 8.174 8.152 5.362 7.416 3.725 5.881 5.853 1.306 2.567 10.699 5.696 6.539 2.336 7.553 4.748 3.702 4.216 5.199 5.369 2.434 9.561 3.337 8.966 7.524 5.932 6.330 7.748 5.880 5.622 2.556 6.121 6.420 1.687 8.154 3.019 5.682 5.234 
7.649 1.577 8.298 7.222 8.219 5.220 7.141 5.663 3.445 7.474 2.981 1.579 11.322 4.868 8.688 1.069 6.960 5.576 0.616 1.664 6.283 7.765 4.097 8.921 5.867 7.048 5.463 3.707 6.830 7.389 3.814 5.481 0.663 7.989 7.263 1.406 9.291 4.749 7.601 4.983 
4.007 5.493 7.907 1.242 2.381 1.762 1.124 5.265 4.232 5.032 5.713 5.075 5.712 1.454 6.834 5.719 0.643 3.258 6.435 5.001 3.667 6.953 5.060 2.632 6.492 3.504 3.287 3.734 2.537 1.196 3.399 1.571 5.982 5.798 3.338 6.392 4.967 4.962 5.736 1.808 
7.279 7.286 11.429 2.369 4.752 5.262 4.043 8.810 5.413 8.457 8.893 7.789 7.288 4.481 10.228 8.347 3.360 6.809 8.476 6.973 7.185 10.469 8.467 2.799 10.024 1.927 3.355 5.001 5.900 3.757 4.816 5.105 8.484 9.205 6.643 9.126 7.784 8.454 9.196 5.243 
3.998 3.600 3.414 5.555 1.490 5.248 3.175 1.888 4.634 3.815 0.923 3.157 3.848 2.825 2.801 6.689 3.566 6.485 2.307 7.378 5.674 4.784 6.923 2.712 6.858 1.747 4.469 1.679 7.543 6.230 3.849 5.387 7.402 1.936 1.376 7.495 7.068 7.897 4.649 4.629 4.617 4.193 5.985 2.214 0.954 3.380 7.946 1.290 5.451 3.909 6.530 5.601 0.444 5.258 4.120 2.487 1.292 3.719 1.576 1.287 6.601 0.867 4.641 6.007 5.931 4.875 6.135 6.710 1.485 3.711 5.929 5.092 2.620 6.817 2.380 6.632 5.547 7.410 5.887 6.819 4.156 5.392 2.447 6.212 2.576 3.779 5.853 4.262 6.161 6.045 5.450 5.299 4.808 3.969 3.178 5.597 5.153 6.425 5.326 3.766 
4.280 9.422 5.648 6.603 9.109 5.903 6.437 9.351 8.459 3.968 7.760 6.065 11.156 6.112 5.082 1.223 5.085 1.817 5.478 1.006 2.134 2.870 0.900 6.036 4.147 5.893 7.285 6.145 1.151 4.955 3.794 5.489 7.094 8.568 8.581 1.276 5.401 0.266 11.743 5.703 4.782 3.447 4.849 9.459 8.587 9.391 0.338 7.058 4.028 10.340 2.102 2.643 7.319 5.960 8.912 6.535 7.258 4.491 9.024 8.645 1.907 7.925 6.857 7.749 3.970 5.200 6.876 7.448 6.307 4.093 3.252 9.151 5.569 7.204 8.777 1.573 2.822 1.394 2.091 2.933 3.674 5.276 5.500 5.349 5.379 5.022 1.852 7.606 4.638 2.326 7.530 2.680 5.556 10.688 10.602 7.994 5.112 7.415 3.278 10.932 
7.239 1.359 3.505 3.280 4.389 9.255 2.749 3.852 0.839 6.595 3.553 3.135 7.043 3.223 6.144 8.665 4.081 8.791 4.524 9.340 7.871 6.585 8.202 3.365 10.173 5.016 1.965 5.471 9.560 9.878 5.956 4.078 11.497 6.270 5.555 9.574 10.768 9.302 7.963 3.531 8.244 6.230 9.617 6.032 4.578 7.677 9.305 5.653 5.275 7.937 8.999 8.206 4.810 3.611 0.356 6.726 3.354 7.017 3.808 3.682 7.356 3.635 2.463 10.352 5.563 8.672 10.312 10.948 4.199 5.357 6.083 0.704 4.000 10.998 6.710 7.600 8.257 8.191 8.186 6.846 6.885 4.253 4.275 4.763 6.109 7.443 7.330 8.683 9.708 6.825 2.411 6.433 3.730 7.797 6.356 2.158 8.914 10.683 8.267 7.197 
2.532 8.459 6.360 8.700 6.101 0.436 6.750 6.695 8.935 3.363 5.761 6.460 6.623 6.193 3.090 4.985 6.007 4.397 4.755 5.369 4.270 4.665 6.049 6.017 2.883 4.063 8.263 3.593 5.386 1.847 4.297 7.931 2.459 4.274 4.802 5.267 2.410 6.437 6.832 7.462 1.510 4.346 1.733 5.315 5.519 4.202 6.528 3.670 7.007 5.147 4.160 3.600 4.519 8.115 8.723 2.468 5.751 2.562 6.433 6.215 6.529 5.779 8.162 1.689 7.390 1.011 1.261 1.933 4.869 4.873 6.880 9.548 5.419 1.941 4.167 6.293 3.408 6.926 4.177 7.444 3.354 7.802 5.070 8.472 3.024 1.864 5.334 1.687 2.009 6.253 9.104 5.590 7.512 5.633 6.376 9.430 1.107 1.710 2.949 6.261 
3.367 6.412 5.484 7.865 3.613 3.098 5.563 4.257 7.384 3.810 3.747 5.399 3.981 5.069 2.817 6.472 5.364 6.030 3.860 7.044 5.513 5.237 7.195 4.907 5.339 2.932 7.027 2.322 7.136 4.419 4.457 7.397 4.933 1.602 2.216 7.045 5.088 7.908 4.311 6.739 3.203 4.696 4.235 2.629 3.086 1.763 7.984 1.682 6.945 2.736 5.919 5.084 2.483 7.417 6.936 1.177 3.982 3.161 4.046 3.919 7.294 3.691 7.086 3.285 7.410 3.131 3.634 4.099 3.488 4.748 7.132 7.888 4.490 4.273 1.480 7.179 4.941 7.933 5.578 7.910 4.035 7.334 4.162 8.123 2.537 2.662 6.223 1.482 4.486 6.846 7.981 6.068 6.864 3.150 3.690 8.203 3.396 3.802 4.543 3.644 
0.926 6.029 3.376 5.697 4.593 3.062 3.838 4.992 6.109 0.831 3.584 3.516 6.370 3.281 0.318 3.712 3.005 3.418 1.858 4.368 2.694 2.226 4.242 3.110 3.901 1.499 5.325 1.455 4.510 3.515 1.490 4.948 5.275 3.774 3.829 4.447 4.405 5.060 6.950 4.459 1.891 1.692 3.254 4.685 4.014 4.679 5.126 2.286 4.158 5.596 3.430 2.502 2.719 5.115 6.050 1.837 3.317 0.668 4.670 4.336 4.283 3.688 5.187 4.613 4.588 2.365 4.238 4.926 2.267 1.938 4.206 6.764 2.480 4.889 3.993 4.175 2.434 4.938 2.852 4.934 1.125 4.830 2.147 5.537 0.592 1.159 3.233 3.527 3.354 3.841 6.128 3.069 4.513 5.915 5.841 6.474 2.581 4.712 2.214 6.138 
2.197 6.784 5.097 7.496 4.383 2.061 5.351 4.971 7.418 2.775 4.072 5.111 5.202 4.810 1.978 5.268 4.853 4.800 3.429 5.817 4.339 4.226 6.068 4.636 4.121 2.592 6.866 2.032 5.900 3.259 3.558 6.874 4.164 2.679 3.125 5.805 4.002 6.719 5.568 6.298 1.945 3.739 3.054 3.732 3.797 3.014 6.799 1.950 6.207 3.990 4.674 3.861 2.809 6.974 7.122 0.758 4.121 2.032 4.707 4.491 6.270 4.077 6.836 2.898 6.646 1.919 2.900 3.498 3.341 3.976 6.275 7.995 4.103 3.585 2.673 6.118 3.710 6.849 4.377 6.989 2.944 6.779 3.751 7.525 1.772 1.440 5.146 1.480 3.290 5.867 7.767 5.110 6.387 4.410 4.852 8.050 2.196 3.223 3.299 4.880 
4.372 3.197 0.611 2.541 3.988 6.606 0.272 3.871 2.585 3.656 2.448 0.178 6.762 0.299 3.415 5.696 1.146 5.794 1.735 6.382 4.874 3.596 5.357 0.474 7.233 2.519 1.774 3.109 6.598 7.035 2.959 2.376 8.836 4.940 4.423 6.604 7.923 6.454 7.619 1.601 5.452 3.228 6.775 5.229 3.753 6.355 6.469 3.707 2.841 6.951 5.998 5.208 3.119 2.212 2.755 4.456 1.845 4.181 3.603 3.245 4.640 2.642 1.739 7.974 3.271 5.933 7.748 8.421 1.868 2.355 3.544 3.271 1.089 8.417 5.368 4.823 5.264 5.503 5.186 4.421 3.924 2.414 1.426 3.220 3.467 4.715 4.410 6.514 6.836 4.073 2.660 3.551 1.796 7.013 6.053 2.949 6.147 8.184 5.298 6.742 
3.367 9.715 6.163 7.678 8.745 4.293 6.910 9.111 9.144 3.459 7.612 6.523 10.386 6.467 4.476 1.181 5.591 0.868 5.447 0.937 1.789 3.077 2.372 6.347 2.243 5.554 8.052 5.613 0.830 3.152 3.767 6.590 5.203 7.767 7.942 0.696 3.492 2.085 10.852 6.591 3.426 3.456 3.096 8.755 8.170 8.336 2.183 6.401 5.155 9.312 0.731 1.660 6.874 7.006 9.417 5.601 7.219 3.636 8.785 8.432 3.376 7.745 7.698 6.057 5.259 3.710 5.125 5.644 6.172 4.311 4.522 9.848 5.762 5.377 7.889 3.009 1.729 3.205 1.483 4.513 3.115 6.385 5.580 6.664 4.734 3.934 2.575 6.222 2.851 3.540 8.500 3.461 6.497 9.720 9.918 8.949 3.551 5.646 2.052 10.107 
4.695 2.363 2.663 4.461 1.859 6.344 2.170 1.758 3.289 4.281 0.443 2.293 4.671 2.020 3.484 6.953 3.011 6.870 2.285 7.658 5.986 4.886 6.938 1.981 7.664 2.272 3.241 2.548 7.848 7.171 4.006 4.499 8.556 3.233 2.574 7.822 8.043 7.989 5.553 3.719 5.520 4.350 6.916 3.251 1.718 4.675 8.024 2.545 4.892 5.096 6.981 6.077 1.689 4.277 2.770 3.674 0.487 4.431 1.472 1.107 6.419 0.586 3.487 7.277 5.349 5.865 7.321 7.928 1.538 3.649 5.510 3.737 2.221 8.008 3.681 6.525 6.065 7.271 6.248 6.409 4.619 4.549 2.240 5.348 3.350 4.678 5.893 5.572 7.057 5.843 4.218 5.178 3.924 5.072 3.955 4.318 6.130 7.652 5.936 4.690 
4.370 5.903 2.236 2.670 6.629 6.833 2.941 6.623 4.604 3.536 5.078 2.657 9.247 2.865 4.134 3.891 1.867 4.268 3.178 4.447 3.495 2.389 3.055 2.885 6.440 4.053 3.407 4.610 4.678 6.676 2.613 1.558 8.823 7.026 6.703 4.733 7.472 4.114 10.035 1.802 5.476 2.561 6.448 7.591 6.273 8.286 4.099 5.514 0.113 9.063 4.581 4.141 5.284 2.015 5.189 5.718 4.469 4.347 6.330 5.953 2.084 5.274 2.948 8.576 0.554 6.032 8.034 8.723 3.923 2.135 0.766 5.275 2.782 8.609 7.391 2.380 4.290 2.887 3.811 1.594 3.571 1.347 2.968 1.683 4.370 5.067 2.478 7.581 6.391 1.625 3.582 1.629 1.630 9.241 8.570 4.047 6.138 8.558 4.565 9.154 
3.674 7.389 3.594 4.495 7.477 5.937 4.379 7.618 6.328 3.000 6.013 4.023 9.818 4.116 3.974 2.141 3.056 2.617 3.779 2.640 2.040 1.550 1.239 4.067 5.000 4.420 5.149 4.830 2.869 5.451 2.365 3.382 7.669 7.352 7.206 2.933 6.149 2.326 10.510 3.564 4.601 2.089 5.259 8.110 7.016 8.414 2.323 5.787 1.914 9.297 2.959 2.775 5.832 3.840 6.814 5.603 5.455 3.768 7.300 6.915 0.535 6.195 4.719 7.789 1.945 5.135 7.089 7.749 4.627 2.360 1.205 7.017 3.696 7.579 7.644 0.628 2.960 1.356 2.301 1.368 2.855 3.169 3.714 3.354 4.268 4.465 0.857 7.151 5.141 0.219 5.402 0.773 3.419 9.566 9.198 5.865 5.164 7.635 3.344 9.653 
6.654 6.767 7.624 9.741 3.641 6.211 7.375 4.176 8.441 6.969 4.903 7.374 1.393 7.043 5.879 9.762 7.724 9.349 6.309 10.358 8.776 8.313 10.381 6.927 8.595 5.466 8.554 4.982 10.459 7.609 7.437 9.602 7.543 2.471 2.843 10.371 8.157 11.171 1.095 8.846 6.535 7.731 7.459 2.064 3.599 1.597 11.242 4.028 9.553 0.629 9.251 8.398 4.228 9.473 7.688 4.375 5.449 6.424 4.217 4.398 10.334 4.732 8.791 5.605 10.036 6.411 6.348 6.560 5.604 7.548 9.922 8.715 6.767 6.835 2.159 10.274 8.263 11.049 8.870 10.775 7.240 9.602 6.531 10.422 5.578 5.990 9.359 4.133 7.724 9.831 9.529 9.047 9.024 0.249 1.813 9.601 6.658 6.279 7.876 1.017 
0.265 7.199 4.293 6.473 5.717 2.393 4.856 6.148 7.162 0.980 4.768 4.505 7.264 4.313 1.485 2.926 3.833 2.494 2.949 3.502 1.996 2.166 3.751 4.150 2.727 2.686 6.291 2.583 3.606 2.460 1.902 5.596 4.439 4.644 4.825 3.522 3.343 4.372 7.756 5.230 1.034 1.883 2.202 5.629 5.126 5.307 4.451 3.293 4.552 6.270 2.423 1.542 3.847 5.844 7.171 2.494 4.500 0.544 5.830 5.504 4.083 4.868 6.093 4.188 4.915 1.590 3.592 4.281 3.445 2.544 4.384 7.835 3.506 4.174 4.782 3.881 1.417 4.572 2.032 4.953 0.871 5.446 3.203 6.061 1.686 0.910 2.904 3.573 2.252 3.769 7.020 3.092 5.242 6.650 6.793 7.399 1.710 4.119 1.089 6.993 
6.471 0.654 3.636 4.533 2.545 8.138 2.887 1.968 2.479 5.997 2.117 3.202 5.145 3.086 5.271 8.514 4.148 8.501 3.913 9.217 7.594 6.405 8.328 3.146 9.448 4.060 3.101 4.352 9.420 8.975 5.595 4.990 10.336 4.562 3.825 9.407 9.847 9.415 6.065 4.266 7.323 5.922 8.719 4.196 2.829 5.916 9.437 4.257 5.821 6.094 8.644 7.764 3.387 4.618 1.595 5.430 2.231 6.213 1.963 1.918 7.660 2.117 3.538 8.985 6.216 7.670 9.087 9.677 3.283 5.128 6.557 2.602 3.634 9.772 4.987 7.828 7.769 8.523 7.877 7.421 6.327 5.110 3.777 5.802 5.150 6.482 7.333 7.232 8.857 7.089 3.911 6.523 4.488 5.926 4.459 3.809 7.935 9.395 7.675 5.303 
4.321 7.762 3.984 4.543 8.038 6.547 4.753 8.148 6.556 3.658 6.548 4.418 10.431 4.550 4.628 2.458 3.482 3.014 4.352 2.822 2.576 2.208 1.290 4.520 5.468 5.035 5.361 5.463 3.040 5.993 3.010 3.438 8.214 7.986 7.820 3.127 6.653 2.227 11.135 3.756 5.223 2.742 5.812 8.725 7.594 9.064 2.197 6.421 2.014 9.941 3.366 3.316 6.434 3.922 7.113 6.259 5.974 4.422 7.834 7.449 0.244 6.734 4.902 8.407 1.882 5.750 7.684 8.336 5.194 2.952 1.201 7.229 4.208 8.155 8.285 0.608 3.508 0.935 2.799 0.896 3.507 3.225 4.260 3.245 4.920 5.114 1.412 7.803 5.677 0.615 5.499 1.395 3.583 10.205 9.801 5.964 5.766 8.232 3.916 10.274 
2.022 7.460 5.496 7.870 5.137 1.306 5.833 5.719 7.979 2.763 4.761 5.561 5.887 5.280 2.241 4.915 5.187 4.393 3.855 5.406 4.059 4.175 5.834 5.104 3.433 3.107 7.351 2.610 5.465 2.524 3.647 7.164 3.459 3.414 3.880 5.360 3.248 6.382 6.197 6.645 1.400 3.763 2.332 4.466 4.549 3.591 6.467 2.678 6.359 4.566 4.223 3.491 3.520 7.311 7.740 1.475 4.759 1.949 5.450 5.224 6.161 4.779 7.278 2.413 6.773 1.228 2.232 2.873 3.901 4.157 6.330 8.581 4.528 2.919 3.372 5.970 3.319 6.664 4.043 6.976 2.846 7.051 4.175 7.760 2.122 1.233 4.992 1.485 2.580 5.813 8.218 5.093 6.713 5.017 5.571 8.527 1.489 2.618 2.876 5.550 
2.554 4.405 2.012 4.415 3.514 4.608 2.283 3.748 4.489 2.039 2.180 2.018 5.851 1.730 1.438 4.738 1.862 4.624 0.355 5.440 3.752 2.739 4.865 1.554 5.526 0.575 3.801 1.183 5.623 5.170 1.815 3.892 6.849 3.524 3.252 5.590 6.059 5.865 6.589 3.248 3.535 2.163 4.908 4.155 3.024 4.798 5.910 2.019 3.574 5.560 4.730 3.827 1.846 3.927 4.395 2.487 1.769 2.316 3.420 3.046 4.530 2.332 3.743 5.947 4.055 3.976 5.731 6.400 0.722 1.640 3.941 5.129 1.011 6.405 3.888 4.558 3.820 5.336 4.004 4.812 2.374 3.832 0.666 4.629 1.447 2.746 3.797 4.533 5.008 3.978 4.677 3.226 3.363 5.746 5.212 4.978 4.210 6.159 3.715 5.716 
5.125 9.383 5.595 6.091 9.486 6.987 6.371 9.648 8.178 4.653 8.042 6.028 11.736 6.142 5.734 2.320 5.075 2.954 5.788 2.237 3.020 3.323 1.253 6.099 5.361 6.360 6.980 6.707 2.378 6.127 4.244 5.006 8.293 9.205 9.128 2.505 6.612 1.138 12.385 5.375 5.787 3.919 6.004 10.026 9.007 10.153 1.051 7.654 3.626 11.075 3.271 3.658 7.789 5.497 8.744 7.293 7.491 5.297 9.327 8.943 1.563 8.221 6.515 8.852 3.428 6.247 8.011 8.605 6.637 4.362 2.811 8.845 5.734 8.374 9.459 1.433 3.850 0.702 3.081 2.194 4.410 4.797 5.742 4.691 6.036 5.905 2.257 8.563 5.807 2.135 7.068 2.783 5.196 11.386 11.140 7.532 6.189 8.556 4.308 11.545 
3.757 8.931 5.174 6.263 8.562 5.483 5.961 8.809 8.031 3.422 7.221 5.585 10.608 5.617 4.534 0.807 4.605 1.442 4.940 0.937 1.609 2.330 0.599 5.535 3.888 5.343 6.869 5.595 1.152 4.617 3.249 5.150 6.796 8.022 8.030 1.243 5.132 0.816 11.198 5.306 4.315 2.901 4.490 8.909 8.038 8.860 0.878 6.508 3.682 9.806 1.769 2.173 6.769 5.608 8.452 6.001 6.726 3.961 8.482 8.104 1.660 7.385 6.456 7.343 3.681 4.756 6.497 7.091 5.766 3.567 2.945 8.727 5.051 6.862 8.235 1.294 2.360 1.410 1.604 2.771 3.131 4.938 4.971 5.083 4.832 4.511 1.341 7.123 4.297 1.975 7.165 2.214 5.172 10.149 10.052 7.627 4.686 7.042 2.819 10.385 
3.186 3.778 2.170 4.490 2.776 5.013 2.165 2.985 4.145 2.764 1.416 2.017 5.235 1.682 1.989 5.503 2.220 5.381 0.925 6.205 4.514 3.496 5.613 1.528 6.163 0.790 3.644 1.244 6.387 5.721 2.578 4.149 7.254 3.082 2.688 6.353 6.603 6.623 6.015 3.430 4.068 2.926 5.462 3.571 2.319 4.451 6.666 1.748 4.076 5.126 5.477 4.566 1.276 4.094 3.910 2.568 1.056 2.928 2.658 2.282 5.230 1.566 3.688 6.172 4.559 4.457 6.073 6.718 0.101 2.348 4.536 4.735 1.264 6.758 3.487 5.280 4.548 6.052 4.763 5.426 3.105 4.126 1.056 4.944 1.895 3.240 4.547 4.612 5.587 4.668 4.587 3.936 3.583 5.255 4.570 4.827 4.711 6.459 4.415 5.134 
6.325 1.129 2.791 3.220 3.603 8.300 2.003 3.136 1.204 5.711 2.619 2.381 6.356 2.401 5.207 7.920 3.359 8.002 3.616 8.608 7.081 5.815 7.556 2.525 9.277 4.064 1.785 4.509 8.823 8.949 5.125 3.785 10.540 5.375 4.675 8.828 9.838 8.657 7.275 3.118 7.309 5.417 8.688 5.215 3.720 6.799 8.667 4.695 4.791 7.115 8.191 7.370 3.859 3.373 0.623 5.762 2.391 6.095 3.034 2.852 6.778 2.717 2.249 9.389 5.138 7.727 9.350 9.985 3.245 4.557 5.573 1.554 3.137 10.037 5.819 6.992 7.409 7.632 7.388 6.393 6.012 3.928 3.387 4.562 5.161 6.500 6.630 7.724 8.788 6.225 2.568 5.758 3.335 7.012 5.651 2.482 7.972 9.719 7.394 6.473 
3.862 4.737 0.958 2.472 5.316 6.307 1.725 5.306 3.737 3.027 3.763 1.392 7.963 1.561 3.292 4.375 0.556 4.587 2.002 5.029 3.694 2.401 3.866 1.570 6.399 2.925 2.612 3.519 5.254 6.420 2.116 1.642 8.440 5.825 5.451 5.278 7.277 4.968 8.768 1.241 5.004 2.246 6.171 6.327 4.974 7.141 4.974 4.365 1.351 7.870 4.843 4.182 4.040 1.840 4.155 4.747 3.152 3.758 5.012 4.635 3.085 3.959 2.265 7.919 1.822 5.543 7.505 8.197 2.666 1.461 1.985 4.438 1.504 8.130 6.211 3.290 4.285 3.945 4.022 2.875 3.185 1.535 1.743 2.296 3.472 4.431 3.002 6.722 6.172 2.526 3.123 2.095 1.238 8.018 7.279 3.549 5.702 7.998 4.438 7.885 
4.035 8.670 7.319 9.720 5.850 2.174 7.545 6.504 9.530 4.785 5.982 7.321 5.588 7.012 4.168 6.754 7.076 6.179 5.650 7.160 5.983 6.195 7.768 6.840 4.591 4.791 9.053 4.205 7.182 3.522 5.659 9.091 3.047 3.739 4.431 7.064 3.843 8.214 5.590 8.522 3.209 5.785 3.464 4.648 5.344 3.083 8.304 3.848 8.360 3.889 5.952 5.348 4.700 9.198 9.147 2.858 6.155 3.973 6.306 6.187 8.161 5.940 9.044 1.135 8.783 2.780 1.882 2.075 5.497 6.142 8.352 10.071 6.323 2.340 3.458 7.954 5.161 8.624 5.921 8.997 4.864 8.991 5.972 9.725 3.987 3.254 6.980 0.818 3.740 7.829 9.970 7.115 8.610 4.410 5.519 10.238 2.904 1.788 4.702 5.189 
5.513 3.160 1.412 1.420 4.875 7.822 1.046 4.614 1.743 4.743 3.434 1.268 7.705 1.566 4.637 6.387 1.919 6.590 2.975 7.036 5.688 4.387 5.817 1.739 8.271 3.787 0.608 4.378 7.262 8.164 3.937 1.755 10.038 6.100 5.528 7.289 9.044 6.911 8.594 1.108 6.623 4.145 7.906 6.276 4.753 7.534 6.909 4.948 2.844 8.071 6.835 6.129 4.305 1.369 2.320 5.725 2.893 5.345 4.401 4.091 4.936 3.613 0.478 9.232 3.146 7.124 8.979 9.658 3.123 3.279 3.652 2.437 2.305 9.642 6.537 5.193 6.213 5.765 6.013 4.423 4.973 1.897 2.657 2.553 4.711 5.921 5.005 7.783 7.945 4.417 1.393 4.090 1.317 8.089 6.987 1.709 7.325 9.426 6.311 7.732 
3.995 10.825 8.068 10.164 8.782 2.387 8.637 9.340 10.940 4.737 8.219 8.288 9.406 8.092 5.084 4.612 7.588 3.992 6.702 4.618 4.455 5.475 5.884 7.927 1.507 6.265 10.071 5.950 4.513 1.339 5.588 9.206 1.654 7.054 7.546 4.380 0.451 5.772 9.571 8.937 2.986 5.459 1.601 8.101 8.186 6.953 5.870 6.277 7.970 7.869 3.642 3.742 7.067 9.512 10.904 5.098 8.082 4.203 9.055 8.797 6.729 8.273 9.856 3.219 8.230 2.639 2.258 2.431 7.078 6.253 7.563 11.606 7.284 2.100 6.959 6.395 3.577 6.781 4.187 7.834 4.524 9.033 6.972 9.538 5.160 3.818 5.631 4.363 1.535 6.687 10.774 6.271 8.922 8.371 9.168 11.165 2.366 2.581 3.299 9.037 
3.177 10.117 7.003 8.928 8.487 2.730 7.650 8.973 9.964 3.741 7.666 7.280 9.586 7.131 4.388 3.037 6.478 2.431 5.836 3.025 3.005 4.158 4.311 6.978 0.276 5.598 9.001 5.427 2.926 1.336 4.461 7.915 3.127 7.055 7.414 2.793 1.409 4.181 9.896 7.733 2.521 4.264 1.427 8.103 7.887 7.277 4.279 5.975 6.598 8.244 2.078 2.354 6.655 8.262 10.047 4.911 7.419 3.439 8.665 8.360 5.195 7.754 8.733 4.234 6.815 2.479 3.250 3.671 6.365 5.118 6.119 10.653 6.338 3.376 7.060 4.850 2.225 5.200 2.708 6.316 3.458 7.729 6.064 8.166 4.549 3.324 4.147 4.844 1.152 5.203 9.620 4.867 7.691 8.709 9.237 10.036 2.218 3.723 2.088 9.254 
2.916 9.420 5.950 7.593 8.332 3.800 6.677 8.718 8.943 3.081 7.243 6.292 9.915 6.213 4.057 1.297 5.385 0.753 5.123 1.310 1.588 2.885 2.566 6.084 1.859 5.168 7.880 5.193 1.264 2.699 3.485 6.524 4.805 7.298 7.492 1.136 3.111 2.466 10.369 6.466 2.925 3.196 2.626 8.294 7.752 7.843 2.564 5.956 5.122 8.820 0.441 1.277 6.459 6.919 9.171 5.125 6.873 3.190 8.393 8.046 3.499 7.369 7.547 5.580 5.270 3.208 4.661 5.198 5.817 4.068 4.546 9.645 5.482 4.940 7.410 3.142 1.308 3.446 1.260 4.635 2.739 6.324 5.277 6.663 4.306 3.452 2.560 5.719 2.391 3.584 8.379 3.393 6.388 9.232 9.458 8.819 3.052 5.187 1.583 9.631 
2.613 4.917 3.547 5.925 2.862 3.808 3.637 3.345 5.578 2.611 2.219 3.461 4.593 3.133 1.505 5.519 3.456 5.232 1.950 6.181 4.498 3.835 5.952 2.969 5.396 1.024 5.123 0.466 6.325 4.754 2.933 5.477 6.002 2.060 2.019 6.262 5.595 6.834 5.230 4.805 3.144 3.242 4.509 2.891 2.264 3.224 6.895 0.498 5.141 4.037 5.232 4.307 1.033 5.482 5.246 1.132 2.243 2.335 3.043 2.763 5.826 2.248 5.158 4.759 5.617 3.401 4.764 5.375 1.562 3.041 5.433 6.135 2.557 5.451 2.366 5.784 4.227 6.564 4.666 6.269 2.931 5.424 2.239 6.225 1.226 2.312 4.901 3.143 4.687 5.315 6.063 4.532 4.935 4.278 4.037 6.305 3.679 5.102 3.956 4.389 
2.427 7.094 5.456 7.856 4.607 1.879 5.709 5.212 7.765 3.062 4.380 5.471 5.237 5.169 2.319 5.445 5.209 4.951 3.788 5.968 4.545 4.509 6.295 4.995 4.085 2.950 7.224 2.385 6.040 3.165 3.874 7.227 3.894 2.791 3.300 5.939 3.859 6.906 5.546 6.655 2.008 4.040 2.979 3.841 4.032 2.946 6.988 2.237 6.540 3.923 4.803 4.027 3.105 7.331 7.456 1.078 4.452 2.290 4.958 4.760 6.540 4.375 7.196 2.553 6.976 1.880 2.613 3.186 3.693 4.312 6.589 8.338 4.463 3.292 2.728 6.376 3.865 7.095 4.560 7.288 3.206 7.131 4.111 7.873 2.124 1.641 5.400 1.139 3.230 6.153 8.126 5.405 6.744 4.368 4.933 8.408 2.141 2.906 3.438 4.898 
2.581 9.148 5.729 7.446 8.007 3.512 6.443 8.400 8.723 2.778 6.936 6.059 9.574 5.967 3.732 1.373 5.170 0.750 4.841 1.540 1.425 2.696 2.642 5.834 1.736 4.856 7.679 4.866 1.531 2.478 3.233 6.392 4.634 6.958 7.155 1.411 2.970 2.674 10.028 6.297 2.594 2.959 2.381 7.955 7.425 7.505 2.771 5.621 5.017 8.481 0.400 0.991 6.133 6.773 8.925 4.784 6.578 2.856 8.076 7.732 3.513 7.059 7.361 5.316 5.194 2.894 4.415 4.974 5.519 3.836 4.482 9.424 5.223 4.728 7.069 3.167 0.994 3.542 1.100 4.637 2.438 6.197 5.007 6.572 3.976 3.111 2.495 5.399 2.162 3.542 8.208 3.279 6.229 8.892 9.118 8.643 2.750 4.949 1.243 9.290 
0.986 6.050 3.550 5.896 4.471 2.901 3.972 4.897 6.219 1.078 3.540 3.665 6.159 3.414 0.297 3.919 3.206 3.596 1.976 4.563 2.908 2.493 4.490 3.240 3.912 1.488 5.473 1.333 4.698 3.455 1.759 5.173 5.131 3.552 3.643 4.630 4.341 5.288 6.721 4.664 1.807 1.963 3.195 4.484 3.883 4.423 5.356 2.098 4.415 5.347 3.587 2.664 2.599 5.326 6.121 1.572 3.317 0.707 4.580 4.257 4.550 3.631 5.355 4.394 4.849 2.242 4.059 4.742 2.290 2.190 4.475 6.863 2.624 4.719 3.756 4.438 2.581 5.198 3.047 5.206 1.348 5.060 2.280 5.778 0.436 1.013 3.490 3.265 3.315 4.111 6.296 3.340 4.725 5.673 5.644 6.632 2.475 4.520 2.321 5.918 
4.596 8.165 4.392 4.864 8.444 6.751 5.159 8.558 6.930 3.970 6.958 4.826 10.818 4.961 4.971 2.454 3.893 3.051 4.754 2.719 2.732 2.531 1.200 4.932 5.532 5.421 5.732 5.836 2.925 6.120 3.371 3.770 8.339 8.358 8.207 3.025 6.741 1.979 11.514 4.127 5.448 3.088 5.952 9.111 7.995 9.414 1.934 6.793 2.378 10.300 3.403 3.464 6.826 4.259 7.504 6.593 6.385 4.713 8.244 7.859 0.475 7.143 5.267 8.619 2.196 5.962 7.866 8.507 5.598 3.347 1.562 7.597 4.619 8.313 8.649 0.671 3.659 0.580 2.919 1.040 3.797 3.559 4.667 3.511 5.266 5.391 1.628 8.083 5.801 1.010 5.833 1.772 3.948 10.572 10.194 6.298 5.961 8.415 4.086 10.656 
5.456 1.616 3.013 4.436 1.956 7.105 2.367 1.588 2.862 5.016 1.099 2.597 4.764 2.395 4.249 7.623 3.453 7.571 2.969 8.328 6.675 5.531 7.531 2.408 8.429 3.038 3.087 3.317 8.524 7.942 4.681 4.662 9.309 3.729 3.016 8.503 8.813 8.601 5.676 3.892 6.290 5.018 7.686 3.545 2.049 5.140 8.630 3.253 5.261 5.444 7.696 6.801 2.383 4.368 2.188 4.411 1.217 5.195 1.413 1.185 6.943 1.130 3.427 7.990 5.694 6.634 8.065 8.663 2.280 4.269 5.940 3.202 2.790 8.752 4.170 7.078 6.797 7.803 6.947 6.828 5.351 4.744 2.876 5.506 4.120 5.449 6.505 6.257 7.827 6.366 4.024 5.743 4.109 5.350 4.049 4.042 6.900 8.384 6.683 4.848 
3.364 4.191 3.409 5.691 2.090 4.589 3.325 2.544 5.041 3.248 1.476 3.229 4.126 2.890 2.191 6.149 3.453 5.910 2.036 6.829 5.129 4.327 6.469 2.747 6.195 1.277 4.732 1.054 6.985 5.560 3.395 5.391 6.759 1.840 1.519 6.931 6.399 7.406 4.854 4.665 3.949 3.729 5.316 2.423 1.505 3.214 7.461 0.686 5.274 3.885 5.937 5.008 0.227 5.323 4.615 1.844 1.640 3.085 2.239 1.957 6.229 1.476 4.839 5.420 5.757 4.205 5.501 6.090 1.344 3.355 5.674 5.551 2.499 6.186 2.244 6.229 4.943 7.011 5.324 6.547 3.584 5.370 2.251 6.187 1.946 3.114 5.402 3.715 5.493 5.690 5.702 4.923 4.824 4.033 3.506 5.895 4.484 5.810 4.701 3.982 
4.987 7.659 3.974 4.091 8.257 7.283 4.698 8.303 6.275 4.267 6.727 4.402 10.765 4.587 5.159 3.261 3.545 3.822 4.641 3.589 3.361 2.829 2.055 4.588 6.274 5.412 5.077 5.893 3.801 6.780 3.518 3.029 9.000 8.400 8.172 3.896 7.453 2.868 11.507 3.492 5.943 3.299 6.593 9.074 7.854 9.549 2.819 6.843 1.774 10.395 4.174 4.101 6.762 3.523 6.916 6.799 6.130 5.061 8.000 7.618 1.051 6.919 4.593 9.132 1.465 6.479 8.436 9.095 5.456 3.322 1.044 6.920 4.383 8.923 8.725 1.408 4.290 1.441 3.597 0.180 4.158 2.827 4.497 2.671 5.440 5.770 2.181 8.441 6.466 1.197 5.079 1.924 3.293 10.628 10.113 5.540 6.511 8.982 4.685 10.635 
5.323 3.998 4.979 6.941 0.808 6.009 4.615 1.441 5.575 5.299 2.101 4.672 2.229 4.358 4.213 8.208 5.188 7.945 3.962 8.881 7.186 6.387 8.530 4.269 7.972 3.330 5.705 3.089 9.032 7.197 5.453 6.913 7.961 1.468 0.837 8.972 7.962 9.473 3.083 6.139 5.704 5.791 6.976 0.845 0.785 2.615 9.528 2.286 7.086 2.749 7.950 7.025 1.897 6.730 4.848 3.326 2.693 5.047 1.389 1.529 8.247 1.915 5.968 6.288 7.564 5.832 6.662 7.129 3.139 5.357 7.582 5.875 4.255 7.305 1.798 8.268 6.945 9.047 7.370 8.474 5.630 6.939 4.100 7.753 3.943 4.924 7.462 4.483 7.192 7.695 6.673 6.943 6.332 2.636 1.535 6.733 6.116 6.831 6.665 2.212 
3.889 4.112 0.321 2.506 4.675 6.262 1.109 4.643 3.293 3.097 3.118 0.745 7.361 0.888 3.126 4.845 0.265 4.990 1.606 5.520 4.075 2.778 4.448 0.905 6.610 2.530 2.266 3.141 5.740 6.523 2.275 1.942 8.450 5.312 4.891 5.753 7.399 5.548 8.183 1.296 5.017 2.490 6.267 5.750 4.357 6.668 5.561 3.914 2.006 7.356 5.216 4.480 3.499 1.974 3.605 4.437 2.504 3.742 4.354 3.979 3.723 3.315 2.025 7.777 2.466 5.534 7.442 8.130 2.129 1.619 2.657 3.996 0.986 8.090 5.714 3.906 4.558 4.585 4.396 3.547 3.315 1.901 1.299 2.716 3.255 4.360 3.523 6.464 6.297 3.155 2.953 2.647 1.403 7.476 6.669 3.334 5.720 7.913 4.649 7.300 
5.290 1.664 2.595 4.005 2.334 7.063 1.930 2.016 2.558 4.795 1.204 2.173 5.161 1.990 4.103 7.321 3.055 7.298 2.707 8.025 6.393 5.217 7.179 2.018 8.269 2.901 2.677 3.252 8.226 7.832 4.394 4.219 9.287 3.965 3.277 8.211 8.712 8.257 6.067 3.449 6.179 4.724 7.574 3.875 2.350 5.396 8.283 3.318 4.838 5.758 7.438 6.558 2.464 3.926 1.995 4.430 1.086 5.037 1.818 1.547 6.560 1.302 2.999 8.043 5.266 6.551 8.064 8.680 2.102 3.944 5.529 2.971 2.452 8.752 4.411 6.706 6.565 7.421 6.674 6.413 5.123 4.302 2.576 5.063 4.003 5.345 6.166 6.346 7.701 5.984 3.628 5.382 3.667 5.691 4.444 3.674 6.810 8.406 6.477 5.228 
0.756 6.197 3.403 5.683 4.842 3.059 3.910 5.230 6.201 0.578 3.799 3.574 6.633 3.358 0.575 3.448 2.997 3.157 1.963 4.104 2.431 2.003 3.991 3.191 3.729 1.708 5.378 1.709 4.247 3.404 1.332 4.894 5.241 4.035 4.093 4.185 4.295 4.799 7.210 4.440 1.818 1.496 3.143 4.949 4.266 4.923 4.865 2.550 4.037 5.846 3.175 2.246 2.970 5.085 6.179 2.070 3.506 0.543 4.907 4.568 4.061 3.909 5.216 4.678 4.454 2.324 4.250 4.941 2.447 1.845 4.041 6.865 2.551 4.886 4.250 3.942 2.185 4.699 2.588 4.745 0.862 4.767 2.232 5.452 0.856 1.173 2.991 3.679 3.224 3.633 6.154 2.869 4.481 6.170 6.105 6.512 2.519 4.739 1.984 6.400 
