20 40 100
144 33 115 43 118 159 62 148 78 47 144 157 109 46 38 108 177 50 41 137 
394 416 398 236 321 92 57 304 278 82 416 267 293 359 184 358 181 41 413 213 76 229 156 298 207 264 178 271 394 198 178 302 293 96 51 236 99 263 391 264 
31 9 19 26 34 6 30 34 28 28 5 17 16 21 13 16 10 31 6 12 18 17 33 28 29 12 14 19 25 22 28 24 6 13 5 9 20 21 26 7 20 5 23 10 20 19 8 28 22 22 22 24 24 5 6 33 26 35 7 18 25 10 18 14 28 9 27 18 34 12 12 28 28 15 21 15 10 26 11 20 25 17 25 28 9 29 15 29 7 9 24 21 29 11 29 19 35 30 23 5 
1420.797 1428.406 1369.564 1049.062 1212.911 680.658 551.285 1222.380 1089.282 624.552 1339.257 1099.795 1126.375 1322.031 869.769 1235.482 900.153 466.712 1316.166 1019.314 599.189 1049.999 868.168 1148.526 947.881 1098.577 904.567 1085.033 1371.464 957.368 933.670 1217.445 1150.570 684.470 519.514 1022.692 663.777 1106.517 1338.793 1163.551 
8.192 3.681 6.819 2.312 6.587 5.640 2.879 7.149 1.899 8.944 2.882 8.206 7.107 7.912 1.392 3.971 5.395 8.535 2.061 7.092 3.232 3.549 3.866 5.156 1.310 3.729 8.134 4.762 3.005 4.991 4.576 7.033 8.934 1.931 6.567 3.271 5.806 9.466 7.913 1.664 
2.596 5.544 3.936 5.762 2.460 7.817 9.129 3.635 9.399 7.412 5.188 7.393 3.315 2.728 8.370 4.217 5.712 4.912 7.306 3.290 6.574 4.487 5.077 2.967 6.628 7.324 1.818 7.073 8.885 3.243 7.151 3.942 7.503 7.332 1.736 5.061 3.850 8.092 4.115 6.616 
7.729 5.818 7.483 4.283 6.299 8.803 7.369 3.314 6.558 10.837 4.240 10.352 3.453 7.608 5.936 2.642 0.780 9.261 5.820 7.308 6.247 4.184 1.509 4.815 3.866 7.137 7.238 7.771 7.378 4.948 1.131 7.656 10.876 5.734 5.666 2.292 6.543 11.503 8.403 4.755 
4.412 2.445 3.707 1.946 2.802 5.435 5.512 4.113 5.582 7.011 1.404 6.556 3.922 4.197 4.573 1.194 4.057 5.523 3.643 3.649 3.286 0.761 2.340 1.205 2.792 4.194 4.182 4.443 5.330 1.203 4.701 3.894 7.053 3.641 2.538 1.754 2.725 7.682 4.701 2.811 
9.098 7.075 8.872 5.449 7.687 10.003 8.196 4.203 7.176 12.195 5.489 11.689 4.415 8.986 6.717 4.021 1.590 10.652 6.821 8.700 7.404 5.509 2.866 6.206 4.827 8.259 8.585 8.976 8.259 6.335 0.780 9.045 12.232 6.721 7.037 3.587 7.924 12.855 9.794 5.792 
2.198 5.612 3.716 5.973 2.343 7.727 9.245 4.130 9.593 7.093 5.393 7.120 3.811 2.370 8.555 4.572 6.187 4.544 7.449 3.044 6.646 4.692 5.483 3.118 6.892 7.356 1.410 7.032 8.985 3.367 7.601 3.698 7.188 7.483 1.770 5.416 3.759 7.764 3.780 6.814 
0.550 4.946 1.851 6.069 1.927 6.008 8.526 6.565 9.309 4.462 5.528 4.633 6.245 0.554 8.276 5.705 8.088 1.835 7.001 1.317 5.877 4.947 6.842 3.527 7.207 6.299 1.333 5.613 8.196 3.548 9.197 1.688 4.565 7.079 2.511 6.444 2.642 5.104 1.230 6.747 
4.403 2.780 3.852 2.223 2.823 5.760 5.821 3.777 5.841 7.235 1.704 6.806 3.586 4.209 4.844 1.006 3.813 5.650 3.951 3.736 3.622 1.091 2.176 1.234 2.986 4.531 4.115 4.772 5.646 1.315 4.556 4.031 7.281 3.944 2.452 1.695 2.907 7.913 4.810 3.087 
9.474 4.579 7.750 4.055 7.993 5.087 1.309 9.516 0.603 8.885 4.609 8.058 9.443 9.155 1.431 6.204 7.878 9.210 2.544 8.202 3.658 5.304 6.292 6.835 3.542 3.518 9.601 4.575 1.678 6.591 7.001 7.952 8.844 2.489 8.213 5.616 6.880 9.263 8.781 3.190 
9.102 4.237 7.279 4.097 7.700 4.257 0.569 9.753 1.419 8.101 4.596 7.262 9.650 8.772 1.706 6.381 8.338 8.626 2.365 7.787 3.234 5.259 6.637 6.692 3.854 2.878 9.303 3.863 0.923 6.422 7.614 7.473 8.053 2.358 8.020 5.894 6.487 8.442 8.268 3.261 
1.601 3.500 1.599 4.307 0.038 5.420 7.179 5.116 7.746 5.237 3.739 5.091 4.812 1.374 6.699 3.802 6.293 3.063 5.485 1.100 4.520 3.109 4.949 1.621 5.402 5.143 1.572 4.740 6.888 1.671 7.317 1.667 5.315 5.542 0.884 4.535 1.454 5.934 2.181 5.056 
6.423 1.559 4.646 2.074 5.021 2.778 2.122 7.685 2.991 6.124 2.351 5.355 7.525 6.095 2.062 4.350 6.871 6.126 0.839 5.120 0.556 2.881 4.986 4.117 2.635 0.880 6.621 1.871 1.835 3.826 6.679 4.847 6.105 0.967 5.385 4.149 3.810 6.611 5.675 1.633 
7.478 3.102 5.510 3.973 6.311 1.911 1.924 9.543 3.468 5.775 4.233 4.930 9.369 7.136 3.003 6.238 8.761 6.584 2.411 6.117 2.167 4.706 6.882 5.735 4.403 1.279 7.835 1.765 1.570 5.422 8.480 5.676 5.721 2.518 6.850 6.047 4.938 6.091 6.372 3.443 
7.572 6.091 7.493 4.653 6.218 9.110 7.879 2.755 7.131 10.940 4.540 10.497 2.923 7.478 6.469 2.755 0.164 9.233 6.269 7.261 6.602 4.391 1.755 4.812 4.357 7.509 7.032 8.079 7.869 4.982 1.611 7.654 10.986 6.191 5.520 2.593 6.598 11.617 8.362 5.197 
7.657 6.816 7.845 5.505 6.451 9.852 8.848 2.134 8.150 11.399 5.319 11.017 2.384 7.608 7.461 3.391 0.882 9.507 7.187 7.530 7.417 5.068 2.599 5.201 5.323 8.337 7.041 8.829 8.821 5.417 2.452 7.987 11.453 7.116 5.665 3.431 7.030 12.087 8.626 6.114 
7.214 2.576 5.306 3.255 5.938 2.283 1.560 8.884 2.961 6.051 3.551 5.223 8.721 6.876 2.351 5.549 8.026 6.556 1.661 5.866 1.567 4.068 6.155 5.210 3.652 0.851 7.505 1.769 1.183 4.906 7.729 5.489 6.010 1.768 6.403 5.323 4.618 6.435 6.246 2.696 
4.903 5.852 3.812 7.579 5.341 4.417 8.140 10.468 9.488 0.558 7.271 1.406 10.166 4.710 8.664 8.499 11.317 2.550 7.446 4.269 6.196 7.050 9.642 6.434 8.694 5.953 5.683 4.862 7.762 6.238 11.967 3.700 0.637 7.569 6.235 8.963 4.618 0.787 3.313 7.829 
8.548 4.748 7.538 3.030 6.926 7.200 4.699 6.123 3.567 10.174 3.430 9.503 6.155 8.317 3.212 3.505 3.940 9.347 3.666 7.655 4.627 3.901 2.878 5.346 1.912 5.304 8.323 6.244 4.820 5.284 2.838 7.747 10.180 3.544 6.665 2.662 6.491 10.753 8.616 2.863 
4.740 0.397 2.979 2.147 3.384 2.726 3.796 6.797 4.604 5.034 1.967 4.382 6.585 4.411 3.601 3.752 6.578 4.557 2.300 3.434 1.130 2.076 4.701 2.747 3.233 1.749 4.967 1.734 3.485 2.430 6.809 3.184 5.041 2.395 3.851 3.893 2.125 5.621 4.033 2.391 
5.002 5.822 5.669 5.214 4.115 8.681 8.857 1.034 8.668 9.323 4.763 9.106 0.717 5.021 7.745 2.962 3.224 7.102 6.999 5.193 6.714 4.189 3.250 3.407 5.656 7.613 4.306 7.747 8.709 3.713 4.824 5.761 9.396 6.977 3.224 3.645 5.107 10.021 6.230 6.047 
6.925 0.558 4.223 2.539 8.901 6.841 0.916 2.428 8.151 3.215 5.576 1.988 2.996 1.223 2.968 8.832 6.296 6.692 3.325 0.355 8.760 2.046 6.271 5.850 2.023 9.248 1.847 8.154 5.270 9.295 8.823 9.135 5.622 6.443 3.502 8.751 1.705 8.092 4.805 2.318 8.898 6.487 8.306 4.041 6.193 4.998 6.524 9.329 5.315 4.216 4.802 5.503 5.287 8.973 6.275 8.029 2.438 9.278 5.600 6.021 3.253 6.317 3.846 5.620 2.299 7.302 3.274 5.729 5.503 6.074 5.924 4.712 2.732 2.972 3.321 1.597 3.945 6.997 6.751 1.219 2.852 5.167 4.293 3.023 4.119 7.509 4.440 5.407 7.529 5.602 8.824 5.656 8.635 3.565 6.966 4.034 4.268 5.815 2.502 7.218 
3.699 5.330 8.217 4.611 4.369 3.054 5.797 2.790 3.258 4.369 4.926 4.653 1.981 5.244 4.558 5.123 2.237 2.620 3.153 5.152 5.535 3.960 3.020 5.955 4.800 4.405 3.488 3.430 5.990 7.304 4.770 6.756 1.683 3.869 7.513 3.919 3.554 3.857 5.727 2.646 4.016 2.632 5.554 7.851 1.409 1.070 4.286 7.602 1.059 2.041 5.669 6.143 1.668 7.161 5.668 3.187 3.969 6.979 2.208 5.163 3.744 5.134 2.794 1.848 4.636 2.885 7.626 5.769 3.455 5.651 3.768 0.237 4.358 6.313 5.718 5.736 2.137 5.942 3.256 4.902 4.885 1.686 0.794 2.239 1.687 2.819 2.266 6.627 3.480 4.398 4.173 2.911 4.493 3.210 5.023 1.148 8.204 1.436 6.486 4.614 
6.086 2.283 6.108 3.377 7.525 5.764 2.791 1.860 6.390 1.925 5.671 1.514 1.256 2.027 1.887 7.872 5.070 4.705 3.119 2.352 8.012 0.871 5.369 6.296 1.660 7.629 1.918 6.644 5.921 9.089 7.700 8.762 3.658 5.831 5.371 6.902 1.826 6.862 5.494 0.693 7.104 4.487 7.741 5.863 4.623 3.089 6.057 9.234 3.423 2.207 3.661 6.144 4.119 8.829 6.460 6.413 1.114 8.943 4.567 6.077 1.611 6.266 1.874 3.638 3.223 5.344 5.236 6.136 3.555 6.318 5.428 3.010 3.364 4.548 4.497 3.402 3.131 7.055 5.789 2.683 3.753 4.030 2.504 2.142 3.079 5.612 3.649 6.285 6.371 5.464 7.370 3.653 7.464 1.688 6.656 2.695 6.136 4.424 4.315 6.655 
1.996 6.389 8.474 4.798 3.020 1.304 6.795 3.478 3.047 6.012 3.946 6.098 3.368 6.498 6.164 3.395 0.498 3.826 3.154 6.063 3.786 5.418 1.387 5.063 6.246 3.587 4.154 2.377 5.314 5.676 3.120 5.077 3.194 2.345 7.833 3.942 4.268 2.269 5.175 3.922 3.801 3.960 3.851 8.057 1.072 2.755 2.817 6.017 2.619 3.787 7.397 5.412 0.656 5.575 4.565 2.467 5.505 5.306 0.808 4.054 5.405 3.910 4.519 3.386 4.910 3.759 8.090 4.883 5.157 4.617 2.439 1.966 4.478 6.521 5.704 6.319 2.100 4.650 1.527 5.533 4.962 0.792 2.487 2.866 1.791 3.355 1.797 6.029 1.794 3.318 2.969 4.555 2.873 4.909 3.553 1.911 8.435 0.375 6.904 2.991 
5.317 2.165 4.906 1.805 7.294 5.215 2.530 0.803 6.708 3.458 4.291 2.665 1.824 2.513 3.358 7.215 4.679 5.602 1.822 1.787 7.176 2.255 4.652 4.798 2.779 7.711 0.359 6.584 4.372 7.894 7.196 7.664 4.498 4.876 4.175 7.379 0.248 6.469 3.935 1.315 7.473 5.454 6.766 4.594 4.668 3.797 5.000 7.980 4.075 3.347 5.198 4.598 3.669 7.598 5.053 6.501 2.606 7.823 3.973 4.720 3.189 4.964 3.288 4.542 1.669 6.116 4.201 4.647 4.940 4.886 4.383 3.311 1.788 3.149 2.950 2.294 2.319 5.709 5.128 1.461 2.181 3.547 2.992 1.410 2.499 6.215 2.820 4.710 5.903 4.195 7.233 4.888 7.009 3.211 5.503 2.482 4.912 4.233 3.114 5.671 
6.544 6.451 10.255 7.010 6.160 5.761 6.961 5.041 3.858 3.925 7.934 4.958 3.575 5.953 4.259 7.589 4.960 1.150 5.874 6.575 8.206 4.422 5.932 8.926 5.067 5.408 5.586 5.055 8.876 10.231 7.034 9.623 1.372 6.847 9.518 3.810 5.580 6.102 8.561 4.101 4.246 0.828 8.387 9.967 3.664 2.000 7.287 10.563 1.988 2.051 4.257 9.049 4.666 10.121 8.691 4.500 4.156 9.855 5.183 8.190 3.414 8.170 2.446 1.192 6.952 1.887 9.441 8.740 1.231 8.662 6.794 2.936 6.843 8.530 8.188 7.565 5.031 8.977 6.061 6.779 7.350 4.703 2.775 4.716 4.615 2.547 5.263 9.457 5.951 7.427 5.792 0.630 6.720 2.856 8.029 3.960 10.271 4.182 8.451 7.541 
4.970 8.933 11.836 8.171 3.052 4.100 9.418 6.455 0.628 7.261 7.552 7.950 5.549 8.726 7.546 5.039 3.670 2.642 6.585 8.808 5.923 7.284 4.720 8.676 8.088 1.797 7.159 2.145 8.957 8.399 4.294 7.644 3.245 5.667 11.147 0.304 7.230 3.563 8.815 6.231 0.464 2.972 6.450 11.450 2.696 3.640 6.154 8.848 3.300 4.779 7.971 9.051 4.221 8.434 8.106 1.551 7.168 7.882 4.438 7.607 6.648 7.400 5.544 3.360 8.230 1.900 11.292 8.500 4.975 8.190 5.947 3.838 7.884 9.902 9.198 9.410 5.483 8.050 4.517 8.577 8.400 4.344 4.246 5.876 5.058 1.258 5.341 9.672 3.798 6.908 2.602 4.264 3.994 6.033 6.816 4.741 11.813 3.402 10.139 6.025 
4.724 6.513 5.043 3.507 7.627 5.429 6.520 4.890 8.726 8.582 1.794 7.730 6.314 7.248 8.486 6.143 5.678 9.169 3.729 5.874 5.426 7.383 4.693 0.672 7.824 8.851 4.772 7.643 0.767 4.308 6.672 4.609 8.211 3.882 4.833 9.643 4.887 6.577 1.229 6.194 9.443 9.185 4.583 4.606 6.760 7.508 3.472 4.083 7.598 7.788 10.323 0.535 5.227 3.907 1.457 7.987 7.734 4.616 4.914 1.840 8.258 2.184 8.074 8.353 3.739 9.322 5.467 0.842 9.519 1.263 3.451 6.598 3.385 3.813 2.897 4.944 4.465 2.067 5.033 4.838 3.181 5.128 6.726 4.937 4.891 9.030 4.295 0.939 6.019 2.445 7.866 9.204 6.714 8.152 3.138 5.536 4.938 6.016 4.658 4.003 
4.320 9.685 12.113 8.433 1.741 3.557 10.141 6.952 1.391 8.422 7.205 8.946 6.345 9.604 8.677 3.849 3.452 4.095 6.791 9.465 4.804 8.259 4.303 8.314 9.090 0.235 7.656 1.347 8.722 7.360 3.066 6.572 4.466 5.128 11.466 1.731 7.752 2.577 8.661 7.012 1.200 4.417 5.465 11.697 3.044 4.673 5.584 7.842 4.340 5.900 9.313 8.777 4.294 7.457 7.632 1.212 8.205 6.803 4.316 7.168 7.792 6.892 6.702 4.618 8.536 3.408 11.699 8.153 6.385 7.760 5.536 4.575 8.116 10.160 9.339 9.884 5.717 7.427 3.958 9.072 8.603 4.429 5.080 6.339 5.354 2.706 5.437 9.458 3.021 6.552 1.315 5.661 2.811 7.186 6.147 5.229 12.075 3.547 10.518 5.280 
9.037 4.812 9.096 6.989 9.572 8.470 5.218 5.463 7.580 1.785 9.238 2.976 4.243 3.982 1.987 10.550 7.661 4.968 6.703 5.286 10.929 3.030 8.320 9.932 2.968 9.101 5.567 8.503 9.575 12.421 10.167 11.985 4.529 9.008 8.404 7.656 5.467 9.235 9.147 4.161 8.063 4.638 10.848 8.965 6.675 4.557 9.328 12.630 4.826 3.388 0.426 9.797 6.937 12.205 10.037 8.045 2.641 12.189 7.472 9.620 2.074 9.762 2.659 4.361 6.812 5.734 8.058 9.768 2.638 9.913 8.718 5.204 7.006 7.902 8.051 6.551 6.440 10.575 8.633 6.040 7.364 6.898 4.687 5.583 6.221 6.344 6.901 9.928 8.902 8.950 9.274 3.337 9.876 2.343 10.002 5.619 9.155 6.863 7.447 9.819 
2.153 5.837 7.902 4.222 3.587 1.656 6.234 2.908 3.540 5.632 3.597 5.629 2.923 5.977 5.761 3.776 0.978 3.972 2.581 5.495 4.048 4.959 1.448 4.694 5.776 4.164 3.577 2.959 4.881 5.718 3.587 5.179 3.200 2.286 7.256 4.409 3.693 2.784 4.709 3.433 4.308 4.061 3.991 7.489 1.441 2.653 2.716 6.018 2.588 3.546 7.090 4.995 0.110 5.576 4.273 3.024 5.074 5.399 0.622 3.759 5.042 3.668 4.227 3.381 4.331 4.013 7.508 4.510 5.040 4.297 2.237 1.761 3.905 5.949 5.150 5.736 1.517 4.449 1.752 4.951 4.395 0.228 2.215 2.301 1.215 3.693 1.243 5.581 2.259 3.001 3.549 4.492 3.362 4.583 3.457 1.422 7.866 0.715 6.323 3.029 
8.445 5.025 9.286 6.871 8.818 7.833 5.475 5.189 6.765 1.879 8.881 3.181 3.837 4.253 2.181 9.884 7.015 4.130 6.390 5.422 10.311 3.045 7.739 9.646 3.213 8.295 5.399 7.738 9.350 11.917 9.467 11.444 3.747 8.478 8.573 6.817 5.316 8.530 8.940 3.887 7.231 3.800 10.280 9.116 5.963 3.846 8.826 12.152 4.091 2.749 1.258 9.564 6.352 11.721 9.682 7.261 2.646 11.655 6.895 9.243 1.895 9.354 2.119 3.571 6.716 4.893 8.287 9.475 1.796 9.576 8.230 4.566 6.846 7.946 7.984 6.657 6.001 10.175 8.022 6.063 7.247 6.326 4.078 5.220 5.737 5.513 6.431 9.757 8.226 8.544 8.507 2.504 9.170 1.934 9.521 5.102 9.336 6.207 7.572 9.277 
4.702 6.191 4.795 3.189 7.607 5.371 6.198 4.607 8.616 8.281 1.720 7.417 6.046 6.927 8.181 6.196 5.575 8.973 3.467 5.551 5.515 7.077 4.621 0.672 7.510 8.796 4.470 7.577 0.453 4.531 6.696 4.790 8.000 3.854 4.559 9.527 4.582 6.555 0.910 5.908 9.343 8.980 4.687 4.353 6.618 7.289 3.470 4.330 7.391 7.535 10.022 0.230 5.076 4.132 1.534 7.900 7.431 4.811 4.789 1.845 7.966 2.220 7.803 8.137 3.419 9.148 5.183 0.792 9.265 1.308 3.390 6.389 3.073 3.509 2.580 4.624 4.246 2.220 4.984 4.516 2.860 4.971 6.497 4.676 4.680 8.876 4.105 0.722 5.985 2.371 7.831 8.965 6.722 7.870 3.201 5.315 4.694 5.875 4.352 4.042 
6.711 0.785 4.516 2.548 8.622 6.595 1.222 2.182 7.827 2.969 5.497 1.797 2.661 1.214 2.743 8.608 6.028 6.350 3.162 0.679 8.566 1.767 6.045 5.835 1.853 8.940 1.658 7.857 5.289 9.187 8.576 9.000 5.281 6.259 3.788 8.418 1.512 7.829 4.827 1.982 8.571 6.146 8.137 4.315 5.886 4.659 6.362 9.239 4.978 3.876 4.600 5.523 5.021 8.873 6.217 7.720 2.164 9.149 5.353 5.939 2.964 6.220 3.517 5.278 2.319 6.961 3.590 5.707 5.181 6.025 5.754 4.388 2.703 3.173 3.426 1.848 3.708 6.923 6.519 1.335 2.885 4.904 3.961 2.760 3.857 7.172 4.213 5.472 7.274 5.484 8.535 5.322 8.382 3.249 6.831 3.739 4.556 5.526 2.766 7.046 
3.578 8.649 11.087 7.403 1.660 2.741 9.101 5.905 0.930 7.496 6.334 7.958 5.324 8.586 7.736 3.558 2.492 3.460 5.765 8.421 4.435 7.267 3.437 7.455 8.103 1.063 6.609 0.658 7.815 6.918 2.826 6.159 3.629 4.332 10.433 1.766 6.704 2.075 7.726 5.985 1.389 3.759 4.973 10.675 1.999 3.738 4.808 7.373 3.416 4.979 8.485 7.884 3.274 6.963 6.820 0.165 7.232 6.397 3.341 6.337 6.862 6.093 5.788 3.798 7.502 2.884 10.659 7.287 5.644 6.928 4.682 3.558 7.090 9.134 8.331 8.838 4.683 6.692 3.158 8.025 7.582 3.409 4.077 5.292 4.313 2.176 4.423 8.546 2.345 5.681 1.242 4.920 2.520 6.266 5.432 4.183 11.051 2.510 9.479 4.607 
1.813 5.887 6.772 3.359 4.557 2.218 6.156 3.094 5.347 6.685 1.606 6.296 3.965 6.300 6.719 3.704 2.308 5.959 2.005 5.377 3.459 5.722 1.442 2.723 6.429 5.597 3.499 4.361 3.026 4.242 3.933 3.911 5.112 1.135 6.231 6.261 3.646 3.523 2.957 4.194 6.075 6.025 2.980 6.324 3.393 4.479 1.215 4.426 4.487 5.103 8.328 3.101 1.897 4.005 2.268 4.643 5.957 4.087 1.532 1.755 6.185 1.704 5.625 5.279 3.558 6.019 6.636 2.545 6.758 2.292 0.596 3.539 3.022 4.888 3.910 5.156 1.768 2.518 1.896 4.535 3.363 1.819 3.833 2.716 2.011 5.675 1.313 3.758 2.911 0.995 4.707 6.298 3.856 5.866 1.808 2.670 6.710 2.649 5.479 1.889 
3.072 8.166 7.620 5.193 5.693 3.950 8.315 5.737 7.415 9.469 2.051 8.931 6.806 8.741 9.469 3.845 4.537 8.623 4.494 7.570 2.972 8.421 3.445 2.261 9.054 7.115 5.949 6.037 3.044 1.744 4.517 1.930 7.882 2.466 7.311 8.342 6.092 4.722 3.382 6.956 8.021 8.735 2.102 7.169 5.857 7.296 1.989 1.706 7.265 7.978 11.149 2.900 4.587 1.376 1.471 6.527 8.697 1.952 4.085 1.605 9.003 1.326 8.495 8.060 5.439 8.552 7.891 2.256 9.619 1.722 2.462 6.364 4.930 6.122 5.090 6.949 4.614 0.681 3.538 6.578 4.995 4.550 6.696 5.484 4.886 8.084 4.187 3.582 4.300 2.120 6.031 9.132 4.649 8.719 1.256 5.545 7.523 5.174 6.917 2.027 
7.913 2.166 6.449 4.653 9.232 7.572 2.575 3.587 7.837 1.099 7.342 0.401 3.002 1.340 0.761 9.686 6.855 5.727 4.820 2.669 9.840 0.962 7.195 7.842 0.333 9.189 3.416 8.294 7.366 10.866 9.488 10.566 4.840 7.651 5.759 8.214 3.284 8.629 6.913 2.520 8.492 5.446 9.563 6.324 6.278 4.456 7.863 10.987 4.797 3.288 2.456 7.597 5.927 10.591 8.111 7.996 0.910 10.742 6.387 7.765 1.518 7.988 2.569 4.755 4.442 6.459 5.413 7.697 3.895 7.945 7.234 4.637 4.746 5.328 5.603 3.940 4.951 8.753 7.610 3.518 5.011 5.843 4.088 3.952 4.906 6.871 5.472 7.611 8.159 7.200 9.042 4.303 9.242 2.101 8.441 4.497 6.509 6.170 4.820 8.474 
3.398 7.382 10.021 6.342 2.630 2.518 7.844 4.715 1.313 6.211 5.737 6.656 4.035 7.294 6.445 4.051 1.910 2.568 4.736 7.181 4.764 5.966 3.003 6.857 6.801 2.359 5.424 1.548 7.106 7.038 3.457 6.344 2.452 3.982 9.345 2.161 5.509 2.535 6.952 4.702 2.092 2.812 5.102 9.625 0.835 2.462 4.471 7.441 2.152 3.705 7.266 7.207 2.353 7.008 6.334 1.156 5.931 6.582 2.602 5.827 5.577 5.654 4.515 2.638 6.415 2.225 9.526 6.678 4.529 6.399 4.183 2.265 6.046 8.077 7.344 7.671 3.634 6.354 2.909 6.846 6.557 2.475 2.777 4.114 3.221 1.665 3.473 7.815 2.479 5.104 2.320 3.821 3.141 4.987 5.176 2.982 9.994 1.534 8.358 4.471 
6.122 1.715 5.414 2.812 7.803 5.897 2.204 1.640 6.860 2.400 5.363 1.592 1.671 1.689 2.276 7.970 5.263 5.331 2.847 1.686 8.026 1.172 5.423 5.889 1.715 8.025 1.450 6.982 5.453 8.911 7.866 8.641 4.261 5.774 4.677 7.425 1.328 7.070 5.010 0.990 7.594 5.128 7.683 5.171 4.981 3.647 5.948 9.019 3.969 2.866 4.132 5.681 4.273 8.628 6.133 6.804 1.541 8.810 4.666 5.787 2.210 6.014 2.568 4.258 2.634 5.942 4.548 5.738 4.248 5.971 5.322 3.429 2.847 3.875 3.887 2.709 3.102 6.775 5.872 2.000 3.186 4.168 2.974 2.095 3.150 6.165 3.626 5.761 6.544 5.230 7.684 4.338 7.649 2.366 6.497 2.904 5.443 4.689 3.621 6.588 
3.933 6.277 9.251 5.635 3.856 3.138 6.757 3.823 2.300 4.940 5.679 5.425 2.893 6.118 5.178 5.015 2.343 1.873 4.139 6.139 5.591 4.740 3.353 6.754 5.569 3.597 4.519 2.805 6.863 7.630 4.523 7.007 1.312 4.302 8.547 2.898 4.582 3.582 6.633 3.575 3.031 1.995 5.768 8.883 1.050 1.191 4.765 7.980 0.892 2.434 6.015 7.000 2.214 7.538 6.375 2.420 4.683 7.240 2.673 5.862 4.307 5.775 3.243 1.509 5.666 1.946 8.657 6.568 3.389 6.389 4.331 1.171 5.374 7.343 6.728 6.763 3.078 6.550 3.446 5.928 5.901 2.288 1.594 3.272 2.626 1.793 3.103 7.527 3.358 5.100 3.576 2.718 4.218 3.715 5.505 2.164 9.237 1.590 7.520 4.953 
2.423 5.234 7.202 3.521 4.247 2.149 5.611 2.278 4.204 5.323 3.170 5.179 2.562 5.434 5.415 4.219 1.615 4.341 1.880 4.859 4.353 4.533 1.701 4.223 5.323 4.865 2.921 3.658 4.329 5.737 4.128 5.278 3.447 2.302 6.555 5.051 3.044 3.389 4.118 2.976 4.978 4.382 4.158 6.790 2.068 2.803 2.649 5.985 2.822 3.479 6.873 4.462 0.627 5.550 3.905 3.722 4.692 5.483 0.912 3.400 4.766 3.380 4.070 3.610 3.630 4.485 6.809 4.036 5.097 3.892 2.074 1.863 3.205 5.249 4.462 5.048 0.822 4.194 2.125 4.272 3.698 0.492 2.176 1.692 0.604 4.241 0.582 5.005 2.824 2.635 4.232 4.623 3.931 4.368 3.361 1.088 7.166 1.389 5.623 3.113 
1.426 7.004 7.463 4.312 4.319 2.212 7.247 4.260 5.662 7.843 1.641 7.465 5.107 7.449 7.884 2.971 2.682 6.724 3.129 6.471 2.494 6.891 1.588 2.651 7.599 5.588 4.636 4.414 3.216 3.090 3.401 2.741 5.984 0.623 6.993 6.593 4.783 3.272 3.316 5.360 6.321 6.833 1.879 7.005 3.976 5.413 0.164 3.310 5.370 6.157 9.469 3.205 2.690 2.878 1.901 4.830 7.124 2.917 2.183 1.469 7.331 1.156 6.725 6.164 4.533 6.670 7.464 2.514 7.761 2.052 0.615 4.487 3.989 5.675 4.644 6.135 2.921 1.766 1.796 5.580 4.243 2.658 4.850 3.885 3.113 6.229 2.434 3.940 2.731 1.094 4.571 7.252 3.416 6.990 0.684 3.742 7.388 3.279 6.349 0.859 
3.719 3.756 5.680 2.007 5.850 3.669 4.087 0.870 5.651 4.570 3.038 4.079 2.032 4.094 4.565 5.626 3.219 5.179 0.578 3.317 5.576 3.528 3.066 3.811 4.210 6.445 1.367 5.254 3.621 6.421 5.642 6.132 4.121 3.285 5.007 6.433 1.504 4.963 3.274 2.059 6.431 5.123 5.186 5.287 3.511 3.384 3.439 6.554 3.557 3.494 6.271 3.813 2.233 6.152 3.838 5.273 3.794 6.303 2.442 3.423 4.132 3.591 3.795 4.230 2.074 5.520 5.222 3.635 5.225 3.723 2.814 2.588 1.729 3.738 3.080 3.440 0.788 4.389 3.550 2.667 2.254 2.100 2.544 0.642 1.127 5.440 1.240 4.163 4.377 2.785 5.840 4.948 5.472 3.923 3.996 1.492 5.654 2.930 4.041 4.090 
1.448 7.513 9.302 5.682 1.974 0.575 7.902 4.570 2.898 7.170 4.188 7.272 4.543 7.655 7.330 2.293 0.703 4.472 4.058 7.155 2.841 6.593 1.285 5.302 7.420 2.900 5.219 1.672 5.704 5.045 1.949 4.355 4.064 2.162 8.698 3.827 5.342 1.104 5.656 5.092 3.537 4.671 3.112 8.868 1.705 3.757 2.642 5.451 3.558 4.877 8.512 5.758 1.707 5.019 4.650 2.046 6.677 4.594 1.466 4.171 6.557 3.921 5.636 4.261 5.825 4.212 9.012 5.138 6.117 4.762 2.523 3.072 5.348 7.363 6.467 7.312 3.102 4.533 0.994 6.556 5.794 1.826 3.615 3.971 2.875 3.652 2.689 6.441 0.637 3.535 2.038 5.467 1.698 6.044 3.290 3.078 9.253 1.412 7.826 2.515 
4.784 6.720 9.962 6.407 4.266 3.953 7.218 4.520 2.166 4.951 6.605 5.640 3.374 6.451 5.230 5.692 3.192 0.974 4.976 6.660 6.346 4.983 4.240 7.676 5.776 3.667 5.192 3.164 7.768 8.483 5.123 7.836 0.938 5.202 9.245 2.471 5.236 4.194 7.525 4.046 2.755 1.162 6.591 9.612 1.850 1.371 5.671 8.849 1.048 2.460 5.777 7.910 3.141 8.408 7.302 2.641 4.853 8.071 3.591 6.790 4.333 6.700 3.229 1.081 6.417 1.062 9.306 7.490 2.906 7.316 5.252 1.877 6.166 8.087 7.531 7.399 3.947 7.472 4.290 6.567 6.694 3.215 2.114 4.016 3.494 1.154 4.011 8.423 4.071 6.028 3.916 2.185 4.808 3.719 6.410 2.967 9.955 2.487 8.199 5.825 
6.658 1.188 3.567 1.894 8.836 6.673 1.244 2.367 8.315 3.960 5.021 2.766 3.305 1.989 3.731 8.582 6.206 7.086 2.987 0.547 8.427 2.754 6.045 5.192 2.807 9.310 1.677 8.167 4.573 8.774 8.641 8.668 5.993 6.102 2.832 8.976 1.567 7.967 4.108 2.670 9.079 6.908 7.912 3.342 6.273 5.323 6.129 8.774 5.620 4.686 5.578 4.806 5.202 8.436 5.679 8.102 3.153 8.797 5.448 5.467 3.943 5.790 4.418 6.014 1.646 7.647 2.709 5.084 6.096 5.465 5.554 4.907 2.141 2.190 2.555 0.868 3.787 6.426 6.537 0.500 2.164 5.075 4.553 2.983 4.039 7.788 4.240 4.663 7.382 5.119 8.798 6.182 8.476 4.190 6.508 4.085 3.599 5.815 1.788 6.842 
5.522 6.049 9.609 6.218 5.332 4.753 6.558 4.255 3.245 3.958 6.937 4.776 2.882 5.673 4.258 6.632 3.945 0.937 4.971 6.080 7.215 4.157 4.903 7.947 4.903 4.761 4.859 4.236 7.932 9.203 6.114 8.603 0.340 5.815 8.876 3.432 4.874 5.175 7.635 3.493 3.780 0.751 7.370 9.292 2.675 1.029 6.256 9.533 0.961 1.592 4.687 8.098 3.635 9.090 7.684 3.732 3.971 8.833 4.151 7.181 3.363 7.150 2.269 0.178 6.185 1.626 8.861 7.761 1.823 7.663 5.765 1.938 6.022 7.811 7.384 6.959 4.069 7.954 5.042 6.145 6.541 3.674 1.864 3.860 3.640 2.080 4.267 8.535 4.980 6.416 4.996 1.116 5.804 2.750 6.997 3.003 9.615 3.158 7.813 6.512 
4.962 8.607 11.583 7.931 3.253 4.082 9.096 6.179 0.693 6.890 7.446 7.594 5.226 8.383 7.177 5.173 3.586 2.266 6.365 8.497 6.028 6.932 4.660 8.567 7.730 2.102 6.880 2.273 8.818 8.467 4.448 7.725 2.875 5.624 10.888 0.532 6.947 3.668 8.659 5.908 0.841 2.596 6.514 11.203 2.512 3.293 6.113 8.904 2.954 4.415 7.592 8.921 4.057 8.484 8.027 1.649 6.809 7.964 4.314 7.523 6.279 7.334 5.175 2.987 7.982 1.532 11.017 8.389 4.598 8.100 5.869 3.539 7.651 9.657 8.978 9.128 5.267 8.007 4.495 8.294 8.171 4.175 3.925 5.611 4.833 0.879 5.156 9.526 3.845 6.809 2.811 3.886 4.141 5.664 6.793 4.481 11.564 3.240 9.872 6.028 
3.695 3.809 5.948 2.291 5.692 3.570 4.170 0.852 5.386 4.392 3.271 3.982 1.774 4.082 4.407 5.578 3.062 4.861 0.890 3.413 5.585 3.400 3.015 4.086 4.119 6.226 1.472 5.051 3.922 6.553 5.551 6.230 3.802 3.329 5.265 6.154 1.595 4.836 3.584 1.883 6.166 4.804 5.241 5.562 3.256 3.065 3.526 6.708 3.239 3.199 6.072 4.111 2.058 6.298 4.072 5.042 3.641 6.408 2.330 3.639 3.927 3.781 3.532 3.911 2.342 5.208 5.455 3.908 4.929 3.969 2.897 2.274 2.027 4.015 3.385 3.639 0.676 4.591 3.486 2.842 2.554 1.930 2.226 0.404 0.904 5.140 1.189 4.475 4.263 2.970 5.661 4.639 5.366 3.684 4.119 1.186 5.925 2.709 4.280 4.147 
2.766 9.337 9.236 6.508 4.682 3.586 9.550 6.642 6.817 10.196 3.419 9.847 7.442 9.815 10.249 2.610 4.355 8.510 5.489 8.781 1.634 9.269 3.405 3.903 9.980 6.191 6.996 5.292 4.672 0.980 3.380 0.360 7.951 2.626 8.882 7.704 7.143 3.877 4.963 7.730 7.306 8.680 0.973 8.781 5.688 7.479 2.346 1.444 7.371 8.367 11.792 4.549 4.770 1.073 3.057 5.868 9.494 0.558 4.224 3.006 9.667 2.615 8.994 8.143 6.744 8.288 9.430 3.869 9.878 3.310 2.975 6.603 6.208 7.639 6.593 8.320 5.282 2.313 3.252 7.845 6.371 4.781 7.036 6.261 5.428 7.720 4.778 5.254 3.646 3.202 5.086 9.303 3.597 9.293 1.815 6.015 9.144 5.128 8.397 1.821 
6.288 2.126 6.041 3.429 7.739 5.973 2.636 2.008 6.591 1.813 5.813 1.306 1.469 1.826 1.743 8.080 5.282 4.863 3.264 2.241 8.212 0.685 5.572 6.411 1.452 7.837 2.001 6.856 6.016 9.262 7.912 8.944 3.828 6.021 5.306 7.092 1.897 7.075 5.583 0.898 7.300 4.638 7.933 5.809 4.835 3.276 6.239 9.399 3.611 2.351 3.554 6.241 4.329 8.997 6.599 6.622 0.973 9.124 4.773 6.224 1.564 6.422 1.956 3.801 3.263 5.514 5.146 6.254 3.627 6.451 5.610 3.219 3.437 4.529 4.527 3.340 3.321 7.205 5.994 2.651 3.805 4.238 2.708 2.325 3.280 5.795 3.841 6.359 6.582 5.623 7.583 3.763 7.677 1.719 6.831 2.907 6.073 4.638 4.257 6.844 
9.058 4.918 9.202 7.071 9.558 8.483 5.326 5.527 7.545 1.874 9.295 3.079 4.288 4.090 2.086 10.557 7.671 4.920 6.764 5.387 10.946 3.119 8.343 9.998 3.073 9.070 5.643 8.486 9.648 12.458 10.166 12.016 4.504 9.040 8.508 7.607 5.544 9.234 9.222 4.223 8.019 4.590 10.874 9.069 6.671 4.552 9.364 12.671 4.815 3.395 0.523 9.869 6.958 12.245 10.094 8.021 2.727 12.221 7.495 9.674 2.138 9.812 2.681 4.334 6.896 5.684 8.166 9.832 2.587 9.973 8.756 5.215 7.084 7.999 8.139 6.651 6.484 10.626 8.651 6.134 7.446 6.922 4.702 5.636 6.258 6.301 6.941 10.006 8.906 9.000 9.256 3.292 9.875 2.381 10.042 5.651 9.261 6.871 7.549 9.849 
3.310 7.456 10.049 6.367 2.502 2.428 7.915 4.765 1.302 6.323 5.696 6.753 4.119 7.380 6.554 3.928 1.847 2.692 4.753 7.247 4.648 6.062 2.935 6.818 6.899 2.268 5.474 1.425 7.080 6.938 3.330 6.238 2.580 3.911 9.377 2.177 5.561 2.410 6.934 4.783 2.076 2.939 4.998 9.650 0.860 2.578 4.400 7.345 2.272 3.821 7.388 7.177 2.343 6.913 6.282 1.056 6.033 6.477 2.567 5.777 5.689 5.596 4.631 2.766 6.445 2.335 9.566 6.640 4.658 6.351 4.127 2.351 6.067 8.102 7.357 7.718 3.652 6.288 2.824 6.896 6.576 2.468 2.871 4.161 3.247 1.758 3.473 7.793 2.366 5.059 2.196 3.950 3.013 5.101 5.100 3.033 10.020 1.525 8.396 4.383 
4.995 2.618 4.374 0.932 7.258 5.042 2.850 1.089 6.993 4.356 3.540 3.498 2.535 3.167 4.245 6.919 4.629 6.200 1.322 2.072 6.765 3.141 4.392 3.946 3.600 7.848 0.570 6.664 3.484 7.235 6.997 7.073 5.100 4.440 3.672 7.735 0.655 6.354 3.041 2.148 7.771 6.086 6.269 4.012 4.875 4.372 4.484 7.281 4.612 4.105 6.095 3.713 3.646 6.918 4.270 6.666 3.502 7.215 3.834 3.981 4.090 4.263 4.134 5.170 0.850 6.644 3.833 3.804 5.757 4.086 3.899 3.736 0.885 2.489 2.108 2.027 2.200 4.966 4.886 1.271 1.300 3.513 3.528 1.607 2.522 6.658 2.613 3.808 5.759 3.539 7.254 5.646 6.843 4.092 4.905 2.737 4.361 4.330 2.664 5.191 
0.977 6.651 7.601 4.201 3.808 1.530 6.943 3.779 4.895 7.203 2.121 6.928 4.443 7.015 7.269 2.860 1.871 5.883 2.791 6.163 2.664 6.321 0.803 3.229 7.067 4.955 4.252 3.742 3.667 3.815 3.102 3.358 5.154 0.382 7.069 5.824 4.396 2.759 3.669 4.767 5.580 5.994 2.291 7.150 3.141 4.597 0.762 4.083 4.542 5.392 8.787 3.704 1.863 3.644 2.590 4.104 6.523 3.560 1.345 2.100 6.665 1.881 5.996 5.335 4.398 5.834 7.480 3.067 6.964 2.691 0.452 3.681 3.863 5.727 4.741 5.991 2.321 2.581 1.148 5.352 4.207 1.843 4.071 3.325 2.427 5.405 1.801 4.406 2.164 1.472 4.000 6.438 3.042 6.288 1.504 3.012 7.537 2.439 6.323 1.207 
5.050 3.028 6.318 3.087 6.514 4.717 3.503 1.188 5.544 2.783 4.871 2.561 0.411 2.973 2.825 6.825 4.029 4.202 2.357 2.896 6.978 1.904 4.330 5.614 2.707 6.700 1.621 5.667 5.343 8.145 6.657 7.782 3.103 4.828 5.585 6.136 1.609 5.826 4.951 0.365 6.286 4.043 6.732 6.011 3.660 2.426 5.081 8.316 2.726 1.949 4.451 5.551 3.073 7.902 5.672 5.479 2.078 7.971 3.522 5.252 2.306 5.401 2.031 3.136 3.003 4.750 5.576 5.442 3.605 5.555 4.455 2.108 2.971 4.559 4.267 3.670 2.143 6.209 4.744 2.852 3.447 2.983 1.680 1.217 2.045 4.908 2.649 5.801 5.327 4.590 6.379 3.491 6.424 2.100 5.710 1.652 6.327 3.403 4.520 5.653 
9.661 5.438 9.713 7.683 10.076 9.070 5.823 6.159 7.990 2.474 9.929 3.622 4.920 4.592 2.655 11.132 8.255 5.322 7.398 5.934 11.541 3.717 8.949 10.629 3.601 9.528 6.265 8.994 10.274 13.082 10.723 12.632 5.000 9.658 9.030 7.995 6.164 9.787 9.846 4.856 8.428 4.992 11.484 9.597 7.221 5.102 9.988 13.298 5.350 3.979 0.827 10.496 7.563 12.871 10.728 8.510 3.332 12.839 8.102 10.308 2.770 10.445 3.290 4.822 7.503 6.073 8.662 10.464 2.996 10.607 9.382 5.800 7.703 8.568 8.738 7.203 7.114 11.260 9.248 6.714 8.057 7.530 5.298 6.270 6.883 6.716 7.568 10.625 9.476 9.634 9.762 3.719 10.428 3.009 10.668 6.270 9.776 7.450 8.091 10.465 
7.134 1.650 5.871 3.794 8.618 6.844 2.140 2.728 7.414 1.556 6.462 0.491 2.347 1.070 1.329 8.945 6.161 5.535 3.948 2.006 9.053 0.468 6.423 6.961 0.617 8.692 2.533 7.727 6.494 10.007 8.789 9.724 4.552 6.832 5.156 7.876 2.402 7.956 6.043 1.769 8.108 5.284 8.744 5.700 5.705 4.060 7.025 10.119 4.400 3.016 3.196 6.724 5.201 9.727 7.229 7.480 0.806 9.896 5.635 6.887 1.642 7.115 2.443 4.501 3.590 6.224 4.887 6.815 4.004 7.063 6.397 4.080 3.874 4.588 4.782 3.252 4.138 7.875 6.854 2.731 4.157 5.108 3.556 3.131 4.132 6.558 4.663 6.756 7.459 6.330 8.459 4.275 8.555 2.063 7.588 3.784 5.920 5.519 4.161 7.651 
2.340 7.090 9.330 5.650 2.366 1.472 7.517 4.239 2.222 6.396 4.717 6.632 3.906 7.128 6.584 3.250 0.845 3.470 4.008 6.804 3.845 5.942 1.932 5.841 6.780 2.740 4.932 1.562 6.135 6.013 2.791 5.343 3.078 2.909 8.683 3.137 5.038 1.857 6.015 4.519 2.958 3.666 4.097 8.916 0.721 2.830 3.398 6.402 2.602 4.006 7.647 6.223 1.513 5.965 5.286 1.601 5.979 5.580 1.617 4.782 5.770 4.595 4.791 3.275 5.755 3.245 8.926 5.665 5.148 5.361 3.128 2.264 5.333 7.377 6.569 7.132 2.937 5.284 1.847 6.332 5.822 1.648 2.821 3.623 2.590 2.731 2.660 6.857 1.593 4.074 2.229 4.484 2.498 5.225 4.103 2.570 9.293 0.791 7.742 3.410 
