20 40 100
90 34 93 48 89 162 134 151 78 166 57 106 150 122 64 62 36 34 124 160 
111 165 103 114 210 94 235 234 223 210 18 199 198 203 26 156 230 204 153 185 141 205 46 233 55 81 236 136 71 70 155 32 91 70 224 142 214 96 157 136 
25 34 18 8 5 16 13 7 31 8 6 6 12 5 7 29 14 29 32 34 15 33 8 16 18 13 22 18 34 11 28 33 5 9 35 23 21 9 20 28 5 17 18 18 34 18 8 21 13 28 16 7 33 21 20 32 10 29 31 19 32 19 31 23 27 35 8 31 22 5 33 13 14 20 23 15 18 28 20 34 10 30 19 33 11 16 12 11 16 35 34 6 34 8 10 15 12 30 11 9 
996.538 1117.942 903.253 983.867 1324.622 926.824 1364.355 1399.970 1352.753 1318.920 401.196 1226.518 1248.462 1310.493 454.390 1080.998 1331.769 1202.371 1051.968 1230.867 984.369 1299.537 676.441 1379.126 667.356 854.528 1331.301 1042.923 759.097 762.915 1044.142 538.147 851.601 777.585 1300.004 1085.050 1327.562 954.213 1147.199 1060.806 
3.732 3.155 2.579 3.588 5.666 2.417 3.530 1.907 5.047 3.142 7.064 4.013 1.605 1.140 3.469 1.527 7.614 3.704 3.760 8.863 5.529 2.628 2.813 4.021 6.102 1.802 6.708 1.017 6.387 4.975 2.107 3.750 3.592 0.783 6.132 1.579 1.950 5.771 2.792 6.258 
7.981 2.821 8.209 8.310 3.526 8.153 5.095 5.465 5.024 7.471 1.099 5.261 4.486 5.342 7.272 7.465 4.001 5.570 2.216 3.794 0.941 3.348 4.764 2.309 0.145 7.180 9.246 6.936 0.434 2.894 6.889 8.017 6.941 6.352 0.801 6.530 5.572 7.008 3.614 6.996 
4.262 1.338 4.277 5.554 3.470 4.234 2.164 1.602 3.316 3.692 5.035 4.325 1.504 1.424 5.003 3.816 5.362 4.265 1.849 6.568 3.340 0.946 1.399 2.558 4.046 3.243 6.366 3.123 4.312 3.943 2.979 4.295 4.916 2.474 3.949 3.461 3.027 4.693 2.041 5.015 
2.779 6.144 4.955 9.086 4.605 5.188 2.868 3.882 2.805 3.010 8.613 9.181 6.190 4.721 9.123 6.367 6.052 9.024 6.424 8.128 6.799 5.897 3.578 7.355 7.756 4.499 1.526 5.500 7.907 8.819 3.821 2.799 9.228 5.011 7.242 7.224 7.430 0.993 7.012 1.516 
3.754 1.926 4.087 5.969 3.160 4.089 1.480 1.216 2.722 3.217 5.346 4.996 2.100 1.431 5.529 3.960 5.125 4.917 2.351 6.522 3.556 1.609 0.716 3.163 4.360 3.047 5.695 3.166 4.606 4.585 2.649 3.789 5.480 2.469 4.154 3.868 3.582 4.011 2.728 4.346 
6.202 3.311 4.810 2.643 6.784 4.581 5.442 4.071 6.760 5.610 6.628 1.664 1.955 3.231 1.655 3.006 8.498 1.270 3.757 9.224 5.624 3.005 4.637 3.371 5.823 4.226 9.112 3.215 6.111 3.558 4.576 6.220 1.470 3.249 6.138 1.421 0.528 7.909 2.115 8.320 
3.398 3.530 2.141 3.651 5.841 1.979 3.545 1.890 5.090 2.825 7.440 4.411 2.033 1.257 3.684 1.274 7.811 4.082 4.135 9.134 5.864 3.001 2.886 4.438 6.471 1.400 6.454 0.596 6.752 5.412 1.792 3.413 3.854 0.466 6.471 1.776 2.322 5.661 3.226 6.173 
1.921 4.823 0.725 4.796 6.231 0.815 3.517 2.177 5.012 1.487 8.632 6.130 3.610 2.216 5.162 2.012 8.219 5.791 5.400 9.826 6.904 4.310 3.183 5.895 7.643 0.369 5.158 1.343 7.907 7.013 0.860 1.924 5.412 1.395 7.508 3.323 4.032 4.943 4.810 5.529 
8.890 4.883 9.696 10.653 3.193 9.706 5.808 6.800 5.001 8.499 2.270 7.834 6.585 6.973 9.714 9.383 2.209 8.115 4.348 1.192 2.455 5.344 5.837 4.784 2.467 8.660 9.243 8.701 2.247 5.492 8.198 8.927 9.421 8.035 1.956 8.725 7.887 6.870 5.962 6.632 
4.436 4.020 2.724 2.464 6.806 2.475 4.684 3.043 6.210 3.900 7.865 3.809 2.318 2.306 2.589 0.866 8.735 3.399 4.611 9.898 6.462 3.522 3.979 4.667 6.938 2.354 7.581 1.249 7.228 5.350 2.897 4.446 2.833 1.641 7.052 0.770 1.753 6.849 3.329 7.358 
3.950 5.166 5.799 9.251 2.862 5.973 2.189 3.759 1.194 3.909 7.008 8.589 5.704 4.561 9.023 6.748 4.209 8.527 5.296 6.288 5.268 5.063 2.990 6.277 6.223 5.058 3.261 5.841 6.336 7.748 4.351 3.981 9.030 5.210 5.640 7.218 7.141 0.888 6.254 0.810 
6.559 1.959 6.971 7.753 2.306 6.946 3.623 4.134 3.599 6.071 2.480 5.263 3.651 4.147 6.882 6.476 3.422 5.457 1.474 4.026 0.640 2.408 3.341 2.187 1.533 5.930 7.776 5.837 1.736 3.402 5.567 6.595 6.633 5.199 1.237 5.794 4.993 5.565 3.126 5.592 
3.230 5.834 5.313 9.222 3.992 5.526 2.590 3.851 2.221 3.355 8.069 9.036 6.063 4.695 9.162 6.566 5.377 8.914 6.061 7.461 6.282 5.638 3.364 7.016 7.241 4.742 2.103 5.675 7.376 8.490 4.040 3.255 9.230 5.125 6.696 7.286 7.388 0.306 6.791 0.874 
7.221 3.361 5.968 3.464 6.949 5.748 6.063 4.889 7.225 6.618 6.051 0.489 2.553 4.088 2.212 4.198 8.483 0.372 3.644 8.935 5.360 3.232 5.262 2.975 5.363 5.320 9.990 4.357 5.636 2.691 5.599 7.242 1.793 4.306 5.799 2.613 1.622 8.586 2.077 8.940 
3.362 5.102 5.252 8.850 3.218 5.435 1.932 3.380 1.426 3.341 7.267 8.403 5.464 4.208 8.689 6.287 4.715 8.309 5.298 6.767 5.477 4.940 2.735 6.264 6.436 4.549 2.886 5.381 6.572 7.739 3.839 3.393 8.723 4.775 5.894 6.850 6.851 0.632 6.113 0.979 
7.614 3.472 6.408 3.837 7.046 6.191 6.329 5.227 7.429 7.008 5.865 0.177 2.867 4.445 2.553 4.650 8.503 0.582 3.685 8.847 5.309 3.410 5.536 2.923 5.232 5.740 10.330 4.794 5.496 2.421 5.996 7.636 2.101 4.719 5.712 3.067 2.064 8.859 2.220 9.192 
6.632 4.594 7.931 10.101 1.080 8.015 3.714 5.161 2.435 6.370 4.448 8.194 5.966 5.649 9.462 8.177 1.058 8.318 4.338 3.089 3.183 4.831 4.095 5.211 3.961 6.966 6.443 7.345 3.948 6.469 6.362 6.668 9.301 6.640 3.247 8.011 7.481 4.082 5.882 3.780 
8.929 3.710 8.109 5.970 6.826 7.928 6.976 6.314 7.708 8.323 4.409 2.225 4.078 5.681 4.675 6.545 7.852 2.709 3.565 7.699 4.520 3.949 6.272 2.579 4.075 7.294 11.253 6.503 4.274 1.160 7.389 8.956 4.207 6.255 4.721 5.038 3.939 9.439 2.947 9.649 
9.028 3.534 8.987 8.366 4.905 8.894 6.286 6.413 6.360 8.484 1.290 4.929 4.986 6.140 7.202 7.977 5.265 5.324 2.972 4.661 2.308 4.047 5.854 2.568 1.412 7.990 10.524 7.579 1.443 2.360 7.795 9.062 6.807 7.072 2.123 6.821 5.760 8.331 3.900 8.346 
4.281 2.440 3.348 3.764 5.276 3.197 3.479 2.025 4.904 3.674 6.332 3.429 0.820 1.184 3.359 2.213 7.169 3.183 3.040 8.286 4.863 1.927 2.693 3.241 5.383 2.501 7.077 1.803 5.670 4.195 2.669 4.303 3.374 1.461 5.458 1.663 1.526 5.890 2.006 6.326 
5.383 3.892 5.532 6.815 2.583 1.809 8.067 2.816 8.331 4.665 5.269 11.287 6.078 8.414 7.123 7.911 6.170 9.373 0.964 4.856 1.762 6.429 7.943 3.185 7.345 8.786 1.320 7.530 5.895 7.594 7.076 7.659 2.872 4.675 4.615 6.050 4.417 0.819 5.772 0.311 4.346 4.204 6.501 7.465 3.886 7.155 4.584 6.386 4.174 5.880 9.948 5.723 4.738 5.539 4.728 6.972 8.917 6.225 6.930 3.402 1.315 3.903 3.937 4.741 8.270 5.924 1.546 8.332 8.689 1.814 6.736 3.372 1.368 8.272 8.885 4.085 2.944 6.926 3.656 6.229 2.889 8.007 5.270 5.585 8.515 7.003 2.959 8.259 0.970 8.453 10.559 7.166 1.619 3.835 6.489 8.309 0.293 4.469 1.323 6.218 
5.742 5.566 1.079 2.996 4.483 4.425 3.101 4.161 5.551 2.951 0.365 5.880 2.120 3.496 4.044 3.730 1.039 3.773 6.230 0.894 4.590 1.092 3.947 3.835 1.967 4.258 4.694 4.142 3.300 3.838 3.378 2.646 3.508 2.607 1.273 0.494 1.939 4.840 4.713 5.620 4.538 5.521 1.373 2.776 2.062 1.787 2.830 1.297 2.300 0.893 4.599 5.388 1.150 3.446 1.089 2.297 5.264 6.785 2.949 5.631 6.489 3.130 4.519 1.853 3.028 2.428 4.157 5.105 3.125 3.792 5.224 3.580 6.259 3.039 3.776 2.376 4.854 3.257 3.120 5.562 4.993 4.126 4.834 5.411 3.492 2.361 3.218 3.667 5.027 3.210 5.169 4.730 5.442 2.721 5.019 3.692 5.590 1.526 6.197 6.674 
3.231 5.849 4.969 5.621 4.306 3.453 7.171 4.400 9.536 5.723 5.223 10.507 6.668 7.458 5.613 6.680 5.661 9.065 3.148 4.995 1.060 5.969 6.637 4.629 6.784 9.368 3.060 8.481 6.925 8.420 5.788 7.960 4.118 5.600 4.914 5.956 5.043 1.882 3.889 1.938 2.437 6.117 6.679 6.510 3.410 7.227 3.384 6.573 3.362 6.045 9.169 3.666 5.001 4.051 4.395 6.090 9.858 4.005 7.618 5.425 3.484 5.050 2.038 5.355 7.520 6.652 2.782 9.391 8.541 2.599 4.826 2.092 3.594 8.460 7.996 3.265 4.791 5.655 4.787 7.871 4.785 8.815 3.311 7.289 7.607 6.101 4.035 8.790 1.418 7.687 9.791 5.450 3.733 4.785 7.938 7.216 2.514 3.994 3.552 4.006 
1.561 9.474 4.732 3.463 7.866 7.173 5.118 7.766 11.293 7.977 5.847 8.018 7.861 5.166 2.524 3.939 5.140 7.859 7.679 6.065 4.976 5.402 3.706 7.755 5.652 9.936 6.995 9.916 8.818 9.631 3.277 8.263 7.172 7.688 6.291 6.143 6.877 6.062 1.167 6.469 2.384 9.630 7.113 4.550 4.571 7.281 3.213 7.059 3.988 6.687 6.894 1.007 6.276 2.351 4.995 4.497 11.057 1.709 8.740 9.213 8.029 7.645 2.785 7.042 5.705 8.094 6.444 10.887 7.790 6.000 0.728 3.648 8.059 8.422 5.721 3.983 8.406 3.262 7.450 10.674 8.468 9.920 1.470 10.283 5.389 4.454 6.921 9.365 5.751 5.787 7.434 1.750 7.879 7.198 10.380 4.657 6.949 4.640 8.006 1.576 
8.558 3.290 4.593 6.578 3.391 4.020 6.477 3.072 2.583 1.231 3.369 8.501 1.694 6.857 7.596 7.293 4.603 5.810 5.907 3.007 5.894 4.558 7.523 2.656 5.198 3.402 4.504 1.768 0.349 1.975 6.961 3.143 2.964 1.405 2.738 3.533 2.168 5.413 7.867 6.017 7.202 3.042 2.923 6.291 4.505 3.455 5.817 2.869 5.058 2.839 7.448 8.398 2.767 6.727 4.064 5.849 3.122 9.643 1.748 3.677 5.991 1.941 7.008 1.981 6.214 1.277 4.379 2.515 4.927 4.393 8.557 5.876 5.651 3.821 6.983 5.079 3.330 6.837 2.202 2.052 3.471 2.369 7.799 2.120 6.792 5.916 2.956 3.050 5.835 6.369 7.888 8.222 4.683 2.171 1.432 7.162 5.634 4.386 5.607 9.558 
2.949 6.039 4.840 5.409 4.475 3.627 6.986 4.550 9.601 5.791 5.157 10.323 6.667 7.264 5.367 6.460 5.532 8.940 3.417 4.956 1.158 5.843 6.409 4.760 6.640 9.351 3.253 8.516 6.979 8.439 5.565 7.914 4.232 5.653 4.896 5.876 5.065 2.086 3.615 2.202 2.167 6.298 6.627 6.320 3.321 7.158 3.195 6.522 3.227 5.997 8.989 3.383 4.978 3.816 4.305 5.911 9.886 3.737 7.623 5.627 3.755 5.138 1.774 5.371 7.350 6.669 2.935 9.437 8.437 2.712 4.549 1.928 3.857 8.397 7.808 3.132 4.972 5.434 4.877 8.004 4.971 8.830 3.033 7.434 7.418 5.921 4.131 8.769 1.637 7.514 9.611 5.186 3.960 4.852 8.043 7.008 2.767 3.892 3.814 3.734 
6.307 2.498 3.756 5.635 1.206 1.378 6.293 0.891 5.358 1.592 2.912 9.144 3.070 6.684 6.389 6.623 4.181 6.840 3.354 2.385 3.173 4.333 6.766 0.667 5.240 5.730 1.815 4.458 2.828 4.512 5.993 4.742 0.252 1.596 2.022 3.598 1.525 2.626 5.960 3.255 4.952 2.575 3.737 5.845 2.680 4.426 4.019 3.625 3.262 3.190 7.874 6.311 2.154 5.089 2.903 5.325 5.849 7.367 3.868 2.428 3.526 0.847 4.668 1.811 6.292 2.867 1.594 5.292 6.050 1.630 6.815 3.564 3.230 5.401 7.023 3.232 1.606 5.843 0.586 3.735 1.735 4.925 5.720 3.236 6.712 5.378 0.205 5.222 3.048 6.476 8.439 6.790 2.301 0.780 3.717 6.776 2.935 2.946 3.173 7.304 
4.653 3.997 2.907 4.462 2.424 1.899 5.493 2.282 6.698 2.912 2.615 8.644 3.783 5.859 5.034 5.529 3.516 6.706 3.379 2.250 1.866 3.764 5.616 2.269 4.687 6.502 1.969 5.592 4.067 5.523 4.780 5.178 1.684 2.743 2.082 3.396 2.146 1.906 4.350 2.685 3.297 4.139 3.943 4.933 1.359 4.562 2.515 3.830 1.839 3.306 7.313 4.663 2.188 3.597 2.070 4.421 6.964 5.716 4.726 3.788 3.672 2.340 3.017 2.459 5.644 3.755 1.354 6.515 6.045 0.905 5.238 1.909 3.497 5.739 6.294 1.779 2.955 4.626 2.098 5.366 3.036 5.918 4.077 4.888 5.938 4.461 1.453 5.933 2.126 5.828 7.918 5.322 2.856 1.981 5.262 5.825 2.689 1.868 3.434 5.652 
7.858 1.635 4.822 6.810 1.661 2.415 7.163 1.399 4.147 1.208 3.735 9.668 2.938 7.558 7.676 7.709 5.083 7.123 4.172 3.222 4.668 5.153 7.890 1.078 5.974 5.180 2.901 3.572 2.028 3.779 7.185 4.639 1.601 1.517 2.842 4.228 2.137 3.961 7.452 4.452 6.499 1.497 3.994 6.820 4.086 4.653 5.457 3.902 4.680 3.632 8.490 7.841 2.944 6.498 4.057 6.319 4.894 8.922 3.406 1.920 4.224 1.012 6.222 2.224 7.041 2.573 2.945 4.233 6.263 3.116 8.273 5.112 3.878 5.335 7.807 4.665 1.524 7.042 1.169 2.185 1.662 4.177 7.245 1.683 7.545 6.380 1.763 4.778 4.422 7.216 9.001 8.158 2.922 1.479 2.282 7.746 3.996 4.220 3.838 8.858 
4.963 3.919 4.929 6.211 2.450 1.605 7.458 2.616 8.048 4.306 4.703 10.684 5.621 7.805 6.538 7.306 5.572 8.800 1.509 4.309 1.259 5.835 7.341 2.932 6.748 8.345 1.150 7.169 5.543 7.201 6.475 7.159 2.532 4.279 4.088 5.485 3.946 0.211 5.253 0.598 3.853 4.204 5.975 6.856 3.279 6.617 3.989 5.860 3.565 5.346 9.344 5.255 4.207 4.959 4.134 6.363 8.561 5.859 6.501 3.476 1.855 3.558 3.449 4.273 7.666 5.495 1.121 8.005 8.131 1.277 6.217 2.801 1.832 7.757 8.277 3.477 2.891 6.324 3.300 6.098 2.866 7.613 4.775 5.478 7.907 6.394 2.566 7.805 0.544 7.848 9.957 6.606 1.779 3.430 6.279 7.700 0.744 3.865 1.776 5.841 
9.517 7.447 4.748 5.893 7.128 7.466 4.690 6.768 4.013 4.758 4.099 5.056 3.033 4.918 6.998 5.962 4.185 2.394 9.439 4.324 8.364 3.894 6.259 6.334 3.689 1.285 7.874 2.946 3.891 2.481 6.184 1.377 6.340 4.582 4.471 3.429 4.627 8.380 8.325 9.131 8.399 7.224 2.629 4.975 5.954 2.129 6.664 2.737 6.206 3.266 4.461 9.072 4.362 7.037 4.998 4.844 2.889 10.507 2.462 7.772 9.617 5.442 8.413 4.309 4.129 3.316 7.491 3.340 1.771 7.261 8.599 7.490 9.317 0.880 4.683 6.285 7.254 6.139 5.616 5.922 7.406 2.296 8.570 6.222 4.733 4.899 6.155 1.225 8.666 4.178 4.647 7.826 8.369 5.314 5.069 5.446 8.946 5.437 9.262 10.386 
4.686 8.946 2.765 0.892 7.592 7.230 1.433 7.340 8.934 6.555 3.910 4.364 5.646 1.422 1.226 0.230 2.616 4.233 8.577 4.384 6.093 2.690 0.306 7.120 2.387 6.958 7.306 7.496 6.918 7.097 0.668 5.346 6.648 6.212 4.753 3.710 5.463 6.890 3.267 7.582 4.268 8.965 4.537 1.067 3.987 4.392 3.148 4.537 3.560 4.402 3.164 4.032 4.662 2.441 3.575 1.386 8.349 5.357 6.286 8.897 8.904 6.593 4.562 5.452 2.042 6.009 6.683 8.391 4.350 6.207 3.019 4.450 8.783 5.276 1.975 3.641 8.063 0.801 6.512 9.204 8.180 7.276 3.807 9.032 1.647 1.318 6.342 6.457 6.826 2.089 3.730 2.025 8.201 6.137 8.648 0.920 7.823 3.554 8.720 5.221 
4.029 6.032 0.853 2.123 4.615 4.239 3.195 4.380 7.124 3.950 1.694 6.465 3.698 3.541 2.872 3.169 1.536 4.942 5.684 1.902 3.465 1.852 3.273 4.198 2.643 5.970 4.335 5.757 4.670 5.494 2.467 4.343 3.692 3.631 2.164 2.150 2.816 4.056 3.047 4.802 2.846 6.087 3.085 2.595 1.013 3.430 1.120 3.010 0.782 2.573 5.119 3.689 2.130 1.836 0.834 2.098 6.944 5.074 4.600 5.941 5.996 3.796 2.870 2.927 3.443 3.924 3.717 6.731 4.489 3.250 3.664 2.085 5.846 4.674 4.017 0.879 5.101 2.315 3.666 6.684 5.212 5.806 3.126 6.388 3.644 2.130 3.389 5.380 4.090 3.620 5.739 3.374 5.219 3.328 6.291 3.466 4.951 0.593 5.783 4.966 
4.004 4.819 2.301 3.665 3.264 2.734 4.817 3.105 7.085 3.413 2.354 8.049 3.922 5.167 4.194 4.746 2.966 6.301 4.058 2.148 1.990 3.248 4.817 3.049 4.139 6.559 2.758 5.875 4.461 5.738 3.970 5.100 2.473 3.180 2.127 3.098 2.448 2.436 3.559 3.194 2.638 4.944 3.814 4.223 0.639 4.359 1.671 3.709 1.008 3.183 6.707 3.936 2.193 2.754 1.574 3.724 7.206 5.085 4.887 4.627 4.373 2.965 2.425 2.713 5.028 3.984 2.134 6.831 5.716 1.654 4.423 1.292 4.234 5.591 5.634 0.941 3.791 3.816 2.752 6.016 3.876 6.112 3.339 5.585 5.265 3.757 2.209 5.973 2.512 5.209 7.322 4.478 3.665 2.544 5.823 5.087 3.324 1.239 4.170 5.008 
2.564 9.298 3.887 2.289 7.743 7.148 3.850 7.586 10.516 7.459 5.085 6.704 7.080 3.872 1.244 2.635 4.167 6.625 7.979 5.394 5.264 4.392 2.394 7.501 4.505 8.938 7.058 9.103 8.160 8.777 2.041 7.266 6.939 7.144 5.677 5.244 6.327 6.286 1.343 6.817 2.783 9.408 6.201 3.321 4.168 6.277 2.821 6.162 3.578 5.852 5.583 1.877 5.637 1.751 4.342 3.341 10.159 2.996 7.899 9.107 8.328 7.243 3.186 6.440 4.448 7.361 6.460 10.060 6.621 5.985 0.609 3.699 8.303 7.354 4.420 3.606 8.272 2.056 7.081 10.192 8.355 9.033 1.955 9.870 4.097 3.290 6.659 8.385 6.058 4.518 6.119 0.435 7.971 6.779 9.804 3.352 7.220 4.067 8.245 2.861 
1.585 6.914 3.842 3.906 5.290 4.526 5.590 5.252 9.607 5.935 4.525 8.907 6.357 5.823 3.710 4.898 4.494 7.839 4.895 4.502 2.198 4.813 4.813 5.328 5.477 8.869 4.289 8.364 6.989 8.191 4.003 7.292 4.745 5.710 4.578 5.119 4.973 3.292 1.910 3.687 0.456 7.113 6.005 4.917 2.736 6.416 1.941 5.916 2.353 5.426 7.599 1.797 4.617 2.229 3.584 4.577 9.664 2.620 7.316 6.594 5.245 5.431 0.132 5.225 6.028 6.467 3.784 9.329 7.464 3.385 2.857 1.238 5.277 7.666 6.389 2.282 5.827 3.886 5.196 8.468 5.868 8.548 1.352 7.985 5.999 4.572 4.545 8.276 2.967 6.177 8.214 3.478 5.143 5.040 8.333 5.502 4.165 3.141 5.225 2.564 
10.498 4.556 6.264 8.154 5.154 5.879 7.714 4.879 0.661 3.223 5.060 9.098 3.077 8.062 9.232 8.715 6.119 6.339 7.659 4.804 7.880 5.996 8.974 4.503 6.434 2.964 6.368 1.300 2.097 1.783 8.528 3.705 4.893 3.392 4.600 4.998 4.114 7.349 9.729 7.909 9.153 4.225 4.148 7.670 6.429 4.434 7.693 4.144 6.957 4.330 8.258 10.301 4.601 8.536 5.874 7.296 1.777 11.583 2.420 5.054 7.691 3.899 8.976 3.882 7.330 2.786 6.313 1.024 5.501 6.364 10.358 7.848 7.341 4.210 8.062 6.987 4.960 8.420 4.163 2.166 5.079 1.875 9.707 2.737 7.951 7.363 4.920 2.973 7.785 7.456 8.586 9.923 6.402 4.162 1.400 8.457 7.480 6.240 7.305 11.494 
4.205 8.869 2.766 0.756 7.465 7.054 1.883 7.230 9.140 6.581 3.963 4.847 5.794 1.905 0.737 0.703 2.740 4.676 8.317 4.405 5.775 2.866 0.563 7.036 2.705 7.265 7.100 7.702 7.027 7.320 0.385 5.627 6.541 6.240 4.760 3.859 5.467 6.617 2.787 7.288 3.837 8.907 4.736 1.416 3.810 4.656 2.843 4.724 3.336 4.539 3.654 3.547 4.680 2.035 3.515 1.602 8.612 4.866 6.487 8.791 8.650 6.562 4.148 5.485 2.488 6.139 6.476 8.617 4.743 5.994 2.532 4.119 8.545 5.606 2.464 3.410 7.952 0.536 6.462 9.267 8.062 7.521 3.337 9.060 2.129 1.538 6.236 6.746 6.525 2.549 4.219 1.552 8.006 6.099 8.747 1.410 7.558 3.434 8.483 4.730 
6.319 5.714 1.577 3.319 4.771 4.807 3.098 4.432 5.143 2.967 0.840 5.593 1.785 3.485 4.413 3.916 1.282 3.312 6.671 1.246 5.158 1.173 4.161 4.070 1.847 3.681 5.114 3.713 3.079 3.369 3.691 2.049 3.815 2.634 1.561 0.165 2.109 5.349 5.249 6.126 5.132 5.632 0.809 2.899 2.659 1.184 3.415 0.755 2.904 0.559 4.363 5.944 1.428 3.968 1.693 2.477 4.759 7.352 2.500 5.834 6.914 3.286 5.121 1.933 2.907 2.155 4.608 4.657 2.601 4.274 5.708 4.185 6.667 2.434 3.677 2.981 5.096 3.586 3.323 5.428 5.240 3.627 5.400 5.350 3.442 2.544 3.544 3.094 5.562 3.078 4.901 5.144 5.812 2.928 4.813 3.767 6.060 2.132 6.606 7.239 
11.659 6.652 7.045 8.682 7.101 7.755 7.821 6.795 1.501 4.908 5.976 8.395 4.029 8.106 9.804 9.003 6.701 5.771 9.622 5.894 9.500 6.491 9.289 6.387 6.641 2.148 8.238 2.069 3.671 2.194 9.026 3.676 6.688 4.969 5.810 5.639 5.522 9.119 10.697 9.745 10.373 6.328 4.672 7.958 7.650 4.642 8.755 4.720 8.098 5.100 7.834 11.357 5.767 9.430 6.899 7.696 0.725 12.726 3.080 7.137 9.685 5.657 10.264 5.225 7.320 3.937 8.092 1.228 5.088 8.061 11.183 9.177 9.339 3.854 7.956 8.149 6.971 8.947 5.913 4.266 7.099 1.862 10.788 4.852 7.947 7.759 6.652 2.574 9.524 7.403 8.019 10.579 8.381 5.812 3.513 8.591 9.368 7.320 9.299 12.622 
8.193 5.710 3.474 5.089 5.282 5.609 4.409 4.922 3.482 2.941 2.525 5.945 1.186 4.744 6.208 5.491 3.099 3.218 7.582 2.616 6.618 2.892 5.766 4.490 3.150 1.819 6.019 2.062 2.262 1.625 5.440 0.554 4.482 2.740 2.694 2.057 2.778 6.559 7.145 7.300 6.970 5.519 1.088 4.438 4.350 1.115 5.279 1.155 4.701 1.623 4.981 7.836 2.600 5.864 3.469 4.128 2.899 9.237 0.960 5.995 7.760 3.598 6.922 2.457 4.000 1.513 5.648 2.910 2.336 5.438 7.590 5.912 7.460 1.250 4.728 4.768 5.433 5.355 3.763 4.562 5.585 1.794 7.286 4.720 4.624 4.193 4.299 1.226 6.866 4.123 5.366 6.977 6.514 3.457 3.774 5.166 7.097 3.911 7.405 9.126 
5.260 5.443 0.822 2.834 4.243 4.097 3.243 3.942 5.904 2.994 0.453 6.205 2.467 3.634 3.813 3.688 1.131 4.230 5.835 0.818 4.086 1.315 3.875 3.655 2.243 4.755 4.328 4.522 3.528 4.250 3.217 3.163 3.265 2.653 1.183 1.021 1.893 4.388 4.285 5.167 4.032 5.431 1.877 2.820 1.536 2.317 2.345 1.792 1.777 1.331 4.895 4.935 1.094 3.045 0.559 2.308 5.698 6.314 3.356 5.459 6.107 3.041 4.000 1.898 3.265 2.722 3.765 5.494 3.621 3.373 4.855 3.051 5.894 3.568 3.979 1.852 4.653 3.083 2.986 5.687 4.785 4.561 4.369 5.474 3.662 2.366 2.963 4.163 4.551 3.450 5.484 4.442 5.117 2.598 5.209 3.752 5.172 0.998 5.831 6.207 
5.656 3.305 2.985 4.834 1.935 1.813 5.552 1.664 5.643 1.847 2.255 8.496 2.892 5.939 5.582 5.832 3.453 6.306 3.697 1.757 2.854 3.631 5.968 1.472 4.553 5.622 2.126 4.579 3.020 4.546 5.190 4.440 0.972 1.694 1.446 2.995 1.214 2.592 5.215 3.323 4.291 3.376 3.305 5.079 1.884 3.976 3.240 3.189 2.472 2.702 7.203 5.609 1.577 4.300 2.120 4.558 5.963 6.731 3.795 3.221 3.925 1.300 4.041 1.541 5.588 2.797 1.678 5.483 5.561 1.474 6.049 2.912 3.671 5.058 6.302 2.448 2.388 5.039 1.079 4.350 2.507 4.950 5.012 3.913 5.979 4.609 0.665 5.075 2.935 5.773 7.781 5.993 2.826 0.916 4.205 6.007 3.141 2.141 3.610 6.659 
6.263 6.693 1.572 2.727 5.695 5.661 2.156 5.365 5.838 3.954 1.598 4.655 2.655 2.534 3.852 3.116 0.928 2.596 7.460 2.108 5.692 0.621 3.385 5.019 0.876 3.973 5.930 4.400 3.994 3.997 3.065 2.307 4.726 3.621 2.468 0.910 3.072 6.032 5.049 6.812 5.211 6.617 1.464 2.066 3.101 1.322 3.478 1.485 3.167 1.525 3.396 5.800 2.337 3.763 2.131 1.739 5.272 7.236 3.197 6.799 7.722 4.259 5.277 2.915 1.922 3.055 5.387 5.291 2.067 5.009 5.351 4.489 7.495 2.416 2.694 3.259 6.044 2.990 4.282 6.370 6.186 4.183 5.308 6.320 2.473 1.804 4.442 3.429 6.189 2.092 3.950 4.647 6.678 3.884 5.719 2.866 6.809 2.502 7.433 7.114 
8.617 6.665 3.838 5.158 6.228 6.525 4.164 5.868 3.917 3.899 3.120 5.193 2.139 4.448 6.279 5.368 3.322 2.432 8.491 3.335 7.375 3.053 5.659 5.439 3.018 1.554 6.921 2.618 3.177 2.132 5.476 0.416 5.407 3.692 3.485 2.476 3.669 7.399 7.467 8.154 7.466 6.468 1.642 4.337 4.976 1.196 5.737 1.749 5.248 2.277 4.361 8.199 3.375 6.176 4.030 4.129 3.034 9.626 1.780 6.953 8.680 4.547 7.464 3.357 3.664 2.471 6.522 3.273 1.586 6.281 7.804 6.520 8.386 0.314 4.320 5.325 6.389 5.414 4.704 5.394 6.541 2.117 7.679 5.607 4.292 4.188 5.209 1.093 7.680 3.752 4.671 7.089 7.448 4.385 4.573 4.934 7.981 4.472 8.330 9.508 
3.424 5.168 4.042 4.939 3.563 2.743 6.377 3.594 8.543 4.736 4.204 9.691 5.628 6.689 5.111 6.027 4.730 8.115 3.045 3.959 0.322 5.030 6.022 3.764 5.879 8.326 2.444 7.459 5.920 7.388 5.156 6.925 3.217 4.594 3.873 4.950 4.012 1.404 3.689 1.876 2.278 5.401 5.648 5.732 2.426 6.208 2.663 5.541 2.470 5.013 8.347 3.683 3.961 3.518 3.407 5.279 8.832 4.373 6.580 4.801 3.396 4.092 1.875 4.321 6.678 5.618 2.011 8.378 7.558 1.711 4.654 1.363 3.403 7.434 7.206 2.372 4.083 5.013 3.833 7.002 4.103 7.781 3.201 6.451 6.821 5.299 3.096 7.749 1.116 6.851 8.969 5.098 3.268 3.796 7.009 6.502 2.297 3.026 3.349 4.342 
8.630 2.873 7.911 9.564 3.134 3.238 10.507 3.482 8.069 5.385 7.223 13.467 7.143 10.888 10.068 10.631 8.427 11.150 2.312 6.704 4.959 8.614 10.718 3.881 9.535 9.488 3.150 7.815 6.336 8.069 9.876 8.869 4.089 5.596 6.349 7.927 5.824 3.878 8.943 3.527 7.553 3.195 8.013 9.992 6.462 8.703 7.495 7.906 6.914 7.504 12.183 8.952 6.482 8.536 7.038 9.473 9.050 9.464 7.711 2.422 1.983 4.756 7.150 6.072 10.569 6.825 3.774 8.329 10.338 4.257 9.905 6.439 1.883 9.558 11.275 6.843 2.894 9.722 4.640 5.380 2.742 8.457 8.475 4.725 10.942 9.518 4.371 9.088 4.193 10.754 12.757 10.231 2.247 5.012 6.023 10.903 2.995 6.935 1.932 9.461 
2.491 6.009 3.471 4.004 4.384 3.629 5.561 4.344 8.819 5.094 3.943 8.898 5.654 5.842 4.059 5.070 4.157 7.562 4.150 3.836 1.428 4.473 5.037 4.425 5.239 8.249 3.412 7.618 6.188 7.477 4.181 6.729 3.844 4.888 3.858 4.610 4.183 2.482 2.588 2.980 1.217 6.205 5.433 4.896 2.089 5.909 1.770 5.336 1.866 4.824 7.564 2.645 3.915 2.473 3.033 4.487 8.946 3.524 6.619 5.695 4.500 4.559 0.850 4.455 5.927 5.726 2.888 8.573 7.098 2.480 3.552 0.545 4.497 7.160 6.384 1.776 4.922 4.045 4.319 7.584 4.965 7.847 2.125 7.090 5.994 4.496 3.651 7.659 2.222 6.090 8.186 4.001 4.286 4.183 7.475 5.598 3.398 2.598 4.441 3.470 
8.909 6.778 4.130 5.437 6.402 6.727 4.405 6.042 3.781 4.047 3.398 5.275 2.305 4.679 6.557 5.626 3.614 2.519 8.698 3.597 7.635 3.342 5.918 5.610 3.284 1.302 7.132 2.539 3.252 2.053 5.752 0.636 5.602 3.858 3.732 2.765 3.883 7.637 7.759 8.387 7.756 6.569 1.913 4.600 5.255 1.488 6.028 2.017 5.534 2.543 4.503 8.491 3.626 6.468 4.313 4.404 2.831 9.918 1.828 7.084 8.879 4.717 7.751 3.566 3.891 2.608 6.746 3.124 1.716 6.517 8.091 6.802 8.581 0.425 4.527 5.610 6.543 5.693 4.885 5.401 6.695 1.984 7.971 5.647 4.516 4.463 5.414 0.905 7.926 3.971 4.782 7.370 7.636 4.577 4.565 5.174 8.202 4.756 8.525 9.800 
6.720 8.166 2.618 2.658 7.158 7.086 1.183 6.833 6.842 5.406 3.043 3.209 3.974 1.426 3.664 2.477 1.952 1.748 8.827 3.567 6.854 1.695 2.775 6.492 0.777 4.552 7.326 5.442 5.326 4.987 2.859 3.080 6.185 5.079 3.935 2.385 4.548 7.322 5.363 8.095 5.891 8.084 2.744 1.580 4.280 2.292 4.263 2.803 4.187 2.966 1.924 6.153 3.806 4.177 3.392 1.670 6.057 7.575 4.313 8.274 9.104 5.734 6.049 4.385 0.638 4.391 6.761 6.233 1.784 6.355 5.402 5.463 8.893 2.836 1.346 4.284 7.516 2.858 5.757 7.719 7.658 5.075 5.762 7.720 1.267 1.698 5.896 4.117 7.428 0.741 2.493 4.506 8.106 5.359 7.016 1.939 8.147 3.676 8.830 7.443 
4.109 4.458 4.032 5.196 2.855 2.033 6.503 2.896 7.973 4.161 3.983 9.769 5.203 6.839 5.502 6.292 4.700 8.016 2.544 3.663 0.517 4.980 6.319 3.087 5.871 7.929 1.747 6.948 5.372 6.911 5.451 6.608 2.558 4.052 3.514 4.756 3.544 0.832 4.262 1.504 2.905 4.693 5.362 5.884 2.368 5.964 2.958 5.250 2.579 4.723 8.425 4.328 3.617 3.923 3.294 5.402 8.332 5.076 6.136 4.093 2.888 3.481 2.518 3.865 6.746 5.151 1.302 7.845 7.400 1.037 5.222 1.771 2.842 7.158 7.327 2.486 3.373 5.302 3.219 6.331 3.393 7.312 3.816 5.768 6.951 5.430 2.467 7.363 0.781 6.925 9.042 5.577 2.599 3.226 6.373 6.708 1.779 2.972 2.784 5.041 
5.382 3.921 5.560 6.837 2.617 1.845 8.093 2.852 8.368 4.703 5.302 11.315 6.115 8.440 7.140 7.932 6.199 9.405 0.960 4.890 1.771 6.459 7.963 3.222 7.375 8.823 1.356 7.568 5.932 7.631 7.096 7.695 2.909 4.712 4.650 6.083 4.454 0.844 5.779 0.294 4.352 4.234 6.536 7.490 3.913 7.189 4.603 6.421 4.198 5.914 9.976 5.725 4.773 5.554 4.758 6.997 8.955 6.219 6.968 3.429 1.310 3.941 3.942 4.778 8.298 5.961 1.583 8.369 8.723 1.848 6.744 3.387 1.373 8.308 8.912 4.108 2.976 6.947 3.693 6.262 2.920 8.044 5.275 5.617 8.541 7.029 2.997 8.296 0.977 8.481 10.588 7.179 1.645 3.872 6.524 8.333 0.315 4.497 1.329 6.213 
3.016 9.322 3.684 1.930 7.797 7.243 3.403 7.619 10.292 7.360 4.902 6.214 6.870 3.406 0.823 2.162 3.893 6.193 8.182 5.249 5.487 4.095 1.913 7.507 4.131 8.620 7.185 8.869 7.997 8.526 1.639 6.955 6.957 7.036 5.553 4.994 6.224 6.476 1.715 7.044 3.098 9.415 5.936 2.905 4.160 5.968 2.864 5.905 3.584 5.627 5.101 2.328 5.502 1.784 4.221 2.973 9.883 3.485 7.658 9.158 8.529 7.193 3.487 6.314 4.007 7.170 6.576 9.815 6.225 6.095 1.098 3.875 8.485 7.007 3.948 3.623 8.319 1.678 7.046 10.092 8.409 8.766 2.334 9.799 3.633 2.919 6.669 8.077 6.279 4.069 5.633 0.076 8.102 6.726 9.668 2.878 7.419 3.988 8.426 3.350 
3.136 5.402 3.041 3.916 3.783 3.076 5.336 3.713 8.118 4.390 3.351 8.653 4.985 5.648 4.166 5.009 3.733 7.135 3.883 3.195 1.303 4.040 5.017 3.764 4.865 7.612 2.925 6.929 5.486 6.799 4.149 6.127 3.179 4.184 3.189 4.057 3.486 2.170 3.009 2.804 1.797 5.581 4.833 4.691 1.502 5.345 1.647 4.732 1.443 4.212 7.309 3.203 3.253 2.585 2.483 4.239 8.266 4.192 5.949 5.120 4.226 3.861 1.492 3.763 5.643 5.042 2.352 7.881 6.616 1.903 3.952 0.457 4.171 6.589 6.165 1.345 4.323 4.003 3.623 6.894 4.378 7.174 2.639 6.411 5.780 4.258 2.971 7.024 2.039 5.815 7.931 4.248 3.831 3.480 6.773 5.468 3.117 2.069 4.112 4.130 
8.775 6.080 4.030 5.553 5.770 6.142 4.725 5.412 3.234 3.389 3.125 5.915 1.695 5.034 6.677 5.873 3.608 3.154 8.119 3.225 7.220 3.377 6.157 4.975 3.512 1.224 6.564 1.901 2.539 1.417 5.893 0.551 5.009 3.225 3.297 2.615 3.344 7.140 7.701 7.875 7.564 5.864 1.661 4.826 4.957 1.506 5.864 1.740 5.300 2.226 5.062 8.403 3.205 6.414 4.067 4.559 2.463 9.811 1.112 6.400 8.285 4.085 7.522 3.019 4.263 1.949 6.214 2.608 2.303 6.019 8.114 6.519 7.978 1.031 4.953 5.368 5.885 5.817 4.269 4.691 6.036 1.448 7.859 4.930 4.893 4.623 4.841 0.635 7.456 4.367 5.387 7.464 7.023 3.985 3.862 5.492 7.655 4.510 7.924 9.699 
1.964 7.467 2.838 2.354 5.885 5.257 4.087 5.752 9.248 5.875 3.841 7.364 5.837 4.286 2.122 3.306 3.377 6.530 6.088 4.004 3.390 3.679 3.213 5.705 4.176 8.079 5.152 7.896 6.736 7.641 2.415 6.427 5.130 5.587 4.208 4.245 4.778 4.386 0.937 4.947 1.192 7.600 5.204 3.421 2.469 5.475 1.115 5.136 1.886 4.716 6.079 1.546 4.201 0.658 2.944 3.149 9.090 2.956 6.747 7.246 6.436 5.551 1.503 4.952 4.573 6.044 4.559 8.872 6.271 4.089 1.768 1.791 6.401 6.685 4.860 1.882 6.420 2.305 5.363 8.574 6.495 7.953 1.010 8.191 4.475 3.133 4.865 7.494 4.181 4.707 6.685 2.027 6.065 5.101 8.280 3.929 5.326 2.562 6.343 2.841 
3.037 7.443 1.970 1.292 5.945 5.443 2.985 5.750 8.576 5.480 3.126 6.289 5.137 3.206 1.487 2.334 2.392 5.424 6.586 3.412 4.015 2.672 2.305 5.620 3.083 7.177 5.438 7.180 6.181 6.879 1.445 5.507 5.079 5.162 3.692 3.378 4.346 4.878 1.760 5.535 2.261 7.527 4.347 2.314 2.277 4.530 1.100 4.294 1.719 3.935 4.988 2.521 3.652 0.486 2.357 2.033 8.295 3.960 5.991 7.300 6.924 5.295 2.502 4.456 3.459 5.399 4.817 8.146 5.201 4.333 2.183 2.358 6.836 5.702 3.773 1.773 6.458 1.309 5.147 8.213 6.555 7.160 2.075 7.906 3.385 2.016 4.787 6.603 4.770 3.595 5.599 1.854 6.354 4.828 7.819 2.894 5.823 2.094 6.774 3.835 
8.269 0.539 6.285 8.158 1.466 2.162 8.798 1.665 5.736 3.150 5.373 11.517 4.911 9.191 8.867 9.154 6.683 9.050 2.985 4.839 4.636 6.812 9.293 1.905 7.694 7.136 2.460 5.442 3.992 5.706 8.510 6.624 2.355 3.412 4.457 5.986 3.823 3.623 8.199 3.768 6.993 0.891 5.900 8.369 5.133 6.577 6.400 5.800 5.686 5.465 10.290 8.415 4.581 7.483 5.434 7.850 6.681 9.256 5.393 0.104 2.884 2.647 6.639 4.009 8.758 4.559 2.905 5.966 8.204 3.318 9.111 5.665 2.543 7.319 9.504 5.640 0.946 8.359 2.614 3.141 0.854 6.089 7.857 2.463 9.208 7.905 2.660 6.757 4.086 8.940 10.830 9.206 1.848 3.013 3.695 9.301 3.179 5.461 2.530 9.219 
4.908 6.628 0.466 1.708 5.373 5.141 2.135 5.089 6.788 4.171 1.529 5.306 3.384 2.513 2.772 2.494 0.435 3.760 6.746 2.003 4.654 0.734 2.689 4.825 1.440 5.225 5.312 5.362 4.588 5.021 2.090 3.552 4.402 3.828 2.376 1.487 3.086 5.175 3.712 5.938 3.875 6.624 2.439 1.643 2.105 2.572 2.158 2.402 1.985 2.130 3.964 4.453 2.281 2.421 1.337 1.123 6.398 5.887 4.151 6.625 7.042 4.236 3.967 3.068 2.286 3.711 4.714 6.309 3.371 4.275 4.085 3.277 6.862 3.750 2.925 2.082 5.808 1.971 4.174 6.831 5.935 5.271 3.955 6.649 2.575 1.179 4.097 4.656 5.249 2.468 4.578 3.493 6.153 3.789 6.305 2.574 6.037 1.517 6.798 5.766 
8.819 0.395 6.595 8.514 1.957 2.720 9.053 2.082 5.375 3.207 5.611 11.658 4.928 9.448 9.271 9.483 6.945 9.122 3.580 5.081 5.216 7.050 9.636 2.224 7.907 6.977 3.049 5.221 3.880 5.527 8.875 6.609 2.745 3.505 4.696 6.173 4.024 4.220 8.696 4.379 7.526 0.548 5.992 8.658 5.547 6.652 6.850 5.899 6.116 5.608 10.463 8.942 4.812 7.930 5.764 8.144 6.395 9.818 5.307 0.679 3.461 2.831 7.181 4.169 8.975 4.549 3.461 5.661 8.261 3.852 9.595 6.180 3.127 7.304 9.732 6.076 1.416 8.726 2.853 2.688 1.367 5.892 8.376 2.026 9.451 8.201 3.040 6.639 4.686 9.154 10.984 9.646 2.459 3.246 3.330 9.590 3.790 5.831 3.118 9.778 
