20 40 100
108 48 116 132 191 86 136 155 122 85 97 175 45 150 121 147 61 35 99 119 
373 124 402 294 266 175 148 89 59 432 490 494 156 485 246 70 346 56 72 501 245 312 289 531 194 97 98 397 399 342 137 277 494 160 380 41 219 387 526 297 
33 27 27 22 17 31 21 16 29 29 26 12 8 33 7 11 15 30 19 5 10 8 9 34 35 25 32 32 21 26 32 25 28 7 24 34 32 30 30 31 27 22 35 19 28 26 28 11 15 24 20 24 31 14 7 22 22 22 21 19 15 16 10 20 15 24 10 13 9 20 15 19 34 14 25 34 26 23 12 12 24 29 15 23 5 15 33 20 30 27 11 24 35 31 29 27 28 34 30 20 
1176.667 662.857 1184.373 1041.368 931.956 811.746 726.880 559.478 508.013 1230.163 1271.625 1307.763 722.977 1210.654 895.380 560.452 1055.554 495.550 494.752 1361.643 1006.689 1048.737 1047.784 1400.937 808.461 614.866 617.590 1208.594 1213.858 1142.886 718.669 990.795 1360.186 756.124 1146.260 387.930 901.962 1138.594 1381.747 968.923 
3.762 4.793 4.101 6.494 3.470 5.555 4.527 5.868 7.306 5.673 6.414 2.167 2.369 3.405 4.595 6.125 5.436 6.379 3.611 5.046 4.052 1.677 4.311 5.629 1.209 3.555 5.483 3.714 4.454 3.245 5.560 3.589 4.054 1.499 4.818 2.994 1.046 5.023 0.793 5.714 
7.483 8.117 6.976 10.118 7.059 8.057 6.803 9.210 11.023 7.055 10.115 2.441 2.217 7.057 7.852 9.638 7.076 8.211 5.189 8.311 3.179 3.663 0.867 9.349 3.237 2.585 8.280 4.848 8.062 5.589 9.284 6.714 2.073 3.206 8.214 6.372 4.748 7.951 3.688 8.930 
2.831 5.778 2.363 5.026 4.515 2.803 7.818 0.345 4.357 9.566 4.178 6.623 6.882 2.448 5.924 5.538 4.558 9.554 4.789 0.769 9.525 5.341 9.270 3.454 5.720 7.423 7.440 8.461 4.448 7.146 3.234 5.990 8.277 5.765 5.530 5.289 4.894 1.763 6.114 6.504 
3.405 6.159 0.869 6.649 4.540 2.198 7.170 3.282 6.672 8.660 6.098 3.682 3.928 2.554 6.136 6.753 2.539 9.076 1.765 2.363 7.363 2.453 6.301 5.206 2.982 4.331 7.500 6.960 5.115 6.090 5.027 5.611 5.197 2.930 6.020 4.805 3.244 1.843 4.110 7.096 
0.452 3.041 3.253 3.572 1.518 4.700 4.745 3.431 4.054 6.482 3.241 5.133 5.386 0.780 3.088 3.555 5.709 6.527 4.757 2.978 6.816 4.009 7.578 2.386 4.045 6.349 4.567 5.465 1.903 4.078 2.284 2.932 7.051 4.233 2.863 2.205 2.334 3.652 3.564 3.937 
4.120 4.117 5.334 6.225 3.204 6.850 3.214 6.766 7.321 4.236 6.360 3.271 3.402 4.055 3.851 5.672 6.864 5.002 5.055 6.035 3.136 3.095 4.764 5.701 2.548 4.643 4.413 2.299 4.191 1.902 5.687 2.717 4.950 2.834 4.223 2.406 1.562 6.194 0.672 4.935 
2.901 5.946 0.754 5.861 4.428 1.799 7.498 1.771 5.571 9.143 5.160 5.135 5.388 2.138 6.006 6.158 3.183 9.353 3.173 0.856 8.459 3.869 7.774 4.308 4.323 5.843 7.483 7.717 4.717 6.601 4.102 5.759 6.707 4.323 5.749 4.972 3.968 0.745 5.070 6.809 
3.254 0.253 6.503 2.398 1.860 7.939 2.786 6.251 3.972 4.474 3.046 7.209 7.412 4.021 0.508 1.547 8.920 3.952 7.740 6.058 6.788 6.438 9.100 2.976 6.186 8.589 1.608 4.691 1.481 3.166 3.133 1.658 9.087 6.455 0.401 2.052 4.094 6.862 4.734 0.716 
3.077 1.591 6.388 0.914 2.421 7.666 4.271 5.572 2.526 5.939 1.670 8.000 8.227 3.930 1.922 0.279 8.915 5.313 8.030 5.594 8.153 7.055 10.126 1.912 6.924 9.332 2.947 6.125 1.472 4.568 2.119 2.971 9.924 7.167 1.360 3.073 4.861 6.536 5.745 1.578 
4.623 3.953 6.200 6.272 3.412 7.734 2.472 7.471 7.525 3.315 6.543 4.083 4.182 4.702 3.648 5.607 7.797 4.154 5.991 6.791 2.748 4.019 5.216 5.981 3.452 5.415 3.891 1.394 4.325 1.202 6.000 2.505 5.626 3.733 4.118 2.485 2.374 7.029 1.598 4.650 
7.141 6.829 7.733 9.139 6.198 9.088 4.913 9.567 10.331 4.790 9.359 3.841 3.750 6.986 6.519 8.487 8.546 6.029 6.582 8.752 0.751 4.627 3.264 8.731 4.007 4.653 6.558 2.730 7.156 3.918 8.723 5.382 4.388 4.155 6.997 5.319 4.427 8.685 3.173 7.483 
5.878 8.862 2.573 8.869 7.279 1.313 10.060 4.025 8.441 11.550 8.131 5.687 5.866 5.062 8.883 9.175 1.039 11.965 2.865 3.488 9.929 4.773 7.957 7.302 5.405 5.667 10.306 9.788 7.690 8.982 7.091 8.462 6.511 5.239 8.687 7.655 6.127 2.433 6.886 9.760 
3.920 2.939 5.986 5.280 2.524 7.547 1.851 6.941 6.581 3.194 5.596 4.678 4.820 4.153 2.635 4.597 7.856 3.726 6.181 6.346 3.718 4.347 6.118 5.085 3.868 6.059 2.997 1.932 3.377 0.623 5.124 1.491 6.376 4.159 3.107 1.568 2.242 6.727 2.029 3.650 
8.909 9.681 8.012 11.645 8.588 8.902 8.335 10.371 12.493 8.469 11.604 3.523 3.262 8.417 9.418 11.188 7.653 9.670 5.934 9.454 4.409 4.805 0.893 10.816 4.509 3.009 9.839 6.311 9.589 7.143 10.739 8.281 2.167 4.406 9.774 7.927 6.230 8.966 5.230 10.498 
6.362 4.790 8.236 7.281 4.885 9.775 2.239 9.374 8.748 1.742 7.768 5.781 5.819 6.584 4.458 6.458 9.815 2.976 7.970 8.748 2.455 5.955 6.186 7.378 5.350 6.988 3.943 0.666 5.610 1.977 7.445 3.542 6.999 5.612 5.037 3.936 4.404 9.047 3.587 5.154 
7.513 8.346 6.764 10.261 7.209 7.769 7.173 9.064 11.096 7.511 10.209 2.217 1.968 7.033 8.093 9.824 6.697 8.641 4.853 8.154 3.703 3.488 0.521 9.418 3.140 2.121 8.602 5.287 8.208 5.931 9.342 6.969 1.543 3.061 8.427 6.574 4.836 7.732 3.868 9.186 
5.891 4.491 7.713 6.968 4.456 9.251 2.108 8.876 8.394 2.059 7.410 5.329 5.380 6.087 4.160 6.176 9.299 3.185 7.462 8.239 2.384 5.455 5.896 6.980 4.856 6.567 3.814 0.186 5.225 1.565 7.037 3.174 6.623 5.123 4.724 3.501 3.881 8.526 3.072 4.937 
3.564 3.654 6.363 1.232 3.886 7.309 6.365 4.761 0.434 8.058 0.738 9.085 9.335 4.297 3.977 2.165 8.879 7.423 8.451 5.129 9.995 7.964 11.462 1.579 7.993 10.305 5.065 8.093 2.925 6.516 1.720 4.896 11.007 8.190 3.386 4.766 6.112 6.186 7.206 3.673 
3.065 5.194 2.362 6.258 3.605 3.814 5.748 4.337 6.681 7.139 5.923 2.630 2.894 2.384 5.098 6.139 3.889 7.657 2.332 3.456 5.780 1.381 5.249 5.048 1.651 3.702 6.312 5.358 4.409 4.588 4.918 4.364 4.464 1.730 5.120 3.591 1.727 3.302 2.492 6.157 
6.836 5.231 8.664 7.724 5.359 10.196 2.626 9.839 9.205 1.799 8.227 6.040 6.060 7.050 4.901 6.890 10.187 3.103 8.319 9.205 2.369 6.291 6.251 7.847 5.676 7.200 4.308 1.069 6.077 2.452 7.916 4.007 7.157 5.929 5.483 4.412 4.835 9.486 3.962 5.558 
5.577 2.591 8.297 4.847 3.600 3.329 2.811 7.468 7.076 5.542 3.707 2.258 3.136 4.837 1.684 5.967 1.355 4.251 4.880 3.532 2.019 2.482 3.525 3.325 5.154 2.865 4.834 4.524 7.001 1.943 4.165 5.102 0.708 2.349 2.572 2.619 6.549 3.308 4.632 6.645 4.519 2.350 1.193 6.953 6.387 5.191 5.702 1.355 0.825 6.123 5.912 0.781 1.697 0.519 1.971 4.209 4.893 1.883 1.347 5.656 1.802 1.902 1.856 0.937 4.177 4.518 2.858 6.568 7.053 4.348 4.115 2.162 2.275 0.845 2.711 5.206 2.940 2.587 4.164 6.584 3.395 3.048 3.610 7.437 2.561 3.407 1.191 4.566 5.176 6.236 0.877 5.852 5.327 0.660 7.842 7.148 7.552 5.718 8.091 7.308 
3.021 4.769 9.060 7.742 0.898 2.898 5.487 7.883 5.266 4.469 3.653 2.887 5.022 3.822 1.813 6.102 2.500 4.410 4.428 5.917 2.984 5.079 3.694 4.036 3.676 0.319 7.867 7.401 5.662 1.604 7.231 5.874 2.827 4.388 5.070 2.357 8.404 1.452 1.784 5.008 7.329 5.412 4.251 4.425 3.823 4.738 7.179 1.796 3.018 4.577 8.104 2.322 2.071 3.428 2.005 4.911 7.202 4.790 4.214 8.630 4.012 1.929 2.870 4.003 2.094 1.977 2.154 8.709 8.164 2.157 6.606 2.006 5.340 2.541 4.496 8.139 0.384 4.870 1.105 7.390 2.366 5.987 5.459 4.915 4.898 5.961 3.097 1.664 3.203 8.323 3.227 4.885 4.248 2.788 8.291 8.410 8.975 3.859 8.743 8.930 
8.287 2.334 7.499 1.536 6.911 6.391 1.229 7.217 9.043 7.178 5.173 5.223 2.779 6.617 4.581 6.372 3.923 5.254 6.188 1.878 3.912 3.357 6.295 5.845 7.191 6.133 1.668 1.242 8.578 4.847 1.528 5.084 3.465 4.192 1.739 5.786 4.631 6.632 7.622 8.527 1.346 1.265 2.184 9.524 9.030 6.398 4.552 4.680 3.834 8.016 3.603 3.987 4.967 3.193 5.234 4.672 2.653 1.499 2.075 2.341 2.596 4.624 4.824 2.462 6.819 7.344 6.081 4.217 6.050 7.012 1.820 4.751 1.365 4.116 4.614 1.876 6.085 3.935 7.344 6.067 6.608 2.427 2.918 9.967 3.845 1.453 3.308 7.596 7.550 4.027 3.085 7.328 7.022 3.501 7.483 5.930 6.050 7.920 7.457 5.580 
5.395 5.781 11.020 7.978 2.017 0.436 6.078 9.971 7.753 6.900 5.744 1.303 6.247 6.221 3.300 8.251 3.737 6.476 6.707 6.792 4.500 3.968 1.295 1.819 6.149 2.203 7.734 7.679 8.145 3.290 6.881 7.754 3.576 2.973 5.835 0.659 9.728 1.155 4.080 7.501 7.717 5.265 4.274 6.745 6.150 7.030 8.729 2.220 2.614 7.066 9.163 2.976 1.596 3.262 1.329 6.777 8.154 5.106 4.607 8.669 4.957 3.587 1.652 3.998 4.587 4.421 0.458 9.815 9.939 4.649 7.386 3.822 5.169 2.426 2.843 8.289 2.793 3.509 3.146 9.299 0.245 5.191 6.726 7.220 3.576 6.677 4.093 3.922 5.695 9.470 3.972 7.306 6.674 3.505 10.372 10.107 10.588 6.351 10.747 10.419 
3.894 3.166 7.963 6.136 2.397 3.325 3.867 6.917 5.543 4.212 2.727 2.699 3.470 3.496 0.246 5.221 0.885 3.436 3.785 4.307 1.502 4.061 3.888 3.973 3.667 1.548 6.322 5.793 5.618 0.313 5.755 4.700 1.254 3.652 3.448 2.577 6.920 2.500 2.978 5.154 5.713 3.931 2.784 5.278 4.707 4.112 5.787 1.010 2.004 4.648 6.540 0.912 1.724 2.157 1.884 3.722 5.611 3.213 2.641 7.044 2.393 0.532 2.454 2.569 2.516 2.835 2.605 7.160 6.916 2.679 4.991 0.795 3.871 1.555 3.903 6.541 1.378 4.028 2.638 6.246 3.061 4.731 3.927 5.764 4.027 4.340 1.475 2.927 3.562 6.782 1.626 4.576 3.986 1.230 7.317 7.111 7.628 4.144 7.688 7.518 
9.841 3.859 8.451 1.200 8.298 7.474 2.748 8.369 10.585 8.705 6.713 6.312 4.236 8.160 6.086 7.729 5.445 6.749 7.696 3.175 5.472 3.982 7.231 6.696 8.746 7.557 0.142 1.294 10.084 6.355 0.869 6.407 4.942 4.978 3.273 6.953 5.258 7.934 9.142 10.065 1.629 2.372 3.508 11.085 10.589 7.889 5.566 6.050 5.058 9.558 4.115 5.416 6.231 4.458 6.485 6.113 3.419 2.998 3.560 1.163 4.158 6.151 5.941 3.774 8.372 8.885 7.278 4.602 6.999 8.565 2.818 6.292 2.459 5.415 5.350 1.090 7.560 4.587 8.814 7.191 7.782 2.740 4.286 11.529 4.494 2.778 4.839 9.108 9.112 4.543 4.587 8.836 8.556 4.970 8.591 6.797 6.775 9.479 8.471 6.222 
0.731 5.481 7.757 8.816 3.264 5.600 6.505 6.415 2.581 2.378 2.968 5.545 5.411 2.044 3.311 4.672 3.807 3.518 2.947 6.557 3.687 7.380 6.407 6.738 1.465 3.026 9.265 8.468 3.165 3.052 8.859 5.053 4.438 6.875 5.989 5.066 8.161 4.070 1.325 2.403 8.297 7.083 5.997 1.968 1.436 3.142 6.734 4.120 5.296 2.070 8.239 4.237 4.635 5.482 4.638 4.313 7.568 6.195 5.679 9.815 5.005 3.129 5.458 5.821 0.818 0.782 4.866 8.729 7.254 0.649 7.249 2.920 7.040 4.819 7.056 9.259 2.495 7.300 2.228 6.315 5.032 8.035 5.696 2.445 7.309 6.768 4.364 1.492 0.645 8.326 4.681 2.779 2.222 4.442 6.807 7.607 8.259 1.245 7.378 8.406 
8.750 4.070 9.827 3.624 6.437 5.069 3.271 9.373 10.129 8.445 6.457 3.976 4.681 7.779 4.852 8.247 4.406 6.792 7.612 4.163 4.826 1.350 4.676 4.087 8.198 5.852 2.862 3.478 9.912 5.115 1.869 7.078 3.744 2.394 3.569 4.696 7.113 5.878 7.772 9.664 3.708 1.578 2.253 10.125 9.561 7.885 6.897 4.309 3.098 9.137 6.094 3.948 4.210 2.714 4.413 6.431 5.136 2.565 2.796 3.891 3.802 5.044 3.676 2.369 7.345 7.689 5.052 6.703 8.401 7.519 4.281 5.281 1.538 3.566 2.708 3.731 6.048 1.928 7.208 8.281 5.496 0.129 4.990 10.607 1.838 3.772 3.959 7.693 8.311 6.518 3.587 8.695 8.249 3.731 9.681 8.327 8.500 8.820 9.739 8.053 
7.002 6.214 11.875 7.746 3.658 1.219 6.216 10.948 9.275 8.254 6.849 1.461 6.773 7.550 4.342 9.315 4.572 7.531 7.915 7.055 5.367 3.180 0.359 0.436 7.574 3.712 7.270 7.491 9.576 4.420 6.324 8.629 4.184 2.153 6.108 1.680 10.148 2.798 5.698 8.985 7.601 5.000 4.279 8.371 7.773 8.242 9.339 3.135 2.818 8.524 9.423 3.698 2.409 3.387 2.264 7.683 8.386 5.173 4.798 8.272 5.439 4.654 1.810 4.041 6.080 5.993 1.879 10.083 10.674 6.165 7.547 4.927 4.899 2.920 1.816 7.984 4.267 2.596 4.781 10.150 1.872 4.469 7.246 8.851 2.685 6.846 4.733 5.545 7.205 9.778 4.493 8.643 8.026 4.112 11.338 10.781 11.189 7.857 11.643 10.935 
1.459 6.943 7.957 10.285 4.857 7.276 8.020 6.570 1.423 2.649 4.168 7.309 6.760 2.811 5.073 5.050 5.519 4.483 3.636 7.937 5.282 9.165 8.106 8.475 2.104 4.758 10.835 9.942 2.478 4.821 10.504 5.827 6.170 8.667 7.494 6.794 9.049 5.705 2.781 1.661 9.739 8.765 7.713 0.631 0.858 3.678 7.587 5.912 7.085 1.777 9.324 6.011 6.416 7.252 6.407 5.315 8.789 7.832 7.345 11.304 6.581 4.867 7.239 7.553 2.592 2.465 6.567 9.736 7.777 2.438 8.601 4.635 8.728 6.610 8.844 10.735 4.261 9.093 3.739 6.789 6.676 9.783 6.963 0.859 9.101 8.202 6.039 2.947 1.627 9.339 6.379 2.875 2.643 6.181 6.917 8.181 8.857 1.328 7.550 9.118 
6.081 5.449 10.982 7.317 2.808 0.663 5.582 10.021 8.306 7.268 5.886 0.603 5.975 6.564 3.377 8.365 3.654 6.579 6.939 6.369 4.448 3.074 0.728 0.967 6.590 2.759 6.977 7.036 8.592 3.444 6.085 7.724 3.328 2.052 5.409 0.719 9.409 1.974 4.793 8.008 7.107 4.567 3.685 7.466 6.866 7.265 8.522 2.176 2.081 7.543 8.750 2.797 1.448 2.711 1.283 6.766 7.722 4.562 4.122 7.943 4.646 3.687 1.015 3.423 5.109 5.052 0.991 9.409 9.817 5.200 6.911 3.957 4.468 2.069 1.892 7.599 3.300 2.581 3.905 9.256 1.200 4.329 6.454 7.951 2.654 6.202 3.875 4.646 6.237 9.085 3.673 7.657 7.039 3.255 10.414 9.946 10.381 6.885 10.738 10.158 
7.188 3.045 2.971 4.568 7.846 8.722 3.586 2.756 6.537 4.712 3.576 7.772 2.435 4.579 5.339 2.640 4.812 2.967 3.705 2.704 4.083 7.233 9.054 8.875 5.297 7.017 5.639 4.353 5.635 5.447 6.003 1.515 5.031 7.654 3.368 7.962 1.711 8.082 7.286 6.011 4.023 5.295 5.223 7.900 7.638 3.673 0.251 6.325 6.376 5.648 2.226 5.590 6.992 5.868 7.237 2.188 2.283 4.457 4.573 5.482 3.758 5.111 7.387 5.367 6.035 6.728 8.088 2.465 1.561 6.197 2.818 4.968 5.354 6.291 8.078 4.952 6.591 7.658 7.595 1.574 8.590 6.759 1.988 8.192 7.590 3.116 4.486 7.364 6.061 2.096 4.695 4.590 4.696 5.104 2.969 1.597 2.046 6.041 2.906 1.982 
7.305 3.307 2.715 4.769 8.052 8.965 3.845 2.562 6.560 4.767 3.730 8.022 2.695 4.672 5.563 2.605 5.047 3.091 3.784 2.957 4.310 7.497 9.305 9.131 5.387 7.227 5.853 4.564 5.631 5.665 6.239 1.582 5.279 7.917 3.631 8.204 1.667 8.304 7.443 6.041 4.232 5.555 5.486 7.976 7.732 3.729 0.293 6.564 6.631 5.695 2.316 5.834 7.235 6.127 7.479 2.340 2.471 4.720 4.836 5.665 4.015 5.329 7.639 5.629 6.183 6.876 8.326 2.486 1.298 6.342 3.047 5.179 5.614 6.541 8.340 5.144 6.792 7.921 7.776 1.383 8.825 7.017 2.251 8.256 7.854 3.367 4.733 7.525 6.166 2.138 4.948 4.623 4.763 5.352 2.754 1.341 1.820 6.120 2.662 1.813 
6.099 1.933 7.820 4.003 4.413 4.135 1.976 7.101 7.341 5.668 3.706 3.020 2.539 4.994 2.216 5.732 1.659 4.124 4.878 2.749 2.043 2.480 4.249 3.965 5.411 3.644 4.052 3.676 7.136 2.489 3.461 4.726 1.050 2.695 1.793 3.448 5.831 4.157 5.268 6.874 3.666 1.641 0.541 7.433 6.890 5.167 5.098 2.185 1.541 6.348 5.129 1.497 2.545 0.931 2.819 3.917 4.099 1.031 0.504 4.835 1.267 2.344 2.608 0.470 4.652 5.078 3.701 5.789 6.511 4.835 3.296 2.547 1.587 1.687 3.111 4.371 3.642 2.772 4.893 6.137 4.238 2.661 2.989 7.905 2.720 2.586 1.170 5.221 5.559 5.470 0.802 5.932 5.468 1.065 7.456 6.564 6.921 6.046 7.647 6.633 
2.736 4.688 8.799 7.740 1.162 3.226 5.459 7.606 4.940 4.144 3.394 3.173 4.903 3.503 1.762 5.819 2.451 4.149 4.129 5.841 2.857 5.275 4.016 4.344 3.346 0.631 7.914 7.396 5.331 1.523 7.312 5.637 2.849 4.625 5.023 2.670 8.241 1.780 1.548 4.678 7.310 5.487 4.328 4.147 3.547 4.435 6.988 1.959 3.192 4.245 7.982 2.393 2.318 3.555 2.277 4.683 7.102 4.814 4.240 8.648 3.958 1.824 3.131 4.090 1.763 1.675 2.478 8.577 7.934 1.829 6.537 1.856 5.420 2.708 4.753 8.145 0.227 5.095 1.033 7.142 2.698 6.136 5.326 4.639 5.118 5.908 3.064 1.447 2.875 8.187 3.231 4.560 3.923 2.817 8.014 8.191 8.766 3.530 8.476 8.740 
4.485 5.673 10.563 8.194 1.091 1.368 6.134 9.447 6.892 6.158 5.194 1.929 6.066 5.503 2.907 7.689 3.467 5.945 6.067 6.755 4.162 4.576 2.228 2.724 5.364 1.444 8.077 7.876 7.342 2.824 7.288 7.320 3.477 3.654 5.821 1.190 9.546 0.243 3.165 6.667 7.875 5.570 4.485 5.821 5.229 6.384 8.446 2.075 2.881 6.251 9.083 2.861 1.708 3.490 1.454 6.341 8.106 5.239 4.695 8.962 4.852 3.152 2.153 4.207 3.767 3.539 0.833 9.721 9.565 3.810 7.394 3.341 5.481 2.550 3.601 8.539 2.037 4.189 2.221 8.861 0.736 5.721 6.536 6.294 4.245 6.698 3.933 3.004 4.851 9.358 3.900 6.572 5.936 3.413 9.853 9.769 10.289 5.507 10.268 10.172 
10.345 4.149 7.287 1.015 9.374 8.936 3.219 7.483 10.629 8.703 6.858 7.767 4.261 8.276 6.914 7.240 6.227 6.683 7.638 3.085 6.013 5.699 8.808 8.327 8.939 8.568 1.783 1.319 9.953 7.163 2.739 5.917 5.878 6.633 3.689 8.334 3.907 9.149 9.861 10.092 1.365 3.768 4.726 11.456 11.023 7.763 4.639 7.175 6.380 9.622 2.777 6.445 7.504 5.738 7.773 5.918 2.520 3.964 4.527 0.933 4.746 6.897 7.369 5.004 8.905 9.501 8.627 3.084 5.890 9.099 2.428 6.966 3.868 6.649 7.034 0.813 8.450 6.302 9.703 6.312 9.154 4.532 4.097 11.859 6.209 2.858 5.611 9.859 9.456 3.154 5.467 8.745 8.595 5.925 7.630 5.601 5.427 9.708 7.386 4.821 
1.198 7.391 9.135 10.724 4.177 6.627 8.409 7.753 2.743 3.704 4.820 6.859 7.315 3.662 5.072 6.140 5.635 5.288 4.562 8.465 5.583 9.000 7.483 7.927 2.952 4.303 11.150 10.376 3.780 4.802 10.709 6.754 6.232 8.372 7.895 6.256 9.936 5.038 2.207 2.945 10.207 8.911 7.796 0.777 0.613 4.674 8.487 5.678 6.904 2.956 10.090 5.947 6.059 7.183 5.994 6.110 9.454 8.060 7.528 11.720 6.900 4.936 6.862 7.599 2.666 2.207 5.980 10.554 8.837 2.473 9.156 4.760 8.862 6.417 8.487 11.166 3.922 8.841 3.059 7.862 5.991 9.770 7.587 1.119 8.862 8.679 6.217 2.335 2.183 10.152 6.513 4.005 3.638 6.227 8.115 9.222 9.890 2.269 8.734 10.099 
8.738 2.728 5.502 1.817 8.275 8.333 2.225 5.564 8.777 6.854 5.118 7.206 2.610 6.484 5.683 5.280 5.001 4.843 5.783 1.579 4.591 5.732 8.395 8.028 7.174 7.431 2.960 1.688 8.047 5.899 3.557 3.963 4.834 6.471 2.485 7.641 2.297 8.214 8.421 8.238 1.359 3.597 4.141 9.751 9.361 5.879 2.712 6.231 5.731 7.788 1.191 5.448 6.714 5.094 6.987 4.044 0.556 3.250 3.694 2.664 3.498 5.592 6.793 4.390 7.349 7.990 7.879 1.790 4.062 7.539 0.913 5.595 3.688 5.868 6.904 2.156 7.200 6.283 8.412 4.384 8.416 4.854 2.321 10.127 6.197 1.617 4.431 8.444 7.765 1.623 4.409 6.863 6.764 4.896 5.738 3.832 3.801 7.950 5.552 3.263 
8.334 3.224 8.914 2.870 6.334 5.308 2.364 8.488 9.523 7.775 5.761 4.154 3.817 7.133 4.434 7.418 3.900 6.034 6.891 3.246 4.201 1.856 5.052 4.525 7.602 5.663 2.321 2.675 9.232 4.705 1.435 6.217 3.276 2.812 2.694 4.819 6.199 5.879 7.454 9.040 2.871 0.726 1.711 9.674 9.129 7.149 5.980 4.112 2.998 8.515 5.194 3.606 4.171 2.467 4.409 5.616 4.223 1.761 2.109 3.315 3.059 4.581 3.797 1.913 6.892 7.302 5.156 5.812 7.484 7.074 3.364 4.788 0.722 3.411 3.200 3.051 5.770 2.459 6.987 7.383 5.646 0.841 4.102 10.146 2.366 2.851 3.379 7.393 7.793 5.615 3.034 7.998 7.589 3.279 8.789 7.407 7.579 8.262 8.832 7.135 
4.883 5.879 3.967 8.700 7.406 9.345 6.926 2.623 2.832 2.167 3.543 8.853 5.365 2.788 5.964 1.877 5.933 3.059 2.385 6.375 5.232 9.639 10.007 10.127 3.058 6.848 9.605 8.415 1.708 5.857 9.666 3.203 6.540 9.584 6.460 8.649 6.017 8.057 5.773 2.493 8.119 8.335 7.665 4.782 4.847 2.065 4.683 7.164 7.935 2.516 6.707 6.779 7.874 7.747 8.009 3.477 6.602 7.303 7.057 9.701 6.042 5.652 8.598 7.648 4.652 5.160 8.582 6.891 4.213 4.685 6.832 5.368 8.347 7.589 9.914 9.133 6.254 9.829 6.568 3.280 8.918 9.719 5.263 4.847 9.797 6.773 6.102 5.929 3.834 6.551 6.477 1.744 2.376 6.593 2.899 4.658 5.309 3.337 3.554 5.740 
6.927 1.829 4.251 3.561 7.044 7.660 2.306 3.901 6.757 4.840 3.237 6.653 1.276 4.521 4.450 3.289 3.847 2.853 3.770 1.445 3.208 5.962 7.927 7.706 5.228 6.195 4.546 3.297 6.008 4.604 4.807 1.956 3.951 6.418 2.095 6.910 2.234 7.173 6.795 6.218 2.986 4.014 3.972 7.836 7.488 3.849 1.358 5.311 5.219 5.781 2.042 4.543 5.937 4.675 6.194 2.032 1.503 3.183 3.335 4.548 2.604 4.268 6.257 4.132 5.620 6.296 7.070 2.572 2.840 5.801 1.706 4.183 4.072 5.184 6.846 3.984 5.841 6.399 6.954 2.749 7.588 5.479 0.797 8.187 6.329 1.867 3.427 6.846 5.883 2.172 3.579 4.830 4.764 4.023 4.165 2.829 3.162 6.003 4.167 2.910 
8.251 5.632 0.338 6.980 9.759 11.014 6.233 1.388 6.750 5.382 5.214 10.161 5.002 5.605 7.485 2.976 7.080 4.460 4.718 5.345 6.294 9.855 11.441 11.330 6.225 8.991 8.110 6.820 5.649 7.528 8.577 3.030 7.426 10.219 6.002 10.251 3.077 10.152 8.731 6.318 6.485 7.942 7.821 8.546 8.465 4.505 2.616 8.597 8.840 6.150 4.177 7.927 9.304 8.385 9.527 4.009 4.694 7.088 7.161 7.783 6.272 7.210 9.798 7.944 7.450 8.114 10.324 3.992 1.120 7.568 5.383 7.005 8.000 8.688 10.634 7.311 8.479 10.258 9.266 1.484 10.791 9.406 4.593 8.703 10.194 5.751 6.877 8.848 7.081 3.820 7.143 5.073 5.479 7.498 1.149 1.353 1.702 6.815 0.546 2.314 
5.935 4.575 10.198 6.450 2.934 1.471 4.686 9.283 7.977 6.774 5.237 0.302 5.117 6.059 2.754 7.674 2.911 5.896 6.341 5.477 3.703 2.444 1.541 1.430 6.172 2.618 6.160 6.163 8.155 2.876 5.299 6.955 2.506 1.538 4.519 0.979 8.530 2.231 4.714 7.634 6.225 3.712 2.794 7.347 6.746 6.666 7.676 1.563 1.189 7.145 7.858 2.032 0.911 1.815 0.927 6.014 6.828 3.668 3.227 7.107 3.783 3.067 0.132 2.530 4.801 4.864 1.338 8.518 8.998 4.920 6.016 3.351 3.615 1.243 1.572 6.744 3.059 2.066 3.921 8.474 1.789 3.625 5.593 7.839 2.117 5.307 3.056 4.587 5.923 8.196 2.823 7.144 6.546 2.434 9.670 9.111 9.530 6.554 9.968 9.293 
6.437 2.014 3.923 4.183 6.813 7.630 2.729 3.408 6.147 4.239 2.748 6.681 1.385 3.957 4.271 2.661 3.726 2.284 3.173 1.959 3.013 6.243 7.963 7.793 4.672 5.975 5.139 3.909 5.378 4.393 5.344 1.326 3.938 6.609 2.418 6.870 2.507 7.015 6.396 5.609 3.604 4.400 4.203 7.289 6.964 3.233 1.275 5.236 5.293 5.183 2.558 4.497 5.900 4.798 6.146 1.453 2.131 3.490 3.543 5.177 2.682 4.056 6.297 4.328 5.183 5.869 6.999 3.015 2.595 5.357 2.318 3.931 4.448 5.199 7.028 4.611 5.574 6.640 6.629 2.306 7.504 5.872 0.991 7.626 6.576 2.382 3.393 6.460 5.362 2.612 3.606 4.211 4.173 4.011 3.705 2.683 3.133 5.443 3.787 3.006 
8.543 4.163 2.638 4.751 9.221 9.991 4.436 3.096 7.705 5.962 4.965 8.994 3.614 5.901 6.684 3.683 6.126 4.332 5.005 3.509 5.426 8.177 10.269 10.042 6.613 8.386 5.902 4.629 6.728 6.807 6.465 2.809 6.281 8.711 4.354 9.236 0.774 9.428 8.678 7.197 4.297 6.119 6.257 9.188 8.959 4.931 1.161 7.620 7.559 6.877 1.878 6.864 8.263 7.007 8.517 3.575 2.541 5.420 5.641 5.501 4.945 6.469 8.598 6.437 7.421 8.114 9.384 1.706 1.324 7.581 3.343 6.339 6.192 7.522 9.144 5.052 7.973 8.652 8.989 2.098 9.896 7.530 3.136 9.454 8.578 3.860 5.749 8.757 7.401 1.511 5.917 5.790 5.971 6.354 3.130 0.961 0.889 7.336 2.774 0.593 
1.630 5.946 9.241 9.130 1.819 4.270 6.818 7.943 4.196 4.026 4.038 4.505 6.056 3.562 3.165 6.158 3.830 4.731 4.394 7.094 4.060 6.769 5.122 5.559 3.114 1.983 9.372 8.782 4.872 2.900 8.803 6.296 4.309 6.068 6.349 3.888 9.195 2.680 0.393 4.088 8.670 6.979 5.823 2.914 2.327 4.645 7.842 3.468 4.699 3.781 9.083 3.894 3.751 5.071 3.660 5.425 8.278 6.257 5.689 10.068 5.288 3.141 4.534 5.592 1.648 1.016 3.612 9.639 8.579 1.543 7.798 3.073 6.915 4.217 6.155 9.548 1.730 6.557 0.692 7.694 3.643 7.651 6.433 3.386 6.586 7.213 4.449 0.250 2.352 9.240 4.665 4.441 3.844 4.285 8.344 8.891 9.513 2.947 8.880 9.576 
2.659 5.269 5.772 8.515 5.274 7.388 6.381 4.391 1.479 0.452 2.425 7.063 4.948 1.020 4.302 2.808 4.489 2.468 1.523 6.114 3.973 8.322 8.117 8.327 0.867 4.811 9.213 8.186 1.178 4.126 9.041 3.635 5.157 8.065 5.858 6.744 6.857 5.989 3.535 0.944 7.945 7.446 6.547 2.852 2.755 1.480 5.396 5.424 6.394 0.498 7.218 5.222 6.085 6.361 6.171 3.263 6.787 6.434 6.042 9.545 5.119 4.013 6.870 6.455 2.485 2.931 6.624 7.585 5.533 2.488 6.726 3.727 7.431 5.979 8.338 8.967 4.217 8.396 4.364 4.546 6.900 8.671 5.054 3.075 8.381 6.437 4.848 3.694 1.585 7.195 5.227 0.641 0.572 5.192 4.758 5.937 6.613 1.128 5.372 6.884 
4.218 3.945 8.964 6.629 1.784 2.329 4.472 7.919 6.200 5.055 3.711 1.832 4.332 4.348 1.244 6.214 1.739 4.431 4.729 5.043 2.465 3.751 2.935 3.095 4.411 1.082 6.650 6.298 6.404 1.249 5.962 5.699 1.775 3.116 4.124 1.591 7.814 1.614 3.073 5.862 6.265 4.159 3.008 5.633 5.037 5.055 6.735 0.473 1.681 5.379 7.354 1.172 0.867 2.119 0.942 4.722 6.386 3.651 3.083 7.465 3.129 1.533 1.685 2.745 3.027 3.136 1.602 7.991 7.901 3.151 5.696 1.777 4.081 1.206 3.277 7.003 1.346 3.574 2.436 7.245 2.065 4.655 4.803 6.126 3.595 5.011 2.203 2.971 4.147 7.625 2.201 5.440 4.827 1.716 8.320 8.085 8.587 4.776 8.691 8.452 
2.022 4.374 6.549 7.719 3.779 5.816 5.448 5.242 2.662 1.473 1.686 5.491 4.223 0.876 2.796 3.461 3.092 2.206 1.700 5.392 2.739 6.890 6.540 6.753 0.759 3.254 8.265 7.375 2.745 2.595 7.957 3.746 3.763 6.557 4.922 5.167 6.851 4.448 2.323 2.248 7.179 6.251 5.251 2.980 2.575 1.944 5.422 3.871 4.897 1.740 6.958 3.739 4.517 4.931 4.597 3.004 6.326 5.290 4.827 8.736 4.019 2.528 5.311 5.121 1.068 1.700 5.051 7.434 5.969 1.158 6.069 2.255 6.222 4.461 6.809 8.168 2.657 6.916 2.987 5.046 5.341 7.361 4.466 3.390 6.908 5.641 3.547 2.451 0.981 7.030 3.908 1.891 1.254 3.788 5.643 6.312 6.959 1.340 6.183 7.096 
6.062 4.448 10.123 6.250 3.120 1.675 4.519 9.232 8.058 6.813 5.229 0.507 5.002 6.096 2.771 7.643 2.875 5.872 6.347 5.325 3.661 2.230 1.673 1.480 6.234 2.765 5.947 5.966 8.207 2.911 5.082 6.892 2.428 1.348 4.369 1.199 8.394 2.436 4.858 7.705 6.033 3.507 2.613 7.476 6.877 6.672 7.567 1.606 1.050 7.211 7.704 1.994 1.017 1.652 1.082 5.961 6.671 3.493 3.070 6.897 3.667 3.080 0.209 2.353 4.897 4.987 1.556 8.364 8.906 5.021 5.851 3.367 3.409 1.183 1.422 6.540 3.182 1.868 4.086 8.402 2.009 3.405 5.476 7.969 1.915 5.143 2.976 4.736 6.013 8.047 2.723 7.176 6.586 2.357 9.616 9.010 9.418 6.637 9.901 9.169 
2.427 4.011 7.664 7.255 2.312 4.198 4.930 6.458 4.133 3.071 2.274 3.899 4.103 2.397 1.483 4.669 2.037 3.022 2.980 5.152 2.124 5.552 4.921 5.149 2.355 1.667 7.589 6.905 4.357 1.220 7.112 4.540 2.632 5.089 4.442 3.547 7.289 2.881 1.735 3.792 6.773 5.310 4.196 3.791 3.229 3.289 5.976 2.342 3.477 3.313 7.136 2.403 2.937 3.647 2.995 3.609 6.324 4.478 3.935 8.220 3.396 1.335 3.748 4.007 1.022 1.414 3.432 7.700 6.842 1.187 5.857 1.183 5.260 3.008 5.302 7.684 1.078 5.494 1.853 6.024 3.739 6.207 4.481 4.275 5.498 5.289 2.633 1.750 2.098 7.302 2.914 3.478 2.845 2.630 6.866 7.118 7.712 2.713 7.336 7.724 
8.763 4.910 1.875 5.626 9.732 10.654 5.269 2.637 7.665 6.042 5.327 9.694 4.327 6.086 7.260 3.643 6.743 4.633 5.173 4.344 6.007 9.000 10.975 10.779 6.776 8.913 6.779 5.509 6.627 7.358 7.347 3.066 6.958 9.499 5.152 9.894 1.581 9.999 9.023 7.181 5.177 6.965 7.047 9.283 9.108 5.046 1.761 8.258 8.283 6.916 2.729 7.522 8.924 7.755 9.170 3.958 3.422 6.230 6.417 6.353 5.661 7.023 9.305 7.214 7.745 8.436 10.021 2.454 0.926 7.892 4.215 6.867 7.036 8.214 9.928 5.917 8.466 9.462 9.413 1.912 10.522 8.389 3.860 9.509 9.389 4.710 6.415 9.116 7.600 2.334 6.614 5.815 6.085 7.031 2.568 0.500 0.178 7.460 2.092 0.743 
6.728 2.135 3.835 4.038 7.078 7.845 2.743 3.425 6.404 4.503 3.039 6.876 1.524 4.238 4.523 2.827 3.962 2.565 3.441 1.914 3.265 6.337 8.157 7.969 4.954 6.238 5.031 3.779 5.614 4.652 5.287 1.502 4.142 6.744 2.482 7.087 2.222 7.265 6.686 5.867 3.465 4.439 4.316 7.572 7.251 3.490 1.057 5.462 5.471 5.449 2.278 4.713 6.115 4.957 6.365 1.734 1.911 3.567 3.664 5.016 2.850 4.315 6.488 4.457 5.474 6.160 7.226 2.725 2.461 5.649 2.189 4.198 4.492 5.397 7.167 4.457 5.846 6.753 6.910 2.284 7.735 5.909 1.080 7.905 6.687 2.338 3.602 6.748 5.650 2.322 3.796 4.463 4.444 4.215 3.698 2.506 2.917 5.723 3.729 2.754 
3.310 4.683 9.151 7.586 0.887 2.641 5.355 7.999 5.530 4.676 3.751 2.598 4.969 4.015 1.731 6.227 2.402 4.508 4.582 5.823 2.950 4.808 3.424 3.753 3.905 0.047 7.676 7.247 5.899 1.554 7.019 5.940 2.668 4.103 4.955 2.078 8.386 1.263 2.073 5.261 7.187 5.205 4.046 4.714 4.113 4.897 7.191 1.551 2.760 4.821 8.047 2.132 1.785 3.194 1.715 4.969 7.126 4.620 4.045 8.457 3.907 1.890 2.582 3.792 2.346 2.261 1.889 8.661 8.218 2.419 6.505 2.007 5.131 2.288 4.207 7.975 0.551 4.589 1.356 7.467 2.134 5.737 5.416 5.205 4.618 5.847 2.980 1.950 3.463 8.279 3.079 5.088 4.453 2.624 8.406 8.451 9.003 4.118 8.842 8.938 
3.191 3.222 7.303 6.448 2.698 4.147 4.124 6.178 4.614 3.257 1.926 3.630 3.353 2.541 0.835 4.430 1.261 2.675 2.889 4.369 1.335 4.947 4.776 4.905 2.718 1.899 6.788 6.099 4.660 0.646 6.330 4.085 1.894 4.597 3.639 3.428 6.639 3.067 2.533 4.210 5.969 4.540 3.449 4.516 3.974 3.215 5.384 1.955 2.935 3.698 6.416 1.783 2.648 2.999 2.776 3.116 5.572 3.683 3.147 7.412 2.590 0.591 3.405 3.278 1.735 2.214 3.395 6.998 6.367 1.920 5.074 0.380 4.494 2.503 4.858 6.877 1.431 4.955 2.518 5.614 3.793 5.506 3.755 4.989 4.949 4.493 1.838 2.537 2.685 6.605 2.137 3.626 3.030 1.903 6.583 6.608 7.172 3.234 7.001 7.136 
4.754 1.528 5.609 4.860 4.718 5.665 2.630 4.694 5.211 3.358 1.341 4.819 1.386 2.785 2.195 3.195 1.727 1.579 2.421 2.535 0.950 5.036 6.094 6.020 3.382 3.879 5.467 4.518 4.787 2.301 5.279 2.354 2.124 5.117 2.103 4.901 4.567 4.936 4.463 4.695 4.315 3.751 3.030 5.842 5.410 2.677 3.356 3.247 3.575 4.184 4.366 2.580 3.951 3.235 4.176 1.425 3.583 2.719 2.423 5.881 1.417 1.964 4.470 3.028 3.356 4.003 4.992 4.933 4.489 3.546 3.223 1.837 3.752 3.362 5.494 5.311 3.487 5.286 4.585 3.882 5.477 5.091 1.719 6.253 5.243 2.778 1.596 4.503 3.842 4.537 1.931 3.542 3.194 2.192 5.076 4.671 5.189 4.132 5.368 5.100 
8.907 3.214 8.462 1.852 7.196 6.336 2.149 8.194 9.845 8.014 5.993 5.173 3.711 7.421 5.076 7.326 4.467 6.138 7.054 2.855 4.599 2.911 6.109 5.589 7.960 6.475 1.281 1.710 9.438 5.349 0.626 6.049 3.915 3.877 2.622 5.813 5.511 6.808 8.135 9.339 1.962 1.261 2.418 10.195 9.677 7.279 5.517 4.950 3.927 8.821 4.434 4.349 5.102 3.338 5.353 5.597 3.546 2.050 2.570 2.253 3.322 5.171 4.802 2.675 7.443 7.917 6.140 5.013 7.010 7.632 2.756 5.338 1.340 4.295 4.264 1.994 6.511 3.517 7.757 7.043 6.643 1.750 3.881 10.652 3.423 2.431 3.882 8.092 8.253 4.865 3.592 8.188 7.847 3.935 8.459 6.876 6.965 8.665 8.427 6.471 
4.573 2.501 4.605 5.615 5.390 6.692 3.591 3.553 4.400 2.475 0.927 5.942 2.071 2.098 3.134 1.953 2.835 0.455 1.415 3.211 2.047 6.291 7.196 7.176 2.805 4.607 6.379 5.294 3.786 3.152 6.323 1.383 3.330 6.357 3.095 5.936 4.306 5.765 4.640 3.863 5.040 4.922 4.275 5.416 5.087 1.584 2.898 4.299 4.781 3.397 4.433 3.716 5.023 4.479 5.223 0.464 3.892 3.888 3.651 6.645 2.632 2.845 5.617 4.282 3.384 4.077 5.978 4.888 3.681 3.546 3.807 2.624 4.932 4.524 6.725 6.065 4.111 6.538 5.005 2.907 6.426 6.305 2.134 5.764 6.497 3.557 2.825 4.724 3.485 4.485 3.176 2.545 2.370 3.394 3.950 3.955 4.559 3.579 4.318 4.615 
3.012 5.730 9.882 8.663 0.439 2.877 6.429 8.663 5.506 5.023 4.489 3.235 5.984 4.439 2.773 6.869 3.457 5.240 5.144 6.877 3.943 5.696 3.734 4.201 4.158 1.058 8.739 8.324 6.066 2.567 8.062 6.745 3.746 4.891 6.022 2.562 9.351 1.290 1.694 5.335 8.264 6.256 5.102 4.320 3.732 5.438 8.106 2.572 3.725 4.964 9.066 3.204 2.631 4.214 2.476 5.797 8.165 5.696 5.120 9.531 4.968 2.890 3.335 4.842 2.541 2.155 2.256 9.669 9.044 2.532 7.564 2.955 6.179 3.277 4.921 9.052 1.298 5.406 0.732 8.240 2.242 6.706 6.417 4.789 5.447 6.914 4.047 1.525 3.527 9.282 4.156 5.446 4.815 3.701 9.071 9.306 9.884 4.171 9.551 9.858 
