20 40 100
89 116 47 145 150 86 58 55 160 68 61 126 35 136 26 103 28 161 139 128 
166 230 222 208 68 124 174 216 79 188 44 207 20 182 25 149 73 212 184 148 79 116 99 82 241 87 136 231 164 98 195 138 163 27 231 39 195 225 66 208 
18 14 22 5 25 7 11 34 33 9 22 35 19 9 15 23 6 23 8 22 24 6 12 17 13 35 23 12 12 15 20 23 26 19 6 13 5 29 11 13 33 29 32 11 16 11 34 22 13 15 30 12 17 11 32 17 9 27 16 18 6 6 32 6 26 17 35 13 8 5 35 12 15 30 28 24 25 35 28 21 5 15 19 32 34 29 14 7 34 11 28 6 30 20 23 14 7 24 19 29 
1135.097 1346.309 1352.257 1221.164 766.068 956.516 1090.644 1278.680 744.082 1190.466 582.282 1315.582 442.026 1216.993 412.222 1007.645 711.436 1190.864 1101.729 1065.977 790.597 978.881 898.544 808.645 1344.571 755.434 986.347 1361.463 1110.822 916.372 1236.000 1008.705 1130.789 511.028 1377.466 552.828 1293.696 1301.133 727.725 1220.656 
3.977 6.298 7.084 1.300 7.247 0.841 5.827 4.183 5.718 2.426 6.671 2.702 2.979 5.521 2.370 6.550 4.360 3.114 5.776 3.859 2.984 8.114 0.981 3.488 3.512 5.197 9.049 2.033 1.048 1.657 4.205 1.312 8.414 3.037 1.376 2.996 4.199 0.990 6.412 3.325 
4.509 3.667 5.748 2.897 4.938 2.210 2.961 2.874 4.500 3.764 6.422 0.569 5.653 5.293 1.363 3.842 3.520 1.957 3.976 6.194 3.649 5.964 2.371 2.697 4.614 3.061 6.183 3.762 3.681 4.501 4.766 1.912 7.423 3.875 4.108 2.214 2.338 2.040 5.984 2.447 
2.643 7.542 6.405 3.042 7.237 2.482 6.778 5.822 5.103 1.034 5.432 3.942 1.919 4.371 2.794 7.731 3.750 4.713 5.521 2.313 1.845 7.922 2.703 3.110 1.960 6.665 9.953 0.522 0.871 2.258 5.920 1.983 7.452 4.759 2.417 2.840 4.252 1.945 5.281 3.068 
6.308 1.976 6.905 3.829 5.375 3.511 1.959 1.844 5.823 5.582 8.001 1.677 7.263 6.925 3.188 2.248 5.097 1.735 5.010 7.930 5.474 6.483 3.527 4.384 6.443 1.298 4.959 5.546 5.271 5.783 4.518 3.644 8.670 4.022 5.304 3.965 3.640 3.686 7.525 4.146 
2.688 5.238 4.148 3.830 4.230 2.901 4.095 4.809 2.801 2.480 4.482 2.432 5.011 3.343 0.854 5.304 1.617 3.811 2.696 5.146 2.021 5.044 3.202 0.745 3.008 4.951 7.093 2.729 3.349 4.649 6.345 1.779 5.684 5.294 4.452 0.337 1.178 2.120 4.062 0.495 
2.913 7.909 6.775 3.167 7.665 2.715 7.181 6.078 5.489 1.374 5.689 4.293 1.485 4.664 3.215 8.108 4.148 4.982 5.939 1.978 2.200 8.339 2.902 3.534 2.154 6.982 10.366 0.893 0.907 2.076 5.987 2.361 7.768 4.839 2.325 3.273 4.686 2.284 5.570 3.498 
5.596 3.546 7.163 2.221 6.218 2.004 3.455 1.604 5.909 4.535 7.740 0.855 5.821 6.587 2.508 3.846 4.871 0.550 5.381 6.619 4.642 7.280 1.962 4.000 5.528 2.356 6.558 4.381 3.854 4.204 3.404 2.495 8.832 2.636 3.711 3.469 3.753 2.416 7.325 3.749 
3.729 4.916 5.916 2.088 5.693 1.191 4.249 3.492 4.569 2.658 6.052 1.327 4.360 4.879 0.918 5.115 3.328 2.384 4.378 4.940 2.755 6.622 1.465 2.403 3.633 4.097 7.466 2.562 2.390 3.314 4.613 0.650 7.435 3.535 2.983 1.843 2.718 0.749 5.687 2.174 
3.019 5.074 3.457 4.618 3.358 3.706 3.758 5.174 2.177 3.203 4.233 2.877 5.827 3.186 1.627 5.073 1.352 4.278 1.852 5.863 2.600 4.172 3.993 0.971 3.531 5.066 6.552 3.516 4.219 5.524 6.986 2.635 5.100 5.986 5.318 1.076 0.356 2.971 3.754 0.887 
6.721 1.715 7.269 4.042 5.644 3.802 2.020 1.689 6.211 5.973 8.409 2.038 7.587 7.337 3.595 2.035 5.507 1.842 5.369 8.288 5.882 6.755 3.790 4.800 6.847 0.889 4.838 5.923 5.598 6.037 4.453 4.014 9.041 4.063 5.545 4.380 4.037 4.038 7.929 4.561 
1.862 7.184 5.500 3.426 6.393 2.669 6.271 5.827 4.197 0.288 4.629 3.705 2.732 3.529 2.259 7.331 2.849 4.705 4.647 2.803 0.958 7.044 2.953 2.256 1.375 6.483 9.383 0.411 1.610 3.077 6.335 1.765 6.578 5.168 3.145 2.063 3.469 1.889 4.439 2.246 
4.102 6.318 1.321 7.108 1.740 6.192 4.780 7.327 1.157 5.084 3.452 5.218 7.814 3.023 4.114 6.160 2.281 6.579 0.673 7.521 4.289 1.979 6.482 2.945 4.916 6.856 6.556 5.523 6.492 7.886 9.405 5.084 3.106 8.446 7.735 3.383 2.345 5.427 2.927 3.066 
4.982 8.030 0.903 8.802 2.774 7.871 6.486 9.168 2.241 6.305 3.169 7.036 8.967 3.400 5.814 7.834 3.616 8.408 2.508 8.442 5.479 2.125 8.173 4.465 5.855 8.670 7.787 6.794 7.914 9.362 11.204 6.708 1.604 10.216 9.276 4.977 4.138 7.053 2.799 4.641 
7.185 2.095 8.006 3.874 6.439 3.822 2.764 1.008 6.907 6.287 9.032 2.337 7.641 7.932 4.030 2.482 6.119 1.600 6.113 8.449 6.291 7.549 3.744 5.356 7.227 0.557 5.349 6.175 5.683 5.926 3.806 4.266 9.768 3.573 5.408 4.894 4.712 4.225 8.567 5.110 
3.618 6.717 1.015 7.025 2.335 6.095 5.194 7.505 0.626 4.719 2.865 5.302 7.437 2.439 4.036 6.584 1.930 6.690 0.946 7.071 3.905 2.477 6.397 2.716 4.456 7.142 7.117 5.182 6.226 7.652 9.445 4.940 2.768 8.445 7.539 3.211 2.399 5.286 2.336 2.877 
8.994 1.471 8.087 7.222 5.605 6.917 2.267 4.514 7.472 8.653 9.947 5.022 10.614 9.078 6.186 1.167 7.320 5.006 6.332 11.172 8.351 6.581 6.940 6.915 9.344 3.029 1.991 8.719 8.625 9.195 7.247 6.896 9.834 7.109 8.713 6.680 5.733 7.000 9.416 6.729 
6.301 4.407 3.920 7.462 1.216 6.692 2.963 6.456 3.768 6.769 6.195 5.052 9.384 5.641 4.853 4.122 4.324 6.100 2.594 9.418 6.118 2.181 6.904 4.488 6.974 5.487 3.842 7.083 7.672 8.837 9.038 5.915 5.556 8.331 8.532 4.634 3.222 6.203 5.665 4.452 
3.229 7.546 0.866 7.301 3.198 6.366 6.042 8.114 0.783 4.567 1.966 5.826 7.213 1.741 4.383 7.433 1.997 7.228 1.815 6.696 3.741 3.151 6.678 2.910 4.101 7.869 8.031 5.063 6.224 7.686 9.873 5.165 2.158 8.822 7.636 3.460 2.987 5.505 1.449 3.122 
0.806 7.235 4.314 4.442 5.507 3.582 6.108 6.400 3.060 1.094 3.432 4.085 3.774 2.305 2.383 7.315 1.795 5.303 3.688 3.486 0.280 6.038 3.893 1.540 1.020 6.805 9.046 1.599 2.843 4.313 7.308 2.442 5.341 6.155 4.357 1.680 2.864 2.697 3.212 1.666 
1.351 8.400 5.444 4.669 6.885 3.976 7.378 7.164 4.305 1.057 3.974 5.008 2.713 3.063 3.450 8.518 3.152 6.041 5.053 2.143 1.298 7.360 4.245 2.928 0.479 7.786 10.392 1.338 2.572 3.891 7.574 3.097 6.179 6.407 4.105 2.972 4.250 3.225 3.934 3.025 
8.557 8.582 0.618 2.656 5.896 5.107 3.930 4.239 5.832 5.148 7.705 7.446 0.336 2.383 2.289 6.581 1.402 2.288 2.227 5.804 2.066 4.148 1.662 5.576 5.780 2.709 7.342 5.870 1.820 6.674 3.924 7.527 4.388 7.506 7.239 6.722 4.323 5.040 5.727 7.183 4.223 7.920 3.572 8.318 3.672 7.210 3.924 4.096 5.657 7.577 4.365 3.411 2.307 5.330 8.261 6.430 8.129 3.252 2.954 5.770 6.681 6.094 2.886 1.693 7.486 7.419 1.932 4.730 5.617 2.480 2.994 5.192 4.457 4.769 2.947 1.539 3.720 4.360 3.928 4.063 7.747 8.289 1.171 5.197 4.222 4.202 7.632 0.333 3.124 4.814 5.685 2.938 5.344 2.486 1.824 4.162 4.423 4.562 6.986 3.776 
1.922 6.203 8.510 5.431 4.527 3.645 10.951 7.299 5.842 8.778 3.106 2.178 7.745 7.631 5.638 2.489 7.062 9.046 6.680 2.179 6.848 8.487 6.265 9.598 6.706 5.683 3.792 3.192 9.426 1.302 8.586 2.842 8.511 2.560 4.990 2.743 3.935 3.156 2.408 3.709 3.814 1.240 4.760 1.733 6.317 1.215 5.991 11.006 3.195 0.883 3.670 9.028 6.991 2.762 1.307 3.840 5.533 5.735 6.009 2.674 1.476 3.728 7.814 9.345 4.067 3.259 6.620 4.899 4.171 5.658 7.600 5.420 3.499 6.996 6.812 8.286 7.958 6.736 9.585 8.048 5.857 2.111 9.096 4.100 4.046 4.964 4.391 7.615 9.623 4.496 3.213 7.982 3.913 9.232 6.105 7.331 4.329 7.463 2.893 8.161 
7.288 10.950 4.505 3.340 3.563 6.647 7.864 7.746 2.649 1.346 8.959 8.294 4.307 1.721 3.913 7.603 4.925 6.380 2.190 5.626 5.497 0.872 3.811 2.102 2.106 2.794 8.968 4.528 3.905 6.394 1.057 5.807 0.874 5.942 9.405 7.892 3.913 6.064 5.285 5.036 5.348 6.997 3.277 7.131 6.802 7.539 6.875 8.057 6.998 7.753 4.377 7.467 1.911 5.005 8.549 4.372 10.339 6.005 5.870 4.964 6.162 4.234 1.267 3.945 5.115 5.487 5.164 7.067 7.560 4.819 6.745 2.494 5.236 1.016 6.360 5.613 7.509 0.974 8.009 0.432 10.167 6.905 4.588 3.578 5.732 6.535 9.472 3.888 7.212 3.152 7.045 1.293 7.118 6.574 4.007 0.329 3.347 8.088 5.346 0.695 
7.395 3.389 5.487 4.650 7.226 2.286 6.271 1.849 8.073 9.302 3.604 3.980 4.876 6.744 4.063 3.314 3.805 4.752 5.858 4.747 3.156 8.475 4.303 9.977 8.576 5.197 2.888 6.152 7.012 5.138 8.370 7.335 8.652 7.133 2.225 3.158 4.973 3.079 5.061 7.655 3.165 6.568 5.057 7.141 1.577 4.562 1.283 6.236 2.590 4.954 4.497 4.047 6.209 4.857 5.213 7.167 3.006 2.043 2.286 5.507 5.448 6.803 7.222 6.878 8.097 7.530 3.284 1.082 1.592 3.187 2.850 7.310 3.537 8.052 2.381 4.420 2.746 7.592 4.442 8.183 2.558 7.371 6.089 6.270 2.642 1.488 2.860 5.089 4.933 6.245 2.564 7.358 1.875 4.849 4.070 7.831 5.652 1.870 6.953 8.046 
4.715 10.098 6.252 3.538 0.964 5.793 9.607 8.150 0.386 3.529 7.543 6.706 5.754 3.826 4.265 6.221 5.893 7.831 3.472 3.888 6.238 3.607 4.569 4.320 1.226 3.159 7.789 2.322 6.212 4.417 3.823 3.171 3.523 3.355 8.545 6.560 2.770 5.013 3.468 2.316 4.600 4.591 2.767 4.599 7.033 5.739 6.956 9.764 5.934 5.836 3.278 8.613 3.498 3.365 6.606 1.751 9.422 6.141 6.154 2.995 4.084 1.760 3.645 6.208 2.352 2.802 5.869 6.668 6.796 5.096 7.516 0.499 4.292 1.813 6.895 6.961 8.230 1.821 9.215 3.189 9.416 4.314 6.563 1.603 5.110 6.249 8.381 5.378 8.654 1.490 5.984 3.763 6.320 8.044 4.641 2.444 2.075 8.469 2.788 3.452 
6.972 4.222 4.696 3.722 6.432 1.847 5.896 1.812 7.216 8.367 3.834 3.989 4.043 5.814 3.128 3.201 2.977 4.210 4.923 4.171 2.364 7.540 3.375 9.041 7.689 4.268 3.245 5.443 6.184 4.689 7.437 6.741 7.716 6.562 2.893 3.143 4.156 2.518 4.436 6.974 2.405 6.153 4.170 6.713 0.971 4.351 0.597 5.893 2.310 4.760 3.708 3.743 5.274 4.185 5.153 6.438 3.764 1.136 1.413 4.844 4.954 6.065 6.290 6.054 7.411 6.897 2.435 0.616 1.591 2.254 2.383 6.449 2.808 7.135 1.733 3.747 2.533 6.672 4.231 7.247 3.389 6.901 5.315 5.472 1.890 0.658 3.385 4.224 4.531 5.411 2.301 6.426 1.626 4.338 3.141 6.901 4.813 1.995 6.321 7.111 
1.942 6.870 7.335 4.125 3.031 3.322 10.053 6.861 4.340 7.234 3.917 2.980 6.591 6.181 4.459 2.813 6.049 8.120 5.267 1.001 5.959 6.955 5.077 8.054 5.191 4.299 4.401 1.658 8.107 0.569 7.062 1.832 6.973 1.586 5.453 3.155 2.518 2.581 1.005 2.479 2.951 1.202 3.352 1.683 5.772 1.897 5.501 10.134 3.077 1.901 2.367 8.304 5.557 1.401 2.646 2.417 6.174 5.041 5.262 1.146 0.173 2.243 6.331 8.037 2.900 2.148 5.677 4.593 4.142 4.677 6.900 3.884 2.552 5.452 6.111 7.303 7.379 5.192 8.893 6.515 6.362 1.810 7.888 2.555 3.341 4.482 5.031 6.406 8.778 2.954 3.115 6.496 3.752 8.320 4.952 5.792 2.822 7.083 1.633 6.637 
4.989 3.175 7.666 5.419 6.391 2.103 9.259 5.007 7.582 9.833 0.505 0.936 6.922 7.862 5.211 0.976 5.957 7.531 6.847 3.341 5.485 9.246 5.743 10.619 8.324 5.891 0.709 5.008 8.970 3.140 9.245 5.520 9.352 5.255 1.900 0.640 4.672 2.467 3.768 6.173 3.260 4.218 5.243 4.774 4.333 1.945 3.960 9.257 1.594 2.211 4.169 7.097 7.216 3.831 2.160 5.978 2.485 4.151 4.481 4.273 3.538 5.705 8.219 8.856 6.603 5.857 5.412 2.770 1.773 4.724 5.745 6.936 3.291 8.210 5.057 6.968 5.846 7.821 7.559 8.855 2.764 5.110 8.300 5.595 3.047 3.150 1.333 6.964 7.894 5.806 1.556 8.383 1.887 7.673 5.514 8.277 5.348 5.064 5.336 8.844 
6.781 9.638 3.498 2.010 3.361 5.384 6.897 6.396 2.939 2.693 7.793 7.196 3.144 0.981 2.549 6.452 3.628 5.260 0.857 4.686 4.168 1.932 2.457 3.392 2.791 1.476 7.737 3.921 3.345 5.521 1.913 5.430 2.072 5.505 8.105 6.720 2.906 4.865 4.405 4.822 4.101 6.355 2.144 6.588 5.438 6.541 5.508 7.072 5.774 6.800 3.296 6.253 0.684 4.070 7.588 4.079 9.041 4.639 4.504 4.183 5.352 3.836 1.007 3.337 5.016 5.191 3.826 5.725 6.264 3.453 5.435 2.426 4.044 1.792 5.013 4.441 6.198 1.369 6.819 1.586 8.845 6.430 3.731 3.008 4.445 5.188 8.215 2.731 6.098 2.551 5.819 1.172 5.834 5.464 2.646 1.289 2.506 6.737 4.914 1.517 
8.389 7.094 1.791 2.930 6.395 4.118 3.591 2.606 6.648 6.581 6.607 6.519 1.302 3.785 2.253 5.653 0.528 1.658 3.271 5.469 0.623 5.611 1.852 7.088 6.786 3.262 6.128 5.999 3.351 6.271 5.419 7.617 5.837 7.536 5.846 5.723 4.390 4.298 5.515 7.472 3.600 7.660 3.844 8.134 2.133 6.508 2.437 3.680 4.688 6.905 4.236 2.193 3.496 5.135 7.498 6.761 6.694 1.960 1.630 5.700 6.375 6.390 4.307 3.214 7.837 7.602 0.793 3.428 4.397 1.786 1.387 5.923 3.947 5.897 1.353 0.885 2.140 5.446 2.794 5.455 6.265 8.185 2.383 5.544 3.403 2.967 6.329 1.649 2.364 5.254 4.705 4.391 4.222 1.859 1.801 5.399 4.736 2.929 7.095 5.209 
9.274 11.132 2.865 3.924 5.798 7.213 5.826 7.020 5.120 2.961 9.780 9.316 3.115 1.580 4.089 8.505 4.113 4.758 2.542 7.040 4.787 2.033 3.624 3.101 4.653 3.553 9.575 6.413 1.614 7.905 1.733 7.921 2.271 8.000 9.693 8.725 5.270 6.881 6.804 7.279 6.050 8.829 4.447 9.079 6.364 8.802 6.568 6.041 7.695 9.101 5.573 6.040 2.215 6.444 9.869 6.549 10.616 5.792 5.541 6.634 7.774 6.323 1.539 1.710 7.437 7.669 4.573 7.175 7.933 4.751 5.782 4.786 6.117 3.550 5.694 4.219 6.501 3.365 6.474 2.239 10.303 8.926 2.628 5.505 6.251 6.621 9.964 2.795 5.511 5.047 7.734 1.405 7.572 4.908 3.865 2.814 4.970 7.346 7.408 1.891 
5.035 4.698 5.374 3.082 4.858 0.337 7.392 3.727 5.843 7.651 2.878 2.586 4.613 5.512 2.831 1.716 3.719 5.531 4.504 2.263 3.358 6.984 3.367 8.410 6.462 3.585 2.692 3.690 6.613 2.752 6.957 4.850 7.111 4.656 3.135 1.855 2.719 0.592 2.571 5.171 0.965 4.218 3.075 4.776 2.694 2.587 2.384 7.431 0.793 2.996 2.200 5.405 4.875 2.382 3.539 4.715 4.055 2.132 2.429 3.024 3.017 4.361 5.893 6.502 5.616 5.040 3.203 1.438 1.325 2.394 3.978 5.113 1.185 6.146 3.196 4.848 4.334 5.719 5.957 6.616 3.967 4.963 6.002 3.926 0.667 1.350 3.163 4.618 6.043 3.988 0.827 6.053 0.850 5.703 3.142 6.102 3.431 3.931 4.462 6.570 
10.534 6.849 3.810 5.597 9.028 5.601 2.494 2.127 9.365 9.174 7.555 7.802 3.774 6.389 4.882 7.020 3.254 1.955 5.985 7.603 2.905 8.178 4.567 9.599 9.517 5.974 6.863 8.459 5.238 8.283 7.954 9.999 8.416 9.876 6.102 6.956 6.890 6.110 7.753 9.985 5.651 9.744 6.464 10.273 2.917 8.140 3.261 2.396 6.111 8.551 6.627 0.632 6.184 7.413 8.972 9.312 6.704 3.557 3.346 8.039 8.478 8.932 6.903 5.105 10.378 10.048 3.270 4.435 5.375 4.171 1.715 8.629 6.062 8.617 2.491 2.494 1.287 8.170 0.505 8.076 6.125 10.396 4.115 8.132 5.267 4.271 6.809 4.190 1.450 7.887 6.106 6.963 5.444 1.859 4.483 8.090 7.336 2.158 9.506 7.800 
8.473 9.957 2.014 2.851 5.230 6.063 5.304 5.921 4.800 3.453 8.644 8.213 2.058 0.940 2.939 7.388 2.990 3.942 1.585 6.059 3.659 2.445 2.453 3.828 4.526 2.555 8.418 5.626 1.456 6.937 2.198 7.212 2.693 7.258 8.519 7.596 4.329 5.767 5.862 6.669 4.930 7.963 3.495 8.262 5.216 7.754 5.408 5.501 6.557 8.071 4.572 5.147 1.354 5.485 8.824 5.916 9.441 4.622 4.376 5.750 6.842 5.644 1.305 1.455 6.886 7.008 3.424 6.001 6.764 3.577 4.724 4.314 5.028 3.430 4.571 3.279 5.464 3.110 5.635 2.437 9.129 8.147 2.019 4.774 5.105 5.446 8.797 1.691 4.750 4.327 6.594 1.295 6.410 4.119 2.693 2.727 4.139 6.253 6.682 2.114 
5.955 6.007 3.679 1.661 4.544 1.992 6.046 3.307 5.197 6.341 4.596 4.291 2.911 3.937 1.178 3.428 2.114 4.120 2.970 3.018 1.942 5.562 1.651 7.045 5.625 2.210 4.330 3.796 4.885 3.804 5.490 5.321 5.721 5.204 4.501 3.583 2.285 1.902 3.106 5.336 1.138 5.207 2.123 5.698 2.169 4.107 2.080 6.121 2.520 4.491 1.958 4.323 3.338 2.747 5.137 4.700 5.436 1.279 1.367 3.363 3.921 4.317 4.370 4.775 5.745 5.373 1.676 2.070 2.694 0.713 2.964 4.425 1.480 5.057 2.208 3.336 3.558 4.595 4.925 5.240 5.202 5.776 4.301 3.595 1.069 1.537 4.718 2.893 4.761 3.453 2.552 4.520 2.322 4.314 1.420 4.846 2.858 3.612 4.828 5.135 
1.514 6.608 8.576 5.436 4.269 3.904 11.111 7.561 5.583 8.587 3.512 2.578 7.817 7.563 5.694 2.839 7.179 9.195 6.635 2.184 7.001 8.338 6.320 9.406 6.454 5.651 4.188 2.982 9.433 1.308 8.450 2.476 8.351 2.195 5.378 3.109 3.880 3.351 2.344 3.366 3.951 0.841 4.713 1.322 6.552 1.575 6.237 11.174 3.485 1.277 3.665 9.231 6.933 2.722 1.704 3.550 5.935 5.933 6.196 2.538 1.368 3.470 7.721 9.357 3.708 2.901 6.756 5.174 4.490 5.778 7.805 5.201 3.608 6.799 7.014 8.416 8.192 6.560 9.797 7.897 6.251 1.701 9.150 3.914 4.227 5.204 4.791 7.666 9.796 4.329 3.508 7.887 4.206 9.385 6.172 7.168 4.214 7.737 2.571 8.025 
6.779 8.447 2.578 1.018 3.918 4.341 5.877 5.020 3.916 4.027 6.879 6.403 2.019 1.494 1.273 5.593 2.291 4.101 0.552 4.241 2.798 3.166 1.081 4.671 3.986 0.789 6.714 3.991 3.044 5.122 3.065 5.634 3.349 5.640 6.947 5.818 2.555 3.969 4.069 5.229 3.141 6.214 1.733 6.554 4.075 5.919 4.164 6.031 4.801 6.236 2.750 4.977 0.902 3.684 6.989 4.472 7.882 3.301 3.145 4.007 5.050 4.148 1.929 2.980 5.518 5.493 2.452 4.489 5.132 2.124 4.076 3.239 3.206 3.102 3.637 3.240 4.836 2.645 5.561 2.892 7.636 6.478 2.998 3.250 3.377 3.938 7.140 1.658 4.931 2.849 4.841 2.075 4.737 4.313 1.277 2.664 2.507 5.360 5.094 2.737 
5.287 3.419 6.560 4.484 5.967 1.080 8.162 3.999 7.059 9.037 1.622 1.727 5.822 6.908 4.197 1.051 4.843 6.414 5.902 3.032 4.362 8.385 4.697 9.803 7.735 4.987 1.294 4.665 7.891 3.142 8.359 5.502 8.509 5.263 1.877 0.888 3.996 1.690 3.433 6.011 2.357 4.468 4.445 5.045 3.242 2.322 2.870 8.167 0.746 2.700 3.473 6.023 6.274 3.380 2.942 5.684 2.744 3.028 3.358 3.938 3.507 5.366 7.294 7.774 6.456 5.777 4.295 1.672 0.708 3.643 4.650 6.360 2.495 7.495 3.945 5.845 4.798 7.079 6.505 8.013 2.773 5.323 7.193 5.088 2.043 2.027 1.771 5.880 6.796 5.222 0.696 7.454 0.768 6.560 4.463 7.484 4.703 4.095 5.217 7.972 
5.609 9.236 4.415 1.901 2.183 4.883 7.766 6.592 2.015 3.176 7.091 6.401 3.915 2.173 2.616 5.730 4.120 6.003 1.641 3.725 4.530 2.725 2.807 3.976 2.196 1.419 7.146 2.761 4.492 4.508 2.815 4.235 2.773 4.316 7.676 6.030 2.017 4.235 3.393 3.629 3.584 5.222 1.472 5.424 5.528 5.635 5.517 7.924 5.181 5.853 2.498 6.837 1.718 3.104 6.649 2.882 8.600 4.658 4.605 3.103 4.296 2.638 2.165 4.472 3.838 3.993 4.162 5.478 5.840 3.517 5.822 1.350 3.413 1.608 5.266 5.138 6.561 1.174 7.432 2.293 8.481 5.250 4.747 1.828 4.022 4.984 7.676 3.537 6.831 1.371 5.230 2.320 5.379 6.215 2.916 1.629 1.451 6.924 3.723 2.390 
10.982 8.074 3.084 5.573 9.036 6.318 1.255 3.211 9.188 8.549 8.503 8.638 3.304 5.843 4.917 7.813 3.171 1.188 5.641 8.042 3.092 7.541 4.465 8.883 9.219 5.851 7.864 8.665 4.300 8.798 7.290 10.275 7.788 10.185 7.215 7.797 7.058 6.698 8.127 10.140 6.110 10.227 6.502 10.724 3.710 8.840 4.082 1.221 6.864 9.250 6.885 0.977 5.768 7.758 9.747 9.426 7.880 4.125 3.844 8.343 8.942 9.056 6.331 4.178 10.503 10.268 3.404 5.280 6.267 4.401 2.307 8.493 6.494 8.235 3.063 2.034 2.285 7.815 0.849 7.504 7.322 10.801 3.215 8.204 5.811 5.003 7.879 3.717 0.350 7.899 6.868 6.363 6.254 0.988 4.450 7.636 7.395 3.326 9.757 7.199 
8.002 7.567 1.423 2.284 5.731 4.170 4.070 3.341 5.896 5.760 6.749 6.544 0.697 2.966 1.697 5.674 0.410 2.181 2.454 5.144 1.085 4.795 1.165 6.279 5.994 2.538 6.356 5.467 2.835 5.988 4.610 7.113 5.019 7.057 6.226 5.793 3.864 4.188 5.129 6.888 3.407 7.314 3.226 7.754 2.678 6.392 2.916 4.193 4.731 6.774 3.793 2.968 2.671 4.737 7.424 6.157 7.113 2.239 1.939 5.250 6.043 5.797 3.489 2.706 7.233 7.060 0.916 3.721 4.625 1.579 2.193 5.188 3.695 5.084 1.992 1.301 2.954 4.637 3.554 4.632 6.733 7.768 2.056 4.925 3.331 3.200 6.629 0.910 2.981 4.599 4.756 3.578 4.372 2.395 1.198 4.575 4.119 3.675 6.580 4.390 
5.653 11.169 6.595 4.281 2.032 6.839 9.993 8.969 0.727 2.814 8.651 7.817 6.202 3.930 5.006 7.324 6.509 8.317 3.861 4.999 6.932 3.177 5.205 3.532 0.367 3.821 8.884 3.425 6.285 5.521 3.444 4.096 3.026 4.311 9.611 7.661 3.794 6.076 4.578 3.174 5.609 5.612 3.645 5.563 7.881 6.848 7.839 10.167 7.007 6.939 4.314 9.217 3.780 4.468 7.704 2.751 10.498 6.997 6.972 4.106 5.181 2.828 3.613 6.306 3.083 3.690 6.565 7.648 7.838 5.890 8.224 1.400 5.328 1.469 7.660 7.471 8.962 1.759 9.805 2.828 10.472 5.246 6.812 2.704 6.107 7.201 9.470 5.799 9.153 2.533 7.057 3.690 7.363 8.525 5.318 2.207 3.083 9.297 3.780 3.153 
7.039 3.910 4.992 4.022 6.655 1.891 6.072 1.840 7.471 8.676 3.666 3.891 4.348 6.132 3.438 3.139 3.280 4.434 5.237 4.293 2.656 7.853 3.694 9.353 7.961 4.569 3.037 5.625 6.490 4.761 7.752 6.876 8.029 6.687 2.607 3.047 4.388 2.625 4.580 7.146 2.603 6.215 4.440 6.781 1.180 4.332 0.821 6.059 2.299 4.736 3.925 3.888 5.589 4.348 5.084 6.631 3.464 1.453 1.724 5.005 5.045 6.261 6.606 6.359 7.585 7.048 2.743 0.606 1.459 2.570 2.572 6.706 2.993 7.426 1.976 4.009 2.637 6.965 4.348 7.558 3.076 6.986 5.607 5.696 2.082 0.880 3.133 4.536 4.712 5.653 2.282 6.743 1.586 4.552 3.459 7.203 5.057 1.972 6.471 7.424 
6.480 7.524 2.692 0.645 4.106 3.472 5.705 4.217 4.382 4.921 6.046 5.634 1.969 2.409 0.353 4.798 1.772 3.817 1.469 3.735 2.115 4.085 0.476 5.586 4.606 0.999 5.838 3.851 3.575 4.612 3.991 5.504 4.261 5.464 6.029 5.000 2.265 3.184 3.646 5.251 2.343 5.839 1.588 6.240 3.213 5.252 3.273 5.831 3.959 5.596 2.284 4.482 1.827 3.249 6.319 4.519 6.963 2.403 2.277 3.696 4.604 4.159 2.855 3.484 5.594 5.434 1.747 3.563 4.225 1.217 3.406 3.641 2.486 3.843 2.863 2.938 4.144 3.375 5.088 3.795 6.711 6.220 3.240 3.286 2.511 3.012 6.244 1.756 4.606 2.969 3.997 3.000 3.843 4.032 0.504 3.498 2.480 4.555 4.968 3.656 
8.986 8.184 0.739 3.193 6.577 5.080 3.183 3.595 6.613 6.018 7.623 7.472 0.693 3.257 2.666 6.602 1.171 1.428 3.034 6.136 1.680 5.017 2.088 6.430 6.609 3.361 7.177 6.410 2.315 6.981 4.787 8.063 5.258 8.017 6.932 6.700 4.818 5.154 6.116 7.796 4.388 8.304 4.137 8.739 3.222 7.365 3.527 3.329 5.647 7.750 4.773 2.545 3.152 5.723 8.387 7.054 7.784 3.005 2.679 6.224 7.035 6.702 3.760 2.176 8.124 7.992 1.708 4.490 5.442 2.546 2.294 5.945 4.685 5.619 2.433 0.676 2.971 5.200 3.054 4.937 7.355 8.746 1.296 5.817 4.282 4.006 7.401 1.101 2.267 5.464 5.668 3.809 5.234 1.633 2.165 5.026 5.020 3.899 7.527 4.649 
3.546 4.575 8.102 5.378 5.503 2.653 10.132 6.130 6.776 9.383 1.482 0.553 7.333 7.774 5.370 1.157 6.488 8.298 6.767 2.550 6.136 8.929 5.971 10.195 7.588 5.760 2.171 4.089 9.236 2.018 8.976 4.259 8.998 3.981 3.385 1.274 4.224 2.528 2.948 5.016 3.355 2.812 4.950 3.345 5.280 0.662 4.922 10.157 2.097 0.763 3.798 8.066 7.117 3.152 0.796 4.957 3.903 4.876 5.188 3.399 2.400 4.746 8.055 9.136 5.422 4.636 5.980 3.742 2.855 5.125 6.656 6.219 3.197 7.661 5.901 7.628 6.889 7.325 8.579 8.510 4.236 3.704 8.722 4.845 3.374 3.957 2.763 7.290 8.771 5.148 2.092 8.223 2.732 8.464 5.769 7.856 4.805 6.243 4.168 8.557 
1.384 9.463 10.180 6.909 4.205 6.502 13.130 10.082 5.248 8.531 6.365 5.443 9.482 8.446 7.402 5.666 9.096 11.198 7.723 4.202 9.089 8.620 7.980 9.294 6.077 6.905 7.056 3.701 10.671 3.631 8.817 2.064 8.549 2.056 8.244 5.957 5.251 5.797 4.059 2.725 6.150 2.205 5.995 1.627 8.993 4.430 8.723 13.228 6.182 4.145 5.318 11.483 7.921 4.423 4.440 3.418 8.796 8.249 8.456 3.853 3.360 3.642 8.427 10.628 2.705 2.294 8.782 7.786 7.233 7.781 10.095 5.270 5.739 6.840 9.310 10.350 10.595 6.790 12.080 8.191 9.118 1.413 10.670 4.500 6.560 7.702 7.656 9.229 11.900 4.949 6.213 8.573 6.890 11.404 7.902 7.433 5.186 10.300 2.601 8.424 
8.511 6.705 2.242 3.274 6.719 4.005 3.522 2.107 7.043 7.084 6.409 6.393 1.811 4.290 2.565 5.536 0.970 1.643 3.741 5.572 0.624 6.118 2.250 7.598 7.219 3.652 5.882 6.232 3.816 6.339 5.929 7.822 6.343 7.724 5.513 5.575 4.635 4.282 5.655 7.733 3.650 7.759 4.156 8.253 1.758 6.468 2.095 3.581 4.570 6.872 4.429 1.844 3.981 5.288 7.425 7.039 6.335 1.786 1.467 5.880 6.473 6.663 4.812 3.677 8.112 7.833 0.965 3.178 4.170 1.939 0.873 6.305 4.026 6.357 0.951 1.095 1.631 5.901 2.456 5.955 5.881 8.329 2.803 5.840 3.385 2.769 6.040 2.164 2.208 5.577 4.582 4.900 4.045 1.814 2.159 5.878 5.037 2.425 7.310 5.714 
8.567 5.533 3.555 4.067 7.346 3.612 4.046 0.787 7.860 8.265 5.691 5.858 3.121 5.497 3.341 5.054 2.162 2.504 4.833 5.652 1.529 7.325 3.231 8.822 8.148 4.536 5.058 6.627 5.132 6.305 7.154 8.108 7.540 7.969 4.485 5.013 5.116 4.124 5.830 8.171 3.711 7.770 4.825 8.306 0.930 6.152 1.289 4.032 4.130 6.563 4.790 1.870 5.116 5.507 7.003 7.536 5.232 1.615 1.471 6.150 6.513 7.154 6.016 4.993 8.582 8.190 1.856 2.485 3.461 2.481 0.601 7.097 4.129 7.378 0.687 2.303 0.741 6.912 2.370 7.126 4.728 8.444 4.095 6.412 3.298 2.280 5.104 3.450 2.691 6.227 4.127 6.117 3.481 2.591 3.069 6.970 5.644 1.114 7.634 6.910 
9.284 4.691 4.943 5.419 8.540 4.142 4.634 0.730 9.166 9.729 5.641 6.039 4.570 6.968 4.707 5.349 3.634 3.565 6.282 6.480 2.998 8.794 4.667 10.293 9.513 5.916 4.890 7.673 6.515 7.002 8.626 9.037 9.007 8.865 4.009 5.212 6.265 4.835 6.729 9.218 4.644 8.463 6.095 9.026 1.833 6.572 1.979 4.550 4.550 6.973 5.873 2.457 6.575 6.456 7.267 8.638 4.557 2.724 2.719 7.115 7.271 8.259 7.486 6.376 9.646 9.173 3.311 2.859 3.627 3.803 1.914 8.396 5.061 8.790 2.113 3.618 1.292 8.322 2.663 8.589 3.971 9.218 5.438 7.586 4.154 2.944 4.753 4.913 3.429 7.454 4.532 7.589 3.833 3.579 4.489 8.410 6.859 0.395 8.601 8.378 
7.780 0.510 8.393 7.119 8.912 3.865 8.932 4.495 9.996 11.787 2.785 3.693 7.763 9.421 6.664 3.647 6.694 7.591 8.466 5.942 6.057 11.050 7.024 12.519 10.651 7.657 2.090 7.596 9.904 5.895 10.985 8.288 11.201 8.029 1.073 3.305 6.903 4.608 6.354 8.885 5.152 7.016 7.262 7.569 4.487 4.744 4.185 8.862 3.688 4.993 6.379 6.711 8.833 6.323 4.788 8.607 0.384 4.856 5.139 6.864 6.287 8.299 9.865 9.772 9.324 8.604 6.158 3.461 2.893 5.887 5.691 9.286 5.374 10.339 5.289 7.321 5.418 9.904 6.983 10.713 0.363 7.908 8.999 8.031 4.720 4.017 1.479 7.949 7.658 8.151 3.638 10.013 3.356 7.666 6.783 10.254 7.614 4.357 8.064 10.626 
6.777 5.408 3.643 2.591 5.610 2.093 5.417 2.242 6.251 7.180 4.572 4.489 2.936 4.599 1.945 3.628 1.909 3.558 3.720 3.844 1.419 6.335 2.158 7.840 6.647 3.126 4.129 4.812 5.062 4.539 6.226 6.281 6.517 6.142 4.007 3.685 3.343 2.404 4.006 6.359 1.893 5.992 3.175 6.516 1.101 4.562 1.043 5.459 2.661 4.969 2.982 3.485 4.066 3.680 5.511 5.743 4.913 0.216 0.453 4.323 4.720 5.362 5.077 4.936 6.776 6.365 1.355 1.487 2.394 1.045 2.066 5.480 2.308 6.017 1.274 2.913 2.565 5.550 4.063 6.053 4.578 6.637 4.274 4.659 1.525 0.962 4.390 3.068 4.072 4.521 2.675 5.212 2.184 3.727 1.925 5.738 3.925 2.545 5.807 5.906 
9.004 12.539 5.102 4.920 5.235 8.308 8.184 8.943 4.138 0.937 10.693 10.057 5.167 2.700 5.382 9.343 6.014 7.031 3.573 7.413 6.656 0.995 5.132 0.742 3.374 4.396 10.658 6.295 3.972 8.184 1.051 7.491 0.916 7.648 11.016 9.622 5.687 7.775 7.075 6.665 7.023 8.756 5.009 8.860 8.117 9.322 8.246 8.398 8.693 9.541 6.135 8.264 3.214 6.792 10.338 6.051 11.953 7.397 7.211 6.751 7.949 5.954 2.202 4.067 6.683 7.143 6.369 8.597 9.179 6.234 7.804 4.174 6.950 2.548 7.561 6.400 8.557 2.706 8.739 1.400 11.736 8.613 4.957 5.350 7.366 8.049 11.139 4.778 7.814 4.933 8.739 2.077 8.754 7.196 5.357 2.094 5.136 9.281 7.057 1.408 
7.508 1.650 7.227 6.089 8.165 3.012 7.838 3.377 9.173 10.772 2.811 3.548 6.604 8.334 5.590 3.229 5.533 6.441 7.399 5.318 4.893 10.001 5.915 11.484 9.777 6.634 1.996 6.919 8.744 5.433 9.922 7.803 10.162 7.562 0.813 2.931 6.045 3.817 5.706 8.304 4.238 6.703 6.317 7.276 3.319 4.463 3.019 7.778 2.979 4.783 5.528 5.607 7.762 5.613 4.768 7.945 1.300 3.712 3.986 6.204 5.805 7.613 8.790 8.611 8.749 8.078 5.002 2.374 2.010 4.779 4.538 8.439 4.513 9.388 4.121 6.155 4.304 8.943 5.916 9.679 0.817 7.578 7.832 7.247 3.765 2.924 1.611 6.799 6.541 7.318 2.932 8.934 2.484 6.522 5.676 9.256 6.756 3.270 7.516 9.574 
8.831 4.227 5.111 5.247 8.251 3.684 5.093 0.781 8.938 9.680 5.103 5.514 4.667 6.955 4.555 4.839 3.671 3.890 6.210 6.068 3.007 8.769 4.587 10.275 9.328 5.764 4.351 7.324 6.688 6.554 8.616 8.641 8.974 8.460 3.480 4.692 5.969 4.407 6.336 8.862 4.283 8.007 5.862 8.574 1.618 6.074 1.668 5.021 4.066 6.472 5.552 2.881 6.521 6.080 6.747 8.306 4.057 2.493 2.550 6.739 6.835 7.929 7.467 6.549 9.295 8.795 3.282 2.399 3.115 3.636 2.100 8.166 4.694 8.655 2.094 3.833 1.623 8.186 3.146 8.540 3.482 8.778 5.641 7.292 3.779 2.549 4.218 4.981 3.843 7.187 4.045 7.579 3.346 3.928 4.391 8.315 6.589 0.532 8.220 8.347 
6.317 6.963 2.943 0.906 4.275 2.946 5.715 3.787 4.697 5.457 5.537 5.167 2.179 2.969 0.217 4.318 1.685 3.790 2.025 3.473 1.849 4.637 0.728 6.134 5.000 1.412 5.301 3.830 3.995 4.331 4.548 5.458 4.809 5.390 5.470 4.502 2.220 2.724 3.445 5.301 1.888 5.632 1.711 6.069 2.735 4.857 2.762 5.822 3.450 5.217 2.109 4.293 2.386 3.052 5.915 4.596 6.404 1.890 1.804 3.570 4.368 4.223 3.415 3.894 5.672 5.432 1.486 3.003 3.671 0.716 3.102 3.937 2.095 4.305 2.479 2.930 3.808 3.837 4.905 4.337 6.151 6.085 3.534 3.391 1.992 2.453 5.695 2.064 4.534 3.134 3.486 3.561 3.298 4.000 0.539 4.007 2.588 4.119 4.932 4.208 
5.225 7.573 3.969 0.697 2.861 3.240 7.026 5.089 3.365 4.747 5.590 5.000 3.275 2.855 1.304 4.248 3.047 5.128 1.862 2.656 3.262 4.114 1.799 5.512 3.784 0.853 5.559 2.531 4.632 3.535 4.115 4.187 4.225 4.157 6.018 4.518 0.980 2.667 2.476 3.933 1.939 4.632 0.300 4.993 3.977 4.404 3.919 7.149 3.590 4.697 1.172 5.703 2.199 2.090 5.468 3.209 6.947 3.087 3.093 2.438 3.456 2.843 3.135 4.563 4.286 4.110 2.900 3.799 4.176 2.046 4.506 2.594 1.842 3.287 3.848 4.251 5.196 2.842 6.315 3.729 6.809 4.944 4.476 1.987 2.349 3.315 6.061 3.019 5.902 1.721 3.637 3.303 3.722 5.341 1.772 3.198 1.180 5.409 3.648 3.712 
6.927 5.117 3.852 2.935 5.907 2.070 5.410 1.963 6.576 7.523 4.446 4.434 3.172 4.929 2.291 3.586 2.118 3.600 4.060 4.014 1.556 6.674 2.487 8.180 6.984 3.471 3.954 5.064 5.310 4.667 6.562 6.497 6.857 6.348 3.750 3.610 3.631 2.494 4.204 6.612 2.084 6.130 3.500 6.665 0.816 4.591 0.704 5.439 2.626 5.001 3.247 3.396 4.405 3.895 5.503 6.013 4.642 0.238 0.551 4.546 4.872 5.632 5.412 5.181 7.034 6.599 1.566 1.261 2.223 1.386 1.969 5.804 2.505 6.361 1.188 3.020 2.381 5.894 3.954 6.395 4.285 6.805 4.479 4.952 1.657 0.801 4.175 3.334 4.052 4.829 2.633 5.545 2.076 3.755 2.256 6.083 4.232 2.252 6.035 6.245 
8.739 10.793 2.850 3.460 5.266 6.795 6.002 6.831 4.617 2.702 9.342 8.853 2.966 1.061 3.682 8.052 3.897 4.779 2.052 6.530 4.564 1.714 3.263 2.977 4.188 3.061 9.165 5.878 1.859 7.391 1.430 7.384 1.964 7.464 9.332 8.281 4.756 6.429 6.287 6.746 5.604 8.299 3.938 8.545 6.107 8.312 6.288 6.209 7.264 8.604 5.073 6.018 1.710 5.930 9.376 6.015 10.260 5.484 5.251 6.107 7.253 5.787 1.009 1.923 6.909 7.134 4.318 6.827 7.548 4.399 5.634 4.261 5.652 3.078 5.476 4.161 6.372 2.863 6.487 1.837 9.969 8.390 2.731 4.968 5.832 6.270 9.573 2.602 5.566 4.510 7.304 0.884 7.172 4.945 3.503 2.340 4.440 7.163 6.872 1.486 
6.319 7.290 2.869 0.632 4.080 3.221 5.795 4.093 4.431 5.118 5.795 5.387 2.127 2.648 0.123 4.549 1.804 3.888 1.690 3.537 2.070 4.300 0.610 5.795 4.701 1.095 5.588 3.740 3.808 4.410 4.214 5.386 4.470 5.335 5.790 4.749 2.138 2.937 3.467 5.173 2.096 5.662 1.527 6.075 3.058 5.019 3.096 5.913 3.708 5.367 2.109 4.482 2.054 3.071 6.084 4.451 6.725 2.224 2.124 3.544 4.415 4.085 3.085 3.714 5.528 5.334 1.701 3.335 3.980 1.042 3.348 3.679 2.251 3.981 2.762 3.014 4.071 3.512 5.092 3.998 6.480 6.068 3.433 3.228 2.260 2.787 5.997 1.949 4.659 2.938 3.746 3.233 3.595 4.101 0.532 3.671 2.420 4.428 4.853 3.871 
