30 80 30
27.129 47.082 26.050 55.216 11.638 12.203 67.178 48.769 49.467 30.245 27.817 39.442 39.694 63.046 31.665 38.056 19.677 33.726 43.451 60.199 46.146 29.835 14.672 41.862 20.015 12.480 58.159 35.561 39.673 56.912 
7.904 25.691 13.363 8.816 8.669 8.112 4.235 13.486 14.212 7.767 16.291 24.849 4.865 4.065 16.981 22.137 23.618 23.304 19.307 10.606 16.839 16.702 4.595 2.014 17.296 3.445 12.759 13.858 22.130 16.594 23.271 25.816 22.972 2.303 17.895 19.705 22.162 14.175 1.879 11.467 19.275 18.353 5.182 25.412 19.482 9.258 11.284 10.295 15.772 12.457 7.972 3.296 5.236 6.430 16.291 19.497 20.323 18.018 25.012 12.476 14.551 16.266 16.537 5.617 25.488 6.070 9.184 16.095 12.380 22.515 22.153 16.169 8.155 9.485 3.903 8.330 24.706 11.492 11.676 18.821 
6.846 22.679 17.211 32.910 6.453 26.874 28.348 10.600 5.773 14.655 21.094 20.621 14.650 9.406 11.716 28.360 17.534 22.468 29.787 14.836 15.939 19.956 28.213 17.778 20.130 16.619 6.023 23.461 22.495 30.097 
793.472 1312.686 991.261 821.903 799.552 732.318 539.901 935.662 1063.033 768.755 1100.148 1334.059 605.445 600.619 1155.722 1262.366 1286.758 1297.632 1172.525 939.922 1161.504 1115.104 626.722 419.543 1133.652 529.200 967.960 998.936 1236.018 1059.260 1346.806 1411.596 1298.170 480.565 1174.909 1214.891 1254.369 1026.596 388.079 902.636 1180.113 1165.256 635.117 1347.784 1169.827 790.475 978.952 867.976 1012.308 926.555 811.863 478.287 676.152 691.182 1037.972 1196.517 1231.077 1082.320 1323.928 965.529 979.652 1148.303 1126.287 681.169 1370.600 713.336 821.173 1126.699 948.179 1343.479 1223.437 1130.387 757.870 887.193 565.063 803.472 1304.102 975.673 899.836 1153.694 
6.710 9.057 12.056 9.610 12.462 9.941 11.904 10.034 4.705 11.835 1.368 7.242 14.140 12.159 14.130 14.085 7.703 6.772 12.234 9.555 7.217 7.482 17.095 3.544 8.243 12.075 9.265 0.630 2.517 1.141 15.581 8.025 3.252 14.759 4.514 15.593 11.159 14.284 0.846 14.181 3.218 13.265 13.391 11.571 7.520 13.507 12.381 4.124 10.160 14.201 5.057 10.905 9.802 9.634 2.399 13.292 1.954 10.422 9.984 8.669 3.761 12.657 13.188 3.117 10.119 0.274 12.704 9.141 13.380 8.376 14.295 7.135 7.622 10.839 10.173 12.240 2.296 7.260 5.577 12.541 
5.407 5.112 8.004 3.233 14.564 3.436 9.797 1.680 6.966 6.047 10.241 4.149 13.422 13.740 12.671 9.417 7.769 4.945 9.774 12.962 8.599 10.246 7.566 11.738 5.076 12.476 6.147 10.885 13.316 10.822 5.994 11.645 10.716 8.030 9.012 7.750 3.477 10.325 11.279 13.228 8.439 14.131 2.389 0.234 3.915 15.057 3.804 7.263 12.406 9.846 6.354 2.366 1.737 3.807 9.310 14.576 11.540 2.296 4.389 3.140 8.174 11.058 2.014 8.892 3.024 11.115 9.555 5.486 13.413 3.308 3.889 6.452 6.119 1.195 5.524 1.905 9.156 9.013 12.390 11.288 
3.837 6.863 10.357 0.906 16.224 5.521 11.938 1.675 6.841 8.536 9.603 4.040 15.552 15.455 14.890 11.979 9.055 5.323 11.981 14.234 9.720 11.339 10.376 11.726 2.736 14.340 7.958 9.931 12.762 10.220 8.829 12.734 10.689 10.796 9.315 10.596 6.009 12.828 10.618 15.389 8.068 16.009 5.085 2.817 4.100 16.853 1.993 6.616 13.883 12.384 5.938 4.877 1.981 5.764 8.188 16.398 11.145 4.583 1.554 4.287 8.022 13.203 4.639 8.651 0.399 10.259 11.873 2.768 15.406 4.219 6.675 4.231 3.786 3.683 2.665 2.101 8.218 10.129 12.809 13.385 
9.302 3.039 0.906 9.277 7.941 3.949 2.700 7.793 7.241 1.379 10.069 6.924 6.279 7.071 5.506 2.888 3.863 6.014 2.623 7.276 4.648 5.638 6.887 9.560 10.264 5.635 2.280 11.260 12.104 10.374 5.905 6.656 8.895 3.448 7.061 4.593 3.718 3.504 10.837 6.074 8.393 7.205 6.812 7.361 6.531 8.210 10.916 8.443 6.329 3.172 7.656 4.799 7.500 3.748 10.579 7.709 10.372 4.945 10.635 5.481 7.764 3.928 7.072 8.328 9.403 11.191 2.409 11.221 6.372 5.711 6.229 10.956 10.935 6.002 11.750 9.066 10.071 4.855 8.945 4.193 
9.643 6.390 6.951 11.484 5.392 8.095 5.819 10.788 5.865 7.893 6.126 8.151 7.157 5.036 7.317 8.553 3.583 6.832 6.205 2.554 2.669 1.164 13.648 3.856 11.283 5.054 5.686 7.330 6.507 6.016 12.517 0.908 3.873 10.120 3.420 11.369 8.890 8.362 6.293 7.242 5.640 6.143 12.153 11.464 8.049 6.410 14.094 6.887 3.036 8.484 6.878 9.409 10.444 7.670 7.802 6.172 5.317 9.162 12.560 8.168 5.163 6.131 12.206 5.076 11.873 7.003 6.850 12.424 6.324 8.101 12.235 11.058 11.339 10.144 13.344 12.903 7.205 2.274 2.362 5.912 
7.596 6.617 8.655 5.110 15.748 4.886 10.638 3.821 9.148 6.626 12.464 6.386 14.169 14.894 13.326 9.649 9.412 7.082 10.535 14.463 10.304 11.916 6.220 13.830 7.046 13.523 7.516 13.132 15.514 13.038 4.840 13.285 12.823 7.812 11.051 7.144 4.348 10.633 13.500 13.943 10.641 15.129 1.205 2.092 6.128 16.115 4.424 9.504 13.777 10.108 8.583 3.576 3.950 5.308 11.563 15.618 13.720 3.815 5.989 5.189 10.341 11.849 0.866 11.068 4.757 13.356 10.180 7.230 14.309 5.413 2.662 8.495 8.112 2.945 7.009 2.512 11.406 10.707 14.334 12.127 
3.051 7.672 11.393 1.251 16.744 6.576 12.814 2.919 6.635 9.691 8.951 4.213 16.376 16.018 15.781 13.138 9.511 5.555 12.898 14.549 10.058 11.613 11.950 11.363 1.473 15.008 8.746 9.088 12.074 9.568 10.386 12.971 10.347 12.135 9.210 12.038 7.257 13.935 9.920 16.236 7.638 16.666 6.682 4.378 4.427 17.450 2.815 6.116 14.324 13.521 5.640 6.164 3.118 6.742 7.310 17.016 10.583 5.794 0.289 5.058 7.721 14.063 6.243 8.266 1.371 9.462 12.864 1.154 16.144 4.893 8.256 2.875 2.380 5.044 1.262 3.672 7.447 10.451 12.663 14.212 
7.722 2.132 3.173 8.468 7.366 3.838 3.531 7.293 4.968 3.396 7.531 5.496 6.882 6.573 6.405 5.221 1.274 4.290 3.748 5.798 2.131 3.444 9.164 6.986 8.995 5.457 1.153 8.748 9.509 7.808 7.952 4.713 6.299 6.033 4.468 7.094 4.398 5.538 8.264 6.773 5.942 7.123 7.730 7.471 5.188 7.958 10.645 6.229 5.166 5.378 5.581 5.106 6.954 3.442 8.221 7.503 7.776 4.984 9.761 4.608 5.299 4.676 7.847 5.808 8.725 8.651 4.026 10.067 6.587 4.702 7.666 9.380 9.465 6.064 10.777 9.087 7.678 2.416 6.537 4.756 
14.980 9.396 6.570 15.873 2.157 10.888 4.551 14.620 11.635 8.579 12.812 12.871 1.416 1.874 2.376 6.368 7.650 11.599 4.673 4.606 7.440 6.496 12.828 10.587 16.363 2.006 8.301 14.048 13.151 12.759 12.441 5.887 10.631 8.747 9.763 10.154 10.930 5.465 13.056 1.710 11.962 0.702 14.054 14.498 12.586 1.444 17.916 12.867 3.743 5.964 12.504 11.949 14.291 10.568 14.288 1.094 12.084 12.000 17.174 11.988 11.370 3.367 14.323 11.513 16.111 13.747 5.137 17.456 0.880 12.106 13.326 16.599 16.745 13.096 18.187 16.190 13.685 7.169 8.781 3.066 
7.491 1.313 2.763 7.435 9.140 2.153 4.305 5.989 5.794 1.585 8.899 5.108 7.935 8.295 7.236 4.665 3.346 4.302 4.324 7.927 4.277 5.679 7.102 8.905 8.411 6.977 1.181 10.018 11.270 9.283 5.792 6.938 8.099 4.563 6.177 5.329 2.278 5.352 9.763 7.757 7.103 8.622 5.608 5.730 4.705 9.567 9.189 6.914 7.171 4.991 6.055 3.194 5.684 1.906 9.137 9.080 9.464 3.234 8.791 3.624 6.513 5.572 5.777 7.155 7.578 10.011 4.227 9.364 7.894 3.858 5.436 9.135 9.098 4.328 9.900 7.421 8.673 4.609 8.687 5.784 
13.514 8.273 6.066 12.146 12.749 7.794 7.681 10.474 12.762 5.514 15.954 11.309 9.817 11.927 8.837 4.976 10.078 10.979 7.331 13.046 10.907 11.870 2.209 15.791 13.799 10.435 8.124 17.053 18.268 16.341 3.186 12.760 15.067 2.893 13.174 1.731 6.630 5.760 16.821 9.524 14.137 11.515 6.969 9.041 10.887 12.560 12.380 13.778 11.940 5.305 12.847 7.455 10.349 7.963 16.053 12.086 16.486 7.942 13.372 9.526 13.561 8.261 7.437 14.212 12.001 17.062 6.639 14.405 10.474 9.853 5.370 14.960 14.748 8.378 14.512 10.354 15.635 11.126 15.209 8.630 
13.790 8.843 6.944 15.069 0.669 10.499 4.910 13.996 10.207 8.772 10.914 11.878 3.383 0.536 4.087 7.419 6.567 10.549 5.189 2.374 6.103 4.810 13.749 8.477 15.297 1.961 7.786 12.113 10.960 10.792 13.102 3.879 8.643 9.684 8.051 11.109 10.804 6.701 11.047 3.615 10.294 1.638 14.096 14.157 11.652 1.623 17.357 11.372 1.850 7.105 11.153 11.697 13.654 10.126 12.543 1.447 10.024 11.647 16.303 11.291 9.750 4.134 14.297 9.780 15.368 11.777 5.832 16.423 2.395 11.347 13.622 15.343 15.548 12.743 17.239 15.797 11.941 5.754 6.582 3.765 
7.455 6.648 8.770 4.936 15.826 4.912 10.741 3.681 9.079 6.739 12.381 6.295 14.283 14.974 13.447 9.795 9.434 7.023 10.645 14.507 10.320 11.938 6.425 13.786 6.875 13.612 7.564 13.033 15.442 12.959 5.040 13.313 12.776 7.980 11.017 7.330 4.422 10.775 13.418 14.060 10.566 15.224 1.366 1.975 6.047 16.205 4.219 9.411 13.836 10.252 8.497 3.610 3.823 5.333 11.452 15.710 13.654 3.823 5.798 5.143 10.277 11.957 0.986 11.002 4.575 13.263 10.299 7.043 14.412 5.358 2.857 8.330 7.942 2.913 6.812 2.310 11.305 10.724 14.319 12.233 
7.570 8.458 10.982 10.321 10.644 9.622 10.563 10.445 4.640 11.056 1.719 7.505 12.510 10.389 12.578 12.941 6.607 6.715 10.916 7.733 5.957 5.905 16.580 1.648 9.229 10.419 8.446 2.352 1.764 1.156 15.142 6.269 1.639 13.875 3.402 14.839 10.792 13.030 1.094 12.573 3.182 11.519 13.386 11.809 7.692 11.703 13.145 4.577 8.414 13.006 5.330 10.734 10.169 9.264 3.715 11.512 0.084 10.290 10.910 8.637 3.450 11.197 13.245 2.720 10.817 1.903 11.444 10.236 11.705 8.385 14.094 8.332 8.780 10.884 11.271 12.713 3.326 5.911 3.677 11.046 
2.574 7.778 11.582 1.705 16.654 6.819 12.912 3.365 6.300 9.957 8.415 4.118 16.435 15.949 15.875 13.388 9.429 5.436 13.018 14.373 9.918 11.432 12.501 10.921 0.875 14.994 8.828 8.487 11.512 9.029 10.921 12.767 9.918 12.498 8.886 12.472 7.594 14.153 9.363 16.306 7.197 16.641 7.273 4.946 4.390 17.394 3.527 5.668 14.205 13.757 5.285 6.536 3.507 6.945 6.707 16.971 10.070 6.131 0.962 5.199 7.331 14.149 6.845 7.836 1.975 8.873 13.022 0.571 16.160 4.994 8.822 2.164 1.662 5.475 1.279 4.367 6.879 10.301 12.299 14.280 
8.020 7.691 9.801 10.563 9.094 9.047 9.207 10.439 4.571 10.091 2.746 7.480 10.995 8.838 11.096 11.694 5.498 6.471 9.571 6.183 4.736 4.446 15.753 0.333 9.727 8.897 7.503 3.738 2.810 2.403 14.383 4.723 0.707 12.801 2.542 13.850 10.151 11.712 2.554 11.066 3.398 9.971 12.986 11.633 7.585 10.151 13.379 4.926 6.868 11.726 5.459 10.250 10.134 8.657 4.750 9.960 1.487 9.849 11.318 8.324 3.372 9.766 12.898 2.768 11.039 3.336 10.132 10.802 10.175 8.116 13.531 9.030 9.433 10.570 11.821 12.713 4.240 4.620 2.208 9.596 
7.791 2.784 3.826 8.821 6.913 4.521 3.763 7.764 4.699 4.246 6.960 5.693 6.826 6.165 6.464 5.807 0.597 4.404 4.044 5.104 1.293 2.605 10.019 6.200 9.173 5.199 1.947 8.202 8.767 7.188 8.813 3.913 5.564 6.808 3.803 7.913 5.186 6.007 7.630 6.753 5.490 6.834 8.497 8.092 5.433 7.594 11.131 5.974 4.588 5.912 5.437 5.818 7.419 4.108 7.824 7.164 7.072 5.648 10.073 5.052 4.842 4.774 8.591 5.277 9.116 8.069 4.440 10.276 6.413 5.097 8.495 9.424 9.554 6.704 11.042 9.665 7.259 1.557 5.681 4.787 
10.285 8.303 9.276 12.541 6.689 9.924 8.137 12.117 6.550 10.112 5.493 9.264 9.092 6.598 9.392 10.888 5.589 8.048 8.525 3.853 4.653 3.449 15.886 2.564 11.991 7.006 7.756 6.485 4.772 5.158 14.694 2.864 3.203 12.440 3.991 13.666 10.847 10.674 5.267 9.220 5.770 7.773 14.001 13.037 9.261 7.770 15.287 7.252 4.801 10.812 7.551 11.222 11.786 9.502 7.463 7.659 4.149 10.911 13.461 9.671 5.516 8.361 14.001 5.120 12.980 6.067 9.179 13.108 8.176 9.539 14.245 11.479 11.840 11.805 14.095 14.335 6.923 4.328 0.567 8.111 
6.463 5.487 7.917 4.210 14.789 3.751 9.821 2.727 7.861 5.900 11.185 5.118 13.411 13.946 12.611 9.135 8.250 5.795 9.755 13.367 9.123 10.751 6.656 12.549 6.094 12.621 6.445 11.871 14.228 11.757 5.125 12.135 11.540 7.534 9.778 7.093 3.429 10.084 12.220 13.200 9.356 14.254 1.375 0.969 4.849 15.214 4.248 8.237 12.733 9.581 7.309 2.483 2.793 4.164 10.324 14.723 12.433 2.630 5.275 3.906 9.054 11.061 0.966 9.780 3.943 12.087 9.465 6.435 13.479 4.126 2.953 7.491 7.146 1.676 6.376 2.203 10.150 9.531 13.086 11.317 
12.592 6.332 2.429 12.407 7.437 7.068 2.747 10.843 10.404 3.967 12.972 10.212 4.583 6.626 3.605 0.561 6.603 9.301 2.359 8.022 7.147 7.546 6.909 11.960 13.510 5.151 5.517 14.208 14.624 13.200 6.666 8.089 11.474 2.864 9.807 4.240 6.517 0.477 13.635 4.298 11.429 6.205 9.009 10.125 9.814 7.255 13.764 11.640 6.863 0.122 10.896 7.657 10.577 6.938 13.699 6.775 13.017 7.920 13.766 8.714 10.785 2.989 9.373 11.273 12.482 14.084 1.706 14.433 5.169 8.963 7.931 14.243 14.211 8.881 14.903 11.802 13.163 7.203 10.902 3.354 
7.402 5.548 7.474 9.509 7.759 7.049 6.976 9.052 3.607 7.799 3.877 6.211 9.118 7.324 9.093 9.386 3.177 4.984 7.327 4.968 2.409 2.465 13.506 2.536 9.084 7.076 5.237 5.130 5.115 3.896 12.181 3.296 1.952 10.474 1.038 11.540 8.071 9.446 4.263 9.150 3.224 8.368 11.092 10.004 6.198 8.743 12.235 4.518 5.312 9.434 4.628 8.315 8.722 6.638 5.413 8.465 3.506 7.966 10.478 6.636 2.769 7.643 11.058 2.663 9.938 4.870 7.860 10.218 8.390 6.490 11.480 8.736 9.047 8.809 11.176 11.274 4.812 2.326 2.617 7.513 
6.319 3.863 6.258 4.765 13.085 2.137 8.128 3.087 6.860 4.265 10.262 4.451 11.731 12.241 10.947 7.599 6.663 4.760 8.074 11.714 7.562 9.166 6.234 11.307 6.411 10.914 4.772 11.083 13.187 10.798 4.617 10.532 10.330 6.226 8.489 6.041 1.735 8.518 11.276 11.525 8.381 12.548 1.990 1.980 4.088 13.507 5.624 7.462 11.052 8.032 6.493 0.823 2.951 2.561 9.680 13.017 11.359 1.151 6.039 2.847 7.993 9.375 1.977 8.726 4.670 11.243 7.810 7.015 11.781 3.146 2.833 7.636 7.386 0.982 7.196 3.663 9.417 7.962 11.670 9.625 
3.754 6.498 9.986 0.877 15.871 5.150 11.568 1.304 6.599 8.168 9.436 3.760 15.182 15.099 14.519 11.613 8.713 5.020 11.610 13.901 9.389 11.014 10.102 11.495 2.810 13.977 7.593 9.806 12.595 10.051 8.544 12.411 10.456 10.447 9.045 10.267 5.646 12.460 10.457 15.019 7.861 15.646 4.832 2.531 3.795 16.494 2.267 6.431 13.537 12.017 5.719 4.517 1.611 5.393 8.079 16.038 10.955 4.216 1.832 3.929 7.790 12.833 4.397 8.432 0.485 10.122 11.502 2.979 15.040 3.870 6.406 4.295 3.874 3.330 2.971 2.031 8.083 9.800 12.539 13.016 
7.907 5.999 7.713 10.044 7.471 7.534 7.075 9.590 4.118 8.153 4.063 6.748 9.015 7.085 9.048 9.575 3.511 5.522 7.438 4.628 2.669 2.372 13.889 2.279 9.595 6.944 5.625 5.288 4.943 4.001 12.590 2.986 1.916 10.763 1.534 11.866 8.533 9.580 4.324 9.065 3.629 8.161 11.589 10.532 6.736 8.479 12.772 4.982 5.072 9.598 5.138 8.810 9.259 7.119 5.727 8.225 3.458 8.470 11.004 7.163 3.222 7.663 11.563 3.032 10.475 4.989 8.001 10.726 8.248 7.022 11.944 9.214 9.536 9.326 11.690 11.810 5.132 2.507 2.088 7.508 
5.101 9.080 12.556 2.701 18.404 7.730 14.157 3.887 8.624 10.702 11.000 6.026 17.772 17.645 17.107 14.131 11.204 7.357 14.197 16.342 11.828 13.424 11.975 13.398 3.482 16.548 10.175 11.111 14.117 11.616 10.513 14.804 12.377 12.830 11.179 12.509 8.148 15.000 11.965 17.609 9.676 18.217 6.687 4.687 6.161 19.051 1.446 8.159 16.037 14.545 7.646 7.009 4.200 7.981 9.330 18.600 12.633 6.756 1.762 6.492 9.738 15.422 6.218 10.300 2.376 11.492 14.079 2.708 17.623 6.403 8.308 4.736 4.224 5.789 1.829 3.301 9.487 12.231 14.653 15.605 
10.198 7.691 8.440 12.302 5.963 9.355 7.255 11.766 6.411 9.353 5.838 8.987 8.236 5.807 8.513 10.017 4.920 7.721 7.642 3.075 3.982 2.638 15.118 3.084 11.888 6.141 7.070 6.924 5.514 5.582 13.963 1.973 3.492 11.610 3.826 12.857 10.223 9.788 5.757 8.356 5.829 6.974 13.432 12.588 8.945 7.037 15.001 7.244 3.953 9.933 7.430 10.664 11.429 8.930 7.724 6.893 4.672 10.380 13.287 9.240 5.484 7.468 13.456 5.197 12.723 6.535 8.301 13.019 7.333 9.133 13.600 11.484 11.816 11.315 13.983 13.948 7.157 3.625 1.136 7.220 
7.294 8.588 11.259 10.095 11.145 9.676 10.919 10.300 4.581 11.247 1.389 7.386 12.955 10.875 13.000 13.242 6.877 6.679 11.265 8.234 6.274 6.324 16.705 2.170 8.928 10.870 8.640 1.839 1.807 0.774 15.243 6.748 2.036 14.101 3.646 15.029 10.864 13.363 0.577 13.011 3.078 11.998 13.362 11.715 7.600 12.200 12.912 4.376 8.891 13.322 5.188 10.750 10.035 9.331 3.295 12.001 0.575 10.294 10.629 8.606 3.436 11.589 13.204 2.705 10.596 1.382 11.777 9.910 12.163 8.341 14.126 7.975 8.434 10.840 10.947 12.557 2.956 6.257 4.202 11.449 
7.703 2.462 3.556 6.989 10.611 1.857 5.478 5.376 6.808 1.562 10.100 5.392 9.050 9.750 8.249 4.966 4.988 4.975 5.397 9.568 5.926 7.357 5.668 10.410 8.299 8.359 2.826 11.139 12.667 10.539 4.241 8.616 9.550 4.009 7.620 4.344 1.018 5.848 11.025 8.838 8.238 9.961 4.071 4.664 4.966 10.949 8.283 7.781 8.766 5.382 6.844 2.158 5.131 1.965 10.061 10.451 10.837 2.449 8.338 3.644 7.700 6.706 4.304 8.389 7.021 11.187 5.107 9.115 9.148 3.956 3.760 9.259 9.130 3.382 9.490 6.362 9.660 6.271 10.315 6.972 
5.396 3.209 6.210 7.053 9.067 4.485 6.485 6.430 1.974 5.893 4.582 3.721 9.483 8.430 9.177 8.279 2.161 2.406 6.749 6.678 2.302 3.737 11.332 4.857 6.952 7.707 3.316 5.747 6.999 4.946 9.899 5.080 3.924 8.810 2.025 9.666 5.598 8.615 5.425 9.431 2.880 9.265 8.464 7.324 3.630 9.895 9.688 3.246 6.575 8.452 2.795 5.705 6.093 4.096 5.144 9.515 5.169 5.326 8.144 3.955 2.247 7.501 8.407 2.833 7.445 5.701 7.088 8.091 8.982 3.818 8.969 6.948 7.150 6.134 8.970 8.622 4.601 2.646 5.296 7.500 
4.285 7.244 10.673 7.164 12.535 7.854 10.912 7.596 2.736 10.113 1.707 4.873 13.638 12.076 13.460 12.748 6.559 4.604 11.197 9.734 6.354 7.146 15.056 4.576 5.876 11.688 7.675 1.903 4.767 2.301 13.498 8.071 3.751 13.091 3.868 13.780 9.082 13.097 2.617 13.628 1.690 13.082 11.067 9.167 5.185 13.509 9.949 1.790 10.071 12.931 2.764 8.696 7.373 7.595 0.675 13.214 3.406 8.197 7.596 6.419 2.326 11.847 10.839 2.124 7.672 2.196 11.563 6.840 13.003 6.108 12.065 4.908 5.363 8.513 7.877 9.789 0.168 6.533 6.386 11.800 
12.636 9.346 5.235 10.319 2.282 11.846 4.532 2.807 12.789 3.950 12.684 12.617 8.218 5.378 8.182 5.646 5.808 13.941 3.236 9.641 9.446 3.534 8.410 3.296 3.954 13.578 9.616 0.857 12.186 1.655 
8.497 5.912 8.097 5.006 6.717 6.501 4.219 5.692 6.555 2.554 8.134 6.709 6.780 9.259 2.629 1.701 6.489 8.899 4.746 3.687 8.400 7.248 2.568 4.179 3.781 7.348 3.598 7.063 5.972 6.917 
7.589 6.500 11.372 3.740 10.495 4.578 7.483 9.370 2.727 6.387 6.856 3.686 8.520 12.695 3.043 4.976 9.351 6.851 8.373 1.962 9.952 10.848 2.542 7.850 7.314 3.518 1.760 10.983 2.244 10.775 
14.266 11.108 2.360 9.235 5.203 12.868 2.926 5.499 12.479 3.994 14.137 13.226 10.508 2.934 7.542 6.666 8.409 12.431 5.577 9.098 11.900 6.451 9.037 5.376 5.881 13.696 9.138 2.836 12.372 4.577 
2.586 5.458 17.543 11.146 13.547 3.031 13.701 12.304 7.965 11.793 1.958 3.993 7.794 18.609 10.218 9.074 10.325 13.550 11.443 9.409 8.106 13.171 6.952 11.211 10.533 6.010 9.204 15.312 5.938 14.185 
10.229 7.622 6.612 4.524 6.880 8.116 2.685 6.087 7.166 1.920 9.845 8.099 8.280 7.879 2.343 3.107 7.561 8.307 5.290 3.852 9.900 7.666 4.176 4.717 4.551 8.360 3.859 6.533 7.060 6.876 
5.786 5.441 13.068 5.757 11.116 2.635 9.142 9.903 3.283 7.695 4.971 1.673 7.820 14.319 5.012 5.623 9.236 8.486 8.901 4.031 9.053 11.243 2.817 8.451 7.827 2.600 3.831 12.049 1.321 11.525 
13.389 10.372 2.896 7.559 5.832 11.707 1.264 5.764 10.888 2.895 13.165 11.891 10.157 4.048 5.935 5.720 8.410 10.774 5.542 7.489 11.659 7.015 7.792 5.185 5.530 12.198 7.542 4.019 10.906 5.378 
8.900 5.596 8.350 9.473 2.746 8.487 5.801 1.493 10.733 3.755 9.023 9.588 4.494 8.885 7.090 3.040 2.557 13.362 0.580 8.182 5.866 2.845 5.692 0.695 0.729 10.995 8.077 4.603 9.609 3.321 
9.127 7.409 9.458 2.423 9.565 6.345 5.636 8.568 4.031 4.934 8.498 5.692 8.973 10.823 1.022 4.426 9.196 6.201 7.626 0.808 10.531 10.128 3.121 7.058 6.650 5.407 0.743 9.608 4.237 9.708 
9.101 6.125 11.073 12.702 3.716 9.851 9.095 3.236 13.378 7.150 9.558 11.386 3.761 11.278 10.324 6.046 1.380 16.594 3.525 11.248 4.220 2.576 8.191 4.025 4.072 13.211 11.115 6.434 11.903 4.510 
10.965 7.780 5.536 8.060 3.467 9.782 3.018 2.993 10.405 1.620 10.881 10.386 7.261 6.265 5.847 3.501 5.454 11.788 2.601 7.276 8.725 4.454 6.151 2.222 2.608 11.231 7.244 3.167 9.845 3.354 
5.363 6.990 16.697 8.824 14.193 3.140 12.770 12.942 5.040 11.253 4.432 2.006 9.579 17.938 8.553 8.939 11.656 10.594 11.972 7.363 10.360 14.113 6.235 11.597 10.932 2.896 7.189 15.435 3.409 14.698 
2.606 5.030 16.756 10.277 12.988 2.189 12.896 11.737 7.161 11.026 1.752 3.159 7.487 17.845 9.352 8.344 9.909 12.730 10.848 8.537 7.969 12.677 6.131 10.587 9.906 5.267 8.332 14.659 5.104 13.602 
5.902 7.089 15.990 7.885 13.878 3.234 12.070 12.640 4.058 10.662 4.954 1.568 9.672 17.264 7.736 8.494 11.571 9.616 11.652 6.483 10.586 13.883 5.720 11.244 10.593 1.917 6.317 14.969 2.510 14.341 
8.564 8.142 12.854 3.880 12.555 5.377 9.079 11.440 0.651 8.276 7.707 3.796 10.363 14.244 4.405 7.050 11.380 5.781 10.446 2.882 11.708 12.924 4.552 9.918 9.389 2.301 2.796 12.927 1.852 12.812 
5.850 3.103 10.434 7.061 6.863 4.512 6.753 5.622 7.014 4.653 5.632 5.456 4.332 11.418 4.932 1.852 5.000 10.802 4.637 5.313 5.893 6.901 1.841 4.253 3.588 6.946 5.137 8.191 5.590 7.353 
9.623 6.451 6.796 7.683 3.745 8.488 3.776 2.840 9.546 1.653 9.541 9.187 6.093 7.591 5.341 2.227 4.620 11.529 2.050 6.625 7.618 4.423 4.978 1.492 1.545 10.186 6.558 4.277 8.789 3.916 
6.141 5.824 13.080 5.506 11.348 2.972 9.158 10.146 2.895 7.793 5.312 1.789 8.189 14.353 4.909 5.827 9.558 8.137 9.141 3.834 9.433 11.508 3.024 8.679 8.065 2.309 3.641 12.207 0.968 11.738 
0.627 2.724 15.640 10.791 10.894 2.858 11.971 9.678 8.575 9.867 0.996 4.752 4.894 16.568 9.301 7.043 7.488 13.849 8.890 8.920 5.234 10.413 5.648 8.739 8.079 7.107 8.707 12.870 6.442 11.579 
5.142 2.199 11.135 7.949 6.936 4.294 7.549 5.680 7.595 5.382 5.041 5.541 3.488 12.052 5.859 2.557 4.551 11.644 4.749 6.166 5.010 6.803 2.559 4.461 3.780 7.282 5.982 8.540 5.985 7.506 
3.558 0.683 12.768 9.122 8.083 3.519 9.200 6.842 8.052 7.029 3.598 5.191 3.027 13.654 7.216 4.207 5.036 12.639 6.003 7.266 4.212 7.736 3.609 5.817 5.151 7.285 7.066 9.947 6.158 8.730 
14.557 13.168 10.484 3.364 13.982 11.490 8.091 13.277 6.469 8.983 13.805 10.189 14.705 11.960 5.533 9.823 14.598 1.948 12.492 5.231 16.283 14.848 8.878 11.917 11.708 8.635 5.438 13.032 8.262 13.856 
6.481 4.055 13.233 12.726 6.400 7.921 10.570 5.541 12.439 8.368 7.092 9.700 1.509 13.668 10.477 6.293 2.540 16.510 5.321 11.021 1.226 5.432 7.481 5.594 5.264 11.810 10.848 9.012 10.648 7.205 
14.237 10.967 3.891 10.749 3.839 13.260 4.521 4.513 13.648 4.781 14.238 13.882 9.925 3.762 8.825 6.986 7.513 14.139 4.927 10.355 11.158 5.067 9.644 4.931 5.563 14.641 10.363 1.133 13.271 3.084 
3.480 4.902 15.589 8.774 12.383 1.153 11.689 11.126 5.694 9.936 2.534 1.671 7.486 16.736 7.938 7.385 9.640 11.239 10.185 7.055 8.257 12.210 4.924 9.859 9.182 3.910 6.853 13.833 3.607 12.938 
7.552 5.197 9.188 4.983 7.407 5.423 5.296 6.292 5.802 3.622 7.134 5.626 6.438 10.354 2.770 1.927 6.603 8.810 5.302 3.365 8.028 7.793 1.479 4.768 4.257 6.384 3.222 8.013 4.992 7.693 
10.250 7.354 11.351 13.780 3.834 11.108 9.771 3.767 14.605 7.979 10.747 12.653 4.915 11.391 11.395 7.171 2.642 17.674 4.322 12.387 5.117 2.583 9.420 4.876 5.053 14.472 12.261 6.498 13.159 4.547 
8.874 6.738 14.230 15.121 6.803 10.588 12.157 6.394 15.094 10.107 9.583 12.389 4.202 14.397 12.802 8.505 3.848 18.963 6.593 13.492 3.354 5.587 10.056 7.038 6.938 14.505 13.331 9.520 13.335 7.570 
8.912 6.064 11.692 13.109 4.324 9.862 9.671 3.849 13.621 7.691 9.422 11.464 3.584 11.895 10.740 6.438 1.644 16.995 4.096 11.609 3.818 3.162 8.445 4.577 4.572 13.359 11.469 7.044 12.077 5.114 
13.699 12.031 9.030 2.437 12.382 10.750 6.480 11.701 6.320 7.392 13.009 9.665 13.397 10.515 4.202 8.398 13.129 3.272 10.938 4.266 14.997 13.267 7.758 10.367 10.187 8.436 4.479 11.417 7.812 12.244 
2.256 1.049 14.168 10.192 9.213 3.338 10.605 8.001 8.624 8.435 2.530 5.240 3.354 15.037 8.429 5.614 5.843 13.547 7.225 8.314 4.028 8.739 4.752 7.095 6.444 7.522 8.106 11.222 6.582 9.902 
6.773 3.948 12.197 11.943 5.464 7.791 9.547 4.544 11.931 7.359 7.272 9.467 1.435 12.646 9.651 5.399 1.566 15.768 4.286 10.290 2.113 4.577 6.852 4.555 4.234 11.469 10.127 8.029 10.243 6.263 
10.626 9.665 11.450 1.836 12.525 7.491 7.963 11.547 2.496 7.755 9.826 6.101 11.581 12.904 3.519 7.377 12.091 3.683 10.608 2.175 13.062 13.109 5.536 10.039 9.629 4.628 2.284 12.387 4.169 12.634 
6.509 3.246 10.817 10.026 4.959 6.713 7.853 3.780 10.234 5.614 6.768 8.173 1.976 11.436 7.723 3.474 1.854 13.866 3.138 8.401 3.507 4.480 5.074 3.189 2.681 9.985 8.244 7.160 8.688 5.676 
12.016 10.903 11.072 1.649 13.022 8.899 7.893 12.135 3.818 8.090 11.230 7.528 12.687 12.553 3.977 8.181 12.972 2.438 11.243 3.054 14.210 13.715 6.679 10.665 10.325 5.981 3.228 12.589 5.594 13.047 
10.768 8.406 6.886 3.410 8.075 8.374 3.116 7.311 6.527 3.074 10.292 8.068 9.305 8.262 1.578 4.147 8.747 7.114 6.519 3.120 10.927 8.887 4.553 5.945 5.766 7.978 3.188 7.542 6.775 8.033 
8.027 7.986 13.751 4.889 13.049 4.852 9.931 11.895 0.955 8.982 7.132 3.087 10.340 15.122 5.291 7.499 11.589 6.553 10.892 3.811 11.596 13.334 4.828 10.387 9.820 1.296 3.701 13.591 1.279 13.357 
9.124 6.371 12.080 13.592 4.653 10.201 10.132 4.264 14.062 8.168 9.670 11.835 3.838 12.244 11.225 6.920 2.119 17.477 4.558 12.084 3.875 3.451 8.893 5.049 5.056 13.763 11.942 7.373 12.492 5.428 
5.554 7.056 16.520 8.559 14.141 3.187 12.594 12.894 4.750 11.112 4.615 1.876 9.647 17.772 8.335 8.843 11.673 10.300 11.918 7.121 10.467 14.087 6.113 11.532 10.871 2.602 6.950 15.336 3.157 14.633 
8.731 5.489 9.568 10.866 2.826 8.871 7.281 1.821 11.800 5.274 9.011 10.205 3.731 9.948 8.483 4.261 1.197 14.760 1.724 9.476 4.831 2.235 6.640 2.166 2.180 11.837 9.354 5.310 10.483 3.600 
3.777 6.096 17.257 10.173 13.897 2.746 13.355 12.641 6.709 11.602 2.930 2.929 8.602 18.405 9.518 9.025 10.955 12.307 11.723 8.536 9.136 13.651 6.594 11.425 10.745 4.657 8.342 15.442 4.801 14.481 
14.109 11.675 5.205 4.779 9.576 11.657 3.255 9.189 8.853 5.031 13.626 11.167 12.315 6.691 4.497 7.169 11.291 7.097 8.651 5.686 13.929 10.644 7.890 8.142 8.200 10.672 5.841 8.078 9.648 9.259 
13.814 11.015 3.303 6.377 7.505 11.774 1.388 7.299 10.086 3.631 13.474 11.668 11.178 4.753 5.212 6.305 9.731 9.265 6.927 6.698 12.743 8.647 7.834 6.489 6.703 11.632 6.795 5.784 10.436 7.102 
10.805 7.662 5.571 7.635 3.861 9.516 2.760 3.310 10.000 1.195 10.688 10.064 7.287 6.390 5.422 3.247 5.619 11.370 2.815 6.856 8.787 4.809 5.826 2.374 2.660 10.858 6.826 3.560 9.477 3.774 
3.668 6.442 18.131 11.225 14.450 3.541 14.248 13.200 7.754 12.429 2.998 3.979 8.834 19.246 10.519 9.781 11.322 13.350 12.313 9.573 9.185 14.123 7.473 12.052 11.371 5.679 9.377 16.121 5.859 15.067 
16.748 13.692 0.489 9.960 7.951 15.050 4.361 8.322 13.730 6.259 16.533 15.141 13.274 1.350 8.838 9.078 11.233 12.486 8.391 10.339 14.698 9.203 11.118 8.160 8.624 15.246 10.432 5.371 14.018 7.265 
9.963 6.667 8.104 10.480 1.519 9.725 6.138 0.302 11.955 4.378 10.150 10.858 5.193 8.432 8.113 4.254 2.717 14.345 0.865 9.295 6.357 1.641 6.955 1.430 1.918 12.263 9.203 3.790 10.874 2.195 
1.527 3.016 15.243 9.798 11.040 1.687 11.473 9.796 7.416 9.464 0.847 3.576 5.495 16.250 8.454 6.684 7.896 12.745 8.935 7.945 6.098 10.687 4.893 8.711 8.034 5.931 7.732 12.821 5.279 11.677 
8.335 8.088 13.279 4.342 12.803 5.146 9.484 11.671 0.597 8.617 7.459 3.476 10.374 14.662 4.822 7.273 11.498 6.105 10.671 3.316 11.680 13.135 4.686 10.153 9.607 1.843 3.219 13.252 1.561 13.084 
9.899 6.598 7.444 9.549 2.029 9.352 5.213 0.967 11.186 3.404 9.995 10.346 5.489 7.910 7.194 3.526 3.327 13.403 0.479 8.421 6.811 2.550 6.306 0.655 1.320 11.615 8.339 3.585 10.219 2.449 
11.509 8.936 5.751 4.363 7.478 9.288 1.997 6.857 7.665 2.530 11.097 9.109 9.541 7.122 2.718 4.389 8.649 7.863 6.173 4.257 11.158 8.400 5.381 5.624 5.576 9.106 4.328 6.644 7.885 7.339 
13.042 10.028 3.240 7.382 5.655 11.369 1.072 5.526 10.633 2.548 12.820 11.571 9.833 4.368 5.686 5.373 8.124 10.672 5.264 7.242 11.342 6.817 7.460 4.890 5.216 11.910 7.289 3.986 10.610 5.239 
9.822 7.197 6.909 4.672 6.713 7.756 2.987 5.864 7.067 1.866 9.450 7.805 7.870 8.141 2.387 2.695 7.214 8.506 5.030 3.827 9.491 7.447 3.811 4.452 4.240 8.166 3.811 6.536 6.842 6.756 
10.862 7.714 9.591 12.756 2.079 11.217 8.234 2.304 14.047 6.632 11.226 12.569 5.599 9.611 10.383 6.382 2.872 16.627 3.117 11.524 6.241 0.840 8.933 3.696 4.073 14.176 11.423 4.718 12.812 2.769 
3.587 6.171 17.667 10.723 14.103 3.089 13.777 12.850 7.280 11.979 2.825 3.477 8.618 18.793 10.019 9.354 11.050 12.878 11.951 9.069 9.052 13.809 7.003 11.675 10.994 5.224 8.872 15.726 5.365 14.707 
8.059 5.445 12.634 13.315 5.394 9.311 10.376 4.779 13.468 8.292 8.641 11.014 2.861 12.910 10.983 6.677 2.027 17.171 4.848 11.717 2.749 4.276 8.357 5.257 5.117 13.026 11.561 8.100 11.798 6.194 
11.365 8.696 5.561 4.810 6.964 9.259 1.684 6.351 7.959 2.029 10.991 9.188 9.185 6.886 3.006 4.072 8.201 8.363 5.683 4.562 10.796 7.891 5.322 5.140 5.117 9.312 4.613 6.160 8.055 6.826 
15.416 12.207 2.242 10.533 5.564 14.142 4.247 6.127 13.835 5.308 15.331 14.554 11.404 2.039 8.893 7.896 9.118 13.620 6.398 10.449 12.714 6.802 10.349 6.296 6.867 15.054 10.493 2.882 13.727 4.826 
10.690 7.736 5.607 6.286 5.216 9.024 2.004 4.571 8.856 0.277 10.454 9.328 7.813 6.682 4.126 3.036 6.541 10.003 3.923 5.610 9.388 6.114 5.148 3.396 3.453 9.883 5.600 4.754 8.532 5.139 
8.251 4.976 9.530 10.303 3.216 8.265 7.006 2.063 11.159 4.912 8.489 9.571 3.450 10.004 7.923 3.662 1.355 14.196 1.621 8.877 4.715 2.802 5.995 1.913 1.742 11.190 8.750 5.517 9.836 3.945 
5.427 5.827 14.335 6.732 12.186 2.286 10.409 10.955 3.537 8.942 4.522 0.521 8.348 15.585 6.222 6.768 10.041 9.065 9.961 5.124 9.425 12.234 3.987 9.539 8.896 2.025 4.936 13.236 1.434 12.633 
14.245 11.732 4.736 5.196 9.294 11.863 2.972 8.959 9.234 4.886 13.787 11.439 12.274 6.222 4.762 7.161 11.150 7.566 8.462 6.017 13.881 10.387 8.047 7.968 8.062 11.017 6.164 7.709 9.963 8.949 
8.160 4.956 10.155 10.968 3.470 8.455 7.726 2.468 11.666 5.644 8.477 9.867 3.088 10.569 8.595 4.303 0.631 14.858 2.255 9.500 4.184 2.790 6.482 2.615 2.475 11.588 9.366 5.959 10.256 4.249 
14.617 11.488 1.866 9.167 5.712 13.137 2.906 5.998 12.531 4.246 14.464 13.429 10.955 2.584 7.579 6.983 8.893 12.256 6.051 9.134 12.364 6.960 9.271 5.830 6.315 13.816 9.186 3.316 12.510 5.082 
9.884 7.052 11.694 13.804 4.190 10.843 9.988 4.008 14.493 8.131 10.405 12.427 4.566 11.773 11.423 7.158 2.482 17.697 4.473 12.366 4.683 2.946 9.307 5.008 5.124 14.293 12.234 6.881 12.996 4.927 
6.839 6.456 12.913 4.937 11.603 3.663 9.013 10.424 2.226 7.800 6.003 2.311 8.767 14.223 4.588 6.051 10.012 7.446 9.418 3.367 10.052 11.831 3.303 8.932 8.342 2.079 3.190 12.313 0.709 11.952 
15.378 12.109 3.512 11.457 4.815 14.365 5.150 5.595 14.544 5.758 15.373 14.939 11.042 2.981 9.657 8.085 8.586 14.694 6.055 11.204 12.246 6.001 10.703 6.072 6.704 15.622 11.227 2.115 14.264 4.024 
4.382 6.197 16.610 9.209 13.672 2.457 12.689 12.416 5.668 11.040 3.457 2.011 8.771 17.801 8.683 8.580 10.957 11.264 11.467 7.622 9.474 13.519 5.996 11.126 10.452 3.611 7.434 15.059 3.802 14.215 
10.685 7.678 5.585 6.609 4.885 9.110 2.147 4.254 9.117 0.232 10.478 9.478 7.651 6.603 4.430 3.015 6.291 10.333 3.630 5.899 9.212 5.791 5.272 3.114 3.213 10.098 5.883 4.463 8.737 4.809 
13.880 11.747 6.824 3.531 10.737 11.192 4.547 10.209 7.703 5.902 13.305 10.452 12.714 8.309 4.017 7.548 12.019 5.476 9.558 4.837 14.337 11.728 7.675 9.013 8.959 9.661 5.025 9.483 8.777 10.503 
14.099 10.795 5.340 11.822 2.944 13.456 5.768 3.938 14.430 5.553 14.199 14.271 9.428 5.012 9.757 7.297 6.830 15.346 4.619 11.242 10.507 4.047 10.071 4.799 5.477 15.243 11.226 0.881 13.852 2.138 
14.359 11.060 4.849 11.648 3.368 13.612 5.503 4.287 14.379 5.483 14.430 14.363 9.781 4.501 9.640 7.400 7.225 15.112 4.897 11.146 10.902 4.509 10.144 5.026 5.695 15.261 11.140 0.909 13.876 2.563 
12.426 9.686 4.526 5.435 7.064 10.359 0.908 6.636 8.882 2.530 12.071 10.277 10.008 5.899 3.942 5.002 8.789 8.711 6.104 5.474 11.601 8.104 6.420 5.605 5.705 10.329 5.550 5.835 9.099 6.802 
16.263 13.014 2.940 11.691 5.852 15.126 5.406 6.608 14.979 6.366 16.224 15.608 12.029 2.080 10.043 8.853 9.605 14.747 7.027 11.599 13.258 7.038 11.385 7.007 7.621 16.168 11.640 3.145 14.831 5.062 
15.370 12.469 1.815 7.920 7.935 13.431 2.775 7.992 11.744 4.966 15.071 13.367 12.401 3.301 6.906 7.762 10.686 10.486 7.815 8.373 13.919 9.156 9.486 7.462 7.795 13.328 8.478 5.739 12.139 7.387 
10.270 7.113 9.655 12.342 2.171 10.617 8.052 2.047 13.520 6.333 10.626 11.980 5.027 9.767 9.961 5.885 2.285 16.224 2.725 11.061 5.739 0.972 8.386 3.301 3.610 13.609 10.953 4.888 12.250 2.941 
4.735 1.797 11.548 8.222 7.215 4.040 7.965 5.959 7.669 5.798 4.659 5.398 3.311 12.457 6.181 2.974 4.633 11.872 5.051 6.413 4.777 7.023 2.760 4.792 4.112 7.236 6.223 8.893 5.976 7.807 
4.516 2.741 14.312 12.348 8.026 6.369 11.248 7.004 11.417 8.990 5.204 8.254 1.537 14.912 10.273 6.480 4.153 15.967 6.547 10.532 1.026 7.203 6.863 6.668 6.175 10.497 10.339 10.486 9.466 8.811 
5.086 5.628 14.539 7.076 12.200 1.979 10.613 10.962 3.901 9.089 4.174 0.178 8.175 15.772 6.499 6.836 9.949 9.434 9.974 5.443 9.207 12.211 4.088 9.568 8.916 2.305 5.252 13.323 1.803 12.667 
