30 120 30
52.676 64.042 40.761 48.244 64.739 52.490 44.758 44.239 75.656 16.836 60.672 73.563 51.702 13.553 64.721 16.840 18.909 38.583 19.405 16.384 20.230 12.411 12.834 47.340 39.978 29.229 59.863 44.886 34.714 56.416 
21.027 17.695 17.939 19.515 5.730 15.714 20.512 15.225 8.189 10.882 14.307 6.986 7.432 9.852 4.689 1.611 6.736 11.423 12.237 4.840 11.330 2.400 6.147 3.143 1.751 8.148 5.941 13.595 12.257 14.402 7.687 12.737 12.541 3.723 6.826 12.078 2.410 5.243 5.333 14.745 11.434 16.081 8.125 13.780 19.457 4.856 19.141 13.985 2.393 7.624 19.717 2.632 19.010 4.569 3.027 12.882 2.885 1.728 20.949 14.690 9.986 20.095 7.031 10.955 10.041 2.499 21.093 15.419 3.773 12.732 7.793 20.892 1.587 20.763 16.204 18.818 12.180 5.829 16.903 9.602 17.465 4.258 2.065 3.340 21.194 4.981 4.991 5.486 8.456 6.184 4.266 3.692 15.024 7.470 4.288 8.482 11.420 2.428 10.673 6.380 9.758 5.233 18.981 17.092 3.864 17.553 2.676 4.261 17.455 13.224 20.170 6.202 1.800 18.874 12.328 7.278 7.847 9.495 20.521 11.385 
32.864 26.393 20.176 9.510 17.942 19.221 5.906 6.234 16.649 30.123 27.111 11.389 8.956 24.488 19.833 5.910 28.335 31.904 27.102 7.092 10.447 33.360 22.093 33.011 28.757 29.382 24.051 15.523 23.856 20.722 
1355.381 1206.203 1272.925 1329.383 726.047 1188.167 1329.084 1167.771 841.155 1036.916 1130.726 802.256 821.557 943.622 668.211 373.993 800.388 1001.347 1040.715 669.388 1072.751 524.161 765.033 610.638 423.058 869.314 782.443 1083.515 1023.365 1207.338 848.560 1048.291 1053.963 577.216 730.616 986.446 539.258 746.406 726.589 1161.499 1005.305 1206.182 874.383 1102.733 1253.302 698.179 1342.302 1125.334 506.120 822.321 1329.702 512.837 1354.760 718.115 546.678 1049.490 522.529 400.856 1295.256 1110.319 955.119 1359.401 789.373 1048.067 934.065 514.926 1370.860 1141.617 600.475 1026.254 889.759 1283.158 427.618 1311.773 1258.235 1270.081 1018.446 733.713 1204.565 886.248 1303.458 583.991 399.824 558.021 1411.437 679.428 728.640 734.931 854.227 774.189 593.056 613.296 1179.687 882.310 626.026 839.877 951.652 502.433 997.458 822.679 947.013 649.118 1260.622 1224.450 620.236 1258.509 527.586 659.017 1154.822 1125.583 1305.973 773.691 407.169 1249.620 1042.460 790.324 888.833 897.784 1307.734 1022.171 
11.362 5.384 15.529 15.868 8.484 3.504 7.967 13.905 11.783 7.542 5.140 13.406 4.979 12.813 10.446 5.881 13.682 8.166 5.537 13.717 2.136 13.408 5.394 5.854 15.067 0.856 1.372 8.016 6.204 4.226 10.861 4.153 5.080 7.482 8.826 13.045 3.381 11.174 4.649 7.933 14.373 13.678 9.678 5.839 5.049 9.797 4.684 6.361 13.760 14.141 14.791 6.847 13.514 2.929 6.455 10.336 15.882 13.278 4.628 1.694 6.201 12.632 11.670 7.966 10.342 14.708 10.436 4.390 5.546 10.697 8.159 9.296 11.366 7.702 12.871 3.355 3.440 9.802 12.658 4.914 10.198 11.330 2.737 5.384 12.738 11.563 6.157 3.615 0.206 6.093 13.300 4.652 13.447 10.869 4.737 5.538 11.149 12.509 10.317 8.780 10.226 7.364 11.249 6.061 4.739 9.725 7.752 9.478 13.366 4.821 12.760 2.204 15.793 4.697 14.952 11.840 4.857 5.409 6.157 3.639 
8.135 4.205 12.609 12.993 7.372 1.768 6.831 11.138 8.535 5.461 4.884 10.309 6.220 9.774 7.622 5.900 10.502 5.005 2.432 10.509 3.941 10.262 4.678 2.753 12.079 3.604 4.065 5.889 6.329 4.577 7.876 5.123 2.137 6.659 6.129 9.985 3.707 8.040 5.957 5.817 11.143 10.757 6.826 3.946 2.784 6.548 3.089 3.197 10.627 10.898 11.902 3.626 10.664 3.197 3.629 8.261 12.935 10.119 2.249 1.978 7.109 9.385 8.426 5.050 7.094 11.685 8.144 4.809 5.668 8.171 5.195 6.678 9.284 7.709 9.715 5.292 2.924 6.640 9.413 2.899 6.950 8.971 3.018 3.724 10.015 9.008 3.288 2.002 3.453 3.588 10.137 4.588 10.603 7.620 3.159 4.577 7.924 9.336 7.963 5.583 7.221 4.353 8.322 2.992 1.851 6.497 4.830 6.252 10.745 4.783 9.613 2.638 12.954 2.988 11.832 8.782 4.424 6.143 2.924 4.223 
6.013 3.572 11.465 11.948 9.432 4.853 5.173 10.464 5.928 6.808 4.967 6.962 7.302 6.358 7.177 8.886 7.330 1.947 3.117 7.439 6.214 8.485 7.445 0.882 10.768 6.988 7.489 7.076 9.323 7.835 4.415 6.298 1.392 9.046 6.264 8.573 7.058 4.775 7.170 7.035 8.803 7.271 6.441 5.956 1.887 4.190 5.679 0.955 8.888 8.075 8.408 1.480 7.162 6.599 0.413 9.121 11.699 6.890 2.009 4.815 7.658 6.879 5.690 1.548 4.575 8.257 4.951 5.610 5.827 8.300 4.873 6.868 10.014 10.528 7.925 7.211 4.085 5.163 6.661 2.256 4.584 5.687 6.446 6.037 6.523 5.591 0.372 5.043 6.643 4.933 8.287 5.021 9.781 5.149 5.738 3.997 5.019 6.154 4.724 4.099 3.773 0.918 7.501 0.633 1.723 4.548 4.757 3.454 10.417 7.875 7.873 4.851 11.998 5.527 10.082 5.386 4.555 6.765 1.544 5.456 
4.532 5.310 9.722 10.189 8.102 4.512 6.998 8.648 4.766 5.330 6.645 6.714 8.830 6.297 5.343 8.105 6.770 1.507 2.132 6.741 7.307 6.891 6.590 1.537 9.057 7.378 7.812 5.528 8.530 7.351 4.595 7.771 2.358 7.884 4.494 6.866 6.728 4.420 8.659 5.500 7.481 7.462 4.612 4.831 3.458 2.810 4.892 0.998 7.285 7.110 8.626 0.357 7.499 6.370 2.243 7.418 9.977 6.424 3.350 5.581 9.317 5.648 4.639 2.466 3.326 8.190 6.236 7.156 7.519 6.492 3.081 5.091 8.271 9.566 6.328 8.474 5.426 3.411 5.628 3.844 3.219 6.827 6.268 5.051 7.116 6.503 2.120 4.638 7.234 3.657 6.718 6.628 7.977 3.872 4.936 5.748 4.142 5.625 5.971 2.314 3.944 1.761 5.682 1.522 2.649 2.940 3.018 2.475 8.584 7.230 6.257 5.897 10.225 4.732 8.495 5.299 6.204 8.390 0.883 6.877 
10.499 1.194 16.056 16.542 12.710 7.108 1.831 15.037 10.183 10.550 1.201 10.049 3.582 9.249 11.678 11.111 10.818 6.319 6.851 11.099 4.474 13.011 10.008 4.957 15.350 6.998 7.529 10.922 11.521 9.608 7.390 3.053 4.395 12.016 10.568 13.156 8.671 8.359 3.631 10.861 13.100 9.567 10.911 9.216 3.090 8.677 8.443 5.408 13.417 12.017 10.476 6.033 9.195 8.115 4.218 13.196 16.284 10.299 3.468 4.770 3.385 11.150 9.867 5.116 8.971 10.877 5.259 2.287 1.629 12.663 9.266 11.173 14.168 12.965 12.457 4.533 2.805 9.758 10.756 2.755 9.047 6.146 7.898 9.056 8.153 6.733 4.275 7.342 6.243 8.574 12.797 1.680 14.365 9.533 8.513 0.782 9.099 9.732 5.273 8.688 6.975 5.155 12.071 4.891 4.313 9.117 9.060 7.788 14.935 9.966 12.416 3.976 16.593 8.337 14.592 8.503 1.317 2.725 5.824 2.806 
8.388 10.580 9.571 9.700 1.062 4.834 13.064 7.592 9.558 1.823 11.341 12.826 12.395 12.692 5.143 3.173 12.372 8.450 5.276 12.077 9.681 9.041 2.562 7.551 9.465 7.391 7.359 1.892 3.325 4.191 11.370 11.352 7.661 1.336 3.843 8.157 4.663 10.743 12.093 1.862 10.819 14.033 4.822 2.552 8.854 8.024 3.422 7.480 9.219 11.736 15.159 7.253 14.202 4.980 8.746 2.962 10.000 12.244 8.375 7.843 13.429 9.910 9.752 9.484 8.553 14.408 13.239 11.179 12.109 4.284 4.732 3.750 3.860 3.331 8.701 11.063 9.354 6.632 10.462 9.103 8.216 13.864 5.145 2.740 14.013 13.529 8.445 4.620 7.995 3.453 9.099 11.028 7.474 8.747 3.353 10.981 9.784 11.482 12.984 6.430 10.774 8.730 6.116 7.769 7.607 7.347 4.464 8.614 6.694 3.502 8.540 8.758 9.508 3.494 10.125 11.777 10.882 12.485 6.867 10.517 
10.574 2.525 15.542 15.961 10.319 4.650 5.014 14.189 10.664 8.630 2.209 11.556 3.037 10.860 10.678 8.268 12.053 6.717 5.446 12.197 1.548 12.916 7.373 4.547 14.950 3.806 4.333 9.067 8.652 6.675 8.883 1.937 3.695 9.475 9.260 12.793 5.740 9.485 2.787 8.993 13.487 11.519 9.878 7.054 2.945 8.809 6.063 5.119 13.303 12.854 12.568 5.750 11.267 5.192 4.606 11.443 15.840 11.588 2.784 1.752 3.952 11.597 10.452 6.057 9.265 12.685 7.801 1.706 2.759 11.328 8.207 9.826 12.469 10.138 12.355 2.443 0.726 9.345 11.430 2.642 9.217 8.711 4.970 6.756 10.371 9.077 4.415 4.866 3.045 6.775 12.754 1.747 13.611 9.834 6.132 2.609 9.797 10.884 7.724 8.237 8.309 5.664 11.298 4.653 3.397 8.982 7.883 8.202 13.862 7.128 12.275 0.832 15.948 5.997 14.517 9.953 1.896 3.001 5.210 1.042 
2.022 11.385 3.795 4.335 9.044 9.291 12.579 3.595 3.074 6.740 12.769 6.493 14.995 6.868 3.143 11.010 5.489 6.086 7.063 4.980 13.309 0.836 9.675 7.702 3.013 12.688 12.992 6.460 11.311 11.162 6.857 13.933 8.512 9.598 4.567 0.936 10.985 5.564 14.821 6.516 2.600 8.219 3.514 7.822 9.604 3.737 8.720 7.151 1.167 4.070 9.052 6.495 8.661 10.884 8.167 6.249 3.956 5.672 9.514 11.426 15.455 2.594 3.504 7.436 3.597 7.879 10.237 13.320 13.635 4.407 4.541 4.529 6.343 11.603 0.440 14.558 11.574 2.832 3.446 9.990 3.414 10.328 10.890 8.333 9.121 9.530 8.162 9.279 12.797 6.894 0.829 12.781 2.843 3.142 8.713 11.808 4.188 5.234 9.950 3.930 6.674 7.230 2.213 7.666 8.781 3.266 4.974 4.742 4.244 10.693 0.277 11.914 4.470 8.606 2.371 6.420 12.342 14.542 6.959 13.032 
5.284 10.664 9.552 10.112 14.425 12.127 10.341 10.075 3.972 11.641 12.051 1.078 14.596 1.890 9.027 15.379 1.118 6.278 9.671 1.591 14.122 6.404 13.858 8.564 8.706 14.877 15.347 11.575 15.774 14.873 3.773 13.779 9.336 14.616 9.701 7.402 14.319 3.243 14.561 11.595 4.759 2.335 8.916 11.923 9.683 5.480 12.319 8.086 6.647 2.723 2.680 7.700 2.923 13.984 8.060 12.286 9.470 1.228 9.950 12.796 14.502 4.010 3.713 6.565 4.917 1.372 6.574 12.995 12.734 10.547 8.735 10.005 12.636 16.539 6.222 14.955 11.891 6.851 3.209 9.973 5.242 6.089 13.888 12.291 3.934 5.148 8.313 12.241 14.605 10.709 6.141 12.317 9.358 4.706 12.349 10.940 3.711 2.031 6.385 7.072 4.307 7.067 8.397 8.350 9.678 6.103 9.055 5.213 10.811 14.656 6.345 12.804 10.366 12.163 7.139 2.671 11.791 13.822 8.410 13.081 
2.141 11.704 4.032 4.600 10.120 10.100 12.680 4.326 2.736 7.767 13.118 5.811 15.427 6.287 4.219 12.021 4.716 6.312 7.779 4.173 13.898 0.656 10.657 8.154 3.180 13.460 13.790 7.505 12.332 12.106 6.571 14.387 8.992 10.654 5.587 1.689 11.883 5.242 15.271 7.558 1.515 7.578 4.545 8.773 10.001 3.968 9.622 7.588 0.971 3.129 8.324 6.941 8.060 11.753 8.478 7.331 4.077 4.974 9.966 12.065 15.808 1.978 3.161 7.576 3.670 7.096 10.042 13.739 13.970 5.489 5.416 5.586 7.401 12.661 0.645 15.103 12.059 3.519 2.812 10.384 3.586 10.038 11.746 9.275 8.631 9.190 8.516 10.105 13.519 7.789 0.391 13.169 3.622 3.128 9.620 12.113 3.936 4.658 9.761 4.544 6.492 7.480 3.298 8.087 9.283 3.698 5.849 4.857 5.114 11.661 0.809 12.491 4.800 9.500 1.985 5.978 12.708 14.918 7.476 13.503 
9.839 8.727 12.352 12.561 3.679 2.847 11.394 10.462 10.755 3.777 9.149 13.495 9.715 13.161 7.442 1.319 13.329 8.408 4.773 13.160 6.885 11.153 0.734 6.718 12.105 4.277 4.168 4.197 1.752 0.956 11.497 8.755 6.454 2.626 5.807 10.454 1.499 11.232 9.394 4.117 12.660 14.363 6.856 2.529 7.352 8.885 2.013 6.899 11.413 13.128 15.526 6.966 14.400 1.950 7.856 6.119 12.760 13.078 6.819 5.305 10.859 11.348 10.825 9.018 9.473 15.026 12.514 8.747 9.804 7.068 5.952 6.028 7.079 3.140 10.710 8.202 7.124 8.012 11.702 7.484 9.194 13.280 2.159 2.062 13.958 13.165 7.511 2.624 4.977 3.652 11.142 8.752 10.206 9.836 1.973 9.061 10.614 12.273 12.302 7.371 10.842 8.240 8.408 6.974 6.263 8.422 5.538 9.115 9.680 0.369 10.563 6.244 12.408 2.173 12.472 12.173 8.732 9.970 6.349 8.021 
3.163 12.501 2.651 3.198 9.269 10.122 13.727 2.751 4.125 7.217 13.875 7.379 16.069 7.826 3.505 11.495 6.297 7.228 7.999 5.756 14.307 0.929 10.237 8.784 1.864 13.542 13.819 6.881 11.765 11.792 7.949 14.999 9.580 9.934 5.111 0.466 11.691 6.640 15.887 6.947 2.858 9.138 4.069 8.465 10.700 4.884 9.437 8.241 0.777 4.688 9.903 7.585 9.609 11.634 9.290 6.261 2.806 6.545 10.591 12.395 16.557 3.502 4.559 8.585 4.744 8.679 11.359 14.402 14.744 4.458 5.354 4.943 6.165 11.919 1.241 15.579 12.631 3.861 4.354 11.086 4.564 11.426 11.657 8.989 10.135 10.609 9.275 10.090 13.697 7.638 1.194 13.875 2.073 4.277 9.423 12.927 5.279 6.189 11.073 4.972 7.794 8.367 2.522 8.760 9.839 4.386 5.776 5.892 3.596 11.279 1.197 12.921 3.349 9.334 1.554 7.451 13.443 15.637 8.019 14.092 
9.179 9.225 11.333 11.522 2.645 3.260 11.840 9.416 10.184 2.806 9.790 13.116 10.565 12.846 6.517 1.544 12.854 8.215 4.641 12.644 7.775 10.311 0.446 6.781 11.122 5.312 5.246 3.187 1.911 2.072 11.285 9.565 6.658 1.696 4.933 9.556 2.550 10.894 10.252 3.111 11.906 14.102 5.989 1.948 7.691 8.397 2.013 6.871 10.549 12.514 15.259 6.831 14.184 2.917 7.964 5.003 11.748 12.641 7.171 6.062 11.666 10.707 10.293 8.986 8.975 14.672 12.612 9.486 10.496 6.026 5.285 5.084 5.956 2.873 9.895 9.127 7.764 7.349 11.125 7.872 8.673 13.331 3.102 1.662 13.827 13.137 7.629 3.026 5.965 3.171 10.320 9.425 9.193 9.289 1.948 9.590 10.158 11.845 12.383 6.830 10.644 8.205 7.496 7.028 6.517 7.859 4.899 8.748 8.605 1.402 9.743 7.001 11.359 2.154 11.570 11.875 9.353 10.751 6.283 8.784 
3.944 10.327 8.324 8.890 13.154 11.164 10.353 8.751 2.655 10.399 11.751 1.493 14.278 2.216 7.682 14.239 0.281 5.499 8.677 0.294 13.551 5.094 12.729 7.816 7.471 14.068 14.516 10.310 14.624 13.821 3.575 13.396 8.631 13.387 8.412 6.068 13.316 2.612 14.214 10.335 3.584 3.258 7.597 10.779 9.140 4.326 11.248 7.299 5.359 1.592 3.892 6.840 3.802 13.013 7.479 10.947 8.272 0.735 9.346 12.095 14.303 2.651 2.444 6.054 3.742 2.663 6.842 12.632 12.490 9.196 7.511 8.693 11.282 15.332 4.883 14.480 11.370 5.569 1.852 9.461 4.042 6.522 12.931 11.171 4.613 5.581 7.693 11.261 13.858 9.578 4.826 11.968 8.026 3.454 11.273 10.644 2.613 1.206 6.613 5.886 3.946 6.433 7.039 7.626 8.974 4.879 7.852 4.243 9.465 13.566 5.002 12.193 9.130 11.095 5.947 2.509 11.448 13.560 7.548 12.642 
8.333 7.301 11.467 11.743 4.343 1.353 9.910 9.698 9.159 3.111 7.914 11.772 8.869 11.416 6.401 3.034 11.653 6.643 3.010 11.511 6.171 9.879 1.625 4.972 11.118 4.154 4.274 3.586 3.470 2.278 9.732 7.828 4.769 3.566 4.724 9.292 1.941 9.498 8.568 3.501 11.242 12.604 5.713 1.424 5.766 7.238 0.324 5.134 10.174 11.556 13.767 5.197 12.634 1.907 6.129 5.878 11.853 11.381 5.244 4.318 9.911 9.811 9.197 7.255 7.830 13.290 10.790 7.679 8.648 6.372 4.530 5.088 6.907 4.716 9.399 7.562 5.898 6.535 10.104 5.943 7.568 11.540 1.975 0.929 12.189 11.406 5.787 1.124 4.624 2.157 9.836 7.570 9.331 8.227 0.335 7.672 8.937 10.575 10.572 5.783 9.076 6.475 7.313 5.226 4.610 6.838 4.099 7.399 9.053 2.089 9.261 5.236 11.630 0.456 11.294 10.424 7.468 8.974 4.580 7.003 
5.889 6.698 9.627 9.978 5.278 2.503 8.999 8.065 6.675 2.704 7.704 9.352 9.306 9.046 4.565 5.264 9.183 4.411 1.078 9.030 7.023 7.621 3.737 3.339 9.160 5.919 6.205 3.041 5.677 4.762 7.470 8.203 3.563 4.974 3.020 7.167 4.351 7.103 9.053 2.985 8.844 10.289 3.783 1.910 4.837 4.754 2.182 3.256 7.948 9.075 11.447 3.081 10.368 4.158 4.527 5.316 9.975 8.927 4.423 5.031 10.125 7.345 6.712 5.299 5.346 10.893 9.029 7.817 8.549 5.061 2.269 3.566 6.308 6.651 7.109 8.394 5.905 4.130 7.620 5.142 5.083 9.683 4.137 2.169 10.031 9.410 4.234 2.492 6.107 0.774 7.546 7.496 7.566 5.742 2.205 7.129 6.467 8.123 8.780 3.307 6.832 4.530 5.341 3.549 3.585 4.361 1.850 4.972 7.637 4.503 6.983 5.751 9.918 2.032 9.116 8.068 7.230 9.154 2.643 7.289 
7.632 12.005 7.546 7.602 2.477 6.708 14.296 5.530 8.930 2.667 12.943 12.445 14.273 12.467 3.940 5.474 11.789 8.852 6.378 11.407 11.672 7.649 4.863 8.552 7.567 9.595 9.610 2.276 5.572 6.521 11.457 13.196 8.872 3.460 3.384 6.639 6.933 10.596 13.988 2.337 9.582 13.863 3.993 4.247 10.152 7.792 5.346 8.332 7.742 10.833 14.927 7.940 14.123 7.196 9.683 0.790 7.983 11.761 9.733 9.747 15.222 9.059 9.211 10.095 8.225 14.012 13.843 12.928 13.761 2.590 4.734 2.941 1.523 5.212 7.423 13.071 11.040 6.126 9.744 10.455 7.872 14.350 7.341 4.630 14.122 13.874 9.431 6.524 10.140 4.627 7.767 12.689 5.558 8.265 5.285 12.431 9.433 11.066 13.568 6.329 10.934 9.412 4.777 8.726 8.900 7.014 4.665 8.606 4.541 5.837 7.259 10.618 7.379 5.368 8.472 11.646 12.472 14.259 7.745 12.319 
4.505 11.407 4.689 4.934 5.668 7.515 13.245 2.894 5.843 3.890 12.613 9.447 14.449 9.611 0.939 8.068 8.642 6.978 5.986 8.205 12.243 4.190 6.949 7.593 4.459 10.887 11.067 3.480 8.300 8.593 8.974 13.345 8.202 6.379 2.205 3.192 8.661 7.897 14.213 3.557 6.134 11.018 1.641 5.408 9.486 5.221 6.516 7.176 4.291 7.497 12.001 6.599 11.360 8.717 8.490 2.711 5.094 8.695 9.208 10.250 15.174 5.792 6.190 8.384 5.494 10.965 11.887 12.888 13.485 0.870 3.294 1.732 2.881 8.343 3.979 13.611 10.992 3.464 6.551 9.852 5.157 12.222 8.786 5.936 11.557 11.588 8.341 7.420 11.208 4.925 4.311 12.485 2.541 5.363 6.483 11.851 6.587 8.080 11.597 4.176 8.568 7.870 1.379 7.676 8.361 4.420 3.562 6.221 2.435 8.011 3.817 10.957 4.818 6.450 5.098 8.915 12.145 14.208 6.724 12.423 
6.796 13.075 5.370 5.370 4.761 8.385 15.121 3.362 8.133 4.275 14.168 11.740 15.767 11.915 3.182 7.735 10.905 9.085 7.443 10.451 13.328 6.117 6.988 9.362 5.506 11.526 11.602 3.802 7.853 8.673 11.248 14.669 9.856 5.747 3.703 5.033 8.983 10.195 15.503 3.885 8.122 13.321 3.685 5.979 11.160 7.488 7.136 9.020 6.112 9.665 14.299 8.505 13.664 9.177 10.373 1.609 5.808 10.979 10.813 11.349 16.612 8.025 8.488 10.457 7.786 13.247 14.060 14.304 15.023 1.712 5.091 3.096 0.894 7.484 6.033 14.725 12.392 5.724 8.810 11.503 7.446 14.439 9.296 6.449 13.848 13.837 10.180 8.235 11.990 5.962 6.295 13.979 3.551 7.667 7.086 13.515 8.891 10.377 13.773 6.312 10.820 9.877 3.626 9.486 9.957 6.682 5.220 8.460 2.311 8.008 5.878 12.155 5.130 7.121 6.627 11.216 13.695 15.641 8.500 13.762 
4.079 9.662 8.864 9.432 13.103 10.796 9.618 9.158 2.742 10.306 11.079 0.915 13.613 1.504 7.811 14.023 0.595 5.002 8.331 1.015 12.971 5.551 12.502 7.310 8.007 13.604 14.065 10.251 14.418 13.524 2.850 12.749 8.105 13.274 8.397 6.466 12.980 2.008 13.557 10.269 4.203 2.683 7.649 10.568 8.543 4.129 10.967 6.813 5.848 2.286 3.475 6.397 3.189 12.652 6.893 11.048 8.838 0.128 8.774 11.572 13.608 2.989 2.430 5.435 3.572 2.384 6.089 11.979 11.804 9.344 7.396 8.725 11.447 15.190 5.280 13.864 10.768 5.549 2.135 8.853 3.903 5.777 12.560 10.935 3.919 4.839 7.125 10.906 13.360 9.353 5.276 11.310 8.417 3.395 10.996 9.969 2.358 0.681 5.860 5.724 3.263 5.867 7.245 7.107 8.448 4.770 7.709 3.870 9.813 13.302 5.383 11.629 9.659 10.811 6.528 1.766 10.787 12.880 7.108 12.013 
7.346 5.868 13.085 13.644 13.941 9.664 4.871 12.787 6.366 11.153 7.067 4.557 9.555 3.709 10.252 13.689 5.617 4.481 7.781 6.065 9.793 9.674 12.225 5.691 12.251 11.408 11.943 11.316 14.124 12.646 2.531 8.922 6.078 13.696 9.985 10.277 11.850 3.863 9.588 11.295 8.930 3.655 9.722 10.612 5.692 5.998 10.465 5.542 10.053 7.265 4.504 5.642 3.235 11.372 4.597 12.973 13.168 5.085 6.156 9.040 9.238 7.180 5.938 3.431 5.870 5.022 1.032 8.121 7.598 11.692 8.593 10.521 13.697 15.286 9.222 10.293 7.554 7.726 6.468 5.821 6.153 1.040 11.207 10.762 2.182 0.832 4.945 9.858 10.891 9.479 9.404 7.439 12.024 6.228 10.520 6.013 5.180 4.827 0.825 7.106 2.688 4.210 10.137 5.434 6.350 6.779 8.673 4.966 13.121 12.690 9.258 8.706 13.804 10.309 11.016 3.352 6.928 8.690 6.133 8.407 
6.108 7.022 9.607 9.940 4.870 2.454 9.363 7.988 6.949 2.343 7.989 9.704 9.513 9.415 4.519 4.903 9.504 4.811 1.463 9.335 7.155 7.736 3.377 3.736 9.172 5.879 6.133 2.706 5.310 4.484 7.861 8.414 3.923 4.564 2.911 7.228 4.137 7.467 9.253 2.645 9.031 10.669 3.757 1.509 5.183 5.059 1.909 3.665 8.049 9.339 11.825 3.492 10.757 3.990 4.927 5.024 9.966 9.261 4.752 5.160 10.366 7.587 7.004 5.710 5.648 11.252 9.440 8.058 8.824 4.892 2.359 3.421 6.030 6.255 7.237 8.538 6.148 4.317 7.895 5.476 5.373 10.095 3.990 1.806 10.432 9.819 4.631 2.404 6.123 0.374 7.675 7.763 7.519 6.022 1.922 7.449 6.791 8.459 9.191 3.566 7.226 4.942 5.343 3.949 3.926 4.621 1.927 5.327 7.509 4.185 7.106 5.921 9.866 1.769 9.201 8.441 7.515 9.396 3.052 7.507 
6.366 12.067 5.932 6.019 4.068 7.330 14.163 3.924 7.697 3.231 13.140 11.281 14.715 11.388 2.627 6.874 10.528 8.255 6.420 10.108 12.271 6.091 6.027 8.390 5.927 10.493 10.580 2.756 7.027 7.716 10.580 13.618 8.854 4.960 2.761 5.052 7.983 9.596 14.450 2.841 8.059 12.795 2.945 4.934 10.158 6.829 6.093 8.071 6.156 9.432 13.813 7.581 13.104 8.158 9.431 0.853 6.367 10.553 9.800 10.292 15.568 7.709 8.019 9.597 7.185 12.821 13.257 13.260 13.991 1.101 4.179 2.167 1.060 6.808 5.911 13.668 11.348 5.080 8.447 10.496 6.836 13.678 8.271 5.411 13.215 13.117 9.224 7.182 10.945 4.908 6.229 12.943 3.917 7.134 6.043 12.506 8.343 9.904 12.973 5.534 10.115 8.986 3.314 8.525 8.945 6.025 4.263 7.751 2.990 7.063 5.749 11.100 5.815 6.074 6.843 10.635 12.666 14.597 7.534 12.712 
11.740 2.620 16.900 17.336 11.862 6.205 4.420 15.615 11.698 10.183 1.455 12.187 1.575 11.436 12.118 9.714 12.809 7.712 6.911 13.012 2.049 14.151 8.889 5.728 16.277 4.935 5.413 10.616 10.083 8.092 9.490 0.528 4.917 11.000 10.746 14.101 7.168 10.259 1.400 10.543 14.576 11.929 11.320 8.613 3.889 9.936 7.617 6.287 14.546 13.777 12.907 6.940 11.610 6.632 5.515 12.990 17.182 12.317 3.913 3.242 2.394 12.652 11.447 6.827 10.346 13.179 7.828 0.377 1.502 12.829 9.640 11.322 14.013 11.580 13.589 1.883 1.905 10.638 12.403 3.517 10.338 8.730 6.412 8.313 10.623 9.243 5.402 6.418 4.106 8.312 13.973 1.013 15.016 10.919 7.686 2.435 10.743 11.664 7.809 9.527 8.977 6.584 12.695 5.784 4.665 10.193 9.336 9.225 15.329 8.585 13.519 2.302 17.337 7.554 15.755 10.594 1.520 1.450 6.480 0.521 
4.190 8.110 9.630 10.197 12.530 9.650 8.077 9.613 2.965 9.682 9.521 1.609 12.058 1.193 7.698 13.125 2.161 3.720 7.253 2.490 11.495 6.217 11.597 5.965 8.779 12.284 12.763 9.697 13.536 12.482 1.296 11.207 6.719 12.577 7.971 6.970 11.872 0.765 12.007 9.703 5.273 2.544 7.381 9.712 7.057 3.540 9.975 5.509 6.570 3.610 3.654 5.177 2.812 11.506 5.430 10.810 9.668 1.643 7.320 10.173 12.043 3.626 2.537 3.939 3.112 3.049 4.690 10.432 10.241 9.234 6.793 8.385 11.338 14.424 5.830 12.349 9.271 5.224 2.845 7.352 3.464 4.515 11.396 10.028 3.088 3.622 5.685 9.781 11.990 8.488 5.939 9.759 8.850 3.199 10.011 8.410 1.975 1.165 4.439 5.092 1.709 4.442 7.311 5.744 7.061 4.312 7.041 2.917 10.124 12.323 5.897 10.175 10.389 9.816 7.439 0.382 9.236 11.318 5.879 10.485 
5.703 3.933 11.089 11.566 9.053 4.630 5.601 10.059 5.694 6.404 5.306 6.949 7.590 6.385 6.755 8.601 7.246 1.762 2.752 7.323 6.362 8.152 7.141 0.651 10.402 6.949 7.437 6.664 9.037 7.604 4.478 6.566 1.391 8.693 5.834 8.207 6.855 4.716 7.444 6.624 8.541 7.363 6.016 5.600 2.162 3.892 5.378 0.534 8.553 7.899 8.512 1.060 7.288 6.415 0.843 8.695 11.330 6.826 2.189 4.858 7.993 6.634 5.480 1.711 4.310 8.293 5.284 5.901 6.172 7.870 4.443 6.438 9.585 10.213 7.590 7.414 4.297 4.779 6.462 2.544 4.293 5.990 6.272 5.703 6.705 5.842 0.711 4.809 6.654 4.549 7.960 5.332 9.381 4.883 5.435 4.365 4.843 6.069 5.047 3.703 3.823 0.963 7.094 0.407 1.734 4.200 4.327 3.230 9.999 7.612 7.533 4.976 11.611 5.223 9.753 5.398 4.881 7.086 1.139 5.703 
3.736 5.844 9.395 9.908 9.384 6.091 6.956 8.632 3.575 6.545 7.270 5.136 9.650 4.719 5.685 9.634 5.248 0.443 3.699 5.266 8.485 6.253 8.110 2.636 8.649 8.858 9.313 6.664 10.053 8.926 3.084 8.652 3.480 9.274 5.278 6.474 8.309 2.842 9.522 6.650 6.453 5.910 5.080 6.285 4.240 1.918 6.444 2.096 6.659 5.776 7.072 1.642 5.980 7.948 2.633 8.268 9.590 4.875 4.316 6.912 9.956 4.526 3.352 1.833 2.235 6.610 5.300 7.958 8.113 7.052 3.887 5.822 9.012 11.030 5.702 9.541 6.420 3.285 4.333 4.609 2.285 5.740 7.843 6.553 5.691 5.264 2.725 6.219 8.651 5.076 6.036 7.356 7.903 2.807 6.484 6.248 2.727 4.085 5.015 2.455 2.458 1.610 5.755 2.474 3.816 2.460 3.987 1.104 8.766 8.789 5.669 7.092 9.994 6.284 7.830 3.723 6.877 9.086 2.352 7.808 
5.467 4.807 11.268 11.802 11.227 7.141 5.199 10.663 4.869 8.443 6.233 4.851 8.759 4.155 7.810 11.062 5.445 1.820 5.103 5.680 8.230 7.975 9.577 3.157 10.482 9.303 9.813 8.616 11.495 10.112 2.177 7.891 3.728 10.991 7.364 8.359 9.368 2.924 8.699 8.593 7.754 4.950 7.207 7.915 3.801 3.796 7.828 2.903 8.378 6.572 6.075 2.935 4.819 8.924 2.276 10.350 11.423 4.948 4.129 7.056 8.811 5.820 4.510 0.804 3.881 6.012 3.189 7.120 6.984 9.177 5.952 7.923 11.121 12.615 7.454 9.039 5.984 5.370 5.345 4.069 4.069 3.710 8.777 8.086 4.193 3.397 2.591 7.318 8.911 6.769 7.730 6.452 9.919 4.382 7.880 5.127 3.716 4.318 2.909 4.583 1.611 1.566 7.840 2.900 4.048 4.482 6.000 2.745 10.855 10.101 7.451 6.951 11.916 7.669 9.482 3.248 5.930 8.046 3.466 7.170 
6.945 5.296 11.156 11.529 6.293 1.530 7.762 9.653 7.505 4.092 6.186 9.697 7.694 9.261 6.140 5.426 9.729 4.424 1.073 9.665 5.423 8.934 3.998 2.580 10.649 4.628 4.997 4.494 5.862 4.443 7.482 6.593 2.423 5.738 4.633 8.588 3.759 7.403 7.438 4.427 9.955 10.377 5.346 2.755 3.553 5.509 2.237 2.783 9.285 9.908 11.539 2.954 10.364 3.387 3.736 6.842 11.490 9.398 3.070 3.439 8.538 8.291 7.456 4.889 6.086 11.163 8.397 6.230 7.011 6.679 3.739 5.184 7.854 7.091 8.398 6.784 4.321 5.332 8.422 3.798 5.890 9.147 3.286 2.690 9.859 9.028 3.396 1.669 4.679 2.149 8.828 5.944 9.129 6.569 2.299 5.710 7.055 8.596 8.178 4.335 6.820 4.115 6.864 2.835 2.319 5.323 3.358 5.417 9.250 4.426 8.286 4.134 11.482 2.090 10.480 8.261 5.714 7.568 2.277 5.682 
3.565 11.182 7.214 7.774 12.865 11.429 11.404 7.807 2.511 10.204 12.620 2.725 15.121 3.451 7.169 14.216 1.499 6.083 8.933 0.951 14.205 4.130 12.734 8.372 6.370 14.490 14.912 10.060 14.583 13.941 4.637 14.197 9.215 13.198 8.116 5.171 13.510 3.499 15.036 10.094 2.422 4.469 7.208 10.775 9.857 4.466 11.360 7.825 4.343 0.385 5.004 7.299 5.025 13.250 8.192 10.434 7.133 1.964 10.009 12.641 15.221 2.056 2.506 6.850 3.880 3.710 8.011 13.453 13.390 8.629 7.397 8.318 10.667 15.179 4.019 15.207 12.081 5.355 1.565 10.199 4.109 7.731 13.188 11.205 5.852 6.795 8.368 11.503 14.347 9.612 3.879 12.803 7.111 3.442 11.378 11.523 3.009 2.193 7.771 5.895 4.912 7.123 6.418 8.207 9.552 4.842 7.776 4.671 8.598 13.629 4.158 12.821 8.029 11.213 4.802 3.639 12.291 14.443 7.988 13.408 
6.992 2.704 5.466 7.143 5.566 5.216 14.219 4.451 3.477 1.233 8.854 11.163 3.519 9.317 7.304 1.575 10.933 3.316 2.681 8.329 6.336 8.487 11.521 11.130 5.201 12.194 8.167 5.566 8.253 8.052 
10.339 10.536 10.552 9.323 6.165 13.625 4.720 9.115 6.925 9.844 11.808 9.559 10.985 7.690 3.674 7.988 1.509 12.819 9.074 4.214 3.312 10.665 12.347 9.188 14.170 3.078 6.790 8.986 12.433 11.122 
8.195 4.609 9.819 9.091 9.702 2.214 19.498 9.493 8.176 5.204 9.236 13.471 4.461 12.300 12.112 7.254 16.263 2.683 6.101 14.143 11.710 9.628 12.304 13.622 1.035 17.322 13.801 7.875 7.959 8.782 
8.360 5.026 10.379 9.301 10.085 2.364 19.942 10.062 8.622 5.707 9.293 13.650 4.807 12.553 12.530 7.778 16.720 3.252 6.522 14.686 12.184 9.751 12.349 13.817 1.357 17.753 14.366 8.148 7.980 8.885 
2.313 7.043 14.559 2.538 5.979 7.788 14.319 13.232 7.115 8.196 0.814 4.169 6.460 4.397 7.921 8.997 11.943 9.983 6.632 13.665 9.284 0.957 2.353 4.499 9.013 12.090 15.106 3.885 2.223 1.304 
5.043 7.586 12.156 3.874 2.733 10.102 8.737 10.609 4.842 7.783 6.090 3.929 7.597 1.820 2.662 7.099 6.258 10.703 6.231 8.849 4.534 4.902 6.391 3.658 11.045 6.466 10.843 4.340 6.992 5.539 
12.673 12.110 10.168 11.735 8.386 15.227 5.271 8.955 8.646 11.162 14.264 12.252 12.677 10.355 6.133 9.100 3.333 13.923 10.741 3.000 5.106 13.154 14.990 11.883 15.596 4.742 5.399 11.193 14.770 13.535 
6.250 3.428 10.319 7.206 8.245 0.317 18.246 9.693 7.016 4.511 7.221 11.541 2.980 10.483 10.774 6.643 15.081 3.246 4.867 13.606 10.652 7.644 10.287 11.712 1.113 16.016 13.637 6.112 5.942 6.785 
8.202 4.041 4.144 8.251 6.241 6.417 14.068 3.126 4.137 2.570 10.097 12.088 4.857 10.145 7.584 1.851 10.795 4.078 3.885 7.558 6.302 9.660 12.676 12.018 6.248 12.163 7.081 6.694 9.552 9.280 
0.983 4.730 11.763 0.541 3.352 6.436 12.782 10.404 4.261 5.636 2.720 4.951 4.364 3.795 5.684 6.184 10.026 7.904 3.973 11.000 6.721 1.929 4.900 5.063 7.542 10.492 12.305 1.083 3.078 1.899 
11.257 11.840 11.930 10.182 7.244 14.903 3.277 10.516 8.221 11.214 12.589 9.815 12.249 8.140 4.650 9.401 0.366 14.213 10.361 5.293 4.674 11.417 12.808 9.415 15.495 1.841 7.887 10.021 13.330 11.957 
11.562 7.647 0.985 11.428 8.762 9.869 14.145 0.622 6.892 6.173 13.497 14.811 8.463 12.724 9.188 4.832 11.094 7.108 7.335 6.326 7.385 12.931 15.873 14.666 9.499 12.653 4.693 9.947 13.069 12.660 
12.591 13.885 14.475 11.441 8.981 16.866 1.151 13.058 10.302 13.412 13.647 10.062 14.205 8.814 6.409 11.724 2.448 16.458 12.390 7.735 6.959 12.455 13.297 9.633 17.559 1.171 10.306 11.590 14.578 13.126 
11.484 7.831 1.738 11.264 8.424 10.242 13.346 0.806 6.668 6.358 13.429 14.463 8.646 12.349 8.637 4.777 10.328 7.617 7.358 5.482 6.778 12.798 15.690 14.296 9.961 11.899 3.885 9.831 13.088 12.585 
3.666 1.155 9.210 4.254 4.729 3.203 14.756 8.128 3.690 2.517 5.327 8.657 0.662 7.272 7.273 4.142 11.624 4.198 1.658 10.736 7.312 5.228 8.230 8.748 4.080 12.513 11.257 2.845 4.552 4.599 
4.493 9.009 15.459 3.741 5.899 10.490 11.942 13.986 7.734 9.822 3.977 0.986 8.634 2.355 6.818 9.965 10.061 12.185 8.127 12.991 8.612 3.139 2.476 1.365 11.664 9.849 14.875 5.270 5.362 4.054 
11.042 6.841 1.320 11.027 8.651 8.838 14.895 1.279 6.649 5.393 12.948 14.658 7.646 12.626 9.422 4.422 11.758 5.974 6.737 7.302 7.750 12.475 15.470 14.547 8.392 13.278 5.865 9.494 12.411 12.127 
7.503 5.645 6.275 6.974 3.732 8.742 10.103 4.712 2.572 4.638 9.403 9.685 6.281 7.549 3.908 2.618 6.821 7.477 4.387 4.699 2.337 8.556 11.234 9.495 9.072 8.177 5.618 5.805 9.429 8.564 
4.748 5.581 9.713 3.862 0.522 8.435 9.555 8.181 2.396 5.495 6.410 6.055 5.791 3.932 2.088 4.611 6.523 8.518 4.113 7.353 2.971 5.374 7.755 5.879 9.216 7.292 8.966 3.324 6.844 5.643 
10.721 6.411 1.828 10.759 8.528 8.311 15.157 1.745 6.482 4.986 12.610 14.492 7.208 12.490 9.454 4.210 11.985 5.417 6.402 7.698 7.855 12.179 15.191 14.397 7.840 13.482 6.372 9.209 12.028 11.797 
10.014 11.940 14.053 8.842 6.848 14.762 3.972 12.530 8.526 11.714 10.922 7.210 12.139 6.017 4.537 10.327 2.972 14.780 10.461 8.212 5.801 9.734 10.447 6.782 15.576 1.996 10.769 9.201 11.929 10.453 
7.564 2.813 6.653 8.083 7.475 3.521 16.672 6.138 5.567 2.384 9.166 12.422 3.321 10.825 9.554 4.079 13.392 0.792 3.909 10.792 8.786 9.126 12.120 12.468 3.035 14.597 10.381 6.564 8.221 8.477 
3.531 7.704 13.937 2.539 4.376 9.470 11.281 12.460 6.215 8.415 3.703 1.925 7.407 1.324 5.483 8.459 9.086 10.911 6.719 11.602 7.193 2.581 3.485 2.002 10.596 9.085 13.412 3.939 4.925 3.455 
6.969 6.714 8.545 6.132 2.669 9.794 8.274 6.982 3.097 6.123 8.680 7.900 7.151 5.753 1.616 4.491 5.021 9.164 5.243 5.094 0.700 7.650 9.947 7.648 10.366 6.174 6.875 5.429 9.050 7.902 
8.043 4.073 8.972 8.859 9.183 2.280 18.857 8.636 7.553 4.492 9.241 13.269 4.060 11.984 11.526 6.491 15.606 1.829 5.537 13.338 11.029 9.529 12.310 13.395 1.086 16.707 12.955 7.551 8.030 8.721 
8.051 11.011 14.863 6.883 6.051 13.483 6.850 13.300 8.096 11.154 8.568 4.346 11.015 3.628 4.705 10.253 5.628 14.113 9.642 10.116 6.576 7.423 7.647 3.913 14.455 4.946 12.508 7.674 9.740 8.248 
8.111 11.273 15.338 6.958 6.387 13.665 7.223 13.775 8.460 11.476 8.503 4.075 11.241 3.637 5.186 10.648 6.143 14.404 9.932 10.660 7.080 7.383 7.394 3.646 14.664 5.397 13.046 7.847 9.720 8.236 
0.669 4.440 11.707 0.937 3.653 6.001 13.223 10.383 4.345 5.436 2.582 5.334 4.016 4.258 6.065 6.145 10.435 7.576 3.814 11.236 7.012 1.992 5.027 5.468 7.123 10.932 12.457 1.055 2.738 1.736 
4.706 9.301 15.858 4.033 6.319 10.680 12.277 14.390 8.131 10.153 4.010 1.163 8.900 2.785 7.253 10.349 10.453 12.460 8.462 13.427 9.049 3.279 2.163 1.588 11.867 10.207 15.310 5.586 5.413 4.176 
5.220 9.234 14.925 4.198 5.279 11.136 10.289 13.404 7.313 9.820 5.240 0.999 8.997 1.303 5.609 9.605 8.491 12.450 8.138 11.785 7.514 4.195 4.131 0.676 12.247 8.212 13.824 5.495 6.538 5.097 
10.287 7.304 3.671 9.906 6.805 10.093 11.479 2.236 5.307 5.916 12.227 12.772 8.085 10.632 6.728 3.928 8.399 7.918 6.487 3.946 4.830 11.477 14.254 12.576 10.052 9.956 3.284 8.590 12.064 11.379 
11.511 12.795 13.672 10.368 7.878 15.766 2.227 12.220 9.221 12.345 12.606 9.184 13.107 7.825 5.309 10.696 1.647 15.399 11.299 7.163 5.939 11.415 12.372 8.760 16.468 0.067 9.758 10.491 13.511 12.067 
7.236 7.439 9.305 6.302 2.974 10.485 7.495 7.746 3.828 6.925 8.841 7.559 7.828 5.446 1.000 5.344 4.280 9.979 5.952 5.225 0.989 7.754 9.845 7.273 11.106 5.355 7.246 5.800 9.334 8.100 
2.811 7.577 14.730 2.529 5.679 8.655 13.401 13.341 7.104 8.601 1.901 3.049 7.078 3.443 7.330 9.150 11.159 10.642 6.960 13.274 8.854 1.261 1.923 3.380 9.861 11.202 14.874 4.079 3.296 2.093 
2.444 2.574 9.846 2.714 3.320 4.775 13.391 8.582 2.977 3.479 4.345 7.053 2.336 5.598 5.928 4.352 10.353 5.779 1.878 10.176 6.315 3.941 6.980 7.120 5.735 11.119 11.076 1.194 3.993 3.521 
6.682 2.105 7.642 7.299 7.117 2.498 16.672 7.007 5.388 2.297 8.198 11.690 2.417 10.208 9.380 4.333 13.416 1.151 3.459 11.253 8.834 8.236 11.193 11.766 2.264 14.534 11.063 5.840 7.197 7.542 
5.489 9.121 14.358 4.373 4.778 11.243 9.407 12.819 6.871 9.572 5.809 1.931 8.965 1.042 4.780 9.164 7.552 12.325 7.921 10.928 6.719 4.686 5.020 1.561 12.308 7.300 13.022 5.472 7.026 5.545 
9.556 6.169 3.240 9.310 6.494 8.847 12.404 1.680 4.709 4.734 11.503 12.542 6.970 10.443 6.932 2.912 9.227 6.591 5.517 5.206 5.197 10.849 13.733 12.387 8.755 10.729 4.565 7.891 11.213 10.657 
12.308 13.679 14.446 11.155 8.744 16.644 1.459 13.014 10.109 13.234 13.344 9.733 13.986 8.499 6.188 11.577 2.391 16.286 12.184 7.786 6.816 12.153 12.972 9.304 17.352 0.955 10.369 11.329 14.286 12.830 
0.703 4.498 11.726 0.856 3.605 6.082 13.148 10.395 4.337 5.479 2.591 5.259 4.084 4.173 6.002 6.160 10.367 7.641 3.848 11.202 6.967 1.963 4.992 5.390 7.202 10.857 12.438 1.054 2.789 1.747 
9.353 4.578 5.029 9.743 8.562 5.445 16.975 4.892 6.488 3.631 11.046 13.964 5.210 12.217 10.284 4.460 13.697 2.321 5.327 10.317 9.162 10.909 13.936 13.968 4.741 15.037 9.445 8.177 10.168 10.320 
12.852 9.236 2.068 12.593 9.644 11.597 13.630 2.122 7.980 7.761 14.798 15.648 10.052 13.515 9.605 6.169 10.781 8.884 8.758 5.531 7.677 14.139 17.001 15.461 11.265 12.380 3.384 11.187 14.483 13.953 
3.374 1.519 9.080 3.763 3.929 4.001 13.958 7.900 2.970 2.521 5.189 8.108 1.391 6.613 6.474 3.759 10.833 4.729 1.154 10.107 6.559 4.916 7.954 8.170 4.847 11.713 10.762 2.246 4.616 4.401 
2.582 5.901 12.008 1.412 2.604 7.999 11.179 10.548 4.281 6.501 3.778 3.845 5.706 2.227 4.387 6.505 8.552 9.115 4.810 10.189 5.777 2.639 4.928 3.837 9.047 8.897 11.793 2.207 4.552 3.135 
8.504 8.654 9.615 7.535 4.271 11.727 6.367 8.091 5.035 8.037 10.056 8.347 9.079 6.317 1.931 6.295 3.094 11.058 7.179 4.493 1.530 8.944 10.868 8.020 12.305 4.351 6.797 7.097 10.603 9.337 
6.784 3.614 5.582 6.628 4.275 6.591 12.398 4.202 2.205 2.375 8.727 10.216 4.362 8.220 5.627 0.258 9.112 5.117 2.735 6.729 4.522 8.129 11.076 10.121 6.796 10.393 6.962 5.147 8.409 7.884 
3.711 6.867 12.380 2.530 2.732 9.113 10.141 10.872 4.732 7.314 4.678 3.317 6.746 1.302 3.767 7.024 7.653 10.065 5.658 9.844 5.429 3.491 5.201 3.188 10.134 7.875 11.651 3.295 5.602 4.137 
6.794 6.221 8.078 6.032 2.556 9.317 8.818 6.514 2.618 5.578 8.568 8.123 6.690 5.971 2.099 3.920 5.554 8.610 4.766 5.138 1.026 7.582 10.005 7.895 9.857 6.736 6.728 5.196 8.852 7.769 
7.742 3.044 6.902 8.307 7.822 3.359 17.071 6.454 5.940 2.752 9.292 12.671 3.477 11.111 9.933 4.485 13.792 0.392 4.224 11.189 9.187 9.301 12.275 12.728 2.754 14.991 10.745 6.809 8.301 8.625 
10.323 5.753 2.992 10.500 8.652 7.285 16.025 3.010 6.545 4.445 12.151 14.459 6.509 12.543 9.908 4.262 12.800 4.267 6.034 8.822 8.475 11.834 14.872 14.402 6.707 14.247 7.639 8.924 11.445 11.366 
13.957 10.205 2.403 13.726 10.805 12.422 14.498 3.063 9.119 8.729 15.902 16.812 11.022 14.679 10.749 7.245 11.746 9.586 9.813 6.361 8.811 15.265 18.143 16.625 12.004 13.352 3.969 12.302 15.548 15.058 
6.459 5.587 7.711 5.785 2.378 8.691 9.474 6.154 2.009 4.923 8.289 8.230 6.077 6.089 2.601 3.292 6.209 7.955 4.146 5.450 1.650 7.357 9.909 8.033 9.212 7.387 6.818 4.812 8.481 7.471 
13.058 9.593 2.657 12.750 9.708 12.035 13.235 2.571 8.133 8.124 15.005 15.670 10.406 13.527 9.510 6.436 10.451 9.379 9.039 5.106 7.558 14.308 17.130 15.469 11.741 12.055 2.847 11.378 14.740 14.158 
5.685 9.066 14.014 4.535 4.518 11.311 8.905 12.467 6.628 9.434 6.164 2.486 8.960 1.219 4.294 8.909 7.000 12.252 7.811 10.414 6.249 5.012 5.544 2.111 12.345 6.775 12.539 5.501 7.329 5.839 
8.127 7.434 8.005 7.320 3.845 10.549 7.901 6.465 3.896 6.643 9.866 9.003 7.954 6.869 2.490 4.762 4.617 9.595 6.019 3.896 0.544 8.845 11.137 8.730 11.016 5.982 5.771 6.549 10.196 9.080 
1.954 4.397 12.463 3.132 5.851 4.561 15.602 11.324 5.960 5.785 2.469 7.019 3.659 6.419 8.372 7.182 12.779 6.973 4.579 13.137 9.119 2.993 5.540 7.255 5.791 13.310 14.059 3.025 1.326 2.084 
8.617 4.923 9.740 9.501 10.031 2.647 19.770 9.484 8.454 5.424 9.672 13.888 4.823 12.694 12.412 7.433 16.525 2.726 6.407 14.274 11.955 10.057 12.741 14.035 1.447 17.608 13.854 8.265 8.398 9.215 
10.944 6.892 1.330 10.873 8.371 9.044 14.381 0.746 6.416 5.425 12.866 14.403 7.705 12.347 9.025 4.251 11.257 6.270 6.671 6.765 7.312 12.348 15.321 14.278 8.662 12.786 5.360 9.362 12.385 12.036 
8.072 8.464 9.895 7.078 3.893 11.508 6.474 8.355 4.852 7.932 9.587 7.812 8.849 5.783 1.437 6.287 3.256 10.978 6.976 5.013 1.600 8.463 10.344 7.485 12.131 4.359 7.277 6.711 10.169 8.880 
8.075 9.989 12.758 6.913 4.882 12.777 5.703 11.204 6.655 9.837 9.096 5.902 10.164 4.338 2.762 8.588 3.565 12.892 8.521 7.717 4.392 7.905 8.958 5.501 13.608 3.454 10.126 7.210 10.034 8.576 
13.533 14.483 14.359 12.405 9.736 17.521 0.794 13.010 10.868 13.895 14.684 11.266 14.860 9.928 7.128 12.092 2.769 16.902 12.996 7.370 7.360 13.494 14.471 10.840 18.148 2.161 9.868 12.435 15.557 14.127 
8.502 4.009 4.229 8.676 6.968 5.966 15.032 3.537 4.856 2.638 10.341 12.675 4.795 10.797 8.467 2.651 11.757 3.327 4.207 8.457 7.248 10.008 13.046 12.632 5.637 13.116 7.816 7.098 9.675 9.550 
8.422 4.395 3.864 8.416 6.242 6.838 13.784 2.752 4.162 2.918 10.333 12.158 5.211 10.181 7.442 1.870 10.521 4.507 4.126 7.155 6.076 9.855 12.855 12.073 6.681 11.913 6.647 6.876 9.834 9.508 
8.662 7.068 6.502 8.015 4.592 10.163 9.058 4.973 3.887 6.033 10.513 10.229 7.702 8.078 3.896 3.958 5.826 8.792 5.799 3.322 1.949 9.587 12.104 9.989 10.471 7.298 4.614 6.991 10.653 9.690 
7.283 3.798 5.029 7.173 4.866 6.647 12.768 3.692 2.796 2.428 9.219 10.805 4.584 8.812 6.145 0.553 9.484 4.897 3.119 6.759 4.931 8.657 11.622 10.712 6.743 10.807 6.769 5.671 8.845 8.381 
13.145 9.162 1.106 13.008 10.288 11.229 14.957 2.187 8.458 7.695 15.078 16.335 9.974 14.232 10.546 6.415 12.045 8.329 8.908 6.894 8.674 14.514 17.452 16.178 10.759 13.636 4.770 11.530 14.636 14.242 
12.431 10.378 6.369 11.775 8.324 13.343 9.196 5.371 7.579 9.114 14.281 13.639 11.099 11.519 7.068 6.995 6.649 11.379 9.295 1.117 5.204 13.341 15.772 13.351 13.423 8.244 1.481 10.755 14.409 13.459 
11.238 12.254 12.885 10.118 7.438 15.265 2.669 11.442 8.655 11.742 12.434 9.287 12.602 7.776 4.835 10.034 0.846 14.781 10.761 6.369 5.268 11.248 12.396 8.872 15.926 0.762 8.964 10.127 13.273 11.855 
12.073 12.718 12.601 10.983 8.103 15.781 2.498 11.221 9.099 12.083 13.362 10.396 13.126 8.814 5.501 10.254 1.069 15.076 11.239 5.766 5.542 12.183 13.462 9.986 16.371 1.692 8.333 10.867 14.137 12.748 
2.878 2.599 10.735 3.813 5.415 3.133 15.472 9.669 4.885 4.038 4.159 8.158 1.829 7.115 8.024 5.656 12.454 5.173 3.091 12.067 8.378 4.348 7.195 8.320 4.292 13.193 12.724 2.862 3.166 3.560 
3.526 2.844 8.853 3.352 2.286 5.666 12.277 7.493 1.561 3.108 5.473 7.271 3.014 5.497 4.796 3.273 9.155 5.936 1.468 8.753 4.951 4.837 7.799 7.252 6.442 10.037 9.699 1.858 5.324 4.625 
2.284 2.508 10.163 2.818 3.905 4.329 13.965 8.950 3.547 3.629 4.080 7.227 2.086 5.914 6.515 4.754 10.945 5.635 2.180 10.756 6.922 3.839 6.869 7.328 5.354 11.689 11.599 1.493 3.562 3.294 
2.981 4.679 12.829 4.162 6.817 4.119 16.628 11.779 6.749 6.137 3.130 7.913 3.878 7.426 9.366 7.744 13.784 6.857 5.153 13.956 10.034 3.875 6.125 8.173 5.350 14.336 14.755 3.997 1.747 2.954 
4.808 9.582 16.644 4.485 7.334 10.527 13.777 15.225 8.955 10.602 3.525 2.629 9.072 4.177 8.568 11.074 11.930 12.629 8.951 14.697 10.284 3.247 0.751 3.061 11.750 11.707 16.472 6.058 4.896 3.984 
7.229 2.447 6.459 7.687 6.943 3.684 16.110 5.828 5.014 1.840 8.892 11.992 3.050 10.352 8.997 3.528 12.830 1.332 3.418 10.294 8.224 8.789 11.804 12.025 3.371 14.034 9.963 6.146 8.011 8.176 
11.415 13.253 14.865 10.241 8.187 16.115 2.779 13.376 9.782 12.962 12.299 8.428 13.480 7.370 5.781 11.476 3.058 16.031 11.766 8.583 6.817 11.114 11.709 7.996 16.904 1.524 11.177 10.591 13.323 11.844 
9.350 10.415 11.814 8.244 5.533 13.394 4.545 10.303 6.845 9.983 10.607 7.825 10.733 6.112 2.941 8.394 1.713 13.043 8.919 6.042 3.693 9.427 10.783 7.434 14.088 2.313 8.561 8.215 11.400 9.999 
5.284 1.960 6.997 5.341 3.891 5.059 13.210 5.760 1.951 1.239 7.195 9.335 2.643 7.515 5.951 1.610 9.959 4.304 1.012 8.318 5.398 6.734 9.753 9.307 5.470 11.073 8.716 3.774 6.748 6.370 
9.087 4.752 3.414 9.174 7.178 6.821 14.711 2.684 5.078 3.321 10.963 13.034 5.554 11.090 8.433 2.786 11.459 4.150 4.766 7.840 7.052 10.563 13.587 12.965 6.487 12.871 7.043 7.610 10.364 10.156 
8.798 9.036 9.898 7.807 4.596 12.106 5.982 8.385 5.417 8.424 10.316 8.436 9.455 6.445 2.165 6.676 2.708 11.443 7.559 4.519 1.910 9.191 11.037 8.096 12.689 3.981 6.898 7.420 10.895 9.609 
6.937 3.481 5.360 6.844 4.629 6.378 12.791 4.039 2.534 2.149 8.872 10.526 4.259 8.553 6.035 0.239 9.505 4.764 2.767 6.979 4.922 8.320 11.293 10.442 6.521 10.795 7.075 5.333 8.492 8.035 
12.992 10.642 5.862 12.392 8.976 13.527 10.037 5.047 8.064 9.314 14.871 14.429 11.391 12.297 7.875 7.236 7.551 11.388 9.651 2.026 5.971 13.968 16.472 14.151 13.524 9.142 0.617 11.300 14.929 14.040 
5.810 9.092 13.914 4.651 4.466 11.382 8.692 12.363 6.579 9.425 6.339 2.704 9.006 1.377 4.129 8.851 6.779 12.268 7.816 10.228 6.090 5.180 5.763 2.324 12.404 6.557 12.371 5.566 7.487 5.995 
3.002 6.423 12.367 1.822 2.824 8.526 10.848 10.889 4.650 6.991 3.993 3.392 6.237 1.696 4.294 6.907 8.316 9.637 5.306 10.249 5.824 2.814 4.788 3.354 9.577 8.578 11.947 2.739 4.887 3.427 
12.951 9.837 3.684 12.543 9.347 12.461 12.162 3.217 7.963 8.399 14.889 15.197 10.637 13.046 8.866 6.531 9.454 9.975 9.120 4.024 6.896 14.119 16.852 14.970 12.271 11.061 1.708 11.253 14.730 14.041 
12.580 9.958 4.925 12.053 8.708 12.776 10.719 4.108 7.601 8.591 14.488 14.358 10.726 12.210 7.879 6.558 8.067 10.543 9.049 2.585 5.923 13.634 16.238 14.102 12.723 9.672 0.600 10.879 14.465 13.648 
7.858 7.346 8.266 7.027 3.563 10.453 7.843 6.719 3.768 6.618 9.576 8.654 7.839 6.522 2.145 4.802 4.558 9.604 5.909 4.223 0.203 8.543 10.806 8.382 10.957 5.865 6.119 6.302 9.935 8.796 
4.868 7.544 12.275 3.693 2.780 10.011 8.939 10.732 4.893 7.785 5.876 3.729 7.531 1.604 2.879 7.165 6.486 10.680 6.211 9.063 4.732 4.687 6.158 3.470 10.971 6.673 11.038 4.227 6.797 5.337 
8.549 11.202 14.576 7.371 6.143 13.793 6.025 13.017 8.110 11.236 9.200 5.148 11.266 4.233 4.462 10.186 4.838 14.242 9.790 9.520 6.223 8.035 8.431 4.716 14.720 4.107 11.965 8.025 10.322 8.829 
2.959 5.074 10.791 2.025 1.475 7.509 10.937 9.326 3.065 5.481 4.574 4.984 5.023 3.125 3.712 5.312 8.089 8.254 3.826 9.162 4.806 3.553 6.106 4.926 8.460 8.645 10.653 1.800 5.056 3.811 
7.624 2.849 6.388 8.105 7.376 3.770 16.482 5.861 5.433 2.270 9.261 12.420 3.411 10.789 9.407 3.866 13.200 1.046 3.856 10.536 8.595 9.186 12.193 12.457 3.311 14.421 10.106 6.570 8.347 8.557 
11.000 11.780 12.204 9.905 7.070 14.819 3.191 10.767 8.166 11.212 12.280 9.382 12.158 7.753 4.461 9.457 0.167 14.235 10.292 5.698 4.697 11.102 12.412 8.978 15.446 1.445 8.294 9.814 13.060 11.668 
6.073 2.746 9.599 6.946 7.697 0.540 17.639 8.942 6.360 3.757 7.229 11.335 2.404 10.155 10.186 5.891 14.450 2.643 4.219 12.859 9.982 7.536 10.299 11.480 1.113 15.424 12.872 5.736 6.029 6.716 
7.428 3.605 4.845 7.406 5.302 6.308 13.340 3.626 3.200 2.158 9.347 11.169 4.414 9.213 6.691 0.912 10.057 4.385 3.157 7.217 5.504 8.850 11.846 11.093 6.322 11.380 7.069 5.868 8.889 8.518 
3.654 6.853 12.411 2.473 2.767 9.080 10.207 10.906 4.754 7.313 4.609 3.283 6.723 1.295 3.835 7.045 7.724 10.053 5.653 9.906 5.490 3.421 5.135 3.163 10.105 7.943 11.707 3.264 5.537 4.071 
10.762 10.976 10.820 9.738 6.603 14.067 4.360 9.405 7.366 10.272 12.213 9.859 11.428 8.029 4.095 8.401 1.266 13.239 9.515 4.289 3.747 11.064 12.695 9.480 14.606 2.872 6.883 9.422 12.855 11.535 
8.515 4.829 3.810 8.397 5.938 7.461 13.044 2.461 3.939 3.374 10.451 11.943 5.638 9.911 6.895 1.785 9.792 5.271 4.319 6.356 5.417 9.888 12.846 11.831 7.383 11.211 5.940 6.903 10.055 9.613 
10.201 6.284 2.111 10.099 7.565 8.610 13.792 0.873 5.618 4.808 12.131 13.598 7.100 11.541 8.251 3.482 10.628 5.995 5.958 6.384 6.574 11.587 14.548 13.472 8.325 12.134 5.275 8.600 11.690 11.297 
12.163 10.086 6.188 11.518 8.074 13.052 9.253 5.147 7.300 8.822 14.019 13.439 10.808 11.313 6.875 6.703 6.631 11.097 9.006 1.119 4.990 13.087 15.537 13.155 13.135 8.232 1.517 10.484 14.136 13.196 
5.220 2.942 7.179 5.029 2.947 6.059 12.101 5.796 0.876 2.333 7.167 8.704 3.507 6.770 4.853 1.612 8.855 5.402 1.588 7.499 4.313 6.536 9.476 8.633 6.547 9.961 8.167 3.561 6.936 6.320 
9.721 6.949 4.231 9.305 6.161 9.828 11.043 2.728 4.728 5.611 11.655 12.114 7.710 9.973 6.075 3.544 7.910 7.822 6.035 3.818 4.191 10.880 13.631 11.916 9.864 9.445 3.612 8.020 11.535 10.808 
7.946 6.663 7.027 7.265 3.824 9.779 8.942 5.474 3.297 5.750 9.776 9.456 7.247 7.304 3.203 3.778 5.665 8.635 5.318 3.972 1.341 8.833 11.326 9.221 10.168 7.051 5.395 6.291 9.959 8.959 
4.639 0.527 8.598 5.236 5.413 2.653 15.316 7.631 4.050 1.969 6.244 9.633 0.399 8.204 7.869 3.933 12.129 3.213 1.902 10.789 7.685 6.199 9.187 9.717 3.317 13.105 11.081 3.799 5.372 5.543 
7.157 6.743 8.327 6.342 2.868 9.836 8.302 6.765 3.136 6.098 8.888 8.158 7.205 6.010 1.846 4.401 5.034 9.123 5.285 4.861 0.532 7.868 10.191 7.906 10.381 6.236 6.619 5.596 9.232 8.103 
7.248 7.658 9.646 6.278 3.040 10.682 7.266 8.088 4.062 7.190 8.803 7.337 8.021 5.243 0.763 5.652 4.088 10.251 6.165 5.426 1.311 7.697 9.704 7.040 11.329 5.095 7.510 5.861 9.346 8.080 
6.063 2.853 6.227 5.986 3.976 5.892 12.714 4.913 1.865 1.754 7.998 9.754 3.579 7.825 5.676 0.681 9.437 4.711 1.932 7.430 4.833 7.451 10.432 9.688 6.185 10.641 7.759 4.465 7.633 7.161 
3.342 3.251 9.165 3.044 1.930 6.001 11.977 7.777 1.655 3.538 5.277 6.861 3.369 5.067 4.493 3.589 8.889 6.364 1.900 8.740 4.799 4.570 7.491 6.834 6.815 9.724 9.798 1.641 5.236 4.430 
7.469 4.661 5.264 7.170 4.387 7.653 11.613 3.759 2.560 3.434 9.415 10.433 5.393 8.359 5.226 1.300 8.334 6.075 3.672 5.670 3.832 8.720 11.584 10.296 7.842 9.690 5.965 5.785 9.214 8.567 
5.423 3.534 11.044 6.454 7.903 1.052 17.972 10.300 6.930 4.842 6.231 10.702 2.882 9.783 10.488 6.917 14.869 4.177 4.815 13.804 10.565 6.738 9.284 10.898 2.202 15.713 14.032 5.526 4.916 5.853 
4.577 8.736 14.721 3.601 5.080 10.531 10.850 13.219 7.040 9.398 4.543 0.974 8.458 1.259 5.739 9.317 8.915 11.948 7.705 11.925 7.581 3.503 3.590 0.951 11.658 8.731 13.874 4.976 5.843 4.410 
7.067 2.286 6.580 7.531 6.828 3.573 16.048 5.920 4.918 1.734 8.728 11.842 2.886 10.212 8.908 3.495 12.771 1.377 3.283 10.305 8.166 8.628 11.642 11.878 3.308 13.963 10.015 5.994 7.847 8.013 
8.938 10.581 12.746 7.786 5.518 13.447 4.803 11.210 7.131 10.318 10.013 6.812 10.809 5.279 3.134 8.917 2.676 13.385 9.095 7.251 4.433 8.822 9.895 6.404 14.231 2.532 9.743 7.991 10.923 9.475 
8.188 5.028 10.632 9.152 10.048 2.224 19.951 10.280 8.640 5.788 9.069 13.480 4.757 12.425 12.519 7.881 16.741 3.463 6.522 14.813 12.225 9.557 12.117 13.655 1.365 17.751 14.545 8.038 7.742 8.682 
3.719 6.765 12.223 2.541 2.575 9.048 10.091 10.715 4.583 7.189 4.748 3.475 6.660 1.443 3.636 6.876 7.568 9.958 5.539 9.697 5.280 3.565 5.341 3.342 10.058 7.819 11.495 3.229 5.640 4.185 
8.656 4.113 7.409 9.310 9.013 3.544 18.274 7.189 7.152 3.963 10.086 13.707 4.412 12.217 11.146 5.661 14.993 0.916 5.389 12.240 10.387 10.201 13.118 13.783 2.565 16.201 11.637 7.858 8.996 9.471 
10.602 7.168 2.586 10.337 7.439 9.754 12.593 1.123 5.726 5.714 12.549 13.471 7.975 11.354 7.648 3.959 9.509 7.329 6.563 4.958 5.808 11.883 14.749 13.301 9.584 11.060 3.830 8.932 12.264 11.703 
10.787 11.387 11.678 9.714 6.770 14.444 3.657 10.242 7.769 10.781 12.129 9.430 11.788 7.717 4.175 8.993 0.384 13.790 9.906 5.206 4.247 10.959 12.390 9.035 15.046 1.965 7.800 9.547 12.861 11.492 
12.570 13.536 13.692 11.446 8.767 16.565 1.449 12.304 9.925 12.974 13.741 10.430 13.903 9.022 6.160 11.203 1.846 15.994 12.046 6.851 6.452 12.552 13.600 10.008 17.204 1.300 9.407 11.465 14.599 13.174 
6.193 5.881 8.419 5.420 1.942 8.945 9.061 6.861 2.265 5.368 7.957 7.593 6.296 5.444 1.937 3.898 5.836 8.429 4.400 5.750 1.523 6.968 9.405 7.381 9.544 6.914 7.318 4.612 8.258 7.160 
10.632 11.876 12.986 9.497 6.956 14.844 3.131 11.509 8.308 11.442 11.773 8.539 12.184 7.062 4.387 9.823 1.290 14.500 10.380 6.725 5.083 10.583 11.665 8.123 15.548 0.856 9.313 9.583 12.647 11.214 
