30 40 30
29.468 39.482 15.280 62.462 67.517 49.011 40.893 44.243 13.724 75.041 35.841 56.239 19.153 24.281 35.115 38.464 57.981 55.049 52.998 35.740 47.588 47.479 60.735 36.691 63.524 30.392 42.786 44.149 20.480 29.297 
34.936 47.260 5.177 47.440 52.802 25.271 36.909 10.033 19.930 26.031 58.231 30.787 46.287 58.768 46.795 56.694 56.452 57.608 32.882 43.384 8.233 23.160 24.089 34.831 9.905 12.503 43.846 7.124 34.599 28.659 13.582 3.825 35.212 55.061 21.785 9.771 6.241 35.717 55.968 13.318 
8.416 14.427 24.881 10.854 23.393 23.048 33.497 18.910 16.740 31.891 9.418 6.361 12.104 22.976 21.660 23.881 12.916 28.379 16.364 11.026 22.583 33.912 15.462 8.894 33.288 32.181 33.790 18.606 31.716 33.977 
1112.862 1236.564 471.681 1208.221 1306.480 901.636 1140.974 565.274 827.543 920.526 1409.413 945.753 1139.368 1359.882 1225.948 1306.467 1380.559 1368.760 1010.964 1218.092 479.535 810.544 818.190 1103.794 604.612 688.572 1180.191 487.284 1041.329 976.310 634.269 394.910 1015.521 1352.486 840.956 576.038 461.078 1007.532 1305.280 649.892 
3.890 7.767 4.756 7.282 3.149 10.493 7.606 4.713 12.649 10.652 14.102 7.748 4.900 11.838 12.099 11.247 5.270 11.268 18.376 12.861 10.999 9.699 11.774 14.599 18.168 10.050 9.150 13.463 14.272 13.878 14.719 6.614 11.866 10.688 14.744 7.495 3.457 14.461 9.063 9.268 
4.152 6.897 2.881 7.606 5.278 10.978 3.676 4.978 10.458 5.668 11.562 7.822 5.299 6.883 7.117 6.505 5.882 9.701 14.339 8.394 6.163 7.440 11.087 11.886 13.967 5.068 9.988 8.833 10.679 9.270 9.793 6.429 7.129 6.983 11.961 8.276 2.290 10.722 4.477 9.732 
6.611 6.794 4.922 8.309 8.178 10.987 5.697 6.863 7.981 3.163 8.581 8.237 7.089 3.190 3.700 2.135 7.521 8.013 10.002 3.949 1.994 5.621 10.001 8.703 9.565 2.898 10.491 7.468 6.765 4.822 5.774 7.166 5.786 3.430 8.704 9.149 6.735 6.678 4.732 9.969 
5.066 1.328 5.420 1.803 5.717 3.061 11.725 4.115 4.599 11.069 6.217 1.285 3.893 10.898 11.489 9.241 3.535 2.824 12.358 9.235 9.533 3.019 3.033 6.855 12.578 10.720 2.765 15.333 8.034 10.426 12.739 2.179 13.596 6.093 7.069 2.301 9.469 8.477 11.794 2.121 
13.338 10.649 12.150 12.328 14.798 12.722 14.337 12.952 6.611 10.233 5.326 11.900 12.979 8.555 9.023 7.369 13.056 8.344 1.620 5.143 7.990 7.998 10.209 4.718 2.032 10.493 13.237 13.396 2.766 5.045 7.401 11.848 12.437 6.224 4.478 13.004 15.298 2.461 12.946 12.515 
11.119 8.728 9.861 10.469 12.616 11.353 12.079 10.800 5.499 8.166 4.699 10.084 10.854 6.601 7.137 5.208 10.981 6.977 3.768 3.059 5.845 6.094 9.064 4.297 3.684 8.361 11.667 11.678 1.303 3.372 6.109 9.856 10.540 3.924 4.122 11.203 12.946 0.760 10.772 10.954 
6.136 8.695 4.815 9.534 7.208 12.864 1.719 6.958 11.765 4.586 12.700 9.720 7.277 6.147 6.212 6.308 7.859 11.229 14.577 8.445 5.813 8.864 12.785 12.942 14.083 3.994 11.921 7.069 11.326 9.114 9.055 8.339 5.450 7.764 12.984 10.228 3.063 11.274 2.658 11.634 
8.084 7.883 6.409 9.500 9.660 11.938 6.494 8.280 8.198 2.771 8.517 9.371 8.489 1.993 2.601 0.641 8.891 8.556 8.903 2.752 0.625 6.294 10.665 8.521 8.375 2.810 11.574 6.933 6.171 3.434 4.293 8.409 5.420 3.502 8.479 10.346 8.114 5.971 5.153 11.005 
10.087 7.171 9.074 8.834 11.479 9.362 12.446 9.609 3.393 9.092 2.647 8.403 9.609 7.779 8.379 6.114 9.641 4.964 5.116 4.367 6.741 4.531 6.987 2.368 5.358 9.156 9.786 12.986 0.855 5.090 7.900 8.391 11.659 3.476 2.252 9.508 12.616 1.392 11.400 9.066 
12.259 13.615 10.645 14.950 13.565 17.880 5.540 12.882 14.676 3.821 14.937 14.970 13.174 4.810 4.220 6.532 13.713 14.939 13.608 8.319 5.952 12.579 16.968 14.878 12.781 4.106 17.256 0.521 12.227 8.073 6.007 13.745 1.251 9.978 14.808 15.755 9.565 11.889 3.925 16.796 
7.281 9.004 5.690 10.163 8.592 13.287 2.471 7.931 11.179 2.494 11.883 10.246 8.231 4.108 4.130 4.546 8.783 10.971 12.911 6.765 3.977 8.542 12.776 12.026 12.343 1.906 12.523 5.497 10.039 7.283 6.988 8.946 3.751 6.749 12.031 10.937 5.095 9.905 1.526 12.129 
3.297 3.664 1.858 4.918 4.883 7.947 6.845 3.363 6.853 6.430 8.039 4.941 3.566 6.731 7.230 5.461 3.982 6.087 11.772 6.538 5.490 3.815 7.609 8.420 11.595 5.990 7.227 10.553 7.688 7.669 9.200 3.723 8.789 4.081 8.520 5.734 5.514 7.857 6.839 6.800 
11.302 10.734 9.634 12.438 12.881 14.521 8.603 11.460 9.802 3.979 9.595 12.245 11.654 2.205 2.384 2.641 12.026 10.655 7.446 2.710 2.769 8.715 12.856 9.372 6.660 4.466 14.346 6.462 6.450 1.991 1.141 11.420 5.632 5.584 9.248 13.280 11.051 6.019 6.852 13.723 
7.773 4.683 8.556 3.917 7.854 0.493 15.019 6.775 6.114 14.475 7.528 3.618 6.477 14.227 14.831 12.521 5.942 4.458 14.298 12.245 12.858 6.044 2.573 8.195 14.707 14.135 1.878 18.748 10.263 13.396 15.880 5.017 17.014 9.175 8.442 3.503 12.382 10.778 15.184 1.760 
13.570 11.492 12.169 13.250 15.116 14.194 13.190 13.358 8.264 8.764 7.258 12.883 13.444 6.981 7.338 6.221 13.623 9.809 2.429 4.110 6.766 8.888 11.863 6.738 1.636 9.131 14.509 11.421 4.021 3.473 5.256 12.572 10.667 6.370 6.521 14.003 14.783 3.492 11.610 13.798 
7.771 8.290 6.059 9.768 9.293 12.499 5.051 8.140 9.334 1.653 9.797 9.717 8.388 2.021 2.387 1.964 8.856 9.479 10.328 4.186 1.413 7.109 11.497 9.851 9.764 1.468 11.981 5.963 7.611 4.726 4.898 8.605 4.306 4.668 9.825 10.602 7.043 7.428 3.693 11.470 
2.044 5.939 2.496 5.870 2.324 9.278 6.533 3.030 10.603 8.797 11.998 6.258 3.306 9.818 10.136 9.087 3.824 9.352 16.104 10.621 8.885 7.588 10.138 12.466 15.896 8.210 8.051 12.037 12.017 11.660 12.647 4.951 10.346 8.417 12.599 6.300 2.785 12.197 7.649 8.006 
8.487 6.512 7.176 8.287 10.015 9.796 9.777 8.241 4.858 6.431 4.905 7.973 8.325 5.256 5.880 3.502 8.512 5.721 6.461 2.303 4.105 4.062 7.927 4.864 6.286 6.463 9.835 10.455 2.697 3.419 6.032 7.511 9.044 1.259 4.815 9.082 10.291 2.683 8.693 9.157 
6.779 8.554 5.191 9.686 8.093 12.833 2.543 7.432 10.876 2.839 11.633 9.777 7.733 4.343 4.428 4.587 8.286 10.605 12.927 6.776 4.056 8.180 12.375 11.800 12.391 2.235 12.050 5.998 9.913 7.369 7.256 8.468 4.251 6.530 11.815 10.455 4.715 9.805 1.948 11.666 
5.720 7.597 4.133 8.667 7.050 11.859 3.029 6.374 10.240 3.657 11.110 8.776 6.676 4.928 5.124 4.792 7.232 9.831 12.969 6.864 4.358 7.426 11.517 11.330 12.503 3.058 11.041 7.056 9.671 7.604 7.854 7.450 5.304 6.123 11.365 9.426 4.045 9.621 2.942 10.675 
9.284 9.426 7.577 11.004 10.827 13.520 6.175 9.589 9.711 1.688 9.918 10.900 9.821 0.452 1.008 1.515 10.260 10.140 9.385 3.468 0.988 7.890 12.258 9.862 8.722 2.050 13.124 5.446 7.289 3.630 3.313 9.882 4.069 5.041 9.797 11.847 8.589 7.000 4.520 12.568 
9.356 5.681 8.848 7.004 10.470 6.631 13.658 8.626 0.625 11.129 1.006 6.498 8.523 10.138 10.768 8.347 8.369 2.436 7.715 7.082 8.905 3.611 4.051 1.669 8.173 11.046 7.324 15.298 3.948 8.000 10.782 6.969 13.799 4.913 1.902 7.494 12.856 4.497 12.984 6.613 
12.140 9.474 10.965 11.167 13.599 11.692 13.378 11.752 5.627 9.434 4.496 10.747 11.781 7.832 8.347 6.493 11.862 7.297 2.789 4.314 7.129 6.821 9.244 3.956 2.999 9.644 12.148 12.839 1.585 4.462 7.065 10.663 11.762 5.052 3.735 11.856 14.175 1.264 12.064 11.427 
7.046 7.072 5.365 8.629 8.618 11.222 5.957 7.272 7.964 3.019 8.480 8.535 7.491 2.823 3.365 1.672 7.911 8.103 9.620 3.529 1.566 5.744 10.136 8.567 9.160 2.839 10.773 7.325 6.505 4.371 5.330 7.504 5.685 3.327 8.555 9.471 7.173 6.387 4.866 10.233 
6.153 5.760 4.559 7.360 7.742 9.880 6.687 6.240 6.789 4.345 7.457 7.239 6.427 4.096 4.670 2.611 6.799 6.801 9.511 3.774 2.755 4.417 8.804 7.619 9.181 4.108 9.458 8.655 5.924 4.844 6.344 6.269 6.990 2.360 7.637 8.205 7.116 5.917 5.884 8.905 
5.883 5.699 4.263 7.255 7.470 9.871 6.394 6.011 7.003 4.285 7.725 7.159 6.211 4.189 4.739 2.812 6.603 6.930 9.871 4.106 2.882 4.523 8.892 7.907 9.538 4.003 9.400 8.588 6.271 5.155 6.551 6.139 6.897 2.672 7.932 8.099 6.755 6.271 5.660 8.866 
6.264 5.062 4.855 6.771 7.830 8.983 7.903 6.148 5.536 5.490 6.213 6.572 6.280 4.969 5.583 3.260 6.559 5.634 8.816 3.647 3.601 3.316 7.701 6.399 8.599 5.307 8.699 9.787 4.933 4.832 6.814 5.791 8.161 1.233 6.428 7.611 7.970 5.009 7.141 8.099 
8.298 9.741 6.666 11.003 9.651 14.026 3.087 8.900 11.470 1.553 12.034 11.048 9.191 3.319 3.217 4.154 9.729 11.433 12.451 6.376 3.529 9.012 13.336 12.115 11.820 1.070 13.334 4.504 9.908 6.725 6.089 9.791 2.735 6.879 12.097 11.798 6.189 9.715 1.429 12.903 
13.875 11.791 12.471 13.548 15.421 14.467 13.434 13.663 8.516 8.984 7.480 13.179 13.749 7.194 7.534 6.481 13.928 10.079 2.318 4.390 7.017 9.184 12.121 6.947 1.453 9.361 14.794 11.557 4.280 3.712 5.372 12.875 10.841 6.675 6.726 14.299 15.067 3.757 11.837 14.082 
8.714 5.606 7.851 7.246 10.044 7.832 11.918 8.165 2.146 9.080 2.227 6.809 8.141 8.022 8.651 6.242 8.135 3.454 6.714 4.966 6.815 2.997 5.571 2.389 6.947 9.037 8.203 13.202 2.405 5.929 8.685 6.847 11.735 2.930 2.439 7.911 11.610 2.888 11.089 7.484 
5.156 5.681 12.550 9.584 6.377 4.220 8.335 2.108 12.951 5.620 9.022 2.941 8.176 13.078 8.674 8.478 5.332 11.816 2.252 4.639 3.483 14.102 5.665 2.159 1.027 8.289 9.325 13.093 8.257 11.130 
9.085 9.121 9.551 10.051 4.548 7.056 10.795 4.125 9.961 8.560 5.208 5.944 7.551 14.625 10.247 11.058 9.259 11.396 2.935 2.728 6.910 11.988 5.960 5.625 3.634 9.589 6.001 11.605 4.329 9.274 
5.696 5.014 11.513 7.873 5.152 3.012 7.005 3.782 11.903 4.514 9.309 1.834 6.556 11.506 7.070 7.205 5.891 10.131 1.328 3.710 2.828 12.705 3.985 3.681 2.648 6.634 10.009 11.551 8.184 9.706 
8.724 9.497 11.160 11.571 6.310 7.730 11.711 3.114 11.568 9.221 5.408 6.497 9.230 15.911 11.477 11.925 8.877 13.086 3.895 4.443 7.268 13.742 7.420 4.925 3.136 10.890 5.467 13.378 5.196 11.048 
4.619 6.218 13.938 11.089 7.890 5.296 9.360 1.221 14.344 6.530 9.544 4.082 9.764 14.323 9.986 9.444 4.761 13.387 3.799 6.078 4.242 15.646 7.237 0.803 1.205 9.675 9.460 14.675 9.093 12.686 
11.977 12.935 11.284 14.210 8.244 11.114 15.009 6.190 11.662 12.614 3.093 9.904 11.478 18.902 14.534 15.249 12.116 15.223 7.111 6.769 10.705 14.621 10.200 8.084 6.500 13.868 2.104 14.801 4.244 12.347 
7.061 3.260 14.433 5.624 8.814 3.588 0.622 9.802 14.727 2.269 15.368 4.868 7.300 5.949 2.856 0.675 7.187 8.629 7.483 8.740 4.567 13.674 5.700 8.660 8.826 3.420 16.399 11.625 13.847 11.026 
6.056 6.661 12.066 9.973 6.107 5.070 9.161 1.740 12.472 6.515 8.057 3.795 8.267 13.747 9.310 9.328 6.225 12.017 2.174 4.243 4.446 13.884 5.909 2.641 0.708 8.857 8.326 13.034 7.380 10.955 
13.849 13.032 5.162 10.590 4.564 10.661 13.470 9.180 5.545 12.019 3.930 9.898 7.441 15.817 12.028 13.835 14.035 10.535 6.975 4.735 11.029 8.645 7.644 10.644 8.652 11.190 6.201 9.223 1.958 6.795 
10.647 7.157 10.644 0.988 6.443 5.773 4.332 11.144 10.872 5.596 13.953 6.631 3.619 4.930 1.854 4.756 10.816 4.000 7.561 7.397 7.154 9.216 3.940 10.741 10.009 1.247 15.547 7.055 12.075 6.840 
15.251 14.176 3.775 10.830 5.294 11.770 14.249 10.756 4.125 13.055 5.059 11.118 7.690 16.092 12.587 14.636 15.440 10.316 8.319 5.942 12.267 7.575 8.409 12.168 10.183 11.727 7.388 8.511 3.346 6.208 
9.175 9.806 10.704 11.500 6.049 7.956 11.878 3.623 11.112 9.456 4.924 6.747 9.057 15.952 11.535 12.108 9.332 12.905 3.999 4.237 7.572 13.369 7.372 5.410 3.571 10.919 5.120 13.076 4.670 10.719 
6.273 6.973 12.059 10.223 6.192 5.391 9.480 1.594 12.466 6.837 7.817 4.117 8.450 14.047 9.607 9.649 6.438 12.221 2.367 4.298 4.762 13.967 6.136 2.737 0.743 9.143 8.034 13.167 7.202 11.056 
12.003 8.704 9.093 0.866 5.819 7.024 6.126 11.739 9.289 7.118 13.362 7.669 2.589 5.968 3.657 6.553 12.182 2.355 7.927 7.179 8.377 7.424 4.139 11.609 10.601 2.982 15.148 5.253 11.389 5.170 
12.191 8.784 9.625 0.701 6.444 7.245 5.963 12.188 9.809 7.209 13.992 7.973 3.223 5.376 3.470 6.380 12.365 2.336 8.418 7.768 8.614 7.759 4.633 11.981 11.048 2.911 15.767 5.511 12.022 5.658 
11.634 8.720 7.669 2.426 4.053 6.683 6.887 10.556 7.912 7.158 11.570 7.039 0.789 7.687 4.639 7.319 11.823 3.203 6.656 5.552 7.932 6.725 3.024 10.675 9.438 3.799 13.392 4.919 9.588 4.018 
6.686 7.542 12.075 10.692 6.390 5.976 10.061 1.472 12.484 7.422 7.401 4.702 8.807 14.597 10.153 10.233 6.844 12.610 2.784 4.461 5.338 14.141 6.574 2.987 1.081 9.671 7.514 13.431 6.912 11.266 
12.554 12.168 6.955 10.956 4.702 9.890 13.117 7.552 7.346 11.332 2.868 8.968 7.913 16.048 11.984 13.448 12.732 11.383 5.912 4.097 10.048 10.228 7.476 9.135 7.147 11.192 4.854 10.534 1.011 8.072 
19.145 16.821 3.060 10.181 8.506 14.543 15.235 16.100 2.726 15.331 11.893 14.471 8.155 14.680 12.883 15.669 19.342 7.877 12.631 10.276 15.560 2.159 10.495 17.024 15.224 12.094 14.222 4.507 10.114 4.363 
13.416 10.766 5.549 4.367 3.974 8.588 9.117 11.513 5.759 9.238 10.821 8.730 2.039 9.471 6.846 9.550 13.609 3.442 7.642 5.869 9.732 4.635 4.607 11.956 10.458 6.019 12.870 3.259 8.768 1.791 
11.311 8.275 8.309 1.849 4.463 6.330 6.284 10.556 8.551 6.698 12.018 6.789 1.310 7.103 4.005 6.717 11.497 3.217 6.691 5.817 7.621 7.259 2.942 10.560 9.426 3.172 13.783 5.350 10.061 4.623 
10.841 9.987 6.942 8.663 2.470 7.639 10.707 6.611 7.352 9.036 5.200 6.836 5.738 13.674 9.562 11.045 11.030 9.422 3.923 1.723 7.964 9.374 5.050 7.845 5.891 8.778 6.877 9.158 3.433 6.758 
13.176 13.384 8.714 13.048 6.809 11.258 14.792 7.654 9.079 12.749 0.939 10.193 10.060 18.057 13.878 15.092 13.339 13.582 7.135 5.866 11.178 12.255 9.373 9.453 7.576 13.120 2.655 12.697 1.660 10.238 
15.716 14.511 3.142 10.782 5.521 12.097 14.415 11.340 3.480 13.342 5.696 11.499 7.675 16.036 12.664 14.810 15.907 10.082 8.773 6.352 12.653 7.030 8.603 12.712 10.734 11.798 8.025 8.095 4.017 5.868 
18.870 16.394 3.634 9.480 8.394 14.167 14.624 16.103 3.366 14.876 12.403 14.178 7.675 13.836 12.231 15.058 19.066 7.045 12.517 10.238 15.239 1.255 10.129 16.927 15.183 11.465 14.728 3.631 10.551 3.897 
10.042 6.567 10.819 1.528 6.275 5.171 3.887 10.616 11.065 5.000 13.718 6.046 3.679 5.166 1.494 4.317 10.212 4.541 7.095 7.088 6.552 9.597 3.581 10.169 9.483 0.722 15.248 7.493 11.879 7.111 
10.644 11.798 11.884 13.751 8.074 10.107 14.099 4.847 12.277 11.591 4.314 8.863 11.205 18.238 13.819 14.312 10.776 15.026 6.261 6.389 9.584 14.965 9.642 6.740 5.258 13.206 3.484 14.924 5.046 12.503 
13.027 9.227 14.149 4.545 10.728 8.853 5.368 14.883 14.302 8.001 18.260 10.000 7.702 0.831 4.103 5.569 13.158 5.973 11.609 11.692 10.137 11.751 8.194 14.135 13.782 4.582 19.849 9.377 16.366 10.127 
15.166 13.278 2.048 8.209 4.384 10.891 12.462 11.755 2.410 11.915 8.167 10.595 5.303 13.381 10.428 12.882 15.363 7.142 8.421 5.994 11.731 4.421 6.966 12.763 10.913 9.565 10.446 5.115 6.194 2.854 
14.360 11.532 5.788 4.424 5.179 9.455 9.532 12.683 5.922 9.971 11.878 9.705 2.923 9.199 7.138 9.965 14.552 2.659 8.796 7.073 10.660 3.952 5.583 13.069 11.617 6.370 13.973 2.168 9.821 1.755 
14.926 11.621 8.410 3.564 7.422 9.940 8.803 14.293 8.482 10.038 14.554 10.524 4.361 7.033 6.313 9.211 15.106 0.580 10.396 9.149 11.281 5.558 6.712 14.345 13.171 5.784 16.575 3.182 12.503 4.465 
7.986 8.418 10.796 10.419 5.446 6.560 10.508 2.835 11.206 8.059 6.119 5.349 8.195 14.699 10.262 10.730 8.152 12.047 2.678 3.515 6.183 13.079 6.260 4.390 2.423 9.683 6.507 12.546 5.508 10.284 
11.531 7.759 13.031 3.146 9.119 7.163 4.020 13.129 13.222 6.424 16.605 8.277 6.240 2.271 2.357 4.311 11.673 5.311 9.838 9.982 8.478 11.055 6.468 12.427 12.022 2.813 18.142 8.726 14.746 9.077 
11.508 9.594 5.752 5.902 0.891 7.196 9.142 8.668 6.115 8.276 8.021 6.897 2.779 11.118 7.434 9.541 11.705 6.297 4.977 2.831 8.028 6.897 3.378 9.388 7.689 6.577 9.919 6.222 6.026 3.985 
15.847 14.588 2.898 10.718 5.568 12.172 14.427 11.525 3.233 13.402 5.943 11.597 7.627 15.966 12.644 14.825 16.039 9.954 8.902 6.468 12.752 6.805 8.631 12.878 10.904 11.777 8.272 7.909 4.262 5.709 
8.973 10.041 11.787 12.409 7.131 8.388 12.417 3.204 12.193 9.862 5.405 7.133 10.074 16.704 12.264 12.616 9.114 13.929 4.676 5.280 7.830 14.489 8.255 5.091 3.509 11.693 5.106 14.181 5.511 11.833 
3.105 1.124 14.948 8.424 8.599 2.092 4.769 6.258 15.310 2.057 13.406 2.438 8.655 10.076 6.286 4.720 3.268 11.316 5.449 7.621 1.313 15.311 6.132 4.771 5.515 6.379 13.915 13.668 12.319 12.362 
15.312 13.299 2.090 7.915 4.554 10.933 12.322 12.076 2.394 11.902 8.710 10.699 5.110 13.040 10.225 12.746 15.509 6.697 8.649 6.261 11.824 3.907 6.953 13.023 11.204 9.368 10.984 4.571 6.729 2.358 
8.709 4.947 13.202 3.857 8.105 4.476 1.475 10.635 13.465 3.607 15.181 5.675 6.011 4.575 1.028 1.886 8.852 6.818 7.719 8.446 5.731 12.073 5.040 9.762 9.570 1.786 16.454 9.935 13.494 9.575 
10.743 11.662 11.163 13.219 7.439 9.863 13.792 4.976 11.557 11.361 3.792 8.645 10.606 17.798 13.400 14.023 10.885 14.409 5.905 5.812 9.432 14.251 9.144 6.864 5.233 12.761 3.343 14.237 4.358 11.810 
