30 120 30
24.500 61.340 56.222 45.408 56.267 28.554 45.113 27.484 25.437 33.299 21.626 55.340 47.030 49.195 59.590 22.257 60.705 52.048 33.850 15.475 55.135 54.536 38.837 9.426 49.861 61.169 24.065 17.609 20.302 21.874 
15.601 11.981 8.586 6.580 17.073 7.242 4.470 7.073 14.536 2.064 16.157 17.637 10.765 8.238 9.758 9.967 8.312 17.952 8.166 2.967 10.122 8.419 15.869 14.808 11.079 13.161 16.237 15.763 16.002 18.305 1.992 9.576 15.119 8.187 11.928 6.142 5.975 6.846 8.366 1.271 12.512 2.449 9.509 9.804 9.954 13.625 6.585 11.225 3.059 3.413 6.547 17.279 11.616 9.857 2.418 5.012 9.490 7.716 12.859 7.354 15.914 14.928 10.530 7.481 14.726 5.784 5.779 3.507 16.373 17.682 7.162 8.804 5.661 2.173 16.605 12.188 4.304 2.193 4.326 6.297 14.029 4.872 12.231 4.835 2.788 8.137 6.165 12.092 18.660 18.456 13.133 6.430 3.450 2.087 12.716 15.359 7.186 3.267 4.853 13.805 3.566 16.302 4.760 14.007 12.247 9.746 7.080 3.516 9.886 7.146 16.310 11.124 5.512 13.408 10.817 10.437 16.570 17.655 16.845 7.078 
21.569 26.506 27.425 9.066 24.597 13.391 25.349 21.351 22.794 18.604 11.025 18.847 15.051 6.282 25.790 8.869 9.197 19.343 19.454 21.469 9.303 31.396 20.106 31.244 13.728 25.671 24.548 26.098 5.476 33.225 
1278.109 1160.465 939.814 800.353 1303.935 894.875 654.634 834.402 1265.256 465.599 1289.650 1344.574 1051.468 958.778 1018.369 1007.692 949.882 1334.455 944.040 533.350 1024.501 977.523 1282.725 1246.426 1048.355 1170.827 1332.133 1304.620 1296.126 1319.902 488.138 1014.175 1148.889 880.103 1096.813 788.917 766.557 882.575 913.340 399.871 1069.525 552.732 961.153 941.270 1079.724 1119.379 849.140 1000.091 578.970 629.964 861.797 1339.386 1120.606 1064.563 567.543 778.556 995.618 853.056 1154.389 898.763 1236.730 1196.813 1066.379 849.063 1272.073 796.942 727.488 619.202 1219.126 1255.645 911.138 959.866 728.857 469.834 1217.499 1067.675 661.999 489.806 659.277 843.576 1192.734 724.265 1058.721 698.918 557.367 876.661 747.834 1087.600 1386.435 1378.051 1154.287 808.944 622.054 469.875 1103.409 1237.620 858.055 540.478 716.193 1228.747 627.915 1294.597 643.498 1211.608 1102.093 931.898 830.978 611.559 995.017 882.036 1278.006 1130.366 799.561 1206.696 1080.587 957.587 1337.667 1378.309 1391.897 910.256 
9.723 11.233 1.791 8.095 12.775 10.199 1.097 5.855 6.284 1.444 9.599 5.653 8.183 2.746 1.896 5.787 5.614 10.076 13.282 14.192 13.136 4.349 7.368 4.913 3.560 10.708 0.639 7.674 7.216 4.840 7.280 7.160 8.162 10.358 3.818 10.294 6.147 12.425 5.869 12.487 2.298 11.447 4.544 9.526 10.407 2.986 12.210 3.730 9.334 2.938 3.922 3.440 14.173 5.784 6.042 8.893 11.097 11.901 8.527 1.429 4.446 5.199 7.715 12.952 9.388 3.914 10.048 11.310 6.234 14.441 5.035 13.186 5.810 13.677 1.411 11.628 5.720 13.463 8.489 10.040 13.590 12.875 4.157 5.407 3.679 0.835 6.140 7.132 12.807 12.493 4.477 3.572 14.284 7.942 7.878 14.450 7.165 12.883 9.730 5.502 6.893 4.924 6.553 4.672 5.922 9.965 7.441 4.625 7.569 5.905 13.540 5.319 3.865 11.979 0.800 7.597 11.555 6.073 13.552 8.237 
8.124 10.072 4.071 5.814 11.810 9.228 2.193 3.566 7.473 3.604 9.476 7.739 6.270 4.932 1.431 3.512 7.423 8.825 13.708 14.523 13.258 3.144 6.936 7.198 3.873 10.431 2.162 5.388 5.152 6.652 6.347 7.434 5.925 10.193 1.651 10.389 5.624 12.482 7.567 11.240 0.013 9.530 2.651 8.064 8.574 4.414 11.852 1.462 8.963 0.751 3.241 1.167 12.548 7.086 8.296 6.616 10.209 10.056 6.708 3.520 2.334 4.696 8.239 12.403 7.819 6.136 9.497 11.625 8.366 12.644 5.056 13.499 6.159 12.572 1.718 11.906 3.810 12.938 7.658 9.473 13.952 13.235 1.973 5.988 5.941 1.482 7.762 5.260 10.980 10.614 2.286 2.558 14.692 5.650 5.587 12.713 5.870 12.291 10.532 3.391 6.011 3.625 6.665 6.922 7.280 10.928 7.718 4.330 7.406 7.953 11.638 5.343 2.394 12.423 2.487 6.676 11.590 8.275 12.363 7.847 
5.679 3.204 12.305 10.934 2.595 2.492 10.261 11.140 7.900 12.508 2.450 11.809 7.604 11.483 9.805 11.454 10.300 3.831 5.693 5.814 4.096 7.712 3.991 13.429 7.861 1.361 11.862 10.977 8.604 10.199 4.589 4.982 12.955 1.945 11.530 3.071 5.254 3.365 9.844 3.933 10.807 7.940 12.646 5.006 7.100 9.363 1.330 10.386 2.093 11.185 7.637 10.982 6.992 8.343 13.499 11.083 1.796 7.539 7.037 12.596 9.494 6.214 5.372 1.597 5.572 12.113 1.325 4.228 12.391 8.349 6.385 5.062 6.046 3.792 12.108 4.137 13.346 2.123 3.287 1.346 5.562 5.123 9.864 6.689 12.388 10.958 9.548 7.612 7.747 8.014 11.670 13.327 6.251 11.514 11.307 7.915 5.530 1.532 6.285 9.167 4.861 7.330 5.138 12.721 8.518 7.120 4.816 6.741 3.931 11.667 8.680 6.123 12.967 5.114 12.134 4.276 2.895 12.930 4.126 3.132 
6.395 8.620 5.915 4.043 10.468 7.946 3.674 2.132 8.109 5.512 8.891 9.165 4.378 6.549 2.563 2.254 8.590 7.335 13.453 14.171 12.757 2.333 6.238 8.933 4.283 9.677 4.095 3.655 3.208 7.855 5.248 7.306 4.657 9.543 1.723 9.949 4.978 11.944 8.629 9.701 1.941 7.615 2.809 6.434 6.700 5.515 10.989 0.636 8.191 1.733 2.975 1.292 10.754 7.840 9.941 4.820 8.963 8.167 4.862 5.442 0.426 4.211 8.269 11.372 6.118 7.763 8.549 11.330 9.833 10.766 4.979 13.152 6.213 11.114 3.653 11.571 3.612 11.915 6.562 8.514 13.638 12.935 0.046 6.252 7.632 3.291 8.748 3.411 9.095 8.709 1.854 3.760 14.400 4.013 3.908 10.861 4.479 11.228 10.691 1.445 4.989 2.546 6.466 8.577 8.067 11.215 7.572 4.114 6.906 9.335 9.722 5.224 3.241 12.214 4.426 5.564 11.059 9.837 10.849 7.120 
2.295 0.782 11.850 7.905 2.720 1.115 9.461 8.616 9.120 11.853 4.787 12.603 4.534 11.451 8.675 8.957 11.237 0.522 9.077 9.274 7.557 6.235 4.092 13.739 7.490 4.402 10.863 8.033 5.755 10.899 3.289 6.170 10.040 4.790 9.550 5.913 4.724 6.797 10.889 1.991 9.288 4.478 10.536 1.723 3.639 9.364 4.772 8.459 3.739 9.453 6.583 9.111 4.413 9.384 14.134 7.920 1.733 4.130 3.901 11.890 7.431 5.506 7.035 4.427 2.281 12.355 3.008 7.358 13.270 5.445 6.269 8.478 6.612 3.281 10.866 7.357 11.005 4.916 2.435 2.939 8.989 8.494 7.852 7.262 12.517 9.891 10.695 4.870 4.480 4.658 9.515 11.579 9.699 8.543 8.338 5.138 3.430 4.194 8.781 6.794 3.689 5.698 5.813 13.092 9.614 9.624 6.164 6.155 4.749 12.552 5.452 6.119 11.078 8.326 11.182 3.010 6.200 13.676 3.070 3.845 
6.875 6.822 6.625 9.218 7.771 5.515 4.912 8.161 2.935 6.920 3.692 6.328 6.969 5.711 4.864 8.360 4.933 6.105 7.502 8.340 7.183 3.910 2.219 7.709 2.447 4.877 6.555 9.014 7.034 4.635 3.419 1.231 10.588 4.457 7.486 4.328 2.009 6.459 4.590 8.126 6.200 9.414 8.656 6.298 8.232 3.604 6.399 6.464 3.682 6.815 3.197 6.858 10.681 3.106 7.924 9.762 6.108 9.493 6.824 7.034 6.026 2.130 2.104 7.304 6.534 6.365 4.584 5.437 6.981 11.518 1.191 7.319 0.308 8.882 7.015 5.733 9.673 7.772 3.870 4.600 7.759 7.040 6.208 0.975 6.622 5.792 4.418 6.197 10.192 10.131 7.894 8.727 8.490 9.524 9.350 11.306 4.369 7.289 4.535 6.377 3.123 3.989 0.638 7.015 3.347 5.115 1.516 2.052 1.853 6.259 11.137 0.943 8.598 6.215 6.768 3.541 5.587 7.422 8.949 2.763 
1.524 4.434 10.728 4.191 6.399 4.570 8.232 5.377 10.127 10.505 7.569 12.780 1.032 10.841 7.179 5.724 11.693 3.307 12.306 12.673 10.988 4.889 5.571 13.299 7.147 7.655 9.222 4.382 2.396 11.143 3.954 7.737 6.367 7.866 6.884 8.810 5.227 10.177 11.496 5.064 7.217 2.422 7.634 2.077 1.350 9.064 8.384 5.990 6.499 7.101 5.679 6.626 5.423 10.175 14.020 4.142 5.467 2.842 0.535 10.482 4.947 5.429 8.808 8.188 1.507 11.956 6.185 10.353 13.483 5.416 6.559 11.780 7.488 6.613 8.943 10.442 7.825 8.689 4.432 6.120 12.302 11.720 5.363 7.977 11.979 8.287 11.430 1.969 3.758 3.433 6.642 9.012 13.052 4.857 4.658 5.493 2.867 7.963 11.052 3.986 4.156 4.338 7.035 12.771 10.430 11.826 7.868 5.962 6.495 12.831 4.485 6.577 8.389 11.350 9.563 3.985 9.445 13.716 6.195 5.955 
6.827 5.054 10.696 11.298 4.930 3.898 8.937 10.996 5.703 11.002 0.454 9.662 8.207 9.686 8.714 11.271 8.135 5.179 4.410 4.931 3.416 7.039 3.111 11.433 6.456 1.032 10.581 11.244 8.910 8.122 4.450 3.019 13.119 0.449 10.927 0.905 4.378 2.599 7.653 6.060 9.913 9.362 12.093 6.109 8.347 7.638 2.436 9.805 1.434 10.417 6.688 10.327 9.091 6.194 11.380 11.607 3.735 9.110 7.758 11.115 9.075 5.245 3.133 3.544 6.612 10.172 2.013 2.425 10.208 10.337 5.002 3.954 4.294 6.134 10.968 2.514 12.955 3.918 3.520 2.080 4.471 3.832 9.381 4.859 10.490 9.759 7.331 7.904 9.493 9.662 11.194 12.481 5.241 11.789 11.588 9.955 5.653 3.615 3.966 9.015 4.542 6.812 3.470 10.713 6.343 4.812 2.786 5.606 2.518 9.492 10.463 4.710 12.235 3.421 10.813 4.238 1.717 10.782 6.428 2.270 
1.897 2.359 10.328 6.776 4.191 1.788 7.911 7.203 8.094 10.305 4.644 11.352 3.439 10.006 7.099 7.536 10.053 1.141 9.335 9.698 8.018 4.651 3.089 12.346 6.043 4.680 9.287 6.838 4.481 9.649 1.864 5.311 8.833 4.897 8.004 5.875 3.378 7.204 9.749 3.558 7.702 4.515 9.017 1.203 3.416 7.959 5.487 6.900 3.559 7.878 5.034 7.548 5.582 8.284 12.818 6.919 2.804 4.430 2.887 10.336 5.886 4.055 6.302 5.464 1.640 10.960 3.212 7.410 12.035 6.339 4.936 8.804 5.477 4.860 9.280 7.484 9.545 5.994 1.582 3.148 9.327 8.749 6.302 6.090 11.095 8.314 9.595 3.519 5.048 5.050 8.001 10.011 10.076 7.370 7.163 6.142 1.844 5.267 8.349 5.314 2.251 4.111 4.786 11.720 8.527 9.162 5.373 4.703 3.925 11.329 6.011 4.829 9.525 8.406 9.609 1.657 6.470 12.397 4.657 3.189 
5.187 8.070 9.798 0.531 10.047 8.007 7.561 2.499 11.326 9.354 10.376 12.959 2.845 10.435 6.435 2.772 12.233 6.870 15.195 15.709 14.093 5.147 7.905 12.833 7.641 10.757 7.907 0.766 1.891 11.540 6.364 9.700 2.697 10.838 4.638 11.594 7.013 13.263 12.194 8.730 5.741 4.954 4.906 5.653 4.550 9.214 11.719 4.288 9.405 5.266 6.068 4.714 8.637 11.180 13.822 0.980 8.979 5.682 3.474 9.266 3.649 6.685 10.779 11.688 5.110 11.646 9.349 13.120 13.642 8.155 7.773 14.749 8.969 10.281 7.332 13.278 4.673 12.209 7.352 9.291 15.268 14.624 3.865 9.236 11.528 7.172 12.251 2.893 6.551 6.037 4.123 6.576 16.036 1.188 0.993 8.417 5.145 11.480 13.207 2.722 6.347 4.877 8.869 12.464 11.426 13.876 9.911 6.934 8.794 13.102 6.877 7.925 5.862 14.096 8.224 6.559 12.451 13.690 9.852 8.578 
13.000 13.317 4.431 13.311 14.203 12.013 5.689 11.318 4.125 5.148 9.584 0.171 12.340 3.011 6.742 11.320 1.690 12.533 11.198 12.238 11.849 8.220 8.713 2.218 5.796 10.818 6.229 12.942 11.811 1.875 9.665 7.008 13.762 10.269 9.482 9.581 8.144 11.408 2.194 14.624 7.852 15.323 10.287 12.530 14.152 3.936 12.252 9.111 9.968 8.576 7.329 9.009 17.096 3.636 1.586 14.058 12.574 15.558 12.439 5.338 9.472 7.606 6.695 13.354 12.644 2.000 10.938 9.825 0.549 17.806 6.595 11.407 6.191 15.345 7.082 10.181 11.465 13.741 10.347 10.967 11.630 11.017 9.337 5.527 2.418 6.418 2.560 11.334 16.353 16.197 10.131 9.209 12.127 13.306 13.203 17.651 10.268 13.400 7.295 10.383 9.295 8.697 7.058 1.668 3.481 7.016 7.159 7.011 8.261 0.413 17.245 6.693 9.588 10.043 6.102 9.868 10.739 0.958 15.437 9.212 
11.449 9.016 14.635 16.300 7.846 8.272 13.346 16.011 8.681 15.087 5.472 12.303 13.126 13.337 13.351 16.280 10.863 9.631 1.240 0.197 1.749 11.965 8.109 14.467 10.926 5.079 14.969 16.261 13.913 11.181 9.473 7.260 18.147 4.954 15.812 4.346 9.320 2.553 10.330 9.522 14.657 13.775 16.987 10.750 12.910 11.584 4.592 14.715 6.389 15.228 11.499 15.197 12.470 9.273 13.994 16.573 7.623 13.366 12.626 15.232 14.049 10.109 6.647 5.424 11.301 13.452 6.545 3.055 12.638 13.934 9.612 1.171 8.591 8.788 15.487 2.760 17.903 5.227 8.449 6.610 0.805 1.489 14.332 8.947 13.858 14.263 9.931 12.903 13.523 13.823 16.127 17.205 0.611 16.806 16.604 13.447 10.660 5.681 5.144 14.036 9.571 11.790 8.001 13.762 9.296 5.471 6.974 10.357 7.388 12.031 14.428 9.323 17.036 2.444 15.147 9.248 3.342 13.319 9.301 7.297 
7.955 5.962 11.453 12.507 5.490 4.918 9.852 12.179 6.037 11.811 1.641 9.986 9.406 10.335 9.717 12.449 8.457 6.245 3.208 3.730 2.286 8.167 4.278 11.902 7.377 1.650 11.496 12.452 10.119 8.551 5.657 3.764 14.322 1.256 12.040 0.620 5.510 1.520 7.946 6.835 10.964 10.447 13.212 7.238 9.466 8.368 2.385 10.929 2.625 11.497 7.759 11.433 9.895 6.581 11.721 12.815 4.576 10.153 8.948 11.936 10.231 6.337 3.533 3.620 7.756 10.705 3.034 1.339 10.477 11.213 5.970 2.746 5.108 6.664 11.933 1.346 14.099 3.849 4.715 3.104 3.262 2.628 10.525 5.595 11.055 10.715 7.591 9.113 10.478 10.683 12.330 13.529 4.032 12.997 12.796 10.800 6.862 3.770 3.542 10.203 5.741 7.969 4.376 11.179 6.691 4.335 3.493 6.644 3.597 9.782 11.437 5.676 13.314 2.302 11.709 5.447 0.651 11.091 7.034 3.466 
7.901 9.982 4.632 5.271 11.769 9.202 2.767 2.991 7.953 4.138 9.677 8.323 5.938 5.519 1.913 2.928 7.985 8.716 14.010 14.802 13.494 3.191 7.089 7.776 4.273 10.586 2.684 4.837 4.757 7.216 6.370 7.746 5.338 10.378 1.094 10.634 5.779 12.706 8.116 11.115 0.584 9.174 2.175 7.891 8.258 4.957 11.978 0.980 9.106 0.290 3.449 0.580 12.291 7.586 8.881 6.076 10.200 9.727 6.411 4.042 1.977 4.883 8.594 12.475 7.610 6.723 9.588 11.912 8.952 12.325 5.357 13.777 6.506 12.485 2.128 12.184 3.302 13.014 7.691 9.560 14.240 13.525 1.571 6.382 6.524 2.065 8.301 4.959 10.655 10.269 1.710 2.429 14.986 5.083 5.026 12.415 5.786 12.352 10.925 2.997 6.056 3.609 6.953 7.507 7.786 11.351 8.027 4.583 7.619 8.535 11.281 5.638 2.107 12.734 2.996 6.698 11.813 8.863 12.251 7.998 
4.546 1.667 13.815 10.250 0.344 2.399 11.528 11.039 10.220 13.894 5.015 13.991 6.905 13.234 10.842 11.380 12.532 2.945 8.214 8.145 6.479 8.466 5.559 15.386 9.352 4.080 13.013 10.405 8.162 12.319 5.325 7.203 12.408 4.644 11.933 5.795 6.543 5.872 12.118 1.429 11.574 6.134 12.939 4.094 5.611 11.103 3.615 10.827 4.278 11.790 8.686 11.473 4.366 10.592 15.621 10.200 1.595 5.562 6.260 13.950 9.814 7.442 7.814 2.727 4.617 14.022 3.292 6.939 14.618 5.810 7.980 7.545 8.004 1.184 13.091 6.820 13.427 3.063 4.131 3.251 8.008 7.672 10.230 8.674 14.239 12.053 11.862 7.292 5.522 5.903 11.921 13.931 8.621 10.903 10.700 5.331 5.750 2.465 8.989 9.210 5.707 7.962 7.112 14.704 10.795 9.831 7.103 8.066 5.900 13.890 6.369 7.772 13.453 7.786 13.320 5.004 5.562 15.100 1.401 4.952 
11.294 11.874 2.943 11.364 12.945 10.611 3.759 9.378 3.569 3.626 8.628 1.819 10.483 1.378 4.797 9.387 1.826 10.989 11.053 12.063 11.409 6.336 7.319 2.532 3.999 9.867 4.471 10.995 9.900 1.160 8.064 5.951 11.833 9.364 7.581 8.863 6.564 10.858 2.234 13.189 5.939 13.533 8.434 10.869 12.375 2.066 11.363 7.171 8.826 6.674 5.469 7.090 15.507 2.978 2.910 12.113 11.271 13.808 10.617 3.816 7.525 5.913 5.929 12.377 10.936 1.242 9.754 9.402 2.489 16.129 5.009 11.145 4.885 14.041 5.316 9.756 9.617 12.810 8.888 9.773 11.445 10.776 7.389 4.224 1.613 4.538 2.605 9.462 14.630 14.444 8.224 7.475 12.032 11.359 11.255 16.006 8.544 12.388 7.165 8.444 7.678 6.835 5.794 1.838 2.958 7.113 6.158 5.286 7.023 2.016 15.498 5.160 7.793 9.806 4.399 8.299 10.098 2.596 14.077 7.941 
5.143 7.160 6.403 4.396 8.972 6.429 3.930 3.209 7.287 6.153 7.422 8.988 3.484 6.684 2.839 3.445 8.177 5.890 12.063 12.743 11.291 1.103 4.764 9.145 3.564 8.165 4.875 4.122 2.689 7.502 3.711 6.042 5.603 8.053 3.250 8.517 3.550 10.472 8.122 8.288 2.975 6.740 4.347 5.080 5.703 5.207 9.459 2.116 6.682 3.073 1.999 2.751 9.581 7.114 10.004 5.057 7.442 7.197 3.822 6.127 1.209 2.900 7.063 9.834 4.834 7.860 7.015 9.937 9.683 9.754 3.848 11.731 5.088 9.662 4.661 10.163 5.098 10.377 5.023 6.979 12.225 11.531 1.565 5.256 7.818 3.933 8.174 2.428 8.108 7.785 3.376 5.205 12.993 4.601 4.443 9.788 2.976 9.691 9.510 1.420 3.459 1.073 5.191 8.686 7.358 10.098 6.293 2.974 5.487 9.106 8.832 4.051 4.742 10.848 5.214 4.026 9.592 9.797 9.424 5.628 
1.815 4.669 11.415 4.205 6.584 4.999 8.926 5.697 10.888 11.170 8.179 13.538 1.556 11.568 7.855 6.039 12.457 3.671 12.865 13.190 11.491 5.613 6.280 14.030 7.903 8.184 9.861 4.467 2.802 11.904 4.679 8.465 6.388 8.432 7.362 9.413 5.983 10.692 12.261 5.111 7.814 1.721 8.034 2.491 0.854 9.814 8.815 6.532 7.097 7.647 6.421 7.152 5.029 10.939 14.766 4.008 5.825 2.245 1.262 11.140 5.511 6.194 9.530 8.525 1.938 12.692 6.710 10.950 14.242 4.848 7.324 12.320 8.245 6.659 9.543 11.024 8.123 9.007 5.061 6.643 12.841 12.278 5.915 8.739 12.707 8.939 12.195 2.595 3.175 2.789 7.067 9.485 13.583 4.891 4.704 4.982 3.622 8.289 11.745 4.505 4.898 5.071 7.777 13.509 11.194 12.528 8.588 6.726 7.198 13.591 3.821 7.341 8.838 11.946 10.201 4.689 9.989 14.469 6.197 6.618 
3.624 4.626 7.973 6.269 6.252 3.661 5.567 5.902 6.327 7.960 4.677 9.210 3.583 7.681 4.806 6.191 8.010 3.490 9.459 10.047 8.513 2.435 2.113 10.053 3.733 5.292 6.988 6.171 3.913 7.526 0.791 4.040 8.007 5.239 6.156 5.856 1.424 7.684 7.769 5.885 5.564 6.044 7.268 3.182 4.858 5.674 6.543 5.013 3.826 5.859 2.690 5.620 7.853 6.398 10.596 6.678 4.633 6.203 3.394 7.997 4.122 1.777 5.130 6.920 3.268 8.671 4.094 7.358 9.906 8.443 2.819 9.058 3.682 7.086 7.047 7.538 7.996 7.463 2.113 4.057 9.568 8.900 4.487 4.186 8.783 6.021 7.674 2.955 6.979 6.845 6.296 8.013 10.340 6.713 6.517 8.318 0.942 6.785 7.495 3.912 0.577 1.978 3.276 9.448 6.651 8.216 4.213 2.407 3.003 9.221 7.883 2.799 7.613 8.322 7.302 1.114 6.824 10.215 6.945 2.851 
4.170 6.893 8.746 2.143 8.865 6.633 6.363 2.575 9.706 8.392 8.750 11.564 1.783 9.194 5.231 2.923 10.742 5.628 13.561 14.104 12.512 3.580 6.239 11.639 6.100 9.195 6.995 2.068 0.415 10.076 4.730 8.015 4.011 9.242 4.193 9.957 5.327 11.680 10.668 7.730 4.851 4.800 4.849 4.477 4.026 7.784 10.237 3.464 7.807 4.565 4.509 4.041 8.195 9.588 12.546 2.625 7.640 5.417 2.411 8.332 2.542 5.017 9.095 10.306 3.998 10.387 7.823 11.474 12.258 8.014 6.121 13.132 7.303 9.254 6.558 11.641 5.024 10.838 5.792 7.769 13.648 12.995 2.890 7.594 10.316 6.149 10.700 1.334 6.343 5.911 3.877 6.307 14.419 2.613 2.411 8.170 3.534 10.112 11.522 1.478 4.687 3.247 7.185 11.212 9.838 12.192 8.226 5.299 7.120 11.684 6.890 6.263 5.652 12.444 7.330 4.946 10.852 12.360 8.884 6.938 
3.170 5.646 12.927 4.593 7.382 6.272 10.461 6.579 12.594 12.635 9.679 15.213 3.070 13.168 9.363 6.895 14.153 4.912 14.256 14.504 12.790 7.226 7.933 15.634 9.575 9.556 11.279 4.972 4.026 13.590 6.355 10.137 6.634 9.860 8.494 10.896 7.686 12.016 13.963 5.718 9.167 0.961 8.999 3.888 1.650 11.470 10.012 7.802 8.588 8.905 8.066 8.380 4.636 12.646 16.407 4.105 6.959 1.704 2.942 12.592 6.844 7.898 11.192 9.556 3.411 14.312 8.094 12.414 15.917 3.951 9.030 13.681 9.949 7.185 10.886 12.461 8.883 9.995 6.619 8.026 14.197 13.669 7.217 10.446 14.307 10.390 13.901 4.121 2.422 1.871 8.103 10.574 14.920 5.258 5.110 4.258 5.327 9.305 13.362 5.789 6.590 6.703 9.466 15.132 12.901 14.158 10.249 8.421 8.841 15.273 2.658 9.048 9.889 13.406 11.617 6.341 11.369 16.128 6.653 8.208 
11.316 12.674 0.421 9.699 14.124 11.579 2.529 7.406 6.487 0.333 10.580 4.787 9.842 1.985 3.528 7.304 5.188 11.562 13.843 14.804 13.901 5.928 8.573 3.518 4.673 11.750 1.759 9.268 8.883 4.479 8.695 7.994 9.605 11.346 5.277 11.131 7.438 13.243 5.567 13.952 3.895 13.101 5.807 11.084 12.049 3.403 13.270 5.346 10.454 4.454 5.392 4.987 15.756 5.920 4.763 10.502 12.430 13.542 10.172 0.509 6.107 6.528 8.360 14.103 10.976 2.845 11.244 11.983 5.249 16.069 6.141 13.826 6.676 15.078 2.517 12.320 6.933 14.596 9.839 11.243 14.190 13.488 5.805 6.156 2.479 2.492 5.911 8.788 14.444 14.139 5.930 4.479 14.843 9.506 9.454 16.063 8.700 14.057 10.097 7.165 8.299 6.506 7.513 3.454 5.993 10.195 8.260 5.907 8.635 5.091 15.190 6.403 4.964 12.551 1.489 9.000 12.402 4.936 14.988 9.396 
1.535 1.672 11.213 7.018 3.628 1.656 8.784 7.710 8.918 11.177 5.082 12.236 3.643 10.907 7.945 8.051 10.922 0.388 9.602 9.875 8.168 5.484 3.879 13.247 6.944 4.902 10.133 7.137 4.848 10.532 2.761 6.069 9.144 5.212 8.683 6.275 4.269 7.380 10.607 2.743 8.485 3.992 9.652 0.869 3.009 8.860 5.472 7.605 3.994 8.618 5.911 8.259 4.691 9.130 13.713 7.060 2.523 3.784 3.018 11.205 6.567 4.956 7.017 5.246 1.440 11.861 3.440 7.776 12.916 5.505 5.828 9.032 6.326 4.140 10.094 7.812 10.105 5.751 2.262 3.371 9.551 9.015 6.992 6.951 11.996 9.159 10.443 3.962 4.305 4.375 8.631 10.730 10.281 7.650 7.444 5.281 2.650 5.023 8.948 5.902 3.151 4.930 5.599 12.620 9.370 9.777 6.105 5.604 4.656 12.208 5.281 5.713 10.215 8.763 10.457 2.538 6.715 13.286 3.877 3.838 
9.658 10.846 1.711 8.810 12.251 9.721 1.093 6.713 5.005 1.904 8.703 4.525 8.407 1.783 2.219 6.698 4.338 9.768 12.142 13.076 12.100 4.314 6.679 4.209 2.779 9.863 1.936 8.416 7.609 3.560 6.866 6.152 9.131 9.468 4.850 9.297 5.563 11.419 4.570 12.136 3.216 11.614 5.708 9.370 10.514 1.719 11.381 4.511 8.558 3.943 3.648 4.375 14.063 4.491 5.174 9.585 10.554 11.997 8.662 2.021 5.006 4.671 6.599 12.206 9.310 2.996 9.347 10.220 5.153 14.469 4.243 12.083 4.817 13.224 2.716 10.549 6.892 12.700 7.974 9.346 12.468 11.758 4.806 4.334 2.887 1.806 4.834 7.352 12.876 12.612 5.497 4.867 13.145 8.744 8.655 14.426 6.973 12.159 8.509 6.003 6.467 4.882 5.634 3.812 4.622 8.706 6.424 4.038 6.741 4.746 13.670 4.506 5.112 10.842 1.999 7.163 10.567 5.091 13.151 7.498 
7.719 4.932 14.304 13.165 3.410 4.633 12.390 13.449 9.345 14.564 4.016 13.310 9.806 13.354 12.011 13.764 11.780 5.872 4.871 4.578 3.064 9.994 6.171 15.121 9.940 2.806 14.014 13.230 10.866 11.801 6.900 6.696 15.220 3.265 13.833 3.916 7.470 2.738 11.284 5.148 13.066 9.723 14.954 7.097 9.032 11.279 1.284 12.689 4.158 13.467 9.866 13.279 7.990 9.857 15.038 13.269 3.708 9.212 9.213 14.665 11.807 8.422 6.779 1.022 7.668 13.862 3.601 4.296 13.832 9.481 8.457 4.181 7.922 4.270 14.309 4.035 15.662 0.702 5.602 3.634 4.567 4.414 12.174 8.518 14.177 13.136 10.944 9.884 9.235 9.596 13.982 15.602 5.074 13.762 13.555 8.977 7.839 1.279 6.906 11.479 7.162 9.630 7.050 14.401 9.993 7.649 6.472 8.909 5.928 13.126 10.089 8.178 15.259 4.848 14.271 6.590 2.946 14.426 4.796 5.271 
5.170 4.001 9.686 9.429 4.611 2.678 7.665 9.175 5.653 9.892 1.452 9.423 6.364 8.890 7.270 9.459 7.955 3.726 6.271 6.795 5.237 5.352 1.435 10.910 5.246 2.076 9.280 9.376 7.041 7.763 2.584 2.631 11.260 1.963 9.241 2.688 2.745 4.407 7.541 5.223 8.358 7.771 10.393 4.461 6.693 6.762 3.491 8.104 0.594 8.800 5.138 8.659 8.072 6.015 11.071 9.744 3.008 7.611 5.941 9.982 7.314 3.687 3.360 4.200 4.917 9.570 1.379 4.232 10.043 9.154 3.767 5.823 3.493 5.762 9.567 4.361 11.203 4.704 1.723 1.396 6.340 5.697 7.642 4.155 9.825 8.394 7.289 6.036 8.107 8.201 9.462 10.912 7.110 9.921 9.720 8.840 3.784 4.151 5.122 7.187 2.701 5.063 2.583 10.212 6.219 5.953 2.555 4.167 1.355 9.315 9.086 3.504 10.610 5.225 9.543 2.369 3.553 10.536 5.896 0.528 
9.970 12.681 8.433 4.686 14.641 12.295 7.268 3.319 12.578 7.758 13.701 12.623 7.557 9.703 6.536 2.989 12.492 11.400 18.298 19.009 17.570 7.179 11.043 11.605 8.853 14.419 6.493 4.325 6.217 11.714 9.893 12.131 2.854 14.328 3.552 14.784 9.810 16.751 12.669 13.537 5.132 10.044 2.486 10.278 9.590 9.535 15.653 4.499 12.942 4.388 7.768 4.170 13.721 12.209 12.851 5.249 13.320 10.773 8.202 7.591 5.082 9.056 13.062 15.899 9.806 10.823 13.197 16.175 13.191 13.229 9.771 17.992 10.982 15.062 5.645 16.414 1.324 16.441 11.154 13.154 18.480 17.779 4.806 10.936 10.522 6.372 12.879 7.053 11.639 11.120 3.070 3.641 19.244 4.026 4.169 13.505 8.909 15.728 15.452 5.266 9.693 7.344 11.298 11.518 12.406 15.923 12.401 8.925 11.743 12.876 11.920 10.030 3.137 17.059 6.660 10.185 15.871 12.976 14.689 11.904 
8.697 6.303 13.056 13.641 5.319 5.520 11.437 13.501 7.559 13.413 3.028 11.477 10.418 11.929 11.267 13.786 9.955 6.879 2.653 2.717 1.003 9.608 5.667 13.446 8.958 2.370 13.082 13.625 11.261 10.091 6.882 5.366 15.546 2.368 13.498 2.223 6.949 0.341 9.436 6.910 12.484 11.034 14.663 8.000 10.158 9.971 1.947 12.374 3.777 12.993 9.262 12.901 9.926 8.118 13.212 13.882 4.899 10.642 9.903 13.538 11.625 7.821 5.107 3.014 8.552 12.272 3.814 1.973 11.938 11.347 7.532 1.987 6.706 6.378 13.502 1.672 15.511 3.016 5.775 3.877 2.469 2.120 11.940 7.198 12.630 12.287 9.068 10.250 10.836 11.114 13.756 15.052 3.148 14.170 13.966 10.883 8.029 3.242 4.673 11.512 7.026 9.364 5.954 12.723 8.213 5.356 5.095 8.170 5.089 11.258 11.759 7.238 14.811 2.450 13.300 6.631 0.952 12.570 6.840 4.791 
8.994 7.862 8.975 12.337 8.006 6.575 7.832 11.431 3.098 9.439 3.065 6.974 9.732 7.683 8.010 11.639 5.456 7.661 4.524 5.486 4.774 7.181 4.190 8.987 5.540 4.122 9.415 12.172 10.050 5.640 5.822 2.206 13.825 3.529 10.753 2.572 4.884 4.286 4.934 8.997 9.398 11.617 11.917 8.307 10.492 5.939 5.353 9.749 3.947 10.048 6.487 10.125 11.950 3.678 8.709 12.816 6.673 11.511 9.444 9.589 9.308 5.338 1.186 6.552 8.705 7.874 4.865 2.757 7.436 13.082 4.479 4.526 3.270 9.211 10.000 3.112 12.953 6.853 5.525 4.921 4.871 4.174 9.497 3.442 8.260 8.788 4.563 9.126 12.038 12.114 11.178 11.867 5.526 12.696 12.514 12.752 7.014 6.657 1.315 9.598 5.692 7.203 3.055 8.268 3.744 2.069 1.985 5.340 3.264 6.753 13.016 4.230 11.799 3.230 9.567 5.774 3.633 8.066 9.475 3.918 
7.301 6.905 7.211 10.005 7.642 5.573 5.665 9.009 2.659 7.561 3.179 6.397 7.619 6.167 5.690 9.212 4.922 6.334 6.674 7.534 6.444 4.757 2.427 7.986 3.241 4.411 7.298 9.815 7.777 4.756 3.883 0.500 11.421 3.930 8.346 3.631 2.639 5.752 4.510 8.181 7.043 9.889 9.516 6.679 8.717 4.134 5.919 7.327 3.407 7.668 4.059 7.718 10.878 2.984 8.063 10.525 6.035 9.909 7.422 7.687 6.880 2.938 1.246 6.913 6.974 6.689 4.373 4.635 7.011 11.808 2.054 6.518 0.903 8.795 7.798 4.943 10.535 7.350 4.065 4.401 6.945 6.226 7.068 1.350 6.990 6.574 4.272 6.904 10.559 10.540 8.757 9.557 7.667 10.331 10.154 11.560 4.951 6.927 3.689 7.201 3.647 4.807 0.768 7.274 3.195 4.300 0.758 2.910 1.742 6.283 11.520 1.800 9.443 5.381 7.494 3.941 4.901 7.514 8.917 2.694 
10.859 12.441 4.653 2.787 7.972 3.711 10.672 8.344 12.189 10.215 7.289 7.197 2.649 6.085 10.663 7.266 8.980 9.683 12.222 9.587 2.766 10.071 5.406 7.399 9.293 5.050 3.393 5.740 2.544 10.869 
8.826 12.508 2.940 2.991 8.169 4.697 8.681 5.912 12.516 8.885 7.913 8.137 1.956 5.952 12.231 6.834 9.665 12.403 13.031 10.453 4.318 11.430 8.038 5.929 11.422 6.846 6.167 2.894 2.657 10.073 
12.599 5.196 10.773 14.052 5.384 14.846 12.351 13.048 4.100 9.808 4.895 4.448 13.645 7.282 1.454 7.313 3.445 8.440 2.184 2.506 13.783 1.239 7.880 9.918 4.354 6.294 9.277 13.560 9.903 8.074 
15.198 13.303 9.508 7.697 9.558 7.338 14.968 13.353 12.601 13.656 8.363 7.708 8.094 8.835 8.668 10.029 9.380 4.388 11.660 9.454 6.374 8.722 2.127 11.442 6.071 4.960 2.576 11.303 7.089 13.431 
8.106 13.266 3.400 4.191 9.169 5.879 8.011 4.910 13.428 8.804 9.150 9.513 3.172 6.935 13.784 7.555 10.858 14.365 14.200 11.712 5.801 12.902 9.992 5.971 13.210 8.601 8.146 1.474 4.310 10.344 
7.826 11.186 1.697 4.161 6.878 5.801 7.660 5.159 11.216 7.642 6.697 6.989 3.193 4.647 11.207 5.501 8.437 12.029 11.801 9.254 5.254 10.347 7.655 4.692 10.642 6.030 5.991 2.812 1.745 8.756 
11.472 5.939 8.658 11.567 4.004 12.346 11.216 11.366 5.056 8.899 3.059 2.344 11.189 5.379 2.101 5.758 2.454 7.191 3.950 1.987 11.283 1.280 5.628 8.320 3.269 3.795 6.841 11.434 7.529 7.599 
14.638 11.459 9.555 9.188 8.175 9.180 14.393 13.269 10.657 12.724 6.924 6.149 9.349 7.989 6.344 9.056 7.604 3.053 9.511 7.511 8.136 6.512 1.343 10.913 3.682 3.841 3.372 11.784 7.306 12.149 
6.568 3.052 6.853 12.074 2.121 13.441 6.328 7.664 3.446 3.721 3.329 4.084 11.277 3.749 6.980 2.730 3.067 12.455 5.002 3.798 12.569 5.833 9.626 4.676 8.761 6.718 9.758 9.306 7.447 2.085 
13.083 5.898 10.941 13.932 5.752 14.651 12.833 13.386 4.808 10.327 5.126 4.576 13.576 7.520 0.791 7.661 3.840 7.774 2.896 2.931 13.579 1.155 7.457 10.271 3.716 6.113 8.964 13.728 9.917 8.661 
4.408 8.528 1.982 7.834 4.984 9.479 4.202 2.884 8.858 3.995 5.497 6.178 6.837 3.142 10.569 3.077 6.903 13.479 10.007 7.841 8.891 9.496 9.398 1.048 10.995 6.826 8.345 3.857 4.070 5.396 
10.125 1.191 10.634 15.369 4.986 16.545 9.910 11.604 0.645 7.265 5.552 5.810 14.694 7.196 5.778 6.487 3.964 12.591 2.257 3.723 15.574 4.973 11.053 8.642 8.491 8.598 11.867 13.206 10.759 5.124 
12.212 12.011 6.259 4.861 7.725 5.125 11.997 10.107 11.552 11.035 6.743 6.374 4.994 6.364 9.034 7.616 8.219 7.269 11.177 8.624 4.042 8.648 3.057 8.515 7.241 3.669 0.987 7.927 3.831 11.227 
11.254 3.651 10.041 13.896 4.356 14.851 11.011 11.957 2.574 8.418 4.205 4.024 13.380 6.469 2.871 6.269 2.496 9.679 1.086 1.651 13.818 2.059 8.502 8.825 5.571 6.430 9.619 12.799 9.508 6.590 
11.586 6.885 8.163 10.614 4.250 11.318 11.330 11.157 6.070 9.170 3.096 2.247 10.297 5.157 2.846 5.772 3.126 6.425 5.079 2.925 10.247 2.326 4.503 8.217 2.848 2.781 5.724 10.897 6.780 8.101 
14.881 11.500 9.862 9.533 8.323 9.511 14.635 13.559 10.675 12.925 7.069 6.277 9.697 8.217 6.226 9.262 7.675 2.729 9.467 7.540 8.470 6.454 1.687 11.167 3.490 4.073 3.720 12.113 7.629 12.300 
8.696 0.833 9.166 14.075 3.663 15.321 8.474 10.077 1.066 5.819 4.439 4.870 13.356 5.803 5.998 5.008 3.123 12.424 3.035 3.252 14.381 4.993 10.378 7.111 8.411 7.716 10.960 11.701 9.439 3.734 
9.157 11.813 2.961 3.118 7.381 4.632 8.984 6.517 11.724 8.800 6.972 7.103 2.332 5.246 11.066 6.277 8.726 11.124 12.078 9.465 3.977 10.311 6.753 5.884 10.154 5.603 4.921 3.922 1.616 9.729 
0.946 9.916 6.468 11.849 8.307 13.572 1.167 3.062 10.704 3.821 9.293 10.121 10.785 7.370 14.141 6.591 10.136 18.096 12.479 11.033 13.190 12.989 14.155 4.336 15.200 11.442 13.165 6.497 8.819 5.950 
1.988 10.957 6.819 11.898 9.221 13.624 2.199 3.095 11.737 4.853 10.159 10.972 10.833 8.134 15.069 7.446 11.079 18.797 13.493 11.986 13.322 13.922 14.767 5.050 16.026 12.132 13.663 6.408 9.229 6.991 
2.279 10.611 5.146 10.197 8.229 11.923 2.323 1.378 11.263 4.558 9.034 9.805 9.131 6.846 14.058 6.348 10.149 17.348 12.845 11.082 11.607 12.932 13.232 3.780 14.774 10.695 12.041 4.747 7.571 6.721 
10.460 7.998 6.050 8.167 4.074 8.957 10.211 9.431 7.447 8.472 2.881 2.303 7.828 3.774 5.314 4.804 4.114 6.978 7.027 4.465 7.903 4.684 3.453 6.796 4.604 0.544 3.803 8.679 4.380 7.990 
6.825 7.922 2.401 7.029 3.573 8.438 6.591 5.483 7.914 5.480 3.506 3.966 6.236 1.349 8.371 2.379 5.198 10.822 8.545 6.061 7.621 7.391 6.786 3.065 8.448 4.170 5.934 5.189 2.429 5.956 
12.303 3.477 12.100 16.285 6.308 17.286 12.079 13.535 2.544 9.424 6.459 6.412 15.726 8.536 4.636 8.085 4.704 11.624 1.392 4.020 16.260 4.253 10.900 10.472 7.555 8.895 12.079 14.794 11.816 7.332 
9.123 5.487 6.301 9.965 1.830 11.005 8.867 8.884 5.002 6.710 0.625 0.259 9.420 2.905 4.537 3.327 1.689 8.709 4.947 2.319 10.002 3.504 5.857 5.850 5.319 3.066 6.302 9.089 5.545 5.788 
4.530 9.748 1.801 7.304 6.201 9.005 4.375 2.090 10.096 4.850 6.640 7.274 6.261 4.251 11.691 4.309 8.106 14.183 11.241 9.039 8.540 10.640 9.973 2.108 11.944 7.603 8.702 2.716 4.222 6.483 
13.066 6.778 10.242 12.757 5.597 13.384 12.811 13.011 5.754 10.436 4.702 3.982 12.471 7.019 0.735 7.392 3.879 6.480 4.103 3.151 12.305 1.205 6.021 9.962 2.371 4.924 7.599 13.005 8.962 8.998 
15.105 12.963 9.514 7.984 9.295 7.697 14.872 13.347 12.241 13.489 8.085 7.406 8.334 8.668 8.230 9.844 9.045 4.028 11.259 9.090 6.712 8.307 1.796 11.345 5.615 4.708 2.624 11.401 7.113 13.197 
12.823 11.619 7.140 6.221 7.557 6.375 12.596 10.978 11.050 11.369 6.445 5.923 6.359 6.567 7.999 7.793 7.726 5.932 10.446 7.995 5.300 7.741 1.691 9.071 5.988 3.080 0.393 9.066 4.738 11.298 
9.038 1.512 8.972 13.667 3.282 14.858 8.807 10.183 1.069 6.161 3.888 4.231 12.989 5.501 5.249 4.850 2.427 11.647 2.522 2.480 13.897 4.225 9.669 7.137 7.633 7.065 10.325 11.586 9.054 4.181 
8.355 9.029 2.948 5.873 4.556 7.116 8.130 6.634 8.853 7.115 4.037 4.170 5.240 2.643 8.285 3.858 5.788 9.651 9.135 6.522 6.218 7.454 5.428 4.615 7.797 3.219 4.353 5.481 1.340 7.493 
5.530 6.045 3.834 9.189 2.329 10.646 5.276 5.342 6.252 3.522 3.064 3.863 8.338 1.302 8.088 0.397 4.267 11.947 7.324 5.209 9.847 6.974 8.313 2.224 8.927 5.410 7.847 6.371 4.648 3.727 
16.905 13.955 11.465 9.864 10.679 9.405 16.666 15.279 13.125 15.132 9.432 8.668 10.279 10.341 8.499 11.461 10.121 2.580 11.865 9.994 8.485 8.841 3.323 13.150 5.617 6.230 4.624 13.405 9.084 14.645 
4.166 9.184 2.048 7.757 5.743 9.442 3.990 2.175 9.556 4.275 6.260 6.934 6.726 3.897 11.330 3.828 7.666 14.100 10.750 8.604 8.932 10.260 9.955 1.520 11.711 7.470 8.791 3.309 4.383 5.890 
14.209 9.784 9.876 10.690 7.136 10.937 13.956 13.324 8.885 11.978 5.908 5.055 10.671 7.551 4.188 8.414 6.124 3.426 7.525 5.823 9.862 4.500 2.965 10.630 1.502 3.737 4.950 12.392 7.925 11.062 
3.166 8.432 3.123 8.911 5.451 10.586 2.962 2.237 8.910 3.147 6.181 6.938 7.886 3.975 11.231 3.531 7.389 14.571 10.282 8.329 10.046 10.119 10.562 0.922 11.903 7.906 9.571 4.377 5.310 4.910 
7.900 7.516 3.619 7.393 3.043 8.621 7.657 6.780 7.332 6.203 2.557 2.825 6.742 1.399 7.155 2.642 4.313 9.598 7.676 5.093 7.700 6.225 5.704 4.177 7.135 2.933 5.158 6.382 2.808 6.242 
2.530 10.197 4.328 9.510 7.561 11.234 2.488 0.735 10.789 4.287 8.312 9.065 8.445 6.079 13.360 5.653 9.494 16.527 12.289 10.432 10.879 12.245 12.401 3.053 13.999 9.879 11.211 4.164 6.747 6.393 
8.163 1.131 8.749 13.766 3.390 15.048 7.941 9.563 1.599 5.286 4.282 4.795 13.023 5.454 6.322 4.593 3.145 12.590 3.521 3.423 14.125 5.275 10.367 6.620 8.625 7.633 10.849 11.248 9.124 3.209 
9.603 13.800 4.091 2.440 9.480 4.134 9.483 6.504 13.824 9.948 9.226 9.437 1.433 7.257 13.481 8.107 10.979 13.251 14.345 11.763 4.064 12.705 8.939 7.012 12.548 8.022 6.962 3.142 3.936 11.257 
12.943 8.133 9.147 10.879 5.668 11.375 12.688 12.348 7.241 10.576 4.488 3.630 10.697 6.404 2.902 7.120 4.505 5.035 5.959 4.172 10.292 2.952 3.850 9.492 1.529 3.213 5.491 11.807 7.489 9.526 
13.359 14.860 7.153 2.592 10.426 1.989 13.184 10.657 14.519 12.833 9.619 9.393 3.375 8.655 12.305 9.858 11.229 9.746 14.329 11.730 1.014 11.896 6.051 9.992 10.427 6.861 4.061 7.672 5.167 13.477 
15.384 10.689 10.998 11.463 8.268 11.565 15.130 14.484 9.741 13.134 7.053 6.196 11.525 8.728 4.687 9.584 7.155 2.413 8.219 6.768 10.507 5.231 3.564 11.806 1.762 4.870 5.642 13.470 8.982 12.167 
10.141 11.922 3.937 3.056 7.449 4.221 9.954 7.651 11.717 9.518 6.842 6.823 2.657 5.485 10.490 6.639 8.564 9.997 11.853 9.217 3.354 9.833 5.653 6.687 9.310 4.900 3.740 5.154 1.863 10.220 
12.374 13.678 6.162 2.679 9.240 2.814 12.190 9.795 13.347 11.726 8.443 8.237 3.111 7.479 11.291 8.689 10.067 9.294 13.198 10.588 1.733 10.830 5.309 8.922 9.566 5.772 3.238 7.004 4.051 12.314 
9.587 3.854 7.907 11.906 2.304 12.954 9.336 9.968 3.175 6.867 2.087 2.076 11.339 4.339 3.719 4.236 0.369 9.446 3.034 0.581 11.947 2.561 7.332 6.836 5.558 4.813 8.082 10.670 7.433 5.376 
4.740 11.147 2.824 7.309 7.719 9.035 4.659 1.539 11.547 5.839 8.156 8.776 6.243 5.763 13.197 5.817 9.627 15.407 12.746 10.561 8.745 12.154 11.117 3.456 13.358 8.925 9.671 1.911 5.166 7.693 
13.152 9.270 8.732 9.748 6.238 10.114 12.900 12.194 8.453 10.998 4.989 4.159 9.666 6.473 4.350 7.389 5.455 4.329 7.329 5.312 9.032 4.360 2.402 9.537 2.266 2.593 4.153 11.255 6.799 10.205 
5.475 9.000 0.979 6.807 5.068 8.429 5.276 3.542 9.207 4.996 5.332 5.904 5.834 2.945 10.328 3.314 6.903 12.709 10.150 7.816 7.815 9.308 8.531 2.052 10.473 6.116 7.360 3.437 2.999 6.192 
13.559 8.879 9.523 10.844 6.360 11.228 13.305 12.840 7.978 11.247 5.157 4.298 10.736 6.959 3.395 7.741 5.252 4.285 6.637 4.922 10.146 3.614 3.448 10.050 1.192 3.440 5.266 12.125 7.725 10.248 
9.886 7.076 5.988 8.763 3.188 9.664 9.633 9.120 6.548 7.751 1.969 1.381 8.334 3.230 4.925 4.119 3.212 7.589 6.242 3.635 8.630 4.140 4.333 6.317 4.758 1.473 4.715 8.714 4.656 7.140 
13.584 9.260 9.324 10.395 6.513 10.734 13.331 12.732 8.389 11.350 5.283 4.431 10.322 6.932 3.940 7.786 5.546 4.035 7.120 5.291 9.654 4.105 2.902 10.015 1.622 3.192 4.758 11.876 7.434 10.447 
12.655 16.389 7.027 1.666 11.951 1.974 12.540 9.518 16.285 12.958 11.475 11.508 2.251 9.820 15.116 10.816 13.217 13.424 16.533 13.899 2.725 14.508 9.481 10.006 13.650 9.503 7.401 6.097 6.168 14.150 
7.160 2.656 7.224 12.290 2.047 13.610 6.921 8.212 2.921 4.310 3.151 3.834 11.527 3.959 6.447 3.067 2.611 12.097 4.412 3.277 12.711 5.307 9.432 5.187 8.329 6.569 9.689 9.743 7.649 2.584 
11.812 2.843 12.279 16.812 6.545 17.908 11.603 13.339 2.271 8.968 6.934 7.039 16.187 8.783 5.870 8.157 5.224 12.859 2.341 4.722 16.908 5.362 11.891 10.368 8.767 9.692 12.932 14.890 12.251 6.809 
15.561 14.017 9.727 7.398 10.180 6.876 15.337 13.578 13.338 14.136 9.007 8.384 7.890 9.327 9.474 10.544 10.091 4.956 12.439 10.199 5.968 9.515 2.873 11.819 6.875 5.590 2.854 11.354 7.296 14.006 
7.422 11.674 1.815 4.390 7.501 6.103 7.281 4.512 11.790 7.617 7.453 7.816 3.338 5.260 12.106 5.952 9.164 13.053 12.512 10.015 5.720 11.211 8.678 4.680 11.637 7.027 6.982 1.800 2.761 8.955 
13.059 15.036 6.891 1.874 10.575 1.337 12.894 10.256 14.749 12.693 9.841 9.677 2.746 8.701 12.784 9.871 11.495 10.475 14.663 12.044 0.266 12.323 6.688 9.804 11.014 7.262 4.652 7.160 5.094 13.456 
11.785 12.044 5.747 4.285 7.681 4.693 11.577 9.582 11.641 10.734 6.773 6.482 4.364 6.162 9.410 7.411 8.326 7.914 11.382 8.793 3.614 8.958 3.669 8.129 7.751 3.910 1.625 7.311 3.338 11.044 
13.236 6.090 11.021 13.936 5.884 14.633 12.985 13.506 5.000 10.488 5.228 4.656 13.594 7.620 0.654 7.786 3.983 7.611 3.082 3.082 13.559 1.233 7.378 10.395 3.568 6.107 8.916 13.807 9.959 8.835 
12.586 9.490 7.854 8.689 6.028 9.087 12.338 11.422 8.764 10.592 4.780 4.024 8.605 5.905 5.188 6.931 5.580 4.868 7.865 5.615 8.003 5.015 1.721 8.899 3.326 1.798 3.168 10.306 5.822 9.999 
8.578 7.106 4.579 8.001 2.723 9.107 8.329 7.671 6.796 6.643 1.893 1.953 7.434 1.893 6.208 2.974 3.609 8.858 6.931 4.308 8.134 5.301 5.188 4.930 6.212 2.267 4.991 7.337 3.558 6.369 
4.748 5.605 4.495 10.092 2.741 11.598 4.492 5.167 5.998 2.472 3.760 4.608 9.199 2.384 8.588 1.199 4.614 12.888 7.353 5.537 10.835 7.443 9.359 2.109 9.702 6.432 8.937 6.781 5.638 2.743 
5.875 12.279 3.246 6.574 8.667 8.283 5.816 2.615 12.631 7.074 8.982 9.534 5.525 6.594 13.952 6.813 10.537 15.641 13.736 11.457 8.120 12.949 11.288 4.603 13.886 9.347 9.674 1.032 5.284 8.903 
10.652 12.088 4.464 3.120 7.621 4.068 10.461 8.207 11.833 9.938 6.932 6.841 2.912 5.751 10.333 6.940 8.623 9.521 11.866 9.231 3.115 9.730 5.208 7.148 9.012 4.721 3.240 5.720 2.265 10.552 
11.314 2.943 10.753 14.903 4.967 15.919 11.082 12.339 1.835 8.438 5.075 5.036 14.341 7.180 3.884 6.790 3.319 10.812 0.295 2.651 14.898 3.227 9.714 9.241 6.703 7.577 10.794 13.466 10.431 6.442 
5.947 9.982 0.369 6.013 5.982 7.679 5.775 3.498 10.171 5.837 6.143 6.646 5.003 3.797 11.052 4.282 7.770 12.951 11.057 8.667 7.147 10.070 8.670 2.886 10.989 6.495 7.293 2.535 2.785 7.148 
1.621 8.592 4.611 10.292 6.350 11.990 1.425 2.255 9.237 2.610 7.259 8.069 9.247 5.256 12.202 4.546 8.239 15.971 10.838 9.160 11.501 11.061 12.041 2.212 13.126 9.317 11.105 5.348 6.852 4.735 
10.455 1.513 11.254 16.054 5.657 17.240 10.249 12.082 1.344 7.625 6.252 6.514 15.369 7.851 6.284 7.099 4.668 13.168 2.675 4.403 16.272 5.548 11.732 9.173 9.060 9.298 12.567 13.793 11.438 5.456 
14.026 17.186 8.197 2.372 12.715 1.266 13.898 10.941 16.993 14.151 12.111 12.040 3.331 10.677 15.343 11.755 13.817 12.931 17.063 14.430 2.346 14.837 9.278 11.197 13.617 9.775 7.254 7.547 6.977 15.206 
7.919 6.015 4.846 8.945 1.579 10.136 7.665 7.440 5.782 5.746 1.053 1.604 8.301 1.434 6.018 2.117 2.784 9.596 6.151 3.615 9.189 4.986 6.189 4.466 6.558 3.232 6.132 7.631 4.366 5.274 
1.321 10.139 5.926 11.208 8.220 12.933 1.451 2.394 10.875 4.013 9.142 9.952 10.143 7.110 14.071 6.429 10.092 17.782 12.578 11.005 12.573 12.927 13.773 4.028 15.003 11.118 12.709 5.822 8.311 6.184 
6.797 5.404 4.686 9.486 1.112 10.808 6.541 6.668 5.395 4.515 1.723 2.545 8.738 1.179 6.741 0.991 2.988 10.813 6.193 3.923 9.921 5.632 7.423 3.568 7.635 4.468 7.259 7.389 4.844 4.084 
9.207 14.430 4.553 3.733 10.274 5.291 9.126 5.971 14.563 10.003 10.183 10.492 2.870 8.032 14.681 8.710 11.911 14.778 15.268 12.745 5.428 13.843 10.446 7.177 13.924 9.346 8.494 2.566 5.112 11.549 
13.635 7.620 10.465 12.580 6.172 13.103 13.380 13.409 6.603 11.068 5.175 4.389 12.363 7.399 1.402 7.888 4.568 5.637 4.944 3.914 12.020 2.046 5.497 10.413 1.537 4.818 7.214 13.194 9.010 9.717 
1.573 8.947 4.650 10.250 6.677 11.957 1.420 1.984 9.594 2.945 7.564 8.368 9.198 5.518 12.527 4.852 8.573 16.207 11.192 9.497 11.498 11.389 12.238 2.442 13.411 9.546 11.252 5.193 6.945 5.082 
16.364 11.873 11.721 11.628 9.364 11.554 16.113 15.311 10.923 14.190 8.133 7.283 11.797 9.682 5.814 10.599 8.318 1.229 9.380 7.948 10.527 6.405 3.774 12.733 2.907 5.677 5.821 14.084 9.584 13.291 
5.880 12.645 3.780 6.929 9.123 8.621 5.844 2.641 13.029 7.290 9.473 10.040 5.895 7.081 14.462 7.249 11.008 16.182 14.180 11.932 8.510 13.450 11.827 4.954 14.424 9.889 10.201 1.475 5.825 9.186 
7.549 9.579 1.684 5.385 5.192 6.844 7.343 5.493 9.543 6.737 4.947 5.239 4.575 3.002 9.499 4.008 6.691 10.905 10.058 7.501 6.084 8.613 6.616 3.949 9.117 4.542 5.299 4.162 0.948 7.497 
6.016 10.015 0.325 5.947 5.999 7.612 5.844 3.558 10.198 5.899 6.146 6.641 4.938 3.807 11.044 4.312 7.780 12.907 11.072 8.675 7.078 10.066 8.621 2.947 10.963 6.462 7.236 2.528 2.727 7.199 
1.392 10.352 6.448 11.698 8.617 13.423 1.591 2.871 11.124 4.240 9.569 10.387 10.632 7.579 14.462 6.859 10.469 18.272 12.874 11.374 13.077 13.314 14.280 4.509 15.452 11.610 13.229 6.278 8.833 6.386 
0.940 9.746 5.880 11.280 7.903 13.002 1.054 2.528 10.490 3.621 8.850 9.668 10.217 6.867 13.750 6.140 9.761 17.573 12.208 10.669 12.611 12.603 13.604 3.807 14.734 10.913 12.591 5.964 8.235 5.789 
12.829 9.412 8.218 9.115 6.116 9.494 12.579 11.746 8.648 10.769 4.862 4.071 9.035 6.141 4.854 7.123 5.531 4.607 7.657 5.494 8.412 4.752 1.936 9.168 2.899 2.108 3.551 10.699 6.224 10.094 
7.064 4.768 5.352 10.108 0.482 11.399 6.808 7.186 4.729 4.595 1.497 2.356 9.378 1.841 6.301 1.452 2.419 10.782 5.547 3.361 10.493 5.168 7.606 4.058 7.422 4.658 7.612 8.042 5.468 3.837 
11.728 3.401 10.998 15.008 5.233 15.982 11.494 12.687 2.294 8.855 5.242 5.130 14.473 7.419 3.552 7.091 3.494 10.521 0.181 2.737 14.951 3.000 9.594 9.577 6.418 7.569 10.752 13.729 10.582 6.879 
12.418 6.788 9.326 11.792 4.962 12.444 12.162 12.198 5.845 9.873 3.951 3.170 11.498 6.190 1.661 6.664 3.439 6.314 4.475 2.901 11.367 1.466 5.254 9.192 2.307 3.956 6.717 12.077 7.995 8.586 
7.763 1.406 8.494 13.603 3.294 14.915 7.541 9.202 1.998 4.887 4.275 4.847 12.840 5.272 6.633 4.350 3.287 12.793 3.916 3.658 14.008 5.565 10.447 6.288 8.864 7.665 10.852 10.954 8.962 2.805 
11.832 11.046 6.133 5.715 6.838 6.129 11.606 9.968 10.553 10.442 5.799 5.377 5.706 5.672 7.992 6.912 7.216 6.776 10.130 7.590 5.047 7.592 2.409 8.086 6.304 2.623 0.891 8.116 3.740 10.470 
13.363 15.793 7.286 1.656 11.322 0.408 13.211 10.441 15.542 13.181 10.638 10.512 2.703 9.378 13.697 10.515 12.315 11.341 15.516 12.890 0.676 13.219 7.611 10.255 11.943 8.155 5.580 7.203 5.708 14.058 
13.582 15.678 7.445 2.070 11.216 0.903 13.423 10.724 15.389 13.284 10.481 10.311 3.065 9.336 13.366 10.501 12.131 10.822 15.290 12.674 0.522 12.925 7.166 10.381 11.534 7.870 5.166 7.551 5.714 14.078 
14.581 10.413 10.028 10.469 7.631 10.619 14.329 13.565 9.526 12.423 6.389 5.547 10.513 7.899 4.836 8.819 6.710 2.910 8.184 6.446 9.554 5.159 2.604 10.953 2.059 3.928 4.663 12.470 7.977 11.582 
15.453 9.782 11.666 12.816 8.071 13.056 15.197 14.916 8.757 13.001 6.958 6.114 12.778 8.967 3.388 9.638 6.630 3.690 7.017 6.047 11.984 4.207 5.055 12.051 1.039 5.594 7.074 14.279 9.875 11.776 
1.907 10.839 7.196 12.358 9.310 14.084 2.147 3.537 11.653 4.783 10.289 11.113 11.292 8.333 15.144 7.583 11.139 19.037 13.454 12.034 13.765 13.993 15.051 5.272 16.187 12.376 13.996 6.885 9.591 6.879 
15.646 13.365 10.056 8.387 9.772 8.013 15.413 13.891 12.618 14.013 8.552 7.854 8.777 9.193 8.446 10.362 9.458 3.730 11.570 9.464 7.057 8.590 2.254 11.886 5.740 5.198 3.154 11.923 7.652 13.690 
15.451 13.244 9.851 8.206 9.616 7.857 15.218 13.686 12.509 13.831 8.401 7.712 8.586 9.010 8.403 10.184 9.332 3.871 11.489 9.355 6.892 8.520 2.103 11.691 5.731 5.034 2.947 11.717 7.446 13.526 
13.589 16.996 7.844 2.121 12.534 1.488 13.467 10.476 16.838 13.795 11.978 11.947 2.983 10.456 15.368 11.503 13.700 13.207 16.977 14.340 2.500 14.824 9.446 10.840 13.733 9.773 7.394 7.066 6.764 14.910 
9.586 9.757 3.965 5.445 5.317 6.455 9.363 7.760 9.459 8.317 4.551 4.451 5.017 3.691 8.142 4.940 6.231 8.654 9.479 6.843 5.471 7.447 4.337 5.850 7.227 2.645 3.121 6.232 1.733 8.572 
6.094 12.340 3.148 6.312 8.662 8.020 6.029 2.839 12.670 7.219 8.940 9.474 5.264 6.560 13.886 6.828 10.517 15.467 13.738 11.432 7.860 12.894 11.108 4.684 13.769 9.213 9.472 0.775 5.110 9.013 
2.978 6.023 6.007 11.853 4.872 13.462 2.754 4.918 6.785 0.104 6.041 6.901 10.875 4.811 10.511 3.648 6.501 15.287 8.581 7.339 12.801 9.354 11.808 3.010 11.951 8.880 11.331 7.601 7.703 2.073 
12.707 10.321 7.571 7.783 6.592 8.087 12.465 11.278 9.653 10.907 5.380 4.710 7.779 6.113 6.252 7.239 6.395 5.014 8.861 6.527 7.006 6.057 0.932 8.965 4.268 2.025 2.124 9.857 5.361 10.512 
8.371 8.680 3.205 6.246 4.207 7.456 8.141 6.797 8.482 6.998 3.648 3.770 5.631 2.390 7.899 3.630 5.396 9.457 8.739 6.124 6.539 7.058 5.299 4.614 7.475 2.934 4.374 5.808 1.740 7.268 
10.367 8.420 5.673 7.589 4.339 8.386 10.121 9.167 7.914 8.510 3.211 2.738 7.257 3.726 5.885 4.843 4.578 7.127 7.570 4.986 7.335 5.262 3.320 6.654 5.043 0.472 3.373 8.243 3.877 8.175 
6.342 6.215 3.780 8.753 2.023 10.139 6.089 5.884 6.270 4.368 2.437 3.169 7.962 0.493 7.511 0.759 3.873 11.110 7.103 4.799 9.293 6.428 7.463 2.859 8.170 4.558 7.041 6.478 4.133 4.390 
11.601 2.857 11.406 15.680 5.615 16.717 11.376 12.812 1.860 8.721 5.823 5.830 15.100 7.850 4.542 7.373 4.074 11.518 0.967 3.459 15.701 3.990 10.532 9.749 7.417 8.400 11.619 14.090 11.179 6.645 
7.167 2.452 7.426 12.530 2.303 13.856 6.931 8.318 2.792 4.300 3.399 4.070 11.760 4.196 6.557 3.274 2.787 12.298 4.383 3.405 12.960 5.427 9.673 5.323 8.502 6.817 9.942 9.921 7.890 2.480 
3.293 5.724 6.855 12.697 5.257 14.302 3.108 5.630 6.585 0.913 6.476 7.329 11.722 5.483 10.692 4.272 6.726 15.769 8.495 7.508 13.631 9.541 12.419 3.860 12.309 9.473 12.035 8.423 8.511 1.802 
5.251 6.164 3.741 9.203 2.585 10.686 4.997 5.080 6.415 3.305 3.349 4.149 8.332 1.526 8.366 0.658 4.525 12.215 7.543 5.467 9.908 7.248 8.550 1.953 9.212 5.660 8.038 6.214 4.708 3.657 
8.726 6.564 5.129 8.638 2.297 9.718 8.474 8.047 6.204 6.616 1.300 1.309 8.081 2.088 5.631 2.967 2.976 8.744 6.284 3.659 8.732 4.691 5.319 5.180 5.847 2.363 5.360 7.905 4.208 6.130 
5.983 7.374 2.554 7.767 3.250 9.237 5.744 4.958 7.481 4.550 3.513 4.136 6.916 1.118 8.552 1.669 5.064 11.533 8.327 5.977 8.459 7.507 7.603 2.242 8.924 4.870 6.843 5.255 3.261 5.107 
9.850 0.885 10.526 15.350 4.944 16.553 9.639 11.394 0.731 6.999 5.581 5.887 14.657 7.129 6.066 6.371 4.051 12.838 2.582 3.884 15.592 5.230 11.205 8.462 8.745 8.699 11.966 13.068 10.728 4.846 
14.315 16.712 8.259 2.533 12.245 0.809 14.167 11.360 16.436 14.159 11.528 11.368 3.598 10.330 14.406 11.477 13.185 11.624 16.349 13.732 1.509 13.978 8.125 11.232 12.524 8.926 6.164 8.076 6.673 15.029 
7.642 6.061 4.602 8.848 1.591 10.075 7.388 7.147 5.881 5.508 1.290 1.892 8.178 1.145 6.300 1.857 2.979 9.851 6.338 3.836 9.145 5.259 6.380 4.174 6.848 3.427 6.239 7.383 4.240 5.121 
15.343 10.083 11.307 12.205 8.051 12.399 15.087 14.657 9.091 12.971 6.887 6.030 12.203 8.770 3.849 9.520 6.745 3.143 7.450 6.246 11.331 4.534 4.386 11.861 1.039 5.184 6.429 13.871 9.426 11.853 
0.624 8.775 5.598 11.229 7.005 12.935 0.442 2.819 9.514 2.649 7.995 8.826 10.178 6.118 12.840 5.299 8.838 16.861 11.237 9.738 12.469 11.689 12.984 3.151 13.911 10.223 12.087 6.139 7.849 4.822 
13.222 6.709 10.521 13.094 5.764 13.724 12.968 13.236 5.664 10.562 4.918 4.226 12.802 7.259 0.406 7.589 3.990 6.660 3.928 3.211 12.645 1.191 6.345 10.173 2.569 5.259 7.937 13.289 9.276 9.070 
8.186 9.199 2.646 5.679 4.735 6.974 7.966 6.373 9.057 7.052 4.282 4.454 5.008 2.729 8.603 3.908 6.037 9.940 9.393 6.790 6.105 7.761 5.690 4.469 8.126 3.543 4.528 5.153 1.075 7.526 
2.783 9.557 3.592 9.035 6.721 10.750 2.661 1.018 10.092 3.866 7.439 8.183 7.978 5.189 12.496 4.801 8.659 15.649 11.522 9.599 10.326 11.387 11.546 2.191 13.107 8.996 10.404 3.938 5.979 5.865 
11.137 2.172 11.747 16.406 6.064 17.545 10.929 12.705 1.721 8.297 6.547 6.725 15.752 8.288 6.013 7.605 4.885 12.969 2.389 4.489 16.560 5.384 11.766 9.759 8.860 9.449 12.709 14.327 11.815 6.134 
9.646 14.557 4.701 3.173 10.329 4.717 9.555 6.432 14.647 10.319 10.168 10.432 2.352 8.088 14.551 8.836 11.910 14.402 15.275 12.722 4.872 13.746 10.096 7.448 13.687 9.140 8.112 2.999 4.976 11.792 
6.145 8.329 1.633 6.895 4.163 8.412 5.923 4.592 8.428 5.133 4.287 4.815 6.012 1.947 9.235 2.618 5.917 11.678 9.221 6.810 7.681 8.232 7.572 2.427 9.359 5.047 6.563 4.392 2.542 5.940 
