30 80 30
46.797 19.380 56.139 25.491 43.496 72.453 28.090 72.152 29.934 58.545 29.802 50.879 48.346 53.579 82.013 46.558 46.777 85.698 18.765 33.332 19.740 42.052 17.413 24.551 82.623 40.736 20.109 77.403 57.963 69.418 
26.201 14.075 22.951 17.618 6.821 22.910 26.162 7.006 18.364 27.993 11.215 18.623 29.065 6.900 7.322 7.813 9.944 7.264 33.348 22.702 23.397 31.505 5.936 12.538 12.759 30.250 23.245 10.053 34.373 3.091 24.851 21.406 32.246 24.434 25.890 19.505 19.580 10.937 7.927 33.541 12.346 10.160 16.073 32.849 6.102 2.939 3.503 16.112 4.625 23.237 25.109 9.291 22.500 31.326 33.368 8.153 21.062 13.394 15.262 8.586 2.907 14.704 8.335 16.515 23.548 6.986 22.702 13.110 22.053 15.813 19.016 33.176 17.734 3.320 18.811 10.717 34.150 23.720 21.794 3.365 
26.402 27.320 27.930 14.586 7.737 20.721 32.611 32.685 29.843 23.148 30.394 14.480 34.000 8.660 23.470 33.251 31.165 15.153 17.350 9.720 17.824 34.375 27.319 24.863 11.901 33.365 17.291 34.400 30.415 7.739 
1185.273 861.178 1175.779 951.844 579.123 1165.309 1121.944 604.662 989.669 1217.645 756.692 1028.749 1187.893 663.349 622.596 729.114 723.808 658.498 1299.885 1098.450 1103.434 1336.760 581.075 873.743 857.777 1309.149 1102.985 804.325 1371.638 412.909 1092.740 1046.067 1265.755 1168.769 1263.259 1020.229 1016.903 745.496 674.791 1340.051 811.439 809.441 940.880 1275.912 600.929 444.668 467.224 1002.091 498.259 1180.500 1103.457 660.791 1124.764 1268.966 1333.634 701.327 1133.026 859.832 835.542 714.476 446.403 917.724 737.688 925.634 1146.196 594.887 1075.180 838.565 1099.037 997.788 1053.039 1297.612 1012.812 458.237 1080.984 779.616 1281.141 1178.787 1053.570 446.767 
15.123 6.306 13.966 13.686 10.792 10.709 1.873 10.835 5.050 5.715 9.449 11.381 5.650 9.033 14.800 10.973 8.484 12.273 0.900 8.781 11.513 2.397 3.835 4.883 4.057 4.385 4.238 8.608 12.972 13.332 14.700 8.661 10.639 7.370 12.003 1.537 5.406 11.665 6.927 9.417 15.422 6.803 10.141 10.479 4.444 3.308 7.717 5.445 12.159 3.552 4.735 5.248 6.073 7.710 8.946 9.275 1.742 8.008 12.638 12.317 4.961 5.778 12.295 10.114 3.565 13.448 8.632 4.564 13.516 15.859 5.377 2.338 10.284 12.469 12.031 9.708 6.760 12.886 15.413 10.220 
0.557 12.659 5.146 5.214 9.926 10.749 13.529 8.722 12.109 9.513 10.654 12.979 10.124 6.115 4.931 4.716 10.115 2.951 14.976 7.278 4.037 16.658 12.460 10.262 13.609 13.821 11.051 10.119 8.727 2.889 1.743 13.105 4.783 11.369 8.364 14.184 10.584 3.826 11.814 12.686 4.289 8.344 5.923 5.327 12.891 11.950 12.515 10.200 2.990 15.139 12.129 11.110 9.807 10.514 7.021 7.291 16.284 10.597 3.865 8.813 12.719 10.648 3.042 5.038 13.742 2.521 8.103 10.909 10.250 1.024 9.848 13.156 6.261 7.304 9.056 5.607 8.825 4.106 0.272 12.352 
15.031 5.201 14.264 13.990 11.515 9.717 1.497 10.015 5.886 5.835 8.477 12.346 5.124 8.955 15.076 10.641 9.191 12.084 0.370 9.064 11.561 1.736 4.622 4.873 5.109 3.199 4.508 9.319 12.133 13.003 14.422 9.675 10.683 8.201 12.584 0.822 5.916 11.694 5.899 10.389 15.636 6.701 9.709 10.622 3.400 3.067 8.682 4.964 12.019 2.290 5.548 4.510 5.528 6.809 8.491 9.624 1.278 8.760 12.245 12.938 5.901 6.374 12.268 10.031 4.624 13.482 8.014 4.937 12.573 15.779 5.509 3.024 9.779 12.954 11.168 9.457 7.027 13.067 15.278 11.156 
9.468 5.289 9.009 8.750 7.787 7.510 4.081 6.651 4.429 1.099 6.359 9.829 1.837 3.382 9.766 5.354 5.759 6.579 5.520 4.011 6.020 7.268 3.925 0.892 5.332 5.244 2.000 5.882 8.671 7.688 9.020 7.906 5.147 5.677 8.176 4.752 2.863 6.141 5.031 8.199 10.225 1.129 4.697 5.191 4.334 2.506 6.815 1.642 6.475 6.162 4.202 2.832 1.992 4.661 3.632 4.708 6.847 5.655 7.068 8.654 4.997 3.421 6.696 4.460 5.213 7.925 3.900 2.224 9.699 10.213 1.131 3.932 5.002 8.205 7.929 4.034 2.301 7.642 9.734 8.615 
9.726 7.463 8.102 7.823 5.686 9.849 4.842 8.855 2.463 1.270 8.717 7.494 4.149 3.994 8.939 6.591 3.500 7.259 6.053 2.936 5.932 7.965 2.605 2.064 3.805 6.986 1.753 3.629 10.783 8.711 9.826 5.553 5.101 3.312 6.431 5.513 0.761 6.115 7.321 5.834 9.583 2.545 6.308 4.762 6.186 3.610 4.474 3.917 7.007 7.531 2.372 5.005 4.351 7.026 5.493 3.412 7.408 3.325 8.314 6.838 3.095 1.132 6.842 4.952 3.892 7.838 6.072 1.311 11.915 10.421 1.298 3.574 6.764 6.721 10.116 5.195 1.031 7.085 10.111 6.270 
12.261 7.583 10.421 10.138 6.979 10.969 3.538 10.378 1.327 3.118 9.733 7.838 5.019 6.435 11.276 8.901 4.666 9.741 4.291 5.389 8.465 6.160 0.110 2.990 1.517 6.422 1.841 4.791 12.446 11.120 12.299 5.282 7.636 3.623 8.207 4.055 1.851 8.650 7.760 5.907 11.981 4.576 8.428 7.277 5.884 3.149 4.217 4.745 9.512 6.438 0.979 5.416 5.377 7.908 7.432 5.748 5.529 4.201 10.640 8.506 1.541 2.044 9.377 7.440 1.428 10.364 7.682 1.638 13.387 12.957 2.849 1.555 8.788 8.732 11.658 7.509 3.565 9.541 12.643 6.624 
5.604 8.545 5.221 4.993 6.237 8.797 8.097 7.122 6.494 3.866 8.045 9.111 5.273 0.940 5.889 3.115 5.296 3.161 9.512 2.045 1.970 11.306 6.761 4.729 7.947 9.075 5.391 5.355 8.499 4.766 5.722 8.292 1.096 6.207 5.661 8.779 4.902 2.101 7.945 8.141 6.241 2.945 3.555 1.372 8.127 6.539 7.461 5.241 2.862 10.153 6.478 6.386 5.106 6.976 3.604 2.512 10.860 5.612 4.613 6.217 7.119 5.027 2.734 0.945 8.054 3.889 4.824 5.214 9.932 6.322 4.205 7.488 4.190 5.202 8.165 2.070 3.133 3.681 5.962 8.127 
11.377 11.618 7.995 7.733 2.962 14.092 8.080 12.959 3.240 5.548 12.984 3.326 8.418 7.187 8.833 9.862 1.584 9.819 8.818 4.772 7.756 10.632 4.510 6.260 4.314 10.811 5.499 1.576 14.760 11.520 12.253 1.482 7.230 1.009 4.730 8.616 3.927 7.977 11.560 1.553 9.734 6.636 9.963 6.490 10.141 7.374 0.933 8.177 9.422 10.980 3.584 9.204 8.631 11.307 9.413 4.492 9.982 1.201 11.422 4.795 3.289 3.319 8.778 7.755 4.779 9.237 10.198 4.966 16.002 11.920 5.562 6.109 10.520 5.655 14.187 8.588 4.647 7.867 11.900 2.090 
11.855 2.543 11.982 11.732 10.678 6.277 2.694 6.293 6.211 3.941 5.005 12.401 1.635 6.030 12.708 7.158 8.508 8.797 3.922 7.064 8.772 5.144 5.170 2.954 6.399 2.225 3.604 8.637 8.429 9.483 10.953 10.137 7.931 8.085 11.204 3.070 5.179 8.857 2.720 10.606 13.096 3.978 6.112 8.113 1.289 1.937 9.028 1.618 8.821 3.393 5.883 0.739 1.945 3.203 4.891 7.760 4.946 8.286 8.655 11.668 6.591 5.787 9.287 7.027 6.062 10.591 4.267 4.130 9.008 12.609 3.760 4.134 6.099 11.258 7.489 6.146 5.277 10.529 12.019 11.163 
2.439 13.887 2.441 2.607 7.813 12.846 13.742 10.847 11.272 9.428 12.509 10.739 10.853 6.442 1.998 6.293 8.597 4.420 15.136 6.469 3.711 16.960 11.909 10.365 12.841 14.670 10.890 8.565 11.257 5.350 4.642 11.376 4.577 10.009 6.027 14.429 10.008 3.614 13.153 10.808 1.297 8.618 7.486 4.647 13.719 12.199 10.996 10.854 4.112 15.809 11.377 11.943 10.628 11.974 8.313 6.182 16.494 9.153 6.172 6.381 11.824 9.899 3.270 5.461 13.073 1.934 9.553 10.611 12.813 2.448 9.763 12.922 7.996 4.907 11.419 6.594 8.400 2.337 2.994 10.315 
9.680 4.456 9.600 9.350 8.648 6.693 3.960 5.955 5.178 1.975 5.518 10.708 0.974 3.701 10.327 5.262 6.638 6.690 5.409 4.752 6.428 7.032 4.534 1.450 5.938 4.607 2.587 6.760 8.025 7.626 9.025 8.756 5.575 6.540 8.976 4.586 3.688 6.526 4.159 9.068 10.727 1.598 4.434 5.732 3.668 2.414 7.660 0.818 6.649 5.671 4.924 2.033 1.116 3.793 3.268 5.466 6.677 6.534 6.918 9.464 5.716 4.263 7.006 4.739 5.763 8.284 3.275 2.925 8.977 10.432 1.966 4.258 4.636 8.949 7.235 4.054 3.159 8.155 9.898 9.492 
11.137 1.927 11.845 11.614 11.260 4.764 4.230 4.784 7.368 4.548 3.494 13.262 1.642 5.717 12.507 6.268 9.228 8.051 5.414 7.277 8.415 6.458 6.448 3.759 7.753 2.930 4.681 9.353 6.911 8.497 9.998 11.175 7.635 9.020 11.542 4.575 6.105 8.464 1.554 11.559 12.787 4.059 5.115 7.970 2.090 3.338 10.066 1.854 8.152 4.400 7.063 0.939 1.592 1.672 3.950 8.002 6.343 9.092 7.603 12.042 7.815 6.707 8.775 6.589 7.453 10.108 3.049 5.157 7.471 11.885 4.471 5.581 4.975 11.446 5.961 5.482 5.772 10.280 11.234 12.036 
1.890 13.897 3.093 3.250 8.422 12.637 13.972 10.623 11.693 9.694 12.362 11.369 10.959 6.585 2.646 6.158 9.122 4.253 15.381 6.846 3.908 17.182 12.280 10.599 13.256 14.769 11.180 9.096 10.918 4.988 4.146 11.943 4.786 10.515 6.657 14.654 10.374 3.779 13.134 11.395 1.874 8.802 7.373 4.961 13.819 12.415 11.530 10.976 4.005 15.950 11.783 12.033 10.712 11.921 8.272 6.614 16.733 9.668 5.862 7.022 12.257 10.296 3.306 5.560 13.471 2.001 9.488 10.927 12.467 1.808 10.031 13.237 7.849 5.539 11.131 6.597 8.724 2.801 2.410 10.921 
7.564 10.842 4.534 4.252 2.667 12.077 8.770 10.560 5.114 4.697 11.170 5.569 7.354 4.279 5.399 6.666 2.249 6.222 9.954 1.788 4.023 11.871 6.010 5.741 6.675 10.739 5.681 2.239 12.054 7.962 8.541 5.217 3.642 3.628 2.594 9.439 4.281 4.243 10.474 4.850 6.205 4.927 7.102 2.829 9.870 7.488 4.667 7.199 5.788 11.420 5.295 8.407 7.380 9.797 6.938 1.101 11.296 2.780 8.025 3.078 5.594 3.946 5.029 4.457 6.985 5.424 8.023 5.222 13.457 8.109 4.936 7.350 7.727 2.796 11.668 5.620 3.348 4.092 8.091 4.669 
15.311 4.986 14.673 14.401 12.025 9.566 1.874 9.972 6.420 6.221 8.344 12.887 5.278 9.256 15.477 10.837 9.701 12.333 0.897 9.479 11.897 1.390 5.153 5.231 5.653 2.925 4.949 9.830 12.073 13.193 14.630 10.219 11.021 8.731 13.066 1.187 6.399 12.024 5.743 10.931 16.017 7.009 9.867 10.991 3.270 3.388 9.223 5.141 12.287 1.833 6.080 4.564 5.666 6.735 8.644 10.056 1.126 9.279 12.410 13.428 6.443 6.872 12.576 10.326 5.167 13.808 8.093 5.398 12.447 16.061 5.903 3.554 9.902 13.414 11.095 9.691 7.447 13.442 15.540 11.695 
7.357 7.246 10.426 10.317 12.770 3.943 10.248 2.023 11.564 8.079 4.225 15.595 6.506 5.884 10.706 3.565 11.609 5.020 11.574 8.456 6.990 12.721 11.177 8.102 12.583 9.057 9.244 11.690 2.041 4.060 5.334 14.429 6.781 12.187 12.068 10.715 9.872 6.866 6.291 14.441 10.491 6.643 3.036 7.580 8.325 8.933 13.450 6.741 5.446 10.587 11.384 6.928 6.080 4.971 3.686 9.025 12.592 11.798 3.146 12.625 12.169 10.303 6.547 5.707 12.459 7.605 3.512 9.461 3.582 7.953 8.279 10.983 2.461 11.406 2.129 4.495 8.447 8.729 7.134 14.548 
5.509 9.446 9.278 9.227 12.571 6.272 11.942 4.379 12.448 9.074 6.573 15.557 8.147 6.169 9.387 3.466 11.819 3.996 13.336 8.567 6.284 14.648 12.284 9.348 13.656 11.133 10.436 11.878 3.782 2.438 3.290 14.796 6.379 12.647 11.545 12.476 10.734 6.105 8.497 14.665 8.997 7.608 3.763 7.215 10.333 10.501 13.916 8.343 4.475 12.637 12.325 8.776 7.730 7.147 4.874 8.994 14.453 12.115 1.981 12.085 13.076 11.065 5.552 5.585 13.608 6.300 5.246 10.546 5.264 5.995 9.335 12.364 3.509 10.716 4.294 4.819 9.102 7.695 5.169 14.627 
2.053 14.019 3.004 3.172 8.370 12.789 14.050 10.776 11.719 9.762 12.507 11.302 11.063 6.679 2.524 6.299 9.110 4.397 15.456 6.883 3.987 17.262 12.321 10.675 13.283 14.875 11.243 9.082 11.081 5.151 4.311 11.913 4.864 10.511 6.590 14.733 10.415 3.864 13.261 11.355 1.727 8.889 7.512 5.013 13.924 12.496 11.515 11.077 4.140 16.048 11.813 12.140 10.820 12.053 8.401 6.634 16.809 9.660 6.022 6.945 12.279 10.329 3.416 5.662 13.504 2.099 9.621 10.982 12.630 1.946 10.099 13.294 7.993 5.470 11.290 6.717 8.777 2.805 2.567 10.870 
12.687 7.951 10.722 10.439 7.055 11.429 3.731 10.867 1.292 3.614 10.187 7.712 5.488 6.906 11.581 9.392 4.770 10.205 4.325 5.760 8.879 6.143 0.399 3.486 1.022 6.698 2.337 4.890 12.940 11.601 12.766 5.082 8.060 3.609 8.374 4.188 2.248 9.068 8.166 5.760 12.308 5.075 8.929 7.673 6.211 3.525 4.055 5.214 9.966 6.608 0.998 5.841 5.853 8.358 7.934 6.079 5.498 4.268 11.130 8.646 1.284 2.341 9.805 7.900 0.939 10.766 8.179 2.138 13.870 13.376 3.349 1.664 9.291 8.951 12.146 7.998 3.999 9.898 13.078 6.518 
8.926 4.237 10.709 10.527 11.599 3.075 7.134 1.967 9.131 5.717 2.288 14.101 3.513 4.868 11.215 4.040 9.975 5.950 8.422 7.217 7.074 9.538 8.522 5.437 9.922 5.910 6.576 10.080 4.071 5.907 7.407 12.481 6.501 10.216 11.367 7.567 7.544 7.044 3.305 12.663 11.276 4.491 2.822 7.110 5.148 5.919 11.419 3.773 6.198 7.428 8.894 3.772 3.102 1.948 2.180 7.911 9.412 10.021 4.936 11.915 9.689 8.068 7.088 5.305 9.727 8.389 0.979 6.900 4.997 9.639 5.826 8.077 2.389 10.975 3.247 3.912 6.485 9.008 8.900 12.946 
5.446 14.107 0.822 0.809 4.906 14.116 12.869 12.251 9.440 8.569 13.510 7.653 10.730 6.531 1.376 7.627 6.246 6.135 14.139 5.274 4.199 16.044 10.335 9.612 10.991 14.435 9.805 6.177 13.138 7.607 7.373 8.665 4.725 7.719 3.011 13.554 8.552 4.280 13.536 7.987 2.344 8.249 8.609 4.225 13.508 11.456 8.492 10.649 5.680 15.329 9.628 11.846 10.622 12.560 9.052 4.688 15.498 6.835 8.180 3.261 9.898 8.265 4.567 5.917 11.314 3.776 10.318 9.402 14.683 5.627 8.867 11.621 9.223 1.932 13.078 7.312 7.295 2.376 6.039 7.379 
5.591 12.333 1.961 1.679 3.935 12.672 10.980 10.898 7.675 6.684 11.970 6.965 8.915 4.870 2.826 6.413 4.691 5.263 12.255 3.387 3.009 14.158 8.510 7.729 9.242 12.582 7.919 4.646 12.009 6.930 7.075 7.415 3.254 6.139 2.380 11.666 6.695 3.166 11.805 6.859 3.640 6.421 7.242 2.580 11.662 9.570 7.060 8.822 4.784 13.451 7.840 10.027 8.832 10.895 7.511 2.804 13.615 5.264 7.304 2.880 8.167 6.439 3.733 4.439 9.539 3.515 8.751 7.523 13.520 6.000 6.980 9.757 7.877 1.459 11.832 5.840 5.407 1.916 6.169 6.413 
10.501 4.041 12.677 12.506 13.641 1.050 8.071 1.605 10.827 7.538 0.620 16.087 4.946 6.929 13.141 5.810 11.957 7.683 9.171 9.271 9.040 9.929 10.075 7.086 11.441 6.081 8.176 12.066 3.344 7.293 8.723 14.355 8.516 12.103 13.431 8.362 9.329 8.993 3.142 14.589 13.138 6.436 4.664 9.151 5.571 7.144 13.273 5.220 7.991 7.603 10.560 4.764 4.604 2.184 4.224 9.970 9.940 11.969 6.303 13.978 11.345 9.886 8.959 7.316 11.187 10.220 3.040 8.568 3.632 11.174 7.597 9.384 4.108 13.030 2.339 5.912 8.433 10.963 10.390 14.914 
10.880 11.091 7.657 7.389 2.934 13.486 7.694 12.339 2.931 4.963 12.387 3.823 7.849 6.568 8.507 9.248 1.090 9.242 8.509 4.178 7.214 10.357 4.182 5.710 4.176 10.352 5.003 1.122 14.135 10.933 11.695 2.092 6.661 0.610 4.558 8.256 3.400 7.435 11.006 2.153 9.386 6.021 9.339 5.938 9.655 6.904 1.334 7.612 8.852 10.586 3.258 8.662 8.052 10.723 8.789 3.935 9.714 0.601 10.819 4.694 3.094 2.792 8.238 7.153 4.615 8.747 9.580 4.464 15.380 11.440 4.993 5.778 9.895 5.404 13.565 7.968 4.029 7.422 11.393 2.586 
3.784 9.754 4.373 4.217 7.054 9.175 9.828 7.287 8.255 5.671 8.645 10.085 6.730 2.375 4.843 2.671 6.630 1.653 11.259 3.522 0.785 13.016 8.576 6.488 9.736 10.543 7.202 6.662 8.245 3.396 4.066 9.670 0.978 7.729 6.000 10.502 6.703 0.686 9.044 9.395 4.953 4.622 3.661 1.742 9.592 8.256 8.942 6.747 1.223 11.722 8.259 7.809 6.491 7.911 4.267 3.712 12.595 7.036 3.577 6.547 8.873 6.789 0.947 1.330 9.860 2.235 5.536 7.036 9.772 4.508 6.009 9.303 4.264 5.234 8.127 2.505 4.941 2.653 4.141 9.237 
11.468 9.709 8.797 8.518 4.599 12.515 6.031 11.575 1.207 3.950 11.350 5.354 6.666 6.381 9.662 9.074 2.390 9.423 6.792 4.426 7.662 8.632 2.469 4.466 2.535 8.797 3.568 2.495 13.501 11.019 11.967 2.975 6.965 1.117 6.055 6.569 2.145 7.875 9.725 3.466 10.476 5.260 8.937 6.374 8.159 5.381 1.864 6.409 9.091 8.932 1.542 7.348 6.930 9.604 8.192 4.469 7.989 1.835 10.750 6.270 1.424 1.597 8.668 7.175 2.940 9.399 8.793 3.058 14.635 12.094 3.876 4.069 9.428 6.763 12.837 7.707 3.441 8.267 11.933 4.127 
1.725 14.024 6.042 6.169 11.161 11.791 15.058 9.784 13.630 11.061 11.819 14.179 11.609 7.660 5.631 6.117 11.523 4.451 16.507 8.778 5.538 18.173 14.002 11.804 15.139 15.265 12.599 11.519 9.499 4.025 2.566 14.478 6.312 12.815 9.496 15.710 12.121 5.333 13.153 14.015 4.807 9.884 7.290 6.817 14.344 13.480 13.935 11.695 4.527 16.610 13.657 12.571 11.280 11.830 8.434 8.750 17.808 12.023 5.013 9.903 14.236 12.173 4.565 6.585 15.279 3.856 9.456 12.456 10.962 1.235 11.396 14.704 7.562 8.397 9.958 7.102 10.366 5.326 1.287 13.628 
14.981 3.895 14.704 14.439 12.479 8.514 2.215 9.057 7.066 6.269 7.318 13.576 4.780 9.022 15.481 10.343 10.168 11.947 1.947 9.566 11.729 2.093 5.801 5.226 6.502 1.804 5.203 10.300 11.124 12.671 14.140 10.976 10.863 9.327 13.376 1.712 6.773 11.838 4.709 11.639 15.959 6.823 9.299 10.923 2.333 3.387 9.940 4.698 11.944 0.733 6.716 3.894 5.125 5.799 8.079 10.192 2.144 9.793 11.841 13.773 7.178 7.301 12.332 10.066 6.031 13.605 7.391 5.706 11.416 15.735 5.979 4.230 9.267 13.631 10.134 9.291 7.573 13.376 15.169 12.362 
3.058 15.342 3.488 3.726 8.974 14.052 15.298 12.031 12.769 10.985 13.801 11.775 12.370 7.973 2.747 7.604 9.974 5.696 16.693 8.002 5.255 18.515 13.438 11.921 14.341 16.185 12.444 9.932 12.238 6.318 5.306 12.650 6.126 11.412 7.109 15.984 11.541 5.147 14.584 12.028 1.779 10.164 8.822 6.202 15.234 13.753 12.344 12.379 5.456 17.343 12.885 13.451 12.133 13.373 9.723 7.683 18.051 10.543 7.230 7.383 13.308 11.414 4.734 6.969 14.586 3.408 10.940 12.161 13.776 2.654 11.320 14.472 9.291 5.998 12.497 8.040 9.949 3.848 3.442 11.469 
12.964 5.282 11.990 11.715 9.337 9.233 0.954 9.068 3.926 3.605 7.962 10.432 3.676 6.872 12.808 8.827 7.018 10.106 2.121 6.788 9.389 4.016 2.681 2.722 3.629 3.865 2.223 7.149 11.207 11.182 12.539 7.886 8.512 6.161 10.327 1.573 3.665 9.534 5.655 8.511 13.387 4.637 8.035 8.396 3.453 1.247 6.824 3.440 9.993 3.848 3.575 3.551 4.101 6.140 6.860 7.340 3.486 6.629 10.508 10.696 4.108 4.161 10.148 7.953 3.224 11.320 6.669 2.656 11.907 13.703 3.271 1.248 8.218 10.674 10.311 7.547 4.750 10.828 13.249 9.211 
8.926 6.601 11.890 10.983 0.541 2.336 5.782 8.632 6.644 13.957 11.878 8.983 10.185 5.355 10.705 8.654 4.108 4.303 8.881 3.307 6.625 9.427 9.846 3.992 7.887 4.876 11.858 7.848 3.795 1.837 
8.911 8.381 11.726 10.004 13.342 13.178 8.234 5.254 7.228 4.065 3.090 4.313 4.423 9.053 2.604 4.335 16.968 8.726 13.209 16.047 11.592 6.756 11.946 13.487 10.181 12.181 11.962 12.102 9.441 14.593 
12.626 10.056 8.514 8.184 4.371 6.957 5.532 8.615 9.520 13.471 13.804 10.872 12.473 4.713 11.218 9.502 5.885 5.646 4.754 4.719 3.293 12.499 6.245 0.638 5.179 1.690 8.399 4.131 7.024 4.266 
12.554 9.976 8.253 7.905 4.480 7.041 5.305 8.371 9.405 13.202 13.617 10.694 12.309 4.484 10.981 9.285 6.129 5.494 4.533 4.957 3.012 12.381 5.988 0.735 4.896 1.421 8.141 3.871 6.955 4.446 
15.412 12.884 3.410 3.966 9.442 11.759 6.442 8.083 11.839 11.165 14.310 11.843 13.599 5.907 10.539 9.667 11.364 8.008 0.758 10.205 2.997 14.530 1.357 5.948 3.071 4.642 3.213 1.732 10.310 9.655 
4.560 5.015 14.347 12.599 11.663 10.633 8.513 6.794 4.496 8.490 1.603 2.840 1.095 9.273 5.249 5.083 15.114 7.905 14.576 14.432 12.395 2.458 13.854 13.092 11.600 12.272 14.531 13.289 7.333 12.964 
12.551 11.210 8.026 6.526 13.899 14.610 7.856 4.955 9.823 0.940 7.586 7.354 8.352 8.490 3.974 5.634 17.365 9.296 10.664 16.270 9.863 10.554 8.973 12.736 8.026 11.110 8.293 9.884 11.013 14.964 
3.597 3.161 13.269 11.564 9.635 8.655 6.861 5.750 2.473 8.735 3.068 1.705 1.204 7.566 5.015 4.058 13.091 6.009 13.038 12.404 10.744 1.620 12.511 11.169 10.159 10.451 13.427 11.725 5.305 10.937 
14.245 12.180 3.163 1.804 12.115 13.642 6.425 5.375 10.815 5.799 10.938 9.400 10.956 6.619 6.725 7.023 15.097 8.388 6.297 13.917 6.357 12.672 4.410 9.789 4.460 8.069 3.430 5.885 10.724 12.874 
10.756 8.726 5.771 4.018 9.754 10.820 3.671 1.895 7.346 5.014 7.874 5.986 7.619 4.205 3.830 3.590 13.116 5.410 6.942 11.995 5.656 9.212 5.651 8.386 3.982 6.771 5.966 5.920 7.548 10.740 
5.470 5.371 13.219 11.464 11.505 10.757 7.747 5.719 4.532 7.239 0.902 2.124 1.033 8.540 3.996 4.054 15.047 7.408 13.668 14.284 11.584 3.308 12.839 12.579 10.652 11.624 13.412 12.406 7.235 12.806 
18.279 15.797 3.351 4.941 12.459 14.818 9.279 10.364 14.681 12.308 16.580 14.359 16.096 8.838 12.551 12.053 14.118 10.976 3.676 12.994 6.065 17.247 3.336 8.858 5.762 7.681 3.081 4.799 13.326 12.583 
8.939 7.430 8.600 6.843 10.637 11.019 4.974 1.835 6.035 3.901 5.045 3.763 5.117 5.761 0.921 1.843 14.222 5.923 9.735 13.206 8.119 7.079 8.552 10.229 6.697 8.819 8.812 8.615 7.332 11.808 
8.581 6.168 7.597 6.117 6.436 7.399 0.629 2.646 4.977 7.924 7.860 5.082 6.818 1.452 5.116 3.370 9.928 2.000 6.742 8.863 4.483 7.588 6.382 5.859 3.954 4.605 7.690 5.427 4.296 7.516 
12.784 10.250 9.350 9.047 4.045 6.672 6.196 9.323 9.825 14.259 14.316 11.363 12.917 5.393 11.896 10.121 5.111 6.086 5.513 3.969 4.158 12.799 7.073 0.931 6.042 2.509 9.228 4.969 7.203 3.707 
6.116 3.579 10.285 8.822 5.423 5.443 2.981 4.328 2.622 9.459 7.089 4.131 5.557 3.400 5.907 3.840 9.042 1.412 8.980 8.173 6.515 5.554 8.930 6.513 6.490 5.893 10.368 7.657 1.804 6.701 
14.321 11.913 2.089 1.738 9.860 11.855 5.404 6.239 10.719 8.855 12.470 10.234 11.967 5.139 8.510 7.923 12.372 7.276 2.803 11.183 3.372 13.176 1.015 6.886 1.994 5.250 2.083 2.537 9.707 10.360 
7.230 4.643 10.293 9.051 3.548 4.080 3.217 5.663 4.141 10.967 8.989 6.037 7.409 3.153 7.624 5.569 7.175 1.336 8.238 6.274 5.726 7.113 8.597 4.874 6.264 4.629 10.326 6.971 1.677 4.808 
13.792 12.565 8.686 7.356 15.336 16.061 9.278 6.406 11.192 1.475 8.519 8.628 9.483 9.892 5.268 7.039 18.785 10.745 11.689 17.681 11.091 11.745 9.907 14.075 9.211 12.424 8.960 11.009 12.456 16.389 
11.144 8.691 5.228 3.995 7.235 8.899 2.162 3.949 7.543 8.306 10.027 7.455 9.212 1.930 6.577 5.370 10.274 4.034 4.288 9.106 2.425 10.146 3.813 5.191 1.379 3.517 5.281 3.028 6.471 8.006 
9.406 6.810 8.253 7.203 4.038 5.701 2.231 5.380 6.056 10.592 10.171 7.234 8.842 1.595 7.840 5.984 7.319 2.051 5.928 6.208 3.420 9.007 6.400 3.240 4.191 2.445 8.254 4.673 3.973 4.946 
14.729 13.775 10.465 9.216 17.070 17.649 11.059 8.071 12.449 2.758 9.031 9.711 10.285 11.707 6.501 8.453 20.564 12.420 13.591 19.478 13.004 12.609 11.788 15.950 11.128 14.312 10.741 12.926 13.975 18.158 
13.800 11.892 4.425 3.030 12.568 13.888 6.636 4.965 10.496 4.544 10.051 8.786 10.242 6.976 5.856 6.479 15.712 8.519 7.445 14.546 7.231 12.102 5.606 10.546 5.303 8.828 4.695 6.912 10.741 13.421 
10.706 8.862 6.418 4.665 10.573 11.466 4.499 1.957 7.456 3.986 7.246 5.703 7.219 5.114 3.068 3.380 14.002 6.071 7.942 12.899 6.711 9.010 6.559 9.391 5.020 7.798 6.637 6.955 8.034 11.608 
15.209 13.287 4.072 3.188 13.648 15.100 7.851 6.366 11.895 5.358 11.357 10.185 11.619 8.110 7.192 7.887 16.665 9.780 7.692 15.486 7.918 13.504 5.758 11.361 6.030 9.641 4.346 7.392 12.054 14.431 
10.915 10.157 10.831 9.203 14.395 14.554 8.781 5.619 8.904 2.231 5.182 6.045 6.445 9.554 3.258 5.323 18.000 9.683 12.928 17.003 11.660 8.778 11.437 14.015 10.022 12.549 11.087 11.958 10.805 15.590 
11.855 9.988 5.586 3.880 11.280 12.350 5.204 3.059 8.585 3.893 8.247 6.841 8.326 5.707 4.034 4.530 14.611 6.939 7.649 13.479 6.777 10.154 6.071 9.752 4.937 8.089 5.825 6.809 9.025 12.248 
14.400 11.985 2.089 1.844 9.851 11.867 5.468 6.353 10.797 8.987 12.586 10.339 12.074 5.186 8.634 8.033 12.332 7.328 2.685 11.144 3.335 13.269 0.883 6.841 2.028 5.217 2.065 2.462 9.756 10.336 
1.533 2.594 15.103 13.438 9.731 8.207 8.281 7.713 2.977 10.858 4.605 3.820 2.957 8.882 7.157 6.082 12.915 7.008 14.471 12.402 12.062 0.632 14.153 11.912 11.741 11.475 15.243 13.144 5.553 10.991 
5.838 3.364 11.985 10.683 3.839 3.140 4.762 6.679 3.365 11.815 8.710 5.917 6.956 4.834 8.198 6.147 7.259 2.775 9.970 6.583 7.461 6.138 10.334 6.243 7.981 6.266 12.028 8.710 0.613 5.129 
6.676 4.454 12.741 11.574 2.784 1.646 5.786 8.045 4.753 13.253 10.158 7.409 8.371 5.671 9.684 7.625 5.909 3.866 10.290 5.362 7.844 7.335 10.915 5.929 8.682 6.366 12.755 9.109 2.122 3.978 
17.152 14.818 1.078 2.803 12.790 14.868 8.373 8.636 13.569 9.744 14.657 12.748 14.423 8.165 10.492 10.362 15.055 10.288 4.565 13.878 6.189 15.857 2.965 9.568 5.034 8.055 0.973 5.078 12.725 13.188 
9.319 6.747 7.710 6.543 4.871 6.356 1.371 4.533 5.837 9.719 9.576 6.682 8.348 0.733 7.039 5.246 8.195 1.843 5.804 7.085 3.309 8.721 6.008 3.947 3.668 2.838 7.736 4.494 4.135 5.816 
14.911 12.612 1.197 0.610 11.182 13.061 6.252 6.374 11.340 8.037 12.448 10.482 12.164 6.148 8.322 8.100 13.804 8.212 4.129 12.614 4.808 13.591 2.184 8.332 3.204 6.672 1.385 4.008 10.649 11.746 
14.603 12.020 5.216 5.403 7.778 10.213 5.927 8.226 11.124 12.067 14.271 11.589 13.332 5.226 10.834 9.628 9.486 7.127 1.150 8.338 2.039 13.968 2.964 4.146 3.300 3.093 5.048 1.369 9.233 7.871 
12.948 11.704 8.534 7.090 14.568 15.239 8.536 5.600 10.330 0.717 7.767 7.775 8.666 9.176 4.410 6.182 18.044 9.948 11.296 16.952 10.541 10.912 9.576 13.427 8.695 11.799 8.805 10.541 11.617 15.641 
12.565 10.470 4.071 2.321 10.668 12.053 4.801 3.727 9.110 5.457 9.576 7.813 9.427 5.088 5.414 5.419 13.807 6.734 6.068 12.643 5.459 11.044 4.440 8.680 3.545 6.970 4.292 5.319 9.037 11.514 
9.254 6.657 8.474 7.419 3.852 5.481 2.347 5.473 5.936 10.712 10.144 7.197 8.786 1.759 7.901 6.017 7.173 1.964 6.129 6.073 3.624 8.897 6.619 3.259 4.413 2.576 8.476 4.881 3.790 4.789 
7.990 7.425 11.709 9.962 12.525 12.277 7.633 4.811 6.283 4.691 2.379 3.369 3.510 8.458 2.273 3.655 16.148 7.966 12.895 15.251 11.144 5.845 11.746 12.845 9.844 11.607 11.933 11.739 8.553 13.789 
17.158 14.763 1.430 3.139 12.311 14.478 8.254 8.846 13.558 10.382 14.974 12.927 14.633 7.961 10.861 10.566 14.427 10.109 3.842 13.259 5.701 15.958 2.486 8.969 4.792 7.528 1.179 4.518 12.531 12.637 
12.422 9.942 10.253 9.874 3.324 5.937 6.535 9.697 9.646 14.767 14.372 11.405 12.888 5.770 12.207 10.349 4.154 6.125 6.469 3.003 4.978 12.596 7.987 1.479 6.811 3.200 10.140 5.871 6.914 2.805 
9.339 7.263 6.929 5.220 8.690 9.536 2.679 0.748 5.889 5.688 6.982 4.755 6.463 3.391 3.361 2.402 12.170 4.141 7.371 11.092 5.627 7.879 6.404 7.824 4.316 6.351 7.094 6.191 6.145 9.763 
5.747 3.444 10.346 8.769 6.650 6.525 3.330 3.631 2.150 8.491 5.894 2.927 4.442 3.961 4.812 2.776 10.266 2.394 9.527 9.402 7.152 4.788 9.232 7.584 6.804 6.793 10.460 8.201 2.781 7.930 
10.140 7.575 6.981 5.910 5.273 6.990 1.684 4.733 6.637 9.730 10.146 7.306 9.007 0.861 7.335 5.678 8.398 2.672 4.970 7.250 2.485 9.490 5.205 3.680 2.919 2.297 6.992 3.659 4.962 6.084 
10.319 9.401 10.195 8.524 13.454 13.655 7.832 4.672 8.111 2.201 4.867 5.308 5.907 8.608 2.333 4.401 17.056 8.740 12.104 16.055 10.763 8.214 10.669 13.071 9.162 11.617 10.444 11.101 9.913 14.645 
11.356 9.838 7.417 5.761 12.323 13.045 6.292 3.383 8.436 2.128 6.921 6.161 7.373 6.946 2.869 4.209 15.799 7.718 9.554 14.711 8.515 9.452 8.001 11.250 6.751 9.654 7.668 8.661 9.473 13.395 
16.173 13.882 0.453 1.735 12.276 14.236 7.514 7.571 12.607 8.691 13.555 11.687 13.349 7.383 9.384 9.296 14.748 9.466 4.575 13.562 5.764 14.827 2.713 9.250 4.349 7.648 0.693 4.791 11.904 12.771 
9.193 7.649 8.352 6.595 10.690 11.134 4.947 1.785 6.249 3.763 5.305 4.025 5.391 5.720 1.141 2.034 14.262 5.982 9.560 13.234 7.994 7.344 8.343 10.184 6.531 8.746 8.566 8.457 7.467 11.847 
7.697 5.106 9.901 8.700 3.454 4.299 2.956 5.605 4.551 10.928 9.265 6.302 7.732 2.795 7.691 5.658 7.065 1.266 7.771 6.113 5.260 7.529 8.166 4.444 5.857 4.152 9.927 6.509 2.156 4.667 
12.448 11.680 10.926 9.419 15.662 15.953 9.873 6.725 10.411 1.972 6.640 7.571 7.973 10.608 4.625 6.684 19.242 10.948 13.453 18.213 12.433 10.307 11.824 15.025 10.683 13.487 11.194 12.590 12.216 16.827 
14.053 12.025 3.514 2.115 12.164 13.632 6.393 5.175 10.650 5.448 10.643 9.163 10.698 6.630 6.429 6.798 15.198 8.339 6.576 14.021 6.532 12.448 4.708 9.930 4.619 8.209 3.781 6.115 10.647 12.953 
9.170 7.939 9.341 7.599 11.663 11.915 6.086 2.954 6.588 3.231 4.539 3.982 5.014 6.877 0.628 2.645 15.265 6.949 10.750 14.265 9.209 7.176 9.480 11.345 7.733 9.936 9.568 9.662 8.187 12.854 
8.521 7.004 8.834 7.075 10.347 10.661 4.801 1.747 5.611 4.293 4.794 3.355 4.756 5.605 0.910 1.437 13.945 5.631 9.797 12.943 8.090 6.677 8.685 10.068 6.746 8.702 9.039 8.644 6.958 11.533 
6.840 6.095 11.514 9.755 11.253 10.931 6.665 4.170 4.928 5.542 2.115 2.013 2.471 7.487 2.163 2.695 14.870 6.776 12.271 13.999 10.348 4.743 11.290 11.780 9.220 10.638 11.718 11.055 7.218 12.529 
6.386 4.357 9.755 8.100 7.679 7.725 3.317 2.574 2.959 7.268 5.250 2.377 4.103 4.089 3.604 1.554 11.306 3.115 9.426 10.389 7.200 5.047 8.884 8.173 6.525 7.160 9.895 8.123 3.993 8.932 
11.690 9.197 4.980 3.960 7.144 8.985 2.691 4.677 8.100 8.917 10.746 8.146 9.901 2.263 7.300 6.091 10.008 4.416 3.592 8.827 1.728 10.768 3.318 4.757 0.924 3.044 4.996 2.312 6.825 7.812 
14.686 13.622 9.810 8.578 16.665 17.326 10.622 7.698 12.273 2.473 9.125 9.599 10.281 11.247 6.313 8.200 20.131 12.047 12.974 19.033 12.442 12.589 11.158 15.441 10.554 13.788 10.085 12.333 13.684 17.731 
14.519 12.154 1.652 1.188 10.373 12.316 5.692 6.227 10.925 8.486 12.415 10.284 12.000 5.499 8.379 7.937 12.938 7.610 3.330 11.749 3.938 13.300 1.432 7.459 2.429 5.809 1.708 3.127 10.049 10.904 
5.177 2.605 11.866 10.466 4.787 4.068 4.544 6.027 2.395 11.034 7.718 4.937 5.968 4.784 7.343 5.321 8.246 2.632 10.184 7.549 7.672 5.246 10.362 6.881 7.952 6.683 11.931 8.888 0.466 6.085 
15.156 12.572 5.257 5.619 8.191 10.663 6.482 8.736 11.681 12.461 14.807 12.138 13.882 5.784 11.331 10.159 9.734 7.681 1.137 8.604 2.595 14.526 3.080 4.503 3.757 3.582 5.066 1.820 9.771 8.218 
14.843 12.799 3.111 2.076 12.708 14.263 7.054 5.966 11.429 5.951 11.404 9.957 11.487 7.236 7.193 7.593 15.650 9.020 6.586 14.467 6.837 13.243 4.658 10.304 4.970 8.589 3.386 6.283 11.358 13.447 
13.009 10.858 3.472 1.717 10.673 12.175 4.962 4.229 9.516 5.988 10.163 8.337 9.973 5.155 6.013 5.940 13.716 6.932 5.570 12.542 5.161 11.539 3.881 8.489 3.233 6.769 3.689 4.903 9.286 11.463 
8.807 6.218 9.276 8.219 3.156 4.678 2.934 5.947 5.643 11.245 10.183 7.216 8.721 2.472 8.254 6.291 6.607 1.943 6.828 5.555 4.346 8.622 7.400 3.356 5.215 3.074 9.276 5.611 3.239 4.195 
8.315 5.789 8.201 6.844 5.359 6.368 0.921 3.680 4.766 8.987 8.385 5.483 7.150 1.193 6.033 4.143 8.870 1.070 6.788 7.821 4.356 7.589 6.737 5.070 4.306 4.038 8.264 5.462 3.503 6.456 
15.058 13.197 4.551 3.587 13.817 15.196 7.941 6.265 11.796 4.908 11.050 9.987 11.379 8.246 6.918 7.727 16.892 9.840 8.104 15.717 8.226 13.311 6.180 11.635 6.319 9.913 4.826 7.753 12.073 14.632 
9.677 7.135 9.752 8.892 2.210 4.356 4.131 7.227 6.740 12.492 11.474 8.507 9.965 3.530 9.580 7.626 5.386 3.265 6.795 4.288 4.486 9.705 7.702 2.382 5.771 2.795 9.716 5.720 4.088 3.013 
6.024 4.444 10.497 8.785 8.823 8.631 4.527 2.969 3.068 6.746 3.983 1.223 2.978 5.320 2.902 1.313 12.443 4.361 10.522 11.563 8.376 4.353 9.836 9.447 7.551 8.420 10.660 9.239 4.883 10.095 
12.105 10.158 5.064 3.347 11.091 12.267 5.053 3.240 8.765 4.393 8.698 7.167 8.700 5.492 4.493 4.813 14.363 6.867 7.133 13.219 6.347 10.461 5.535 9.408 4.478 7.727 5.300 6.324 9.035 12.020 
2.249 4.125 16.320 14.621 11.263 9.638 9.698 8.810 4.503 11.326 4.509 4.728 3.350 10.335 7.843 7.112 14.386 8.522 15.901 13.909 13.524 1.591 15.493 13.466 13.106 13.000 16.474 14.577 7.110 12.512 
9.375 7.139 12.437 11.592 0.499 2.273 6.509 9.383 7.278 14.708 12.565 9.688 10.849 6.053 11.457 9.404 3.389 5.057 9.275 2.678 7.111 9.999 10.345 4.206 8.473 5.301 12.393 8.306 4.446 1.274 
10.941 8.955 5.757 3.998 10.092 11.145 4.008 2.062 7.567 4.712 7.871 6.096 7.696 4.543 3.761 3.708 13.454 5.734 7.129 12.332 5.927 9.353 5.770 8.706 4.211 7.082 5.963 6.143 7.848 11.079 
13.491 11.816 6.011 4.620 13.376 14.447 7.307 4.988 10.406 3.013 9.150 8.328 9.605 7.788 5.104 6.209 16.673 9.036 8.970 15.531 8.532 11.642 7.170 11.696 6.617 10.001 6.283 8.345 11.072 14.324 
5.184 3.003 10.892 9.288 7.046 6.699 3.959 3.939 1.632 8.535 5.393 2.451 3.863 4.600 4.758 2.817 10.639 2.988 10.160 9.817 7.791 4.152 9.833 8.171 7.413 7.420 11.013 8.835 2.959 8.339 
13.867 11.273 6.161 6.118 6.683 9.153 5.494 8.109 10.463 12.339 13.962 11.183 12.900 4.722 10.756 9.373 8.383 6.433 2.240 7.228 1.775 13.367 3.876 3.025 3.540 2.119 6.016 1.885 8.397 6.750 
2.538 3.035 14.507 12.813 10.027 8.725 7.923 7.016 2.939 9.896 3.622 2.983 1.953 8.584 6.245 5.334 13.343 6.858 14.124 12.753 11.774 0.383 13.683 11.919 11.303 11.341 14.660 12.803 5.735 11.312 
7.180 4.763 8.992 7.480 6.139 6.609 1.845 3.053 3.579 8.320 7.004 4.084 5.744 2.490 5.006 2.987 9.749 1.435 8.041 8.776 5.678 6.271 7.778 6.407 5.342 5.442 9.091 6.715 3.151 7.344 
11.167 8.940 4.960 3.295 8.942 10.282 3.031 2.699 7.625 6.296 8.929 6.749 8.461 3.342 5.050 4.399 12.162 4.976 5.624 11.013 4.328 9.820 4.457 7.216 2.636 5.554 5.113 4.575 7.312 9.832 
10.991 8.406 8.389 7.710 3.612 5.952 3.982 7.133 7.816 12.185 12.107 9.165 10.755 3.198 9.678 7.884 6.163 3.924 5.207 4.982 3.015 10.792 6.248 1.308 4.565 1.201 8.327 4.196 5.403 4.032 
8.555 6.312 12.411 11.462 0.964 1.740 6.118 8.860 6.474 14.178 11.792 8.939 10.059 5.750 10.833 8.770 4.156 4.510 9.460 3.501 7.179 9.175 10.391 4.586 8.388 5.453 12.384 8.411 3.659 2.096 
17.250 14.802 2.155 3.702 11.912 14.169 8.271 9.179 13.646 11.088 15.376 13.206 14.934 7.894 11.327 10.879 13.853 10.046 3.232 12.700 5.355 16.148 2.314 8.451 4.750 7.107 1.880 4.113 12.437 12.156 
