30 40 30
41.112 44.105 50.796 39.256 18.193 10.347 49.788 23.839 18.218 44.704 10.066 62.914 57.881 52.435 59.105 39.654 37.516 63.893 29.306 54.604 49.038 37.851 47.592 34.824 12.323 57.729 34.322 56.532 64.988 53.660 
47.173 33.873 29.416 40.658 7.927 19.457 8.519 28.613 45.308 39.620 41.424 14.572 31.488 25.239 37.302 26.821 25.543 26.467 35.314 40.102 33.327 39.143 49.256 34.459 20.874 43.492 28.945 19.871 37.309 15.205 47.888 18.007 48.196 17.452 41.648 28.573 11.180 45.630 50.332 20.967 
25.712 13.229 20.317 23.712 23.575 31.041 10.255 17.864 16.330 18.828 16.053 8.551 29.008 11.327 16.397 14.900 27.749 15.932 34.674 21.001 34.969 29.139 29.650 7.964 15.354 9.641 33.130 8.849 30.457 32.690 
1241.013 1119.062 1069.196 1304.066 613.846 870.069 559.526 1023.526 1270.603 1173.093 1277.743 704.592 1079.475 998.355 1251.490 1061.089 1013.857 959.007 1203.277 1239.406 1109.108 1214.391 1354.308 1106.297 914.604 1305.916 1107.630 878.167 1119.050 750.793 1274.798 792.290 1283.776 781.240 1198.477 1004.848 665.866 1280.641 1359.662 894.327 
9.220 5.538 8.862 9.435 5.969 5.230 10.247 5.189 6.681 7.322 5.106 5.627 10.181 4.272 5.856 9.262 11.333 3.032 9.683 13.082 6.508 12.300 4.199 5.468 8.123 6.321 7.703 7.850 0.195 13.783 12.890 9.273 7.638 5.108 1.139 7.036 5.073 12.809 8.304 13.876 
9.607 6.089 10.344 9.102 4.329 3.782 9.904 5.658 5.016 6.350 6.755 7.098 11.261 5.653 5.395 9.953 12.772 4.707 10.901 14.435 6.515 12.878 5.599 7.027 9.812 7.569 8.820 9.502 1.612 15.099 14.251 10.928 8.613 4.299 0.562 6.337 3.559 14.095 9.902 15.181 
5.319 3.473 3.116 8.285 10.937 9.530 8.890 3.822 11.738 9.278 6.141 1.762 3.701 2.393 6.870 4.122 5.158 4.612 3.085 6.625 5.528 7.023 2.490 2.505 6.129 0.277 1.323 4.381 6.786 7.262 6.449 5.386 1.861 7.611 7.354 8.172 9.652 6.252 3.800 7.341 
1.156 4.824 8.614 3.950 11.396 9.861 4.005 5.133 12.059 7.528 12.161 8.015 5.327 7.741 6.013 2.514 9.230 9.962 6.330 9.312 4.257 2.831 7.853 8.757 12.501 6.459 5.406 10.683 10.503 9.398 9.270 11.463 4.579 7.481 10.409 6.322 10.194 8.445 9.900 9.348 
9.919 6.561 11.235 8.996 3.354 3.000 9.780 6.102 4.019 5.876 7.757 7.997 11.937 6.524 5.308 10.430 13.635 5.707 11.653 15.247 6.674 13.267 6.479 7.967 10.821 8.359 9.533 10.484 2.621 15.889 15.067 11.912 9.255 4.029 1.564 6.054 2.719 14.870 10.854 15.965 
7.443 4.008 9.119 7.085 4.731 3.510 7.895 3.553 5.529 4.957 7.017 5.975 9.442 4.465 3.440 7.880 11.414 4.499 9.238 12.908 4.354 10.747 4.451 6.124 9.575 6.038 7.085 8.840 2.549 13.511 12.737 10.250 6.745 2.716 2.027 4.603 3.521 12.474 9.000 13.576 
8.677 6.522 12.752 6.259 2.193 1.079 6.911 6.062 2.750 2.287 11.036 9.803 12.162 8.331 3.422 9.839 14.840 8.570 12.294 16.060 5.335 12.085 8.341 10.067 13.649 9.489 10.142 12.827 6.096 16.546 15.916 14.215 9.544 2.155 5.095 3.133 1.459 15.481 12.874 16.581 
4.761 8.135 12.193 4.618 13.068 11.671 4.009 8.335 13.590 8.680 15.737 11.670 8.619 11.297 8.107 6.103 12.518 13.430 9.751 12.225 6.872 4.655 11.406 12.407 16.172 10.126 9.060 14.347 13.529 12.124 12.227 15.087 8.247 9.515 13.235 7.767 12.055 11.309 13.539 12.036 
7.651 5.504 2.137 10.539 12.032 10.775 11.175 5.748 12.826 11.088 4.519 1.344 5.105 2.843 8.710 6.348 4.646 4.024 4.029 6.574 7.627 9.061 2.854 1.334 3.807 2.332 3.367 2.055 6.952 7.360 6.366 3.206 4.123 9.185 7.783 10.085 10.820 6.525 1.732 7.485 
5.775 6.013 12.434 1.968 6.992 5.778 2.310 5.807 7.419 2.539 13.176 10.323 10.376 9.209 3.353 7.482 13.901 10.556 10.984 14.542 3.891 8.683 9.278 10.877 14.898 9.295 9.179 13.523 9.273 14.806 14.452 14.712 8.334 4.187 8.589 2.150 6.181 13.773 13.158 14.789 
5.958 2.453 7.972 6.133 5.952 4.539 6.940 2.003 6.751 4.969 7.020 5.005 7.946 3.560 2.855 6.325 10.151 4.395 7.819 11.538 3.108 9.216 3.584 5.318 9.110 4.756 5.648 8.093 3.573 12.107 11.376 9.455 5.243 2.874 3.401 4.238 4.660 11.058 8.078 12.164 
7.481 4.241 9.699 6.750 4.144 2.848 7.553 3.765 4.945 4.333 7.705 6.595 9.815 5.090 3.047 8.073 11.951 5.196 9.684 13.389 4.237 10.848 5.083 6.777 10.269 6.557 7.516 9.508 3.082 13.969 13.224 10.913 7.111 2.115 2.368 4.085 2.893 12.923 9.638 14.028 
3.124 2.298 8.658 2.920 7.539 5.987 3.676 2.212 8.239 4.185 9.913 6.623 6.944 5.656 2.159 4.325 10.228 7.375 7.374 11.057 0.359 6.557 5.740 7.226 11.264 5.518 5.447 9.796 7.024 11.417 10.945 10.950 4.637 3.591 6.729 2.927 6.302 10.357 9.386 11.424 
6.239 3.062 4.728 8.240 9.127 7.830 8.964 3.138 9.926 8.217 4.794 1.617 5.859 0.353 5.886 5.588 7.085 2.663 5.286 8.726 5.113 8.665 0.463 1.992 5.983 1.927 3.390 4.747 4.587 9.403 8.540 6.079 3.541 6.243 5.202 7.290 7.892 8.416 4.689 9.492 
10.602 7.236 6.583 12.240 10.320 9.533 13.013 7.160 11.021 11.169 0.753 4.197 9.456 4.013 9.205 9.865 9.015 1.977 8.506 11.034 9.054 12.890 3.901 3.524 4.027 5.716 7.244 4.473 4.399 11.847 10.821 5.730 7.678 8.936 5.479 10.575 9.405 11.061 5.356 11.982 
8.277 4.691 9.049 8.155 5.068 4.098 8.967 4.279 5.834 5.971 6.200 5.820 9.822 4.335 4.527 8.539 11.439 3.822 9.484 13.055 5.340 11.496 4.294 5.836 8.978 6.171 7.388 8.442 1.464 13.704 12.874 9.868 7.170 3.750 1.084 5.680 4.008 12.690 8.733 13.782 
8.713 7.478 0.978 12.140 14.525 13.226 12.679 7.814 15.323 13.263 6.357 3.829 4.792 5.337 10.856 7.073 2.454 6.486 3.546 4.520 9.523 9.176 5.362 3.864 4.147 4.158 4.327 2.371 9.487 5.361 4.305 2.151 5.217 11.497 10.329 12.174 13.292 4.750 1.285 5.513 
2.508 5.803 10.172 3.170 11.351 9.874 2.931 6.017 11.948 7.163 13.411 9.396 6.886 8.970 6.126 4.085 10.797 11.095 7.905 10.812 4.673 3.781 9.078 10.125 13.956 7.879 6.925 12.172 11.270 10.852 10.780 12.996 6.075 7.588 11.036 6.074 10.238 9.929 11.424 10.791 
12.210 9.450 5.873 14.634 13.771 12.905 15.348 9.528 14.485 14.223 2.755 5.312 9.644 6.075 12.062 11.022 7.765 5.025 8.458 9.816 11.504 13.746 5.996 4.599 1.276 6.839 8.055 3.097 7.864 10.662 9.604 3.558 8.772 12.045 8.940 13.471 12.806 10.129 4.227 10.824 
2.166 5.864 9.034 4.736 12.463 10.935 4.632 6.195 13.116 8.510 13.018 8.780 5.448 8.637 7.092 3.001 9.359 10.903 6.571 9.195 5.358 2.028 8.750 9.530 13.144 7.194 5.990 11.276 11.569 9.181 9.179 11.952 5.233 8.564 11.498 7.330 11.273 8.295 10.422 9.111 
7.217 6.883 1.608 10.948 14.603 13.184 11.389 7.304 15.403 12.688 8.006 4.433 2.781 5.760 10.305 5.447 1.536 7.508 1.614 3.068 8.715 7.161 5.825 4.813 6.249 3.918 3.276 4.359 10.196 3.811 2.872 4.315 4.074 11.191 10.884 11.507 13.315 2.948 3.225 3.926 
11.395 7.917 7.621 12.785 10.129 9.487 13.573 7.790 10.789 11.397 1.392 5.189 10.464 4.850 9.578 10.755 10.045 2.600 9.533 12.069 9.616 13.805 4.735 4.539 4.769 6.670 8.212 5.443 4.259 12.884 11.856 6.643 8.603 9.153 5.324 10.908 9.318 12.102 6.366 13.020 
7.475 5.861 12.355 4.757 3.722 2.501 5.387 5.450 4.222 0.764 11.452 9.618 11.318 8.225 2.463 8.797 14.280 8.879 11.588 15.341 4.297 10.825 8.256 9.987 13.782 9.060 9.494 12.761 6.824 15.767 15.212 14.101 8.807 1.827 5.937 1.710 2.904 14.701 12.672 15.787 
11.117 7.715 12.053 10.159 3.637 3.772 10.935 7.265 4.130 6.873 7.990 8.807 12.993 7.381 6.488 11.588 14.497 6.241 12.647 16.176 7.880 14.453 7.323 8.694 11.212 9.314 10.560 11.072 3.098 16.844 15.991 12.489 10.333 5.165 2.252 7.163 3.418 15.840 11.540 16.926 
14.395 11.013 9.500 15.930 12.724 12.295 16.717 10.911 13.305 14.446 3.427 7.801 12.893 7.805 12.704 13.600 11.658 5.698 11.823 13.726 12.758 16.581 7.693 7.068 5.315 9.382 10.859 6.844 7.120 14.570 13.511 7.590 11.377 12.207 8.115 14.016 12.077 13.944 7.958 14.726 
8.657 5.490 4.889 10.634 10.118 9.069 11.376 5.503 10.881 10.133 2.362 2.152 7.431 2.111 7.951 7.830 7.393 1.377 6.534 9.333 7.466 10.838 2.010 1.537 3.995 3.656 5.184 3.465 4.513 10.116 9.125 4.887 5.626 7.983 5.481 9.361 9.027 9.261 4.002 10.239 
4.233 6.173 5.525 8.197 14.173 12.624 8.393 6.654 14.931 11.093 11.000 6.661 1.581 7.267 9.007 2.607 5.205 9.566 2.822 4.908 7.109 2.914 7.376 7.351 10.133 5.211 3.658 8.179 11.359 4.954 4.887 8.479 3.527 10.290 11.687 9.827 12.871 4.019 7.134 4.904 
4.510 4.763 11.110 1.208 7.247 5.858 1.939 4.604 7.788 2.929 12.152 9.091 9.045 8.047 2.628 6.172 12.557 9.552 9.640 13.210 2.641 7.579 8.123 9.673 13.708 8.003 7.841 12.276 8.591 13.486 13.117 13.437 6.993 3.835 8.030 1.948 6.247 12.448 11.873 13.473 
9.642 6.484 11.626 8.380 2.521 2.067 9.144 6.007 3.245 5.047 8.551 8.421 12.026 6.919 4.757 10.309 13.970 6.373 11.837 15.500 6.300 13.041 6.888 8.466 11.524 8.618 9.684 11.069 3.403 16.109 15.327 12.497 9.324 3.374 2.322 5.344 1.782 15.073 11.364 16.175 
3.313 0.920 5.850 5.544 9.000 7.482 6.196 1.401 9.780 6.653 7.769 3.950 4.766 3.328 4.276 3.119 7.570 5.495 4.873 8.638 2.749 6.151 3.435 4.626 8.623 2.705 2.768 7.045 6.344 9.112 8.500 8.150 2.110 5.280 6.502 5.482 7.689 8.046 6.576 9.147 
6.710 8.293 8.151 5.125 1.940 2.459 11.184 2.419 11.199 2.270 2.434 5.167 1.236 10.458 5.163 9.848 10.517 8.143 10.738 9.614 5.811 2.849 11.226 7.192 8.615 10.634 3.806 6.757 6.272 4.436 
6.128 4.716 6.944 5.596 5.623 4.169 7.772 1.345 8.084 4.902 5.962 8.145 3.498 7.004 5.592 6.594 8.697 4.511 7.170 5.918 2.593 6.485 7.579 3.725 5.130 8.392 3.814 5.484 5.203 0.762 
1.322 6.435 0.415 11.924 9.118 9.765 12.067 6.459 6.070 9.955 8.277 12.846 6.537 11.300 3.253 5.713 2.984 6.729 10.946 8.758 4.922 10.027 8.661 8.843 6.082 3.636 3.940 12.050 11.785 6.374 
10.341 9.557 11.577 1.309 4.316 1.525 10.243 4.758 13.213 2.093 5.679 3.872 5.132 9.689 9.020 11.684 13.667 9.245 10.267 9.984 7.773 4.443 12.085 6.958 10.084 13.502 7.444 3.906 3.385 5.831 
13.808 8.163 14.100 7.397 12.073 9.074 3.715 9.153 11.787 10.112 13.064 12.225 11.130 3.878 13.630 10.410 14.897 7.733 4.763 6.477 8.920 12.553 8.555 4.999 8.796 14.023 11.880 4.570 5.074 7.857 
12.393 7.154 12.778 6.104 10.550 7.585 3.862 7.604 10.963 8.632 11.517 10.898 9.571 3.697 12.134 9.505 13.742 6.714 4.564 5.802 7.582 11.057 8.040 3.741 7.809 12.945 10.372 3.293 3.754 6.381 
10.815 10.341 12.113 1.744 4.224 1.941 11.019 5.366 13.962 2.102 5.647 3.137 5.469 10.477 9.398 12.442 14.272 10.036 11.066 10.796 8.495 4.176 12.891 7.770 10.859 14.155 7.897 4.536 4.031 6.572 
6.540 4.561 7.289 5.432 5.934 4.240 7.324 1.766 8.083 5.048 6.350 8.270 3.927 6.562 6.062 6.564 8.947 4.319 6.756 5.598 2.679 6.769 7.354 3.275 5.024 8.579 4.290 5.113 4.860 0.708 
14.608 8.923 14.899 7.870 12.720 9.689 4.199 9.911 12.494 10.714 13.747 12.696 11.864 4.473 14.419 11.142 15.675 8.496 5.338 7.168 9.721 13.167 9.184 5.798 9.549 14.786 12.665 5.074 5.594 8.650 
11.947 8.483 12.743 2.951 8.095 5.000 6.963 6.363 12.449 5.960 9.284 7.780 7.862 6.613 11.186 10.889 14.264 8.067 7.383 7.931 7.829 8.418 10.236 5.009 9.129 13.729 9.404 0.346 0.792 6.045 
7.460 3.408 6.346 12.942 12.903 11.926 7.959 8.706 0.758 12.631 12.691 15.878 10.226 7.410 8.917 1.172 5.231 3.812 6.670 4.604 5.245 13.845 3.002 6.906 2.792 3.956 8.341 11.606 11.619 7.039 
3.694 3.247 3.443 9.923 8.711 8.287 8.822 4.837 4.396 8.799 8.365 11.991 5.980 8.053 4.706 3.310 4.480 3.505 7.713 5.559 1.958 9.664 5.813 5.714 3.005 4.064 3.959 9.454 9.279 3.834 
2.634 8.203 4.316 9.761 5.631 7.196 13.034 4.777 9.400 7.029 4.538 9.471 3.588 12.238 0.699 8.557 6.923 8.308 12.166 10.313 5.714 6.448 11.027 9.143 8.153 7.528 1.902 10.775 10.375 5.960 
4.983 2.122 4.937 8.870 8.497 7.549 7.402 4.265 4.705 8.206 8.404 11.451 5.877 6.621 5.614 3.269 5.881 2.245 6.347 4.297 0.812 9.431 5.028 4.206 2.168 5.286 4.433 8.123 7.993 2.746 
9.556 6.471 10.335 3.265 6.711 3.835 6.570 4.089 10.384 4.892 7.672 7.547 5.843 5.988 8.882 8.816 11.897 6.090 6.557 6.435 5.478 7.262 8.647 3.360 7.084 11.415 7.090 2.066 1.859 3.643 
4.994 7.876 6.521 6.849 3.028 4.239 11.645 2.582 10.248 4.076 2.516 6.748 0.645 10.876 3.354 9.038 8.991 7.820 11.012 9.559 5.237 3.962 10.856 7.598 8.067 9.251 2.194 8.159 7.712 4.457 
2.303 8.929 2.474 13.329 9.549 10.906 14.515 7.959 8.349 10.863 8.414 13.390 7.363 13.739 3.437 8.168 4.322 9.208 13.419 11.251 7.207 10.356 11.153 11.128 8.590 5.431 4.980 13.877 13.551 8.375 
6.798 0.794 6.247 10.334 10.737 9.453 6.234 6.412 3.173 10.224 10.723 13.465 8.180 5.545 7.774 1.627 6.226 1.223 5.000 2.739 3.029 11.655 2.726 4.355 0.192 5.211 6.745 8.998 9.000 4.573 
1.386 7.534 3.067 10.399 6.716 7.948 12.680 5.117 8.329 7.913 5.716 10.536 4.408 11.884 0.569 7.603 5.675 7.696 11.725 9.747 5.235 7.574 10.236 8.940 7.398 6.304 2.075 11.118 10.759 5.891 
3.833 10.747 4.495 13.927 9.463 11.347 16.202 8.830 10.410 11.111 8.152 13.253 7.741 15.413 4.006 10.172 6.334 10.990 15.162 13.053 8.773 10.146 13.115 12.614 10.464 7.484 5.791 14.849 14.472 9.641 
8.004 6.382 8.976 3.472 5.006 2.547 7.953 2.308 10.035 3.523 5.838 6.592 3.930 7.276 7.128 8.500 10.816 6.085 7.684 7.011 4.652 5.673 9.000 4.155 6.899 10.516 5.354 3.724 3.339 2.683 
7.006 10.967 8.681 8.016 2.433 5.406 14.516 5.463 13.168 4.635 1.066 5.796 3.317 13.768 5.066 12.042 11.280 10.911 13.975 12.621 8.325 2.743 13.948 10.480 11.147 11.776 4.855 10.065 9.558 7.460 
5.051 2.019 4.970 8.944 8.610 7.645 7.343 4.372 4.605 8.309 8.519 11.554 5.992 6.565 5.710 3.161 5.863 2.154 6.278 4.212 0.913 9.543 4.916 4.197 2.054 5.244 4.542 8.166 8.042 2.828 
4.127 3.003 3.569 10.503 9.458 8.961 8.702 5.530 3.647 9.503 9.115 12.708 6.729 7.955 5.329 2.625 4.133 3.333 7.538 5.321 2.416 10.411 5.304 5.884 2.626 3.537 4.689 9.879 9.736 4.372 
6.001 5.889 4.420 14.536 13.137 12.958 11.191 9.499 2.664 13.438 12.557 16.591 10.403 10.575 7.858 3.654 2.256 6.328 9.908 7.716 6.431 14.086 6.392 9.391 5.240 1.083 7.997 13.763 13.666 8.400 
3.121 4.239 3.636 8.831 7.137 6.947 9.344 3.486 5.994 7.363 6.766 10.507 4.399 8.551 3.494 4.851 5.443 4.361 8.366 6.396 1.890 8.091 7.084 5.747 4.204 5.330 2.419 8.765 8.514 3.080 
2.566 5.752 3.761 8.640 5.999 6.415 10.597 3.189 7.421 6.621 5.427 9.598 3.295 9.800 2.124 6.367 6.078 5.838 9.700 7.833 3.234 6.943 8.630 6.787 5.750 6.266 0.899 9.071 8.743 3.717 
4.058 5.403 2.536 13.109 11.290 11.332 11.066 7.868 3.569 11.733 10.651 14.830 8.574 10.369 5.904 3.755 1.408 5.807 9.828 7.568 5.142 12.234 6.808 8.613 4.841 0.975 6.103 12.637 12.478 7.044 
9.428 2.628 9.181 9.245 11.303 9.218 3.097 7.064 5.871 10.179 11.683 13.244 9.176 2.396 9.978 4.557 9.375 2.300 1.918 0.571 4.664 12.117 2.861 2.629 3.137 8.349 8.566 7.199 7.371 5.035 
4.546 11.480 5.319 14.177 9.478 11.554 16.872 9.229 11.246 11.243 8.114 13.210 7.971 16.080 4.437 10.979 7.177 11.709 15.856 13.774 9.423 10.101 13.902 13.214 11.220 8.331 6.227 15.242 14.847 10.177 
3.643 10.548 4.281 13.841 9.439 11.273 16.016 8.710 10.195 11.056 8.143 13.240 7.665 15.228 3.890 9.960 6.126 10.795 14.971 12.857 8.593 10.136 12.906 12.444 10.261 7.272 5.667 14.727 14.355 9.487 
4.275 6.830 2.593 14.268 12.011 12.350 12.482 8.914 4.629 12.664 11.230 15.670 9.358 11.791 6.217 5.088 0.030 7.235 11.237 8.979 6.447 12.935 8.106 10.019 6.263 1.332 6.791 13.944 13.762 8.291 
3.406 5.908 4.651 7.783 5.209 5.527 10.377 2.369 7.997 5.737 4.764 8.742 2.474 9.583 2.566 6.830 6.944 5.928 9.563 7.836 3.274 6.159 8.859 6.447 6.004 7.077 0.803 8.340 7.989 3.256 
10.416 6.270 11.007 4.301 8.186 5.293 5.251 5.286 10.237 6.349 9.123 8.877 7.193 4.745 9.955 8.685 12.307 5.847 5.413 5.715 5.902 8.734 8.011 2.765 6.922 11.681 8.169 2.011 2.186 4.347 
10.100 3.540 9.989 8.626 11.202 8.888 2.274 7.116 6.949 9.892 11.712 12.848 9.271 1.494 10.479 5.613 10.344 3.156 1.398 1.642 5.191 11.967 3.855 2.216 4.110 9.357 8.960 6.389 6.613 5.159 
10.778 7.847 11.644 2.279 6.921 3.841 7.251 5.134 11.778 4.845 8.067 6.997 6.597 6.777 9.955 10.210 13.279 7.455 7.455 7.633 6.875 7.306 9.895 4.579 8.469 12.818 8.180 0.947 0.513 5.002 
12.521 7.094 12.856 6.504 10.891 7.946 3.507 7.851 10.848 8.996 11.836 11.293 9.849 3.392 12.320 9.414 13.746 6.656 4.272 5.630 7.664 11.413 7.835 3.772 7.742 12.918 10.569 3.695 4.154 6.550 
3.625 10.544 4.614 13.149 8.571 10.541 15.870 8.164 10.554 10.265 7.245 12.348 6.945 15.077 3.371 10.179 6.729 10.756 14.875 12.822 8.416 9.239 13.045 12.177 10.314 7.797 5.161 14.178 13.786 9.120 
2.962 5.824 1.400 12.702 10.466 10.759 11.543 7.328 4.614 11.075 9.738 14.096 7.791 10.813 4.853 4.556 1.592 6.189 10.344 8.094 5.015 11.397 7.606 8.750 5.340 1.984 5.244 12.473 12.270 6.786 
4.650 11.584 5.461 14.158 9.413 11.527 16.955 9.246 11.394 11.200 8.041 13.131 7.952 16.163 4.472 11.111 7.344 11.809 15.947 13.875 9.504 10.024 14.025 13.280 11.332 8.492 6.258 15.254 14.855 10.227 
