30 80 30
36.583 56.028 62.988 42.367 9.486 29.164 40.201 24.790 28.412 51.772 12.995 26.255 34.446 56.754 14.377 39.782 39.748 24.472 26.473 49.973 60.295 37.501 48.505 20.141 63.764 17.410 41.684 50.002 20.043 34.542 
20.353 15.468 15.591 15.451 25.992 6.557 8.573 12.418 20.564 20.619 11.977 22.734 13.195 17.850 9.168 17.181 10.898 6.944 20.581 2.817 8.594 18.607 9.652 10.168 8.591 19.790 6.529 8.329 1.766 9.583 11.506 24.738 6.301 1.802 9.294 23.500 25.433 7.036 23.089 18.229 22.679 13.870 19.278 17.886 14.264 4.438 12.848 9.282 15.172 10.108 2.895 9.145 5.617 21.552 13.507 5.168 15.063 20.315 2.904 2.809 3.907 22.345 22.087 1.833 22.155 25.072 14.580 25.383 7.829 10.623 20.942 25.386 19.152 7.832 15.720 25.249 14.975 9.477 5.691 14.450 
15.681 6.946 15.146 9.871 27.416 26.859 12.174 5.607 23.660 22.864 17.373 20.250 24.052 23.168 32.096 29.907 8.156 23.658 12.405 22.780 20.847 31.803 20.443 6.275 26.853 5.463 23.370 21.685 6.361 7.308 
1184.031 1111.623 1118.704 1076.952 1384.013 693.568 784.773 990.488 1242.499 1205.298 931.902 1287.956 966.305 1119.125 822.624 1041.326 922.151 691.672 1232.470 445.304 787.854 1109.291 875.306 893.060 834.400 1212.084 662.454 839.841 341.386 838.609 926.287 1324.604 656.793 367.940 788.773 1297.758 1341.943 744.953 1290.352 1180.621 1320.060 1028.532 1096.150 1116.151 1091.087 635.372 1019.708 874.482 1027.616 912.088 469.395 837.349 687.393 1292.655 974.519 665.373 1003.316 1179.253 472.090 478.293 521.660 1294.128 1334.095 424.275 1308.275 1397.816 1031.718 1410.008 777.758 918.899 1266.960 1269.935 1135.301 757.600 1083.940 1368.412 1074.585 848.379 663.201 1047.077 
1.516 6.253 4.835 6.374 7.137 7.642 3.436 3.570 8.459 4.737 6.549 5.326 1.911 6.781 9.224 4.137 2.761 6.085 6.082 10.125 9.744 0.798 6.718 6.019 2.657 4.865 1.360 3.830 8.504 5.222 3.970 8.193 7.256 4.980 6.104 6.763 9.297 12.031 7.886 6.723 3.793 7.187 5.109 7.943 8.731 7.008 10.601 3.563 4.299 9.929 6.428 4.941 8.313 4.389 12.205 3.624 0.982 5.392 5.248 8.827 7.909 7.581 1.352 4.569 3.274 9.496 5.052 10.318 5.272 8.548 8.209 6.635 3.508 5.150 9.003 10.512 7.575 4.903 0.944 4.486 
4.667 8.197 8.021 4.044 9.950 10.817 3.521 3.195 5.978 7.513 3.693 8.279 4.205 9.785 12.351 3.027 5.414 9.102 4.205 11.125 11.444 3.438 9.811 9.165 5.817 3.940 3.695 6.865 11.643 8.135 6.285 5.590 10.169 2.082 9.099 6.609 12.403 13.708 7.021 7.063 2.721 8.035 5.256 10.496 10.573 8.605 11.715 1.072 5.102 13.080 9.560 1.764 5.778 5.732 13.700 6.276 3.849 3.608 6.633 11.919 8.219 10.652 2.769 4.898 5.302 12.558 7.783 11.714 4.232 8.709 5.864 5.474 5.705 6.943 6.499 13.657 9.182 3.948 4.103 7.290 
10.383 14.897 9.080 12.639 12.928 9.891 9.481 9.947 13.910 12.085 13.900 11.534 12.035 6.286 11.460 14.856 8.035 11.378 11.689 4.300 1.869 10.026 7.061 7.817 10.048 15.624 9.520 10.816 10.958 6.514 6.794 14.109 12.466 13.194 6.460 8.230 7.280 2.015 9.746 17.060 14.498 5.784 8.335 3.554 2.290 4.317 3.865 12.249 7.890 11.349 10.427 13.959 13.983 14.387 2.772 12.069 9.782 11.446 6.248 11.738 18.149 11.446 12.114 15.148 7.611 6.719 6.124 2.813 16.030 7.104 13.421 10.352 7.289 14.407 14.271 8.330 3.793 10.184 10.513 11.908 
5.479 10.833 6.601 6.202 10.446 9.097 2.834 3.290 7.815 8.528 7.341 8.564 6.828 6.094 10.992 8.723 3.181 8.944 5.311 5.092 5.184 4.256 6.610 6.570 5.878 9.587 3.696 7.192 10.261 4.603 2.278 7.886 10.277 6.537 5.558 2.895 8.811 7.437 4.644 11.773 8.358 2.162 1.935 5.232 4.379 2.362 5.603 5.623 1.232 11.388 8.601 7.311 7.824 9.373 7.442 7.858 4.224 4.935 0.433 10.882 12.959 9.931 6.314 9.599 2.024 8.661 3.789 5.469 9.970 3.865 7.361 4.399 2.137 9.915 8.270 10.237 2.927 3.661 5.281 8.275 
2.432 7.539 3.289 7.733 6.971 6.044 3.871 4.309 9.729 5.074 8.378 5.082 4.063 4.099 7.882 7.051 0.412 5.498 7.110 8.057 7.175 2.332 4.238 3.789 2.465 7.742 2.022 3.722 7.134 2.422 1.421 9.612 6.830 7.025 3.414 6.135 6.809 9.415 7.716 9.123 6.711 5.532 4.643 5.024 6.107 4.685 8.417 5.666 3.505 8.410 5.284 7.332 9.652 6.499 9.697 4.538 1.973 6.495 3.441 7.671 10.247 6.609 4.225 7.166 1.555 6.898 2.136 7.937 8.152 7.349 9.366 6.944 1.346 6.762 10.255 8.143 5.191 5.493 2.533 4.827 
4.223 9.329 6.777 4.113 9.907 9.613 0.360 0.683 6.104 7.615 4.885 8.011 4.978 7.554 11.401 5.970 3.220 8.641 3.494 7.834 8.135 2.490 7.811 7.415 5.125 6.872 2.147 6.488 10.653 5.851 3.516 5.988 9.919 3.764 6.893 3.760 10.330 10.387 4.812 9.451 5.611 4.746 2.156 7.611 7.301 5.304 8.407 2.691 1.772 11.981 8.688 4.414 6.024 7.369 10.369 6.613 2.754 2.868 3.330 11.123 10.651 9.970 3.996 7.208 2.490 10.344 5.260 8.383 7.232 5.702 5.749 3.632 2.942 8.218 6.632 11.702 5.875 1.968 3.766 7.354 
7.269 12.275 9.666 2.544 12.947 12.440 2.703 2.481 3.827 10.660 3.946 11.047 7.905 9.911 14.278 8.013 5.988 11.653 1.581 7.184 8.431 5.528 10.318 10.083 8.157 8.930 5.190 9.527 13.530 8.284 5.795 3.955 12.945 3.925 9.309 2.131 12.685 10.422 2.031 11.934 7.696 4.439 2.075 9.233 7.920 5.974 7.852 3.936 3.102 14.802 11.628 5.001 3.859 10.149 10.155 9.641 5.800 1.647 4.422 14.046 13.117 12.932 6.743 9.701 4.949 12.588 7.548 8.218 9.221 4.158 3.362 0.587 5.344 11.117 4.266 14.101 6.421 1.163 6.801 10.400 
9.195 13.875 8.162 11.360 12.119 9.293 8.159 8.627 12.685 11.096 12.603 10.619 10.837 5.580 10.975 13.574 6.799 10.542 10.416 3.670 1.120 8.754 6.373 7.034 8.935 14.355 8.239 9.790 10.415 5.521 5.534 12.865 11.696 11.876 5.633 7.026 7.047 2.739 8.606 15.886 13.215 4.584 7.042 2.838 0.998 3.008 3.420 10.927 6.571 10.961 9.664 12.638 12.749 13.233 3.248 10.991 8.525 10.154 4.928 11.187 16.994 10.767 10.855 13.933 6.317 6.552 5.031 2.368 14.759 6.084 12.198 9.122 6.010 13.321 13.061 8.246 2.504 8.887 9.294 10.904 
4.818 4.258 2.672 12.651 1.425 2.537 9.198 9.517 14.735 2.072 12.850 1.072 5.223 5.252 3.244 8.637 6.087 0.232 12.258 13.139 11.514 6.522 4.517 3.698 3.765 8.765 6.739 2.481 2.678 5.308 6.919 14.492 1.114 11.261 5.069 11.853 5.861 13.399 13.389 7.824 8.472 11.079 10.320 7.961 10.450 9.775 13.334 9.859 9.201 4.089 1.194 11.065 14.601 5.552 13.940 3.254 6.171 11.580 9.054 2.692 8.484 1.419 6.600 7.145 7.275 6.410 6.031 12.587 9.088 13.004 14.457 12.461 7.046 4.587 15.279 6.364 10.131 10.841 5.378 2.199 
11.742 16.505 10.788 12.885 14.717 11.772 10.155 10.577 13.904 13.729 14.234 13.246 13.365 8.116 13.370 15.920 9.296 13.148 11.920 3.510 2.194 11.156 8.902 9.614 11.539 16.736 10.619 12.420 12.856 8.153 8.001 14.172 14.277 13.732 8.227 8.266 9.205 0.106 9.547 18.433 15.556 5.932 8.743 5.357 3.210 5.023 2.884 12.946 8.541 13.272 12.240 14.596 14.011 15.801 0.906 13.607 10.965 11.784 6.984 13.635 19.556 13.300 13.278 16.429 8.675 8.641 7.654 2.154 17.135 6.723 13.410 10.421 8.422 15.932 14.207 10.238 4.443 10.573 11.801 13.537 
2.495 6.293 1.289 9.540 5.092 4.116 5.779 6.179 11.581 3.544 10.033 3.276 3.975 3.228 5.909 7.522 2.405 3.556 8.990 9.542 8.221 3.576 2.993 2.232 1.604 8.033 3.543 2.210 5.161 2.131 3.146 11.422 4.887 8.566 2.624 8.128 5.531 10.317 9.724 8.633 7.231 7.319 6.652 5.214 7.128 6.136 9.808 7.152 5.513 6.482 3.275 8.682 11.485 5.933 10.735 3.456 3.158 8.348 5.281 5.671 9.648 4.600 4.771 7.013 3.557 5.778 2.567 9.170 8.432 9.231 11.242 8.932 3.289 5.793 12.116 6.722 6.552 7.426 2.965 3.337 
2.865 4.663 5.913 7.521 6.715 8.350 5.560 5.538 9.504 4.359 7.215 5.297 1.327 8.502 9.583 2.339 5.078 6.181 7.521 12.585 12.172 3.262 8.248 7.402 3.714 2.753 3.822 4.170 8.942 7.154 6.353 9.124 7.040 5.615 7.872 8.979 10.696 14.452 9.878 4.283 2.123 9.622 7.360 10.097 11.141 9.463 13.064 4.450 6.675 10.393 6.917 5.075 9.309 2.262 14.650 3.120 3.392 6.858 7.710 9.059 5.479 7.779 1.226 2.105 5.728 11.009 7.176 12.776 3.152 10.878 9.368 8.467 5.934 3.410 10.029 11.740 10.026 6.749 2.610 4.184 
6.076 9.499 3.597 11.741 7.193 4.198 7.837 8.332 13.601 6.666 12.565 5.950 7.637 0.547 5.925 11.102 4.671 5.676 10.983 8.153 6.060 6.645 1.301 2.116 5.279 11.668 6.368 5.571 5.333 1.924 4.206 13.573 6.712 11.307 1.053 8.867 2.786 7.705 10.643 12.244 10.791 7.094 7.873 2.260 5.100 5.246 8.169 9.985 6.824 6.014 4.677 11.671 13.565 9.555 8.321 6.968 6.255 10.452 5.678 6.100 13.208 5.695 8.285 10.688 5.203 2.678 2.430 7.256 12.071 9.139 13.183 10.372 4.754 9.245 14.095 4.212 5.350 9.282 6.454 6.536 
8.834 12.465 6.571 13.311 9.991 6.662 9.587 10.095 14.954 9.636 14.346 8.890 10.454 3.507 8.066 13.776 6.990 8.542 12.445 7.192 4.664 9.084 4.145 5.049 8.156 14.409 8.701 8.540 7.634 4.546 6.095 15.028 9.461 13.290 3.973 9.600 3.759 5.547 11.339 15.186 13.445 7.346 9.074 1.930 4.127 5.396 6.964 12.088 8.236 7.877 7.468 13.825 14.967 12.489 6.314 9.928 8.735 12.025 6.719 8.411 16.168 8.303 10.937 13.553 7.118 3.181 4.627 5.905 14.817 9.193 14.494 11.476 6.684 12.216 15.399 4.793 5.175 10.767 9.139 9.509 
9.035 12.615 6.729 13.534 10.099 6.738 9.812 10.320 15.174 9.789 14.571 9.029 10.651 3.663 8.103 13.984 7.208 8.664 12.667 7.330 4.788 9.300 4.281 5.193 8.345 14.614 8.920 8.707 7.689 4.746 6.318 15.249 9.562 13.515 4.149 9.810 3.757 5.584 11.545 15.365 13.655 7.544 9.294 2.155 4.288 5.599 7.085 12.312 8.459 7.891 7.581 14.049 15.187 12.670 6.365 10.101 8.950 12.248 6.939 8.464 16.341 8.388 11.146 13.746 7.342 3.163 4.842 6.022 15.021 9.379 14.713 11.693 6.908 12.382 15.617 4.737 5.368 10.990 9.345 9.666 
3.609 8.958 5.570 5.558 9.027 8.344 1.644 2.130 7.494 6.887 6.373 7.114 4.800 6.084 10.178 6.675 1.889 7.645 4.864 7.189 7.078 2.184 6.375 6.039 4.256 7.522 1.636 5.633 9.431 4.387 2.029 7.416 8.961 5.214 5.431 4.076 8.867 9.366 5.517 9.685 6.310 4.219 2.465 6.170 6.153 4.249 7.693 4.029 1.423 10.709 7.544 5.772 7.433 7.333 9.445 6.053 2.218 4.284 2.348 9.952 10.875 8.858 4.216 7.503 1.002 8.866 3.775 7.500 7.911 5.655 7.111 4.651 1.454 7.964 8.011 10.250 4.830 3.209 3.310 6.626 
2.403 7.074 2.412 8.576 6.199 5.160 4.740 5.167 10.588 4.460 9.168 4.342 4.054 3.476 6.996 7.341 1.296 4.688 7.975 8.572 7.449 2.887 3.499 2.960 2.020 7.960 2.706 3.092 6.248 1.923 2.037 10.458 6.021 7.769 2.795 6.982 6.091 9.628 8.586 9.007 7.019 6.222 5.517 4.856 6.360 5.164 8.881 6.382 4.374 7.526 4.414 8.000 10.504 6.327 9.979 4.108 2.481 7.351 4.161 6.789 10.089 5.742 4.507 7.184 2.415 6.233 1.958 8.313 8.368 8.105 10.231 7.830 2.142 6.415 11.116 7.386 5.622 6.370 2.693 4.227 
3.421 7.819 6.640 4.491 9.027 9.485 2.347 2.217 6.569 6.608 4.641 7.236 3.493 8.210 11.112 3.918 3.806 7.999 4.291 9.858 9.973 1.920 8.274 7.673 4.545 4.816 2.098 5.744 10.385 6.543 4.673 6.287 9.164 3.097 7.523 5.730 10.866 12.254 6.520 7.481 3.557 6.780 4.188 8.882 9.062 7.135 10.415 1.673 3.771 11.798 8.318 3.225 6.416 5.606 12.296 5.442 2.338 3.605 5.184 10.730 8.678 9.490 2.211 5.232 3.704 10.996 6.170 10.326 5.179 7.735 6.342 5.107 4.098 6.622 7.112 12.149 7.715 3.386 2.852 6.363 
10.779 15.911 10.591 10.611 14.653 12.158 8.326 8.688 11.472 13.276 12.008 12.981 12.304 8.427 13.927 14.409 8.282 13.058 9.650 0.946 2.059 9.856 9.210 9.730 10.826 15.275 9.297 11.914 13.320 7.930 6.994 11.772 14.300 11.681 8.325 5.942 10.183 2.617 7.065 17.347 14.044 3.837 6.705 5.833 2.903 3.726 0.312 11.062 6.763 13.989 12.315 12.621 11.594 14.829 2.127 12.923 9.750 9.597 5.424 14.075 18.515 13.515 11.961 15.223 7.407 9.709 7.238 0.810 15.658 4.210 10.979 8.068 7.271 15.169 11.744 11.412 3.225 8.455 10.718 13.054 
2.074 6.956 5.226 5.762 7.773 8.074 2.734 2.868 7.847 5.395 6.033 5.933 2.604 6.897 9.717 4.390 2.618 6.661 5.424 9.597 9.355 0.543 6.913 6.281 3.163 5.189 0.949 4.418 8.987 5.267 3.699 7.604 7.866 4.508 6.211 6.081 9.506 11.648 7.183 7.295 4.031 6.612 4.432 7.814 8.371 6.572 10.094 3.084 3.671 10.394 6.927 4.601 7.711 5.044 11.781 4.309 0.951 4.736 4.739 9.349 8.489 8.121 1.809 5.098 2.876 9.661 4.987 9.864 5.588 7.902 7.581 5.934 3.179 5.845 8.391 10.768 7.147 4.204 1.528 5.140 
7.537 6.998 4.452 15.214 3.472 1.740 11.514 11.902 17.277 5.162 15.575 4.144 8.221 5.382 0.174 11.712 8.119 3.253 14.709 13.914 11.857 9.100 4.614 4.311 6.396 11.855 9.193 5.346 0.577 6.326 8.571 17.089 2.863 14.028 5.595 13.690 4.384 13.365 15.362 10.750 11.536 12.435 12.314 8.029 10.900 10.796 13.962 12.606 11.168 1.007 2.623 13.941 17.168 8.616 14.041 6.327 8.707 14.056 10.611 0.590 11.283 1.678 9.540 10.224 9.212 5.017 7.162 13.058 12.178 14.469 16.954 14.655 8.876 7.563 17.815 4.199 11.009 13.163 8.108 5.283 
4.595 7.207 1.417 11.523 4.893 2.444 7.665 8.105 13.525 4.394 12.103 3.621 5.933 1.793 4.342 9.559 4.205 3.348 10.905 9.920 8.109 5.700 1.146 0.223 3.558 10.000 5.613 3.441 3.628 2.151 4.434 13.404 4.452 10.671 1.616 9.545 3.439 9.932 11.248 10.156 9.286 8.258 8.238 4.484 7.070 6.679 10.045 9.265 7.097 4.729 2.420 10.821 13.446 7.514 10.493 4.865 5.282 10.291 6.433 4.307 11.056 3.596 6.872 8.802 5.178 3.762 2.983 9.231 10.389 10.286 13.160 10.652 4.800 7.050 14.051 4.579 6.947 9.274 5.095 4.291 
5.294 5.609 8.302 7.803 8.475 10.596 7.037 6.855 9.523 6.344 7.052 7.368 3.750 10.941 11.659 0.920 7.366 8.256 8.099 14.488 14.331 5.373 10.678 9.821 6.143 0.350 5.904 6.455 11.070 9.579 8.592 9.052 8.906 5.660 10.310 10.375 13.100 16.623 10.933 3.257 1.207 11.434 8.875 12.481 13.336 11.549 15.016 4.998 8.421 12.501 9.122 4.746 9.290 3.103 16.759 5.212 5.603 7.527 9.685 11.088 4.349 9.832 3.272 1.529 7.848 13.429 9.561 14.833 0.717 12.416 9.512 9.397 8.118 4.438 9.996 14.103 12.125 7.819 4.988 6.227 
2.668 6.974 5.985 5.341 8.194 8.799 2.957 2.932 7.414 5.768 5.420 6.425 2.636 7.794 10.378 3.587 3.531 7.207 5.148 10.235 10.142 1.452 7.786 7.124 3.813 4.431 1.836 4.952 9.659 6.176 4.578 7.120 8.348 3.836 7.110 6.378 10.375 12.434 7.284 6.829 3.223 7.195 4.776 8.720 9.182 7.330 10.761 2.429 4.190 11.086 7.582 3.790 7.256 4.816 12.533 4.591 1.841 4.461 5.437 9.974 8.030 8.721 1.407 4.588 3.703 10.547 5.902 10.592 4.820 8.315 7.194 5.913 4.039 5.788 7.956 11.617 7.909 4.178 2.096 5.525 
7.621 8.616 4.232 14.762 5.308 1.833 10.894 11.340 16.758 6.230 15.335 5.190 8.716 3.672 2.425 12.359 7.438 4.416 14.134 12.070 9.846 8.895 3.054 3.244 6.496 12.669 8.841 5.871 2.194 5.066 7.532 16.642 4.680 13.885 4.113 12.555 2.014 11.181 14.300 12.149 12.125 10.979 11.357 6.021 8.964 9.181 12.042 12.471 10.233 2.183 3.315 13.985 16.682 9.731 11.895 7.161 8.478 13.526 9.372 2.898 12.845 3.322 9.846 11.229 8.361 2.647 5.872 11.080 13.031 13.032 16.387 13.812 7.959 8.905 17.281 2.016 9.300 12.489 8.162 6.257 
9.732 13.841 12.729 1.940 15.370 15.590 5.831 5.366 0.533 12.945 2.047 13.576 9.730 13.546 17.321 8.199 9.264 14.322 2.653 10.879 12.378 8.061 13.845 13.458 10.816 8.972 7.958 12.073 16.580 11.856 9.423 0.058 15.507 3.572 12.900 5.957 16.333 14.275 4.808 12.356 8.008 8.380 6.012 13.161 11.912 9.975 11.557 4.801 6.880 17.949 14.552 4.354 0.281 11.361 13.928 11.755 8.445 3.189 8.363 16.987 13.418 15.774 8.316 10.361 8.452 16.305 11.204 12.057 9.111 7.642 0.905 3.807 8.893 12.587 0.899 17.721 10.418 4.357 9.174 12.702 
9.855 14.553 12.457 2.621 15.575 15.257 5.408 5.068 1.845 13.222 3.745 13.698 10.236 12.744 17.079 9.494 8.801 14.353 2.459 8.852 10.600 8.105 13.160 12.922 10.825 10.354 7.847 12.172 16.331 11.126 8.637 2.316 15.618 4.778 12.148 4.244 15.511 12.339 2.735 13.628 9.239 6.674 4.864 11.922 10.277 8.468 9.527 5.561 5.938 17.622 14.396 5.807 2.051 12.231 11.921 12.125 8.426 3.141 7.149 16.826 14.759 15.685 8.925 11.489 7.788 15.397 10.382 10.131 10.563 5.585 1.422 2.365 8.187 13.337 1.980 16.930 8.835 3.755 9.344 12.966 
10.629 15.487 9.860 11.739 13.850 11.055 8.958 9.382 12.819 12.741 13.074 12.310 12.239 7.341 12.731 14.737 8.163 12.267 10.775 2.674 1.026 9.989 8.134 8.781 10.477 15.558 9.448 11.413 12.176 7.196 6.862 13.069 13.438 12.546 7.375 7.152 8.736 1.292 8.507 17.311 14.373 4.778 7.563 4.601 2.098 3.830 2.167 11.749 7.344 12.702 11.410 13.402 12.917 14.697 1.532 12.559 9.808 10.620 5.787 12.949 18.444 12.525 12.113 15.285 7.504 8.213 6.637 1.179 15.956 5.732 12.325 9.307 7.264 14.872 13.139 9.877 3.249 9.399 10.666 12.540 
6.663 11.765 8.958 3.049 12.306 11.718 2.096 1.976 4.523 10.050 4.368 10.400 7.400 9.168 13.562 7.813 5.273 10.985 2.099 6.820 7.888 4.941 9.576 9.347 7.510 8.734 4.566 8.886 12.815 7.541 5.052 4.612 12.285 4.077 8.565 1.858 11.942 9.943 2.383 11.621 7.480 3.933 1.358 8.524 7.320 5.341 7.474 3.820 2.358 14.078 10.930 5.101 4.538 9.719 9.724 9.065 5.187 1.927 3.713 13.341 12.814 12.239 6.311 9.376 4.216 11.848 6.804 7.760 9.047 3.978 4.069 1.264 4.606 10.633 4.979 13.358 5.813 0.892 6.218 9.789 
6.915 8.122 3.526 14.066 4.933 1.352 10.205 10.648 16.068 5.641 14.629 4.617 8.032 3.152 2.517 11.679 6.748 3.890 13.446 11.648 9.500 8.185 2.469 2.560 5.794 12.005 8.134 5.208 2.080 4.439 6.882 15.947 4.319 13.176 3.526 11.936 2.109 10.949 13.672 11.581 11.440 10.427 10.708 5.663 8.578 8.669 11.653 11.762 9.578 2.519 2.751 13.275 15.990 9.120 11.635 6.524 7.768 12.834 8.765 2.850 12.312 2.991 9.146 10.594 7.690 2.723 5.258 10.718 12.371 12.479 15.700 13.152 7.294 8.342 16.593 2.525 8.820 11.808 7.455 5.651 
3.693 6.554 12.155 7.771 5.922 5.921 7.243 0.574 7.397 9.463 2.359 3.679 6.716 4.750 2.989 4.367 2.895 6.000 2.821 9.458 9.052 5.828 6.123 9.352 6.039 5.395 3.902 3.408 12.245 3.852 
1.949 9.828 17.164 12.581 11.094 3.548 3.779 4.982 10.574 14.028 7.379 2.118 9.683 9.438 2.456 8.540 6.413 10.875 7.128 14.125 13.951 9.596 5.908 14.705 11.177 8.142 5.946 7.855 17.128 8.575 
5.203 3.956 11.645 7.010 6.136 4.280 9.076 3.764 4.744 8.249 5.343 5.342 10.086 4.018 4.535 2.856 0.993 5.483 6.125 8.398 11.482 3.698 9.063 10.662 8.327 2.363 7.177 6.608 11.488 3.358 
10.216 12.217 12.230 10.103 7.849 13.701 11.795 7.834 12.902 11.866 5.520 10.046 3.609 9.085 9.841 9.867 9.926 9.047 5.176 11.572 2.688 11.161 8.311 6.275 3.342 11.954 6.466 4.482 12.829 8.750 
4.379 7.389 15.665 11.043 10.167 0.216 7.316 5.676 7.995 12.150 8.080 4.614 11.799 8.086 4.227 6.908 4.969 9.551 8.359 12.342 14.748 7.497 8.976 14.521 11.672 5.675 8.179 9.031 15.460 7.395 
6.885 4.232 12.928 8.479 8.294 3.709 10.464 6.437 4.667 9.217 8.205 7.085 12.864 6.036 6.396 4.760 3.746 7.332 8.945 9.482 14.246 4.693 11.273 13.049 11.095 2.737 9.728 9.456 12.590 5.673 
7.803 8.319 9.932 6.754 4.374 10.451 10.492 4.786 9.024 8.617 2.312 7.700 5.005 5.222 7.233 5.953 6.140 5.404 2.851 8.402 4.507 7.271 7.813 5.333 1.490 8.052 5.251 2.268 10.333 4.838 
7.895 8.816 10.304 7.233 4.857 10.727 10.423 4.977 9.526 9.090 2.484 7.778 4.558 5.726 7.357 6.440 6.549 5.905 2.806 8.867 4.238 7.770 7.607 5.468 1.450 8.517 5.097 2.148 10.729 5.328 
12.225 14.064 13.035 11.544 9.431 15.783 13.542 9.917 14.710 13.207 7.600 12.046 5.041 10.901 11.880 11.772 11.960 10.691 7.249 12.874 2.800 12.999 9.929 6.841 4.994 13.913 8.356 6.563 13.722 10.649 
2.472 7.005 14.461 9.843 8.542 2.617 6.168 3.273 7.766 11.228 5.730 2.675 9.383 6.718 2.036 5.745 3.614 8.181 5.933 11.342 12.441 6.760 6.954 12.549 9.424 5.340 5.822 6.615 14.380 5.891 
9.955 13.055 13.633 11.296 8.980 13.759 11.071 7.955 13.781 13.098 5.890 9.762 2.560 9.992 9.676 10.648 10.437 10.117 5.258 12.825 4.067 12.020 7.447 7.721 4.551 12.624 5.974 4.659 14.211 9.555 
3.522 6.245 14.080 9.444 8.375 2.125 7.149 3.888 6.965 10.706 6.216 3.727 10.213 6.386 3.078 5.291 3.223 7.861 6.588 10.855 12.852 6.126 7.994 12.634 9.765 4.536 6.747 7.233 13.940 5.630 
2.467 8.101 13.721 9.402 7.465 5.919 5.658 1.085 8.943 11.114 3.042 2.370 6.069 6.407 1.935 6.000 4.336 7.632 2.797 11.100 9.591 7.434 4.549 10.483 6.821 6.807 2.655 3.521 13.845 5.510 
8.226 0.911 9.206 4.752 4.924 6.840 12.110 6.194 1.745 5.545 6.815 8.349 11.835 2.777 7.531 1.773 2.888 3.780 7.894 5.781 11.622 0.963 11.751 9.737 8.604 1.018 9.560 8.152 8.903 2.893 
7.691 5.871 14.611 10.260 10.183 3.597 10.890 7.911 6.147 10.851 9.891 7.915 14.358 7.925 7.348 6.652 5.566 9.194 10.531 11.147 16.090 6.475 12.258 14.946 12.935 4.555 11.019 11.091 14.218 7.570 
4.543 11.586 15.964 12.100 9.859 8.967 4.929 4.539 12.428 13.933 4.746 4.311 3.679 9.433 4.618 9.319 7.910 10.396 3.609 13.837 9.269 10.814 1.577 11.489 7.428 10.407 1.195 4.002 16.249 8.601 
6.171 5.173 9.660 5.346 3.424 7.526 9.724 3.035 5.962 7.110 2.432 6.170 7.427 2.542 5.449 2.732 2.724 3.584 3.598 7.063 7.800 4.210 8.218 7.228 4.645 4.638 5.702 3.742 9.768 1.768 
4.367 5.910 14.076 9.451 8.597 1.803 7.881 4.677 6.569 10.586 6.913 4.579 11.059 6.495 3.958 5.313 3.400 7.958 7.368 10.768 13.468 5.941 8.876 13.022 10.349 4.183 7.628 7.991 13.881 5.820 
10.146 11.452 11.270 9.176 6.953 13.392 12.028 7.544 12.112 10.924 5.122 9.991 4.222 8.297 9.711 9.143 9.361 8.175 4.987 10.625 2.096 10.388 8.679 5.361 2.446 11.282 6.616 4.264 11.865 8.021 
14.058 8.308 2.513 3.817 4.503 14.751 17.477 10.871 8.360 4.105 9.167 14.047 12.364 6.454 13.339 7.668 9.592 4.999 10.186 3.670 7.744 7.575 15.305 3.744 6.842 9.502 12.681 9.773 3.190 7.178 
13.177 6.116 2.727 1.921 3.868 13.141 16.848 10.160 6.024 1.530 8.981 13.208 13.006 5.056 12.437 6.069 8.168 3.636 10.134 1.095 9.417 5.570 15.178 5.744 7.704 7.529 12.564 9.888 2.647 5.926 
5.064 7.147 11.340 7.281 5.114 7.672 8.166 1.944 7.963 9.102 0.623 4.989 5.504 4.639 4.444 4.736 3.989 5.563 1.541 9.017 7.303 6.242 6.223 7.856 4.328 6.340 3.646 1.879 11.547 3.859 
7.740 1.503 9.999 5.531 5.556 6.086 11.610 5.973 2.227 6.332 6.884 7.879 11.879 3.336 7.069 2.162 2.602 4.475 7.899 6.572 12.063 1.745 11.468 10.370 8.991 0.231 9.389 8.222 9.693 3.262 
6.807 2.406 10.624 6.058 5.721 5.302 10.675 5.160 3.160 7.044 6.301 6.948 11.240 3.463 6.141 2.188 1.818 4.787 7.246 7.249 11.864 2.388 10.600 10.484 8.741 0.758 8.591 7.628 10.373 3.139 
3.730 5.731 12.107 7.575 6.008 5.006 7.538 1.491 6.571 9.146 3.386 3.788 7.864 4.444 2.988 3.776 1.946 5.833 3.965 9.192 9.964 5.130 6.938 9.893 6.876 4.417 4.916 4.526 12.114 3.550 
4.446 12.142 16.819 12.883 10.676 8.927 4.156 5.059 12.985 14.700 5.568 4.210 4.401 10.137 4.666 9.940 8.403 11.159 4.467 14.619 10.162 11.418 0.662 12.408 8.348 10.880 1.983 4.899 17.086 9.284 
5.573 6.870 10.785 6.765 4.569 7.965 8.725 2.395 7.671 8.599 0.711 5.508 5.725 4.219 4.933 4.436 3.944 5.065 1.888 8.502 6.989 5.927 6.752 7.344 3.939 6.185 4.154 2.039 10.999 3.488 
3.179 5.957 13.115 8.509 7.173 3.628 7.059 2.427 6.760 9.943 4.692 3.315 8.850 5.374 2.510 4.456 2.337 6.829 5.112 10.039 11.330 5.583 7.172 11.235 8.253 4.390 5.557 5.737 13.054 4.533 
7.164 5.322 14.053 9.643 9.483 3.327 10.502 7.210 5.672 10.316 9.154 7.382 13.661 7.225 6.776 5.949 4.818 8.521 9.811 10.596 15.342 5.854 11.693 14.230 12.187 3.909 10.367 10.363 13.689 6.845 
7.325 2.426 8.970 4.335 3.709 6.932 11.180 4.847 3.238 5.647 5.152 7.409 10.170 1.457 6.593 0.186 1.970 2.856 6.266 5.763 10.027 1.550 10.411 8.471 6.961 2.128 8.089 6.482 8.829 1.226 
7.453 4.683 8.356 4.069 2.142 8.447 11.029 4.340 5.385 5.870 3.410 7.459 8.200 1.609 6.725 2.380 3.340 2.329 4.613 5.798 7.542 3.631 9.444 6.336 4.475 4.603 6.882 4.597 8.464 1.263 
11.855 14.044 13.352 11.686 9.518 15.500 13.071 9.642 14.711 13.383 7.382 11.671 4.543 10.894 11.534 11.718 11.809 10.758 6.955 13.062 3.156 12.983 9.438 7.185 5.031 13.825 7.937 6.287 14.020 10.597 
4.838 6.882 15.269 10.664 9.905 0.732 7.912 5.812 7.459 11.706 8.145 5.070 12.066 7.773 4.611 6.561 4.718 9.224 8.511 11.913 14.755 7.051 9.441 14.355 11.649 5.184 8.505 9.162 15.036 7.126 
8.351 11.805 13.313 10.494 8.121 12.146 9.666 6.363 12.564 12.346 4.417 8.163 1.597 8.839 8.061 9.371 8.977 9.152 3.678 12.113 4.718 10.797 6.154 7.774 4.026 11.246 4.424 3.126 13.812 8.311 
7.723 1.526 9.213 4.649 4.502 6.686 11.608 5.559 2.370 5.662 6.129 7.834 11.149 2.275 7.014 1.137 2.318 3.456 7.209 5.852 11.039 1.036 11.127 9.314 7.991 1.207 8.902 7.466 8.974 2.259 
11.129 9.260 7.561 5.985 4.191 13.276 13.912 7.987 9.752 7.553 5.635 11.043 7.493 6.192 10.515 7.353 8.390 5.494 6.270 7.205 3.040 8.214 11.115 1.952 2.113 9.618 8.620 5.657 8.167 6.318 
9.835 2.398 10.597 6.716 7.505 7.142 13.609 8.471 2.137 6.812 9.475 10.005 14.472 5.506 9.231 4.559 5.123 6.253 10.489 7.170 14.377 3.436 13.863 12.247 11.386 2.639 11.903 10.814 10.094 5.681 
15.370 7.639 1.647 4.081 6.161 15.015 19.086 12.407 7.328 2.674 11.274 15.413 15.219 7.202 14.629 8.092 10.221 5.848 12.425 2.496 11.198 7.329 17.471 7.268 9.826 9.232 14.857 12.169 0.857 8.095 
12.244 11.039 8.610 7.670 5.969 14.751 14.693 9.227 11.531 9.136 6.764 12.132 7.413 7.957 11.684 9.095 10.013 7.270 7.151 8.763 1.631 9.990 11.599 2.410 2.963 11.361 9.278 6.460 9.315 8.039 
3.548 12.654 18.786 14.464 12.527 7.361 0.765 6.130 13.468 16.144 7.742 3.402 7.799 11.420 4.215 10.852 8.900 12.693 6.929 16.149 13.329 12.173 2.999 15.112 11.147 11.107 4.683 7.550 18.917 10.516 
4.488 11.277 15.599 11.741 9.496 8.863 5.158 4.254 12.118 13.576 4.383 4.259 3.544 9.088 4.504 8.994 7.623 10.040 3.243 13.477 8.983 10.493 1.926 11.144 7.086 10.122 0.855 3.641 15.884 8.261 
11.314 7.416 5.463 3.628 2.409 12.626 14.561 8.090 7.776 5.111 6.170 11.278 9.329 4.665 10.623 5.937 7.475 3.560 7.136 4.759 5.475 6.439 12.242 2.442 3.841 8.115 9.627 6.695 5.951 5.105 
9.472 8.311 8.334 5.769 3.556 11.702 12.310 6.333 8.901 7.541 3.984 9.388 6.457 5.147 8.858 6.178 6.947 4.810 4.679 7.261 3.732 7.243 9.644 3.509 1.015 8.425 7.092 4.109 8.814 5.081 
10.410 2.279 6.476 2.300 3.638 9.569 14.264 7.828 2.283 2.786 7.579 10.494 12.408 2.669 9.678 2.958 5.020 2.356 8.774 3.028 10.731 1.882 13.327 8.036 8.080 3.777 10.882 8.807 6.145 3.475 
12.093 5.206 3.804 0.833 2.921 12.077 15.780 9.096 5.214 1.516 8.012 12.127 12.213 3.963 11.352 4.988 7.079 2.551 9.182 1.211 9.076 4.571 14.185 5.691 7.063 6.531 11.584 8.978 3.734 4.835 
10.722 5.528 5.132 1.764 1.134 11.376 14.255 7.583 5.836 3.501 6.182 10.726 10.200 3.107 9.994 4.367 6.201 1.749 7.314 3.236 7.263 4.603 12.391 4.376 5.051 6.400 9.767 7.050 5.338 3.778 
14.447 8.283 1.839 3.830 4.858 14.955 17.927 11.286 8.267 3.799 9.672 14.446 12.994 6.671 13.722 7.844 9.831 5.198 10.718 3.374 8.421 7.620 15.840 4.415 7.477 9.570 13.211 10.329 2.516 7.442 
7.149 10.485 12.681 9.502 7.118 10.785 8.886 4.964 11.261 11.373 3.009 6.976 2.241 7.598 6.796 8.044 7.564 8.047 2.268 11.174 5.202 9.497 5.639 7.575 3.550 9.861 3.468 1.703 13.109 7.012 
8.593 7.276 8.354 5.192 2.836 10.607 11.636 5.397 7.905 7.040 3.220 8.527 6.612 4.105 7.946 5.075 5.802 3.977 4.126 6.810 4.839 6.207 9.228 4.329 1.815 7.307 6.614 3.686 8.731 3.966 
8.554 5.888 14.581 10.355 10.475 4.459 11.762 8.653 6.044 10.797 10.544 8.776 15.104 8.226 8.196 6.974 6.115 9.417 11.236 11.117 16.605 6.609 13.111 15.275 13.457 4.773 11.820 11.773 14.141 7.957 
5.388 4.863 13.248 8.660 8.055 2.704 9.006 5.127 5.477 9.669 7.114 5.587 11.578 5.858 4.900 4.610 2.999 7.280 7.735 9.878 13.447 5.014 9.788 12.653 10.296 3.152 8.322 8.298 13.003 5.295 
7.801 12.173 14.250 11.223 8.839 11.820 8.766 6.203 12.960 13.091 4.618 7.597 0.541 9.330 7.596 9.732 9.100 9.787 3.653 12.881 5.808 11.201 5.168 8.832 4.984 11.468 3.741 3.279 14.717 8.722 
12.035 14.033 13.166 11.589 9.449 15.631 13.310 9.768 14.688 13.269 7.475 11.854 4.797 10.875 11.700 11.724 11.867 10.700 7.090 12.941 2.945 12.969 9.689 6.984 4.984 13.849 8.144 6.412 13.844 10.602 
1.069 9.973 16.224 11.826 9.979 5.519 3.182 3.531 10.793 13.476 5.496 0.848 7.112 8.752 1.573 8.153 6.205 10.058 4.952 13.494 11.730 9.474 3.551 12.967 9.176 8.459 3.395 5.658 16.316 7.847 
15.706 8.291 0.819 4.436 6.306 15.563 19.366 12.675 8.032 3.297 11.390 15.737 15.124 7.580 14.967 8.552 10.668 6.166 12.512 3.038 10.807 7.904 17.600 6.812 9.660 9.836 14.975 12.210 0.133 8.454 
1.768 7.366 14.202 9.653 8.095 3.845 5.653 2.188 8.175 11.179 4.681 1.894 8.131 6.513 1.086 5.726 3.664 7.923 4.756 11.245 11.394 6.943 5.877 11.789 8.451 5.814 4.579 5.456 14.198 5.630 
4.975 6.755 11.207 7.058 4.956 7.363 8.222 1.775 7.576 8.857 1.012 4.918 5.917 4.324 4.322 4.356 3.572 5.318 1.942 8.789 7.592 5.866 6.455 7.953 4.563 5.925 3.919 2.297 11.383 3.517 
9.467 10.927 11.228 8.865 6.582 12.705 11.422 6.854 11.609 10.652 4.440 9.315 3.881 7.791 9.026 8.587 8.724 7.765 4.301 10.372 2.664 9.870 8.138 5.508 2.100 10.695 5.995 3.576 11.783 7.468 
9.254 6.083 6.952 3.544 1.214 10.576 12.600 6.038 6.617 5.392 4.322 9.227 8.237 2.996 8.554 4.182 5.470 2.456 5.407 5.169 5.974 5.028 10.518 4.211 3.298 6.440 7.887 5.098 7.246 3.202 
7.087 6.099 14.825 10.396 10.165 2.934 10.235 7.477 6.452 11.093 9.547 7.313 13.906 7.913 6.771 6.635 5.357 9.237 10.130 11.370 15.863 6.609 11.670 14.883 12.709 4.655 10.506 10.713 14.466 7.488 
4.473 13.601 19.941 15.582 13.684 7.815 0.588 7.261 14.402 17.238 8.937 4.365 8.839 12.514 5.185 11.892 9.891 13.813 8.129 17.255 14.489 13.173 3.957 16.312 12.344 12.009 5.862 8.748 20.057 11.609 
5.871 5.798 14.382 9.841 9.354 2.082 9.176 6.212 6.300 10.731 8.337 6.093 12.631 7.136 5.520 5.872 4.330 8.533 8.879 10.969 14.751 6.113 10.431 13.978 11.604 4.171 9.225 9.476 14.092 6.608 
3.679 8.773 13.459 9.386 7.240 7.354 6.187 1.868 9.613 11.189 2.248 3.528 4.669 6.617 3.281 6.482 5.174 7.649 1.543 11.119 8.354 7.981 4.124 9.643 5.776 7.673 1.658 2.257 13.672 5.771 
2.699 11.135 16.696 12.485 10.446 7.164 2.980 4.216 11.971 14.225 5.539 2.468 5.908 9.532 3.058 9.117 7.338 10.719 4.685 14.197 11.134 10.527 1.907 12.867 8.899 9.725 2.478 5.302 16.870 8.638 
7.166 5.688 8.865 4.843 2.627 8.721 10.557 3.952 6.407 6.695 2.527 7.141 7.185 2.643 6.466 3.322 3.842 3.191 3.718 6.579 6.739 4.646 8.695 6.040 3.607 5.469 6.090 3.625 9.060 2.204 
10.276 2.224 10.063 6.317 7.283 7.731 14.081 8.751 1.758 6.290 9.601 10.437 14.617 5.393 9.651 4.563 5.382 6.003 10.654 6.661 14.247 3.293 14.207 11.963 11.309 2.882 12.173 10.940 9.537 5.668 
7.651 2.914 8.358 3.735 2.880 7.644 11.451 4.918 3.649 5.223 4.807 7.712 9.776 0.655 6.910 0.675 2.526 2.121 5.973 5.285 9.267 1.883 10.406 7.634 6.240 2.935 7.981 6.102 8.277 0.613 
13.980 7.337 1.819 2.977 4.440 14.213 17.560 10.878 7.271 2.728 9.462 13.995 13.130 5.999 13.245 7.103 9.155 4.529 10.565 2.306 8.984 6.737 15.669 5.088 7.676 8.698 13.040 10.241 2.127 6.824 
4.719 12.544 17.207 13.287 11.074 9.199 4.079 5.461 13.387 15.106 5.963 4.484 4.527 10.546 4.982 10.347 8.800 11.565 4.851 15.023 10.410 11.824 0.371 12.740 8.677 11.272 2.377 5.262 17.480 9.693 
12.845 9.451 5.751 5.433 4.457 14.519 15.838 9.637 9.779 6.606 7.449 12.783 9.608 6.707 12.190 7.973 9.419 5.603 8.223 6.200 4.485 8.486 13.175 0.509 4.210 10.165 10.638 7.657 6.458 7.099 
12.071 13.643 12.544 11.066 8.969 15.539 13.527 9.672 14.279 12.720 7.313 11.899 5.097 10.476 11.701 11.369 11.615 10.235 7.030 12.386 2.313 12.576 9.956 6.354 4.559 13.526 8.270 6.329 13.229 10.246 
10.932 10.809 9.673 7.994 5.956 13.737 13.208 8.040 11.392 9.644 5.547 10.805 5.846 7.645 10.414 8.658 9.261 7.245 5.769 9.312 1.265 9.741 10.046 3.667 1.894 10.891 7.777 5.055 10.305 7.550 
7.213 5.237 8.688 4.537 2.429 8.528 10.695 4.034 5.954 6.368 2.865 7.202 7.612 2.197 6.498 2.882 3.542 2.838 4.066 6.273 7.120 4.194 8.969 6.210 4.008 5.053 6.383 4.021 8.843 1.760 
0.776 9.620 16.488 11.970 10.318 4.299 3.444 3.991 10.409 13.515 6.281 0.890 8.424 8.835 1.457 8.064 5.987 10.226 5.938 13.576 12.765 9.256 4.821 13.691 10.059 8.003 4.685 6.664 16.508 7.945 
12.753 14.556 13.288 11.950 9.873 16.327 14.015 10.460 15.193 13.586 8.143 12.573 5.485 11.389 12.414 12.277 12.493 11.143 7.791 13.244 3.069 13.489 10.381 7.081 5.473 14.429 8.864 7.106 13.995 11.154 
10.620 3.819 11.709 8.041 8.925 7.412 14.279 9.585 3.471 7.961 10.765 10.807 15.731 6.929 10.071 5.954 6.305 7.666 11.738 8.343 15.799 4.861 14.837 13.650 12.797 3.907 13.009 12.100 11.146 7.077 
11.234 5.587 4.581 1.429 1.680 11.743 14.798 8.117 5.813 3.013 6.759 11.244 10.761 3.446 10.503 4.668 6.589 1.999 7.894 2.718 7.630 4.728 12.967 4.498 5.557 6.595 10.345 7.630 4.763 4.186 
9.193 9.749 10.088 7.590 5.308 12.069 11.546 6.320 10.408 9.383 3.828 9.067 4.770 6.592 8.675 7.454 7.781 6.501 4.037 9.108 2.891 8.685 8.515 4.655 0.836 9.614 6.137 3.331 10.609 6.330 
3.886 6.941 12.136 7.847 5.878 6.443 7.245 0.680 7.782 9.589 1.851 3.838 6.158 4.918 3.226 4.673 3.376 6.081 2.249 9.558 8.568 6.162 5.831 9.049 5.603 5.863 3.486 2.841 12.267 4.040 
2.450 6.888 14.250 9.639 8.306 2.855 6.218 3.022 7.660 11.044 5.472 2.640 9.176 6.507 1.948 5.557 3.427 7.966 5.690 11.151 12.182 6.608 6.858 12.292 9.162 5.241 5.644 6.369 14.180 5.672 
