30 80 30
16.708 83.779 47.279 27.203 36.564 56.343 57.586 96.389 49.166 62.785 99.751 32.010 50.361 66.786 81.020 57.177 31.602 15.001 35.148 17.509 53.524 21.585 15.227 41.498 15.115 34.619 37.917 37.642 37.852 92.214 
3.151 8.338 7.435 26.129 14.166 28.615 19.015 30.511 8.362 27.999 10.481 29.970 11.012 23.995 9.418 25.639 18.563 30.333 11.741 17.003 6.611 26.184 21.058 3.079 18.983 22.315 6.336 23.097 10.020 26.247 21.770 5.110 2.858 7.920 23.905 19.046 7.948 12.648 25.984 19.656 28.608 25.465 12.996 24.065 13.173 16.947 30.571 28.897 2.610 7.004 27.964 23.599 12.823 19.686 2.911 18.420 18.227 4.007 29.391 20.502 29.498 13.495 16.783 23.289 17.893 9.299 24.008 23.164 18.822 6.792 27.214 24.974 10.116 23.427 17.694 14.782 25.278 25.441 2.028 12.846 
19.641 27.135 12.761 13.475 30.265 26.358 32.119 18.494 18.704 34.356 12.091 25.594 30.323 19.007 25.427 12.943 33.567 25.542 24.813 28.017 28.618 19.435 5.059 13.179 23.456 32.503 13.262 30.374 34.567 32.596 
477.749 702.618 744.588 1311.905 957.049 1236.823 1143.138 1456.519 741.151 1290.222 803.089 1328.304 877.684 1283.799 824.173 1261.544 1029.642 1419.355 932.751 1009.107 622.591 1263.123 1180.103 479.506 1132.001 1236.361 661.132 1258.776 753.808 1330.855 1126.842 644.076 492.990 772.308 1246.955 1054.359 699.095 854.684 1293.609 1104.247 1294.226 1239.188 909.151 1307.181 943.385 1008.828 1295.410 1288.775 427.748 722.001 1387.188 1232.800 973.579 1071.857 440.068 1096.475 1062.439 523.434 1257.274 1079.894 1396.165 916.833 1054.601 1149.364 1046.520 736.446 1182.930 1243.925 1139.807 636.831 1244.006 1249.256 770.718 1202.833 1096.159 996.410 1215.544 1247.658 377.360 970.185 
10.963 9.080 7.507 12.822 14.625 3.458 6.996 7.196 11.060 9.544 12.017 8.918 13.017 10.300 9.714 10.454 8.819 7.696 4.615 13.779 5.437 9.494 9.145 7.344 12.776 11.679 9.328 4.057 8.975 10.998 10.304 15.250 11.268 12.218 3.798 2.956 5.568 6.658 8.132 4.448 5.069 4.274 10.766 3.823 6.590 10.175 7.750 8.628 6.822 1.600 12.957 8.845 10.019 7.811 7.430 15.373 11.109 12.698 11.693 14.880 6.043 11.019 11.615 3.967 12.737 3.719 7.086 10.593 15.684 4.805 6.526 12.566 9.158 4.079 2.852 5.377 4.341 9.240 3.789 8.242 
1.483 3.005 8.571 11.228 3.083 9.989 5.879 8.692 7.667 4.041 1.023 7.145 6.454 2.036 6.810 1.675 3.330 11.286 8.928 2.587 8.562 2.800 8.491 6.912 1.059 2.484 3.032 11.129 3.305 4.190 8.554 4.800 10.307 5.447 9.079 9.214 8.394 9.673 3.971 9.528 13.007 7.859 5.160 11.559 5.391 9.053 4.374 3.327 6.353 10.455 11.649 9.278 10.226 10.414 7.614 3.772 2.878 1.998 5.102 3.033 10.730 6.287 9.953 13.983 3.915 12.073 10.518 4.378 3.944 11.408 10.768 3.740 11.722 9.920 12.000 6.577 9.512 5.205 9.869 6.978 
8.657 6.057 9.992 15.281 11.962 2.875 3.139 9.808 12.277 8.844 8.416 2.903 13.037 6.846 3.750 8.059 7.098 11.692 7.608 11.368 1.099 7.691 11.267 8.682 9.927 9.965 5.866 2.984 7.389 5.995 12.185 13.423 13.774 11.958 2.735 3.944 1.090 9.989 5.258 7.988 10.610 3.609 10.683 8.938 4.741 3.848 4.923 6.326 7.601 5.858 15.570 11.475 3.856 11.315 1.507 12.650 9.680 8.631 11.387 11.845 10.145 5.178 13.841 10.141 11.520 9.156 10.823 5.566 12.789 9.595 10.537 11.308 12.970 7.979 8.469 4.682 7.872 9.340 7.667 9.591 
6.417 5.352 3.218 8.664 9.940 5.308 4.997 3.011 6.199 4.553 8.051 7.940 7.936 6.540 8.448 6.024 4.348 5.046 1.310 9.043 5.740 4.926 4.655 2.341 8.299 6.829 5.833 6.744 4.398 8.319 5.717 10.284 7.109 7.118 4.595 3.658 5.718 3.250 4.662 1.919 5.438 3.229 5.665 3.894 3.278 9.968 4.435 4.561 1.730 3.515 8.910 4.718 10.445 4.548 6.890 10.675 6.208 8.956 6.593 10.339 3.732 9.290 7.276 6.310 7.714 4.398 4.146 8.028 11.041 3.896 4.010 7.555 6.214 2.262 4.351 2.364 1.877 4.142 2.191 3.302 
13.107 11.302 8.889 13.865 16.753 5.440 9.222 8.567 12.577 11.532 14.238 11.006 14.748 12.526 11.821 12.616 10.959 8.420 6.228 15.890 7.495 11.623 10.507 9.072 14.942 13.743 11.562 5.632 11.097 13.221 11.668 17.264 12.368 14.033 5.937 5.188 7.642 7.816 10.360 5.888 5.055 6.513 12.597 4.507 8.807 12.085 9.981 10.819 8.719 3.694 13.937 10.057 11.784 8.762 9.506 17.499 13.150 14.932 13.533 17.041 6.920 13.161 12.795 3.222 14.707 4.144 8.008 12.812 17.825 5.486 7.382 14.545 9.842 5.445 3.407 7.578 5.808 11.105 5.241 9.894 
2.142 2.135 8.725 11.962 4.359 8.985 4.766 8.799 8.374 4.443 0.814 5.819 7.498 0.921 5.477 1.915 3.144 11.413 8.632 3.919 7.427 2.857 8.891 6.987 2.378 3.510 1.947 10.047 3.241 2.908 9.118 6.133 10.914 6.434 8.100 8.370 7.254 9.704 3.083 9.242 12.761 7.004 5.901 11.223 4.632 7.721 3.473 2.779 6.247 9.781 12.372 9.616 8.892 10.584 6.348 5.013 3.724 1.624 6.020 4.181 10.670 4.993 10.621 13.555 5.076 11.715 10.593 3.063 5.127 11.187 10.767 4.885 12.004 9.598 11.549 5.878 9.209 5.608 9.503 7.233 
13.690 12.161 8.550 13.074 17.258 6.998 10.408 8.233 12.261 11.839 15.064 12.471 14.639 13.399 13.261 13.249 11.564 7.529 6.292 16.364 8.995 12.191 10.089 9.096 15.562 14.146 12.492 7.383 11.659 14.399 11.217 17.537 11.656 14.042 7.347 6.408 9.126 7.324 11.264 5.813 3.872 7.622 12.654 3.975 9.683 13.712 10.911 11.565 8.970 4.586 13.093 9.510 13.493 8.039 10.986 17.995 13.519 15.842 13.585 17.631 6.246 14.546 12.146 1.802 14.932 3.475 7.300 14.009 18.356 4.794 6.656 14.789 8.863 5.352 3.064 8.424 5.767 11.240 5.254 9.800 
9.015 6.758 13.023 17.756 11.313 7.335 5.183 12.921 14.348 10.358 7.621 2.206 14.273 6.760 1.886 8.520 8.431 15.189 11.232 11.035 5.356 8.752 13.953 11.405 9.488 10.479 6.237 7.306 8.717 4.341 14.635 13.268 16.394 13.157 7.050 8.171 5.242 13.379 6.529 11.725 14.743 7.393 12.208 13.031 7.115 0.945 6.440 7.525 10.305 10.141 18.109 14.384 2.156 14.636 3.456 11.848 10.477 7.262 12.645 10.880 13.814 2.298 16.306 14.498 12.114 13.323 14.288 4.110 11.814 13.545 14.137 11.909 16.293 11.828 12.717 7.781 11.625 11.245 11.554 12.142 
9.916 7.644 8.393 13.891 13.556 0.875 5.051 8.126 11.525 9.089 10.503 6.452 13.022 8.773 7.278 9.347 7.881 9.334 5.510 12.791 2.943 8.571 9.944 7.659 11.582 10.905 7.744 1.612 8.106 8.930 11.040 14.537 12.320 12.078 1.600 1.733 3.099 7.916 6.674 5.639 7.399 2.875 10.644 5.879 5.342 7.552 6.270 7.438 6.816 2.691 14.098 9.870 7.367 9.212 4.950 14.296 10.429 11.025 11.513 13.666 7.664 8.646 12.550 6.582 12.208 5.953 8.571 8.505 14.543 6.730 8.124 12.015 10.753 5.440 5.152 4.399 5.514 9.118 5.103 8.628 
10.835 9.696 5.210 9.899 14.278 6.435 8.592 4.893 8.919 8.761 12.475 11.171 11.320 10.915 11.859 10.460 8.787 4.434 3.218 13.364 8.019 9.354 6.751 5.873 12.716 11.111 10.124 7.419 8.830 12.391 7.886 14.375 8.426 10.762 6.340 5.139 8.096 3.989 8.904 2.652 1.561 5.920 9.404 0.642 7.366 12.830 8.609 8.964 5.918 3.240 9.960 6.198 12.924 4.803 9.807 14.999 10.463 13.354 10.327 14.727 2.968 12.967 8.883 1.916 11.757 0.159 4.051 12.046 15.388 1.512 3.414 11.627 5.865 2.219 0.726 6.158 2.641 8.049 2.249 6.509 
9.127 6.635 12.146 17.153 11.873 5.704 4.391 12.008 13.884 10.052 8.144 1.749 14.143 6.956 2.171 8.575 8.139 14.124 10.080 11.468 3.829 8.579 13.232 10.637 9.928 10.570 6.214 5.569 8.437 5.035 14.018 13.668 15.721 13.028 5.529 6.706 3.746 12.350 6.164 10.526 13.358 6.111 11.934 11.664 6.360 1.014 5.972 7.247 9.524 8.655 17.481 13.572 1.466 13.647 2.213 12.476 10.457 8.003 12.484 11.554 12.661 3.368 15.697 12.967 12.205 11.914 13.232 4.689 12.507 12.254 13.018 11.995 15.313 10.577 11.259 6.778 10.418 10.803 10.283 11.454 
4.365 1.955 6.730 11.462 7.919 5.038 1.381 6.658 8.165 4.443 4.851 4.194 8.626 3.118 4.505 3.770 2.648 9.072 5.435 7.205 3.826 3.253 7.615 5.072 5.916 5.570 2.121 6.236 2.940 4.196 8.330 9.123 10.068 7.534 4.123 4.334 3.681 7.244 0.986 6.018 9.450 2.968 6.314 7.782 0.891 6.390 0.582 1.913 3.981 5.846 11.803 8.055 7.179 8.429 3.678 8.650 5.243 5.489 6.967 7.985 7.889 5.164 10.007 9.891 7.087 8.215 8.174 3.877 8.875 7.992 8.132 6.877 10.059 6.266 7.889 2.056 5.948 5.095 6.083 5.806 
1.867 4.454 7.922 9.602 2.088 11.186 7.392 8.112 6.172 3.460 3.142 9.093 4.494 3.885 8.838 2.466 3.871 10.578 8.984 1.172 10.031 3.180 7.448 6.494 1.419 1.106 4.710 12.451 3.681 6.315 7.249 2.913 8.884 3.604 10.253 10.152 9.877 9.172 5.299 9.542 12.851 8.865 3.772 11.587 6.399 11.091 5.676 4.339 6.276 11.071 10.033 8.302 12.228 9.665 9.375 2.807 1.770 3.986 3.400 2.661 10.337 8.406 8.446 14.105 1.866 12.122 9.916 6.475 3.201 11.253 10.279 1.728 10.760 9.978 12.203 7.402 9.554 4.415 10.000 6.260 
7.706 9.021 3.950 2.190 9.201 12.190 10.671 4.262 1.426 5.440 10.033 13.526 3.756 9.558 13.727 7.878 7.268 5.018 6.879 8.397 12.329 7.142 2.315 4.663 8.881 6.702 9.609 13.632 7.011 12.260 1.176 7.981 1.390 4.107 11.433 10.548 12.264 4.963 9.083 7.012 8.619 9.960 3.934 8.332 8.719 15.731 9.173 8.148 5.707 10.050 2.588 2.737 16.510 4.281 12.940 9.670 6.218 11.075 4.178 10.011 6.003 14.009 0.876 10.575 5.937 8.791 4.980 12.186 10.155 7.453 5.616 5.978 4.275 7.408 9.392 8.631 7.117 4.396 7.676 3.718 
12.076 10.208 8.282 13.456 15.734 4.339 8.087 7.964 11.912 10.600 13.144 9.889 13.969 11.426 10.700 11.572 9.930 8.148 5.481 14.883 6.381 10.602 9.919 8.282 13.896 12.766 10.453 4.656 10.080 12.084 11.083 16.320 11.924 13.206 4.805 4.055 6.525 7.317 9.259 5.224 5.108 5.389 11.758 4.187 7.717 11.022 8.876 9.752 7.835 2.673 13.561 9.545 10.771 8.377 8.390 16.481 12.187 13.823 12.690 15.998 6.555 12.032 12.311 3.599 13.789 3.942 7.632 11.675 16.797 5.195 7.033 13.621 9.601 4.810 3.099 6.502 5.129 10.244 4.561 9.148 
1.982 4.079 5.817 7.922 4.154 9.991 6.717 6.012 4.361 1.488 4.266 8.991 3.492 4.126 8.931 2.318 2.737 8.474 7.051 3.229 9.167 2.160 5.386 4.437 3.180 1.022 4.554 11.352 2.452 6.867 5.300 4.252 7.021 2.382 9.063 8.753 9.034 7.078 4.633 7.582 10.807 7.572 1.855 9.610 5.267 11.142 4.926 3.533 4.356 9.407 8.343 6.227 12.159 7.562 8.929 4.835 0.431 5.296 1.911 4.767 8.254 8.836 6.650 12.145 1.782 10.149 7.811 6.897 5.262 9.218 8.182 1.589 8.690 8.030 10.293 6.029 7.606 2.315 8.083 4.155 
11.929 9.943 8.598 13.877 15.598 3.736 7.672 8.285 12.163 10.597 12.874 9.312 14.115 11.145 10.135 11.405 9.794 8.669 5.717 14.766 5.801 10.477 10.237 8.446 13.718 12.696 10.150 3.931 9.964 11.646 11.397 16.285 12.330 13.308 4.297 3.701 5.952 7.715 8.982 5.535 5.782 5.064 11.854 4.732 7.476 10.362 8.590 9.549 7.906 2.677 14.002 9.918 10.071 8.835 7.810 16.346 12.139 13.508 12.778 15.823 7.039 11.490 12.689 4.350 13.791 4.544 8.100 11.230 16.644 5.735 7.522 13.617 10.129 5.152 3.681 6.302 5.430 10.324 4.872 9.346 
4.274 6.862 9.310 9.628 1.843 13.547 9.801 9.554 6.674 5.331 5.161 11.418 4.214 6.224 11.105 4.873 6.186 11.796 10.873 1.744 12.437 5.497 8.459 8.165 3.283 3.169 7.098 14.835 5.963 8.443 7.938 0.510 9.290 3.868 12.613 12.446 12.284 10.637 7.706 11.388 14.498 11.192 4.811 13.394 8.753 13.348 8.079 6.727 8.193 13.228 10.057 9.335 14.519 10.875 11.766 1.941 3.711 5.744 4.031 2.688 11.853 10.538 8.745 15.935 2.301 13.934 11.259 8.660 2.405 12.935 11.713 2.404 11.696 11.841 14.116 9.693 11.418 5.984 11.909 7.697 
5.572 4.288 3.951 9.210 9.180 5.016 3.980 3.805 6.412 4.027 7.054 6.953 7.800 5.495 7.421 5.129 3.443 6.051 2.397 8.307 5.066 4.074 5.189 2.629 7.442 6.158 4.752 6.464 3.542 7.220 6.146 9.718 7.693 6.880 4.189 3.494 5.016 4.230 3.568 3.000 6.506 2.677 5.434 4.916 2.188 9.033 3.336 3.539 1.626 3.939 9.492 5.410 9.584 5.480 5.994 9.924 5.579 7.928 6.324 9.516 4.811 8.219 7.780 7.252 7.220 5.400 5.149 6.930 10.264 4.983 5.065 7.044 7.140 3.310 5.256 1.431 2.947 3.899 3.191 3.577 
4.233 5.969 4.580 5.661 5.823 10.792 8.205 4.853 2.133 2.399 6.532 10.790 1.958 6.263 10.842 4.491 4.319 6.969 6.669 4.961 10.366 3.979 3.627 3.818 5.332 3.151 6.515 12.223 4.024 9.012 3.226 5.060 4.838 1.164 9.909 9.334 10.259 5.924 6.288 7.081 9.861 8.364 0.517 8.957 6.442 12.988 6.489 5.222 4.316 9.522 6.083 4.503 13.915 6.050 10.498 6.379 2.692 7.561 0.804 6.582 7.152 10.904 4.422 11.477 2.599 9.490 6.470 8.999 6.854 8.358 6.962 2.579 6.892 7.542 9.818 6.831 7.139 1.948 7.686 3.090 
11.275 10.210 5.390 9.835 14.677 6.988 9.160 5.081 9.068 9.142 12.963 11.749 11.537 11.422 12.436 10.916 9.252 4.308 3.655 13.759 8.594 9.803 6.872 6.200 13.153 11.500 10.648 7.940 9.283 12.942 7.983 14.705 8.400 11.025 6.911 5.713 8.672 4.110 9.433 3.065 1.040 6.497 9.694 1.021 7.905 13.406 9.144 9.461 6.326 3.802 9.871 6.261 13.493 4.779 10.385 15.392 10.847 13.855 10.608 15.147 2.990 13.539 8.886 1.623 12.086 0.542 4.039 12.601 15.789 1.557 3.396 11.963 5.696 2.660 1.221 6.707 3.071 8.381 2.737 6.777 
3.952 4.013 10.789 13.798 4.570 10.374 6.099 10.866 10.225 6.430 1.619 6.191 9.007 2.800 5.598 3.892 5.212 13.480 10.644 4.547 8.592 4.909 10.902 9.054 3.171 5.065 3.629 11.267 5.308 2.741 11.059 6.714 12.835 8.022 9.550 10.000 8.412 11.773 4.861 11.255 14.776 8.649 7.721 13.208 6.442 7.666 5.210 4.785 8.310 11.563 14.217 11.647 8.923 12.648 7.128 5.006 5.450 0.588 7.686 4.011 12.731 4.624 12.503 15.487 6.416 13.688 12.662 3.123 4.920 13.214 12.834 6.258 14.052 11.596 13.477 7.702 11.216 7.604 11.484 9.279 
11.016 8.700 9.382 14.868 14.643 1.731 6.008 9.103 12.598 10.219 11.524 7.053 14.141 9.802 7.897 10.442 8.998 10.134 6.459 13.889 3.639 9.686 10.959 8.733 12.658 12.025 8.767 1.345 9.226 9.777 12.071 15.656 13.295 13.202 2.625 2.851 3.813 8.816 7.734 6.522 7.870 3.995 11.766 6.481 6.445 7.869 7.330 8.533 7.919 3.432 15.059 10.840 7.503 10.084 5.572 15.381 11.554 12.003 12.638 14.733 8.456 9.305 13.550 6.775 13.337 6.469 9.414 9.347 15.619 7.399 8.928 13.142 11.576 6.274 5.622 5.527 6.399 10.237 5.941 9.700 
5.913 6.387 1.401 5.274 8.602 8.867 7.532 1.665 2.656 3.355 8.154 10.470 4.845 7.211 10.768 5.844 4.692 3.992 3.802 7.684 9.020 4.833 1.336 1.335 7.566 5.499 6.984 10.312 4.509 9.715 2.182 8.189 3.806 4.338 8.101 7.237 8.962 2.740 6.209 4.094 6.672 6.628 3.105 5.834 5.559 12.650 6.213 5.454 2.417 6.911 5.580 1.933 13.346 3.081 9.750 9.247 4.850 9.203 3.966 9.247 3.967 11.240 3.829 8.326 5.613 6.359 3.362 9.560 9.696 5.182 3.802 5.532 4.332 4.542 6.762 5.331 4.174 2.215 4.743 0.486 
11.136 9.635 6.405 11.408 14.715 5.199 8.051 6.083 10.103 9.331 12.525 10.355 12.334 10.873 11.103 10.694 9.009 6.037 3.847 13.824 7.002 9.637 8.019 6.694 13.008 11.618 9.986 5.998 9.106 12.002 9.178 15.050 9.897 11.665 5.300 4.197 7.106 5.328 8.755 3.445 3.088 5.265 10.248 2.076 7.174 11.825 8.412 9.019 6.468 2.237 11.496 7.569 11.787 6.310 8.915 15.453 10.997 13.321 11.184 15.079 4.473 12.316 10.314 2.152 12.457 1.823 5.558 11.625 15.809 3.081 4.945 12.307 7.486 2.990 0.977 5.915 3.376 8.793 2.823 7.471 
2.274 4.756 8.595 10.181 1.456 11.613 7.706 8.784 6.793 4.117 2.999 9.214 4.974 4.030 8.899 2.850 4.380 11.253 9.613 0.600 10.372 3.698 8.116 7.156 1.124 1.775 4.938 12.845 4.216 6.264 7.894 2.714 9.507 4.156 10.683 10.640 10.212 9.843 5.652 10.177 13.506 9.332 4.426 12.225 6.849 11.144 6.041 4.758 6.909 11.627 10.613 8.972 12.312 10.340 9.598 2.195 2.438 3.710 4.003 1.987 11.004 8.362 9.056 14.736 2.344 12.759 10.589 6.466 2.561 11.907 10.950 2.246 11.428 10.610 12.823 7.901 10.186 5.088 10.624 6.933 
1.835 4.337 6.795 8.542 3.168 10.684 7.162 6.996 5.058 2.446 3.823 9.193 3.654 4.091 9.042 2.360 3.319 9.436 8.016 2.244 9.714 2.653 6.290 5.427 2.413 0.370 4.721 12.008 3.071 6.743 6.104 3.388 7.763 2.645 9.750 9.525 9.571 8.064 5.044 8.555 11.797 8.296 2.622 10.589 5.903 11.285 5.381 3.982 5.312 10.285 8.970 7.144 12.361 8.520 9.288 3.844 0.768 4.789 2.342 3.807 9.243 8.788 7.344 13.120 1.272 11.127 8.788 6.835 4.274 10.207 9.167 1.063 9.601 9.001 11.254 6.777 8.576 3.301 9.045 5.134 
5.754 4.039 4.923 10.192 9.420 4.173 3.137 4.764 7.337 4.606 6.936 6.070 8.571 5.277 6.588 5.246 3.614 6.915 3.030 8.585 4.085 4.295 6.172 3.603 7.570 6.543 4.411 5.609 3.784 6.668 7.119 10.162 8.678 7.601 3.302 2.782 4.032 5.113 3.180 3.587 6.979 1.761 6.179 5.309 1.621 8.108 2.866 3.455 2.559 3.682 10.476 6.390 8.623 6.394 5.044 10.168 6.018 7.725 7.033 9.672 5.573 7.477 8.759 7.466 7.754 5.746 6.015 6.342 10.474 5.542 5.872 7.566 8.060 3.806 5.456 0.495 3.508 4.673 3.612 4.539 
3.509 1.711 5.772 10.285 7.169 5.870 2.623 5.741 6.941 3.211 4.555 5.376 7.402 2.931 5.607 2.953 1.519 8.260 4.960 6.382 4.932 2.189 6.509 4.044 5.248 4.543 2.186 7.173 1.788 4.780 7.161 8.159 8.923 6.317 4.935 4.867 4.802 6.448 1.087 5.568 9.082 3.549 5.075 7.490 1.076 7.583 1.040 1.079 3.014 6.055 10.636 7.013 8.408 7.548 4.922 7.914 4.143 5.377 5.747 7.352 7.232 6.091 8.833 9.778 5.982 7.967 7.377 4.543 8.189 7.546 7.417 5.775 9.137 5.888 7.769 2.173 5.521 3.859 5.765 4.691 
11.839 10.079 7.731 12.844 15.479 4.609 8.114 7.411 11.391 10.254 13.012 10.084 13.510 11.309 10.878 11.353 9.691 7.504 4.994 14.614 6.601 10.352 9.363 7.826 13.680 12.464 10.359 5.094 9.825 12.116 10.526 15.985 11.322 12.777 4.962 4.078 6.734 6.725 9.147 4.692 4.447 5.358 11.337 3.542 7.582 11.326 8.774 9.571 7.446 2.440 12.942 8.961 11.140 7.755 8.596 16.225 11.871 13.729 12.272 15.776 5.925 12.178 11.720 3.006 13.430 3.282 7.007 11.716 16.554 4.549 6.401 13.268 8.954 4.263 2.447 6.342 4.604 9.839 4.034 8.666 
5.589 7.357 8.339 7.643 10.141 8.630 3.174 4.609 11.532 1.691 3.970 5.108 5.964 8.207 10.546 4.367 3.667 7.294 2.379 9.409 10.158 9.177 8.170 9.694 6.107 4.840 7.602 5.448 2.062 10.363 
3.346 7.075 9.707 5.293 10.861 9.938 4.563 7.086 10.173 3.789 5.832 5.583 3.435 5.793 10.772 6.834 5.645 6.970 4.982 8.855 7.565 10.653 9.585 7.118 3.757 7.039 5.783 3.640 0.917 9.858 
6.357 1.051 4.502 7.448 3.981 4.485 4.331 7.445 6.312 8.674 10.827 2.053 7.647 8.069 3.574 7.282 5.250 1.157 7.631 2.855 12.051 5.450 4.560 11.944 6.846 11.191 5.459 5.180 7.728 3.587 
11.480 6.483 1.527 12.848 2.724 1.267 6.774 7.188 11.074 10.883 12.426 5.891 12.706 13.489 4.755 7.210 6.342 6.612 8.943 7.357 17.312 0.887 1.700 17.130 12.038 12.088 10.950 10.362 11.370 7.423 
9.217 10.460 9.676 11.248 12.167 10.024 5.631 4.037 15.057 2.226 1.498 7.915 9.442 11.782 13.060 3.946 5.044 10.427 2.358 12.579 13.205 10.250 9.456 12.666 9.704 1.243 11.267 9.119 5.190 13.466 
3.760 7.545 12.827 1.703 12.223 12.874 9.459 13.050 6.029 10.753 12.802 8.533 3.665 1.225 10.949 12.801 10.936 7.407 11.527 7.682 4.541 13.822 12.834 4.797 3.246 14.018 3.009 4.251 7.871 8.408 
1.645 7.328 11.365 2.719 11.811 11.526 6.742 9.827 8.744 6.708 8.619 6.871 0.636 3.055 11.206 9.571 8.076 7.193 7.880 8.562 4.845 12.366 11.293 4.510 1.509 9.917 4.156 2.768 3.747 9.530 
6.220 0.739 4.803 7.241 4.139 4.777 4.538 7.723 5.991 8.825 10.998 2.249 7.516 7.853 3.569 7.557 5.509 0.855 7.844 2.567 11.869 5.743 4.867 11.777 6.693 11.397 5.213 5.040 7.774 3.337 
8.422 4.726 2.061 10.065 4.324 2.347 3.193 4.377 10.027 7.378 9.092 2.878 9.555 10.730 5.545 4.301 2.877 4.802 5.584 6.476 14.244 2.965 1.910 13.992 9.017 8.978 8.509 7.409 7.802 7.020 
5.133 4.945 6.114 7.106 7.631 6.366 0.943 4.348 9.597 4.095 6.274 2.557 6.015 7.755 7.988 4.103 2.284 4.901 3.366 7.051 10.665 7.039 5.979 10.324 5.742 6.790 6.321 4.465 3.741 7.964 
6.265 9.387 10.659 8.137 12.455 10.955 5.505 6.367 13.028 1.783 3.084 7.335 6.145 8.579 12.771 6.156 5.913 9.306 3.907 11.350 9.519 11.479 10.486 8.963 6.629 4.488 8.712 6.551 2.024 12.335 
4.561 10.303 14.222 4.679 14.789 14.403 9.340 11.966 11.126 8.041 9.420 9.776 3.279 4.582 14.178 11.717 10.532 10.167 9.730 11.441 3.170 15.211 14.134 2.565 4.222 10.895 6.731 5.727 5.324 12.385 
9.295 7.061 4.096 11.207 6.913 4.454 3.323 1.781 12.370 5.892 7.106 4.641 10.209 11.867 8.270 1.793 1.927 7.105 3.751 9.003 14.846 4.559 3.862 14.487 9.908 6.673 10.086 8.511 7.326 9.639 
4.534 8.128 10.226 6.408 11.652 10.486 4.979 6.860 11.408 2.911 4.742 6.389 4.441 6.863 11.722 6.620 5.801 8.032 4.538 9.984 8.134 11.128 10.082 7.624 4.895 6.048 7.016 4.878 0.427 10.983 
5.086 10.759 14.422 5.429 15.151 14.621 9.414 11.819 11.861 7.701 8.918 10.041 3.852 5.377 14.638 11.575 10.527 10.627 9.511 12.004 3.851 15.399 14.322 3.216 4.820 10.416 7.401 6.219 5.154 12.964 
5.013 7.132 8.529 7.061 10.173 8.806 3.292 5.135 11.117 2.126 4.389 5.024 5.365 7.618 10.461 4.888 3.998 7.059 2.967 9.144 9.575 9.402 8.373 9.117 5.522 5.356 7.092 4.923 1.545 10.114 
3.626 5.640 7.956 5.687 9.154 8.184 2.873 5.859 9.432 3.802 6.074 3.875 4.279 6.294 9.185 5.603 4.101 5.553 4.157 7.578 8.834 8.907 7.837 8.461 4.198 6.987 5.461 3.325 2.113 8.564 
8.423 2.751 5.263 9.031 2.998 5.059 6.972 9.734 5.598 11.380 13.509 4.739 9.713 9.566 1.302 9.608 7.706 2.873 10.236 2.057 13.740 5.920 5.430 13.738 8.811 13.804 6.796 7.261 10.379 1.878 
4.513 1.927 7.446 4.947 6.540 7.429 5.822 9.464 4.032 9.313 11.590 3.880 5.762 5.494 5.364 9.256 7.147 1.801 8.937 2.407 9.657 8.395 7.498 9.657 4.819 12.302 2.735 3.430 7.442 3.378 
8.461 9.534 8.899 10.509 11.316 9.241 4.709 3.466 14.155 1.692 2.088 6.991 8.769 11.063 12.163 3.331 4.185 9.501 1.469 11.653 12.709 9.518 8.684 12.192 8.969 2.168 10.429 8.298 4.583 12.540 
2.974 8.165 13.004 1.571 12.878 13.106 8.938 12.288 7.806 9.390 11.285 8.518 2.201 1.169 11.874 12.033 10.363 8.022 10.480 8.789 3.145 14.015 12.972 3.170 2.361 12.599 3.839 3.950 6.430 9.638 
4.302 6.018 7.817 6.366 9.237 8.068 2.599 5.262 10.036 3.181 5.462 4.008 4.891 6.966 9.416 5.006 3.657 5.942 3.473 8.020 9.371 8.738 7.681 8.972 4.865 6.323 6.140 4.014 2.042 8.992 
7.497 2.690 2.892 8.821 3.186 2.913 3.908 6.355 7.881 8.423 10.418 2.108 8.748 9.464 3.685 6.231 4.386 2.794 7.017 4.269 13.307 3.868 2.934 13.146 8.039 10.565 6.964 6.359 8.052 4.803 
4.895 1.904 5.326 6.299 5.577 5.421 3.065 6.625 6.820 7.094 9.309 1.057 6.148 6.955 5.341 6.423 4.312 1.858 6.320 4.008 10.714 6.335 5.308 10.545 5.442 9.817 4.643 3.764 5.967 4.924 
7.245 9.165 9.454 9.255 11.580 9.776 4.645 4.613 13.412 0.203 2.089 6.794 7.415 9.774 12.177 4.424 4.614 9.110 2.183 11.243 11.202 10.186 9.259 10.675 7.711 3.069 9.415 7.241 3.154 12.183 
6.656 7.280 7.289 8.719 9.396 7.604 2.524 3.147 11.922 2.097 4.027 4.771 7.203 9.321 10.061 2.903 2.461 7.244 1.129 9.396 11.544 8.053 7.099 11.099 7.218 4.430 8.361 6.303 3.520 10.292 
3.541 7.632 10.294 5.377 11.459 10.528 5.126 7.493 10.554 3.880 5.778 6.182 3.405 5.827 11.353 7.244 6.159 7.525 5.295 9.376 7.254 11.235 10.169 6.776 3.874 7.067 6.086 3.998 0.923 10.380 
5.063 8.938 14.265 3.012 13.583 14.306 10.875 14.433 6.830 11.928 13.898 9.983 4.719 2.395 12.233 14.181 12.348 8.802 12.830 8.926 4.029 15.257 14.275 4.456 4.500 15.171 4.430 5.663 8.995 9.586 
3.881 5.563 7.696 5.937 8.957 7.929 2.582 5.574 9.505 3.712 5.992 3.687 4.567 6.551 9.043 5.319 3.801 5.482 3.927 7.538 9.132 8.641 7.573 8.761 4.460 6.851 5.625 3.517 2.283 8.516 
5.414 10.292 12.936 6.682 14.189 13.185 7.704 9.462 12.659 5.045 6.065 8.910 4.630 6.903 14.059 9.233 8.548 10.178 7.045 11.929 6.625 13.853 12.799 6.015 5.476 7.573 8.063 6.245 3.093 12.932 
8.364 3.852 1.812 9.812 3.131 1.912 3.938 5.680 9.025 8.364 10.207 2.756 9.578 10.465 4.233 5.594 4.003 3.954 6.720 5.373 14.204 2.819 1.815 14.008 8.931 10.188 8.042 7.264 8.405 5.827 
10.272 10.278 8.340 12.337 11.105 8.699 5.444 2.467 15.277 3.912 3.684 7.649 10.735 12.927 12.289 2.508 4.344 10.275 2.504 12.382 14.853 8.751 8.107 14.355 10.822 2.679 11.963 9.931 6.689 13.176 
10.002 4.911 1.208 11.310 1.833 0.916 5.717 6.905 9.600 10.067 11.806 4.490 11.247 11.946 3.625 6.871 5.591 5.040 8.297 5.867 15.815 1.739 1.431 15.652 10.547 11.654 9.385 8.866 10.216 6.027 
8.249 6.531 4.587 10.193 7.137 4.931 2.302 1.726 11.764 4.954 6.397 3.969 9.128 10.849 8.258 1.579 0.838 6.555 2.916 8.568 13.748 5.226 4.371 13.382 8.860 6.176 9.185 7.514 6.219 9.289 
2.827 6.924 12.082 0.781 11.638 12.145 8.559 12.130 6.103 9.834 11.901 7.722 2.824 0.546 10.475 11.880 10.033 6.783 10.592 7.284 4.658 13.084 12.078 4.792 2.324 13.101 2.398 3.347 6.969 8.083 
2.917 5.867 11.177 1.481 10.549 11.215 8.063 11.733 4.974 9.901 12.063 6.950 3.414 1.717 9.312 11.489 9.544 5.729 10.407 6.087 5.880 12.167 11.190 6.009 2.621 13.166 1.338 2.977 7.176 6.868 
2.874 8.149 12.941 1.600 12.856 13.048 8.826 12.156 7.906 9.225 11.112 8.447 2.049 1.265 11.878 11.900 10.246 8.006 10.331 8.816 3.152 13.952 12.906 3.140 2.265 12.429 3.870 3.881 6.264 9.675 
6.617 0.937 5.419 7.350 4.107 5.329 5.613 8.789 5.131 9.845 12.039 3.324 7.911 7.918 3.012 8.627 6.588 1.050 8.920 1.526 12.047 6.284 5.521 12.012 7.024 12.468 5.175 5.447 8.632 2.255 
2.377 6.597 9.778 4.328 10.661 9.981 4.833 7.726 9.322 4.734 6.803 5.446 2.532 4.841 10.396 7.471 6.073 6.482 5.766 8.247 6.898 10.753 9.677 6.503 2.788 7.996 4.863 2.766 1.884 9.251 
5.047 2.014 7.544 5.318 6.388 7.498 6.312 9.907 3.538 9.901 12.177 4.274 6.273 5.826 5.055 9.706 7.595 1.915 9.472 1.916 10.019 8.464 7.615 10.051 5.318 12.866 3.058 3.996 8.052 2.846 
8.338 4.534 8.933 8.051 6.627 8.751 9.410 12.732 2.355 13.330 15.591 7.162 9.458 8.384 4.635 12.564 10.500 4.543 12.690 2.442 12.499 9.629 9.085 12.669 8.487 16.179 5.893 7.401 11.574 1.878 
1.551 5.644 10.620 1.009 10.361 10.699 7.020 10.615 5.976 8.560 10.707 6.209 2.199 1.657 9.360 10.366 8.496 5.501 9.159 6.337 5.667 11.626 10.605 5.648 1.303 11.830 1.471 1.810 5.811 7.229 
6.910 5.222 4.554 8.809 6.607 4.852 0.953 3.065 10.377 4.896 6.738 2.605 7.863 9.470 7.415 2.865 0.759 5.231 3.291 7.308 12.533 5.394 4.383 12.201 7.523 6.836 7.735 6.114 5.429 8.092 
6.636 3.618 8.761 6.352 6.946 8.643 8.300 11.817 1.757 11.948 14.224 6.163 7.743 6.709 5.164 11.627 9.524 3.577 11.502 2.001 10.861 9.580 8.876 11.006 6.772 14.913 4.177 5.733 10.016 2.232 
1.043 5.465 9.412 3.105 9.857 9.565 5.001 8.375 7.748 6.074 8.241 4.906 1.955 3.713 9.338 8.121 6.418 5.335 6.734 6.903 6.651 10.416 9.347 6.389 1.628 9.341 3.288 1.198 3.407 7.899 
6.617 12.373 16.428 6.287 16.928 16.606 11.542 14.063 12.634 9.941 11.058 11.969 5.319 5.997 16.229 13.817 12.710 12.234 11.763 13.366 2.712 17.419 16.342 2.140 6.196 12.571 8.503 7.797 7.396 14.277 
1.980 6.464 9.869 3.925 10.638 10.060 5.027 8.034 8.995 5.135 7.206 5.474 2.159 4.441 10.295 7.779 6.315 6.344 6.124 8.044 6.616 10.854 9.777 6.245 2.384 8.398 4.502 2.446 2.284 9.046 
3.104 6.168 8.838 5.155 9.929 9.059 3.779 6.634 9.510 3.973 6.169 4.654 3.546 5.722 9.841 6.378 4.979 6.067 4.745 7.994 7.998 9.797 8.724 7.605 3.620 7.238 5.277 3.095 1.581 8.994 
3.791 2.561 6.383 5.283 6.668 6.495 3.228 6.948 6.728 6.663 8.930 1.913 5.037 5.946 6.297 6.723 4.651 2.463 6.235 4.474 9.623 7.394 6.350 9.442 4.348 9.598 3.834 2.680 5.145 5.457 
4.461 5.080 10.615 3.446 9.489 10.592 8.442 12.170 3.002 11.046 13.287 6.850 5.244 3.657 7.996 11.941 9.880 4.961 11.203 4.663 7.706 11.558 10.669 7.896 4.346 14.255 1.865 4.038 8.553 5.284 
11.786 6.678 1.943 13.112 2.648 1.660 7.178 7.616 11.133 11.310 12.859 6.224 13.022 13.749 4.689 7.640 6.769 6.811 9.376 7.436 17.608 1.301 2.125 17.437 12.337 12.518 11.178 10.658 11.765 7.445 
7.792 2.455 3.179 8.946 2.594 3.100 4.736 7.216 7.354 9.245 11.268 2.758 9.072 9.569 2.820 7.097 5.262 2.585 7.884 3.654 13.531 4.062 3.281 13.409 8.302 11.437 6.956 6.625 8.725 4.071 
7.184 12.878 17.205 6.490 17.516 17.364 12.458 15.136 12.613 11.118 12.301 12.706 5.911 6.085 16.687 14.888 13.685 12.737 12.882 13.695 2.130 18.206 17.132 1.802 6.693 13.809 8.758 8.356 8.484 14.565 
7.888 2.130 4.605 8.680 2.823 4.445 6.059 8.827 5.978 10.487 12.602 3.844 9.186 9.250 1.765 8.697 6.784 2.268 9.316 2.254 13.374 5.357 4.750 13.332 8.317 12.884 6.505 6.711 9.579 2.462 
3.585 9.311 13.632 3.263 13.922 13.783 9.035 12.010 9.700 8.496 10.137 9.123 2.309 3.101 13.150 11.756 10.346 9.171 9.936 10.263 2.608 14.637 13.567 2.216 3.117 11.551 5.422 4.761 5.587 11.177 
9.956 11.145 10.112 11.983 12.690 10.465 6.290 4.335 15.789 2.941 1.648 8.579 10.160 12.512 13.652 4.284 5.602 11.116 2.987 13.266 13.851 10.634 9.887 13.301 10.439 0.607 12.015 9.866 5.896 14.143 
6.240 6.616 6.829 8.293 8.822 7.133 1.889 3.283 11.286 2.645 4.671 4.113 6.882 8.910 9.431 3.028 2.087 6.580 1.692 8.732 11.334 7.637 6.651 10.917 6.820 5.092 7.814 5.801 3.508 9.628 
6.908 10.389 11.696 8.663 13.512 11.995 6.559 7.209 13.857 2.568 3.091 8.382 6.610 9.048 13.814 7.013 6.923 10.305 4.759 12.324 9.524 12.503 11.519 8.934 7.206 4.605 9.448 7.324 2.826 13.314 
7.673 6.124 4.719 9.619 7.093 5.049 1.731 2.133 11.308 4.684 6.293 3.523 8.557 10.274 8.085 1.941 0.264 6.138 2.784 8.192 13.184 5.440 4.518 12.823 8.284 6.211 8.632 6.941 5.733 8.948 
9.335 11.023 10.501 11.327 12.937 10.846 6.267 4.908 15.460 2.308 0.667 8.529 9.440 11.829 13.763 4.812 5.807 10.981 3.088 13.131 12.973 11.095 10.284 12.411 9.786 1.033 11.518 9.346 5.164 14.041 
7.075 1.959 6.391 7.475 4.576 6.254 6.806 10.018 4.141 10.952 13.171 4.523 8.338 7.981 2.972 9.855 7.814 2.013 10.111 0.413 12.177 7.182 6.518 12.207 7.402 13.646 5.215 5.954 9.552 1.062 
6.025 11.491 14.696 6.683 15.692 14.923 9.535 11.531 13.050 7.143 8.045 10.469 4.903 6.700 15.349 11.298 10.496 11.365 9.129 12.902 5.182 15.644 14.576 4.536 5.869 9.566 8.510 7.079 5.002 13.884 
10.031 5.192 0.574 11.431 2.466 0.337 5.416 6.341 10.053 9.668 11.342 4.435 11.252 12.078 4.240 6.319 5.152 5.313 7.834 6.320 15.867 1.292 0.796 15.679 10.593 11.136 9.581 8.920 9.980 6.545 
8.609 6.113 10.928 7.818 8.700 10.764 10.842 14.343 1.378 14.413 16.694 8.693 9.549 7.994 6.710 14.157 12.057 6.085 14.036 4.216 11.853 11.659 11.070 12.121 8.610 17.425 5.970 7.883 12.331 3.894 
8.069 7.667 6.430 10.113 8.909 6.773 2.826 1.508 12.667 3.278 4.554 5.040 8.725 10.737 9.888 1.267 1.829 7.662 1.114 9.778 13.148 7.057 6.215 12.715 8.654 4.391 9.506 7.569 5.160 10.590 
7.031 4.142 9.201 6.617 7.273 9.071 8.840 12.352 1.330 12.471 14.749 6.699 8.100 6.932 5.423 12.163 10.061 4.105 12.041 2.413 11.038 9.999 9.323 11.211 7.133 15.447 4.504 6.170 10.503 2.455 
7.522 1.864 5.334 8.167 3.526 5.185 6.322 9.298 5.225 10.653 12.818 4.046 8.813 8.715 2.144 9.153 7.176 1.981 9.618 1.501 12.875 6.104 5.471 12.861 7.914 13.181 5.950 6.358 9.537 1.789 
5.051 10.053 12.867 6.267 14.034 13.107 7.659 9.580 12.292 5.252 6.392 8.764 4.225 6.478 13.847 9.346 8.566 9.936 7.189 11.647 6.236 13.797 12.736 5.633 5.088 7.888 7.692 5.920 3.075 12.647 
10.205 11.571 10.598 12.215 13.171 10.951 6.731 4.815 16.160 3.162 1.488 9.018 10.354 12.729 14.121 4.767 6.076 11.539 3.438 13.690 13.928 11.118 10.373 13.367 10.672 0.130 12.322 10.162 6.079 14.575 
6.967 2.992 7.850 6.956 5.944 7.715 7.838 11.231 2.687 11.727 13.987 5.615 8.151 7.375 4.159 11.054 8.972 2.985 11.104 1.064 11.567 8.641 7.976 11.670 7.183 14.583 4.706 5.958 10.010 1.259 
7.380 1.985 5.977 7.870 4.094 5.828 6.712 9.812 4.589 10.951 13.147 4.423 8.656 8.390 2.510 9.659 7.647 2.069 10.018 0.889 12.577 6.746 6.113 12.592 7.732 13.570 5.620 6.239 9.674 1.206 
7.865 7.561 6.486 9.911 8.916 6.826 2.699 1.715 12.528 3.128 4.493 4.938 8.515 10.534 9.855 1.471 1.802 7.552 1.006 9.676 12.935 7.137 6.275 12.503 8.449 4.402 9.324 7.376 4.952 10.499 
9.551 3.793 4.346 10.327 1.633 4.078 7.199 9.476 7.017 11.706 13.728 5.151 10.849 10.887 0.465 9.384 7.665 3.932 10.324 3.516 15.028 4.829 4.549 14.993 9.984 13.863 8.129 8.373 11.057 3.265 
5.223 2.425 7.924 5.315 6.639 7.866 6.770 10.369 3.078 10.312 12.590 4.736 6.413 5.785 5.198 10.168 8.057 2.336 9.919 1.928 9.989 8.829 8.003 10.050 5.446 13.299 3.045 4.224 8.398 2.764 
6.628 4.568 9.838 6.001 8.050 9.729 9.054 12.654 0.790 12.454 14.734 7.011 7.617 6.261 6.246 12.454 10.344 4.507 12.176 3.104 10.305 10.671 9.947 10.506 6.663 15.509 4.013 5.875 10.324 3.288 
1.015 4.752 9.307 2.443 9.363 9.416 5.470 9.060 6.498 7.213 9.421 4.819 2.307 3.109 8.613 8.812 6.944 4.613 7.655 5.920 6.718 10.318 9.273 6.572 1.464 10.462 2.040 0.262 4.649 6.894 
4.959 2.118 7.653 5.202 6.513 7.610 6.349 9.959 3.496 9.895 12.173 4.335 6.179 5.707 5.178 9.756 7.645 2.015 9.494 2.025 9.902 8.575 7.722 9.936 5.221 12.875 2.940 3.920 8.015 2.943 
5.512 4.011 5.085 7.341 6.460 5.311 0.884 4.540 8.970 5.206 7.322 1.457 6.556 8.006 6.839 4.322 2.235 3.991 4.168 6.134 11.253 6.045 4.971 10.964 6.123 7.705 6.197 4.637 4.847 7.001 
4.995 2.679 8.204 5.007 6.968 8.154 6.860 10.494 2.997 10.288 12.568 4.887 6.162 5.467 5.535 10.288 8.178 2.580 9.967 2.258 9.671 9.118 8.276 9.740 5.193 13.311 2.740 4.034 8.294 3.069 
5.770 2.292 4.392 7.250 4.959 4.507 2.671 5.956 7.524 7.037 9.171 0.394 6.993 7.909 5.057 5.773 3.688 2.306 5.976 4.384 11.609 5.403 4.362 11.417 6.335 9.532 5.612 4.671 6.320 5.202 
