30 40 30
40.569 47.563 65.991 27.943 37.686 72.088 31.553 59.969 12.100 20.179 61.261 25.035 72.648 16.315 54.214 36.991 70.745 69.911 30.038 58.331 23.994 46.708 49.996 56.602 52.236 27.989 17.882 53.047 17.595 69.242 
52.535 55.340 49.158 45.601 22.932 42.033 49.481 29.712 9.034 22.578 23.321 57.376 51.233 18.560 24.349 36.072 26.098 14.640 5.396 29.431 44.366 47.052 53.506 35.672 42.479 20.799 55.788 29.310 22.382 34.239 44.215 45.292 5.645 7.984 10.550 49.499 26.945 33.898 25.192 26.729 
24.505 32.225 24.282 27.056 13.783 15.476 25.197 25.252 20.311 10.250 29.039 21.331 32.340 32.640 14.005 9.788 24.731 30.865 16.722 7.426 20.336 18.233 30.153 25.953 33.379 14.399 26.103 12.640 16.311 28.480 
1249.057 1332.236 1295.215 1192.898 858.740 1236.047 1358.189 1049.762 551.816 888.339 908.923 1441.657 1234.900 832.814 942.794 1086.264 996.377 734.043 412.954 1053.842 1248.847 1233.975 1315.220 1063.253 1174.940 820.644 1350.133 1036.794 841.912 1058.834 1242.472 1240.738 475.651 544.725 595.711 1282.067 988.226 1063.778 899.793 969.230 
6.391 12.039 15.427 4.871 14.660 16.432 11.154 7.836 13.306 12.926 6.431 11.725 12.304 8.083 15.402 13.366 15.630 7.138 7.217 0.924 7.918 14.392 4.981 12.192 7.129 14.365 2.381 19.302 14.182 12.253 10.997 4.947 3.447 14.098 5.914 6.063 18.904 14.763 3.136 7.170 
6.319 12.280 14.221 5.305 14.295 15.661 9.748 6.324 11.756 11.625 5.070 10.297 12.635 7.379 14.412 12.026 14.854 6.974 7.337 0.749 6.378 14.435 4.842 11.001 6.924 14.295 0.835 18.491 13.905 11.701 10.344 4.928 3.454 13.034 5.786 4.806 18.131 13.701 2.233 5.743 
2.481 5.537 9.398 4.714 6.147 8.289 7.989 7.676 11.726 8.153 5.936 8.609 6.210 1.834 8.121 8.836 7.532 1.697 2.725 8.024 8.141 6.779 3.607 6.721 1.600 6.391 7.786 11.184 5.762 3.803 2.879 3.750 5.128 7.365 2.767 5.319 10.703 7.920 5.975 6.526 
1.285 6.979 12.453 1.113 9.621 12.015 9.658 7.790 12.947 10.603 5.771 10.312 7.350 4.153 11.621 11.217 11.250 2.092 2.045 4.924 8.148 9.208 0.848 9.402 2.147 9.167 5.255 14.913 9.068 7.530 6.551 0.502 1.849 10.640 1.009 5.046 14.438 11.255 3.602 6.635 
8.110 10.951 3.530 10.102 7.957 6.207 3.232 5.962 6.757 2.045 5.917 3.549 11.720 4.898 3.950 2.740 5.513 7.570 8.830 11.104 6.351 10.872 8.371 0.525 7.398 10.010 10.056 8.524 8.353 5.305 4.288 8.707 9.389 2.378 8.045 6.009 8.372 3.021 8.810 5.603 
7.255 13.065 10.380 7.704 13.131 13.148 5.403 1.728 7.091 7.564 1.844 5.865 13.640 6.099 11.254 7.826 12.365 7.473 8.497 5.300 1.712 14.482 6.167 7.357 7.324 14.019 3.840 15.737 13.044 10.180 8.656 6.494 5.811 9.703 6.757 2.395 15.506 10.346 3.930 1.739 
6.330 12.063 15.150 4.915 14.555 16.243 10.838 7.500 12.965 12.630 6.119 11.405 12.348 7.897 15.169 13.063 15.440 7.061 7.202 0.598 7.578 14.375 4.896 11.917 7.043 14.323 2.038 19.107 14.095 12.106 10.827 4.888 3.375 13.849 5.838 5.768 18.716 14.515 2.881 6.848 
3.228 8.925 13.436 1.889 11.555 13.656 9.935 7.374 12.828 11.267 5.466 10.571 9.243 5.421 12.963 11.816 12.869 4.000 4.043 2.956 7.639 11.217 1.904 10.253 4.010 11.183 3.554 16.553 11.039 9.296 8.164 1.793 0.523 11.821 2.784 4.828 16.111 12.467 2.300 6.349 
11.888 14.714 2.303 13.766 11.011 7.861 3.879 7.587 5.026 2.063 8.474 3.480 15.491 8.693 5.023 1.523 7.465 11.399 12.678 13.988 7.781 14.329 11.974 3.386 11.223 13.390 12.729 9.116 11.595 8.798 8.045 12.330 12.797 3.955 11.766 8.836 9.244 4.030 11.843 7.830 
9.736 10.764 2.814 11.927 6.332 3.230 6.204 9.144 9.213 4.182 8.935 6.342 11.538 6.752 0.830 4.635 2.700 9.032 10.113 13.794 9.537 9.870 10.398 3.331 8.895 8.875 12.894 5.338 7.016 4.677 4.613 10.679 11.660 0.967 9.838 8.909 5.208 0.820 11.464 8.721 
2.849 7.893 9.013 4.615 8.215 9.411 6.304 5.311 9.831 7.097 3.496 6.956 8.520 1.088 8.486 7.717 8.607 2.621 3.900 6.338 5.762 9.222 2.859 5.907 2.438 8.793 5.772 12.275 7.980 5.454 4.055 3.198 3.992 7.330 2.632 2.870 11.884 7.974 4.062 4.134 
3.722 9.558 10.112 4.548 10.294 11.289 6.357 4.146 9.381 7.766 2.126 6.994 10.112 3.137 10.058 8.284 10.481 3.934 4.961 4.566 4.514 11.148 2.798 6.881 3.791 10.786 3.778 14.107 10.047 7.513 6.075 3.163 3.068 8.732 3.245 1.400 13.755 9.398 2.237 2.990 
9.219 14.078 7.180 10.423 12.499 11.207 1.972 2.201 3.500 4.309 3.873 2.172 14.773 6.739 8.782 4.339 10.516 9.095 10.356 9.102 2.240 14.785 8.632 4.772 8.913 14.089 7.688 13.399 12.694 9.572 8.161 9.007 8.860 7.184 8.863 4.525 13.306 7.729 7.329 2.998 
8.342 6.353 8.121 10.466 1.029 3.565 10.205 11.867 13.807 8.870 10.756 10.590 7.051 6.791 5.459 9.483 3.227 7.537 8.028 13.991 12.340 4.734 9.600 7.497 7.500 3.702 13.609 6.007 1.836 2.427 3.936 9.716 11.127 6.059 8.722 10.367 5.402 6.128 11.841 10.986 
3.986 2.636 11.189 5.665 4.955 8.527 10.704 10.593 14.493 10.511 8.819 11.295 3.348 4.736 9.293 11.207 7.919 3.360 3.149 10.009 11.056 4.140 5.461 9.004 3.445 4.041 10.098 11.241 4.210 4.138 4.302 5.410 6.925 8.997 4.516 8.174 10.664 9.420 8.295 9.438 
8.486 10.896 3.022 10.544 7.538 5.496 3.882 6.728 7.242 2.286 6.652 4.126 11.672 5.292 3.184 2.933 4.827 7.897 9.123 11.768 7.114 10.623 8.855 0.972 7.732 9.724 10.753 7.763 8.003 5.050 4.226 9.178 9.942 1.617 8.464 6.713 7.621 2.268 9.459 6.360 
5.222 8.078 6.294 7.350 6.276 6.480 5.283 6.247 9.093 5.040 5.184 5.837 8.830 2.117 5.445 5.733 5.672 4.600 5.817 9.318 6.723 8.439 5.765 3.573 4.440 7.719 8.585 9.297 6.363 3.292 1.806 6.055 7.027 4.391 5.255 4.890 8.943 5.007 6.999 5.356 
6.389 11.962 9.191 7.213 11.744 11.734 4.477 1.436 6.874 6.453 0.609 5.027 12.574 4.806 9.899 6.798 10.949 6.482 7.612 5.784 1.797 13.230 5.511 6.079 6.318 12.724 4.447 14.346 11.686 8.781 7.257 5.870 5.510 8.370 5.940 1.335 14.104 9.022 3.914 0.472 
8.350 2.755 13.180 9.748 4.260 8.726 14.152 14.698 17.947 13.379 13.055 14.668 2.963 8.817 10.651 14.053 8.468 7.762 7.361 14.326 15.174 0.520 9.825 11.880 7.851 1.544 14.490 10.712 3.419 6.082 7.194 9.738 11.241 11.010 8.892 12.450 10.067 11.201 12.694 13.591 
7.290 8.855 4.610 9.483 5.464 4.384 5.644 7.730 9.249 4.415 7.084 6.021 9.635 4.344 3.219 5.076 3.591 6.590 7.693 11.559 8.176 8.479 7.977 2.962 6.451 7.580 10.769 7.109 5.877 2.909 2.300 8.249 9.278 2.446 7.396 6.920 6.801 2.959 9.233 7.059 
8.611 10.870 2.890 10.689 7.390 5.247 4.124 6.991 7.434 2.435 6.901 4.349 11.648 5.430 2.921 3.059 4.587 8.006 9.219 11.989 7.378 10.531 9.016 1.210 7.845 9.619 10.988 7.500 7.878 4.968 4.217 9.335 10.126 1.360 8.604 6.952 7.360 2.017 9.677 6.618 
12.123 10.406 7.136 14.326 4.800 1.800 11.148 13.809 14.132 9.140 13.219 11.310 11.058 9.927 4.463 9.547 2.556 11.318 11.994 17.339 14.237 8.340 13.225 8.242 11.248 7.343 16.720 1.922 5.731 5.864 6.994 13.402 14.700 5.932 12.426 13.016 1.282 5.548 15.064 13.195 
7.125 12.460 8.432 8.119 11.783 11.387 3.532 0.753 5.877 5.625 1.489 4.052 13.104 5.148 9.371 5.915 10.621 7.129 8.321 6.784 1.233 13.541 6.370 5.427 6.956 12.969 5.420 13.900 11.806 8.800 7.286 6.738 6.482 7.802 6.713 2.182 13.698 8.436 4.931 0.602 
5.384 9.929 7.043 7.029 8.911 8.833 3.769 3.617 7.362 4.753 2.635 4.421 10.622 2.595 7.203 5.320 8.040 5.106 6.406 7.556 4.096 10.768 5.209 3.810 4.921 10.148 6.544 11.512 8.937 5.928 4.412 5.576 5.993 5.774 5.144 2.533 11.236 6.442 5.262 2.704 
9.162 14.028 7.191 10.364 12.466 11.193 1.977 2.151 3.558 4.318 3.816 2.195 14.723 6.688 8.776 4.357 10.499 9.040 10.300 9.050 2.198 14.742 8.574 4.762 8.858 14.048 7.636 13.393 12.657 9.536 8.122 8.949 8.802 7.178 8.806 4.466 13.297 7.725 7.273 2.940 
6.187 4.647 8.856 8.265 2.178 5.433 9.725 10.709 13.496 8.879 9.326 10.215 5.411 5.118 6.570 9.554 4.875 5.392 5.804 11.992 11.189 4.001 7.509 7.380 5.374 3.173 11.736 8.115 1.877 1.590 2.789 7.593 9.045 6.646 6.601 8.837 7.537 6.928 9.934 9.701 
4.193 3.066 14.166 4.493 7.945 11.743 12.904 11.939 16.561 13.134 9.963 13.538 3.088 6.665 12.447 13.821 11.141 4.154 2.960 9.289 12.355 5.839 5.372 11.682 4.334 6.264 9.848 14.425 7.094 7.338 7.278 5.116 6.388 12.020 4.684 9.240 13.836 12.492 8.242 10.745 
8.848 13.459 6.395 10.209 11.679 10.326 1.176 2.590 3.791 3.512 3.879 1.556 14.169 6.181 7.911 3.620 9.634 8.655 9.940 9.312 2.773 14.057 8.392 3.893 8.471 13.335 7.948 12.528 11.900 8.772 7.391 8.769 8.770 6.312 8.532 4.446 12.429 6.864 7.388 3.069 
10.559 8.697 7.365 12.737 3.097 1.804 10.658 12.956 13.937 8.883 12.158 10.913 9.360 8.579 4.540 9.388 2.076 9.751 10.359 15.958 13.406 6.729 11.723 7.761 9.692 5.712 15.430 3.610 4.031 4.331 5.613 11.877 13.224 5.714 10.891 11.882 2.988 5.511 13.724 12.232 
8.839 13.516 6.583 10.165 11.805 10.496 1.363 2.426 3.796 3.700 3.781 1.721 14.223 6.217 8.092 3.804 9.801 8.663 9.942 9.186 2.596 14.149 8.352 4.070 8.479 13.436 7.813 12.709 12.016 8.889 7.496 8.729 8.699 6.492 8.513 4.366 12.608 7.047 7.287 2.955 
11.481 5.715 5.333 11.458 12.744 9.522 4.737 9.721 9.271 6.917 3.630 7.124 10.681 10.935 4.300 7.877 3.017 3.873 8.572 11.669 5.887 4.751 3.868 4.144 11.157 7.452 9.503 7.903 7.443 8.899 
14.768 9.391 1.476 13.514 11.223 5.955 9.897 14.785 12.556 10.273 2.709 1.062 12.058 14.498 6.713 2.145 7.609 3.672 3.662 15.123 2.874 4.862 6.859 9.971 8.548 1.402 10.662 7.034 2.606 4.336 
3.295 6.000 11.927 0.349 6.879 10.167 8.279 7.991 3.326 4.842 13.096 13.770 1.529 3.859 7.451 13.292 8.613 14.272 12.131 3.797 10.621 8.626 7.723 13.608 8.641 14.421 2.821 6.834 11.990 11.647 
13.250 7.641 6.817 13.499 14.961 11.471 6.107 10.769 11.114 8.849 4.466 8.232 12.827 12.636 6.517 9.203 4.957 3.945 10.198 13.383 7.695 6.911 6.059 2.954 13.276 8.406 11.687 10.107 9.027 10.626 
11.451 7.707 4.531 9.367 5.619 1.404 9.578 13.376 9.590 7.961 7.012 5.457 7.637 11.469 5.506 4.554 7.663 8.397 3.054 11.910 3.028 3.739 6.041 12.383 3.058 6.076 6.350 2.370 3.293 2.504 
8.641 7.407 8.612 5.942 2.090 5.029 9.914 12.120 7.447 6.949 10.697 9.882 4.167 8.947 6.663 9.030 8.836 12.076 7.474 9.151 7.062 6.251 7.221 14.236 3.024 10.517 3.433 3.047 7.757 6.828 
2.915 3.923 11.908 4.929 11.187 12.402 4.606 2.836 2.019 3.169 11.979 14.034 5.816 2.131 6.613 14.029 6.228 12.780 13.484 2.853 11.116 8.663 6.464 9.762 11.920 14.619 5.964 8.822 12.892 13.263 
6.572 4.863 11.981 8.534 14.013 13.923 3.297 2.191 5.474 5.066 11.224 14.096 9.109 5.759 7.159 14.423 5.591 11.647 14.343 6.412 11.648 9.286 6.736 6.895 14.109 14.586 8.869 10.629 13.500 14.314 
3.952 7.721 15.714 6.897 14.006 16.013 7.909 3.363 5.156 6.957 15.678 17.842 8.409 3.498 10.421 17.834 9.853 16.390 17.245 3.453 14.921 12.471 10.253 12.415 15.231 18.424 9.031 12.406 16.685 16.990 
1.775 4.137 11.530 2.599 9.085 11.067 5.904 5.146 0.599 2.956 12.121 13.572 3.561 1.648 6.402 13.356 6.833 13.120 12.535 2.149 10.483 8.147 6.463 11.283 10.177 14.196 3.986 7.468 12.125 12.198 
7.620 4.061 10.232 9.010 13.537 12.687 1.712 4.128 5.997 4.731 9.287 12.313 9.192 6.857 5.792 12.734 3.881 9.653 12.816 7.581 10.058 7.812 5.287 5.118 13.215 12.772 8.651 9.640 11.898 12.864 
2.427 4.516 12.479 4.749 11.300 12.794 5.257 2.931 2.102 3.679 12.606 14.598 5.820 1.614 7.185 14.561 6.874 13.421 13.965 2.290 11.648 9.203 7.060 10.379 12.190 15.189 6.119 9.196 13.405 13.720 
15.537 10.125 2.255 14.293 11.881 6.500 10.542 15.466 13.320 11.026 3.004 1.066 12.833 15.260 7.460 2.343 8.265 3.704 4.056 15.888 3.630 5.637 7.587 10.302 9.146 0.978 11.438 7.782 3.118 4.774 
8.343 2.534 6.098 8.258 10.422 8.552 2.623 7.423 6.104 3.720 5.749 8.227 7.580 7.849 1.771 8.529 0.504 6.558 8.546 8.567 5.794 3.566 1.189 5.903 9.461 8.742 6.498 5.895 7.640 8.603 
5.821 5.845 9.789 3.118 4.369 7.409 8.412 9.677 4.854 5.022 11.365 11.450 1.330 6.174 6.199 10.830 7.971 12.655 9.524 6.333 8.355 6.733 6.639 13.351 5.820 12.104 1.111 4.296 9.519 8.986 
1.078 4.793 12.225 2.580 9.440 11.673 6.430 5.111 1.223 3.628 12.811 14.263 3.851 1.092 7.097 14.037 7.474 13.800 13.193 1.474 11.170 8.840 7.150 11.790 10.686 14.889 4.465 8.086 12.800 12.844 
8.169 6.614 8.103 5.601 2.898 4.977 9.112 11.430 6.831 6.193 10.082 9.499 3.802 8.417 5.872 8.725 8.033 11.450 7.263 8.673 6.571 5.564 6.426 13.439 3.374 10.143 2.862 2.444 7.428 6.664 
11.057 5.248 4.755 10.869 11.943 8.751 4.635 9.661 8.819 6.429 3.412 6.659 10.016 10.550 3.579 7.321 2.633 3.946 7.903 11.274 5.175 3.944 3.193 4.873 10.351 7.040 8.806 7.098 6.797 8.195 
12.356 6.544 4.370 12.088 12.667 8.950 5.878 10.892 10.112 7.716 2.406 6.009 11.155 11.855 4.687 6.852 3.941 2.679 7.717 12.578 5.170 4.557 4.375 5.058 10.823 6.293 9.901 7.798 6.556 8.118 
13.141 8.803 11.320 14.393 17.828 15.428 6.310 9.030 11.459 9.809 9.201 12.940 14.315 12.371 9.156 13.821 6.917 8.735 14.599 13.088 11.903 10.440 8.577 1.911 16.758 13.161 13.516 13.257 13.465 14.921 
6.733 5.331 12.447 8.815 14.428 14.400 3.761 2.031 5.774 5.497 11.656 14.560 9.458 5.915 7.639 14.895 6.056 12.052 14.822 6.539 12.125 9.765 7.215 7.106 14.565 15.045 9.264 11.095 13.978 14.794 
14.603 9.892 2.805 12.844 9.176 3.553 11.049 15.586 12.538 10.513 5.289 2.104 11.193 14.486 7.230 0.885 8.799 6.428 0.932 15.021 2.648 5.080 7.580 12.216 6.271 2.582 9.840 5.850 0.798 1.681 
11.433 5.894 6.809 11.784 13.800 10.904 4.279 9.019 9.316 7.095 4.972 8.568 11.216 10.811 5.134 9.349 3.274 4.949 10.041 11.558 7.335 6.004 4.610 2.710 12.405 8.870 10.146 9.031 8.917 10.353 
3.292 2.873 10.010 3.083 8.310 9.703 5.043 5.679 1.174 1.667 10.656 12.052 3.207 3.106 4.916 11.846 5.571 11.692 11.063 3.665 8.967 6.626 5.018 10.386 9.033 12.676 3.077 6.095 10.623 10.751 
10.876 5.069 4.851 10.705 11.864 8.756 4.456 9.482 8.639 6.252 3.579 6.781 9.867 10.367 3.445 7.419 2.448 4.130 7.963 11.091 5.219 3.902 3.044 4.858 10.313 7.172 8.666 7.029 6.868 8.240 
13.702 9.186 2.919 11.867 8.179 2.623 10.528 14.912 11.676 9.729 5.564 2.930 10.197 13.615 6.585 1.861 8.331 6.819 0.622 14.130 2.185 4.439 6.986 12.143 5.316 3.490 8.855 4.849 0.793 0.982 
11.837 7.879 11.474 13.256 17.154 15.206 5.315 7.575 10.263 8.792 9.602 13.250 13.311 11.053 8.629 14.026 6.354 9.339 14.631 11.757 11.869 10.156 8.047 2.532 16.315 13.537 12.612 12.753 13.537 14.883 
10.110 10.094 11.149 7.174 1.089 6.745 12.649 14.292 9.454 9.473 13.407 12.134 5.710 10.598 9.556 11.123 11.705 14.798 9.396 10.617 9.596 9.089 10.109 17.120 4.063 12.734 5.609 5.849 9.942 8.669 
11.962 7.826 3.650 10.025 6.551 1.711 9.494 13.550 10.009 8.215 6.194 4.528 8.335 11.925 5.422 3.664 7.454 7.566 2.308 12.406 2.202 3.440 5.913 11.911 3.922 5.151 7.006 2.989 2.380 1.915 
9.028 4.733 4.641 7.451 6.497 4.388 6.636 10.435 6.972 5.086 6.262 6.462 5.963 8.914 2.622 6.088 4.878 7.604 5.269 9.444 3.310 1.673 3.193 9.994 5.101 7.111 4.568 1.645 4.832 5.021 
8.102 3.272 5.206 6.974 7.532 5.904 5.117 9.005 5.923 3.797 6.202 7.242 5.755 7.878 1.203 7.097 3.471 7.426 6.547 8.473 4.190 1.817 1.783 8.771 6.514 7.864 4.424 2.932 5.932 6.394 
11.799 6.233 6.727 12.116 13.991 10.956 4.655 9.388 9.674 7.437 4.777 8.426 11.518 11.180 5.365 9.247 3.587 4.670 10.003 11.928 7.330 6.116 4.857 2.705 12.527 8.705 10.429 9.195 8.866 10.340 
12.146 6.921 8.234 12.803 15.256 12.438 4.875 9.099 10.146 8.082 6.181 9.886 12.389 11.465 6.549 10.741 4.502 5.881 11.519 12.213 8.842 7.534 6.000 1.189 13.929 10.136 11.397 10.525 10.381 11.855 
4.542 4.490 9.711 2.361 5.923 8.185 7.009 8.083 3.286 3.538 10.944 11.557 1.085 4.769 5.403 11.101 6.862 12.154 9.999 5.040 8.406 6.425 5.745 12.123 7.012 12.207 0.791 4.716 9.805 9.551 
11.310 5.605 5.875 11.427 13.026 9.974 4.398 9.331 9.129 6.815 4.165 7.676 10.732 10.736 4.455 8.424 2.900 4.330 9.093 11.476 6.386 5.122 3.976 3.650 11.533 8.003 9.596 8.215 7.971 9.404 
8.043 3.928 9.593 9.228 13.374 12.240 1.379 4.832 6.282 4.757 8.578 11.657 9.270 7.305 5.347 12.113 3.306 8.925 12.257 8.042 9.483 7.297 4.814 4.567 12.897 12.104 8.626 9.307 11.312 12.334 
10.196 9.811 10.539 7.287 0.464 6.100 12.347 14.207 9.399 9.256 12.825 11.497 5.725 10.643 9.127 10.480 11.309 14.219 8.751 10.707 8.988 8.561 9.689 16.705 3.420 12.095 5.466 5.319 9.304 8.024 
4.762 5.155 10.062 2.224 5.463 8.189 7.677 8.617 3.777 4.203 11.411 11.846 0.542 5.087 5.960 11.327 7.497 12.648 10.140 5.271 8.706 6.840 6.330 12.780 6.805 12.499 0.857 4.844 10.022 9.653 
11.061 6.478 9.681 12.136 15.534 13.401 4.021 7.437 9.260 7.507 7.907 11.498 12.000 10.320 6.911 12.240 4.645 7.771 12.815 11.055 10.050 8.357 6.329 1.649 14.572 11.809 11.186 11.032 11.726 13.063 
6.919 4.073 10.835 8.515 13.461 12.988 2.154 3.244 5.458 4.526 10.032 12.941 8.854 6.135 6.143 13.299 4.443 10.456 13.281 6.843 10.558 8.236 5.684 5.972 13.338 13.421 8.439 9.801 12.408 13.284 
