set I := 0 1 2 3 4 5 6 7 8 9 10 11 12 13 14 15 16 17 18 19 ;
set F := 0 1 2 3 4 5 6 7 8 9 10 11 12 13 14 15 16 17 18 19 20 21 22 23 24 25 26 27 28 29 30 31 32 33 34 35 36 37 38 39 40 41 42 43 44 45 46 47 48 49 ;
set J := 0 1 2 3 4 5 6 7 8 9 10 11 12 13 14 15 16 17 18 19 20 21 22 23 24 25 26 27 28 29 30 31 32 33 34 35 36 37 38 39 40 41 42 43 44 45 46 47 48 49 50 51 52 53 54 55 56 57 58 59 60 61 62 63 64 65 66 67 68 69 70 71 72 73 74 75 76 77 78 79 80 81 82 83 84 85 86 87 88 89 90 91 92 93 94 95 96 97 98 99 100 101 102 103 104 105 106 107 108 109 110 111 112 113 114 115 116 117 118 119 120 121 122 123 124 125 126 127 128 129 130 131 132 133 134 135 136 137 138 139 140 141 142 143 144 145 146 147 148 149 150 151 152 153 154 155 156 157 158 159 160 161 162 163 164 165 166 167 168 169 170 171 172 173 174 175 176 177 178 179 180 181 182 183 184 185 186 187 188 189 190 191 192 193 194 195 196 197 198 199 ;
param p := 
0  585.654
1  644.890
2  376.891
3  249.986
4  237.638
5  437.240
6  605.585
7  353.983
8  216.727
9  349.388
10  372.560
11  381.016
12  749.797
13  442.342
14  207.695
15  448.105
16  555.899
17  257.476
18  159.451
19  398.906
;
param d := 
0  34.341
1  16.091
2  13.892
3  5.158
4  26.679
5  7.562
6  30.605
7  32.364
8  23.972
9  18.604
10  23.303
11  7.379
12  33.815
13  34.428
14  26.027
15  33.122
16  17.772
17  6.155
18  7.163
19  12.316
20  27.079
21  20.985
22  11.324
23  22.129
24  33.571
25  19.063
26  11.126
27  9.848
28  13.367
29  32.374
30  33.033
31  17.833
32  19.567
33  27.786
34  33.665
35  24.008
36  15.602
37  34.144
38  15.362
39  29.306
40  20.490
41  34.951
42  27.054
43  15.085
44  5.227
45  29.164
46  24.035
47  10.076
48  19.659
49  18.477
50  25.401
51  20.658
52  25.231
53  8.204
54  6.045
55  27.693
56  28.769
57  9.337
58  7.693
59  20.671
60  29.186
61  30.009
62  20.591
63  22.433
64  24.000
65  5.140
66  21.528
67  26.338
68  20.175
69  27.538
70  30.669
71  15.954
72  14.910
73  8.215
74  9.403
75  5.444
76  7.820
77  14.853
78  11.961
79  18.586
80  25.045
81  20.159
82  31.178
83  24.671
84  5.487
85  17.138
86  26.737
87  27.859
88  23.745
89  7.246
90  28.669
91  22.291
92  8.548
93  7.069
94  21.495
95  13.801
96  8.901
97  10.494
98  28.724
99  21.616
100  34.858
101  29.551
102  14.376
103  11.996
104  29.113
105  15.996
106  10.774
107  9.800
108  25.986
109  7.796
110  23.412
111  26.770
112  21.692
113  16.205
114  19.030
115  6.938
116  19.317
117  27.983
118  14.695
119  18.087
120  6.051
121  16.132
122  14.970
123  26.501
124  30.133
125  8.481
126  33.363
127  17.846
128  6.992
129  34.788
130  21.783
131  8.672
132  18.556
133  19.094
134  24.908
135  27.435
136  29.685
137  11.093
138  11.706
139  30.595
140  15.336
141  21.389
142  5.295
143  25.412
144  31.850
145  22.181
146  32.833
147  34.631
148  29.567
149  25.728
150  31.881
151  15.799
152  11.326
153  33.388
154  19.794
155  5.509
156  9.935
157  15.824
158  32.460
159  26.915
160  23.410
161  10.569
162  34.160
163  5.375
164  29.337
165  25.986
166  26.937
167  24.359
168  5.123
169  23.548
170  27.205
171  13.936
172  19.863
173  12.055
174  23.592
175  27.285
176  22.264
177  28.346
178  9.935
179  10.592
180  34.502
181  19.072
182  8.628
183  5.965
184  19.532
185  6.732
186  28.938
187  9.039
188  31.784
189  27.754
190  14.922
191  33.603
192  26.136
193  9.877
194  9.064
195  19.268
196  15.929
197  12.671
198  26.534
199  30.112
;
param: b h := 
0  111.858  797.607
1  44.178  577.328
2  297.364  1394.808
3  66.168  669.438
4  253.906  1284.418
5  148.560  961.264
6  62.238  677.725
7  215.695  1114.596
8  154.273  950.987
9  69.206  640.519
10  71.027  714.953
11  183.416  1089.963
12  297.443  1315.195
13  198.858  1070.957
14  173.093  1040.047
15  32.266  467.872
16  200.585  1118.019
17  169.109  1076.350
18  261.843  1279.207
19  183.378  1166.634
20  281.105  1324.070
21  210.477  1203.048
22  212.176  1212.928
23  35.018  504.797
24  140.259  974.422
25  220.694  1192.170
26  226.234  1253.825
27  124.000  862.180
28  49.867  625.222
29  166.592  1032.291
30  101.932  823.989
31  143.719  906.268
32  208.108  1190.505
33  42.700  522.036
34  137.715  898.887
35  184.476  1128.167
36  42.068  565.573
37  299.054  1438.127
38  73.340  665.980
39  223.073  1245.597
40  292.211  1369.588
41  118.855  937.033
42  248.469  1166.776
43  151.032  1008.867
44  255.795  1303.472
45  166.840  1033.736
46  19.940  388.376
47  198.428  1151.719
48  188.424  1145.350
49  74.163  659.316
;
param c : 0       1       2       3       4       5       6       7       8       9       10      11      12      13      14      15      16      17      18      19      20      21      22      23      24      25      26      27      28      29      30      31      32      33      34      35      36      37      38      39      40      41      42      43      44      45      46      47      48      49      :=
0   3.335   6.781   4.872   7.084   3.241   7.920   7.939   8.308   3.365   3.291   6.271   8.759   8.757   0.320   9.035   0.240   8.280   3.107   5.394   9.289   7.935   2.738   9.975   1.568   6.169   3.201   9.120   8.106   9.652   9.117   3.489   7.534   0.639   8.684   3.906   7.987   8.681   4.383   5.012   7.370   9.075   0.588   7.669   6.630   7.244   1.540   1.545   6.373   7.774   8.908  
1   5.327   6.633   9.370   10.253  5.416   6.823   5.936   6.339   5.332   6.703   2.494   2.774   4.906   8.343   2.206   8.421   0.447   8.105   10.138  5.606   4.717   6.422   8.273   8.602   9.650   6.602   6.613   4.830   8.914   5.352   6.808   10.438  9.279   4.275   4.869   3.199   11.180  4.834   3.778   1.629   11.215  8.926   11.326  10.745  1.511   7.572   7.438   8.920   1.639   12.165 
2   2.437   3.562   5.337   6.553   2.101   4.351   3.841   4.317   1.885   2.607   2.646   3.651   4.024   4.789   3.956   4.869   3.673   4.001   6.121   4.706   3.254   2.496   6.412   4.674   5.817   2.520   5.014   3.445   6.599   4.476   2.700   6.827   5.715   3.774   1.318   2.906   7.755   0.774   2.394   2.542   7.910   5.235   7.589   6.869   3.182   3.756   4.376   5.240   2.822   8.586  
3   3.092   2.609   3.363   4.717   2.531   3.704   3.633   4.017   2.306   1.053   4.543   5.031   4.523   4.006   5.510   4.078   5.597   2.210   4.147   5.001   3.709   1.685   5.826   3.339   3.918   1.110   4.825   3.865   5.699   4.845   0.963   5.039   4.804   4.552   2.100   4.139   6.056   1.429   3.956   4.431   6.280   4.215   5.715   4.935   5.152   2.769   4.208   3.461   4.620   6.780  
4   8.384   3.595   3.602   1.545   7.816   3.626   4.550   4.331   7.605   5.711   9.535   7.997   6.040   8.149   8.698   8.188   9.797   5.247   3.449   5.783   5.754   6.644   3.826   6.798   2.273   5.890   4.642   5.723   2.823   5.884   5.433   1.161   8.523   6.586   7.418   7.203   1.005   6.659   9.209   8.675   1.001   7.923   2.025   2.529   9.868   7.076   8.977   2.003   8.587   2.137  
5   5.136   1.194   2.665   3.038   4.575   2.259   2.687   2.864   4.350   2.692   6.242   5.449   4.088   5.578   6.083   5.638   6.775   2.920   3.270   4.267   3.442   3.577   4.164   4.509   2.473   2.847   3.630   3.514   3.822   4.212   2.435   3.257   6.209   4.402   4.110   4.547   4.151   3.329   5.876   5.605   4.317   5.584   4.108   3.578   6.659   4.358   6.078   1.702   5.621   5.013  
6   8.122   2.733   4.399   2.837   7.569   2.340   3.262   2.952   7.337   5.698   8.793   6.733   4.657   8.469   7.443   8.520   8.741   5.623   4.501   4.309   4.503   6.598   2.260   7.248   3.232   5.860   3.132   4.438   1.311   4.440   5.432   2.587   8.991   5.246   7.041   6.013   2.528   6.203   8.670   7.681   2.323   8.369   3.561   3.860   8.986   7.291   9.081   2.522   7.519   3.678  
7   3.355   5.944   7.993   9.215   3.503   6.458   5.705   6.171   3.454   5.093   0.525   3.533   5.159   6.397   3.317   6.473   1.722   6.493   8.780   5.920   4.664   4.650   8.273   6.777   8.496   4.962   6.667   4.831   8.703   5.655   5.248   9.470   7.325   4.627   3.063   3.414   10.352  3.264   1.779   1.461   10.469  7.004   10.260  9.550   0.570   5.714   5.444   7.890   1.957   11.229 
8   3.055   5.990   7.873   9.168   3.237   6.559   5.836   6.309   3.206   4.927   0.181   3.826   5.370   6.106   3.641   6.181   2.069   6.318   8.663   6.131   4.838   4.435   8.422   6.534   8.427   4.789   6.835   5.010   8.816   5.867   5.096   9.437   7.029   4.858   2.851   3.651   10.344  3.135   1.444   1.754   10.477  6.723   10.203  9.467   0.857   5.461   5.124   7.852   2.261   11.196 
9   9.537   4.794   8.367   7.360   9.121   3.680   3.525   3.164   8.880   8.174   8.684   4.977   3.188   11.163  5.535   11.234  7.473   8.817   8.725   2.443   3.877   8.806   2.350   10.330  7.516   8.261   2.351   3.686   3.382   2.696   7.995   7.170   11.931  3.673   8.368   4.886   7.064   7.533   9.226   6.886   6.756   11.324  8.163   8.354   8.352   9.921   11.242  6.619   6.464   8.198  
10  6.228   3.847   0.463   1.783   5.686   4.707   5.337   5.418   5.536   3.465   8.208   8.131   6.797   5.185   8.737   5.211   9.188   2.430   0.544   6.906   6.168   4.304   6.101   3.760   0.941   3.642   6.094   6.238   5.366   6.882   3.226   2.241   5.420   7.128   5.572   7.218   3.375   5.080   7.492   8.007   3.798   4.850   2.386   1.394   8.828   4.293   6.229   1.647   8.114   3.614  
11  3.980   4.736   7.386   8.281   3.898   5.079   4.260   4.710   3.755   4.814   1.988   2.050   3.591   6.806   2.027   6.886   1.545   6.198   8.150   4.350   3.145   4.660   6.777   6.854   7.662   4.731   5.146   3.301   7.279   4.085   4.891   8.480   7.747   3.050   3.217   1.838   9.263   2.976   2.856   0.364   9.325   7.321   9.351   8.755   1.705   5.885   6.124   6.946   0.657   10.219 
12  2.043   4.199   3.764   5.631   1.519   5.307   5.218   5.614   1.410   0.818   4.450   6.105   5.982   2.462   6.460   2.538   6.061   1.905   4.524   6.521   5.160   0.118   7.422   2.163   4.731   0.641   6.420   5.331   7.247   6.345   1.096   6.022   3.325   5.918   1.658   5.286   7.126   1.742   3.469   4.999   7.422   2.786   6.502   5.573   5.284   1.285   2.623   4.547   5.323   7.675  
13  6.643   2.045   2.619   1.764   6.077   2.516   3.324   3.267   5.861   4.032   7.794   6.590   4.859   6.675   7.269   6.723   8.186   3.801   2.867   4.796   4.401   4.959   3.693   5.420   1.657   4.206   3.833   4.414   2.996   4.828   3.756   1.839   7.165   5.317   5.657   5.737   2.603   4.893   7.443   7.037   2.749   6.545   2.813   2.607   8.169   5.527   7.373   0.762   6.996   3.541  
14  4.814   6.854   9.297   10.349  4.976   7.170   6.320   6.751   4.925   6.488   1.887   3.407   5.437   7.863   2.921   7.939   0.919   7.895   10.078  6.167   5.143   6.101   8.759   8.243   9.690   6.369   7.103   5.277   9.332   5.906   6.623   10.566  8.787   4.825   4.517   3.672   11.372  4.627   3.179   1.783   11.441  8.475   11.413  10.769  0.906   7.184   6.871   9.014   2.016   12.313 
15  4.028   4.276   1.992   4.152   3.543   5.399   5.659   5.933   3.453   1.624   6.460   7.498   6.814   2.783   7.972   2.818   7.897   0.268   2.653   7.179   6.033   2.141   7.306   1.443   3.228   1.732   6.731   6.167   6.849   7.065   1.549   4.594   3.188   6.933   3.668   6.604   5.743   3.494   5.513   6.769   6.122   2.571   4.839   3.829   7.245   1.843   3.776   3.414   7.015   6.068  
16  5.708   3.444   7.009   7.226   5.414   3.254   2.324   2.658   5.199   5.316   4.427   1.151   1.169   7.998   1.860   8.077   3.405   6.465   7.671   1.911   1.095   5.593   4.521   7.602   6.843   5.318   2.861   1.146   5.195   1.646   5.260   7.303   8.892   0.588   4.632   0.626   7.846   3.957   5.071   2.644   7.795   8.357   8.286   7.936   4.117   6.857   7.689   5.969   2.267   8.922  
17  4.715   1.295   4.599   4.971   4.244   1.882   1.462   1.909   3.998   3.294   4.835   3.423   2.326   6.239   4.060   6.312   4.914   4.222   5.264   2.757   1.551   3.854   3.954   5.554   4.490   3.355   2.677   1.678   4.140   2.608   3.160   5.116   7.049   2.485   3.538   2.523   5.834   2.665   4.850   3.786   5.884   6.461   6.046   5.594   5.027   5.010   6.290   3.662   3.714   6.824  
18  4.166   4.214   7.047   7.825   4.005   4.507   3.677   4.124   3.833   4.636   2.514   1.698   3.019   6.847   1.870   6.928   1.994   5.986   7.797   3.780   2.556   4.596   6.188   6.771   7.242   4.573   4.557   2.713   6.696   3.515   4.681   8.006   7.782   2.499   3.270   1.298   8.756   2.872   3.239   0.884   8.803   7.322   8.899   8.343   2.294   5.853   6.277   6.494   0.834   9.733  
19  6.444   4.743   0.939   2.442   5.934   5.635   6.240   6.338   5.816   3.797   8.669   8.915   7.677   4.942   9.497   4.954   9.816   2.522   0.518   7.814   7.021   4.523   7.030   3.500   1.776   3.957   7.025   7.101   6.274   7.781   3.600   2.885   5.018   7.981   5.940   7.998   3.947   5.562   7.843   8.642   4.409   4.501   2.709   1.677   9.357   4.240   6.125   2.576   8.789   3.933  
;
param t : 0       1       2       3       4       5       6       7       8       9       10      11      12      13      14      15      16      17      18      19      20      21      22      23      24      25      26      27      28      29      30      31      32      33      34      35      36      37      38      39      40      41      42      43      44      45      46      47      48      49      50      51      52      53      54      55      56      57      58      59      60      61      62      63      64      65      66      67      68      69      70      71      72      73      74      75      76      77      78      79      80      81      82      83      84      85      86      87      88      89      90      91      92      93      94      95      96      97      98      99      100     101     102     103     104     105     106     107     108     109     110     111     112     113     114     115     116     117     118     119     120     121     122     123     124     125     126     127     128     129     130     131     132     133     134     135     136     137     138     139     140     141     142     143     144     145     146     147     148     149     150     151     152     153     154     155     156     157     158     159     160     161     162     163     164     165     166     167     168     169     170     171     172     173     174     175     176     177     178     179     180     181     182     183     184     185     186     187     188     189     190     191     192     193     194     195     196     197     198     199     :=
0   3.975   8.380   8.431   7.768   8.844   4.198   3.334   1.507   5.616   2.237   2.080   8.244   7.939   2.339   3.871   4.560   5.565   8.555   2.215   4.579   6.135   5.422   7.943   4.501   9.523   5.688   4.372   4.011   2.924   2.542   4.643   5.244   0.066   8.541   8.181   2.740   1.478   5.607   3.493   7.341   6.334   6.702   2.979   6.977   5.359   8.561   4.028   4.987   8.477   4.155   7.683   8.218   8.085   7.178   2.451   8.745   6.358   4.118   7.156   3.407   8.299   8.101   2.992   4.082   3.748   1.227   4.420   3.496   4.593   2.427   8.562   6.892   5.495   9.891   6.689   6.111   5.460   2.582   3.009   2.534   3.908   6.530   1.717   8.603   9.048   1.703   9.093   3.357   5.839   9.486   8.810   2.865   6.873   2.748   6.071   7.489   5.594   5.189   5.250   7.006   8.356   5.947   4.439   7.633   7.902   3.695   3.386   4.974   5.251   3.238   9.208   3.140   9.056   6.770   8.175   7.471   7.284   3.446   10.202  8.875   3.070   8.126   4.948   2.950   5.047   0.450   0.806   2.254   5.941   10.512  3.265   7.757   1.843   7.850   0.983   9.120   7.793   9.245   6.598   5.019   5.224   5.471   8.573   9.158   5.552   1.543   8.048   8.042   3.088   5.426   4.378   6.647   5.690   5.082   7.270   3.726   1.765   8.136   4.586   5.531   7.539   8.742   3.511   9.172   3.360   2.960   6.303   6.300   2.858   8.845   9.046   5.453   5.093   8.017   9.179   5.340   5.637   1.068   3.676   6.625   5.563   2.750   2.539   7.192   7.709   9.171   3.195   3.473   8.765   3.779   8.079   2.182   8.609   5.217   4.979   5.206   5.524   8.493   5.111   8.416  
1   4.853   4.959   2.922   3.017   4.698   4.633   2.425   4.675   4.452   5.890   3.911   2.785   3.207   6.822   6.476   5.752   0.588   3.175   5.991   7.147   0.751   2.133   4.854   5.698   5.360   1.106   1.580   2.909   6.515   5.628   5.607   3.219   5.491   3.021   4.654   3.581   4.121   2.973   2.072   1.796   0.825   4.323   5.764   1.942   0.359   3.957   6.473   7.298   3.262   6.120   2.275   3.304   5.012   3.453   3.950   3.271   4.104   2.046   3.770   3.895   3.756   2.559   4.878   2.434   4.397   5.971   5.277   4.139   5.279   3.747   3.658   1.773   2.293   5.840   2.005   3.973   4.868   3.910   2.566   4.690   6.020   1.888   3.831   3.982   4.495   6.097   4.376   5.388   1.838   5.442   4.965   2.687   1.771   3.886   1.821   4.745   1.164   2.974   5.016   1.718   3.370   2.845   1.855   2.153   4.627   5.483   6.082   2.529   0.297   5.687   4.118   2.802   4.593   3.216   3.182   2.125   3.434   2.636   5.713   3.617   4.716   4.156   4.747   7.062   2.610   5.905   5.527   6.042   1.859   6.050   3.024   4.635   3.832   2.921   4.619   3.914   2.678   5.146   3.330   3.373   0.401   6.958   3.270   5.225   7.341   5.415   2.520   3.780   2.815   7.353   2.096   3.268   2.721   1.144   3.744   5.112   4.137   4.718   5.703   4.781   2.892   5.276   2.768   4.799   2.206   3.342   2.056   3.023   5.455   3.590   3.958   1.936   6.196   2.484   3.681   0.384   3.406   4.969   3.031   3.306   4.654   5.404   6.193   2.527   3.576   3.690   6.690   2.334   5.096   1.769   3.037   4.352   4.491   2.836   3.108   2.352   4.531   4.372   3.683   3.936  
2   7.476   2.636   5.014   6.730   3.374   2.077   4.621   5.934   0.782   4.624   3.760   5.853   6.910   5.631   4.148   2.878   3.269   6.338   7.425   9.376   4.480   5.774   8.674   8.352   3.970   2.801   4.624   1.949   4.833   7.352   8.346   6.663   5.740   5.807   8.487   3.096   4.525   0.866   4.040   4.636   3.890   0.898   3.983   3.223   4.079   7.650   4.042   9.663   6.642   3.553   4.188   6.913   8.833   7.285   3.355   6.197   7.748   4.965   1.623   2.425   3.282   5.041   3.231   2.182   6.999   6.835   8.003   6.651   2.354   3.405   3.862   3.317   1.548   4.248   5.816   0.305   8.100   5.878   3.709   6.601   8.314   5.711   4.671   3.574   8.172   5.208   7.993   3.359   5.623   9.214   8.779   4.160   3.286   3.059   2.292   1.683   2.709   6.431   8.140   3.621   6.929   6.555   2.380   5.315   8.455   3.202   4.030   5.953   3.800   3.725   7.512   3.035   3.778   1.566   3.727   3.933   7.268   2.758   9.347   6.895   3.064   2.686   1.565   5.499   6.056   6.256   6.291   7.479   5.660   9.678   5.402   8.452   4.147   6.564   5.336   4.705   6.234   8.917   1.263   6.709   3.985   9.654   4.498   3.529   9.946   6.640   5.383   7.572   3.100   9.898   5.221   7.065   6.378   4.708   7.571   2.841   4.067   2.413   8.392   1.192   6.649   2.984   2.575   3.803   3.633   5.527   2.239   6.787   3.782   6.876   4.460   1.903   8.963   4.889   6.439   3.471   0.428   5.939   2.244   1.316   7.965   7.297   7.732   6.306   2.525   5.425   4.857   4.665   8.922   3.836   6.597   6.064   8.282   1.048   0.978   1.501   7.853   8.166   7.006   7.672  
3   8.388   1.186   3.483   6.026   1.234   4.284   5.574   7.403   2.922   6.751   5.536   4.686   6.177   7.774   6.369   5.084   3.234   5.160   8.894   10.542  4.133   5.915   8.399   9.267   1.911   2.739   5.148   3.608   7.025   8.699   9.211   6.998   7.547   4.475   8.069   4.889   6.196   2.030   5.005   3.625   3.364   1.719   6.167   2.142   4.132   6.846   6.263   10.764  5.590   5.772   2.841   6.056   8.545   6.971   5.224   4.885   7.865   5.592   0.611   4.431   1.136   3.705   5.363   3.559   7.909   8.492   8.869   7.597   4.567   5.198   1.811   2.323   2.172   2.305   5.400   2.011   8.624   7.047   4.975   7.835   9.424   5.350   6.199   1.394   7.311   7.284   7.061   5.555   5.563   8.478   8.188   5.369   2.302   4.961   2.015   1.455   2.735   6.753   8.747   2.598   6.013   6.596   3.363   4.314   8.139   5.416   6.241   6.297   3.920   5.923   6.389   4.530   1.561   0.843   1.866   2.653   6.906   4.216   8.365   5.734   5.185   0.514   3.777   7.689   6.383   8.057   7.960   8.949   5.561   8.674   6.346   8.193   5.809   5.780   6.965   2.692   5.392   8.191   1.046   7.136   4.113   10.566  2.698   1.587   10.917  8.159   4.179   6.968   4.590   10.903  5.747   6.921   6.494   4.911   7.287   5.046   5.851   0.965   9.288   3.312   6.028   1.491   4.116   1.611   4.754   6.572   1.752   6.729   5.944   5.723   2.392   2.338   9.822   3.553   4.996   3.561   2.141   7.516   3.943   1.008   8.424   8.568   9.169   5.762   0.424   3.645   7.063   5.560   8.389   4.709   5.717   7.357   7.633   2.408   2.701   2.433   8.302   7.533   7.447   6.935  
4   3.911   7.830   7.889   7.333   8.280   3.740   2.881   1.406   5.113   2.079   1.524   7.740   7.508   2.433   3.659   4.200   5.017   8.064   2.479   4.804   5.627   5.023   7.656   4.527   8.960   5.128   3.909   3.452   2.828   2.695   4.647   4.943   0.504   8.025   7.860   2.188   0.918   5.048   2.986   6.812   5.798   6.168   2.721   6.416   4.845   8.150   3.801   5.194   8.005   3.866   7.133   7.774   7.803   6.817   1.919   8.240   6.098   3.690   6.599   2.893   7.730   7.568   2.587   3.515   3.623   1.622   4.392   3.335   4.182   1.875   7.995   6.334   4.928   9.331   6.240   5.575   5.325   2.352   2.466   2.480   4.024   6.081   1.216   8.035   8.646   1.698   8.676   3.013   5.410   9.138   8.471   2.356   6.314   2.221   5.504   6.952   5.033   4.866   5.143   6.452   7.906   5.593   3.872   7.124   7.597   3.347   3.152   4.612   4.726   2.948   8.754   2.572   8.489   6.207   7.610   6.918   6.914   2.878   9.818   8.401   2.642   7.563   4.480   2.983   4.692   1.007   1.102   2.525   5.511   10.133  2.913   7.463   1.276   7.401   0.644   8.558   7.326   8.888   6.038   4.739   4.708   5.590   8.015   8.599   5.713   1.716   7.530   7.653   2.521   5.600   3.968   6.298   5.333   4.611   6.928   3.330   1.210   7.584   4.606   5.049   7.110   8.192   2.944   8.606   2.821   2.641   5.735   5.946   2.551   8.371   8.481   4.885   5.143   7.481   8.670   4.801   5.090   1.056   3.118   6.065   5.398   2.841   2.811   6.755   7.143   8.624   3.100   3.024   8.442   3.260   7.622   2.034   8.242   4.657   4.427   4.640   5.348   8.124   4.861   8.014  
5   5.199   5.433   2.271   1.962   4.934   5.751   3.246   5.503   5.446   7.011   5.008   1.724   2.145   7.926   7.617   6.869   1.559   2.066   6.696   7.540   0.404   2.049   4.148   5.974   5.532   1.972   2.236   4.039   7.649   6.268   5.847   3.186   6.471   2.045   3.839   4.711   5.145   3.904   3.032   1.088   0.917   5.129   6.904   2.134   1.189   2.891   7.613   7.629   2.121   7.256   1.931   2.192   4.295   2.719   5.075   2.224   3.760   2.634   4.388   5.036   3.909   1.804   6.020   3.569   4.791   6.816   5.543   4.599   6.386   4.865   3.605   1.945   3.229   6.024   1.148   4.864   4.859   4.602   3.616   5.333   6.437   1.105   4.807   4.065   3.421   7.190   3.274   6.530   1.524   4.446   4.040   3.661   1.962   5.022   2.544   5.427   2.072   2.961   5.072   1.716   2.243   2.519   2.984   1.119   3.889   6.622   7.225   2.624   1.379   6.829   2.976   3.926   4.695   3.866   3.129   1.914   2.657   3.773   4.623   2.480   5.858   4.522   5.819   8.186   2.668   6.852   6.414   6.744   1.478   4.959   3.676   3.942   4.886   1.820   5.563   3.595   1.545   4.150   4.049   3.419   1.335   7.155   2.918   5.500   7.567   6.205   1.577   2.819   3.935   7.605   2.541   2.705   2.500   1.546   3.036   6.249   5.216   5.216   5.962   5.799   1.884   5.708   3.909   4.924   3.257   4.024   2.704   2.565   6.595   2.453   3.737   2.881   6.390   1.791   2.662   1.506   4.350   5.843   4.172   4.013   4.600   6.004   6.859   1.559   3.951   3.048   7.827   3.126   4.209   2.768   1.908   5.083   3.523   3.836   4.147   3.352   4.478   3.410   3.704   2.903  
6   4.380   6.271   3.137   1.694   5.833   6.026   2.827   4.995   5.948   6.944   4.896   2.287   1.883   7.793   7.738   7.140   2.072   2.478   6.064   6.717   0.952   1.166   3.375   5.119   6.444   2.571   1.791   4.288   7.632   5.594   4.980   2.277   6.117   2.706   3.153   4.720   4.886   4.472   2.781   1.991   1.725   5.800   6.949   3.012   1.300   2.604   7.757   6.782   2.324   7.443   2.861   2.093   3.530   1.959   5.051   2.771   2.839   2.076   5.161   5.193   4.818   2.646   6.103   3.804   4.000   6.303   4.689   3.846   6.690   4.817   4.535   2.822   3.791   6.936   0.578   5.469   3.940   4.002   3.456   4.677   5.635   0.427   4.487   4.985   3.140   7.032   3.085   6.649   0.606   3.987   3.478   3.385   2.835   5.054   3.242   6.174   2.645   2.062   4.164   2.621   2.213   1.589   3.261   1.810   3.138   6.784   7.307   1.774   1.580   6.915   3.055   3.933   5.614   4.620   4.057   2.844   1.934   3.850   4.366   2.725   5.956   5.388   6.204   8.120   1.801   6.449   5.949   6.108   0.549   4.701   3.084   3.158   4.684   1.710   5.181   4.516   1.634   3.694   4.768   2.526   1.428   6.268   3.840   6.394   6.686   5.649   2.312   2.321   3.927   6.732   1.890   1.837   1.572   1.099   2.258   6.434   5.058   6.044   5.101   6.269   1.511   6.560   4.024   5.842   3.122   3.437   3.443   1.657   6.638   2.695   4.665   3.434   5.506   2.659   3.227   1.871   4.906   5.375   4.352   4.738   3.676   5.307   6.196   1.131   4.811   3.896   7.834   2.688   3.599   2.592   1.922   4.501   3.028   4.334   4.595   3.851   3.554   2.906   2.799   2.539  
7   4.829   6.185   2.758   1.351   5.665   6.295   3.288   5.472   6.106   7.338   5.298   1.816   1.542   8.206   8.072   7.413   2.195   1.996   6.545   7.161   0.975   1.605   3.396   5.548   6.250   2.656   2.249   4.561   8.012   6.073   5.402   2.671   6.577   2.247   3.093   5.084   5.325   4.589   3.207   1.672   1.662   5.855   7.308   2.881   1.568   2.288   8.082   7.214   1.856   7.751   2.584   1.693   3.542   1.968   5.427   2.294   3.087   2.552   5.137   5.507   4.634   2.257   6.447   4.079   4.460   6.781   5.119   4.316   6.948   5.200   4.291   2.693   3.908   6.742   0.396   5.566   4.304   4.484   3.864   5.157   6.087   0.379   4.937   4.776   2.828   7.451   2.733   6.981   1.030   3.772   3.325   3.821   2.711   5.412   3.271   6.172   2.747   2.470   4.545   2.454   1.794   1.894   3.514   1.377   3.137   7.101   7.654   2.223   1.827   7.260   2.618   4.294   5.404   4.611   3.823   2.607   1.905   4.186   4.051   2.256   6.294   5.269   6.423   8.516   2.240   6.916   6.423   6.589   0.948   4.388   3.564   3.190   5.109   1.304   5.644   4.194   1.173   3.476   4.786   2.936   1.711   6.670   3.524   6.234   7.093   6.130   1.880   2.118   4.292   7.146   2.371   1.982   1.929   1.541   2.285   6.741   5.473   5.968   5.526   6.445   1.216   6.457   4.348   5.637   3.521   3.918   3.443   1.881   6.997   2.226   4.369   3.554   5.913   2.289   2.751   2.060   5.031   5.849   4.653   4.752   4.029   5.783   6.675   0.855   4.700   3.497   8.207   3.152   3.481   2.996   1.485   4.982   2.829   4.489   4.777   4.003   3.910   2.712   3.195   2.260  
8   3.773   7.667   7.652   7.090   8.094   3.670   2.638   1.293   5.002   2.192   1.368   7.495   7.266   2.623   3.730   4.192   4.782   7.818   2.494   4.782   5.382   4.785   7.441   4.421   8.777   4.902   3.664   3.279   2.955   2.657   4.533   4.727   0.726   7.782   7.636   2.034   0.694   4.875   2.740   6.571   5.559   6.026   2.779   6.191   4.601   7.909   3.865   5.163   7.760   3.899   6.900   7.530   7.589   6.585   1.795   7.995   5.891   3.449   6.425   2.781   7.528   7.327   2.563   3.320   3.466   1.718   4.267   3.167   4.143   1.723   7.781   6.106   4.732   9.154   5.996   5.433   5.158   2.167   2.228   2.360   3.959   5.836   0.970   7.831   8.407   1.872   8.435   3.023   5.168   8.908   8.243   2.111   6.087   2.099   5.291   6.807   4.808   4.645   4.986   6.221   7.662   5.363   3.659   6.879   7.377   3.352   3.218   4.382   4.483   2.988   8.509   2.366   8.292   6.023   7.392   6.686   6.681   2.676   9.581   8.155   2.601   7.378   4.399   3.151   4.464   1.204   1.179   2.543   5.269   9.897   2.689   7.246   1.067   7.157   0.478   8.335   7.080   8.657   5.862   4.529   4.464   5.518   7.787   8.422   5.659   1.709   7.286   7.417   2.313   5.553   3.729   6.070   5.103   4.365   6.700   3.306   1.062   7.419   4.499   4.956   6.867   8.031   2.753   8.413   2.582   2.426   5.525   5.717   2.586   8.125   8.262   4.679   5.045   7.242   8.425   4.562   4.933   1.005   2.947   5.887   5.221   2.775   2.826   6.512   6.950   8.389   3.225   2.781   8.217   3.016   7.377   1.884   8.008   4.483   4.266   4.447   5.167   7.891   4.659   7.775  
9   4.879   5.599   6.120   6.345   6.070   1.948   2.413   2.932   3.011   2.388   0.707   6.283   6.534   3.358   3.118   2.853   3.295   6.685   4.396   6.481   4.239   4.427   7.423   5.700   6.744   3.240   3.078   1.228   3.007   4.386   5.744   4.866   2.720   6.472   7.452   0.071   1.466   2.821   2.045   5.186   4.151   3.961   2.295   4.461   3.479   7.258   3.160   6.809   6.758   2.927   5.298   6.710   7.583   6.267   0.457   6.758   6.086   3.144   4.370   0.891   5.580   5.886   1.474   1.389   4.442   3.772   5.419   4.086   2.581   0.361   5.911   4.416   2.764   7.106   5.232   3.367   5.890   3.139   1.349   3.746   5.489   5.079   1.683   5.889   7.792   2.685   7.736   2.048   4.596   8.543   7.948   1.699   4.391   0.405   3.451   4.738   3.127   4.693   5.829   4.595   6.803   5.176   1.885   5.650   7.284   2.251   2.662   4.279   3.264   2.276   7.595   0.723   6.308   3.995   5.566   5.056   6.318   0.890   9.016   7.122   1.353   5.350   2.562   3.554   4.383   3.234   3.229   4.449   4.680   9.349   3.011   7.205   1.097   6.321   2.278   6.554   6.137   8.262   3.814   4.783   3.331   6.952   6.075   6.373   7.184   3.602   5.969   6.912   0.728   7.111   3.471   5.851   4.931   3.607   6.469   1.978   1.022   5.352   5.757   3.038   6.165   5.961   0.832   6.412   1.591   2.979   3.651   5.504   1.984   7.095   6.435   2.785   6.337   5.773   7.146   3.188   2.861   2.889   0.893   3.843   5.846   4.383   4.712   5.786   4.955   6.795   3.192   2.533   7.996   2.111   6.481   3.189   7.588   2.433   2.196   2.465   5.757   7.465   5.020   7.181  
10  1.900   10.179  8.895   7.182   10.355  6.722   3.708   1.966   7.903   5.164   4.289   8.239   7.309   5.205   6.784   7.315   6.362   8.401   0.756   1.660   6.369   4.859   6.383   1.908   11.052  6.698   4.505   5.915   5.861   0.511   2.112   4.087   2.971   8.647   6.800   4.884   3.484   7.396   4.228   7.701   6.880   8.739   5.860   7.919   5.753   7.741   6.933   2.055   8.146   7.010   8.336   7.669   6.489   6.128   4.771   8.720   4.802   4.057   8.879   5.740   9.586   8.455   5.682   5.755   2.065   1.821   2.053   2.123   7.242   4.615   9.645   7.777   7.040   11.487  6.316   8.157   3.397   2.184   4.241   1.387   1.094   6.182   3.216   9.860   8.123   4.633   8.275   6.146   5.421   8.189   7.494   3.829   7.768   5.063   7.305   9.475   6.647   4.176   3.087   7.774   7.841   5.002   5.838   7.730   6.444   6.476   6.286   4.247   5.792   6.092   8.674   4.832   10.415  8.388   9.188   8.192   6.273   5.123   9.100   8.542   5.708   9.682   7.416   5.843   4.260   2.712   2.131   0.735   5.517   9.362   3.043   6.252   3.810   7.374   2.722   9.979   7.469   8.011   8.306   3.788   5.669   2.583   9.337   10.782  2.622   1.428   8.220   7.097   4.768   2.491   4.120   5.572   4.800   5.129   6.088   6.422   4.048   9.921   2.000   7.927   6.932   10.543  5.292   10.583  4.442   2.731   7.574   5.297   5.695   8.512   10.006  6.859   2.363   8.422   9.177   6.044   7.578   2.122   5.625   8.318   3.622   0.663   0.515   6.673   9.166   9.677   6.131   3.766   7.360   4.545   7.651   1.839   7.478   7.014   6.908   6.814   3.644   7.384   3.692   7.538  
11  2.117   9.502   6.552   3.887   9.216   7.862   3.591   4.348   8.387   7.592   5.788   5.431   3.945   8.096   8.917   8.837   5.102   5.395   4.517   3.952   4.340   2.434   2.395   2.327   9.857   5.610   3.355   6.328   8.366   3.927   2.116   1.341   5.846   5.907   2.864   6.023   5.279   7.204   4.081   5.455   5.101   8.657   7.971   6.398   4.200   4.136   9.004   3.849   4.979   8.862   6.336   4.337   2.493   2.519   6.181   5.817   0.930   3.030   8.279   6.821   8.231   6.049   7.364   5.917   2.150   5.298   2.004   2.360   8.530   5.930   7.998   6.212   6.589   10.345  3.488   8.195   0.675   3.312   4.675   3.393   3.150   3.430   4.782   8.421   4.399   7.350   4.625   7.943   2.887   4.245   3.561   4.286   6.219   6.352   6.342   9.194   5.635   1.585   1.009   6.051   4.521   1.905   5.600   5.141   2.487   8.198   8.407   2.055   4.421   8.074   5.239   5.443   9.048   7.722   7.517   6.312   2.680   5.568   5.219   5.323   7.287   8.702   8.317   8.626   1.960   5.909   5.239   4.535   2.928   5.451   3.000   2.284   5.336   4.168   5.020   7.983   4.422   4.099   7.792   1.270   4.226   3.086   7.309   9.759   3.526   4.587   5.630   3.449   5.397   3.623   2.757   2.065   1.907   3.426   2.355   7.958   5.756   9.257   2.261   8.601   3.659   9.823   5.792   9.269   4.557   3.135   6.591   1.979   7.697   5.296   8.140   6.266   2.409   6.086   6.238   4.785   7.571   4.793   6.208   7.776   0.390   3.581   4.456   3.562   8.121   7.274   8.625   3.490   3.396   4.198   4.453   3.673   3.651   6.933   7.050   6.519   0.358   3.578   0.984   3.902  
12  3.701   7.807   4.409   1.738   7.353   7.189   3.322   5.082   7.314   7.670   5.646   3.235   1.831   8.401   8.691   8.274   3.544   3.202   5.816   5.920   2.488   1.150   1.932   4.258   7.952   4.058   2.499   5.478   8.410   5.269   4.078   1.431   6.431   3.713   1.877   5.633   5.422   5.905   3.539   3.380   3.260   7.279   7.824   4.541   2.678   2.228   8.736   5.897   2.809   8.481   4.297   2.214   2.093   0.723   5.908   3.620   1.392   2.494   6.687   6.255   6.330   3.904   7.050   5.003   3.453   6.306   3.852   3.436   7.867   5.656   6.004   4.351   5.232   8.444   1.351   6.912   2.790   3.976   4.250   4.456   4.941   1.335   4.953   6.482   2.647   7.626   2.767   7.623   1.130   3.050   2.404   4.025   4.365   5.979   4.753   7.688   4.120   1.361   3.080   4.136   2.396   0.531   4.526   2.982   1.742   7.807   8.221   1.487   2.954   7.843   3.188   4.891   7.111   6.141   5.534   4.317   0.823   4.891   3.749   3.172   6.926   6.922   7.467   8.817   1.417   6.661   6.065   5.851   1.098   4.054   3.197   1.709   5.320   1.994   5.494   5.888   2.226   2.794   6.276   1.732   2.768   5.230   5.223   7.918   5.667   5.595   3.458   1.615   4.868   5.745   2.177   0.313   0.776   2.097   0.894   7.490   5.734   7.580   4.216   7.605   1.496   8.096   5.095   7.342   3.985   3.509   4.965   0.233   7.520   3.144   6.075   4.879   4.505   3.957   4.044   3.294   6.326   5.515   5.473   6.249   2.494   4.938   5.868   1.364   6.345   5.106   8.639   3.177   2.425   3.477   2.283   4.467   2.148   5.724   5.943   5.253   2.386   2.032   1.877   2.036  
13  6.827   7.290   8.958   9.333   8.100   2.649   5.136   4.338   4.163   0.863   2.797   9.252   9.521   1.162   0.971   2.213   6.234   9.667   5.265   7.630   7.234   7.298   10.202  7.463   8.687   6.092   5.983   3.795   0.163   5.583   7.582   7.526   3.019   9.411   10.303  2.930   3.162   5.008   4.927   8.117   7.095   5.479   0.783   7.194   6.478   10.237  1.156   8.040   9.754   1.521   8.109   9.705   10.358  9.155   2.588   9.717   8.739   5.952   6.341   2.733   7.906   8.780   1.683   4.183   6.506   4.236   7.321   6.192   2.563   2.824   8.386   7.188   5.280   8.935   8.216   4.983   8.175   5.173   4.218   5.411   6.938   8.061   3.660   8.212   10.767  1.379   10.724  1.370   7.536   11.464  10.843  4.420   7.160   2.614   6.120   6.229   5.973   7.396   8.022   7.412   9.801   7.998   4.760   8.621   10.095  1.545   0.733   7.043   6.259   1.002   10.594  3.721   8.485   6.169   8.130   7.854   9.221   3.863   11.987  10.115  1.865   7.405   3.277   0.785   7.140   3.330   3.859   5.302   7.624   12.319  5.491   9.992   3.157   9.316   3.532   9.144   9.136   11.190  5.900   7.377   6.330   8.505   8.763   8.231   8.602   4.583   8.912   9.859   3.720   8.478   6.275   8.696   7.742   6.571   9.328   1.885   2.732   7.093   7.543   3.876   9.146   7.610   3.742   8.524   4.527   5.309   6.256   8.342   1.068   10.088  8.962   5.436   8.078   8.656   10.088  6.163   4.792   3.985   3.557   5.946   8.214   5.762   5.584   8.768   7.178   9.574   0.196   5.277   10.865  5.060   9.480   4.935   10.518  4.714   4.341   4.985   8.150   10.396  7.554   10.149 
14  2.056   10.166  7.262   4.556   9.905   8.328   4.072   4.493   8.940   7.860   6.155   6.129   4.602   8.287   9.255   9.266   5.768   6.080   4.422   3.498   5.041   3.127   2.790   1.984   10.550  6.271   3.960   6.856   8.634   3.839   1.764   2.005   5.989   6.606   3.328   6.449   5.580   7.810   4.599   6.165   5.797   9.268   8.299   7.092   4.871   4.739   9.354   3.337   5.651   9.243   7.045   4.994   2.857   3.158   6.574   6.507   1.559   3.598   8.930   7.276   8.926   6.758   7.746   6.464   2.245   5.300   1.768   2.532   8.987   6.328   8.702   6.906   7.211   11.037  4.197   8.791   0.543   3.546   5.145   3.464   2.853   4.140   5.093   9.120   4.959   7.562   5.207   8.319   3.594   4.671   4.012   4.732   6.913   6.767   7.002   9.827   6.290   2.250   0.756   6.751   5.178   2.615   6.183   5.849   2.940   8.589   8.740   2.706   5.083   8.424   5.867   5.922   9.746   8.373   8.221   7.018   3.318   6.072   5.686   5.985   7.683   9.380   8.820   8.845   2.618   5.991   5.314   4.431   3.636   5.893   3.405   2.726   5.682   4.844   5.227   8.694   5.111   4.559   8.432   1.879   4.889   2.498   8.019   10.444  2.934   4.615   6.337   4.052   5.871   3.048   3.351   2.740   2.614   4.091   2.961   8.372   6.090   9.919   1.902   9.134   4.334   10.491  6.295   9.966   5.064   3.477   7.256   2.679   8.037   5.959   8.849   6.896   1.897   6.797   6.923   5.445   8.164   4.922   6.712   8.419   0.598   3.504   4.310   4.255   8.800   7.981   8.898   3.987   3.813   4.747   5.127   3.833   4.177   7.525   7.621   7.125   0.712   4.117   1.571   4.500  
15  6.907   7.308   9.013   9.404   8.126   2.675   5.213   4.417   4.179   0.943   2.873   9.315   9.592   1.198   0.934   2.205   6.296   9.731   5.338   7.703   7.300   7.374   10.280  7.542   8.710   6.149   6.058   3.849   0.216   5.659   7.661   7.605   3.094   9.471   10.380  2.999   3.242   5.046   5.002   8.177   7.156   5.498   0.832   7.244   6.546   10.309  1.119   8.114   9.821   1.502   8.163   9.775   10.436  9.231   2.659   9.778   8.818   6.029   6.369   2.786   7.941   8.837   1.737   4.241   6.586   4.308   7.400   6.273   2.568   2.896   8.426   7.241   5.326   8.954   8.287   5.006   8.255   5.253   4.292   5.490   7.015   8.133   3.740   8.247   10.839  1.449   10.795  1.402   7.610   11.539  10.919  4.496   7.212   2.680   6.170   6.244   6.030   7.475   8.103   7.466   9.870   8.075   4.820   8.684   10.173  1.561   0.740   7.121   6.326   1.033   10.661  3.790   8.516   6.204   8.174   7.907   9.297   3.929   12.060  10.181  1.917   7.434   3.292   0.779   7.218   3.401   3.934   5.375   7.698   12.391  5.570   10.070  3.235   9.386   3.612   9.187   9.204   11.264  5.932   7.456   6.398   8.582   8.811   8.252   8.677   4.659   8.973   9.933   3.790   8.553   6.352   8.773   7.819   6.643   9.405   1.911   2.811   7.113   7.622   3.887   9.217   7.626   3.806   8.552   4.600   5.389   6.303   8.419   1.124   10.154  9.004   5.487   8.157   8.713   10.148  6.227   4.825   4.063   3.615   5.979   8.294   5.839   5.657   8.839   7.211   9.625   0.126   5.354   10.942  5.132   9.549   5.015   10.593  4.757   4.382   5.033   8.230   10.471  7.634   10.222 
16  1.449   10.912  8.677   6.304   10.852  8.214   4.322   3.659   9.139   7.125   5.816   7.715   6.382   7.319   8.680   8.987   6.656   7.749   2.972   1.497   6.242   4.380   4.792   0.576   11.531  7.103   4.682   7.035   7.867   2.480   0.600   3.287   5.006   8.176   5.317   6.285   5.082   8.291   4.912   7.508   6.920   9.732   7.724   8.144   5.847   6.625   8.810   1.354   7.377   8.806   8.306   6.772   4.860   4.993   6.291   8.143   3.424   4.225   9.620   7.164   9.950   8.188   7.367   6.742   1.930   4.006   0.942   2.274   8.815   6.080   9.849   7.973   7.791   12.001  5.718   9.191   1.826   3.134   5.234   2.614   1.145   5.623   4.669   10.184  6.895   6.679   7.119   7.896   4.940   6.671   6.007   4.781   7.973   6.545   7.804   10.390  7.089   3.485   1.505   7.883   6.956   4.154   6.630   7.332   4.931   8.206   8.165   3.797   5.988   7.913   7.707   5.974   10.790  9.081   9.368   8.226   5.153   6.206   7.678   7.741   7.351   10.248  8.826   7.936   3.753   4.849   4.203   2.961   5.011   7.892   3.533   4.719   5.310   6.563   4.484   9.990   6.770   6.552   9.073   3.020   5.816   0.758   9.316   11.347  1.147   3.452   7.835   5.939   5.913   1.191   4.112   4.500   4.048   5.083   4.848   8.074   5.654   10.655  0.532   9.250   6.064   11.261  6.415   10.990  5.293   3.401   8.074   4.337   7.511   7.713   10.093  7.530   0.130   8.197   8.583   6.318   8.571   3.995   6.809   9.071   2.127   2.237   2.753   5.909   9.685   9.438   8.139   4.302   5.814   5.163   6.851   3.151   6.139   7.948   7.946   7.633   2.215   6.069   2.766   6.393  
17  6.267   4.610   6.150   7.026   5.286   0.643   3.652   4.312   1.695   2.675   1.997   6.620   7.217   3.697   2.566   1.743   3.622   7.069   5.745   7.880   4.772   5.427   8.456   7.098   5.913   3.363   4.092   1.115   2.986   5.773   7.136   6.041   3.857   6.711   8.408   1.405   2.804   2.109   3.172   5.426   4.455   2.840   2.125   4.346   4.113   7.964   2.525   8.213   7.243   2.121   5.292   7.327   8.618   7.195   1.527   7.051   7.239   4.272   3.521   0.539   5.015   6.025   1.286   1.596   5.821   5.030   6.808   5.464   1.323   1.664   5.483   4.362   2.400   6.213   5.959   2.268   7.203   4.538   2.573   5.153   6.896   5.820   3.081   5.323   8.503   3.237   8.397   1.559   5.477   9.379   8.836   2.994   4.332   1.225   3.267   3.632   3.242   5.844   7.166   4.611   7.390   6.211   2.168   6.005   8.286   1.537   2.287   5.396   3.848   1.921   8.113   1.797   5.630   3.289   5.231   5.032   7.221   1.689   9.726   7.569   1.109   4.575   1.156   3.641   5.503   4.368   4.493   5.797   5.546   10.063  4.331   8.233   2.468   6.944   3.604   6.244   6.694   9.088   3.036   5.999   3.976   8.356   5.884   5.488   8.591   4.947   6.227   7.716   1.847   8.518   4.587   6.842   5.985   4.469   7.433   1.142   2.269   4.385   7.154   1.653   6.881   4.958   1.471   5.688   2.691   4.341   3.377   6.512   1.878   7.545   6.059   2.598   7.734   5.890   7.385   3.647   1.938   4.224   1.075   3.078   7.135   5.783   6.068   6.506   4.300   6.723   3.062   3.749   8.920   3.121   7.056   4.596   8.418   1.812   1.438   2.117   7.038   8.295   6.259   7.924  
18  8.242   2.010   5.142   7.167   2.921   2.661   5.378   6.723   1.120   5.269   4.536   6.131   7.340   6.253   4.608   3.262   3.804   6.619   8.213   10.163  4.976   6.409   9.241   9.121   3.442   3.303   5.317   2.739   5.402   8.142   9.110   7.344   6.500   6.025   9.017   3.874   5.308   1.466   4.792   4.942   4.318   0.217   4.573   3.448   4.664   8.066   4.480   10.448  6.969   3.984   4.366   7.306   9.398   7.832   4.118   6.427   8.395   5.680   1.335   3.166   3.063   5.244   3.890   2.956   7.764   7.612   8.766   7.418   2.778   4.181   3.717   3.577   2.113   3.658   6.320   0.502   8.820   6.660   4.489   7.388   9.097   6.228   5.460   3.324   8.575   5.882   8.372   3.939   6.212   9.662   9.265   4.939   3.547   3.819   2.685   0.960   3.228   7.107   8.872   3.887   7.303   7.177   3.102   5.639   9.010   3.737   4.562   6.629   4.392   4.295   7.824   3.824   3.401   1.560   3.682   4.126   7.803   3.545   9.719   7.188   3.734   2.303   2.010   6.065   6.730   7.015   7.069   8.268   6.241   10.045  6.163   9.021   4.931   6.975   6.119   4.592   6.623   9.366   1.277   7.406   4.584   10.425  4.499   2.967   10.722  7.428   5.640   8.046   3.889   10.677  5.922   7.651   7.014   5.340   8.128   3.410   4.839   1.823   9.159   1.454   7.108   2.331   3.364   3.381   4.399   6.299   2.557   7.390   4.402   7.171   4.309   2.462   9.728   5.089   6.622   4.045   1.123   6.724   3.033   1.327   8.675   8.086   8.521   6.783   2.315   5.449   5.395   5.415   9.425   4.574   6.979   6.853   8.748   1.757   1.758   2.151   8.560   8.636   7.708   8.108  
19  4.460   7.708   3.974   1.035   7.151   7.550   3.914   5.791   7.526   8.232   6.189   2.685   1.096   9.004   9.166   8.654   3.646   2.573   6.569   6.661   2.468   1.726   1.873   4.998   7.712   4.136   2.996   5.817   8.956   6.026   4.812   2.192   7.103   3.165   1.579   6.112   6.031   6.049   4.052   3.072   3.189   7.358   8.330   4.399   2.868   1.474   9.199   6.624   2.130   8.915   3.999   1.488   2.016   0.465   6.411   3.014   1.966   3.081   6.665   6.668   6.113   3.477   7.521   5.334   4.214   7.034   4.597   4.192   8.221   6.165   5.715   4.213   5.367   8.202   1.135   7.043   3.482   4.694   4.762   5.202   5.696   1.212   5.578   6.232   1.919   8.231   2.014   8.084   1.455   2.492   1.923   4.587   4.232   6.455   4.782   7.696   4.216   2.114   3.786   3.961   1.672   1.281   4.812   2.556   1.609   8.246   8.711   2.184   3.150   8.326   2.436   5.345   6.855   6.136   5.263   4.063   0.376   5.306   3.071   2.469   7.387   6.783   7.763   9.393   2.128   7.355   6.774   6.604   1.376   3.388   3.879   1.673   5.898   1.326   6.161   5.497   1.629   2.212   6.304   2.493   2.986   5.926   4.853   7.725   6.365   6.328   2.988   0.907   5.328   6.451   2.784   0.790   1.507   2.459   0.784   7.911   6.303   7.494   4.952   7.845   0.817   7.975   5.497   7.092   4.467   4.205   4.965   0.988   8.022   2.443   5.716   5.011   5.216   3.555   3.414   3.451   6.485   6.218   5.851   6.271   3.181   5.697   6.626   0.843   6.219   4.617   9.175   3.768   2.024   3.940   1.607   5.191   1.540   5.914   6.170   5.431   3.081   1.417   2.632   1.295  
20  3.262   7.342   4.368   2.222   6.994   6.408   2.503   4.346   6.610   6.849   4.824   3.392   2.363   7.587   7.874   7.483   2.975   3.476   5.194   5.573   2.100   0.338   2.691   3.941   7.625   3.494   1.690   4.714   7.588   4.673   3.788   1.049   5.653   3.846   2.693   4.818   4.609   5.258   2.721   3.233   2.868   6.668   7.004   4.168   2.071   2.901   7.921   5.607   3.180   7.673   4.098   2.707   2.853   1.538   5.088   3.840   1.710   1.673   6.164   5.457   5.997   3.871   6.234   4.246   2.937   5.602   3.515   2.851   7.088   4.836   5.753   3.981   4.599   8.114   1.396   6.267   2.698   3.258   3.431   3.810   4.525   1.291   4.145   6.181   3.368   6.813   3.440   6.809   0.644   3.863   3.225   3.203   3.990   5.164   4.215   7.131   3.539   0.857   2.927   3.810   2.875   0.467   3.798   2.999   2.529   6.998   7.402   0.751   2.328   7.025   3.718   4.084   6.809   5.609   5.272   4.068   1.620   4.096   4.518   3.573   6.113   6.505   6.716   7.998   0.716   5.905   5.328   5.232   0.694   4.831   2.428   2.469   4.500   2.402   4.712   5.758   2.516   3.602   5.715   1.320   2.133   5.048   5.081   7.543   5.472   4.903   3.501   2.356   4.058   5.526   1.359   1.090   0.340   1.380   1.711   6.687   4.913   7.104   3.915   6.885   1.973   7.650   4.304   7.032   3.172   2.756   4.448   0.748   6.700   3.544   5.903   4.253   4.292   3.893   4.289   2.687   5.664   4.769   4.690   5.693   2.434   4.358   5.278   1.702   5.923   5.116   7.817   2.358   3.246   2.671   2.680   3.758   2.944   5.046   5.238   4.588   2.312   2.826   1.573   2.739  
21  4.705   6.467   6.996   6.977   6.983   2.364   2.715   2.434   3.702   1.663   0.389   7.072   7.163   2.537   2.812   2.982   4.139   7.452   3.785   6.014   4.985   4.881   7.785   5.455   7.651   4.131   3.580   2.146   2.387   3.883   5.533   5.125   1.864   7.291   7.881   0.872   0.932   3.724   2.528   6.019   4.982   4.773   1.868   5.374   4.204   7.864   2.905   6.376   7.483   2.818   6.187   7.372   7.942   6.737   0.529   7.557   6.344   3.531   5.265   1.482   6.512   6.739   1.354   2.318   4.318   3.023   5.233   3.977   2.870   0.588   6.843   5.321   3.696   8.002   5.858   4.182   5.908   2.961   1.830   3.406   5.111   5.701   1.372   6.821   8.389   1.814   8.363   1.895   5.139   9.051   8.426   1.999   5.297   0.818   4.378   5.561   4.022   4.985   5.796   5.487   7.480   5.577   2.788   6.440   7.675   2.195   2.301   4.624   4.019   1.975   8.296   1.517   7.234   4.910   6.495   5.951   6.806   1.766   9.602   7.859   1.348   6.262   3.088   2.836   4.722   2.380   2.488   3.836   5.230   9.931   3.116   7.574   0.769   6.985   1.653   7.479   6.837   8.780   4.717   4.990   4.057   6.639   6.989   7.269   6.823   2.989   6.787   7.460   1.490   6.730   3.853   6.275   5.321   4.198   6.907   2.071   0.364   6.225   5.523   3.645   6.779   6.826   1.752   7.333   2.165   2.978   4.582   5.921   1.592   7.831   7.365   3.716   6.093   6.633   7.959   3.995   3.722   2.266   1.814   4.749   5.912   3.947   4.114   6.405   5.879   7.688   2.616   2.856   8.445   2.694   7.168   2.862   8.110   3.341   3.076   3.396   5.837   7.988   5.186   7.765  
22  6.895   6.109   1.669   1.750   5.251   7.634   5.342   7.569   7.044   9.111   7.130   0.455   1.767   10.044  9.608   8.736   3.478   0.191   8.670   9.203   2.535   3.692   4.319   7.561   5.662   3.719   4.308   5.995   9.724   8.197   7.398   4.654   8.597   0.612   3.783   6.798   7.281   5.477   5.164   1.673   2.624   6.402   8.952   3.103   3.323   2.119   9.587   9.222   0.721   9.196   2.223   1.426   4.415   3.179   7.170   0.271   4.717   4.654   5.418   7.036   4.254   1.351   8.054   5.552   6.552   8.883   7.139   6.426   8.225   6.970   3.660   2.984   4.870   6.124   2.242   6.302   6.168   6.603   5.750   7.282   8.157   2.367   6.936   4.256   2.442   9.315   2.132   8.534   3.123   3.662   3.596   5.793   3.014   7.094   4.017   6.462   3.838   4.487   6.449   2.675   1.280   3.765   4.963   1.080   4.030   8.592   9.247   4.312   3.490   8.852   1.343   6.023   4.808   5.013   3.324   2.440   3.033   5.844   3.343   0.690   7.884   5.120   7.575   10.281  4.314   8.967   8.504   8.714   3.030   3.639   5.680   4.182   7.021   1.439   7.681   3.142   1.155   3.410   5.277   4.943   3.467   8.600   2.630   5.818   9.034   8.243   0.912   2.573   6.037   9.104   4.492   3.524   3.885   3.594   3.455   8.206   7.346   5.955   7.529   7.434   1.944   6.284   5.959   5.047   5.391   6.033   4.053   3.606   8.646   0.685   3.439   4.570   7.863   1.503   0.664   3.541   5.911   7.931   6.175   5.229   5.873   7.904   8.799   2.018   4.655   2.050   9.890   5.213   3.863   4.903   1.177   7.099   3.028   5.527   5.888   5.076   5.764   2.969   5.164   2.305  
23  6.899   5.848   7.777   8.517   6.676   1.236   4.691   4.576   2.719   1.637   2.453   8.219   8.708   2.490   0.940   0.925   5.202   8.660   5.794   8.110   6.307   6.711   9.715   7.645   7.254   4.976   5.359   2.678   1.571   5.984   7.727   7.147   3.597   8.326   9.734   2.242   3.121   3.664   4.337   7.037   6.049   4.038   0.810   5.971   5.602   9.446   0.917   8.490   8.808   0.640   6.919   8.846   9.876   8.541   2.042   8.659   8.370   5.437   4.926   1.663   6.531   7.649   0.861   3.132   6.508   4.875   7.427   6.164   1.142   2.294   7.044   5.989   4.020   7.494   7.422   3.552   8.070   5.153   3.641   5.587   7.265   7.275   3.565   6.833   9.984   2.332   9.902   0.306   6.849   10.792  10.214  3.965   5.959   1.897   4.892   4.785   4.855   6.980   7.973   6.237   8.922   7.467   3.721   7.598   9.573   0.102   0.727   6.571   5.353   0.500   9.671   2.967   7.078   4.789   6.819   6.659   8.585   3.002   11.211  9.146   0.943   5.990   1.833   2.229   6.675   4.037   4.397   5.840   6.928   11.547  5.224   9.497   2.941   8.459   3.758   7.831   8.233   10.507  4.509   7.051   5.458   8.810   7.495   6.794   8.974   5.028   7.838   9.145   2.990   8.872   5.764   8.137   7.223   5.846   8.752   0.492   2.558   5.654   7.715   2.435   8.354   6.167   2.825   7.107   3.876   5.130   4.995   7.792   0.803   9.121   7.629   4.225   8.282   7.515   9.002   5.192   3.406   4.333   2.525   4.557   8.055   6.087   6.126   7.975   5.790   8.345   1.558   4.816   10.272  4.382   8.590   5.050   9.833   3.409   3.023   3.742   7.973   9.710   7.274   9.388  
24  7.764   1.737   3.873   6.023   2.148   3.371   4.905   6.602   2.084   5.824   4.652   4.893   6.189   6.847   5.472   4.215   2.846   5.379   8.101   9.847   3.924   5.543   8.229   8.648   2.804   2.327   4.616   2.722   6.103   7.940   8.609   6.567   6.666   4.767   7.958   3.997   5.338   1.126   4.321   3.725   3.207   1.102   5.244   2.210   3.750   6.899   5.372   10.090  5.750   4.885   3.105   6.126   8.382   6.804   4.321   5.172   7.528   5.032   0.436   3.509   1.945   3.986   4.436   2.725   7.282   7.649   8.263   6.955   3.690   4.308   2.536   2.353   1.421   3.159   5.253   1.176   8.138   6.330   4.203   7.105   8.742   5.178   5.375   2.239   7.396   6.360   7.178   4.634   5.266   8.514   8.155   4.619   2.325   4.053   1.618   1.317   2.284   6.323   8.232   2.662   6.111   6.275   2.619   4.426   7.984   4.505   5.327   5.853   3.502   5.003   6.594   3.693   2.483   0.292   2.443   2.869   6.759   3.382   8.516   5.951   4.258   1.430   2.902   6.766   5.947   7.178   7.111   8.156   5.281   8.838   5.691   8.015   4.950   5.811   6.121   3.393   5.445   8.220   0.138   6.671   3.700   9.955   3.247   2.426   10.287  7.349   4.396   6.930   3.755   10.262  5.226   6.680   6.142   4.493   7.111   4.130   4.968   1.478   8.675   2.489   5.986   2.099   3.262   2.538   4.018   5.888   1.422   6.450   5.018   5.936   3.134   1.678   9.225   3.830   5.357   3.139   1.215   6.688   3.056   0.133   7.961   7.831   8.386   5.680   1.190   4.192   6.145   4.909   8.332   4.047   5.793   6.606   7.622   1.515   1.784   1.630   7.841   7.513   6.981   6.958  
25  4.793   5.780   6.273   6.430   6.254   2.039   2.407   2.787   3.164   2.259   0.527   6.410   6.619   3.213   3.076   2.895   3.436   6.806   4.240   6.349   4.352   4.467   7.447   5.603   6.928   3.397   3.124   1.413   2.903   4.245   5.653   4.864   2.537   6.607   7.491   0.140   1.302   3.005   2.078   5.325   4.289   4.135   2.221   4.628   3.585   7.338   3.129   6.683   6.868   2.923   5.456   6.803   7.607   6.314   0.319   6.888   6.086   3.163   4.554   1.000   5.763   6.031   1.443   1.564   4.363   3.598   5.332   4.009   2.653   0.177   6.089   4.579   2.946   7.290   5.315   3.541   5.841   3.045   1.370   3.628   5.370   5.161   1.550   6.071   7.870   2.527   7.822   2.024   4.657   8.601   7.999   1.682   4.555   0.395   3.625   4.914   3.286   4.697   5.771   4.753   6.900   5.206   2.046   5.777   7.314   2.250   2.606   4.293   3.377   2.227   7.699   0.830   6.492   4.179   5.741   5.216   6.369   1.036   9.092   7.235   1.341   5.535   2.682   3.431   4.397   3.051   3.055   4.293   4.743   9.425   2.969   7.231   0.944   6.414   2.114   6.727   6.240   8.322   3.998   4.770   3.437   6.845   6.242   6.557   7.070   3.444   6.104   6.978   0.822   6.994   3.491   5.887   4.957   3.677   6.509   2.003   0.840   5.534   5.662   3.175   6.246   6.142   1.000   6.596   1.643   2.916   3.828   5.537   1.913   7.208   6.611   2.962   6.241   5.921   7.280   3.317   3.041   2.727   1.078   4.027   5.807   4.252   4.558   5.867   5.139   6.954   3.098   2.533   8.040   2.171   6.581   3.071   7.648   2.617   2.377   2.647   5.720   7.525   4.999   7.256  
26  5.262   6.669   2.775   0.566   6.035   7.091   4.033   6.160   6.841   8.145   6.101   1.509   0.752   9.004   8.884   8.210   2.942   1.490   7.146   7.555   1.723   2.112   3.002   5.907   6.570   3.368   3.003   5.361   8.823   6.646   5.741   3.003   7.323   1.989   2.588   5.897   6.102   5.300   3.995   1.936   2.290   6.503   8.121   3.367   2.377   1.501   8.893   7.566   1.182   8.559   2.851   0.883   3.131   1.661   6.238   1.892   3.098   3.257   5.708   6.316   4.995   2.280   7.260   4.881   4.940   7.457   5.487   4.842   7.739   6.009   4.557   3.189   4.625   7.058   0.681   6.256   4.511   5.129   4.663   5.755   6.524   0.837   5.700   5.093   2.037   8.245   1.923   7.793   1.577   3.055   2.687   4.600   3.212   6.225   3.923   6.759   3.468   2.847   4.789   2.910   0.997   2.106   4.310   1.364   2.721   7.910   8.467   2.718   2.631   8.073   1.844   5.106   5.708   5.206   4.118   2.944   1.543   4.999   3.254   1.582   7.107   5.717   7.195   9.322   2.706   7.643   7.125   7.188   1.475   3.591   4.229   2.822   5.899   0.496   6.383   4.303   0.514   2.759   5.407   3.295   2.521   6.940   3.665   6.612   7.374   6.786   1.788   1.462   5.105   7.444   3.036   1.904   2.235   2.314   1.972   7.548   6.270   6.468   5.874   7.191   0.520   6.915   5.160   5.948   4.324   4.580   4.066   1.953   7.810   1.552   4.529   4.276   6.203   2.363   2.324   2.841   5.746   6.552   5.461   5.369   4.218   6.340   7.251   0.372   5.168   3.421   9.019   3.892   2.882   3.797   0.718   5.632   2.148   5.230   5.533   4.744   4.107   2.040   3.508   1.507  
27  3.418   7.361   4.277   2.041   6.983   6.542   2.682   4.537   6.708   7.025   4.995   3.260   2.178   7.770   8.034   7.623   3.018   3.325   5.377   5.717   2.081   0.494   2.561   4.077   7.606   3.537   1.842   4.838   7.761   4.854   3.919   1.172   5.843   3.720   2.534   4.976   4.792   5.333   2.882   3.161   2.856   6.732   7.169   4.156   2.123   2.710   8.079   5.741   3.015   7.825   4.042   2.527   2.723   1.362   5.252   3.699   1.689   1.850   6.199   5.601   5.978   3.777   6.392   4.367   3.103   5.792   3.653   3.028   7.221   5.000   5.713   3.968   4.669   8.097   1.262   6.342   2.783   3.448   3.594   3.995   4.679   1.171   4.330   6.154   3.177   6.996   3.250   6.966   0.617   3.684   3.051   3.377   3.978   5.322   4.252   7.177   3.588   1.002   3.027   3.784   2.697   0.420   3.904   2.890   2.387   7.150   7.564   0.939   2.390   7.186   3.537   4.235   6.783   5.647   5.234   4.024   1.438   4.238   4.328   3.406   6.269   6.509   6.835   8.176   0.899   6.096   5.520   5.416   0.638   4.643   2.619   2.338   4.678   2.229   4.901   5.689   2.358   3.419   5.762   1.456   2.197   5.161   5.014   7.537   5.588   5.093   3.390   2.166   4.211   5.646   1.540   0.943   0.410   1.475   1.551   6.835   5.090   7.126   4.048   6.990   1.791   7.664   4.443   7.008   3.327   2.948   4.479   0.623   6.865   3.376   5.845   4.320   4.409   3.806   4.145   2.743   5.746   4.960   4.824   5.738   2.510   4.536   5.458   1.531   5.928   5.017   7.988   2.536   3.080   2.820   2.510   3.948   2.760   5.133   5.336   4.670   2.390   2.640   1.690   2.548  
28  7.399   5.145   0.668   2.664   4.236   7.150   5.478   7.743   6.385   8.878   6.982   0.921   2.723   9.853   9.202   8.222   3.206   1.219   8.962   9.736   2.597   4.180   5.285   8.130   4.622   3.305   4.492   5.614   9.436   8.533   7.984   5.249   8.622   0.461   4.776   6.567   7.247   4.851   5.193   1.336   2.366   5.610   8.626   2.393   3.335   3.156   9.163   9.795   1.751   8.742   1.423   2.425   5.391   4.049   6.951   0.808   5.502   4.900   4.567   6.676   3.264   0.616   7.720   5.213   7.013   9.053   7.700   6.841   7.698   6.777   2.639   2.322   4.308   5.080   2.830   5.582   6.853   6.867   5.690   7.598   8.651   2.914   6.960   3.240   3.494   9.156   3.182   8.156   3.608   4.714   4.632   5.814   2.353   6.833   3.423   5.585   3.425   5.052   7.109   2.042   2.300   4.424   4.642   1.209   4.996   8.175   8.882   4.793   3.424   8.494   2.363   5.829   3.774   4.217   2.342   1.679   3.916   5.607   4.362   1.727   7.542   4.158   6.999   10.027  4.816   9.031   8.631   9.009   3.530   4.645   5.942   5.133   6.948   2.347   7.743   2.090   1.982   4.460   4.501   5.517   3.461   9.245   1.597   4.796   9.670   8.458   0.706   3.559   5.854   9.726   4.802   4.313   4.495   3.811   4.347   7.780   7.229   5.008   8.108   6.787   2.814   5.297   5.686   4.011   5.331   6.288   3.398   4.330   8.329   1.726   2.389   4.053   8.491   0.748   0.851   3.365   5.263   8.065   5.839   4.450   6.569   8.265   9.125   2.782   3.733   1.032   9.578   5.365   4.893   4.897   2.131   7.345   4.061   4.964   5.343   4.553   6.453   3.994   5.771   3.330  
29  4.194   7.758   4.134   1.281   7.235   7.438   3.716   5.552   7.467   8.049   6.011   2.882   1.355   8.806   9.014   8.537   3.616   2.798   6.311   6.398   2.471   1.521   1.835   4.735   7.810   4.116   2.827   5.711   8.779   5.765   4.550   1.928   6.878   3.362   1.627   5.957   5.829   6.012   3.881   3.183   3.217   7.345   8.167   4.457   2.802   1.732   9.052   6.364   2.371   8.778   4.111   1.744   1.987   0.415   6.248   3.231   1.736   2.882   6.686   6.537   6.201   3.633   7.370   5.230   3.950   6.787   4.333   3.932   8.113   5.999   5.828   4.269   5.331   8.301   1.182   7.011   3.229   4.451   4.594   4.947   5.431   1.226   5.370   6.332   2.163   8.032   2.271   7.937   1.322   2.658   2.052   4.400   4.287   6.302   4.782   7.708   4.190   1.855   3.529   4.029   1.928   1.022   4.722   2.707   1.593   8.107   8.554   1.946   3.084   8.172   2.700   5.197   6.958   6.150   5.369   4.160   0.423   5.172   3.292   2.719   7.240   6.845   7.675   9.205   1.884   7.122   6.535   6.346   1.255   3.604   3.649   1.623   5.707   1.560   5.938   5.645   1.838   2.388   6.307   2.229   2.912   5.673   4.992   7.807   6.111   6.079   3.157   1.136   5.178   6.195   2.577   0.544   1.255   2.331   0.717   7.779   6.116   7.539   4.690   7.776   1.051   8.033   5.368   7.193   4.308   3.970   4.975   0.722   7.860   2.692   5.853   4.975   4.959   3.702   3.641   3.400   6.443   5.981   5.731   6.276   2.928   5.435   6.364   1.008   6.276   4.797   9.002   3.569   2.121   3.786   1.845   4.945   1.723   5.860   6.104   5.380   2.826   1.603   2.366   1.545  
30  4.962   5.345   5.861   6.169   5.800   1.898   2.385   3.118   2.835   2.631   0.970   6.055   6.360   3.614   3.258   2.875   3.053   6.463   4.597   6.638   4.030   4.319   7.333   5.798   6.475   2.978   2.967   0.961   3.223   4.561   5.832   4.819   2.984   6.233   7.340   0.342   1.692   2.557   1.963   4.944   3.912   3.731   2.478   4.190   3.282   7.089   3.286   6.956   6.551   3.017   5.035   6.523   7.494   6.146   0.725   6.526   6.034   3.073   4.108   0.847   5.303   5.636   1.618   1.113   4.514   4.009   5.502   4.157   2.557   0.634   5.633   4.148   2.487   6.841   5.062   3.138   5.911   3.241   1.302   3.884   5.625   4.911   1.856   5.612   7.625   2.953   7.560   2.172   4.458   8.404   7.820   1.699   4.123   0.593   3.176   4.502   2.864   4.636   5.866   4.331   6.612   5.082   1.622   5.422   7.184   2.343   2.823   4.208   3.056   2.430   7.394   0.572   6.033   3.724   5.289   4.791   6.191   0.658   8.851   6.910   1.476   5.080   2.455   3.787   4.314   3.496   3.466   4.651   4.538   9.186   3.033   7.113   1.311   6.135   2.501   6.278   5.940   8.120   3.548   4.753   3.135   7.064   5.803   6.109   7.310   3.808   5.731   6.762   0.600   7.242   3.397   5.745   4.842   3.458   6.358   2.036   1.285   5.097   5.852   2.892   5.995   5.709   0.566   6.139   1.490   3.034   3.374   5.402   2.167   6.883   6.158   2.508   6.432   5.521   6.908   2.961   2.614   3.103   0.627   3.576   5.853   4.540   4.909   5.616   4.680   6.530   3.396   2.494   7.877   1.987   6.287   3.329   7.445   2.167   1.944   2.188   5.760   7.322   5.001   7.019  
31  8.590   1.272   3.221   5.922   0.884   4.735   5.814   7.714   3.380   7.182   5.913   4.493   6.063   8.207   6.825   5.542   3.363   4.956   9.197   10.781  4.154   5.995   8.362   9.464   1.581   2.896   5.318   3.994   7.470   8.981   9.398   7.101   7.918   4.244   8.003   5.274   6.551   2.439   5.257   3.504   3.376   2.165   6.611   2.096   4.239   6.707   6.719   10.988  5.410   6.229   2.658   5.915   8.504   6.940   5.617   4.652   7.914   5.772   1.069   4.851   0.719   3.492   5.797   3.910   8.114   8.832   9.058   7.811   5.025   5.580   1.418   2.285   2.503   2.020   5.371   2.469   8.748   7.308   5.278   8.101   9.657   5.334   6.531   0.949   7.155   7.705   6.890   6.001   5.608   8.340   8.084   5.656   2.269   5.362   2.201   1.819   2.910   6.856   8.887   2.528   5.860   6.645   3.665   4.173   8.095   5.868   6.691   6.411   4.048   6.370   6.181   4.876   1.118   1.236   1.556   2.503   6.865   4.562   8.172   5.525   5.619   0.294   4.235   8.133   6.493   8.424   8.304   9.252   5.597   8.475   6.573   8.160   6.166   5.661   7.308   2.292   5.266   8.057   1.476   7.255   4.235   10.755  2.374   1.350   11.115  8.475   3.989   6.873   4.934   11.109  5.906   6.926   6.560   5.024   7.259   5.495   6.227   1.119   9.480   3.770   5.942   1.493   4.476   1.194   5.038   6.816   1.929   6.754   6.383   5.517   1.979   2.623   10.004  3.345   4.728   3.698   2.581   7.846   4.328   1.433   8.537   8.836   9.465   5.698   0.313   3.305   7.511   5.789   8.296   4.952   5.576   7.638   7.522   2.805   3.117   2.781   8.414   7.425   7.565   6.811  
32  7.769   7.417   9.516   10.104  8.320   2.955   6.007   5.280   4.316   1.805   3.660   9.915   10.295  1.852   0.831   2.168   6.890   10.345  6.176   8.540   7.949   8.144   11.081  8.404   8.864   6.694   6.812   4.384   1.053   6.511   8.523   8.423   3.943   10.041  11.161  3.699   4.085   5.399   5.759   8.748   7.745   5.632   1.473   7.715   7.215   11.021  0.942   8.954   10.466  1.439   8.659   10.459  11.238  9.998   3.391   10.365  9.640   6.811   6.596   3.332   8.240   9.376   2.327   4.815   7.445   5.135   8.263   7.130   2.647   3.640   8.772   7.729   5.764   9.066   8.994   5.200   9.110   6.108   5.046   6.353   7.871   8.842   4.581   8.539   11.555  2.277   11.496  1.837   8.351   12.293  11.685  5.283   7.700   3.363   6.635   6.333   6.573   8.284   8.960   7.973   10.546  8.861   5.404   9.288   10.966  1.840   1.122   7.918   6.981   1.518   11.319  4.484   8.751   6.500   8.558   8.399   10.058  4.586   12.780  10.815  2.489   7.653   3.432   1.235   8.017   4.225   4.779   6.212   8.437   13.113  6.399   10.869  4.053   10.070  4.474   9.568   9.869   12.015  6.212   8.282   7.068   9.437   9.240   8.388   9.526   5.511   9.548   10.671  4.492   9.400   7.137   9.554   8.608   7.369   10.182  2.237   3.628   7.243   8.484   3.970   9.927   7.713   4.438   8.765   5.336   6.230   6.740   9.201   1.782   10.789  9.361   5.965   9.018   9.245   10.717  6.852   5.120   4.924   4.193   6.262   9.144   6.697   6.492   9.548   7.492   10.090  0.781   6.146   11.718  5.865   10.219  5.877   11.342  5.153   4.767   5.485   9.078   11.219  8.468   10.945 
33  3.155   8.266   5.024   2.359   7.869   7.308   3.236   4.762   7.562   7.566   5.583   3.873   2.436   8.237   8.684   8.366   3.923   3.842   5.365   5.322   2.970   1.276   1.838   3.658   8.483   4.442   2.574   5.636   8.322   4.802   3.471   0.975   6.171   4.350   1.987   5.646   5.271   6.218   3.552   3.965   3.747   7.628   7.788   5.044   3.024   2.748   8.742   5.283   3.440   8.519   4.870   2.825   1.996   1.115   5.888   4.260   0.800   2.450   7.105   6.331   6.857   4.520   7.056   5.175   2.955   5.932   3.262   2.986   7.988   5.633   6.564   4.855   5.559   8.975   1.955   7.227   2.155   3.646   4.247   4.040   4.373   1.916   4.785   7.023   3.110   7.465   3.274   7.636   1.518   3.307   2.621   3.963   4.867   5.992   5.158   8.082   4.491   1.008   2.450   4.659   3.009   0.496   4.745   3.603   1.735   7.843   8.199   1.326   3.286   7.832   3.774   4.943   7.653   6.553   6.089   4.873   1.264   4.983   4.124   3.796   6.946   7.408   7.644   8.689   1.227   6.358   5.736   5.396   1.524   4.407   2.962   1.626   5.214   2.626   5.251   6.486   2.866   3.085   6.666   1.251   3.091   4.597   5.817   8.427   5.035   5.213   4.085   2.087   4.911   5.116   2.123   0.568   0.684   2.339   1.102   7.548   5.637   8.031   3.612   7.830   2.121   8.567   5.197   7.881   4.022   3.239   5.386   0.423   7.490   3.769   6.662   5.213   3.879   4.566   4.684   3.642   6.624   5.206   5.593   6.643   1.857   4.463   5.391   2.005   6.827   5.732   8.561   3.099   2.571   3.548   2.913   4.118   2.494   6.004   6.191   5.548   1.751   2.391   1.324   2.535  
34  3.242   7.654   7.317   6.592   8.001   3.926   2.155   0.847   5.149   2.730   1.499   7.079   6.764   3.196   4.218   4.561   4.475   7.383   2.254   4.429   4.975   4.259   6.874   3.929   8.692   4.648   3.194   3.273   3.500   2.299   4.027   4.161   1.137   7.386   7.077   2.123   0.691   4.844   2.342   6.205   5.213   6.083   3.258   5.941   4.206   7.394   4.342   4.788   7.299   4.335   6.595   7.040   7.021   6.040   1.978   7.580   5.319   2.943   6.384   2.956   7.373   6.970   2.925   3.229   2.914   1.708   3.749   2.607   4.456   1.836   7.579   5.842   4.622   9.088   5.510   5.491   4.596   1.599   1.938   1.861   3.532   5.351   0.609   7.671   7.885   2.444   7.924   3.432   4.664   8.359   7.691   1.723   5.824   2.274   5.101   6.849   4.563   4.083   4.433   5.932   7.177   4.814   3.485   6.472   6.814   3.749   3.701   3.835   4.114   3.440   8.029   2.258   8.161   5.947   7.170   6.393   6.140   2.571   9.049   7.697   2.933   7.294   4.625   3.720   3.913   1.497   1.186   2.307   4.765   9.363   2.132   6.680   1.047   6.672   0.208   8.086   6.614   8.111   5.812   3.959   4.075   5.073   7.514   8.362   5.243   1.458   6.896   6.886   2.197   5.147   3.208   5.519   4.555   3.905   6.147   3.655   1.253   7.401   4.003   5.148   6.365   8.019   2.691   8.295   2.268   1.858   5.348   5.167   3.038   7.667   8.035   4.528   4.561   6.892   8.018   4.229   4.953   0.749   2.956   5.833   4.654   2.361   2.574   6.015   6.836   8.069   3.767   2.294   7.659   2.642   6.900   1.350   7.467   4.451   4.278   4.354   4.598   7.350   4.086   7.253  
35  1.942   8.626   5.893   3.515   8.383   6.970   2.706   3.751   7.471   6.832   4.961   4.886   3.612   7.402   8.097   7.961   4.230   4.923   4.196   4.142   3.557   1.634   2.726   2.482   9.034   4.731   2.439   5.417   7.603   3.622   2.310   0.489   5.220   5.349   3.047   5.156   4.509   6.291   3.176   4.751   4.295   7.746   7.162   5.580   3.337   3.961   8.177   4.134   4.567   8.014   5.597   3.994   2.860   2.328   5.334   5.313   1.123   2.113   7.390   5.936   7.415   5.396   6.519   5.001   1.765   4.837   2.072   1.846   7.641   5.080   7.221   5.397   5.682   9.519   2.891   7.279   1.192   2.654   3.789   2.918   3.165   2.802   4.011   7.618   4.320   6.641   4.488   7.101   2.156   4.422   3.726   3.416   5.402   5.490   5.463   8.293   4.750   0.726   1.403   5.257   4.176   1.328   4.683   4.520   2.722   7.345   7.592   1.167   3.545   7.249   4.967   4.551   8.241   6.834   6.738   5.550   2.478   4.665   5.298   4.941   6.434   7.848   7.411   7.903   1.082   5.346   4.697   4.224   2.216   5.568   2.180   2.555   4.530   3.757   4.342   7.268   3.945   4.225   6.895   0.352   3.351   3.529   6.591   8.916   3.957   4.114   5.020   3.301   4.507   4.019   1.840   1.781   1.222   2.554   2.280   7.092   4.953   8.379   2.445   7.686   3.269   8.953   4.888   8.457   3.655   2.369   5.717   1.549   6.880   4.912   7.402   5.362   2.779   5.417   5.754   3.906   6.655   4.200   5.303   6.881   0.962   3.278   4.202   3.088   7.268   6.641   7.856   2.598   3.625   3.284   4.045   3.081   3.672   6.017   6.132   5.606   0.839   3.576   0.127   3.748  
36  9.376   1.831   3.053   6.070   0.676   5.882   6.694   8.701   4.502   8.325   7.000   4.456   6.184   9.351   7.966   6.671   4.105   4.868   10.164  11.626  4.652   6.566   8.632   10.235  0.948   3.706   6.080   5.099   8.618   9.911   10.151  7.703   8.993   4.108   8.210   6.373   7.608   3.572   6.165   3.711   3.895   3.242   7.759   2.614   4.907   6.750   7.857   11.807  5.374   7.366   2.784   5.971   8.763   7.246   6.726   4.490   8.390   6.546   2.199   5.986   0.808   3.454   6.942   4.975   8.910   9.860   9.817   8.627   6.159   6.675   1.081   2.793   3.564   1.428   5.718   3.599   9.379   8.211   6.266   9.009   10.497  5.712   7.553   0.571   7.142   8.839   6.845   7.149   6.114   8.357   8.193   6.616   2.790   6.478   3.094   2.746   3.748   7.463   9.548   2.942   5.882   7.138   4.670   4.290   8.353   7.014   7.839   7.047   4.762   7.518   6.046   5.928   0.095   2.372   1.519   2.730   7.150   5.617   8.045   5.406   6.763   1.155   5.369   9.281   7.118   9.494   9.339   10.219  6.085   8.325   7.423   8.446   7.226   5.779   8.344   1.691   5.377   8.090   2.623   7.890   4.933   11.504  2.090   1.148   11.883  9.466   3.983   7.025   5.983   11.889  6.637   7.318   7.091   5.684   7.566   6.643   7.313   1.837   10.243  4.884   6.137   1.820   5.548   0.328   5.998   7.691   2.830   7.196   7.530   5.403   1.348   3.627   10.743  3.331   4.454   4.441   3.729   8.862   5.430   2.579   9.145   9.744   10.419  5.951   1.369   2.859   8.659   6.652   8.431   5.847   5.640   8.572   7.620   3.928   4.253   3.856   9.021   7.536   8.195   6.889  
37  3.032   7.076   6.460   5.744   7.331   3.808   1.292   1.266   4.821   3.230   1.450   6.201   5.919   3.870   4.537   4.620   3.641   6.506   2.757   4.652   4.099   3.446   6.186   3.834   8.027   3.850   2.325   2.789   4.000   2.618   3.887   3.483   2.004   6.510   6.344   1.880   0.909   4.277   1.473   5.337   4.355   5.611   3.585   5.138   3.332   6.563   4.633   4.962   6.428   4.532   5.753   6.185   6.338   5.264   1.902   6.702   4.684   2.103   5.783   2.760   6.645   6.103   3.042   2.635   2.617   2.467   3.569   2.268   4.415   1.679   6.807   5.029   3.967   8.442   4.652   5.030   4.181   1.279   1.173   1.889   3.630   4.492   0.416   6.936   7.063   3.097   7.089   3.607   3.821   7.590   6.934   0.870   5.013   2.143   4.354   6.348   3.774   3.373   4.073   5.102   6.318   4.052   2.783   5.595   6.103   3.889   4.023   3.072   3.248   3.703   7.168   1.705   7.451   5.312   6.384   5.559   5.354   1.996   8.242   6.826   2.997   6.637   4.432   4.326   3.160   2.373   1.991   2.812   3.921   8.560   1.432   5.983   0.962   5.813   1.084   7.277   5.745   7.334   5.208   3.318   3.203   5.081   6.689   7.724   5.317   2.029   6.022   6.078   1.640   5.247   2.388   4.759   3.791   3.033   5.393   3.708   1.371   6.819   3.894   4.888   5.520   7.440   2.165   7.598   1.460   1.255   4.611   4.404   3.318   6.796   7.242   3.827   4.473   6.029   7.140   3.380   4.450   1.453   2.510   5.223   4.187   2.562   3.040   5.165   6.150   7.217   4.252   1.435   6.921   1.781   6.036   1.337   6.680   3.892   3.780   3.721   4.113   6.561   3.491   6.431  
38  2.808   9.566   8.865   7.586   9.875   5.735   3.529   1.300   7.041   3.936   3.379   8.405   7.734   3.916   5.571   6.213   6.134   8.636   0.541   2.894   6.391   5.188   7.198   3.089   10.569  6.386   4.497   5.192   4.605   1.037   3.269   4.659   1.744   8.771   7.544   4.026   2.587   6.755   3.929   7.698   6.777   8.002   4.674   7.663   5.684   8.257   5.728   3.311   8.454   5.845   8.214   8.065   7.321   6.715   3.837   8.903   5.584   4.109   8.288   4.827   9.199   8.467   4.603   5.128   2.766   0.525   3.126   2.653   6.197   3.729   9.351   7.544   6.500   10.976  6.606   7.410   4.372   2.157   3.727   1.591   2.358   6.457   2.478   9.490   8.689   3.369   8.797   5.019   5.705   8.915   8.220   3.396   7.530   4.141   6.908   8.769   6.315   4.684   4.099   7.592   8.225   5.511   5.331   7.843   7.215   5.355   5.086   4.624   5.659   4.925   9.078   4.160   10.005  7.838   8.920   8.038   6.845   4.471   9.753   8.857   4.655   9.175   6.463   4.556   4.666   1.427   0.922   0.569   5.806   10.038  3.077   7.041   2.961   7.733   1.774   9.788   7.762   8.708   7.715   4.381   5.575   3.878   9.181   10.253  3.911   0.538   8.309   7.656   4.098   3.774   4.269   6.157   5.277   5.191   6.733   5.347   3.095   9.312   3.180   7.013   7.340   9.931   4.602   10.150  4.006   2.724   7.166   5.841   4.537   8.827   9.770   6.377   3.612   8.412   9.356   5.848   6.872   1.171   4.875   7.734   4.546   1.354   0.846   7.037   8.698   9.639   4.872   3.630   8.122   4.254   7.994   1.658   8.124   6.362   6.196   6.242   4.541   8.020   4.371   8.075  
39  0.272   9.737   7.662   5.523   9.698   7.095   3.141   2.731   7.974   6.198   4.734   6.795   5.627   6.510   7.698   7.912   5.512   6.880   2.498   2.167   5.179   3.392   4.464   0.626   10.381  5.947   3.535   5.866   6.960   1.914   0.602   2.399   4.186   7.240   4.904   5.165   4.040   7.109   3.730   6.477   5.824   8.551   6.736   7.021   4.729   5.976   7.817   2.239   6.555   7.776   7.238   6.006   4.566   4.336   5.198   7.247   2.908   3.072   8.443   6.039   8.812   7.184   6.311   5.565   0.749   3.392   0.272   1.096   7.712   4.977   8.738   6.854   6.611   10.848  4.804   8.011   1.470   2.019   4.066   1.657   1.146   4.691   3.596   9.053   6.315   5.820   6.497   6.856   3.966   6.292   5.601   3.613   6.852   5.440   6.641   9.208   5.929   2.553   1.173   6.780   6.185   3.319   5.448   6.363   4.539   7.156   7.180   2.781   4.853   6.903   6.984   4.815   9.653   7.905   8.260   7.142   4.489   5.038   7.233   6.937   6.280   9.085   7.687   7.100   2.756   4.128   3.453   2.509   4.048   7.482   2.351   4.342   4.231   5.752   3.529   8.921   5.911   6.128   7.894   2.103   4.688   1.930   8.252   10.187  2.277   2.728   6.866   5.307   4.755   2.276   2.985   3.796   3.164   3.984   4.256   6.998   4.599   9.480   0.650   8.096   5.275   10.087  5.249   9.848   4.114   2.230   6.912   3.566   6.504   6.908   9.007   6.352   1.217   7.181   7.697   5.174   7.390   3.126   5.649   7.893   1.692   1.581   2.401   5.069   8.525   8.434   7.230   3.121   5.454   3.983   6.039   2.133   5.626   6.767   6.769   6.451   1.720   5.540   1.921   5.758  
40  9.440   2.321   2.781   5.863   1.162   6.278   6.825   8.891   4.936   8.677   7.280   4.199   5.966   9.706   8.378   7.099   4.191   4.586   10.337  11.718  4.613   6.537   8.457   10.287  1.279   3.836   6.150   5.403   8.998   10.060  10.193  7.681   9.255   3.820   8.011   6.667   7.856   3.920   6.316   3.568   3.882   3.697   8.137   2.651   4.943   6.498   8.274   11.882  5.105   7.785   2.643   5.730   8.582   7.093   7.028   4.187   8.305   6.618   2.625   6.326   1.027   3.219   7.304   5.244   8.981   10.079  9.865   8.710   6.582   6.963   0.948   2.816   3.843   1.708   5.597   4.026   9.361   8.348   6.468   9.146   10.588  5.605   7.774   0.718   6.866   9.172   6.560   7.535   6.058   8.085   7.957   6.797   2.818   6.791   3.283   3.228   3.892   7.444   9.545   2.916   5.629   7.068   4.897   4.096   8.174   7.412   8.233   7.045   4.823   7.904   5.735   6.180   0.575   2.735   1.431   2.636   6.989   5.873   7.725   5.106   7.123   1.613   5.791   9.658   7.110   9.749   9.565   10.391  6.022   7.995   7.532   8.277   7.479   5.564   8.573   1.314   5.164   7.825   3.006   7.882   4.983   11.541  1.820   1.584   11.929  9.657   3.748   6.812   6.233   11.942  6.686   7.202   7.039   5.706   7.412   7.036   7.589   2.326   10.291  5.324   5.948   2.297   5.820   0.744   6.183   7.814   3.032   7.102   7.900   5.105   0.991   3.867   10.777  3.110   4.111   4.522   4.112   9.073   5.729   2.959   9.117   9.879   10.583  5.789   1.726   2.489   9.048   6.774   8.203   5.994   5.406   8.728   7.382   4.259   4.601   4.143   8.994   7.304   8.182   6.649  
41  7.350   6.888   8.891   9.499   7.760   2.354   5.458   4.893   3.767   1.450   3.117   9.291   9.689   1.843   0.308   1.675   6.266   9.722   5.900   8.263   7.332   7.572   10.530  8.022   8.319   6.068   6.233   3.758   0.858   6.191   8.130   7.891   3.646   9.415   10.594  3.105   3.607   4.791   5.183   8.122   7.121   5.089   0.906   7.092   6.603   10.418  0.488   8.668   9.847   0.937   8.035   9.849   10.688  9.422   2.814   9.740   9.112   6.251   6.023   2.708   7.649   8.750   1.714   4.191   7.005   4.888   7.856   6.679   2.108   3.067   8.169   7.105   5.144   8.537   8.391   4.634   8.645   5.655   4.471   5.957   7.534   8.240   4.097   7.950   10.954  2.052   10.889  1.211   7.763   11.709  11.108  4.729   7.076   2.764   6.012   5.809   5.947   7.745   8.511   7.348   9.933   8.300   4.780   8.665   10.407  1.227   0.507   7.367   6.366   0.901   10.702  3.884   8.178   5.907   7.948   7.775   9.478   3.975   12.180  10.195  1.871   7.084   2.876   1.357   7.467   3.988   4.487   5.940   7.847   12.514  5.887   10.316  3.538   9.460   4.073   8.959   9.254   11.428  5.623   7.762   6.456   9.100   8.623   7.849   9.213   5.195   8.922   10.080  3.895   9.095   6.577   8.988   8.048   6.775   9.613   1.620   3.116   6.705   8.098   3.441   9.325   7.193   3.822   8.199   4.751   5.737   6.121   8.636   1.203   10.169  8.756   5.341   8.645   8.619   10.092  6.232   4.524   4.567   3.569   5.672   8.666   6.352   6.224   8.945   6.904   9.468   0.666   5.593   11.146  5.276   9.606   5.459   10.755  4.537   4.152   4.863   8.595   10.632  7.958   10.346 
42  9.458   0.377   4.176   6.947   0.785   4.903   6.632   8.401   3.397   7.472   6.440   5.491   7.087   8.477   6.890   5.541   4.305   5.946   9.899   11.596  5.162   6.975   9.388   10.338  1.162   3.814   6.224   4.513   7.660   9.725   10.284  8.066   8.453   5.218   9.031   5.780   7.138   2.918   6.058   4.529   4.387   2.075   6.819   3.119   5.200   7.724   6.763   11.824  6.412   6.266   3.670   6.933   9.530   7.965   6.090   5.622   8.913   6.666   1.369   5.228   1.576   4.483   6.079   4.527   8.977   9.451   9.941   8.662   5.060   6.092   2.242   3.306   3.186   1.401   6.395   2.570   9.697   8.091   5.991   8.875   10.482  6.355   7.178   1.654   8.165   8.049   7.895   6.189   6.608   9.356   9.109   6.397   3.290   5.812   3.090   1.409   3.810   7.821   9.822   3.555   6.872   7.643   4.388   5.192   9.122   6.005   6.833   7.367   4.992   6.551   7.164   5.497   1.370   1.839   2.501   3.525   7.891   5.185   9.162   6.510   5.910   0.734   4.289   8.325   7.453   8.967   8.913   9.954   6.601   9.460   7.408   9.186   6.751   6.684   7.924   3.045   6.288   9.075   1.941   8.207   5.184   11.638  3.273   0.686   11.986  9.151   4.990   7.899   5.558   11.971  6.823   7.942   7.549   5.981   8.283   5.663   6.755   0.464   10.359  3.735   6.969   0.467   5.064   1.248   5.787   7.627   2.827   7.763   6.626   6.503   2.703   3.386   10.895  4.339   5.663   4.634   2.906   8.491   4.846   1.922   9.495   9.605   10.181  6.725   1.302   4.158   7.666   6.622   9.323   5.767   6.594   8.386   8.545   3.311   3.544   3.421   9.373   8.450   8.518   7.832  
43  8.856   0.791   4.507   6.963   1.716   3.875   5.990   7.601   2.356   6.460   5.538   5.686   7.120   7.458   5.848   4.500   3.929   6.165   9.101   10.911  4.956   6.632   9.258   9.740   2.203   3.411   5.721   3.637   6.628   8.970   9.705   7.667   7.542   5.491   8.960   4.873   6.270   2.082   5.403   4.590   4.211   1.034   5.791   3.076   4.837   7.807   5.720   11.164  6.582   5.224   3.844   7.021   9.408   7.829   5.161   5.901   8.612   6.137   0.741   4.261   2.089   4.717   5.071   3.724   8.374   8.589   9.359   8.044   4.018   5.186   2.788   3.246   2.508   2.425   6.265   1.555   9.244   7.390   5.241   8.155   9.813   6.201   6.354   2.293   8.284   7.053   8.043   5.159   6.335   9.435   9.117   5.669   3.221   4.873   2.688   0.450   3.376   7.423   9.337   3.539   6.987   7.353   3.688   5.287   9.006   4.969   5.796   6.954   4.595   5.519   7.393   4.674   2.241   1.293   2.886   3.644   7.775   4.369   9.359   6.739   4.906   1.197   3.248   7.292   7.047   8.058   8.047   9.156   6.344   9.672   6.779   9.047   5.884   6.730   7.070   3.662   6.349   9.145   1.230   7.775   4.792   11.048  3.717   1.727   11.375  8.335   5.180   7.892   4.737   11.347  6.332   7.734   7.227   5.589   8.141   4.632   5.851   0.583   9.769   2.693   6.947   1.141   4.224   2.187   5.079   6.965   2.463   7.516   5.606   6.727   3.345   2.782   10.322  4.563   6.020   4.231   1.972   7.655   3.962   1.238   9.065   8.876   9.395   6.662   1.446   4.660   6.628   5.999   9.307   5.137   6.683   7.645   8.570   2.469   2.639   2.685   8.945   8.466   8.085   7.884  
44  1.587   10.711  9.016   6.992   10.791  7.530   4.103   2.784   8.621   6.122   5.089   8.219   7.097   6.198   7.728   8.190   6.678   8.325   1.754   0.870   6.502   4.804   5.849   1.154   11.484  7.066   4.731   6.571   6.832   1.378   1.373   3.862   3.940   8.655   6.323   5.641   4.300   7.976   4.670   7.823   7.093   9.367   6.792   8.224   5.972   7.447   7.872   1.166   8.015   7.924   8.535   7.475   5.938   5.805   5.574   8.681   4.343   4.264   9.407   6.516   9.963   8.551   6.553   6.356   1.958   2.818   1.464   2.173   8.082   5.394   9.954   8.068   7.558   11.936  6.240   8.798   2.802   2.652   4.818   1.915   0.328   6.121   3.966   10.221  7.779   5.611   7.967   7.042   5.379   7.705   7.020   4.378   8.063   5.854   7.720   10.076  7.030   4.003   2.469   8.027   7.654   4.786   6.358   7.761   5.948   7.367   7.223   4.184   6.056   7.011   8.456   5.484   10.801  8.893   9.484   8.417   5.959   5.755   8.669   8.400   6.564   10.143  8.198   6.832   4.173   3.704   3.105   1.731   5.466   8.909   3.349   5.744   4.592   7.216   3.590   10.208  7.363   7.555   8.841   3.563   5.910   1.586   9.548   11.248  1.645   2.375   8.262   6.776   5.420   1.529   4.250   5.268   4.621   5.274   5.716   7.286   4.875   10.452  1.234   8.678   6.743   11.071  5.942   10.983  4.962   3.102   7.992   5.038   6.610   8.371   10.267  7.341   1.444   8.537   9.133   6.347   8.199   3.023   6.305   8.847   3.071   1.272   1.489   6.528   9.604   9.795   7.103   4.128   6.857   4.967   7.501   2.463   7.076   7.606   7.542   7.357   3.123   6.993   3.393   7.228  
45  5.922   6.463   7.760   8.091   7.165   1.857   3.962   3.531   3.411   0.797   1.617   8.014   8.280   1.822   1.543   2.001   5.002   8.425   4.708   7.033   5.988   6.094   9.035   6.634   7.789   4.882   4.765   2.614   1.262   4.914   6.728   6.391   2.507   8.182   9.111   1.685   2.143   3.964   3.711   6.890   5.863   4.667   0.595   6.022   5.232   8.999   1.648   7.419   8.509   1.640   6.918   8.461   9.193   7.948   1.350   8.482   7.612   4.762   5.399   1.578   6.868   7.564   0.601   2.970   5.555   3.784   6.440   5.221   2.090   1.593   7.303   6.005   4.151   8.080   6.976   4.117   7.170   4.198   2.998   4.567   6.214   6.822   2.621   7.178   9.531   1.399   9.483   0.797   6.310   10.248  9.636   3.235   5.978   1.369   4.960   5.450   4.764   6.246   7.048   6.217   8.556   6.812   3.538   7.382   8.917   1.134   1.029   5.872   5.014   0.734   9.348   2.476   7.504   5.158   7.017   6.666   8.010   2.620   10.753  8.870   0.771   6.453   2.599   1.855   5.972   2.953   3.307   4.753   6.397   11.085  4.389   8.822   2.042   8.072   2.706   8.027   7.890   9.971   4.911   6.262   5.084   7.769   7.613   7.358   7.918   3.947   7.682   8.633   2.476   7.812   5.087   7.504   6.558   5.337   8.132   1.219   1.624   6.245   6.707   3.218   7.907   6.803   2.506   7.565   3.296   4.248   5.115   7.151   0.332   8.843   7.865   4.274   7.267   7.444   8.859   4.922   3.817   3.262   2.350   4.953   7.181   5.032   5.039   7.529   6.166   8.396   1.439   4.098   9.667   3.827   8.234   4.045   9.298   3.635   3.283   3.849   7.108   9.176   6.460   8.915  
46  6.122   8.392   9.505   9.424   9.103   3.748   5.014   3.629   5.308   1.144   2.904   9.600   9.607   0.253   2.369   3.547   6.663   9.974   4.233   6.568   7.505   7.204   9.930   6.643   9.728   6.626   5.985   4.460   1.235   4.644   6.789   7.216   2.142   9.821   10.112  3.317   2.896   5.890   4.965   8.547   7.510   6.589   1.877   7.833   6.721   10.283  2.554   6.992   9.987   2.897   8.684   9.839   10.078  9.034   2.929   10.086  8.382   5.846   7.338   3.481   8.787   9.262   2.538   4.748   5.877   3.168   6.569   5.606   3.822   3.092   9.197   7.796   6.029   10.016  8.310   6.049   7.587   4.638   4.308   4.679   6.013   8.151   3.358   9.097   10.796  0.719   10.797  2.501   7.535   11.361  10.706  4.370   7.771   3.093   6.797   7.366   6.513   7.127   7.388   7.981   9.956   7.824   5.271   8.968   9.861   2.771   2.064   6.844   6.544   2.183   10.785  4.041   9.436   7.088   8.888   8.441   9.122   4.268   11.991  10.369  2.710   8.391   4.457   0.895   6.930   2.276   2.912   4.261   7.632   12.313  5.170   9.733   3.062   9.455   2.931   9.891   9.331   11.103  6.846   7.021   6.574   7.561   9.442   9.295   7.603   3.663   9.318   9.830   4.017   7.465   6.147   8.531   7.563   6.648   9.164   3.025   2.697   8.178   6.729   5.075   9.215   8.729   4.215   9.501   4.660   4.917   6.973   8.176   2.006   10.341  9.747   6.115   7.224   9.153   10.490  6.525   5.755   3.207   4.161   6.887   7.674   4.880   4.529   8.846   8.095   10.180  1.432   5.160   10.690  5.174   9.652   4.291   10.446  5.548   5.208   5.724   7.628   10.326  7.148   10.166 
47  7.053   2.459   3.133   5.095   2.473   3.643   4.242   6.129   2.660   5.860   4.405   4.029   5.264   6.889   5.768   4.627   1.958   4.516   7.609   9.212   2.995   4.662   7.301   7.932   3.170   1.444   3.824   2.535   6.247   7.392   7.878   5.715   6.390   3.946   7.025   3.792   5.002   1.202   3.678   2.834   2.274   1.977   5.389   1.356   2.866   5.979   5.694   9.430   4.862   5.231   2.310   5.211   7.453   5.874   4.155   4.342   6.637   4.262   1.236   3.501   1.850   3.172   4.518   2.373   6.573   7.263   7.535   6.261   4.093   4.087   2.226   1.472   0.967   3.602   4.321   1.854   7.320   5.726   3.691   6.517   8.092   4.248   4.957   2.158   6.482   6.322   6.271   4.822   4.359   7.589   7.223   4.067   1.442   3.925   0.714   2.242   1.423   5.470   7.433   1.783   5.202   5.377   2.081   3.532   7.054   4.755   5.545   5.007   2.633   5.187   5.717   3.323   2.607   0.687   1.967   2.057   5.828   3.012   7.615   5.083   4.334   1.800   3.343   6.896   5.097   6.889   6.739   7.663   4.369   7.940   5.011   7.087   4.621   4.889   5.742   2.979   4.529   7.294   0.863   5.838   2.830   9.232   2.669   2.905   9.581   6.890   3.543   5.998   3.378   9.568   4.427   5.762   5.254   3.629   6.183   4.362   4.715   2.208   7.953   3.067   5.055   2.795   2.947   2.741   3.449   5.242   0.491   5.540   5.129   5.066   2.794   1.035   8.489   3.018   4.566   2.270   1.561   6.270   2.857   0.824   7.129   7.251   7.876   4.747   1.288   3.570   6.329   4.225   7.399   3.377   4.881   6.049   6.692   1.455   1.833   1.268   7.008   6.583   6.149   6.033  
48  0.658   9.765   7.459   5.172   9.664   7.353   3.258   3.158   8.152   6.599   5.043   6.522   5.264   6.954   8.065   8.211   5.464   6.577   3.011   2.486   5.021   3.163   3.975   0.824   10.339  5.923   3.500   6.039   7.366   2.426   0.656   2.091   4.636   6.978   4.432   5.429   4.387   7.203   3.839   6.288   5.703   8.657   7.103   6.936   4.639   5.572   8.177   2.479   6.226   8.113   7.085   5.649   4.073   3.929   5.494   6.960   2.447   3.054   8.482   6.293   8.749   6.972   6.632   5.707   0.978   3.890   0.433   1.326   7.985   5.263   8.635   6.763   6.672   10.813  4.524   8.133   0.958   2.334   4.250   2.098   1.578   4.423   3.923   8.979   5.890   6.249   6.086   7.189   3.726   5.818   5.130   3.804   6.764   5.720   6.634   9.288   5.915   2.277   0.660   6.667   5.831   2.986   5.539   6.123   4.061   7.479   7.546   2.576   4.789   7.255   6.611   5.017   9.588   7.936   8.153   7.007   4.085   5.219   6.774   6.600   6.590   9.073   7.916   7.532   2.533   4.604   3.928   3.022   3.801   7.016   2.487   3.860   4.546   5.416   3.934   8.769   5.600   5.662   7.945   1.812   4.613   1.967   8.095   10.168  2.369   3.214   6.627   4.895   4.959   2.406   2.915   3.404   2.859   3.870   3.826   7.302   4.931   9.509   0.786   8.296   4.927   10.109  5.436   9.791   4.256   2.435   6.901   3.201   6.859   6.572   8.873   6.395   1.202   6.979   7.404   5.126   7.507   3.570   5.844   7.940   1.194   2.090   2.914   4.746   8.505   8.223   7.635   3.215   4.974   4.063   5.704   2.528   5.180   6.875   6.906   6.532   1.233   5.098   1.580   5.349  
49  10.330  1.532   4.196   7.219   0.880   6.140   7.571   9.463   4.636   8.698   7.593   5.604   7.334   9.708   8.127   6.775   5.073   6.011   10.949  12.536  5.733   7.628   9.774   11.200  0.208   4.629   7.045   5.662   8.898   10.739  11.128  8.756   9.606   5.248   9.357   6.940   8.263   4.070   7.017   4.849   4.963   3.313   8.054   3.664   5.920   7.899   7.998   12.738  6.520   7.502   3.926   7.121   9.906   8.381   7.265   5.624   9.490   7.504   2.531   6.430   1.834   4.603   7.304   5.627   9.856   10.560  10.790  9.558   6.297   7.250   2.231   3.850   4.236   0.285   6.843   3.805   10.422  9.067   7.030   9.861   11.411  6.831   8.266   1.686   8.287   9.266   7.988   7.426   7.199   9.503   9.344   7.413   3.842   6.994   3.952   2.620   4.652   8.513   10.577  4.031   7.031   8.230   5.416   5.438   9.496   7.244   8.072   8.083   5.750   7.788   7.178   6.597   1.070   2.909   2.659   3.858   8.288   6.284   9.173   6.542   7.134   1.561   5.527   9.563   8.159   10.117  10.027  11.004  7.175   9.447   8.326   9.586   7.875   6.929   9.033   2.771   6.527   9.238   3.076   8.928   5.930   12.485  3.231   0.553   12.851  10.221  5.133   8.174   6.657   12.849  7.622   8.438   8.170   6.704   8.702   6.901   7.908   1.697   11.213  4.970   7.283   1.293   6.182   0.830   6.795   8.573   3.680   8.303   7.858   6.540   2.442   4.377   11.729  4.482   5.566   5.411   4.107   9.582   5.997   3.047   10.198  10.596  11.220  7.092   2.069   3.947   8.904   7.544   9.581   6.710   6.791   9.396   8.770   4.457   4.722   4.500   10.074  8.687   9.236   8.040  
;
end;