set I := 0 1 2 3 4 5 6 7 8 9 10 11 12 13 14 15 16 17 18 19 ;
set F := 0 1 2 3 4 5 6 7 8 9 10 11 12 13 14 15 16 17 18 19 20 21 22 23 24 25 26 27 28 29 30 31 32 33 34 35 36 37 38 39 40 41 42 43 44 45 46 47 48 49 ;
set J := 0 1 2 3 4 5 6 7 8 9 10 11 12 13 14 15 16 17 18 19 20 21 22 23 24 25 26 27 28 29 30 31 32 33 34 35 36 37 38 39 40 41 42 43 44 45 46 47 48 49 50 51 52 53 54 55 56 57 58 59 60 61 62 63 64 65 66 67 68 69 70 71 72 73 74 75 76 77 78 79 80 81 82 83 84 85 86 87 88 89 90 91 92 93 94 95 96 97 98 99 100 101 102 103 104 105 106 107 108 109 110 111 112 113 114 115 116 117 118 119 120 121 122 123 124 125 126 127 128 129 130 131 132 133 134 135 136 137 138 139 140 141 142 143 144 145 146 147 148 149 150 151 152 153 154 155 156 157 158 159 160 161 162 163 164 165 166 167 168 169 170 171 172 173 174 175 176 177 178 179 180 181 182 183 184 185 186 187 188 189 190 191 192 193 194 195 196 197 198 199 ;
param p := 
0  440.568
1  166.083
2  292.391
3  517.053
4  422.060
5  119.975
6  330.806
7  413.950
8  536.012
9  101.344
10  107.329
11  454.654
12  368.328
13  243.576
14  156.276
15  232.754
16  228.150
17  612.527
18  120.161
19  310.688
;
param d := 
0  12.079
1  8.870
2  26.688
3  11.025
4  9.524
5  30.515
6  22.441
7  27.147
8  5.361
9  23.876
10  28.661
11  13.002
12  8.480
13  29.675
14  33.549
15  23.774
16  27.163
17  28.554
18  26.489
19  30.222
20  30.064
21  30.770
22  29.020
23  6.629
24  16.421
25  33.716
26  17.462
27  26.331
28  28.519
29  23.705
30  22.433
31  15.807
32  31.158
33  14.522
34  33.038
35  15.890
36  19.621
37  23.490
38  24.247
39  16.301
40  17.062
41  31.858
42  15.886
43  21.407
44  19.760
45  28.990
46  26.106
47  31.468
48  26.334
49  25.590
50  6.729
51  10.155
52  6.748
53  23.483
54  12.595
55  23.219
56  5.256
57  33.966
58  13.138
59  8.838
60  31.391
61  8.562
62  27.043
63  20.219
64  23.511
65  15.433
66  27.155
67  7.787
68  16.877
69  6.429
70  22.060
71  8.012
72  30.613
73  18.535
74  5.202
75  25.730
76  33.559
77  11.215
78  17.152
79  6.104
80  13.392
81  27.042
82  34.649
83  12.528
84  21.162
85  15.912
86  33.419
87  29.160
88  34.759
89  18.578
90  12.845
91  10.714
92  34.476
93  12.828
94  11.217
95  11.637
96  21.740
97  9.560
98  30.569
99  8.504
100  23.802
101  30.543
102  10.188
103  27.538
104  33.796
105  11.695
106  34.226
107  34.063
108  34.630
109  29.840
110  6.408
111  32.338
112  6.033
113  21.300
114  5.780
115  16.016
116  30.633
117  28.792
118  20.512
119  33.765
120  18.380
121  22.569
122  32.320
123  27.037
124  26.844
125  31.692
126  20.179
127  31.624
128  10.041
129  30.976
130  16.156
131  27.982
132  5.829
133  32.391
134  8.225
135  15.968
136  22.531
137  26.909
138  25.539
139  5.071
140  16.502
141  14.430
142  28.825
143  15.321
144  12.143
145  13.311
146  8.199
147  19.105
148  20.997
149  28.343
150  31.247
151  20.037
152  25.269
153  5.839
154  28.281
155  8.879
156  25.310
157  20.525
158  6.968
159  7.043
160  12.189
161  30.271
162  21.687
163  30.343
164  22.577
165  29.752
166  22.292
167  22.101
168  10.250
169  25.137
170  16.494
171  13.689
172  8.707
173  27.970
174  34.032
175  7.754
176  15.068
177  12.328
178  22.175
179  29.813
180  5.581
181  10.875
182  12.168
183  33.101
184  33.844
185  23.541
186  22.800
187  18.943
188  17.440
189  16.599
190  10.960
191  34.019
192  6.120
193  27.530
194  16.519
195  15.835
196  25.960
197  34.241
198  15.269
199  11.639
;
param: b h := 
0  78.372  816.043
1  213.038  1285.185
2  58.339  648.045
3  112.705  940.352
4  187.896  1301.241
5  26.769  515.891
6  39.366  613.128
7  119.494  950.285
8  154.455  1164.579
9  203.204  1340.704
10  100.943  871.128
11  49.574  668.175
12  208.457  1290.275
13  78.900  811.178
14  226.662  1359.877
15  219.588  1284.294
16  128.831  990.047
17  199.357  1356.861
18  18.619  398.147
19  79.536  859.141
20  174.089  1197.139
21  75.076  770.168
22  97.189  933.292
23  225.951  1414.325
24  52.330  724.035
25  85.334  910.360
26  101.369  930.873
27  28.814  538.714
28  193.474  1258.121
29  77.631  795.593
30  109.054  910.973
31  28.260  514.946
32  201.721  1308.000
33  111.891  893.387
34  78.849  878.692
35  182.685  1246.795
36  107.005  945.652
37  47.280  643.727
38  82.129  812.280
39  191.334  1186.865
40  200.414  1244.000
41  19.244  421.170
42  147.761  1068.061
43  120.715  1016.552
44  112.723  975.007
45  161.209  1135.762
46  134.216  1095.139
47  189.811  1175.261
48  167.368  1174.814
49  165.652  1216.494
;
param c : 0       1       2       3       4       5       6       7       8       9       10      11      12      13      14      15      16      17      18      19      20      21      22      23      24      25      26      27      28      29      30      31      32      33      34      35      36      37      38      39      40      41      42      43      44      45      46      47      48      49      :=
0   0.790   2.594   1.137   4.471   2.368   1.664   2.184   1.054   5.985   6.280   1.211   5.367   5.072   0.686   3.062   5.765   5.159   1.722   4.680   6.571   5.940   3.783   2.390   1.633   5.311   5.324   3.074   3.410   4.493   4.086   4.451   5.088   6.960   3.026   4.404   3.651   1.361   5.438   3.541   0.928   3.025   2.739   3.559   6.019   4.562   2.694   3.701   4.596   5.962   2.195  
1   6.969   6.760   5.994   11.561  5.214   5.872   8.548   8.000   5.634   2.972   7.729   8.921   2.178   6.659   8.268   4.553   7.518   8.718   4.828   3.597   7.946   10.509  5.317   6.626   6.664   2.560   4.084   3.728   3.641   3.241   7.242   5.826   8.627   8.746   7.288   9.458   7.186   2.455   9.971   7.189   10.151  9.211   8.924   1.236   5.119   8.137   6.774   9.109   6.583   6.095  
2   5.454   6.066   4.213   9.365   4.307   4.668   7.217   6.311   2.695   1.010   6.244   5.860   1.481   5.067   7.441   5.773   4.436   6.556   1.749   1.472   8.447   8.035   2.966   5.500   7.226   3.645   3.011   2.367   4.108   1.502   4.192   6.465   5.601   7.742   7.301   6.723   4.836   0.651   7.395   5.713   8.156   7.862   6.126   1.948   5.603   7.187   3.807   6.138   7.454   3.570  
3   1.598   3.400   1.736   3.904   3.160   2.482   2.575   1.335   5.859   6.517   1.758   4.727   5.545   1.522   3.675   6.586   4.712   1.055   4.684   6.729   6.728   3.007   2.578   2.458   6.139   6.026   3.703   3.940   5.255   4.510   4.015   5.928   6.475   3.523   5.194   2.822   0.902   5.791   2.713   1.674   2.612   2.998   2.776   6.510   5.397   3.300   3.332   3.872   6.797   2.116  
4   4.725   3.455   4.579   9.488   3.010   3.670   5.613   5.702   7.909   6.127   5.202   9.637   4.025   4.652   4.761   0.446   8.699   7.019   6.505   6.785   3.513   9.104   5.149   3.954   2.244   1.988   3.186   3.611   1.377   4.169   8.120   1.418   10.348  5.362   3.117   8.820   6.224   4.971   8.863   4.814   7.913   6.179   8.543   4.238   0.991   4.799   7.365   9.280   2.161   5.850  
5   5.128   5.464   3.971   9.398   3.715   4.196   6.852   6.076   3.663   1.683   5.922   6.557   0.489   4.764   6.906   4.805   5.210   6.550   2.546   2.309   7.603   8.214   3.006   5.025   6.357   2.656   2.397   1.807   3.183   1.011   4.873   5.573   6.503   7.269   6.539   7.072   4.914   0.504   7.635   5.377   8.081   7.512   6.523   1.181   4.719   6.688   4.368   6.699   6.542   3.743  
6   6.586   8.262   5.717   7.200   7.124   6.826   7.843   6.606   3.396   5.957   6.998   0.808   6.776   6.292   8.899   10.198  1.161   5.552   3.848   5.598   11.558  5.391   4.649   7.292   10.671  8.579   6.582   6.222   8.451   5.964   1.648   10.182  1.414   8.792   10.054  3.590   4.485   6.223   4.626   6.766   6.915   8.213   3.035   7.506   9.410   8.527   2.421   1.934   11.192  4.076  
7   4.391   6.125   3.664   5.385   5.186   4.775   5.594   4.357   3.853   5.684   4.759   1.746   5.767   4.127   6.668   8.485   1.887   3.352   3.381   5.577   9.461   3.660   2.948   5.144   8.663   7.181   4.931   4.740   6.820   4.772   1.321   8.255   3.511   6.546   7.937   1.947   2.266   5.507   2.890   4.555   4.824   5.970   1.280   6.656   7.544   6.295   1.197   1.273   9.235   2.194  
8   3.169   4.071   1.906   7.157   2.427   2.547   4.936   3.992   3.619   3.323   3.948   5.032   2.364   2.774   5.305   5.112   4.011   4.314   2.136   3.657   6.950   5.982   0.777   3.342   5.874   3.584   1.512   1.149   3.358   1.300   3.448   5.259   5.685   5.535   5.594   4.953   2.670   2.517   5.430   3.429   5.875   5.570   4.465   3.328   4.432   5.016   2.726   4.878   6.290   1.569  
9   1.483   0.984   1.772   6.265   0.805   0.661   2.624   2.463   6.701   6.070   1.996   7.153   4.291   1.474   2.389   3.663   6.597   3.788   5.227   6.551   4.074   5.877   3.047   0.738   3.245   3.704   2.122   2.741   2.677   3.610   5.916   2.941   8.396   2.796   2.595   5.783   3.286   4.983   5.692   1.569   4.700   3.273   5.621   5.089   2.417   2.195   5.114   6.549   3.854   3.424  
10  4.007   3.430   3.418   8.836   2.112   2.846   5.368   5.064   6.126   4.439   4.679   8.045   2.331   3.795   4.932   2.163   7.010   6.126   4.730   5.075   4.884   8.143   3.591   3.463   3.617   0.961   1.612   1.891   0.419   2.386   6.467   2.814   8.613   5.441   3.989   7.566   4.988   3.263   7.778   4.179   7.312   6.014   7.200   2.767   1.973   4.832   5.743   7.803   3.775   4.358  
11  4.839   6.018   5.656   0.427   6.736   5.999   3.906   3.785   9.402   10.489  4.229   6.790   9.561   5.066   5.148   9.804   7.577   2.988   8.478   10.636  8.590   2.197   6.583   5.490   8.573   9.790   7.603   7.925   8.860   8.536   7.021   8.718   8.981   4.567   7.300   3.981   4.711   9.815   2.946   4.681   1.533   3.519   4.570   10.521  8.491   4.916   6.628   5.649   9.297   5.999  
12  5.223   6.976   4.536   5.636   6.060   5.645   6.334   5.110   4.039   6.176   5.544   0.942   6.477   4.975   7.461   9.347   1.727   3.966   3.875   5.984   10.319  3.839   3.786   5.995   9.534   7.991   5.776   5.552   7.668   5.519   1.471   9.129   2.997   7.304   8.792   2.028   3.095   6.133   3.063   5.375   5.302   6.665   1.432   7.332   8.416   7.086   1.785   0.596   10.108  3.054  
13  1.343   0.472   2.218   5.719   1.689   1.292   1.841   2.029   7.387   6.921   1.475   7.439   5.177   1.566   1.514   4.177   7.049   3.513   5.935   7.380   3.807   5.569   3.660   0.564   3.243   4.524   2.998   3.604   3.456   4.467   6.350   3.168   8.862   1.908   2.271   5.749   3.448   5.852   5.499   1.270   4.141   2.459   5.690   5.977   2.863   1.307   5.557   6.720   3.930   3.885  
14  1.404   1.756   2.679   4.394   2.893   2.260   0.446   1.145   7.861   7.834   0.724   7.176   6.288   1.803   1.259   5.565   7.080   2.609   6.496   8.215   4.620   4.501   4.159   1.481   4.366   5.881   4.099   4.632   4.838   5.450   6.373   4.452   8.872   1.095   3.169   5.053   3.240   6.853   4.587   1.146   2.830   1.105   5.150   7.155   4.245   0.891   5.631   6.296   5.085   4.105  
15  5.482   4.886   4.785   10.289  3.595   4.324   6.862   6.541   6.375   4.153   6.169   8.908   2.231   5.249   6.374   2.445   7.706   7.537   5.161   4.835   5.798   9.510   4.646   4.958   4.516   0.535   2.839   2.828   1.629   2.888   7.256   3.678   9.145   6.903   5.187   8.786   6.267   3.108   9.093   5.663   8.781   7.505   8.358   2.079   2.992   6.296   6.611   8.822   4.450   5.453  
16  3.660   3.635   2.764   8.336   1.949   2.569   5.257   4.698   5.012   3.569   4.420   6.955   1.582   3.360   5.117   3.302   5.879   5.528   3.596   4.155   5.742   7.449   2.569   3.347   4.524   1.681   0.794   0.775   1.532   1.284   5.352   3.778   7.470   5.537   4.639   6.686   4.177   2.401   7.007   3.880   6.880   5.922   6.266   2.349   2.914   4.937   4.648   6.778   4.786   3.369  
17  7.656   7.838   6.507   11.879  6.138   6.685   9.364   8.612   4.533   1.896   8.449   8.236   2.656   7.296   9.321   6.222   6.739   9.043   4.180   2.297   9.491   10.604  5.456   7.502   8.205   4.072   4.851   4.313   5.029   3.547   6.625   7.370   7.533   9.726   8.660   9.303   7.360   2.215   9.974   7.902   10.600  10.027  8.700   1.911   6.593   9.132   6.339   8.641   8.209   6.123  
18  3.794   4.931   2.532   7.217   3.363   3.381   5.529   4.458   2.735   3.084   4.526   4.203   2.807   3.397   6.065   6.060   3.073   4.452   1.303   3.241   7.907   5.850   1.038   4.123   6.847   4.402   2.484   2.046   4.294   1.841   2.560   6.238   4.713   6.228   6.524   4.572   2.705   2.614   5.211   4.050   6.085   6.126   4.005   3.701   5.410   5.750   1.915   4.204   7.269   1.414  
19  5.965   5.314   5.277   10.778  4.073   4.805   7.320   7.023   6.677   4.336   6.644   9.333   2.547   5.736   6.791   2.569   8.102   8.028   5.517   5.018   6.014   10.001  5.115   5.424   4.747   1.009   3.329   3.298   2.054   3.300   7.672   3.916   9.499   7.332   5.509   9.266   6.755   3.364   9.582   6.142   9.266   7.959   8.832   2.215   3.297   6.727   7.044   9.275   4.610   5.924  
;
param t : 0       1       2       3       4       5       6       7       8       9       10      11      12      13      14      15      16      17      18      19      20      21      22      23      24      25      26      27      28      29      30      31      32      33      34      35      36      37      38      39      40      41      42      43      44      45      46      47      48      49      50      51      52      53      54      55      56      57      58      59      60      61      62      63      64      65      66      67      68      69      70      71      72      73      74      75      76      77      78      79      80      81      82      83      84      85      86      87      88      89      90      91      92      93      94      95      96      97      98      99      100     101     102     103     104     105     106     107     108     109     110     111     112     113     114     115     116     117     118     119     120     121     122     123     124     125     126     127     128     129     130     131     132     133     134     135     136     137     138     139     140     141     142     143     144     145     146     147     148     149     150     151     152     153     154     155     156     157     158     159     160     161     162     163     164     165     166     167     168     169     170     171     172     173     174     175     176     177     178     179     180     181     182     183     184     185     186     187     188     189     190     191     192     193     194     195     196     197     198     199     :=
0   2.729   2.415   6.905   8.186   5.930   5.044   2.161   2.353   1.019   3.765   4.037   3.491   4.000   2.392   5.339   5.754   3.765   4.319   5.606   7.477   4.943   3.796   2.952   8.090   3.593   5.425   1.346   4.826   4.521   5.383   6.936   4.790   3.686   3.323   6.343   4.775   1.291   5.788   4.463   4.882   4.516   3.668   2.582   6.295   2.884   0.940   4.415   5.867   2.341   5.898   5.377   7.699   6.187   1.498   4.883   2.915   0.796   3.301   2.198   3.202   4.181   3.988   7.228   7.083   2.500   7.399   5.615   2.084   0.591   2.858   2.131   4.302   0.480   6.030   7.126   7.578   7.655   6.805   8.258   8.075   4.134   5.263   4.441   6.991   7.238   5.324   4.715   4.615   4.183   6.370   8.230   3.064   6.737   4.731   4.582   4.372   4.784   0.328   3.580   5.219   1.183   2.098   3.325   3.651   3.147   3.000   1.724   6.922   6.833   3.048   4.766   2.147   5.284   5.022   1.875   5.163   6.564   3.787   5.785   1.829   4.414   2.268   5.223   1.666   2.210   5.435   4.233   3.507   2.979   4.975   4.517   5.191   5.354   2.840   1.084   5.203   5.351   2.865   5.865   5.403   4.845   5.842   5.412   4.334   8.299   2.628   4.319   3.788   3.144   7.547   4.508   2.410   2.309   6.197   6.688   6.195   4.872   4.362   8.641   2.542   4.308   3.359   2.596   4.205   3.530   4.751   2.992   2.580   2.685   2.489   5.215   0.662   3.013   2.621   3.349   5.836   2.564   1.585   5.916   3.694   5.122   4.159   2.664   3.396   4.130   6.271   4.362   5.478   2.853   7.026   3.144   3.672   1.095   6.025   5.520   4.207   1.513   2.202   5.319   2.032  
1   4.485   0.671   8.324   8.081   7.668   6.847   3.434   1.022   2.796   5.524   2.265   1.746   4.621   2.943   5.469   6.395   1.967   5.082   7.021   9.034   3.266   4.703   4.103   9.651   5.296   4.774   1.315   3.570   6.327   5.675   8.129   6.422   3.677   3.528   5.979   3.635   1.347   6.705   2.795   5.719   6.290   3.114   2.400   6.623   2.415   2.305   3.198   7.549   2.339   5.457   7.152   7.926   5.640   0.966   6.207   4.156   2.059   4.789   0.424   1.949   2.393   5.782   8.253   7.866   4.190   9.048   6.609   1.057   1.961   3.545   2.320   6.064   1.327   7.622   8.549   8.872   7.912   7.500   8.043   9.632   5.200   6.777   5.617   7.189   8.371   4.641   6.508   3.103   4.199   8.075   9.746   4.182   7.826   6.496   4.071   3.127   4.687   1.913   5.386   5.077   2.721   1.991   1.932   2.114   3.613   4.682   3.522   6.760   7.417   4.013   6.531   0.344   4.361   6.276   1.103   6.969   5.934   4.630   7.423   3.506   6.171   3.573   4.490   2.311   3.653   7.129   3.781   3.741   1.364   3.173   6.274   3.839   4.202   2.414   0.762   4.032   6.949   3.466   6.254   5.434   3.070   5.551   5.062   4.494   8.098   1.420   5.664   1.982   3.961   7.999   5.683   2.915   3.849   5.992   6.101   7.363   3.504   5.221   8.533   3.296   5.763   1.875   4.227   5.532   2.922   6.192   1.928   1.509   0.940   0.723   7.016   2.410   3.330   1.308   3.539   7.595   1.441   3.162   6.385   3.016   6.890   5.934   4.414   3.701   5.607   7.849   4.836   5.760   4.381   8.553   2.752   2.422   1.737   5.809   6.495   2.406   3.215   0.455   4.754   3.427  
2   2.905   3.005   5.772   7.140   5.191   4.614   0.910   3.396   1.000   3.136   4.818   3.961   2.783   3.614   4.257   4.504   4.483   3.062   4.466   6.454   5.211   2.524   1.684   7.071   2.812   4.767   2.577   4.661   4.232   4.235   5.703   3.861   2.777   2.333   5.468   4.517   2.530   4.513   4.747   3.611   3.917   3.108   3.855   5.117   2.416   0.338   4.253   5.012   1.706   5.085   4.764   6.534   5.425   2.644   5.580   3.806   2.007   2.209   2.861   4.313   4.702   3.509   5.962   5.810   1.738   6.485   4.343   3.196   1.816   4.022   3.403   3.662   1.547   5.045   5.996   6.382   6.481   5.541   7.261   7.053   5.060   4.198   3.191   5.845   5.991   4.693   4.565   4.706   3.215   5.553   7.170   4.025   5.480   4.724   3.892   4.236   3.836   0.952   3.307   4.272   2.102   1.649   3.443   3.854   2.037   3.348   1.863   5.926   5.585   1.778   4.125   2.864   4.823   3.800   3.028   4.811   5.839   2.524   4.860   1.110   3.756   1.033   4.632   0.833   1.073   4.604   3.537   2.481   3.347   5.529   3.857   5.086   5.064   2.354   2.069   4.939   4.375   4.052   4.675   4.362   5.304   4.946   4.569   3.283   7.295   2.752   5.024   4.426   4.248   6.321   5.344   1.388   1.284   5.243   5.931   4.953   4.802   3.092   7.590   3.704   4.900   3.550   3.091   3.008   3.028   3.626   4.152   2.622   3.238   3.096   4.759   1.494   1.999   2.820   2.364   5.157   3.688   2.349   4.702   3.215   4.485   4.137   2.064   2.343   4.706   5.270   3.179   4.332   1.804   5.974   2.564   3.621   0.903   5.083   4.246   4.897   2.085   2.835   4.611   0.850  
3   3.019   6.790   8.738   12.656  6.233   4.641   6.003   5.874   4.580   4.877   7.696   7.811   8.134   3.393   9.773   9.585   7.623   8.215   7.764   8.593   9.352   7.605   6.643   9.069   5.264   10.245  4.835   9.596   3.998   9.669   9.485   6.292   8.352   7.911   11.045  9.582   4.793   9.163   8.895   8.558   5.018   8.500   4.409   10.458  7.722   5.398   9.194   6.660   7.128   10.647  5.446   11.870  10.967  5.214   0.190   1.977   4.184   6.070   6.540   6.050   8.323   4.488   10.150  10.515  5.004   8.002   8.873   5.524   4.353   2.848   4.075   5.072   5.132   7.317   8.903   9.718   11.795  10.419  12.812  9.075   1.147   7.150   7.588   11.240  9.897   10.151  3.567   9.227   8.793   6.834   9.409   1.961   9.585   3.067   9.386   9.140   9.414   5.051   3.854   9.850   3.661   6.924   8.002   8.236   7.584   2.469   3.800   11.484  10.616  6.990   5.256   6.430   10.127  7.822   5.296   4.413   11.364  7.691   6.893   4.950   5.170   5.999   10.058  6.325   5.700   6.294   9.032   8.054   7.490   8.950   5.220   9.919   10.163  7.675   5.442   10.006  6.821   2.995   10.001  9.909   9.002   10.524  10.138  8.837   12.841  7.358   0.561   7.798   2.408   11.449  0.582   6.967   5.497   10.818  11.474  8.945   9.588   8.110   13.097  2.971   0.887   7.980   2.532   7.062   8.369   7.076   5.693   7.351   7.046   6.825   4.806   4.245   7.577   7.308   7.943   5.944   5.678   3.289   9.952   8.536   5.403   3.079   4.677   7.910   1.060   7.567   8.591   9.766   5.739   8.386   7.966   8.424   5.900   10.659  8.831   8.034   3.499   6.580   10.121  5.731  
4   4.365   1.848   6.857   6.492   6.684   6.194   2.130   2.779   2.389   4.696   3.665   2.577   2.871   4.089   3.765   4.636   3.284   3.353   5.578   7.697   3.672   3.030   2.603   8.309   4.331   3.532   2.566   3.096   5.815   3.934   6.509   5.261   1.987   1.776   4.520   2.981   2.553   4.992   3.222   3.998   5.474   1.772   3.898   4.882   0.987   1.535   2.685   6.439   0.588   4.046   6.309   6.214   4.313   2.397   6.770   4.812   2.634   3.530   1.818   3.710   3.315   5.088   6.559   6.117   3.298   7.844   4.922   2.749   2.439   4.630   3.628   5.212   1.710   6.361   7.080   7.302   6.192   5.743   6.510   8.286   6.022   5.442   4.043   5.480   6.719   3.428   6.135   3.128   2.512   6.998   8.350   4.952   6.162   6.267   2.700   2.662   3.057   1.692   4.885   3.476   3.075   0.245   1.890   2.319   1.858   4.741   3.296   5.189   5.655   2.404   5.669   1.887   3.405   4.729   2.703   6.395   4.678   2.935   6.237   2.694   5.300   2.273   3.326   0.850   2.482   6.055   2.358   1.988   1.935   4.137   5.398   3.512   3.546   0.943   1.772   3.409   5.717   4.604   4.502   3.762   3.854   4.041   3.583   2.768   6.558   1.239   6.205   3.151   4.967   6.246   6.405   1.203   2.763   4.437   4.809   5.742   3.221   3.516   6.948   4.327   6.167   2.021   4.399   4.068   1.633   4.802   3.677   1.080   2.000   1.940   6.336   2.500   1.568   1.347   1.790   6.677   3.185   3.456   4.626   1.800   6.027   5.680   3.644   1.942   5.983   6.562   3.075   4.022   3.209   7.188   1.258   2.037   0.856   4.257   4.804   3.646   3.312   1.764   3.435   2.246  
5   3.684   1.903   6.779   7.123   6.304   5.674   1.899   2.485   1.724   4.230   3.733   2.848   3.198   3.418   4.327   4.988   3.387   3.613   5.479   7.523   4.134   3.187   2.550   8.140   3.924   4.265   1.991   3.764   5.245   4.435   6.581   4.966   2.600   2.296   5.212   3.677   1.966   5.204   3.663   4.234   5.011   2.508   3.343   5.373   1.725   0.937   3.350   6.123   1.207   4.754   5.864   6.745   5.033   1.906   6.033   4.076   1.913   3.283   1.778   3.429   3.588   4.573   6.732   6.414   2.839   7.586   5.088   2.365   1.714   3.939   3.011   4.762   1.026   6.133   7.004   7.319   6.713   6.079   7.167   8.119   5.291   5.260   4.066   6.021   6.831   4.164   5.528   3.683   3.115   6.666   8.218   4.221   6.292   5.626   3.425   3.317   3.694   0.961   4.303   4.124   2.338   0.940   2.394   2.783   2.234   4.036   2.619   5.836   6.043   2.476   5.227   1.798   4.138   4.723   2.259   5.849   5.406   3.130   5.962   2.182   4.859   2.041   4.063   0.785   2.160   5.717   3.078   2.498   2.238   4.415   4.960   4.158   4.249   1.680   1.260   4.107   5.468   3.923   4.967   4.358   4.194   4.721   4.278   3.316   7.212   1.687   5.468   3.317   4.260   6.693   5.669   1.486   2.394   5.097   5.533   5.817   3.853   3.724   7.579   3.631   5.436   2.479   3.678   3.983   2.371   4.658   3.330   1.584   2.128   1.996   5.827   1.765   2.021   1.735   2.318   6.266   2.841   2.720   5.057   2.538   5.588   5.040   3.138   2.413   5.252   6.351   3.484   4.527   2.901   7.032   1.985   2.648   0.211   4.920   4.978   3.794   2.588   1.745   4.162   1.926  
6   3.206   2.790   8.459   9.813   7.064   5.881   3.899   1.826   2.473   4.924   3.692   3.767   5.757   0.790   7.016   7.520   3.581   6.086   7.185   8.893   5.305   5.561   4.697   9.494   4.908   6.773   0.853   5.727   5.242   7.100   8.615   6.174   5.290   4.985   7.850   5.778   0.836   7.544   4.856   6.647   5.581   5.031   0.911   8.026   4.256   2.705   5.349   7.133   3.884   7.364   6.398   9.416   7.602   1.198   4.161   2.148   1.075   4.893   2.545   2.215   4.265   4.975   8.957   8.847   3.920   8.689   7.360   1.469   1.238   1.387   0.375   5.425   1.673   7.431   8.675   9.204   9.378   8.572   9.844   9.483   3.065   6.770   6.155   8.699   8.937   6.652   5.249   5.241   5.807   7.576   9.682   2.099   8.453   5.083   5.992   5.281   6.380   2.095   4.399   6.805   1.468   3.575   4.091   4.261   4.869   3.169   2.633   8.519   8.597   4.814   5.856   2.425   6.458   6.699   1.237   5.900   7.937   5.554   7.129   3.338   5.546   3.993   6.520   3.368   3.884   6.691   5.665   5.182   3.507   4.910   5.645   5.997   6.350   4.230   1.628   6.182   6.762   1.318   7.604   7.051   4.944   7.376   6.914   6.005   9.891   3.531   3.647   3.743   1.802   9.301   3.575   4.119   3.916   7.771   8.086   7.890   5.663   6.128   10.269  1.140   3.833   4.033   2.671   5.865   4.859   6.329   1.882   3.577   3.031   2.813   6.070   1.746   4.696   3.442   5.007   6.907   1.699   1.761   7.667   4.990   6.184   4.600   3.937   5.087   3.707   7.686   6.103   7.194   4.436   8.484   4.568   4.570   2.722   7.592   7.268   4.005   2.044   2.594   6.714   3.738  
7   2.110   3.154   7.244   9.197   5.839   4.714   2.870   2.645   1.324   3.689   4.507   4.232   4.893   1.570   6.330   6.594   4.307   5.148   5.981   7.655   5.748   4.583   3.661   8.254   3.668   6.483   1.425   5.808   4.104   6.337   7.460   4.935   4.722   4.337   7.392   5.781   1.361   6.505   5.272   5.661   4.360   4.725   2.150   7.227   3.939   1.825   5.402   5.894   3.396   6.953   5.190   8.643   7.245   1.769   3.855   1.860   0.429   3.711   2.910   3.288   4.857   3.765   7.855   7.839   2.697   7.450   6.295   2.298   0.555   1.916   1.597   4.195   1.332   6.193   7.458   8.014   8.591   7.603   9.285   8.243   3.076   5.547   5.049   7.949   7.798   6.382   4.179   5.511   5.209   6.343   8.446   2.007   7.335   4.090   5.641   5.351   5.816   1.320   3.220   6.254   0.261   3.157   4.247   4.526   4.115   2.217   1.399   7.947   7.675   3.850   4.633   2.824   6.325   5.552   2.043   4.764   7.623   4.604   5.889   2.155   4.316   2.940   6.278   2.680   2.775   5.452   5.292   4.511   3.805   5.599   4.416   6.150   6.362   3.897   1.736   6.206   5.525   1.958   6.786   6.411   5.541   6.887   6.463   5.334   9.324   3.577   3.293   4.397   2.141   8.426   3.453   3.403   2.759   7.232   7.747   6.752   5.823   5.148   9.650   1.600   3.325   4.250   1.747   4.712   4.584   5.129   2.994   3.556   3.426   3.210   4.900   0.626   4.017   3.543   4.365   5.691   2.687   0.684   6.812   4.745   4.967   3.558   2.698   4.390   3.157   6.448   5.289   6.434   3.256   7.249   4.203   4.640   2.150   7.062   6.212   4.752   0.850   2.935   6.378   2.666  
8   6.204   7.888   1.470   5.827   3.937   5.090   4.330   8.586   5.700   4.258   9.710   8.553   3.432   8.578   4.256   2.514   9.327   2.879   1.432   2.716   9.265   3.029   3.578   3.137   3.864   6.513   7.810   7.918   5.454   3.752   0.467   2.940   4.969   4.704   5.926   7.594   7.759   1.476   8.912   2.285   4.328   6.088   9.036   3.614   6.061   5.574   7.649   3.280   5.602   6.034   4.405   4.388   6.442   7.881   9.024   8.080   7.086   3.320   7.828   9.522   9.259   4.712   1.075   1.984   4.416   3.466   1.305   8.419   6.929   8.819   8.536   4.175   6.787   2.500   1.601   1.316   4.257   2.274   6.257   3.101   9.178   2.074   2.054   4.229   0.794   6.573   6.016   8.515   4.761   3.635   2.926   8.393   0.542   6.523   5.996   7.698   4.941   6.171   5.287   5.057   6.874   5.886   7.637   8.072   4.337   6.730   5.879   5.459   2.730   3.657   4.185   7.874   7.213   1.463   8.263   5.439   6.846   3.148   2.860   4.861   4.108   4.213   6.681   5.354   4.280   3.361   5.845   4.549   7.921   10.043  4.096   8.365   7.870   6.006   7.284   7.857   2.576   8.902   3.388   4.552   9.685   5.567   5.665   4.367   6.229   7.176   8.611   9.175   8.886   3.474   9.190   4.849   4.256   5.383   6.761   0.306   8.241   2.628   6.091   8.527   8.241   7.827   6.876   2.302   6.202   2.052   9.383   6.986   8.046   7.981   5.035   6.428   4.688   7.319   4.718   4.218   8.909   6.857   3.104   6.333   4.249   6.211   4.603   4.470   8.064   2.414   3.562   3.775   3.766   2.253   5.867   7.467   5.946   5.379   1.430   9.671   6.485   7.781   6.246   4.444  
9   7.285   7.031   4.180   3.140   6.294   7.079   4.468   8.056   6.047   5.821   8.686   7.385   2.477   8.835   2.040   0.726   8.286   2.168   3.723   5.426   7.683   2.753   3.717   5.835   5.304   4.322   7.635   6.102   7.239   1.580   2.917   4.923   3.521   3.531   3.412   5.747   7.602   1.441   7.429   1.742   6.199   4.542   8.980   0.978   4.854   5.538   5.939   5.671   4.706   3.651   6.561   1.790   4.016   7.572   10.245  8.833   7.226   4.274   7.058   8.988   7.992   6.366   2.242   1.143   5.297   6.147   1.773   8.001   7.031   9.231   8.582   5.968   6.602   4.986   4.307   3.798   1.674   0.638   3.554   5.798   10.057  4.236   2.823   1.519   2.762   4.421   7.794   6.884   3.088   6.129   5.590   9.100   2.315   8.233   4.074   6.011   2.945   6.137   6.758   2.864   7.267   5.051   6.342   6.725   3.443   7.834   6.591   2.793   0.378   3.467   6.154   7.143   5.143   2.926   7.919   7.425   4.366   2.713   5.251   5.419   5.947   4.424   4.574   4.904   4.670   5.609   4.063   3.320   6.821   8.679   5.976   6.499   5.868   4.821   6.926   5.903   4.810   9.268   0.977   2.287   8.260   3.166   3.415   2.694   3.529   6.102   9.746   8.065   9.424   1.149   10.218  4.182   4.827   2.863   4.244   2.546   6.464   2.208   3.442   8.915   9.472   6.551   7.810   3.409   4.714   3.803   8.948   5.914   7.105   7.114   7.082   6.690   3.710   6.266   3.525   6.524   8.454   7.415   0.724   4.778   6.337   7.786   5.645   3.342   9.277   4.973   2.203   1.540   4.565   4.953   4.558   6.012   5.573   2.908   1.733   8.538   7.076   6.997   4.068   4.707  
10  2.657   2.595   7.500   8.961   6.268   5.212   2.897   2.101   1.501   4.101   3.948   3.670   4.793   1.597   6.125   6.541   3.741   5.102   6.216   7.986   5.190   4.567   3.695   8.593   4.022   6.100   0.893   5.310   4.622   6.176   7.620   5.271   4.448   4.102   7.079   5.303   0.827   6.544   4.717   5.654   4.805   4.338   1.875   7.090   3.550   1.717   4.909   6.282   3.073   6.618   5.649   8.493   6.889   1.214   4.348   2.312   0.146   3.915   2.349   2.802   4.289   4.227   7.955   7.852   2.986   7.833   6.358   1.764   0.236   2.080   1.376   4.622   0.876   6.526   7.719   8.223   8.449   7.584   9.022   8.580   3.471   5.824   5.153   7.783   7.938   5.991   4.722   4.975   4.953   6.752   8.762   2.406   7.452   4.649   5.277   4.854   5.546   1.119   3.718   5.979   0.818   2.798   3.725   3.987   3.940   2.785   1.848   7.688   7.621   3.822   5.071   2.260   5.888   5.704   1.513   5.280   7.252   4.567   6.246   2.371   4.741   2.991   5.876   2.452   2.885   5.841   4.935   4.290   3.258   5.031   4.842   5.638   5.884   3.513   1.184   5.724   5.851   2.077   6.660   6.182   4.973   6.586   6.144   5.117   9.065   3.073   3.792   3.828   2.394   8.340   3.894   3.200   2.930   6.955   7.386   6.892   5.309   5.135   9.417   1.768   3.855   3.717   2.315   4.873   4.185   5.359   2.531   3.068   2.865   2.648   5.395   0.796   3.798   3.026   4.128   6.138   2.182   1.252   6.710   4.336   5.414   4.111   3.055   4.183   3.693   6.776   5.157   6.272   3.459   7.560   3.835   4.139   1.845   6.780   6.267   4.187   1.377   2.376   6.011   2.736  
11  4.238   8.369   2.826   9.445   0.212   1.772   4.749   8.480   5.116   2.381   10.134  9.345   5.613   7.329   7.171   5.858   9.825   5.235   2.627   2.245   10.539  4.870   4.523   2.665   2.579   8.986   7.350   9.692   2.437   6.763   4.061   1.711   6.931   6.471   8.919   9.455   7.286   4.900   10.089  5.036   1.699   7.849   8.169   7.043   7.423   5.597   9.319   0.670   6.727   8.825   0.981   8.124   9.250   7.598   6.261   6.172   6.345   3.401   8.202   9.272   10.085  2.320   4.961   5.878   3.681   1.592   4.571   8.186   6.287   7.296   7.607   1.857   6.600   1.431   2.903   3.844   8.002   6.073   9.813   2.673   6.899   2.122   3.890   7.795   4.478   8.986   2.850   9.953   7.020   0.432   3.030   6.497   4.470   3.369   8.220   9.329   7.476   5.965   2.967   7.774   5.810   6.843   8.756   9.187   5.970   4.563   4.652   8.767   6.478   4.926   1.421   8.185   9.428   3.478   7.953   2.023   9.698   5.048   1.093   4.364   1.738   4.610   9.021   6.018   4.386   0.858   7.938   6.436   8.727   10.912  1.636   10.150  9.908   7.355   7.208   9.830   1.556   7.432   6.675   7.446   10.683  8.443   8.338   6.754   9.802   8.097   6.027   9.793   7.163   7.301   6.690   5.994   4.117   8.442   9.682   3.941   9.918   4.952   9.776   7.091   5.564   8.888   4.953   3.402   7.867   2.692   9.010   7.947   8.612   8.458   1.610   5.702   6.252   8.182   6.502   0.469   8.641   5.544   6.454   8.048   1.115   3.365   3.471   6.286   5.440   1.563   6.014   6.828   3.662   2.191   7.404   8.831   6.286   8.371   4.625   10.253  5.233   8.185   8.741   4.623  
12  6.554   5.095   5.484   3.210   6.818   7.146   3.459   6.229   4.905   5.657   6.655   5.334   1.433   7.410   0.324   1.751   6.256   1.694   4.577   6.662   5.572   2.160   2.952   7.179   5.126   2.373   6.014   4.004   7.101   0.534   4.505   5.263   1.538   1.735   1.995   3.653   5.992   2.678   5.323   1.985   6.249   2.455   7.363   1.438   2.870   4.192   3.830   6.295   2.901   1.943   6.843   2.726   2.367   5.879   9.430   7.740   5.825   3.960   5.159   7.130   5.912   6.206   4.099   3.202   4.679   7.198   2.852   6.230   5.620   7.886   7.041   5.978   5.043   5.799   5.665   5.427   2.705   2.719   3.372   7.146   8.994   4.865   3.039   1.994   4.503   2.442   7.603   4.772   1.036   6.838   7.033   7.961   3.954   7.947   1.979   3.900   0.849   4.719   6.397   0.917   6.032   3.245   4.277   4.642   1.902   7.073   5.651   2.071   2.454   2.533   6.300   5.258   3.120   3.555   6.190   7.460   2.803   2.002   5.923   4.528   6.000   3.484   2.566   3.364   3.807   6.089   1.952   1.534   4.802   6.580   6.062   4.414   3.821   2.850   5.242   3.838   5.391   7.893   1.155   0.531   6.156   1.524   1.526   0.720   3.397   4.113   8.888   6.020   8.152   2.850   9.257   2.619   4.067   1.547   2.766   3.877   4.362   1.974   3.657   7.569   8.704   4.487   6.920   3.539   2.636   4.239   7.137   3.933   5.133   5.171   7.206   5.416   2.021   4.279   1.715   6.970   6.649   6.282   1.388   2.684   6.574   7.415   5.089   1.634   8.506   5.879   0.962   0.591   4.048   6.137   2.549   3.917   3.994   1.453   2.734   6.481   5.998   5.093   2.107   3.736  
13  2.712   2.555   6.541   7.857   5.670   4.869   1.765   2.663   0.814   3.523   4.264   3.606   3.618   2.766   4.996   5.364   3.968   3.926   5.239   7.142   5.003   3.398   2.554   7.758   3.308   5.203   1.727   4.748   4.384   5.021   6.546   4.475   3.383   2.996   6.061   4.668   1.675   5.389   4.525   4.485   4.289   3.461   2.981   5.926   2.691   0.543   4.335   5.575   2.088   5.633   5.151   7.335   5.937   1.843   5.068   3.158   1.157   2.939   2.361   3.543   4.319   3.790   6.830   6.685   2.204   7.094   5.217   2.420   0.957   3.209   2.528   4.062   0.753   5.703   6.763   7.198   7.288   6.410   7.944   7.741   4.398   4.914   4.047   6.632   6.845   5.110   4.621   4.616   3.868   6.091   7.886   3.335   6.342   4.682   4.346   4.299   4.476   0.094   3.437   4.914   1.405   1.886   3.320   3.678   2.789   3.047   1.657   6.606   6.443   2.652   4.529   2.328   5.120   4.634   2.226   5.011   6.327   3.393   5.474   1.521   4.170   1.874   5.020   1.339   1.831   5.148   3.993   3.172   3.051   5.130   4.273   5.135   5.241   2.641   1.347   5.098   5.025   3.225   5.492   5.071   4.968   5.552   5.136   3.996   7.983   2.611   4.504   3.964   3.472   7.164   4.741   2.065   1.952   5.892   6.442   5.803   4.824   3.965   8.311   2.891   4.453   3.378   2.687   3.822   3.338   4.386   3.350   2.535   2.817   2.637   5.034   0.798   2.677   2.629   3.024   5.593   2.907   1.753   5.536   3.510   4.888   4.100   2.413   3.053   4.268   5.941   3.989   5.117   2.498   6.684   2.924   3.618   0.863   5.723   5.121   4.404   1.598   2.353   5.082   1.645  
14  4.490   1.918   9.275   9.588   8.184   7.112   4.459   0.628   3.338   6.014   2.352   2.672   5.974   1.953   6.948   7.763   2.292   6.392   7.974   9.840   4.159   5.948   5.215   10.452  5.911   6.255   1.050   4.879   6.503   7.128   9.251   7.140   5.158   4.969   7.484   5.001   1.113   7.968   3.746   7.008   6.723   4.620   1.050   8.076   3.920   3.218   4.545   8.181   3.781   6.958   7.566   9.402   7.130   0.906   5.462   3.495   2.055   5.672   1.724   0.889   3.041   6.143   9.473   9.193   4.844   9.727   7.835   0.453   2.108   2.526   1.270   6.538   2.004   8.388   9.496   9.926   9.383   8.858   9.551   10.438  4.284   7.635   6.735   8.667   9.532   6.119   6.555   4.239   5.683   8.661   10.600  3.407   9.010   6.420   5.574   4.463   6.186   2.644   5.618   6.581   2.659   3.435   3.269   3.317   4.990   4.508   3.763   8.267   8.810   5.217   6.989   1.596   5.788   7.349   0.526   7.162   7.409   5.901   8.127   4.190   6.657   4.581   5.961   3.562   4.565   7.743   5.288   5.180   2.598   3.611   6.758   5.072   5.543   3.917   1.527   5.368   7.709   2.401   7.691   6.925   3.699   7.059   6.569   5.959   9.606   2.886   4.971   2.496   2.974   9.431   4.827   4.255   4.681   7.500   7.582   8.498   4.743   6.495   10.041  2.374   5.185   3.154   4.012   6.549   4.427   7.120   0.623   2.999   2.082   1.898   7.298   2.694   4.739   2.752   4.983   8.056   0.335   3.032   7.803   4.515   7.332   5.918   4.953   5.124   5.066   8.632   6.236   7.215   5.225   9.395   4.257   3.796   2.904   7.316   7.729   2.691   3.249   1.791   6.248   4.371  
15  7.788   3.199   9.444   5.840   9.910   9.597   5.386   4.434   5.823   8.064   3.552   2.456   4.886   6.753   4.378   6.069   3.256   5.428   8.300   10.489  1.554   5.475   5.562   11.069  7.646   2.258   5.126   0.384   9.252   4.847   8.693   8.388   3.341   3.706   3.647   0.688   5.155   6.892   1.613   5.997   8.828   2.267   6.092   5.578   2.674   4.984   0.773   9.566   3.397   3.129   9.632   6.387   3.014   4.775   9.948   7.907   5.708   6.675   3.437   4.937   2.509   8.495   8.400   7.529   6.687   10.819  6.984   4.686   5.554   7.356   6.112   8.556   4.779   9.323   9.651   9.597   6.438   7.040   5.591   11.040  9.002   8.353   6.626   5.733   8.757   2.119   9.585   0.914   3.526   10.137  11.010  7.965   8.189   9.716   2.351   0.790   3.482   5.036   8.331   3.573   6.295   3.377   1.888   1.745   4.179   8.125   6.722   4.649   6.732   5.189   8.997   3.562   1.391   7.301   4.834   9.816   3.046   5.310   9.294   6.125   8.632   5.514   1.931   4.221   5.791   9.228   2.442   3.808   2.484   2.784   8.725   0.084   0.702   2.742   4.445   0.576   8.746   7.273   5.439   4.147   2.329   3.523   3.105   3.930   5.666   2.532   9.392   2.949   7.773   6.924   9.468   4.086   6.096   3.998   3.263   7.987   0.319   5.706   6.223   7.108   9.431   1.942   7.739   6.885   2.217   7.675   5.156   2.565   2.991   3.194   9.728   5.803   3.860   2.575   3.682   9.948   4.823   6.720   5.702   2.045   9.345   9.129   7.058   3.927   9.259   9.480   4.720   4.878   6.456   9.956   2.672   1.473   4.274   3.850   6.857   3.193   6.651   3.383   2.457   5.572  
16  4.610   7.842   1.510   7.969   1.524   2.817   4.057   8.184   4.876   2.506   9.669   8.727   4.407   7.484   5.834   4.402   9.326   3.961   1.123   1.630   9.771   3.705   3.610   2.241   2.373   7.803   7.165   8.739   3.313   5.394   2.580   1.099   5.848   5.429   7.591   8.470   7.104   3.410   9.348   3.660   2.227   6.858   8.179   5.590   6.550   5.131   8.394   0.867   5.908   7.549   2.057   6.621   7.975   7.348   7.116   6.598   6.241   2.656   7.711   9.053   9.469   2.772   3.461   4.354   3.373   1.700   3.088   7.933   6.138   7.573   7.629   2.183   6.273   0.201   1.662   2.528   6.497   4.555   8.352   2.226   7.523   0.776   2.606   6.322   3.007   7.821   3.843   9.118   5.853   1.284   2.414   6.927   2.954   4.373   7.095   8.417   6.245   5.615   3.444   6.500   5.826   6.088   8.007   8.449   4.945   5.058   4.678   7.358   4.967   3.942   2.006   7.718   8.330   2.072   7.725   3.151   8.416   3.881   0.450   4.023   2.078   3.913   7.878   5.329   3.784   1.016   6.846   5.356   8.089   10.295  2.023   9.201   8.873   6.484   6.861   8.815   0.507   7.688   5.245   6.120   10.016  7.139   7.087   5.542   8.337   7.400   6.785   9.249   7.529   5.783   7.419   5.131   3.587   7.090   8.381   2.417   9.001   3.666   8.287   7.323   6.360   8.162   5.340   2.242   6.908   1.453   8.834   7.231   8.059   7.935   2.726   5.561   5.264   7.509   5.456   1.810   8.414   5.662   5.008   7.078   1.958   4.183   3.336   5.220   6.205   0.421   4.756   5.451   3.051   1.228   6.472   7.998   5.734   7.035   3.153   9.730   5.307   7.682   7.548   4.015  
17  0.675   4.638   6.571   9.805   4.688   3.370   3.154   4.159   1.770   2.696   6.029   5.722   5.289   2.447   6.923   6.792   5.830   5.394   5.413   6.758   7.216   4.786   3.818   7.325   2.879   7.509   2.939   7.117   2.709   6.821   7.055   4.114   5.541   5.086   8.227   7.045   2.877   6.463   6.737   5.779   3.210   5.800   3.375   7.623   5.048   2.628   6.704   4.874   4.396   7.850   3.964   9.040   8.188   3.292   2.834   1.437   1.945   3.394   4.400   4.739   6.366   2.584   7.608   7.825   2.280   6.408   6.197   3.807   2.020   2.407   2.824   3.115   2.723   5.326   6.768   7.457   8.968   7.682   9.963   7.320   2.568   4.872   4.900   8.399   7.440   7.426   2.700   6.920   5.965   5.245   7.576   1.758   7.053   2.572   6.637   6.665   6.585   2.414   1.936   7.019   1.271   4.241   5.632   5.949   4.741   0.702   0.950   8.638   7.844   4.148   3.491   4.322   7.484   5.244   3.550   3.362   8.598   4.862   4.960   2.112   3.237   3.155   7.351   3.553   2.866   4.440   6.282   5.220   5.256   7.119   3.325   7.492   7.619   4.994   3.220   7.474   4.705   2.537   7.167   7.062   7.048   7.703   7.334   5.993   9.992   4.935   2.290   5.916   2.333   8.660   2.706   4.149   2.687   7.981   8.695   6.427   7.175   5.309   10.247  2.192   2.135   5.661   0.326   4.429   5.691   4.619   4.420   4.881   4.911   4.700   3.563   1.645   4.751   4.926   5.118   4.490   4.166   0.843   7.130   5.868   3.784   2.058   2.044   5.072   1.941   5.588   5.742   6.918   3.005   6.421   5.255   5.972   3.230   7.826   6.140   6.276   0.793   4.419   7.364   2.884  
18  5.239   6.404   2.563   5.343   4.046   4.771   2.935   7.134   4.405   3.566   8.224   7.067   2.007   7.300   3.172   1.749   7.840   1.467   1.606   3.694   7.812   1.542   2.152   4.233   3.072   5.279   6.411   6.522   4.954   2.713   1.948   2.619   3.556   3.251   4.923   6.210   6.364   0.939   7.448   0.997   3.896   4.663   7.675   2.930   4.589   4.172   6.233   3.453   4.115   4.924   4.261   4.091   5.348   6.457   8.169   6.982   5.755   2.190   6.349   8.075   7.776   4.099   2.134   2.271   3.301   4.220   0.629   6.982   5.585   7.595   7.197   3.671   5.374   2.861   2.764   2.773   3.979   2.230   5.700   4.202   8.148   1.994   0.688   3.694   2.178   5.319   5.515   7.074   3.413   3.958   4.132   7.279   1.648   5.971   4.671   6.276   3.693   4.781   4.546   3.890   5.618   4.399   6.161   6.598   2.862   5.785   4.727   4.669   2.530   2.182   3.846   6.398   5.908   0.638   6.837   5.118   5.780   1.667   3.049   3.619   3.645   2.832   5.405   3.884   2.956   3.339   4.482   3.110   6.435   8.564   3.671   6.976   6.529   4.532   5.847   6.501   2.561   7.663   2.562   3.464   8.212   4.492   4.493   3.045   5.690   5.690   7.705   7.688   7.708   3.392   8.233   3.362   2.996   4.411   5.729   1.182   6.832   1.188   5.691   7.291   7.386   6.349   5.845   1.186   4.764   1.498   7.949   5.500   6.560   6.497   4.773   5.122   3.213   5.833   3.268   4.254   7.469   5.661   2.340   4.905   4.031   5.556   3.579   3.018   7.196   2.915   2.226   2.766   2.582   3.164   4.408   6.009   4.492   4.366   0.605   8.184   5.296   6.301   5.015   3.086  
19  7.406   7.563   3.698   3.604   6.026   6.944   4.751   8.538   6.322   5.792   9.256   7.970   2.914   9.165   2.712   1.140   8.857   2.511   3.428   4.940   8.325   3.040   3.968   5.308   5.296   5.003   8.045   6.763   7.168   2.237   2.371   4.756   4.106   4.065   4.082   6.409   8.008   1.286   8.058   1.959   6.089   5.160   9.377   1.647   5.422   5.888   6.589   5.384   5.215   4.333   6.367   2.146   4.695   8.008   10.356  9.050   7.565   4.354   7.576   9.477   8.595   6.321   1.610   0.460   5.430   5.709   1.610   8.462   7.376   9.530   8.955   5.877   7.001   4.654   3.803   3.210   2.015   0.045   4.052   5.270   10.253  3.998   2.843   2.069   2.160   5.101   7.731   7.528   3.702   5.803   5.035   9.331   1.780   8.194   4.735   6.658   3.604   6.498   6.770   3.541   7.551   5.555   6.939   7.332   3.917   7.955   6.791   3.417   0.512   3.783   6.015   7.654   5.821   2.780   8.365   7.295   5.039   3.038   4.959   5.632   5.843   4.689   5.252   5.329   4.902   5.373   4.708   3.860   7.392   9.298   5.860   7.165   6.543   5.385   7.365   6.575   4.565   9.578   1.652   2.966   8.885   3.848   4.097   3.298   4.018   6.662   9.876   8.645   9.696   1.251   10.379  4.633   5.021   3.536   4.911   2.138   7.122   2.473   3.852   9.217   9.575   7.147   7.973   3.401   5.325   3.657   9.418   6.472   7.652   7.649   6.929   6.995   4.211   6.824   4.063   6.277   8.925   7.663   1.381   5.399   6.163   7.781   5.747   3.861   9.384   4.609   2.720   2.205   4.695   4.493   5.139   6.629   5.995   3.587   1.620   9.124   7.312   7.516   4.748   4.969  
20  7.749   2.837   11.408  9.270   11.003  10.193  6.609   3.039   6.148   8.872   1.153   1.990   7.187   5.421   7.351   8.776   1.385   7.724   10.129  12.230  1.943   7.515   7.153   12.845  8.623   5.619   4.247   3.598   9.658   7.731   10.998  9.701   5.791   5.910   7.040   3.922   4.307   9.359   1.962   8.369   9.640   4.746   4.413   8.603   4.521   5.606   3.551   10.852  4.944   6.495   10.502  9.634   6.453   3.888   8.934   6.975   5.242   8.010   3.000   2.783   1.300   9.133   10.941  10.300  7.520   12.320  9.347   3.400   5.201   5.968   4.748   9.411   4.669   10.861  11.631  11.823  9.664   9.855   9.054   12.823  7.722   9.968   8.581   8.929   11.170  5.469   9.805   2.650   6.199   11.390  12.897  6.886   10.601  9.746   5.381   3.459   6.425   5.263   8.723   6.663   5.914   4.678   2.959   2.561   6.216   7.866   6.844   8.020   9.643   6.945   9.878   3.023   4.812   9.272   3.655   10.306  6.528   7.395   10.697  6.839   9.517   6.754   5.273   5.352   6.895   10.441  5.284   6.097   2.627   0.708   9.620   3.442   4.190   4.569   4.072   4.045   10.200  5.828   8.353   7.191   1.163   6.816   6.341   6.597   9.127   3.368   8.450   1.418   6.414   10.012  8.278   5.713   7.125   7.307   6.743   10.237  3.254   7.939   9.672   5.845   8.665   2.754   7.381   8.618   4.573   9.342   3.134   3.557   2.608   2.746   10.365  5.718   5.870   3.229   5.904   10.939  3.147   6.337   8.567   4.515   10.238  9.205   7.761   6.138   8.542   11.074  7.224   7.789   7.636   11.728  4.772   3.282   4.943   7.139   9.223   0.949   6.466   3.017   5.760   6.659  
21  1.831   6.695   6.985   11.498  4.423   2.830   4.907   6.082   3.778   3.226   7.969   7.775   6.949   3.905   8.663   8.218   7.808   6.932   6.081   6.790   9.285   6.331   5.414   7.260   3.677   9.496   4.890   9.201   2.196   8.483   7.812   4.580   7.456   6.977   10.103  9.121   4.832   7.675   8.808   7.184   3.254   7.826   4.966   9.191   7.094   4.649   8.788   4.863   6.416   9.767   3.637   10.572  10.127  5.264   1.661   2.305   3.972   4.639   6.453   6.517   8.394   2.773   8.528   9.000   3.687   6.191   7.366   5.721   4.075   3.556   4.484   3.339   4.804   5.543   7.142   7.983   10.484  8.957   11.708  7.266   2.470   5.451   6.118   9.991   8.232   9.424   1.756   9.007   7.834   5.023   7.603   2.536   7.962   1.268   8.621   8.750   8.448   4.497   2.205   8.871   3.311   6.290   7.720   8.033   6.577   1.409   2.874   10.411  9.201   5.813   3.478   6.367   9.527   6.256   5.467   2.605   10.551  6.445   5.113   3.844   3.428   4.866   9.362   5.553   4.537   4.510   8.267   7.084   7.332   9.120   3.467   9.580   9.692   7.037   5.275   9.551   5.080   3.719   8.736   8.838   9.080   9.573   9.242   7.803   11.728  7.024   1.473   7.920   3.228   10.054  2.138   6.074   4.276   9.805   10.632  7.323   9.264   6.783   11.923  3.512   0.992   7.747   1.809   5.556   7.729   5.456   6.172   6.970   6.967   6.752   2.995   3.734   6.646   7.015   7.011   4.133   6.011   2.870   8.648   7.911   3.604   1.298   3.298   6.927   0.921   5.788   7.423   8.577   4.385   6.598   7.279   8.061   5.295   9.662   7.340   8.248   2.883   6.476   9.335   4.631  
22  3.452   4.282   4.366   6.290   4.323   4.207   0.596   4.855   2.134   2.653   6.124   5.104   1.739   5.005   3.459   3.216   5.761   1.799   3.071   5.169   6.132   1.194   0.225   5.781   2.159   4.686   4.076   5.204   4.045   3.276   4.209   2.808   2.556   2.064   4.995   4.971   4.027   3.063   5.705   2.235   3.354   3.372   5.338   4.035   2.944   1.836   4.833   3.991   2.272   4.740   4.098   5.447   5.139   4.137   6.385   4.891   3.432   1.089   4.184   5.786   5.843   3.172   4.471   4.395   1.538   5.335   2.868   4.678   3.256   5.345   4.865   3.074   3.045   3.844   4.591   4.912   5.374   4.175   6.498   5.759   6.119   2.914   1.693   4.820   4.493   4.658   4.513   5.498   2.790   4.561   5.831   5.159   3.982   4.826   3.853   4.845   3.363   2.442   3.276   3.756   3.363   2.445   4.363   4.805   1.571   3.988   2.658   5.212   4.285   0.609   3.480   4.212   5.007   2.317   4.519   4.486   5.585   1.268   3.749   1.485   3.130   0.505   4.659   1.717   0.731   3.642   3.538   2.086   4.463   6.665   3.213   5.662   5.438   2.876   3.543   5.353   3.215   5.398   3.578   3.649   6.375   4.469   4.215   2.663   6.517   3.761   5.864   5.657   5.506   5.081   6.301   1.512   0.939   4.642   5.625   3.455   5.433   1.737   6.719   5.034   5.633   4.518   3.902   1.567   3.382   2.275   5.639   3.589   4.478   4.376   4.304   2.823   1.799   3.875   2.098   4.374   5.168   3.479   3.534   3.564   3.811   4.283   1.950   1.923   5.436   4.038   2.212   3.371   0.964   4.662   2.916   4.375   2.233   4.513   2.778   6.147   3.136   4.145   4.470   0.780  
23  3.590   1.556   7.431   7.899   6.687   5.876   2.552   1.740   1.820   4.543   3.245   2.629   4.029   2.686   5.136   5.818   2.947   4.433   6.126   8.097   4.083   3.985   3.277   8.714   4.319   4.878   1.168   4.060   5.371   5.261   7.321   5.460   3.382   3.112   5.926   4.044   1.149   6.005   3.603   5.045   5.309   3.123   2.518   6.202   2.340   1.357   3.656   6.578   1.971   5.443   6.171   7.566   5.691   1.076   5.597   3.571   1.355   3.860   1.348   2.668   3.324   4.805   7.515   7.234   3.213   8.085   5.875   1.568   1.194   3.243   2.217   5.082   0.423   6.672   7.655   8.027   7.537   6.907   7.922   8.696   4.727   5.849   4.801   6.839   7.589   4.763   5.576   3.782   3.904   7.100   8.823   3.665   7.060   5.594   4.078   3.604   4.464   0.932   4.427   4.886   1.940   1.653   2.504   2.806   3.067   3.843   2.586   6.600   6.876   3.257   5.549   1.310   4.633   5.435   1.438   6.007   6.038   3.938   6.461   2.528   5.190   2.684   4.641   1.604   2.725   6.154   3.746   3.317   2.119   4.125   5.293   4.401   4.625   2.311   0.436   4.467   5.997   3.207   5.798   5.153   3.985   5.451   4.990   4.128   7.970   1.828   5.037   2.949   3.601   7.526   5.154   2.319   2.898   5.849   6.180   6.562   4.075   4.531   8.356   2.948   5.072   2.521   3.419   4.659   2.959   5.284   2.536   1.811   1.825   1.633   6.044   1.512   2.848   1.798   3.131   6.613   2.056   2.373   5.891   3.101   5.908   5.023   3.433   3.239   4.902   6.904   4.318   5.352   3.438   7.624   2.646   2.892   0.941   5.669   5.768   3.384   2.355   1.347   4.805   2.508  
24  7.254   2.129   10.358  7.993   10.188  9.525   5.678   2.877   5.476   8.115   1.382   1.056   6.018   5.380   6.083   7.551   1.215   6.564   9.102   11.244  0.816   6.405   6.140   11.853  7.811   4.339   3.940   2.335   9.044   6.474   9.866   8.807   4.572   4.734   5.760   2.648   3.990   8.182   0.683   7.202   8.895   3.498   4.497   7.334   3.357   4.814   2.266   9.980   3.864   5.213   9.750   8.349   5.182   3.557   8.839   6.807   4.821   7.083   2.357   3.033   0.418   8.435   9.759   9.073   6.728   11.400  8.190   3.218   4.733   5.971   4.693   8.649   4.075   9.918   10.578  10.713  8.380   8.619   7.786   11.830  7.718   8.995   7.506   7.647   10.015  4.188   9.257   1.388   4.956   10.533  11.877  6.778   9.443   9.263   4.099   2.174   5.154   4.584   8.098   5.383   5.489   3.640   1.780   1.348   5.079   7.454   6.267   6.737   8.392   5.887   9.115   2.430   3.546   8.201   3.442   9.674   5.276   6.273   9.789   6.064   8.747   5.823   3.993   4.397   6.005   9.585   4.012   4.911   1.653   0.640   8.849   2.233   2.957   3.411   3.534   2.802   9.273   5.853   7.096   5.916   0.306   5.530   5.054   5.360   7.859   2.320   8.317   0.965   6.416   8.740   8.246   4.649   6.264   6.021   5.489   9.111   2.007   6.794   8.399   5.787   8.464   1.593   6.995   7.597   3.334   8.347   3.331   2.494   1.857   2.059   9.685   5.172   4.729   2.212   4.724   10.155  3.148   5.929   7.318   3.262   9.476   8.697   7.015   4.966   8.320   10.118  6.020   6.530   6.744   10.730  3.576   2.028   4.099   5.853   8.064   0.982   5.987   2.345   4.476   5.768  
25  7.195   3.985   7.534   3.908   8.454   8.455   4.274   5.283   5.268   6.897   5.134   3.811   3.042   7.103   2.175   3.919   4.758   3.530   6.501   8.660   3.617   3.747   4.147   9.209   6.408   0.475   5.502   1.940   8.251   2.662   6.645   6.883   1.694   2.187   1.685   1.581   5.504   4.819   3.471   4.011   7.602   1.301   6.746   3.359   2.088   4.406   1.882   8.014   2.646   1.135   8.323   4.223   1.283   5.246   9.795   7.870   5.699   5.297   4.141   6.052   4.220   7.402   6.268   5.339   5.648   9.103   4.958   5.407   5.504   7.666   6.577   7.323   4.764   7.640   7.728   7.564   4.263   4.843   3.775   9.177   9.087   6.671   4.849   3.542   6.664   0.411   8.678   2.823   1.592   8.580   9.099   8.017   6.108   8.919   0.406   1.971   1.329   4.724   7.408   1.356   6.123   2.858   2.783   3.013   2.679   7.639   6.155   2.613   4.520   3.711   7.718   4.265   0.954   5.471   5.457   8.727   1.615   3.569   7.687   5.248   7.375   4.366   0.433   3.482   4.693   7.736   0.756   2.176   3.450   4.752   7.455   2.300   1.658   2.124   4.703   1.690   7.137   7.627   3.236   1.932   4.301   1.389   0.916   1.932   3.839   2.970   9.231   4.475   8.019   4.710   9.461   2.976   5.004   1.880   1.760   5.982   2.311   3.825   4.337   7.370   9.157   2.974   7.357   5.227   1.467   6.001   6.161   2.853   3.912   4.032   8.554   5.528   2.477   3.115   2.153   8.550   5.718   6.483   3.507   1.346   8.038   8.343   6.060   2.335   8.966   7.760   2.750   2.684   5.209   8.127   1.812   2.283   3.875   1.711   4.834   4.870   6.296   4.072   0.397   4.525  
26  4.846   3.081   5.966   5.301   6.309   6.140   1.913   4.097   2.971   4.582   4.818   3.591   1.627   5.242   2.488   3.343   4.422   2.153   4.753   6.935   4.330   1.977   1.948   7.530   4.119   2.839   3.819   3.233   5.897   2.621   5.433   4.774   0.812   0.462   3.504   2.986   3.798   3.797   3.949   2.801   5.316   1.382   5.168   3.568   1.085   2.149   2.878   5.950   0.739   3.112   6.082   4.917   3.455   3.690   7.548   5.719   3.683   3.078   3.094   5.023   4.282   5.066   5.378   4.845   3.287   7.216   3.774   4.066   3.478   5.740   4.850   5.038   2.859   5.718   6.183   6.279   4.890   4.451   5.371   7.503   6.966   4.752   3.106   4.188   5.597   2.782   6.311   3.627   1.295   6.522   7.512   5.908   5.027   6.546   1.967   2.900   1.900   2.598   5.040   2.338   3.972   1.086   2.655   3.092   0.645   5.310   3.828   4.033   4.344   1.575   5.458   3.177   3.042   3.800   4.011   6.397   3.875   1.840   5.677   2.876   5.102   2.016   2.750   1.238   2.335   5.618   1.623   0.671   2.974   5.061   5.189   3.694   3.448   1.026   3.050   3.363   5.130   5.736   3.183   2.524   4.705   2.987   2.597   1.478   5.411   2.228   6.990   4.239   6.033   4.927   7.284   0.605   2.648   3.316   3.961   4.677   3.485   2.366   5.756   5.427   6.873   2.845   5.064   3.292   1.400   4.077   4.997   2.035   3.182   3.168   6.251   3.354   0.296   2.382   0.481   6.364   4.504   4.278   3.308   1.579   5.795   5.970   3.695   0.626   6.679   5.884   1.768   2.710   2.910   6.407   0.956   2.527   1.819   3.148   3.649   4.731   4.043   3.034   2.662   2.156  
27  5.017   3.727   5.449   4.870   6.033   6.024   1.940   4.725   3.261   4.471   5.459   4.218   0.993   5.735   1.995   2.699   5.062   1.534   4.279   6.468   4.874   1.456   1.706   7.052   3.973   2.870   4.380   3.641   5.853   2.049   4.841   4.469   0.753   0.317   3.266   3.357   4.354   3.167   4.515   2.176   5.164   1.757   5.733   2.984   1.676   2.516   3.323   5.623   1.378   2.955   5.881   4.364   3.341   4.278   7.825   6.079   4.145   2.855   3.738   5.656   4.897   4.987   4.749   4.198   3.282   6.809   3.161   4.680   3.940   6.206   5.386   4.884   3.384   5.319   5.661   5.704   4.328   3.806   4.988   7.024   7.333   4.345   2.608   3.647   4.986   2.847   6.305   4.139   1.001   6.193   7.008   6.292   4.414   6.587   2.052   3.358   1.611   3.038   5.048   2.036   4.358   1.721   3.253   3.683   0.261   5.513   4.054   3.654   3.709   1.270   5.276   3.818   3.248   3.290   4.611   6.304   3.783   1.297   5.320   2.993   4.935   2.005   2.859   1.688   2.340   5.322   1.758   0.268   3.609   5.662   5.014   4.102   3.756   1.625   3.633   3.696   4.768   6.214   2.580   2.089   5.293   2.736   2.427   1.009   5.021   2.864   7.275   4.873   6.472   4.315   7.615   0.940   2.638   2.989   3.836   4.093   3.929   1.769   5.321   5.889   7.119   3.449   5.318   2.877   1.837   3.667   5.620   2.672   3.827   3.814   6.118   3.741   0.379   3.021   0.340   6.118   5.126   4.623   2.686   1.990   5.597   6.025   3.700   0.107   6.923   5.466   1.128   2.142   2.782   5.936   1.471   3.072   2.333   2.837   3.035   5.363   4.353   3.678   2.652   2.213  
28  6.453   2.871   7.673   4.989   8.202   8.000   3.757   4.172   4.483   6.447   4.085   2.749   3.120   6.066   2.868   4.421   3.698   3.666   6.528   8.716   2.833   3.702   3.837   9.296   5.999   1.512   4.444   1.396   7.715   3.276   6.954   6.660   1.572   1.937   2.788   1.107   4.451   5.174   2.583   4.251   7.193   0.512   5.658   4.118   1.168   3.612   1.121   7.831   1.861   2.243   7.970   5.162   2.385   4.169   8.908   6.934   4.730   4.972   3.030   4.940   3.232   6.912   6.714   5.923   5.110   9.056   5.245   4.304   4.544   6.641   5.515   6.917   3.780   7.563   7.882   7.850   5.185   5.451   4.879   9.267   8.125   6.590   4.853   4.446   7.040   1.381   8.095   2.039   1.818   8.403   9.239   7.057   6.468   8.284   0.919   1.179   1.938   3.832   6.824   2.177   5.210   1.974   1.697   1.978   2.418   6.857   5.390   3.677   5.196   3.445   7.343   3.156   1.269   5.528   4.363   8.243   2.673   3.537   7.547   4.615   6.984   3.874   1.239   2.733   4.176   7.507   0.796   2.035   2.346   3.851   7.073   1.855   1.557   1.224   3.654   1.470   6.997   6.593   3.895   2.699   3.419   2.437   1.937   2.230   4.942   1.861   8.343   3.427   7.011   5.522   8.527   2.424   4.488   2.919   2.840   6.236   1.707   3.940   5.426   6.353   8.307   1.896   6.531   5.122   0.539   5.912   5.047   1.752   2.800   2.919   8.118   4.640   2.112   2.002   1.911   8.258   4.607   5.596   4.130   0.351   7.683   7.698   5.504   2.155   8.121   7.715   2.986   3.326   4.793   8.183   1.015   1.233   2.991   2.739   5.117   3.851   5.448   2.962   1.510   3.974  
29  5.497   4.589   4.924   4.246   5.912   6.132   2.411   5.595   3.899   4.622   6.295   5.030   0.423   6.518   1.383   1.835   5.896   0.897   3.862   6.027   5.560   1.172   1.890   6.584   4.095   2.983   5.219   4.179   6.059   1.276   4.161   4.340   1.239   1.094   2.975   3.858   5.190   2.403   5.236   1.457   5.241   2.360   6.570   2.169   2.472   3.242   3.911   5.429   2.247   2.804   5.875   3.578   3.225   5.132   8.388   6.741   4.913   2.929   4.605   6.527   5.685   5.167   3.972   3.346   3.615   6.467   2.453   5.545   4.711   6.964   6.204   4.966   4.204   5.013   5.126   5.056   3.530   2.942   4.430   6.553   7.993   4.049   2.216   2.885   4.260   3.004   6.553   4.793   1.055   5.988   6.493   6.974   3.687   6.889   2.315   3.962   1.441   3.805   5.338   1.763   5.062   2.592   4.029   4.444   1.000   6.019   4.612   3.135   2.838   1.469   5.309   4.687   3.556   2.833   5.471   6.439   3.675   0.999   5.083   3.476   4.996   2.428   3.072   2.496   2.747   5.184   2.121   0.893   4.435   6.426   5.063   4.628   4.167   2.429   4.486   4.140   4.537   6.983   1.743   1.576   6.038   2.463   2.305   0.723   4.452   3.698   7.850   5.696   7.205   3.460   8.237   1.752   3.004   2.581   3.677   3.444   4.501   1.190   4.686   6.646   7.655   4.232   5.880   2.635   2.489   3.389   6.488   3.506   4.679   4.674   6.201   4.453   1.249   3.858   1.094   6.039   5.995   5.285   1.825   2.606   5.599   6.354   4.026   0.887   7.457   5.125   0.258   1.373   2.992   5.493   2.216   3.785   3.158   2.464   2.325   6.181   4.986   4.545   2.728   2.686  
30  3.973   7.160   2.055   7.803   1.592   2.495   3.389   7.480   4.169   1.874   8.981   8.061   3.951   6.793   5.487   4.210   8.642   3.556   1.165   2.337   9.141   3.219   2.999   2.948   1.682   7.340   6.457   8.166   2.878   5.080   2.869   0.425   5.325   4.884   7.237   7.909   6.396   3.300   8.710   3.356   1.752   6.296   7.476   5.389   5.943   4.435   7.810   1.057   5.282   7.151   1.852   6.525   7.576   6.642   6.586   5.953   5.535   1.983   7.024   8.346   8.805   2.217   3.671   4.409   2.665   2.336   2.965   7.227   5.431   6.898   6.926   1.640   5.569   0.887   2.241   3.015   6.408   4.534   8.158   2.934   6.918   0.530   2.207   6.154   3.298   7.348   3.434   8.506   5.377   1.619   3.117   6.280   3.124   3.951   6.597   7.829   5.812   4.911   2.862   6.099   5.127   5.445   7.369   7.809   4.390   4.443   3.984   7.090   4.908   3.362   1.591   7.027   7.821   1.824   7.018   2.845   8.023   3.397   0.743   3.316   1.554   3.244   7.392   4.667   3.097   0.879   6.330   4.830   7.426   9.632   1.525   8.628   8.334   5.876   6.158   8.268   0.211   7.009   5.008   5.763   9.362   6.763   6.669   5.094   8.149   6.748   6.225   8.571   6.867   5.753   6.845   4.514   2.890   6.758   8.003   2.516   8.416   3.270   8.148   6.642   5.817   7.518   4.697   1.738   6.333   1.008   8.126   6.582   7.382   7.252   2.449   4.854   4.694   6.852   4.913   1.794   7.708   4.974   4.797   6.508   1.665   3.688   2.637   4.686   5.653   1.129   4.339   5.146   2.360   1.920   5.885   7.383   5.050   6.687   3.004   9.051   4.615   6.996   7.092   3.331  
31  7.091   2.058   9.739   7.155   9.758   9.208   5.198   3.119   5.215   7.745   2.045   1.070   5.314   5.567   5.273   6.786   1.757   5.865   8.507   10.673  0.601   5.753   5.581   11.276  7.400   3.501   4.010   1.516   8.773   5.678   9.178   8.323   3.825   4.034   4.921   1.815   4.051   7.459   0.179   6.492   8.526   2.725   4.791   6.523   2.692   4.472   1.427   9.505   3.281   4.374   9.370   7.516   4.349   3.633   8.930   6.879   4.770   6.587   2.308   3.496   1.006   8.106   9.028   8.302   6.347   10.880  7.487   3.418   4.651   6.170   4.895   8.269   3.925   9.387   9.957   10.043  7.549   7.840   6.954   11.251  7.882   8.445   6.878   6.817   9.308   3.350   9.032   0.593   4.179   10.066  11.277  6.890   8.735   9.085   3.271   1.335   4.343   4.344   7.829   4.557   5.415   3.110   1.186   0.757   4.416   7.348   6.061   5.897   7.598   5.290   8.731   2.415   2.717   7.574   3.606   9.383   4.456   5.612   9.288   5.709   8.361   5.340   3.155   3.923   5.556   9.126   3.202   4.197   1.391   1.453   8.460   1.483   2.163   2.753   3.460   2.001   8.759   6.069   6.299   5.097   1.014   4.692   4.218   4.588   7.026   1.858   8.389   1.452   6.606   7.923   8.384   4.064   5.834   5.183   4.667   8.432   1.214   6.108   7.563   5.953   8.490   1.060   6.914   7.016   2.574   7.784   3.746   1.997   1.798   2.019   9.360   5.018   4.065   1.800   4.020   9.747   3.467   5.855   6.528   2.482   9.090   8.507   6.667   4.268   8.333   9.576   5.279   5.730   6.281   10.151  2.870   1.273   3.738   5.015   7.360   1.692   5.861   2.273   3.636   5.320  
32  6.237   9.641   1.546   8.836   2.383   3.978   5.850   9.997   6.680   4.177   11.473  10.506  5.921   9.218   7.123   5.473   11.126  5.416   2.461   0.301   11.499  5.286   5.347   0.465   4.137   9.261   8.970   10.380  4.617   6.639   2.882   2.880   7.435   7.055   8.850   10.091  8.908   4.416   11.087  4.976   3.701   8.495   9.955   6.614   8.256   6.943   10.054  2.002   7.643   8.894   3.166   7.380   9.315   9.158   8.464   8.219   8.032   4.458   9.515   10.863  11.247  4.316   3.769   4.920   5.174   0.735   4.159   9.744   7.935   9.265   9.399   3.753   8.086   1.631   1.435   2.231   7.247   5.271   9.271   0.465   9.040   2.492   4.136   7.245   3.193   9.298   5.060   10.820  7.365   1.787   0.819   8.548   3.458   5.582   8.624   10.084  7.676   7.428   4.998   7.870   7.589   7.845   9.751   10.195  6.592   6.631   6.429   8.454   5.735   5.639   3.430   9.525   9.865   3.479   9.534   4.239   9.738   5.454   1.919   5.832   3.633   5.706   9.377   7.110   5.591   2.425   8.408   6.956   9.866   12.070  3.551   10.841  10.456  8.191   8.674   10.413  2.310   9.388   6.354   7.419   11.777  8.449   8.475   7.014   9.242   9.165   8.208   11.042  9.183   6.434   8.865   6.859   5.400   8.319   9.674   3.198   10.662  5.121   9.086   9.030   7.752   9.913   6.969   3.910   8.564   3.140   10.640  8.991   9.854   9.735   3.823   7.355   6.927   9.280   7.079   2.685   10.224  7.397   6.080   8.724   3.222   5.543   5.108   6.833   7.620   1.394   6.200   6.678   4.862   0.821   8.149   9.709   7.537   8.295   4.262   11.526  7.051   9.485   8.998   5.820  
33  4.199   2.502   9.311   10.052  8.032   6.871   4.598   1.246   3.315   5.879   2.923   3.295   6.270   1.400   7.354   8.058   2.894   6.655   8.022   9.803   4.781   6.175   5.380   10.409  5.832   6.792   1.124   5.480   6.235   7.501   9.379   7.086   5.575   5.344   7.984   5.590   1.168   8.189   4.369   7.252   6.553   5.119   0.427   8.445   4.391   3.358   5.137   8.079   4.174   7.468   7.378   9.797   7.657   1.193   4.909   2.995   1.934   5.716   2.291   1.286   3.657   5.953   9.658   9.451   4.805   9.633   8.034   0.996   2.043   1.942   0.759   6.389   2.172   8.343   9.531   10.013  9.772   9.139   10.035  10.397  3.700   7.641   6.881   9.066   9.680   6.659   6.238   4.857   6.101   8.535   10.581  2.872   9.175   6.062   6.081   5.058   6.630   2.751   5.386   7.036   2.436   3.835   3.858   3.927   5.316   4.150   3.592   8.737   9.120   5.432   6.826   2.162   6.358   7.465   0.919   6.893   7.951   6.145   8.056   4.185   6.509   4.709   6.506   3.841   4.649   7.637   5.782   5.552   3.198   4.202   6.609   5.684   6.139   4.381   1.833   5.965   7.669   1.807   8.045   7.350   4.309   7.544   7.060   6.352   10.088  3.431   4.435   3.110   2.390   9.775   4.252   4.567   4.725   7.973   8.119   8.638   5.354   6.734   10.507  1.824   4.679   3.753   3.652   6.645   4.931   7.164   0.934   3.528   2.684   2.491   7.060   2.613   5.092   3.307   5.362   7.883   0.927   2.752   8.139   5.031   7.158   5.587   4.862   5.482   4.573   8.594   6.566   7.591   5.261   9.379   4.723   4.379   3.173   7.790   7.934   3.279   3.023   2.355   6.771   4.476  
34  6.231   1.352   9.996   8.637   9.479   8.657   5.144   1.611   4.613   7.341   0.499   0.921   5.949   4.101   6.385   7.633   0.153   6.466   8.703   10.771  2.086   6.190   5.737   11.388  7.103   5.030   2.768   3.229   8.124   6.703   9.674   8.203   4.687   4.711   6.412   3.462   2.825   8.113   1.750   7.115   8.108   3.770   3.184   7.622   3.351   4.093   3.010   9.345   3.632   5.859   8.969   8.782   5.914   2.396   7.592   5.583   3.733   6.533   1.483   1.723   0.914   7.597   9.691   9.151   5.998   10.827  8.067   1.969   3.681   4.683   3.414   7.880   3.133   9.382   10.219  10.468  8.793   8.735   8.495   11.367  6.439   8.508   7.207   8.053   9.876   4.879   8.280   2.385   5.153   9.877   11.459  5.529   9.314   8.234   4.578   2.915   5.491   3.730   7.188   5.800   4.407   3.329   1.964   1.732   4.946   6.370   5.312   7.332   8.574   5.569   8.348   1.494   4.353   7.889   2.211   8.771   6.091   6.086   9.202   5.315   7.987   5.288   4.692   3.918   5.407   8.929   4.395   4.913   1.386   1.474   8.090   3.278   3.905   3.385   2.537   3.734   8.715   4.559   7.319   6.273   1.544   6.093   5.595   5.523   8.562   2.108   7.084   0.367   5.130   9.036   6.976   4.363   5.625   6.577   6.292   8.907   2.984   6.654   9.067   4.517   7.261   1.763   5.892   7.196   3.575   7.897   2.010   2.299   1.167   1.258   8.829   4.186   4.613   1.947   4.711   9.410   1.839   4.838   7.503   3.573   8.707   7.687   6.231   4.926   7.127   9.601   6.055   6.773   6.145   10.278  3.650   2.447   3.455   6.398   7.946   0.600   4.948   1.508   5.107   5.174  
35  1.821   6.834   5.200   10.313  2.626   1.053   4.075   6.559   3.509   1.693   8.390   7.906   5.853   4.874   7.592   6.858   8.153   5.716   4.376   4.980   9.317   5.152   4.352   5.459   2.220   8.806   5.343   8.902   0.385   7.330   6.101   2.862   6.681   6.184   9.183   8.754   5.279   6.181   8.839   5.843   1.486   7.284   5.843   7.925   6.644   4.293   8.493   3.052   5.920   8.924   1.838   9.246   9.318   5.669   3.469   3.503   4.311   3.351   6.618   7.196   8.601   1.146   6.868   7.453   2.703   4.405   5.856   6.218   4.331   4.715   5.295   1.626   4.895   3.743   5.349   6.209   9.146   7.472   10.578  5.463   4.102   3.736   4.690   8.730   6.528   8.760   0.329   8.896   6.969   3.227   5.795   3.813   6.307   0.731   7.944   8.474   7.551   4.387   0.944   7.945   3.661   5.890   7.606   7.983   5.721   1.933   2.697   9.340   7.766   4.792   1.684   6.562   8.998   4.698   5.964   0.924   9.761   5.295   3.310   3.155   1.692   3.987   8.733   5.059   3.657   2.706   7.604   6.243   7.366   9.392   1.712   9.325   9.293   6.579   5.470   9.174   3.316   4.866   7.483   7.807   9.264   8.658   8.398   6.851   10.588  6.897   3.214   8.199   4.508   8.628   3.877   5.389   3.349   8.814   9.808   5.675   9.035   5.516   10.715  4.564   2.754   7.681   2.404   4.103   7.230   3.845   6.885   6.797   7.104   6.909   1.236   3.815   5.876   6.931   6.219   2.348   6.607   3.280   7.352   7.419   1.793   0.555   2.289   6.079   2.627   3.984   6.328   7.418   3.243   4.789   6.754   7.842   5.022   8.692   5.849   8.599   3.081   6.622   8.608   3.827  
36  1.542   4.439   5.072   8.195   3.802   3.005   1.588   4.472   1.109   1.637   6.150   5.470   3.645   3.684   5.344   5.060   5.859   3.688   3.832   5.475   6.805   3.078   2.124   6.078   1.501   6.272   3.365   6.305   2.589   5.184   5.395   2.756   4.178   3.689   6.790   6.154   3.301   4.713   6.333   4.038   2.398   4.697   4.331   5.939   4.044   1.734   5.897   3.767   3.321   6.474   3.260   7.346   6.848   3.594   4.483   3.146   2.400   1.664   4.251   5.281   6.195   1.910   5.893   6.075   0.552   5.314   4.450   4.183   2.312   3.865   3.782   2.175   2.598   4.013   5.284   5.880   7.268   5.932   8.391   6.066   4.319   3.369   3.153   6.729   5.761   6.215   2.926   6.335   4.528   4.254   6.262   3.447   5.346   3.118   5.401   5.880   5.136   1.980   1.663   5.555   1.991   3.292   5.058   5.454   3.266   2.079   0.911   7.089   6.102   2.501   2.641   4.220   6.414   3.534   3.955   3.180   7.281   3.171   3.725   0.561   2.286   1.542   6.175   2.459   1.215   3.329   5.053   3.780   4.888   7.012   2.390   6.731   6.694   3.980   3.207   6.574   3.342   3.957   5.482   5.514   6.831   6.261   5.947   4.481   8.413   4.355   3.972   5.853   3.918   6.927   4.443   2.830   0.973   6.482   7.349   4.731   6.446   3.582   8.627   3.583   3.725   5.149   2.035   2.704   4.636   2.995   5.035   4.240   4.696   4.523   3.162   1.727   3.364   4.405   3.723   3.709   4.646   1.900   5.425   4.824   2.999   2.538   0.540   3.621   3.528   4.266   4.115   5.280   1.256   5.064   4.161   5.262   2.469   6.341   4.391   6.295   1.528   4.241   6.090   1.314  
37  6.689   5.891   4.738   3.127   6.384   6.912   3.686   6.958   5.233   5.507   7.518   6.211   1.556   7.912   0.949   0.843   7.118   1.484   3.973   5.953   6.511   2.083   3.025   6.437   4.973   3.264   6.620   4.951   6.959   0.441   3.658   4.882   2.353   2.410   2.601   4.599   6.592   1.860   6.251   1.438   6.011   3.363   7.972   0.797   3.693   4.624   4.773   5.814   3.599   2.706   6.512   2.218   3.110   6.527   9.627   8.068   6.305   3.840   5.931   7.880   6.814   6.063   3.182   2.255   4.730   6.561   2.094   6.925   6.104   8.348   7.606   5.754   5.607   5.236   4.904   4.579   2.156   1.774   3.417   6.402   9.313   4.356   2.626   1.580   3.616   3.347   7.490   5.713   1.909   6.330   6.256   8.314   3.084   7.881   2.925   4.842   1.794   5.198   6.350   1.783   6.423   3.947   5.165   5.546   2.401   7.228   5.882   2.299   1.539   2.681   6.021   6.021   4.046   3.000   6.860   7.244   3.512   1.978   5.417   4.716   5.757   3.673   3.484   3.899   3.964   5.664   2.893   2.197   5.655   7.499   5.805   5.359   4.756   3.664   5.881   4.779   4.912   8.371   0.346   1.236   7.081   2.234   2.376   1.519   3.420   4.943   9.104   6.893   8.576   2.066   9.526   3.154   4.176   2.067   3.431   3.091   5.309   1.671   3.531   8.029   8.874   5.375   7.138   3.194   3.534   3.790   7.858   4.757   5.954   5.972   6.948   5.822   2.626   5.108   2.400   6.570   7.366   6.620   0.463   3.598   6.259   7.385   5.117   2.242   8.677   5.281   1.160   0.444   4.032   5.440   3.390   4.832   4.560   2.049   1.991   7.364   6.305   5.868   3.001   3.949  
38  1.516   6.619   6.206   10.912  3.661   2.075   4.414   6.153   3.479   2.488   8.028   7.704   6.380   4.189   8.111   7.563   7.832   6.321   5.317   6.017   9.179   5.729   4.845   6.495   2.964   9.093   4.935   8.955   1.422   7.901   7.048   3.811   7.009   6.520   9.612   8.846   4.874   6.974   8.699   6.532   2.475   7.473   5.217   8.570   6.772   4.335   8.541   4.087   6.070   9.305   2.873   9.933   9.679   5.292   2.433   2.680   3.947   3.986   6.386   6.686   8.360   2.011   7.779   8.285   3.116   5.436   6.659   5.797   4.014   3.935   4.696   2.568   4.683   4.762   6.362   7.205   9.841   8.262   11.142  6.500   3.113   4.684   5.433   9.375   7.471   9.030   1.029   8.838   7.355   4.262   6.833   2.963   7.214   0.642   8.219   8.511   7.961   4.283   1.490   8.374   3.272   5.982   7.543   7.885   6.093   1.316   2.577   9.865   8.523   5.262   2.698   6.312   9.188   5.532   5.540   1.879   10.112  5.854   4.333   3.382   2.653   4.355   8.982   5.198   4.020   3.731   7.869   6.610   7.215   9.118   2.690   9.353   9.406   6.712   5.208   9.274   4.303   4.094   8.119   8.302   9.039   9.083   8.778   7.291   11.159  6.836   2.186   7.915   3.669   9.380   2.852   5.650   3.738   9.287   10.180  6.576   9.047   6.153   11.329  3.832   1.719   7.590   1.810   4.860   7.393   4.714   6.355   6.762   6.893   6.685   2.248   3.584   6.195   6.845   6.555   3.378   6.137   2.843   8.016   7.578   2.829   0.519   2.707   6.449   1.602   5.008   6.857   7.993   3.776   5.819   6.929   7.841   5.027   9.151   6.639   8.277   2.755   6.401   8.916   4.143  
39  2.746   2.380   7.134   8.417   6.088   5.149   2.417   2.185   1.190   3.917   3.927   3.465   4.257   2.143   5.578   6.013   3.673   4.578   5.838   7.684   4.946   4.056   3.209   8.296   3.772   5.600   1.116   4.918   4.604   5.630   7.184   4.987   3.907   3.556   6.549   4.884   1.058   6.047   4.467   5.142   4.657   3.839   2.325   6.546   3.052   1.200   4.510   6.047   2.542   6.096   5.514   7.947   6.376   1.307   4.754   2.755   0.572   3.531   2.151   3.004   4.134   4.112   7.484   7.343   2.692   7.586   5.873   1.896   0.371   2.624   1.870   4.451   0.453   6.232   7.354   7.818   7.904   7.064   8.481   8.281   3.954   5.482   4.694   7.237   7.490   5.495   4.768   4.658   4.410   6.542   8.444   2.884   6.991   4.756   4.766   4.462   5.005   0.588   3.670   5.440   1.069   2.281   3.379   3.682   3.394   2.973   1.791   7.146   7.091   3.309   4.912   2.086   5.427   5.269   1.674   5.252   6.746   4.047   5.978   2.033   4.566   2.521   5.388   1.905   2.452   5.612   4.420   3.743   2.985   4.913   4.669   5.269   5.465   3.011   0.987   5.311   5.554   2.624   6.117   5.636   4.807   6.053   5.616   4.571   8.523   2.696   4.191   3.717   2.925   7.803   4.348   2.653   2.538   6.416   6.875   6.446   4.945   4.622   8.872   2.310   4.207   3.397   2.543   4.449   3.694   4.981   2.779   2.666   2.654   2.448   5.325   0.669   3.251   2.673   3.582   5.983   2.366   1.498   6.171   3.852   5.265   4.193   2.828   3.636   4.034   6.476   4.614   5.725   3.080   7.239   3.325   3.754   1.305   6.242   5.778   4.119   1.488   2.163   5.502   2.281  
40  2.110   5.216   8.132   11.295  5.989   4.493   4.704   4.345   3.181   4.208   6.199   6.246   6.838   1.933   8.409   8.403   6.101   6.987   7.018   8.209   7.787   6.384   5.415   8.748   4.468   8.728   3.267   8.021   3.796   8.350   8.683   5.656   6.900   6.481   9.589   8.014   3.224   8.107   7.327   7.400   4.582   6.973   2.996   9.187   6.190   3.941   7.621   6.281   5.624   9.169   5.216   10.608  9.475   3.649   1.657   0.400   2.616   5.042   4.966   4.614   6.778   3.971   9.252   9.469   3.927   7.762   7.844   3.989   2.791   1.494   2.587   4.548   3.568   6.818   8.321   9.049   10.542  9.316   11.420  8.746   0.929   6.454   6.547   9.948   9.073   8.629   3.554   7.650   7.363   6.577   9.034   0.469   8.696   3.194   7.879   7.566   7.980   3.537   3.287   8.418   2.135   5.400   6.424   6.659   6.194   1.654   2.538   10.085  9.464   5.714   4.854   4.858   8.577   6.889   3.753   4.372   9.861   6.447   6.426   3.709   4.664   4.725   8.529   4.854   4.460   5.867   7.527   6.638   5.914   7.429   4.739   8.342   8.595   6.146   3.864   8.436   6.233   1.658   8.733   8.521   7.460   9.075   8.670   7.442   11.454  5.783   1.128   6.261   1.144   10.270  1.204   5.534   4.308   9.394   9.979   8.067   8.011   6.920   11.743  1.512   1.357   6.403   1.407   6.076   6.835   6.244   4.260   5.780   5.475   5.254   4.682   2.742   6.150   5.732   6.511   5.746   4.185   1.813   8.714   6.997   5.092   2.913   3.684   6.502   1.273   7.079   7.276   8.448   4.650   7.916   6.447   6.850   4.383   9.230   7.785   6.521   2.091   5.005   8.616   4.445  
41  3.422   3.323   8.951   10.477  7.393   6.118   4.506   2.205   3.022   5.297   3.972   4.233   6.407   0.357   7.681   8.161   3.922   6.723   7.695   9.322   5.753   6.188   5.305   9.914   5.337   7.412   1.470   6.295   5.452   7.761   9.171   6.610   5.955   5.650   8.507   6.365   1.466   8.156   5.321   7.274   5.906   5.678   0.711   8.685   4.907   3.338   5.927   7.513   4.548   8.017   6.694   10.078  8.248   1.768   3.853   1.973   1.665   5.426   3.086   2.332   4.661   5.287   9.545   9.470   4.406   9.066   7.963   1.882   1.850   0.896   0.411   5.775   2.337   7.863   9.164   9.729   10.039  9.205   10.507  9.905   2.654   7.250   6.738   9.361   9.504   7.289   5.391   5.755   6.472   7.928   10.123  1.825   9.031   5.163   6.641   5.856   7.044   2.735   4.669   7.469   1.891   4.237   4.656   4.790   5.528   3.278   3.032   9.182   9.240   5.443   6.186   2.960   7.071   7.259   1.697   6.100   8.577   6.188   7.540   3.868   5.897   4.593   7.152   4.029   4.460   7.072   6.317   5.846   4.040   5.241   5.993   6.542   6.932   4.884   2.268   6.761   7.203   0.775   8.261   7.716   5.325   8.036   7.571   6.670   10.554  4.132   3.384   4.120   1.343   9.952   3.200   4.779   4.466   8.433   8.730   8.457   6.209   6.756   10.934  0.776   3.643   4.581   2.792   6.420   5.503   6.844   1.976   4.191   3.544   3.333   6.310   2.296   5.360   4.033   5.672   7.214   1.958   2.069   8.320   5.629   6.498   4.729   4.375   5.750   3.545   8.121   6.759   7.856   4.970   8.933   5.222   5.151   3.386   8.254   7.874   4.320   2.408   3.141   7.359   4.329  
42  2.007   6.737   4.548   9.738   2.095   0.709   3.685   6.591   3.372   1.107   8.374   7.790   5.329   5.128   7.062   6.248   8.111   5.155   3.708   4.388   9.149   4.610   3.865   4.892   1.642   8.390   5.396   8.619   0.350   6.776   5.433   2.194   6.257   5.760   8.689   8.449   5.331   5.541   8.675   5.243   0.821   6.934   6.038   7.335   6.335   4.080   8.216   2.448   5.607   8.457   1.321   8.637   8.859   5.696   4.084   3.886   4.360   2.803   6.534   7.293   8.504   0.556   6.200   6.800   2.319   3.873   5.213   6.265   4.349   5.041   5.479   0.961   4.828   3.104   4.702   5.552   8.534   6.830   10.017  4.894   4.615   3.067   4.074   8.139   5.860   8.352   0.908   8.680   6.511   2.687   5.210   4.208   5.640   1.393   7.539   8.204   7.077   4.265   0.786   7.457   3.749   5.613   7.404   7.799   5.281   2.277   2.668   8.800   7.134   4.310   1.039   6.490   8.634   4.048   6.016   0.834   9.306   4.761   2.676   2.869   1.024   3.581   8.338   4.768   3.263   2.076   7.208   5.801   7.221   9.311   1.045   9.053   8.972   6.269   5.424   8.862   2.654   5.183   6.900   7.288   9.152   8.169   7.934   6.365   10.025  6.701   3.787   8.133   4.883   7.997   4.440   5.018   2.949   8.301   9.342   5.010   8.776   4.940   10.132  4.856   3.343   7.495   2.692   3.484   6.895   3.188   6.999   6.586   7.001   6.817   0.895   3.794   5.465   6.750   5.794   1.852   6.683   3.416   6.756   7.085   1.208   1.143   1.932   5.638   3.200   3.350   5.800   6.862   2.758   4.167   6.416   7.600   4.815   8.186   5.211   8.555   3.157   6.532   8.182   3.456  
43  7.522   5.769   6.029   2.258   7.627   8.048   4.428   6.969   5.860   6.582   7.197   5.860   2.379   8.302   0.646   2.095   6.804   2.556   5.263   7.249   5.859   3.079   3.911   7.726   6.048   2.259   6.857   4.192   8.032   0.958   4.906   6.096   2.312   2.615   1.320   3.833   6.840   3.144   5.680   2.690   7.147   2.985   8.196   1.172   3.557   5.127   4.109   7.074   3.722   1.528   7.705   2.032   1.892   6.694   10.396  8.689   6.733   4.887   5.862   7.840   6.365   7.134   4.340   3.266   5.641   7.858   3.390   7.003   6.528   8.795   7.903   6.881   5.919   6.519   6.191   5.821   2.051   2.761   2.403   7.691   9.943   5.622   3.841   1.313   4.822   2.376   8.542   5.059   1.787   7.600   7.534   8.903   4.318   8.896   2.236   4.192   1.281   5.634   7.348   0.957   6.970   4.053   4.794   5.109   2.846   8.041   6.616   1.113   2.371   3.498   7.183   5.970   3.118   4.275   6.985   8.369   2.259   2.932   6.685   5.497   6.896   4.453   2.549   4.272   4.775   6.901   2.360   2.431   5.386   6.960   6.953   4.543   3.856   3.551   6.069   3.916   6.169   8.794   1.230   0.538   6.516   1.044   1.364   1.607   2.429   4.752   9.853   6.545   9.074   2.460   10.215  3.538   5.033   0.775   2.157   4.376   4.563   2.809   2.710   8.479   9.672   5.001   7.886   4.380   3.183   5.031   7.877   4.586   5.771   5.837   8.099   6.352   2.926   4.916   2.590   7.798   7.397   7.231   1.522   3.178   7.442   8.370   6.049   2.552   9.474   6.572   1.902   0.895   4.998   6.738   3.221   4.365   4.879   0.787   3.288   6.980   6.953   5.794   2.024   4.704  
44  6.588   1.883   8.901   6.463   9.025   8.561   4.455   3.145   4.652   7.064   2.583   1.297   4.453   5.432   4.440   5.925   2.221   5.004   7.681   9.855   1.396   4.908   4.782   10.455  6.691   2.828   3.806   1.109   8.164   4.832   8.319   7.559   2.961   3.175   4.228   1.271   3.835   6.595   1.043   5.629   7.842   1.864   4.789   5.692   1.857   3.853   0.809   8.743   2.490   3.675   8.674   6.731   3.707   3.454   8.647   6.601   4.415   5.822   2.118   3.729   1.663   7.455   8.164   7.443   5.667   10.090  6.625   3.380   4.269   6.035   4.793   7.579   3.503   8.593   9.118   9.187   6.757   6.984   6.299   10.429  7.684   7.642   6.041   6.020   8.445   2.676   8.459   0.759   3.321   9.309   10.445  6.652   7.872   8.552   2.475   0.718   3.512   3.821   7.227   3.752   5.021   2.363   0.578   0.489   3.569   6.894   5.533   5.176   6.751   4.471   8.034   2.244   2.145   6.735   3.520   8.755   3.879   4.763   8.511   5.057   7.665   4.594   2.487   3.203   4.831   8.375   2.371   3.335   1.175   2.281   7.762   1.348   1.779   1.920   3.136   1.604   7.975   5.953   5.454   4.277   1.862   3.949   3.460   3.728   6.368   1.269   8.094   1.927   6.452   7.099   8.155   3.262   5.122   4.439   4.080   7.575   1.014   5.251   6.885   5.787   8.148   0.623   6.489   6.200   1.710   6.975   3.915   1.348   1.688   1.884   8.704   4.558   3.220   1.282   3.161   9.030   3.549   5.453   5.677   1.624   8.390   7.968   6.010   3.409   7.980   8.775   4.415   4.887   5.542   9.331   2.013   0.411   3.121   4.265   6.498   2.307   5.409   2.063   2.924   4.600  
45  4.123   1.931   8.925   9.446   7.809   6.739   4.133   0.783   2.972   5.640   2.636   2.800   5.717   1.722   6.759   7.506   2.533   6.119   7.626   9.477   4.321   5.658   4.899   10.088  5.541   6.186   0.683   4.916   6.131   6.917   8.927   6.773   4.976   4.757   7.374   5.012   0.744   7.677   3.888   6.726   6.347   4.510   0.990   7.862   3.782   2.890   4.563   7.810   3.580   6.858   7.190   9.206   7.050   0.613   5.201   3.203   1.680   5.322   1.708   1.263   3.241   5.767   9.168   8.919   4.478   9.357   7.535   0.449   1.734   2.317   1.037   6.163   1.677   8.023   9.147   9.590   9.183   8.595   9.426   10.074  4.060   7.279   6.415   8.474   9.214   6.054   6.190   4.334   5.502   8.288   10.240  3.139   8.698   6.064   5.472   4.486   6.025   2.303   5.244   6.430   2.287   3.238   3.284   3.382   4.748   4.155   3.388   8.129   8.562   4.921   6.613   1.579   5.765   7.020   0.311   6.791   7.347   5.618   7.758   3.828   6.282   4.252   5.903   3.292   4.223   7.371   5.173   4.967   2.640   3.861   6.383   5.139   5.567   3.772   1.259   5.394   7.345   2.207   7.468   6.750   3.914   6.935   6.451   5.760   9.479   2.831   4.696   2.709   2.760   9.202   4.590   4.004   4.329   7.365   7.514   8.177   4.807   6.210   9.900   2.130   4.889   3.190   3.659   6.213   4.321   6.771   0.993   2.922   2.133   1.929   6.924   2.320   4.513   2.711   4.774   7.681   0.669   2.666   7.569   4.423   6.956   5.556   4.581   4.901   4.763   8.269   5.998   7.006   4.873   9.035   4.115   3.798   2.627   7.182   7.431   2.951   2.877   1.770   6.163   4.035  
46  3.463   6.357   2.637   7.448   2.167   2.593   2.588   6.696   3.414   1.481   8.180   7.260   3.334   6.120   4.962   3.884   7.840   3.005   1.452   3.109   8.352   2.584   2.237   3.724   1.100   6.684   5.695   7.414   2.786   4.597   3.145   0.597   4.624   4.166   6.688   7.167   5.636   3.108   7.918   2.931   1.712   5.556   6.754   5.024   5.171   3.639   7.051   1.767   4.498   6.558   2.158   6.260   6.980   5.867   6.243   5.400   4.798   1.182   6.223   7.571   8.003   1.966   3.822   4.358   1.926   3.137   2.776   6.450   4.684   6.267   6.212   1.493   4.786   1.681   2.846   3.492   6.152   4.393   7.769   3.708   6.440   0.930   1.734   5.816   3.554   6.682   3.350   7.727   4.720   2.339   3.862   5.722   3.256   3.826   5.912   7.066   5.194   4.128   2.508   5.511   4.430   4.653   6.577   7.016   3.666   3.972   3.318   6.632   4.713   2.624   1.675   6.228   7.121   1.606   6.245   2.937   7.430   2.760   1.527   2.550   1.462   2.443   6.714   3.868   2.295   1.450   5.630   4.129   6.625   8.831   1.488   7.875   7.609   5.104   5.371   7.535   1.013   6.370   4.612   5.224   8.564   6.196   6.061   4.468   7.768   5.950   5.835   7.769   6.272   5.574   6.424   3.739   2.095   6.235   7.426   2.617   7.654   2.740   7.819   5.998   5.461   6.724   4.162   1.168   5.583   0.753   7.360   5.786   6.579   6.450   2.606   4.116   3.956   6.053   4.196   2.284   6.933   4.316   4.433   5.761   1.901   3.460   1.968   3.978   5.284   1.910   3.757   4.672   1.560   2.658   5.128   6.604   4.248   6.149   2.781   8.248   3.949   6.195   6.443   2.529  
47  3.214   7.720   3.753   9.777   0.965   0.631   4.340   7.687   4.375   1.685   9.421   8.743   5.614   6.333   7.285   6.197   9.137   5.328   3.213   3.354   10.031  4.864   4.307   3.802   2.081   8.878   6.515   9.346   1.305   6.932   4.845   1.843   6.762   6.276   8.993   9.143   6.449   5.343   9.567   5.267   0.905   7.569   7.225   7.352   7.051   4.981   8.956   1.494   6.330   8.830   0.223   8.551   9.246   6.794   5.120   5.094   5.486   3.158   7.532   8.427   9.472   1.402   5.697   6.476   3.084   2.733   5.006   7.373   5.454   6.254   6.663   1.170   5.862   2.273   3.870   4.783   8.438   6.594   10.105  3.809   5.772   2.595   4.071   8.138   5.274   8.859   1.712   9.505   6.934   1.564   4.156   5.415   5.163   2.234   8.062   8.954   7.451   5.259   1.958   7.793   4.903   6.392   8.259   8.674   5.777   3.486   3.778   8.968   6.956   4.744   0.737   7.500   9.224   3.838   7.130   0.906   9.697   5.033   1.843   3.731   1.094   4.213   8.869   5.545   3.936   1.273   7.753   6.279   8.148   10.291  1.005   9.795   9.634   6.983   6.468   9.539   2.053   6.396   6.946   7.539   10.100  8.490   8.320   6.724   10.103  7.572   4.888   9.135   6.094   7.808   5.551   5.658   3.634   8.554   9.707   4.572   9.538   5.072   10.141  6.067   4.423   8.370   3.904   3.505   7.559   2.964   8.145   7.439   7.976   7.804   0.478   4.882   6.016   7.639   6.309   0.674   7.807   4.594   6.760   7.746   0.438   2.229   2.778   6.119   4.301   2.481   6.058   7.008   3.285   3.228   7.083   8.398   5.704   8.461   5.034   9.575   4.313   7.523   8.649   4.159  
48  7.928   2.806   10.771  7.881   10.748  10.144  6.201   3.600   6.113   8.707   2.019   1.721   6.335   6.103   6.206   7.772   1.915   6.887   9.538   11.701  0.530   6.784   6.606   12.306  8.380   4.265   4.656   2.223   9.683   6.632   10.202  9.331   4.832   5.058   5.675   2.574   4.706   8.472   0.863   7.510   9.488   3.720   5.215   7.446   3.724   5.413   2.285   10.510  4.307   5.145   10.338  8.365   5.055   4.273   9.561   7.527   5.519   7.597   3.042   3.724   1.141   9.048   10.035  9.280   7.312   11.899  8.507   3.942   5.424   6.694   5.417   9.236   4.746   10.408  10.989  11.070  8.408   8.810   7.634   12.280  8.442   9.469   7.910   7.686   10.325  4.120   9.914   1.333   5.162   11.070  12.308  7.500   9.752   9.936   4.172   2.207   5.278   5.226   8.737   5.454   6.184   4.123   2.202   1.760   5.446   8.145   6.926   6.672   8.550   6.320   9.700   3.124   3.418   8.606   4.165   10.305  5.088   6.642   10.302  6.660   9.331   6.344   3.926   4.921   6.549   10.126  4.147   5.217   2.253   0.841   9.431   1.984   2.745   3.785   4.223   2.616   9.776   6.576   7.248   6.011   0.501   5.508   5.058   5.574   7.710   2.838   9.038   1.684   7.140   8.832   8.970   5.092   6.820   5.994   5.305   9.458   1.856   7.134   8.267   6.511   9.180   2.052   7.691   8.045   3.580   8.811   4.032   2.992   2.532   2.742   10.301  5.846   5.096   2.756   5.044   10.728  3.867   6.625   7.487   3.475   10.060  9.365   7.616   5.292   9.034   10.599  6.286   6.679   7.280   11.181  3.895   2.295   4.686   5.836   8.379   1.612   6.670   3.024   4.438   6.311  
49  2.793   4.667   4.141   7.022   3.642   3.406   0.929   5.044   1.907   1.848   6.491   5.580   2.492   4.781   4.230   3.780   6.150   2.447   2.841   4.777   6.722   1.845   0.969   5.395   1.371   5.490   4.109   5.912   3.234   4.009   4.245   2.212   3.357   2.862   5.799   5.698   4.053   3.425   6.277   2.753   2.569   4.121   5.268   4.707   3.623   1.965   5.528   3.385   2.914   5.550   3.344   6.097   5.949   4.243   5.751   4.422   3.305   0.540   4.533   5.940   6.324   2.361   4.664   4.787   0.807   4.822   3.171   4.817   3.159   5.042   4.753   2.291   3.147   3.370   4.363   4.830   6.014   4.639   7.252   5.376   5.609   2.527   1.881   5.506   4.583   5.458   3.707   6.134   3.601   3.942   5.501   4.714   4.131   4.032   4.650   5.532   4.172   2.493   2.481   4.561   3.079   3.023   4.940   5.374   2.376   3.340   2.162   5.983   4.814   1.408   2.714   4.540   5.785   2.337   4.626   3.680   6.396   1.963   3.201   1.066   2.355   0.790   5.454   2.206   0.605   2.999   4.328   2.894   4.950   7.152   2.444   6.365   6.186   3.555   3.714   6.092   2.703   5.116   4.251   4.433   6.897   5.274   5.025   3.468   7.268   4.292   5.251   6.080   5.142   5.644   5.735   2.212   0.463   5.434   6.435   3.539   6.119   2.313   7.442   4.743   4.983   5.077   3.327   1.496   4.112   1.986   5.750   4.136   4.890   4.760   3.510   2.637   2.582   4.386   2.896   3.659   5.306   3.096   4.172   4.299   3.057   3.499   1.190   2.730   4.787   3.593   2.970   4.102   0.164   4.302   3.637   5.013   2.558   5.310   3.107   6.559   2.729   4.505   5.277   0.839  
;
end;