10 20 40
49.893 87.556 27.656 110.493 168.096 128.857 96.446 58.682 27.773 33.316 
143.726 199.033 125.469 171.847 185.781 76.678 125.814 205.145 20.577 90.183 115.329 13.593 32.696 66.733 156.561 100.852 54.925 79.939 167.060 210.939 
29.840 17.529 11.037 33.705 7.498 16.967 26.142 23.612 15.798 11.771 5.396 6.384 30.447 12.266 6.242 7.459 17.605 25.395 17.248 16.543 21.708 14.125 14.308 25.013 22.311 28.618 32.203 26.056 27.701 9.456 28.851 22.233 31.824 31.702 11.589 19.386 11.307 20.079 13.313 30.291 
1154.273 1294.506 1128.756 1217.608 1242.386 828.272 1042.358 1326.718 427.779 933.639 975.481 393.924 541.258 777.747 1183.453 895.366 684.747 874.023 1260.816 1321.654 
6.662 4.094 6.769 5.543 4.929 5.735 5.139 2.280 5.441 6.626 5.975 7.187 1.487 4.966 2.655 4.662 4.562 7.931 5.159 5.584 
6.530 4.887 5.641 6.256 4.364 5.119 4.804 3.732 5.452 5.645 6.603 6.805 2.944 5.317 1.188 3.583 4.779 7.457 5.685 4.112 
9.952 7.452 8.879 8.909 7.886 8.642 8.289 4.739 8.788 9.030 9.367 10.313 3.657 8.391 4.149 6.955 7.965 10.979 8.580 6.164 
5.083 1.097 8.257 1.744 5.326 5.927 4.799 3.065 3.937 7.648 2.300 6.208 4.018 2.686 6.349 6.552 2.999 7.047 2.176 8.998 
3.307 5.496 1.744 5.957 1.265 0.959 1.971 7.132 3.271 1.065 5.881 2.699 6.985 4.317 4.303 1.555 3.741 2.992 5.029 4.574 
3.095 1.516 7.092 0.643 4.130 4.509 3.385 4.815 2.188 6.347 0.618 4.303 5.541 1.040 6.544 5.798 1.677 5.111 0.362 8.732 
5.282 2.882 6.032 4.287 3.771 4.579 3.849 2.438 4.043 5.731 4.675 5.880 2.266 3.569 2.906 3.969 3.153 6.655 3.810 5.708 
9.394 8.118 6.948 9.495 6.931 7.536 7.578 6.385 8.466 7.341 9.836 9.398 5.336 8.499 2.894 5.423 7.924 9.899 8.907 3.554 
8.969 6.362 8.279 7.819 7.013 7.790 7.354 3.701 7.778 8.341 8.280 9.394 2.605 7.331 3.558 6.268 6.925 10.091 7.501 5.974 
5.716 6.791 1.981 7.656 3.219 3.391 4.073 7.306 5.363 2.476 7.726 5.209 6.786 6.108 2.949 1.338 5.455 5.452 6.775 2.073 
6.708 8.016 5.440 8.797 8.952 2.840 1.212 8.286 6.831 1.781 5.013 6.057 0.277 5.880 4.505 2.726 8.629 9.199 6.278 3.285 1.175 2.426 4.023 9.780 4.332 7.583 8.292 3.209 9.036 5.377 1.658 1.990 5.016 2.352 5.256 10.025 4.534 3.567 3.613 3.914 
4.439 5.677 1.447 9.438 6.757 5.141 5.320 5.122 8.448 5.745 4.301 2.251 3.922 2.372 4.018 6.788 8.204 7.569 5.394 6.037 4.557 2.049 0.578 10.680 6.057 5.919 6.823 1.851 6.888 7.023 5.718 5.287 4.708 4.397 5.435 7.702 2.256 6.678 6.007 0.240 
6.447 7.284 8.586 4.494 7.739 2.190 4.743 8.544 2.076 3.899 4.205 7.948 4.756 9.518 3.990 4.294 5.425 7.224 4.651 1.628 3.718 5.231 7.471 5.181 1.236 6.200 6.404 5.348 7.740 1.082 4.262 2.958 3.734 2.922 3.130 8.703 5.790 1.735 1.305 6.938 
5.871 7.127 2.032 10.484 8.205 5.535 4.867 6.554 9.217 5.494 5.467 3.607 3.623 2.166 5.107 6.435 9.450 8.980 6.653 6.344 4.510 2.517 0.904 11.685 6.700 7.313 8.207 2.774 8.335 7.738 5.376 5.344 5.808 4.784 6.463 9.158 3.594 6.881 6.435 1.516 
4.808 6.001 5.666 6.281 6.804 0.933 3.153 6.719 4.575 2.810 2.714 5.339 2.344 6.549 2.233 3.816 6.055 6.836 3.867 1.859 1.682 2.250 4.496 7.337 2.009 5.320 5.921 2.463 6.864 3.077 3.050 1.704 2.573 0.355 2.689 7.876 3.260 2.577 1.773 3.994 
5.602 6.774 6.277 6.465 7.546 0.487 2.619 7.528 4.492 2.114 3.458 6.096 2.172 7.080 2.996 3.061 6.518 7.502 4.539 1.218 1.232 2.788 5.027 7.426 1.978 6.038 6.590 3.151 7.599 3.025 2.398 0.940 3.253 0.487 3.223 8.613 4.050 1.857 1.343 4.592 
5.102 6.367 5.152 7.130 7.248 1.534 2.606 6.872 5.407 2.502 3.226 5.123 1.563 5.936 2.719 3.582 6.817 7.411 4.468 2.362 1.207 1.656 3.885 8.191 2.836 5.825 6.499 2.117 7.321 3.910 2.656 1.661 3.197 0.793 3.444 8.324 3.206 2.974 2.435 3.468 
2.802 3.445 2.972 9.102 4.422 6.954 8.192 2.116 9.029 8.385 4.399 1.049 6.779 4.040 4.496 9.473 7.192 5.613 4.765 7.869 7.083 4.605 3.761 10.398 7.232 4.326 5.169 3.882 4.574 7.899 8.457 7.593 4.920 6.357 5.706 5.111 2.797 8.615 7.626 3.379 
5.529 6.853 4.298 8.395 7.828 2.815 2.481 7.020 6.729 2.842 4.058 4.767 1.061 4.898 3.564 3.890 7.902 8.190 5.354 3.552 1.705 1.134 2.914 9.485 4.159 6.532 7.299 1.933 7.922 5.232 2.825 2.518 4.167 2.105 4.569 8.892 3.276 4.056 3.708 2.692 
6.362 7.325 7.988 5.271 7.892 1.435 3.860 8.431 2.940 3.030 4.080 7.531 3.894 8.861 3.771 3.504 5.954 7.522 4.761 0.743 2.848 4.554 6.805 6.029 1.190 6.337 6.659 4.771 7.910 1.712 3.392 2.072 3.671 2.190 3.223 8.901 5.385 0.988 0.550 6.316 
6.278 7.556 2.582 10.623 8.630 5.440 4.484 7.056 9.233 5.167 5.701 4.137 3.322 2.599 5.308 6.065 9.702 9.354 6.925 6.204 4.274 2.574 1.420 11.798 6.686 7.676 8.559 2.980 8.755 7.742 5.021 5.127 6.005 4.702 6.618 9.601 3.946 6.695 6.340 1.951 
7.147 8.400 6.568 8.246 9.252 2.298 0.745 8.909 6.067 0.565 5.179 6.962 1.316 7.084 4.683 1.623 8.409 9.318 6.350 2.409 0.845 3.292 5.167 9.119 3.743 7.791 8.403 3.980 9.318 4.701 0.610 1.106 5.055 2.147 5.103 10.327 5.202 2.497 2.850 4.971 
1.970 2.374 3.977 8.293 3.325 6.878 8.502 1.093 8.472 8.578 3.959 1.923 7.122 5.097 4.174 9.662 6.264 4.542 4.047 7.759 7.270 4.960 4.566 9.580 6.926 3.359 4.157 4.170 3.478 7.468 8.695 7.672 4.460 6.365 5.198 4.017 2.886 8.518 7.452 4.070 
5.168 6.494 3.046 9.024 7.534 3.895 3.622 6.346 7.620 4.088 4.214 3.775 2.236 3.638 3.784 5.110 8.208 8.099 5.482 4.712 2.972 0.969 1.648 10.188 5.082 6.411 7.255 1.545 7.646 6.131 4.037 3.770 4.468 3.144 5.039 8.561 2.779 5.271 4.795 1.516 
2.164 2.597 6.538 4.216 3.008 4.475 7.223 4.133 4.482 6.844 1.531 4.912 6.230 7.748 2.022 7.772 2.593 2.770 0.235 5.068 5.751 4.808 6.158 5.513 3.702 1.459 1.858 4.195 3.021 3.800 7.110 5.668 1.503 4.409 1.667 4.013 3.363 5.761 4.586 5.453 
4.350 5.255 6.852 4.362 5.818 1.853 4.868 6.442 2.923 4.295 2.097 5.961 4.255 7.897 1.910 5.104 4.278 5.514 2.686 2.269 3.457 3.826 5.917 5.451 0.916 4.263 4.629 3.681 5.839 1.540 4.610 3.100 1.634 2.132 1.158 6.835 3.824 2.941 1.769 5.298 
4.714 6.046 3.357 8.365 7.063 3.339 3.536 6.056 6.983 3.860 3.593 3.713 2.115 4.103 3.149 4.924 7.575 7.558 4.874 4.195 2.640 0.313 2.052 9.530 4.460 5.874 6.698 1.029 7.168 5.500 3.867 3.369 3.826 2.583 4.383 8.108 2.362 4.798 4.233 1.694 
7.861 9.085 7.407 8.403 9.898 2.681 1.021 9.676 6.080 0.305 5.807 7.799 2.136 7.896 5.327 0.785 8.790 9.880 6.917 2.486 1.613 4.133 6.002 9.180 3.980 8.406 8.968 4.806 9.956 4.827 0.403 1.446 5.628 2.741 5.577 10.969 5.999 2.310 2.999 5.817 
5.422 6.726 2.525 9.651 7.789 4.607 4.130 6.384 8.311 4.680 4.728 3.611 2.806 2.976 4.331 5.666 8.730 8.453 5.962 5.421 3.630 1.618 1.108 10.832 5.783 6.767 7.639 2.007 7.909 6.826 4.595 4.448 5.027 3.856 5.642 8.786 3.051 5.969 5.507 1.278 
5.082 5.203 9.234 1.329 5.139 4.977 8.013 6.932 2.359 7.339 3.837 7.783 7.474 10.403 4.105 7.978 1.752 4.131 3.059 5.058 6.650 6.790 8.608 2.612 3.548 3.932 3.597 6.417 5.073 2.801 7.681 6.183 3.410 5.350 2.729 5.834 5.986 5.483 4.531 7.921 
