25 50 100
22.017 108.435 71.938 21.727 30.736 125.546 59.057 98.518 99.436 51.037 75.273 80.500 92.384 26.266 68.631 139.386 131.315 131.328 125.532 49.573 77.698 74.615 78.662 138.027 56.586 
57.059 83.511 70.305 149.408 105.736 148.780 224.591 135.898 70.039 146.452 177.294 152.609 211.184 261.440 20.697 188.103 61.928 68.703 30.615 116.119 187.484 86.851 116.418 24.856 42.561 85.807 30.423 129.029 133.146 165.614 27.637 168.138 134.991 238.012 16.676 94.896 57.562 228.893 22.800 90.003 74.016 102.067 249.882 177.556 167.209 96.696 114.666 159.414 173.979 164.481 
24.061 21.729 5.686 16.180 22.190 33.618 8.756 22.748 27.039 7.425 26.616 31.880 11.638 30.108 10.816 32.138 24.258 31.573 10.338 24.668 28.985 28.042 26.580 16.335 12.374 22.089 31.889 6.398 29.580 23.728 23.887 34.968 27.188 12.524 27.706 12.180 6.055 21.959 32.345 20.210 5.366 8.762 33.235 28.684 26.512 11.615 22.404 14.397 31.748 9.110 13.087 12.416 8.307 9.757 32.107 15.951 28.759 24.937 9.110 23.178 8.173 30.640 7.949 27.230 25.024 17.998 24.296 16.904 17.779 14.013 8.480 5.014 27.056 22.992 16.312 13.746 7.951 19.597 15.465 33.805 26.493 11.950 30.030 14.245 22.318 30.490 9.514 17.810 33.099 21.067 16.549 29.610 9.897 6.251 28.776 21.726 19.106 14.016 30.296 22.481 
668.314 831.059 752.597 1033.048 862.344 1069.644 1316.842 1020.356 699.633 1022.325 1152.676 1033.460 1174.590 1319.508 399.831 1137.179 673.194 770.502 490.640 940.847 1174.539 813.219 955.464 436.537 597.171 782.765 501.096 988.548 947.419 1069.880 480.608 1172.110 997.132 1264.719 322.958 798.191 698.860 1233.005 483.239 832.272 771.105 842.883 1286.775 1135.467 1155.794 840.933 888.096 1142.391 1124.371 1034.258 
11.469 9.155 5.905 7.152 4.758 7.475 8.242 1.659 7.176 9.522 6.141 11.133 1.244 9.886 11.050 0.797 10.517 8.657 8.891 10.078 1.702 5.838 3.327 8.112 7.985 2.389 5.651 4.048 6.970 3.187 4.558 4.151 7.127 9.482 7.074 2.240 6.804 7.739 3.511 1.862 3.934 10.816 6.896 6.860 6.949 7.656 10.806 6.300 9.571 9.469 
8.847 8.512 5.800 5.404 3.637 4.839 8.896 3.067 6.920 6.374 2.259 9.061 2.952 6.046 8.970 3.655 8.933 4.789 7.836 6.460 4.221 5.654 2.064 6.992 4.592 3.256 3.441 2.084 3.398 5.014 4.527 0.278 3.331 5.600 3.928 2.021 4.551 5.655 0.633 3.972 1.236 8.419 6.685 4.101 5.249 4.957 8.414 7.002 8.689 5.588 
6.993 1.756 2.235 3.803 4.381 5.511 1.410 6.522 1.137 7.314 8.846 5.547 8.489 10.377 5.511 7.161 4.200 10.743 2.394 9.193 6.297 2.367 6.050 2.418 7.407 5.762 5.129 5.929 7.626 4.896 3.633 8.149 8.518 10.808 6.576 6.863 4.812 4.385 7.436 6.087 6.785 6.067 1.331 5.759 3.771 5.657 6.051 1.834 2.393 11.005 
9.591 4.157 3.941 6.237 6.094 7.926 1.245 7.226 3.485 9.866 10.731 8.078 9.134 12.742 8.051 7.582 6.671 12.873 4.977 11.682 6.589 4.105 7.394 5.027 9.772 6.579 7.177 7.509 9.802 5.116 4.955 9.653 10.637 13.068 8.856 7.886 7.141 6.894 8.834 6.513 8.329 8.666 3.521 8.052 6.163 8.091 8.649 2.483 4.783 13.240 
11.597 9.713 6.492 7.434 5.072 7.544 9.009 2.110 7.771 9.467 5.661 11.405 0.486 9.479 11.319 1.538 10.899 8.104 9.363 9.832 2.537 6.407 3.422 8.556 7.825 2.885 5.767 4.091 6.724 4.004 5.096 3.682 6.761 8.989 6.985 2.253 6.954 7.957 3.202 2.616 3.779 11.000 7.493 6.880 7.236 7.711 10.992 7.041 10.089 8.951 
11.121 9.537 6.366 7.069 4.758 7.053 9.043 2.047 7.639 8.908 4.982 11.013 0.218 8.808 10.926 1.782 10.581 7.417 9.120 9.200 2.765 6.267 3.011 8.296 7.228 2.785 5.318 3.630 6.101 4.155 4.951 3.011 6.102 8.306 6.422 1.862 6.513 7.547 2.588 2.755 3.221 10.557 7.365 6.369 6.877 7.213 10.549 7.060 9.877 8.266 
5.536 8.732 7.855 5.521 6.129 3.814 10.668 7.964 8.263 2.767 3.404 6.775 8.402 1.053 6.697 8.793 7.554 2.418 7.700 1.256 9.009 7.699 6.211 7.127 1.927 7.720 4.762 5.541 2.319 9.120 7.413 5.233 2.132 1.768 2.888 7.031 4.557 5.006 5.709 8.672 5.324 5.706 8.187 3.659 5.561 3.678 5.712 9.403 8.502 2.047 
7.650 8.147 5.878 4.789 3.666 3.818 9.022 4.238 6.822 5.028 1.034 8.079 4.438 4.590 7.988 4.967 8.158 3.557 7.337 4.970 5.368 5.717 2.727 6.521 3.191 4.206 2.907 2.310 1.954 5.871 4.831 1.287 1.843 4.240 2.697 3.220 3.778 4.847 1.791 5.069 1.665 7.323 6.626 3.091 4.677 3.892 7.320 7.271 8.215 4.267 
5.903 4.764 2.646 1.683 0.972 2.084 5.717 3.935 3.423 4.348 4.287 5.616 5.454 6.311 5.529 4.869 5.237 6.289 4.045 5.617 4.580 2.483 2.390 3.201 3.453 3.313 0.592 1.841 3.231 4.131 2.145 3.860 4.051 6.518 2.426 3.552 1.267 2.167 3.357 4.224 2.584 5.236 3.249 1.746 1.502 2.288 5.227 4.171 4.902 6.674 
5.600 5.336 3.506 1.966 1.726 1.556 6.535 4.333 4.192 3.699 3.585 5.583 5.612 5.437 5.493 5.269 5.433 5.449 4.509 4.801 5.126 3.344 2.600 3.696 2.611 3.812 0.339 1.907 2.365 4.860 2.983 3.515 3.212 5.647 1.572 3.753 1.044 2.147 3.199 4.767 2.421 5.040 4.042 0.996 1.849 1.737 5.033 5.040 5.388 5.808 
4.799 6.103 4.903 2.701 3.282 1.137 7.769 5.670 5.368 2.373 3.185 5.269 6.661 3.984 5.178 6.585 5.533 4.365 5.135 3.246 6.565 4.747 3.867 4.436 1.062 5.241 1.894 3.137 1.339 6.402 4.530 3.972 2.267 4.346 0.175 4.929 1.650 2.385 3.991 6.209 3.319 4.466 5.271 0.713 2.699 1.127 4.464 6.451 5.998 4.547 
4.723 1.854 2.381 1.596 3.364 3.204 3.891 6.306 1.708 4.840 7.067 3.589 8.116 8.038 3.527 7.150 2.624 8.633 1.047 6.754 6.528 2.351 5.183 0.201 5.109 5.550 3.432 4.780 5.548 5.458 3.428 6.860 6.477 8.566 4.410 6.256 2.687 1.981 6.332 6.222 5.572 3.817 1.827 3.616 1.664 3.317 3.801 3.417 1.903 8.785 
4.676 8.291 7.762 5.267 6.240 3.581 10.418 8.375 8.027 2.040 4.173 6.017 8.991 1.652 5.943 9.243 6.904 3.344 7.244 0.377 9.367 7.613 6.582 6.746 1.906 8.054 4.851 5.878 2.749 9.334 7.488 5.881 2.837 2.598 2.950 7.498 4.414 4.660 6.262 9.020 5.787 4.923 7.982 3.612 5.340 3.411 4.931 9.300 8.004 2.887 
7.250 2.719 1.057 3.352 3.279 5.005 2.091 5.226 0.854 7.050 7.874 6.036 7.195 9.790 5.984 5.865 4.851 9.935 2.944 8.784 5.012 1.215 4.840 2.567 6.824 4.468 4.241 4.793 6.850 3.638 2.378 7.006 7.697 10.111 5.898 5.597 4.196 4.065 6.254 4.794 5.645 6.342 0.702 5.097 3.254 5.179 6.327 0.893 3.283 10.284 
9.830 6.940 3.691 5.345 3.048 6.070 5.990 1.192 4.945 8.295 6.148 9.254 3.015 9.479 9.176 1.504 8.487 8.695 6.763 9.264 0.662 3.643 2.455 6.028 7.061 0.934 4.276 3.090 6.312 1.029 2.440 4.398 6.758 9.319 6.042 2.141 5.267 6.029 3.533 0.413 3.480 9.086 4.665 5.597 5.141 6.270 9.075 4.032 7.391 9.376 
5.375 3.286 1.781 0.913 1.824 2.456 4.492 4.859 2.100 4.586 5.704 4.677 6.602 7.247 4.599 5.741 4.018 7.524 2.609 6.241 5.224 1.653 3.629 1.762 4.275 4.128 1.982 3.218 4.407 4.363 2.199 5.326 5.301 7.614 3.380 4.723 1.644 1.686 4.773 4.893 4.019 4.566 1.992 2.567 0.754 2.636 4.553 3.280 3.447 7.802 
7.639 10.069 8.519 6.649 6.456 5.076 11.568 7.420 9.207 4.785 2.223 8.712 7.340 2.036 8.628 8.106 9.299 0.414 9.096 3.443 8.556 8.355 5.893 8.401 3.308 7.392 5.283 5.380 2.707 9.024 7.729 4.200 1.824 1.200 3.822 6.388 5.568 6.338 4.927 8.261 4.846 7.697 9.071 4.621 6.625 5.013 7.701 10.025 9.952 1.126 
5.915 6.255 4.397 2.838 2.413 1.902 7.462 4.453 5.133 3.617 2.658 6.155 5.422 4.699 6.064 5.359 6.174 4.536 5.397 4.318 5.392 4.233 2.646 4.601 2.123 4.072 1.162 1.920 1.520 5.371 3.708 2.885 2.299 4.804 1.152 3.686 1.796 2.861 2.785 5.041 2.083 5.478 4.977 1.162 2.746 2.015 5.473 5.911 6.277 4.946 
3.516 6.469 6.096 3.508 4.846 1.897 8.630 7.401 6.255 0.705 4.327 4.494 8.374 3.353 4.412 8.320 5.200 4.546 5.423 1.950 8.271 5.955 5.601 4.926 1.162 6.949 3.499 4.872 2.412 8.007 6.009 5.545 3.061 4.104 1.831 6.665 2.780 2.858 5.673 7.913 5.035 3.478 6.228 2.174 3.603 1.703 3.482 7.610 6.193 4.370 
5.296 7.800 6.724 4.483 4.966 2.801 9.594 6.880 7.190 2.427 2.756 6.274 7.455 2.161 6.189 7.732 6.866 2.795 6.791 1.907 7.900 6.567 5.103 6.158 0.907 6.599 3.602 4.417 1.223 7.966 6.251 4.357 1.405 2.561 1.748 5.980 3.470 4.044 4.726 7.558 4.267 5.278 7.100 2.544 4.503 2.696 5.281 8.271 7.624 2.787 
4.916 2.779 2.056 0.800 2.459 2.508 4.360 5.486 1.967 4.449 6.139 4.097 7.237 7.373 4.022 6.362 3.386 7.814 2.013 6.233 5.818 1.964 4.257 1.170 4.404 4.750 2.470 3.824 4.703 4.889 2.752 5.891 5.621 7.821 3.604 5.357 1.840 1.463 5.371 5.494 4.607 4.071 1.946 2.791 0.782 2.658 4.057 3.423 2.872 8.026 
4.727 6.219 5.082 2.838 3.474 1.222 7.930 5.842 5.526 2.231 3.184 5.262 6.803 3.810 5.171 6.754 5.576 4.251 5.239 3.054 6.746 4.927 4.037 4.557 0.873 5.422 2.087 3.308 1.288 6.593 4.721 4.065 2.199 4.197 0.255 5.088 1.806 2.482 4.119 6.390 3.462 4.429 5.435 0.886 2.846 1.180 4.427 6.630 6.097 4.404 
6.729 4.692 1.962 2.269 0.266 3.081 5.107 3.245 3.019 5.354 4.883 6.237 4.979 7.262 6.155 4.145 5.645 7.082 4.169 6.633 3.717 1.804 2.066 3.337 4.455 2.537 1.517 1.818 4.116 3.129 1.136 4.036 4.866 7.400 3.418 3.111 2.222 2.929 3.355 3.371 2.674 5.997 2.787 2.767 2.064 3.286 5.986 3.378 4.960 7.538 
5.429 7.310 6.009 3.911 4.182 2.314 8.945 6.093 6.552 2.647 2.381 6.188 6.746 2.920 6.099 6.956 6.614 3.158 6.333 2.643 7.101 5.848 4.308 5.646 0.786 5.797 2.835 3.615 0.502 7.162 5.472 3.724 1.180 3.161 1.082 5.212 2.849 3.575 4.009 6.758 3.503 5.272 6.442 1.898 3.904 2.258 5.272 7.551 7.190 3.350 
2.921 2.615 4.706 3.082 5.403 3.870 5.497 8.471 3.852 4.359 8.142 1.353 10.173 8.004 1.316 9.352 0.550 9.115 1.812 6.390 8.797 4.680 7.136 2.210 5.445 7.740 4.998 6.603 6.314 7.779 5.706 8.435 7.220 8.769 5.158 8.276 3.887 2.788 8.074 8.478 7.289 2.027 4.042 4.554 3.267 3.858 2.010 5.591 2.049 9.030 
7.893 6.087 4.247 9.434 4.896 7.385 2.574 6.094 4.910 5.041 5.197 0.942 8.511 3.962 2.204 4.996 4.058 6.753 7.179 2.896 6.467 7.257 3.672 4.572 6.799 7.958 2.533 7.480 9.205 5.944 11.347 4.051 2.991 3.558 0.363 5.812 10.048 9.519 0.403 6.097 8.276 4.597 6.313 10.979 6.872 5.572 8.390 8.034 1.422 9.339 4.795 4.984 6.762 6.005 1.950 10.412 8.843 8.840 3.536 4.903 1.374 6.635 0.825 6.483 0.224 2.156 1.723 8.233 2.681 11.936 4.070 2.560 7.264 5.288 0.488 2.165 6.406 7.728 5.984 9.603 3.550 1.860 6.819 8.214 6.671 7.630 5.806 11.657 3.439 8.375 5.946 6.305 2.760 7.388 8.596 5.393 2.493 7.790 7.926 8.597 
10.659 3.816 4.952 4.660 3.075 8.262 6.578 8.630 0.626 7.993 0.425 5.284 5.498 6.682 3.731 7.706 1.591 10.052 6.361 6.812 7.214 5.636 7.726 6.403 1.650 9.160 3.207 3.260 4.782 8.296 9.074 1.491 2.877 4.147 5.818 9.023 6.863 7.469 5.887 8.925 6.138 4.710 2.890 9.394 7.431 0.156 5.327 10.457 5.054 4.514 5.789 0.576 5.588 1.542 5.382 8.770 3.852 7.608 6.704 5.575 4.671 5.335 4.703 4.568 5.377 5.849 3.814 8.948 4.145 10.263 6.513 5.300 5.488 0.462 5.951 5.285 9.245 9.298 2.862 8.640 7.691 3.664 4.180 9.232 9.831 10.559 4.119 9.692 4.063 3.307 4.563 9.400 3.092 4.634 9.913 4.418 4.703 2.874 4.826 3.684 
9.225 1.489 4.031 2.678 2.155 6.168 6.769 7.382 3.549 7.134 3.591 6.299 2.246 6.088 4.747 6.776 4.300 9.016 3.794 6.870 5.286 2.829 7.604 5.392 2.099 7.083 4.469 0.721 2.283 7.013 5.826 3.658 4.008 3.862 7.310 8.099 3.648 4.281 7.201 7.790 3.018 3.556 0.637 6.227 5.343 3.097 2.075 8.852 5.867 2.639 4.546 3.216 3.053 1.710 5.841 5.612 2.437 4.644 6.364 4.239 6.685 2.817 6.287 1.988 6.742 6.180 5.375 6.659 4.499 7.060 5.822 5.420 2.637 2.939 7.230 5.635 8.059 7.392 0.975 5.676 7.633 5.419 1.268 7.052 8.742 9.232 2.039 6.462 3.898 2.258 2.391 8.339 5.492 1.501 7.792 2.675 4.973 1.732 1.579 2.159 
7.269 1.575 1.591 5.345 0.556 4.849 4.098 5.269 3.251 4.776 3.501 3.749 3.998 3.577 2.377 4.449 3.387 6.789 3.307 4.210 3.786 2.975 4.985 3.073 3.582 5.732 2.321 3.341 4.943 4.919 7.039 2.653 1.953 1.187 4.877 5.795 5.539 5.221 4.703 5.607 3.891 1.269 2.087 6.922 4.034 3.359 3.877 7.031 3.282 5.293 2.367 2.991 2.640 2.627 3.184 6.309 4.984 4.856 3.774 2.133 4.592 2.432 3.981 2.031 4.293 3.507 3.189 5.578 1.890 7.871 3.345 2.745 2.924 2.988 4.719 2.969 5.914 5.851 1.734 5.804 5.001 3.348 2.306 5.825 6.544 7.197 1.341 7.465 1.227 4.660 1.610 6.118 3.899 2.875 6.486 1.180 2.316 4.047 3.417 4.707 
7.188 1.135 2.847 4.423 2.266 3.986 5.803 5.490 5.011 5.466 5.166 5.961 1.914 4.692 4.748 5.097 5.463 7.156 1.573 5.802 3.190 0.694 6.343 3.821 4.212 4.892 4.715 2.857 3.768 5.123 4.646 4.719 4.334 3.254 7.162 6.335 3.334 2.834 6.942 5.934 1.497 2.364 2.175 4.610 3.184 4.804 1.858 6.763 5.467 4.451 2.964 4.686 0.844 3.531 5.203 3.986 4.479 2.676 5.099 2.658 6.983 0.636 6.340 0.396 6.579 5.396 5.580 4.440 4.122 5.541 4.400 4.631 0.566 4.522 6.944 4.962 6.165 5.238 2.096 3.701 6.409 5.742 0.956 4.843 6.867 7.237 1.060 5.093 3.366 4.417 0.862 6.494 6.233 1.050 5.586 1.425 4.398 3.939 1.606 4.219 
5.649 2.817 0.209 6.874 2.250 3.705 2.750 3.620 4.699 3.069 4.984 3.147 4.952 1.893 2.507 2.746 4.567 5.093 3.117 2.770 2.653 3.343 3.415 1.394 5.289 4.489 2.804 4.913 6.383 3.286 7.348 3.923 2.691 0.952 4.404 4.090 6.387 5.539 4.116 3.929 4.404 0.705 3.687 6.912 3.011 4.942 4.874 5.472 2.651 6.843 0.906 4.494 2.785 4.333 2.243 6.353 6.605 4.775 2.165 0.877 4.656 2.711 3.837 2.848 3.851 2.362 3.371 4.527 1.623 7.868 1.644 1.627 3.398 4.561 4.099 1.998 4.244 4.482 3.349 5.538 3.457 3.642 3.459 4.656 4.855 5.550 2.321 7.611 1.087 6.320 2.230 4.426 4.560 3.923 5.226 1.697 1.585 5.714 4.517 6.326 
12.250 4.537 6.733 2.450 4.615 9.300 9.014 10.327 3.540 9.925 3.316 7.993 4.842 8.731 6.368 9.589 4.507 11.908 6.937 9.195 8.383 5.951 10.049 8.199 1.629 10.218 5.895 2.547 2.977 9.963 8.199 4.310 5.485 6.223 8.666 10.935 5.699 7.009 8.696 10.702 5.945 6.331 3.364 8.917 8.468 2.828 4.689 11.918 7.685 2.276 7.414 3.391 6.198 2.577 7.889 8.346 1.586 7.643 8.891 7.130 7.581 5.961 7.549 5.125 8.188 8.321 6.627 9.804 6.537 9.626 8.503 7.655 5.754 3.069 8.753 7.742 10.993 10.507 3.631 8.648 10.044 6.517 4.411 10.195 11.651 12.226 5.057 8.939 6.194 1.185 5.463 11.232 6.008 4.539 10.933 5.624 7.095 1.447 4.355 1.635 
8.172 4.099 5.679 5.018 5.331 4.778 8.506 7.068 7.817 7.468 7.909 8.959 2.192 7.126 7.835 7.125 8.412 8.629 2.909 8.433 4.653 2.578 8.770 6.174 6.427 5.398 7.814 4.632 4.262 6.756 1.549 7.687 7.428 6.280 10.189 8.081 1.706 0.384 9.942 7.536 1.605 5.262 4.726 1.922 4.364 7.452 2.360 7.590 8.459 5.144 5.459 7.480 3.097 6.070 8.117 1.378 5.581 1.688 7.618 5.218 10.078 3.203 9.417 3.471 9.611 8.230 8.676 4.663 7.164 2.684 6.839 7.507 2.585 7.247 9.935 7.872 7.657 5.947 4.826 2.173 8.867 8.841 3.504 5.164 8.332 8.351 4.156 2.088 6.405 5.824 3.918 8.061 9.302 2.985 5.819 4.455 7.373 5.624 2.811 5.423 
9.874 2.274 4.328 3.036 2.212 7.045 6.721 7.932 2.376 7.520 2.370 5.911 3.516 6.338 4.282 7.183 3.229 9.505 4.829 6.877 6.076 3.950 7.702 5.794 0.943 7.965 3.891 1.290 2.953 7.570 7.100 2.690 3.437 3.862 6.769 8.530 4.860 5.556 6.725 8.301 4.271 3.927 1.111 7.499 6.203 1.847 3.345 9.566 5.541 2.928 5.014 2.060 4.054 0.509 5.653 6.882 2.424 5.851 6.518 4.734 5.934 3.802 5.683 2.966 6.235 6.056 4.743 7.621 4.279 8.339 6.104 5.350 3.774 1.745 6.769 5.482 8.595 8.209 1.285 6.888 7.706 4.719 2.391 7.975 9.249 9.839 2.744 7.741 3.848 1.993 3.178 8.828 4.569 2.746 8.698 3.261 4.819 1.383 2.856 2.173 
5.093 5.056 2.481 9.044 4.259 4.682 0.516 3.227 5.904 2.192 6.218 2.037 7.222 1.140 2.794 2.126 5.407 4.069 5.110 0.503 3.899 5.540 1.347 1.962 7.092 5.156 3.326 7.047 8.600 3.074 9.391 4.990 3.538 2.538 3.082 3.060 8.635 7.633 2.697 3.263 6.602 2.980 5.795 8.776 4.313 6.361 7.148 5.185 1.786 8.998 2.538 5.809 4.952 6.142 1.180 8.273 8.690 6.693 0.666 2.779 4.017 4.919 3.131 5.123 2.715 0.759 3.275 5.514 2.239 9.707 1.328 1.084 5.619 5.990 2.637 1.159 3.583 4.883 5.443 7.279 1.327 3.588 5.723 5.434 3.936 4.860 4.584 9.555 2.541 8.345 4.503 3.538 4.727 6.197 5.761 3.971 1.679 7.729 6.791 8.414 
2.968 5.447 4.223 8.968 5.840 0.665 5.466 2.381 8.739 3.281 8.989 6.882 5.978 3.884 6.737 3.097 8.772 3.608 3.132 5.220 1.703 4.175 5.013 3.257 8.650 0.256 7.073 7.490 8.253 2.243 6.012 8.079 6.955 5.213 8.061 3.386 6.667 4.843 7.691 2.772 4.746 4.286 6.632 4.896 1.507 8.809 6.030 2.386 6.469 9.019 3.366 8.478 3.793 7.809 5.869 4.652 9.108 3.520 4.381 3.469 8.717 4.016 7.834 4.840 7.616 5.662 7.561 0.661 5.844 5.638 3.738 5.306 4.377 8.452 7.639 5.680 2.754 0.741 6.425 3.376 5.156 7.853 5.582 0.411 3.329 3.167 4.967 5.804 5.354 9.053 4.532 3.176 8.825 5.613 1.001 4.522 5.618 8.558 6.042 8.852 
9.082 5.445 4.379 8.215 4.184 7.928 3.900 7.133 3.304 6.165 3.562 2.078 7.838 4.898 1.768 6.028 2.374 8.074 7.131 4.219 6.903 6.949 5.114 5.222 5.376 8.639 1.661 6.373 8.103 6.911 11.021 2.559 2.057 3.442 2.006 7.069 9.383 9.203 2.198 7.237 7.870 4.558 5.343 10.867 7.272 4.007 7.694 9.118 2.223 8.100 5.142 3.446 6.559 4.709 2.841 10.263 7.531 8.760 4.610 5.140 0.756 6.377 1.026 6.005 1.739 3.256 0.894 8.765 2.642 11.822 4.906 3.239 6.905 3.780 2.281 2.937 7.565 8.521 5.061 9.644 5.016 0.645 6.143 8.846 7.945 8.862 5.318 11.441 3.294 7.025 5.581 7.544 0.969 6.725 9.342 5.088 2.833 6.479 7.192 7.309 
8.041 5.874 6.965 6.898 7.045 4.975 9.547 7.411 9.692 8.052 9.803 10.294 4.164 8.027 9.359 7.752 10.225 8.782 4.032 9.415 5.270 4.144 9.577 7.094 8.390 5.290 9.414 6.603 6.160 7.165 1.164 9.486 9.067 7.721 11.549 8.451 3.430 2.050 11.263 7.853 3.392 6.627 6.628 0.279 4.888 9.367 4.330 7.407 9.797 7.035 6.538 9.357 4.514 7.994 9.372 0.807 7.514 2.373 8.552 6.361 11.619 4.693 10.889 5.175 10.989 9.401 10.229 4.527 8.604 0.760 7.763 8.742 4.220 9.143 11.244 9.129 7.893 5.878 6.693 1.849 9.695 10.427 5.358 4.981 8.500 8.290 5.824 0.635 7.859 7.781 5.504 8.315 11.001 4.884 5.465 5.982 8.717 7.595 4.769 7.370 
1.832 7.400 4.988 11.448 7.107 4.040 3.783 1.678 9.374 1.799 9.679 5.626 8.886 3.094 6.420 2.130 8.998 0.488 6.058 3.459 4.139 6.950 2.638 3.522 10.156 3.779 6.932 9.605 10.845 2.018 9.754 8.498 7.068 5.638 6.410 0.786 9.949 8.356 6.019 1.209 7.846 5.394 8.450 8.715 4.381 9.726 8.880 2.280 5.450 11.449 4.342 9.224 6.381 9.200 4.856 8.416 11.321 7.087 3.156 4.646 7.593 6.498 6.739 7.103 6.206 4.415 6.951 4.505 5.720 9.481 3.268 4.637 7.115 9.344 5.938 4.818 1.103 3.211 8.135 7.163 2.767 7.264 7.864 4.115 0.597 1.487 6.851 9.616 5.713 11.097 6.553 0.683 8.403 8.146 3.923 6.210 5.214 10.508 8.703 11.043 
9.001 5.366 4.287 8.165 4.106 7.836 3.829 7.049 3.282 6.083 3.545 2.014 7.762 4.814 1.677 5.944 2.362 7.998 7.042 4.147 6.811 6.863 5.046 5.132 5.338 8.549 1.577 6.315 8.046 6.825 10.938 2.521 1.978 3.351 1.993 6.991 9.308 9.119 2.170 7.156 7.787 4.468 5.277 10.779 7.181 3.981 7.620 9.035 2.146 8.051 5.051 3.416 6.472 4.661 2.761 10.176 7.487 8.671 4.529 5.048 0.802 6.290 0.982 5.922 1.702 3.180 0.802 8.674 2.550 11.735 4.819 3.153 6.820 3.747 2.251 2.854 7.483 8.432 4.992 9.554 4.950 0.557 6.066 8.755 7.867 8.783 5.235 11.355 3.203 6.983 5.496 7.466 0.991 6.648 9.253 5.001 2.744 6.433 7.118 7.263 
8.847 4.975 6.617 5.334 6.221 5.516 9.434 7.869 8.608 8.326 8.681 9.896 2.864 8.035 8.758 7.989 9.245 9.390 3.821 9.355 5.496 3.514 9.670 7.082 7.087 6.053 8.724 5.266 4.615 7.571 0.723 8.530 8.332 7.214 11.124 8.894 1.844 1.287 10.879 8.334 2.516 6.200 5.510 1.708 5.182 8.203 3.036 8.244 9.396 5.478 6.384 8.271 4.035 6.815 9.056 1.431 5.998 2.443 8.533 6.147 10.996 4.140 10.344 4.377 10.547 9.166 9.593 5.296 8.097 2.169 7.750 8.445 3.513 8.022 10.873 8.810 8.435 6.622 5.642 2.610 9.771 9.752 4.345 5.791 9.096 9.049 5.066 1.451 7.338 6.307 4.845 8.846 10.183 3.797 6.397 5.386 8.310 6.185 3.531 5.876 
9.759 4.773 4.467 6.984 3.565 8.104 4.889 7.740 1.891 6.876 2.127 3.227 7.030 5.542 2.118 6.673 0.929 8.888 6.862 5.183 7.036 6.473 6.116 5.627 4.048 8.905 1.654 5.263 6.957 7.467 10.415 1.319 1.737 3.475 3.441 7.854 8.544 8.644 3.587 7.921 7.278 4.486 4.390 10.433 7.360 2.607 6.873 9.706 3.182 6.856 5.321 2.083 6.191 3.503 3.703 9.812 6.246 8.402 5.373 5.232 2.173 5.974 2.374 5.438 3.094 4.173 1.670 8.906 2.935 11.370 5.474 3.898 6.390 2.429 3.663 3.710 8.253 8.882 4.166 9.361 6.042 1.403 5.400 9.065 8.721 9.582 4.789 10.914 3.333 5.721 5.138 8.301 0.583 5.966 9.642 4.737 3.351 5.210 6.356 6.043 
0.420 7.464 5.516 11.284 7.520 3.052 5.347 1.921 10.168 2.892 10.453 7.121 8.412 4.150 7.554 3.014 9.973 1.615 5.505 5.029 3.676 6.523 4.395 4.099 10.531 2.384 8.009 9.635 10.603 2.204 8.530 9.371 8.035 6.386 8.082 2.180 9.207 7.406 7.688 1.823 7.224 5.787 8.620 7.347 3.725 10.392 8.445 0.239 6.840 11.316 4.688 9.961 6.046 9.615 6.209 7.166 11.318 6.084 4.444 4.928 9.100 6.229 8.211 6.984 7.783 5.839 8.232 3.144 6.731 7.998 4.188 5.822 6.716 10.013 7.614 6.103 1.515 1.824 8.355 5.887 4.541 8.546 7.759 2.658 1.483 0.724 6.931 8.256 6.497 11.190 6.545 1.698 9.647 7.899 2.188 6.361 6.320 10.647 8.388 11.050 
9.668 3.267 3.980 5.086 2.286 7.408 5.532 7.632 0.692 6.965 0.963 4.296 5.298 5.645 2.708 6.684 1.169 9.025 5.687 5.762 6.344 5.083 6.675 5.405 2.214 8.289 2.199 3.369 5.052 7.305 8.799 0.609 1.839 3.129 4.932 7.993 6.768 7.097 4.962 7.913 5.733 3.785 2.611 8.973 6.591 1.038 5.133 9.489 4.036 4.961 4.835 0.485 4.938 1.597 4.340 8.346 4.372 7.066 5.656 4.643 3.921 4.694 3.816 4.004 4.453 4.804 2.892 8.131 3.094 9.879 5.484 4.249 4.960 0.691 5.020 4.238 8.236 8.390 2.458 8.077 6.641 2.790 3.778 8.384 8.809 9.556 3.454 9.360 3.037 3.861 3.876 8.378 2.477 4.303 9.043 3.634 3.652 3.324 4.615 4.157 
3.501 6.559 3.955 10.641 6.001 4.477 2.036 2.206 7.921 1.313 8.233 3.871 8.421 1.898 4.830 1.615 7.443 2.256 5.846 1.721 4.122 6.554 0.845 2.706 8.970 4.582 5.362 8.696 10.116 2.306 9.944 7.013 5.562 4.361 4.616 1.448 9.679 8.341 4.225 1.949 7.562 4.433 7.472 9.086 4.481 8.348 8.381 3.790 3.744 10.617 3.567 7.810 5.950 8.010 3.186 8.682 10.390 7.191 1.694 3.879 5.820 6.000 4.980 6.433 4.423 2.720 5.268 5.172 4.238 9.947 2.171 3.092 6.683 7.972 4.144 3.193 2.170 4.122 7.132 7.517 0.973 5.575 7.137 4.913 2.220 3.196 6.030 9.948 4.402 10.097 5.828 1.926 6.718 7.522 4.977 5.377 3.691 9.488 8.110 10.111 
9.311 4.456 6.420 4.339 5.716 5.901 9.329 8.142 7.889 8.479 7.937 9.605 2.127 8.030 8.352 8.126 8.587 9.728 3.858 9.284 5.699 3.289 9.691 7.087 6.240 6.544 8.261 4.416 3.631 7.819 1.670 7.895 7.845 6.898 10.803 9.141 0.851 1.506 10.586 8.612 2.226 5.965 4.814 2.678 5.438 7.436 2.292 8.734 9.110 4.486 6.319 7.555 3.873 6.053 8.828 2.295 5.025 2.829 8.502 6.053 10.550 3.918 9.955 3.962 10.220 8.989 9.154 5.814 7.764 3.170 7.738 8.239 3.231 7.284 10.588 8.584 8.747 7.088 4.991 3.296 9.780 9.286 3.766 6.315 9.431 9.482 4.646 2.440 7.009 5.358 4.505 9.146 9.622 3.189 6.973 5.066 8.037 5.275 2.810 4.916 
9.061 1.329 3.886 2.814 2.045 6.006 6.643 7.221 3.588 6.979 3.644 6.206 2.186 5.941 4.668 6.621 4.314 8.856 3.638 6.739 5.122 2.680 7.466 5.239 2.224 6.921 4.406 0.879 2.391 6.852 5.757 3.656 3.946 3.741 7.232 7.942 3.623 4.184 7.116 7.630 2.903 3.408 0.577 6.127 5.180 3.163 2.017 8.689 5.769 2.780 4.390 3.254 2.893 1.776 5.729 5.510 2.595 4.513 6.224 4.082 6.637 2.656 6.219 1.825 6.662 6.062 5.314 6.500 4.395 6.970 5.674 5.299 2.490 2.987 7.144 5.520 7.898 7.229 0.888 5.547 7.496 5.367 1.113 6.891 8.582 9.069 1.879 6.381 3.780 2.422 2.228 8.180 5.474 1.380 7.630 2.518 4.861 1.895 1.510 2.317 
6.652 2.960 3.962 5.403 4.039 3.220 6.721 5.355 6.836 5.685 6.989 7.283 2.298 5.319 6.294 5.336 7.272 6.964 1.103 6.637 2.903 1.137 6.962 4.367 5.903 3.984 6.349 4.319 4.651 5.026 3.199 6.524 6.010 4.665 8.530 6.345 2.948 1.434 8.261 5.825 1.028 3.588 3.926 2.864 2.662 6.614 2.386 6.116 6.783 5.482 3.668 6.511 1.447 5.308 6.398 2.260 5.712 0.853 5.815 3.441 8.553 1.631 7.833 2.215 7.962 6.479 7.162 3.338 5.551 3.818 5.033 5.777 1.269 6.342 8.248 6.153 5.974 4.472 3.896 1.887 7.060 7.360 2.620 3.821 6.666 6.789 2.809 3.475 4.801 5.789 2.455 6.365 7.958 2.334 4.545 2.916 5.697 5.415 2.551 5.489 
9.000 2.435 3.289 4.757 1.450 6.612 5.200 6.977 1.512 6.383 1.736 4.216 4.566 5.097 2.581 6.082 1.927 8.433 4.841 5.396 5.555 4.242 6.276 4.753 2.203 7.503 2.166 2.875 4.606 6.638 8.016 1.207 1.717 2.540 5.040 7.413 6.070 6.289 5.004 7.286 4.922 3.037 1.913 8.149 5.787 1.590 4.406 8.788 3.875 4.654 4.118 1.225 4.091 1.319 4.062 7.522 4.146 6.223 5.175 3.902 4.239 3.847 3.954 3.165 4.510 4.498 3.015 7.318 2.718 9.062 4.908 3.855 4.124 1.214 5.049 3.919 7.602 7.629 1.699 7.233 6.259 3.002 2.983 7.585 8.203 8.908 2.608 8.557 2.476 3.687 3.030 7.773 2.994 3.529 8.256 2.803 3.280 3.094 3.887 3.900 
3.806 4.474 2.016 8.553 4.134 2.822 2.331 1.765 6.547 1.192 6.842 3.745 6.218 0.726 3.897 0.845 6.304 3.185 3.664 2.122 2.119 4.344 2.220 0.552 7.187 3.311 4.338 6.663 7.989 1.475 7.852 5.720 4.363 2.755 4.898 2.192 7.470 6.186 4.525 2.030 5.356 2.421 5.486 7.104 2.524 6.834 6.182 3.714 3.364 8.542 1.409 6.364 3.740 6.233 2.743 6.646 8.377 5.102 1.248 1.723 5.646 3.794 4.751 4.267 4.470 2.499 4.625 3.650 3.058 8.009 0.583 2.239 4.474 6.452 4.472 2.580 2.351 3.090 5.166 5.563 2.330 4.935 4.997 3.578 2.946 3.674 3.929 7.928 2.854 8.135 3.677 2.517 6.007 5.347 3.950 3.277 2.675 7.541 5.930 8.098 
8.151 3.362 5.123 4.413 4.608 4.719 8.015 6.878 7.045 7.173 7.135 8.351 1.447 6.707 7.165 6.818 7.652 8.488 2.546 7.965 4.421 1.986 8.367 5.764 5.662 5.435 7.117 3.879 3.647 6.546 2.289 6.931 6.721 5.653 9.566 7.862 1.446 0.729 9.335 7.347 0.934 4.680 3.953 2.652 4.186 6.677 1.609 7.599 7.854 4.526 4.997 6.709 2.558 5.295 7.546 2.065 4.913 1.789 7.179 4.733 9.394 2.619 8.758 2.772 8.985 7.691 7.992 4.743 6.529 3.452 6.415 6.949 1.950 6.474 9.332 7.302 7.498 5.950 4.058 2.569 8.456 8.145 2.744 5.239 8.190 8.299 3.462 2.862 5.771 5.122 3.265 7.889 8.571 2.215 5.938 3.817 6.773 4.891 2.042 4.739 
5.988 1.770 1.632 5.704 2.181 3.066 4.520 4.181 5.141 4.087 5.363 4.935 3.287 3.319 3.987 3.718 5.351 5.837 1.401 4.488 2.086 1.522 4.978 2.433 4.929 3.984 4.103 3.945 5.092 3.811 5.526 4.612 3.816 2.330 6.180 4.979 4.628 3.710 5.915 4.609 2.586 1.238 2.941 5.173 2.223 5.127 3.241 5.622 4.435 5.712 1.583 4.853 0.951 4.079 4.071 4.590 5.645 3.043 3.745 1.283 6.241 0.901 5.496 1.351 5.612 4.192 4.866 3.710 3.210 6.133 3.024 3.461 1.602 4.785 5.904 3.826 4.859 4.217 2.708 3.916 5.050 5.085 2.118 4.018 5.555 6.000 1.251 5.824 2.470 5.495 0.847 5.167 5.793 2.408 4.726 0.828 3.348 4.950 2.985 5.373 
6.136 2.641 3.267 5.646 3.578 2.740 5.993 4.721 6.472 4.991 6.649 6.595 2.647 4.591 5.670 4.638 6.828 6.354 0.375 5.908 2.259 0.915 6.237 3.639 5.763 3.581 5.763 4.326 4.921 4.380 3.919 6.079 5.448 4.018 7.847 5.689 3.553 2.163 7.569 5.189 1.467 2.919 3.728 3.485 2.074 6.318 2.693 5.634 6.096 5.705 2.941 6.156 0.894 5.076 5.694 2.907 5.849 1.357 5.085 2.718 7.927 1.133 7.184 1.895 7.284 5.762 6.547 3.022 4.898 4.445 4.304 5.070 1.113 6.019 7.553 5.450 5.357 4.016 3.635 2.283 6.333 6.759 2.479 3.470 6.056 6.247 2.372 4.156 4.158 5.858 1.963 5.737 7.415 2.355 4.214 2.348 5.014 5.424 2.722 5.607 
3.372 4.387 2.479 8.335 4.407 1.567 3.585 1.558 7.136 1.819 7.410 4.931 5.685 1.981 4.847 1.498 7.043 3.224 2.871 3.370 1.015 3.748 3.348 1.309 7.413 2.124 5.222 6.585 7.699 1.194 6.835 6.391 5.155 3.427 6.118 2.472 6.768 5.277 5.752 2.010 4.654 2.688 5.522 5.984 1.370 7.311 5.682 3.079 4.517 8.350 1.614 6.908 3.185 6.497 3.917 5.570 8.289 4.087 2.501 1.823 6.771 3.316 5.886 3.982 5.665 3.722 5.647 2.399 3.962 6.862 1.803 3.356 3.915 6.936 5.703 3.729 2.231 2.020 5.247 4.421 3.475 5.945 4.756 2.362 2.934 3.361 3.844 6.838 3.557 8.125 3.484 2.570 6.956 4.984 2.818 3.253 3.691 7.566 5.526 8.016 
9.782 3.642 6.000 2.871 4.852 6.357 8.958 8.358 6.658 8.508 6.671 8.956 1.257 7.840 7.559 8.142 7.430 10.005 3.976 8.965 5.906 3.099 9.498 6.942 4.859 7.126 7.386 3.056 2.149 8.007 3.153 6.779 6.943 6.279 10.091 9.293 0.636 2.395 9.918 8.822 2.195 5.508 3.684 4.050 5.736 6.146 1.350 9.257 8.477 3.013 6.103 6.330 3.695 4.789 8.288 3.568 3.540 3.547 8.259 5.804 9.665 3.641 9.157 3.367 9.508 8.519 8.297 6.461 7.091 4.634 7.546 7.746 2.958 6.035 9.931 8.052 9.006 7.616 3.927 4.304 9.567 8.389 2.910 6.951 9.709 9.905 3.981 3.916 6.368 3.880 3.981 9.377 8.585 2.350 7.664 4.530 7.448 3.830 1.803 3.433 
8.467 1.472 3.944 3.149 2.691 5.202 6.883 6.785 4.846 6.739 4.926 6.790 0.990 5.898 5.393 6.371 5.497 8.450 2.707 6.917 4.466 1.665 7.524 5.063 3.510 6.087 5.238 1.837 2.476 6.418 4.471 4.797 4.803 4.127 7.921 7.623 2.534 2.867 7.749 7.228 1.610 3.443 1.748 4.811 4.428 4.465 0.846 8.026 6.314 3.189 4.197 4.509 2.090 3.083 6.147 4.195 3.293 3.277 6.271 3.884 7.524 1.920 6.993 1.330 7.338 6.402 6.145 5.571 4.925 5.654 5.610 5.625 1.462 4.266 7.763 5.915 7.460 6.470 1.893 4.298 7.580 6.251 0.741 6.006 8.162 8.524 1.849 5.074 4.210 3.318 1.943 7.788 6.527 0.246 6.751 2.451 5.297 2.931 0.376 3.051 
4.929 4.826 4.656 7.674 5.617 1.796 6.738 4.229 8.571 4.944 8.771 7.821 4.562 5.145 7.262 4.675 8.824 5.590 2.247 6.554 2.343 3.128 6.567 4.287 7.982 2.136 7.473 6.521 6.920 4.003 4.022 8.083 7.238 5.596 9.067 5.266 4.931 3.007 8.733 4.664 3.293 4.497 5.943 2.917 1.929 8.477 4.657 4.317 7.350 7.755 3.974 8.268 3.025 7.276 6.825 2.660 7.975 1.726 5.677 3.912 9.443 3.280 8.615 4.095 8.553 6.743 8.140 1.371 6.399 3.711 4.918 6.203 3.320 8.160 8.697 6.600 4.696 2.718 5.832 1.382 6.697 8.395 4.698 1.860 5.306 5.149 4.486 3.820 5.746 8.029 4.045 5.119 9.208 4.532 2.480 4.283 6.343 7.622 4.813 7.747 
2.534 5.226 3.413 9.083 5.324 1.307 4.159 1.132 8.070 1.930 8.344 5.673 6.298 2.614 5.728 1.746 7.971 2.662 3.399 3.898 1.486 4.374 3.660 2.158 8.308 1.437 6.122 7.401 8.419 0.913 6.994 7.324 6.073 4.353 6.811 2.172 7.244 5.594 6.432 1.584 5.175 3.617 6.383 6.001 1.643 8.241 6.315 2.175 5.292 9.108 2.549 7.842 3.859 7.403 4.673 5.667 9.090 4.317 3.083 2.752 7.570 4.026 6.677 4.758 6.396 4.418 6.503 1.959 4.851 6.813 2.512 4.153 4.558 7.867 6.375 4.506 1.681 1.160 6.121 4.434 3.803 6.807 5.534 1.744 2.364 2.580 4.693 6.891 4.481 8.954 4.307 2.089 7.842 5.703 2.024 4.130 4.542 8.409 6.215 8.820 
0.775 7.663 5.448 11.622 7.539 3.697 4.712 1.779 10.002 2.428 10.300 6.541 8.887 3.770 7.185 2.667 9.707 0.585 5.989 4.386 4.072 6.958 3.633 3.969 10.590 3.214 7.675 9.867 10.976 2.144 9.353 9.158 7.762 6.215 7.398 1.475 9.814 8.100 7.004 1.434 7.761 5.794 8.774 8.226 4.222 10.296 8.901 1.317 6.320 11.638 4.697 9.825 6.429 9.649 5.705 7.993 11.576 6.791 3.948 4.976 8.522 6.582 7.650 7.271 7.156 5.290 7.784 3.978 6.422 8.926 3.881 5.407 7.139 9.914 6.925 5.636 1.120 2.626 8.482 6.717 3.771 8.099 8.046 3.526 0.602 0.418 7.115 9.135 6.309 11.398 6.770 1.003 9.228 8.258 3.176 6.502 5.955 10.829 8.785 11.301 
4.437 3.492 1.309 7.551 3.316 2.488 3.000 2.458 5.972 2.189 6.250 4.017 5.174 1.527 3.727 1.823 5.870 4.050 2.690 2.874 1.511 3.309 3.178 0.575 6.359 3.215 4.075 5.697 6.970 2.098 6.942 5.219 3.989 2.256 5.253 3.125 6.441 5.227 4.914 2.832 4.333 1.570 4.557 6.290 1.915 6.169 5.138 4.209 3.562 7.547 0.467 5.751 2.704 5.424 3.011 5.793 7.413 4.219 2.028 0.745 5.750 2.751 4.884 3.236 4.753 2.926 4.555 3.332 2.835 7.221 1.242 2.399 3.434 5.792 4.877 2.793 3.120 3.180 4.255 4.796 3.271 4.845 3.978 3.405 3.784 4.375 2.942 7.077 2.388 7.198 2.659 3.372 5.821 4.311 3.941 2.302 2.629 6.617 4.890 7.135 
7.138 4.013 5.114 5.748 5.156 3.766 7.810 6.105 7.870 6.575 8.001 8.441 2.693 6.354 7.462 6.244 8.361 7.634 2.199 7.707 3.742 2.246 7.966 5.403 6.739 4.356 7.511 5.030 4.982 5.807 2.107 7.617 7.164 5.834 9.691 7.130 2.675 0.720 9.416 6.570 1.624 4.752 4.860 1.715 3.419 7.592 2.835 6.550 7.941 5.856 4.763 7.539 2.616 6.244 7.543 1.097 6.208 0.679 6.864 4.557 9.722 2.790 9.002 3.295 9.125 7.604 8.329 3.617 6.719 2.659 6.075 6.918 2.334 7.344 9.401 7.298 6.674 4.910 4.884 1.221 8.073 8.525 3.559 4.118 7.339 7.324 3.930 2.310 5.970 6.378 3.602 7.084 9.101 3.148 4.771 4.080 6.857 6.091 3.172 6.019 
6.201 1.933 0.693 6.004 1.549 3.793 3.618 4.222 4.323 3.821 4.582 3.785 4.093 2.741 2.794 3.475 4.374 5.785 2.592 3.652 2.722 2.600 4.300 2.081 4.594 4.661 2.937 4.063 5.500 3.865 6.682 3.664 2.688 1.134 5.016 4.817 5.557 4.854 4.768 4.582 3.640 0.210 2.861 6.369 2.998 4.450 4.009 5.947 3.285 5.978 1.301 4.074 2.098 3.656 2.982 5.782 5.767 4.239 3.047 1.047 5.046 1.972 4.302 1.983 4.442 3.174 3.674 4.550 2.018 7.328 2.473 2.407 2.624 4.079 4.763 2.739 4.879 4.763 2.537 5.099 4.343 3.901 2.572 4.769 5.528 6.142 1.433 7.008 1.274 5.508 1.374 5.108 4.659 3.045 5.415 0.822 2.201 4.912 3.637 5.488 
6.909 2.321 1.235 6.101 1.291 4.819 3.350 4.876 3.437 4.262 3.722 3.001 4.722 2.990 1.754 3.960 3.351 6.311 3.664 3.482 3.745 3.522 4.292 2.648 4.162 5.654 1.840 4.092 5.713 4.546 7.622 2.679 1.586 0.452 4.163 5.292 6.251 5.793 3.968 5.170 4.503 1.172 2.839 7.401 4.054 3.692 4.608 6.732 2.525 6.044 2.105 3.233 3.096 3.202 2.411 6.802 5.708 5.289 3.118 1.957 4.013 2.926 3.329 2.684 3.578 2.741 2.620 5.604 1.137 8.359 2.790 1.987 3.503 3.310 3.978 2.198 5.490 5.695 2.485 6.180 4.297 2.825 3.049 5.790 6.083 6.804 2.005 8.000 0.459 5.359 2.170 5.652 3.555 3.606 6.402 1.640 1.543 4.743 4.163 5.434 
5.673 4.199 4.473 6.823 5.116 2.342 6.858 4.744 8.029 5.325 8.209 7.754 3.705 5.310 7.022 5.019 8.361 6.217 1.709 6.709 2.533 2.415 6.842 4.392 7.279 2.888 7.174 5.747 6.065 4.472 3.378 7.613 6.895 5.346 9.011 5.781 4.065 2.162 8.700 5.200 2.442 4.226 5.262 2.466 2.152 7.878 3.807 5.082 7.267 6.908 3.915 7.715 2.441 6.624 6.789 2.061 7.152 0.856 5.839 3.786 9.252 2.688 8.460 3.450 8.472 6.768 7.905 2.150 6.194 3.370 5.055 6.158 2.593 7.580 8.672 6.553 5.277 3.446 5.187 0.932 6.961 8.139 3.981 2.651 5.925 5.867 3.926 3.318 5.492 7.229 3.505 5.694 8.871 3.756 3.317 3.834 6.216 6.846 3.992 6.930 
9.017 4.124 6.062 4.272 5.385 5.597 8.970 7.814 7.614 8.135 7.670 9.252 1.842 7.675 8.009 7.781 8.293 9.409 3.511 8.926 5.365 2.930 9.336 6.732 6.020 6.263 7.925 4.195 3.540 7.488 1.806 7.594 7.512 6.545 10.452 8.808 0.818 1.237 10.233 8.284 1.867 5.608 4.526 2.653 5.113 7.178 2.011 8.448 8.756 4.411 5.962 7.278 3.514 5.792 8.471 2.202 4.913 2.550 8.145 5.695 10.213 3.559 9.610 3.615 9.869 8.631 8.815 5.542 7.412 3.242 7.382 7.881 2.873 7.015 10.234 8.227 8.425 6.799 4.690 3.099 9.424 8.951 3.444 6.043 9.111 9.181 4.301 2.539 6.657 5.217 4.152 8.821 9.304 2.871 6.713 4.712 7.682 5.096 2.524 4.787 
5.605 3.480 3.715 6.410 4.347 2.172 6.206 4.415 7.275 4.863 7.463 7.017 3.337 4.698 6.245 4.533 7.587 5.982 0.933 6.077 2.029 1.765 6.282 3.757 6.619 2.916 6.390 5.169 5.669 4.107 3.800 6.840 6.110 4.570 8.276 5.431 3.989 2.271 7.972 4.882 2.077 3.451 4.582 3.087 1.714 7.148 3.409 5.058 6.526 6.479 3.207 6.965 1.691 5.924 6.067 2.590 6.659 1.046 5.218 3.052 8.481 1.944 7.698 2.740 7.730 6.071 7.128 2.278 5.425 4.027 4.429 5.435 1.960 6.841 7.948 5.828 5.005 3.411 4.481 1.658 6.393 7.359 3.334 2.756 5.684 5.754 3.173 3.874 4.716 6.689 2.743 5.408 8.086 3.186 3.485 3.053 5.465 6.268 3.507 6.423 
8.033 5.302 3.731 8.530 4.078 7.117 2.797 6.122 4.001 5.122 4.293 0.965 7.732 3.902 1.371 5.012 3.179 6.991 6.621 3.119 6.135 6.595 4.004 4.338 5.874 7.772 1.628 6.590 8.320 5.923 10.697 3.131 2.090 2.913 1.258 5.996 9.277 8.867 1.280 6.196 7.584 4.012 5.445 10.413 6.525 4.654 7.603 8.101 1.174 8.432 4.397 4.065 6.137 5.086 1.806 9.829 7.926 8.279 3.567 4.451 1.124 5.987 0.257 5.754 0.769 2.183 0.799 7.965 2.030 11.373 3.945 2.295 6.583 4.365 1.345 1.945 6.520 7.606 5.124 9.098 3.905 0.968 6.029 8.000 6.872 7.802 5.067 11.051 2.778 7.455 5.251 6.478 2.001 6.606 8.451 4.713 2.020 6.872 7.126 7.683 
9.748 2.082 4.261 2.886 2.165 6.864 6.741 7.825 2.637 7.447 2.641 6.004 3.236 6.291 4.385 7.105 3.469 9.413 4.609 6.886 5.913 3.711 7.693 5.712 1.158 7.785 4.017 1.046 2.747 7.460 6.820 2.902 3.558 3.856 6.898 8.449 4.584 5.280 6.840 8.203 4.002 3.841 0.900 7.225 6.024 2.124 3.064 9.425 5.618 2.790 4.915 2.316 3.839 0.762 5.700 6.609 2.338 5.595 6.493 4.628 6.108 3.589 5.823 2.749 6.355 6.091 4.886 7.422 4.326 8.061 6.049 5.370 3.531 2.008 6.880 5.520 8.491 8.043 1.130 6.631 7.702 4.877 2.143 7.786 9.153 9.722 2.576 7.462 3.853 1.954 2.999 8.736 4.778 2.478 8.514 3.123 4.854 1.338 2.577 2.075 
5.249 2.725 0.633 6.807 2.501 3.009 3.213 3.274 5.213 2.937 5.483 3.846 4.595 2.012 3.239 2.579 5.176 4.855 2.459 3.167 1.943 2.838 3.661 1.200 5.542 3.830 3.511 4.918 6.253 2.915 6.731 4.498 3.359 1.624 5.104 3.909 5.954 4.946 4.802 3.644 3.898 0.760 3.756 6.230 2.285 5.379 4.540 5.003 3.357 6.794 0.356 4.979 2.246 4.607 2.901 5.685 6.632 4.100 2.421 0.140 5.396 2.226 4.573 2.560 4.562 2.948 4.108 3.816 2.360 7.182 1.721 2.271 2.927 5.005 4.779 2.660 3.935 3.876 3.447 4.824 3.729 4.375 3.265 3.974 4.594 5.191 2.181 6.954 1.769 6.402 1.953 4.177 5.268 3.651 4.577 1.529 2.310 5.816 4.242 6.354 
7.257 1.379 1.626 5.208 0.497 4.757 4.237 5.272 3.349 4.818 3.589 3.941 3.798 3.650 2.582 4.484 3.533 6.815 3.138 4.339 3.701 2.778 5.094 3.098 3.552 5.648 2.524 3.212 4.789 4.918 6.836 2.792 2.150 1.340 5.076 5.831 5.337 5.020 4.899 5.622 3.687 1.252 1.962 6.729 3.934 3.417 3.678 7.002 3.470 5.162 2.355 3.078 2.457 2.606 3.353 6.115 4.874 4.671 3.871 2.104 4.796 2.244 4.185 1.826 4.492 3.664 3.394 5.470 2.078 7.677 3.407 2.896 2.723 3.053 4.913 3.134 5.924 5.786 1.613 5.626 5.115 3.551 2.110 5.731 6.564 7.196 1.136 7.266 1.393 4.567 1.416 6.140 4.088 2.675 6.402 1.014 2.487 3.958 3.222 4.596 
5.568 3.016 0.413 7.065 2.409 3.751 2.545 3.531 4.772 2.932 5.062 2.991 5.156 1.721 2.445 2.619 4.599 4.970 3.284 2.565 2.715 3.538 3.219 1.304 5.434 4.511 2.776 5.098 6.579 3.206 7.529 3.974 2.696 0.986 4.249 3.958 6.589 5.724 3.953 3.822 4.600 0.910 3.867 7.073 3.086 5.041 5.079 5.412 2.499 7.032 0.955 4.578 2.975 4.475 2.067 6.519 6.786 4.938 1.971 0.989 4.552 2.907 3.719 3.053 3.703 2.168 3.294 4.582 1.553 8.028 1.484 1.444 3.597 4.659 3.933 1.822 4.141 4.476 3.527 5.682 3.258 3.574 3.661 4.690 4.738 5.456 2.523 7.781 1.106 6.493 2.434 4.308 4.525 4.127 5.241 1.902 1.451 5.886 4.721 6.507 
8.039 5.289 3.725 8.514 4.065 7.116 2.806 6.126 3.984 5.128 4.277 0.975 7.719 3.905 1.358 5.016 3.162 6.998 6.614 3.127 6.132 6.585 4.014 4.338 5.857 7.771 1.612 6.575 8.305 5.926 10.687 3.114 2.075 2.905 1.275 6.003 9.264 8.857 1.296 6.201 7.574 4.004 5.431 10.405 6.522 4.638 7.591 8.106 1.178 8.416 4.393 4.048 6.128 5.069 1.810 9.821 7.910 8.271 3.572 4.446 1.124 5.977 0.264 5.742 0.786 2.189 0.782 7.963 2.022 11.365 3.946 2.296 6.573 4.348 1.361 1.947 6.525 7.607 5.110 9.092 3.914 0.952 6.016 8.000 6.878 7.808 5.056 11.042 2.769 7.438 5.241 6.485 1.987 6.593 8.451 4.703 2.017 6.856 7.113 7.667 
10.741 3.033 5.562 1.297 3.587 7.604 8.223 8.922 3.981 8.681 3.897 7.581 2.859 7.620 5.969 8.324 4.901 10.560 5.150 8.344 6.773 4.124 9.108 6.939 1.861 8.508 5.607 0.827 1.303 8.552 6.250 4.416 5.148 5.313 8.488 9.647 3.782 5.025 8.427 9.334 3.994 5.095 2.052 6.934 6.797 3.336 2.708 10.349 7.184 1.202 6.093 3.698 4.461 2.223 7.231 6.361 0.890 5.699 7.878 5.786 7.676 4.246 7.412 3.456 7.944 7.601 6.474 8.029 5.862 7.654 7.358 6.858 3.922 3.356 8.467 7.039 9.599 8.851 2.402 6.690 9.130 6.458 2.686 8.449 10.285 10.758 3.584 6.976 5.330 0.844 3.918 9.884 6.291 2.675 9.194 4.222 6.372 0.687 2.404 0.614 
10.512 4.062 4.843 5.283 3.153 8.288 6.199 8.473 0.191 7.773 0.235 4.800 5.933 6.441 3.311 7.504 0.964 9.833 6.536 6.450 7.224 5.889 7.377 6.250 2.275 9.169 2.774 3.796 5.373 8.152 9.485 1.055 2.506 3.965 5.254 8.797 7.347 7.829 5.345 8.741 6.478 4.662 3.267 9.732 7.471 0.765 5.764 10.347 4.611 5.139 5.703 0.513 5.779 2.016 4.990 9.105 4.485 7.873 6.416 5.518 4.061 5.531 4.146 4.810 4.837 5.465 3.287 9.010 3.833 10.622 6.296 4.973 5.756 0.769 5.413 4.916 9.066 9.267 3.177 8.893 7.332 3.110 4.511 9.264 9.625 10.392 4.294 10.076 3.863 3.942 4.724 9.194 2.464 5.004 9.923 4.505 4.375 3.493 5.253 4.311 
0.545 7.829 5.662 11.760 7.742 3.732 4.998 1.974 10.239 2.690 10.535 6.825 8.987 4.027 7.448 2.914 9.959 0.866 6.081 4.672 4.179 7.066 3.924 4.188 10.788 3.185 7.934 10.028 11.105 2.331 9.341 9.402 8.013 6.449 7.687 1.757 9.877 8.133 7.293 1.667 7.843 5.995 8.951 8.190 4.303 10.522 9.006 1.154 6.598 11.780 4.894 10.057 6.549 9.851 5.981 7.978 11.733 6.818 4.220 5.167 8.806 6.710 7.933 7.416 7.443 5.570 8.056 3.952 6.677 8.868 4.128 5.673 7.250 10.140 7.214 5.909 1.342 2.601 8.664 6.699 4.061 8.372 8.192 3.485 0.889 0.191 7.283 9.100 6.545 11.566 6.928 1.276 9.498 8.387 3.080 6.678 6.216 11.002 8.905 11.459 
