25 100 100
113.740 107.004 103.751 125.182 98.513 44.525 85.682 31.494 92.532 29.894 98.593 65.968 56.007 38.805 85.740 81.102 22.882 26.069 118.583 129.585 122.038 84.929 64.629 102.278 26.901 
112.389 72.404 103.608 33.245 96.003 29.467 24.081 31.499 33.944 31.192 100.265 66.704 21.555 34.401 97.257 47.959 75.859 48.274 10.717 108.841 73.464 44.502 15.061 32.869 68.488 112.596 34.949 104.765 24.904 35.184 28.073 45.852 18.445 81.966 41.395 10.493 17.318 21.397 62.956 42.419 17.455 20.877 42.674 111.031 112.621 108.103 34.164 44.104 16.241 108.028 69.186 65.737 17.838 106.044 109.861 59.833 64.269 105.845 21.002 43.089 114.476 36.749 66.110 27.148 79.744 53.021 39.173 64.067 35.556 79.656 60.837 13.628 106.119 41.664 104.369 14.452 37.634 18.742 81.359 109.001 19.435 72.581 77.300 62.762 46.287 44.731 97.746 80.460 41.177 45.556 74.368 107.498 57.787 37.467 102.072 81.748 65.953 42.212 37.450 58.303 
8.799 25.621 19.647 16.947 27.310 20.562 29.650 24.194 28.073 12.601 30.608 30.654 33.955 24.150 9.752 26.407 5.515 21.999 33.949 6.194 20.279 26.709 8.218 20.788 24.594 21.697 7.274 18.187 8.768 12.919 34.728 14.329 28.793 23.631 21.488 24.735 9.690 11.985 34.145 8.883 23.547 12.318 11.848 10.637 11.322 23.627 26.657 24.040 9.146 26.477 32.737 15.600 12.447 5.938 33.255 25.603 6.401 31.475 15.321 29.209 13.836 29.718 11.907 7.887 34.533 19.100 15.383 23.925 7.396 31.698 11.098 19.623 29.288 14.081 26.828 5.606 31.440 21.878 10.876 31.979 7.279 5.790 5.735 18.667 20.532 33.090 18.992 14.993 13.147 25.547 12.567 27.480 9.755 5.366 23.372 18.446 21.151 17.404 23.607 10.025 
1422.171 1066.488 1326.212 749.815 1208.882 732.124 700.831 692.991 766.935 702.286 1282.806 975.398 602.397 801.167 1253.238 908.935 1047.744 876.187 441.639 1338.066 1095.704 802.970 511.960 761.782 1094.444 1286.123 762.363 1252.470 715.049 724.114 717.647 839.369 506.044 1201.283 849.913 422.310 540.819 579.293 1014.667 836.689 532.480 664.440 887.815 1274.445 1344.929 1282.466 778.753 899.142 543.658 1331.810 1109.859 1089.631 570.581 1378.713 1307.659 1010.335 1024.946 1359.043 642.839 857.320 1374.202 793.946 1114.500 667.497 1126.442 954.988 876.897 1037.409 783.761 1125.016 1059.055 502.597 1367.658 809.639 1295.133 532.126 804.382 594.856 1104.404 1372.384 603.513 1047.828 1046.347 1036.583 924.209 878.416 1260.444 1079.952 856.087 868.455 1126.703 1367.255 963.488 771.679 1320.984 1200.642 1062.775 862.053 751.884 1002.165 
5.018 1.596 5.378 6.523 4.964 0.940 7.427 4.629 6.294 9.061 0.603 3.686 6.795 1.782 5.532 9.150 4.509 2.219 5.599 4.116 5.137 4.735 3.381 2.577 3.312 7.082 5.101 2.328 1.606 6.969 5.513 5.981 5.141 3.092 4.356 6.637 7.328 6.013 4.132 5.548 3.263 7.030 3.193 3.063 4.567 5.654 6.781 8.020 2.185 5.338 5.286 0.808 2.342 6.702 3.308 5.621 8.312 10.183 6.831 3.616 7.415 9.718 4.422 4.014 9.664 5.610 4.253 1.994 6.683 5.744 4.870 8.016 3.729 4.788 9.093 3.093 3.551 8.473 8.473 8.909 7.498 5.497 6.031 4.602 4.874 7.063 3.948 6.489 7.335 5.792 2.645 4.173 4.750 3.039 6.599 4.276 6.542 4.205 3.819 0.491 
6.729 3.106 8.066 8.937 6.550 3.571 6.829 4.175 5.127 7.522 3.813 1.880 7.051 3.482 4.502 9.598 1.448 2.713 5.488 1.541 2.176 6.100 1.756 6.684 7.226 7.445 0.904 6.687 6.014 4.743 4.881 4.357 1.083 7.372 1.408 3.857 8.663 3.671 5.820 4.882 2.425 6.565 1.246 1.440 3.133 7.018 3.157 8.360 5.733 5.590 8.499 4.287 5.556 9.111 1.102 6.193 7.019 11.495 6.722 7.118 7.999 7.127 5.553 0.640 7.040 7.167 8.218 2.459 3.043 3.707 4.010 9.948 7.504 7.318 10.357 2.019 7.855 8.138 9.739 8.678 8.530 1.890 9.044 8.275 9.152 9.391 7.080 7.127 4.444 5.672 2.016 2.278 3.861 6.218 8.458 4.122 3.801 2.591 2.668 4.812 
1.627 5.973 2.635 2.279 1.658 7.029 2.961 3.740 3.827 4.964 6.703 8.748 1.593 8.004 3.875 2.657 6.580 5.782 2.626 8.843 6.296 1.939 6.143 5.634 5.165 1.422 7.710 6.508 6.963 5.313 3.368 4.510 7.533 6.283 8.907 6.053 0.826 5.442 2.499 3.394 8.757 2.718 7.462 6.808 4.872 0.970 7.320 1.845 4.815 2.339 3.711 7.403 4.464 2.340 7.302 1.706 4.258 3.723 2.171 4.292 1.199 6.941 2.404 7.206 6.964 1.043 5.437 7.146 7.313 5.090 4.028 2.287 4.850 2.489 2.581 5.969 6.538 2.957 1.946 3.091 0.879 7.019 3.435 4.694 6.939 2.353 3.615 1.038 6.362 2.527 6.316 9.374 4.143 4.028 1.184 3.724 5.987 9.588 9.357 6.353 
4.422 8.918 4.291 3.173 4.535 9.887 5.118 6.743 6.510 6.604 9.533 11.764 4.100 10.882 6.742 2.520 9.592 8.779 5.528 11.874 9.255 4.909 9.182 7.839 7.175 3.726 10.716 8.739 9.387 7.893 6.250 7.289 10.530 8.291 11.943 8.776 2.214 8.249 5.387 6.268 11.745 5.078 10.491 9.841 7.864 3.928 10.120 3.165 7.330 5.320 5.049 10.166 7.059 3.040 10.336 4.697 6.141 0.888 4.630 6.353 3.132 8.835 5.414 10.243 8.888 3.862 7.055 10.114 10.128 7.932 6.998 1.525 6.743 4.660 0.706 9.005 8.401 4.294 1.177 3.999 2.391 9.969 4.353 6.225 8.356 2.693 5.737 3.819 8.955 5.386 9.338 12.392 7.124 6.458 2.766 6.753 8.724 12.597 12.351 9.025 
2.624 5.602 0.879 1.706 2.823 6.117 6.204 5.390 6.400 8.280 5.716 8.613 4.871 7.086 6.049 5.927 7.632 5.790 5.033 8.902 7.728 3.197 6.736 3.183 2.421 4.844 8.700 4.045 4.840 7.828 5.617 6.781 8.600 3.480 9.067 8.232 3.652 7.505 3.010 5.660 8.368 5.864 7.597 7.079 6.339 3.090 9.195 5.341 3.155 4.575 0.207 6.114 3.102 1.828 7.549 4.187 7.513 5.755 5.348 1.753 4.706 10.015 3.605 7.835 10.016 2.798 2.189 6.765 9.148 7.114 5.799 3.343 1.949 1.400 4.919 6.443 3.543 6.451 4.459 6.596 4.151 8.413 0.702 1.360 3.568 2.179 1.428 4.266 8.747 5.073 6.487 9.201 5.826 2.365 2.555 5.127 8.143 9.314 8.973 4.885 
5.038 9.505 5.052 3.952 5.131 10.516 5.224 7.147 6.739 6.499 10.171 12.293 4.373 11.504 7.051 2.343 9.990 9.330 5.879 12.376 9.600 5.472 9.655 8.588 7.939 3.980 11.100 9.489 10.115 8.054 6.576 7.544 10.906 9.060 12.431 8.985 2.749 8.506 5.988 6.589 12.304 5.246 11.000 10.342 8.248 4.487 10.354 3.261 8.034 5.724 5.836 10.827 7.748 3.824 10.833 5.120 6.121 0.187 4.853 7.107 3.387 8.747 5.951 10.690 8.808 4.460 7.841 10.688 10.371 8.210 7.369 2.314 7.513 5.382 0.967 9.497 9.180 4.240 1.602 3.863 2.783 10.302 5.147 7.011 9.149 3.483 6.480 4.191 9.105 5.720 9.860 12.919 7.504 7.170 3.461 7.194 8.940 13.135 12.904 9.706 
4.570 9.011 4.723 3.672 4.651 10.042 4.687 6.605 6.189 6.018 9.703 11.774 3.823 11.026 6.501 1.871 9.446 8.821 5.332 11.851 9.051 4.976 9.123 8.226 7.603 3.430 10.554 9.127 9.723 7.511 6.027 6.994 10.359 8.732 11.902 8.438 2.262 7.956 5.508 6.039 11.796 4.700 10.477 9.818 7.703 3.994 9.806 2.720 7.621 5.183 5.569 10.373 7.320 3.563 10.307 4.584 5.612 0.737 4.303 6.757 2.837 8.263 5.443 10.153 8.321 3.984 7.564 10.187 9.822 7.660 6.823 2.098 7.191 4.996 0.489 8.970 8.875 3.737 1.109 3.386 2.251 9.752 4.920 6.737 8.915 3.245 6.115 3.648 8.565 5.171 9.342 12.400 6.958 6.766 3.064 6.658 8.393 12.619 12.394 9.269 
3.264 1.628 3.839 4.929 3.204 2.266 5.827 3.259 4.903 7.600 1.895 4.626 5.084 3.267 4.191 7.394 4.175 1.935 4.007 4.925 4.568 2.977 3.088 2.233 2.619 5.353 5.081 2.631 2.530 5.837 4.058 4.764 5.039 3.044 5.101 5.740 5.576 5.036 2.370 4.099 4.399 5.422 3.659 3.215 3.565 3.893 6.228 6.279 1.106 3.693 3.992 2.544 0.920 5.111 3.647 3.909 6.821 8.450 5.170 2.484 5.665 8.535 2.692 4.081 8.495 3.855 3.599 2.780 6.148 4.701 3.586 6.341 2.861 3.174 7.349 2.764 3.525 6.797 6.725 7.211 5.737 5.116 4.649 3.633 4.709 5.458 2.560 4.747 6.409 4.188 2.630 5.216 3.501 1.633 4.889 2.883 5.641 5.338 5.010 1.547 
5.389 3.282 6.986 7.671 5.185 4.310 4.834 2.480 3.115 5.487 4.371 3.752 5.211 4.669 2.559 7.700 0.623 2.667 3.681 3.529 0.265 4.715 1.513 6.552 6.894 5.609 1.558 6.828 6.396 2.740 2.998 2.322 1.350 7.349 3.438 1.978 7.027 1.646 4.614 2.990 4.162 4.600 2.587 2.135 1.346 5.516 1.931 6.478 5.402 3.882 7.634 5.086 5.098 7.830 2.324 4.513 4.973 9.746 4.817 6.544 6.188 5.292 4.172 1.626 5.215 5.719 7.838 3.398 1.842 1.662 2.198 8.442 7.052 6.243 8.628 1.780 7.835 6.147 8.032 6.690 6.812 0.873 8.038 7.689 9.029 8.061 6.316 5.383 2.650 3.843 2.289 4.253 2.075 5.606 7.010 2.571 1.901 4.557 4.553 5.123 
5.336 0.915 6.299 7.319 5.205 1.296 6.686 3.715 5.228 7.972 1.468 2.113 6.432 1.686 4.460 8.976 2.581 0.982 4.969 2.386 3.309 4.828 1.555 4.377 4.980 6.788 3.051 4.329 3.663 5.518 4.621 4.697 3.104 5.030 2.566 4.973 7.550 4.457 4.364 4.644 2.010 6.330 1.184 1.026 3.187 5.813 4.875 7.756 3.541 4.871 6.529 2.068 3.452 7.500 1.261 5.345 7.301 10.469 6.290 5.001 7.248 8.226 4.348 1.965 8.159 5.875 5.971 0.439 4.770 4.277 3.795 8.582 5.306 5.587 9.331 1.370 5.510 7.900 8.695 8.400 7.566 3.545 7.169 6.127 6.816 7.825 5.095 6.305 5.666 5.175 0.789 2.725 3.644 4.173 7.080 3.460 4.886 2.889 2.618 2.451 
4.747 0.673 5.813 6.793 4.606 1.682 6.032 3.061 4.599 7.357 1.706 2.657 5.773 2.287 3.827 8.320 2.295 0.345 4.309 2.850 2.931 4.214 1.165 4.238 4.761 6.131 2.994 4.327 3.782 4.974 3.971 4.103 2.996 4.958 2.987 4.507 6.930 3.941 3.778 3.995 2.635 5.674 1.502 1.027 2.599 5.197 4.566 7.098 3.269 4.211 6.125 2.447 3.109 6.972 1.460 4.692 6.673 9.846 5.630 4.674 6.596 7.706 3.721 1.937 7.642 5.272 5.753 1.096 4.467 3.729 3.158 8.004 5.042 5.085 8.705 0.888 5.446 7.241 8.070 7.739 6.929 3.284 6.726 5.825 6.722 7.287 4.692 5.654 5.206 4.514 0.466 3.282 3.009 3.796 6.498 2.801 4.415 3.474 3.233 2.514 
3.439 5.989 5.129 5.051 3.278 7.241 0.242 2.767 1.615 2.296 7.034 8.089 1.209 8.067 2.182 3.082 5.246 5.543 1.596 8.016 4.672 3.084 5.311 7.190 6.986 1.451 6.254 7.935 8.084 2.835 1.878 2.446 6.034 7.979 7.992 3.783 3.324 3.378 3.629 1.862 8.301 0.167 6.762 6.111 3.577 2.905 5.168 1.960 6.075 1.905 6.181 7.841 5.655 5.128 6.535 1.919 1.519 5.404 0.652 6.193 1.989 4.142 3.039 6.132 4.163 3.199 7.546 6.920 5.194 3.143 2.754 4.915 6.816 4.689 4.402 5.284 8.347 1.462 3.928 1.998 2.849 5.311 6.090 6.942 9.059 5.154 5.582 1.799 3.889 1.404 5.807 8.678 2.912 5.563 3.981 3.035 3.745 8.950 8.830 7.107 
1.957 3.708 3.737 4.206 1.741 4.923 2.647 1.085 2.017 4.486 4.682 6.197 2.099 5.809 1.580 4.644 3.897 3.357 0.835 6.239 3.664 1.295 3.500 4.905 4.825 2.452 5.029 5.592 5.686 3.369 1.169 2.312 4.857 5.723 6.281 3.790 3.509 3.082 1.534 1.214 6.287 2.243 4.879 4.214 2.214 1.961 4.881 3.420 3.737 0.547 4.614 5.476 3.315 4.352 4.696 1.045 3.691 6.341 2.036 4.128 2.933 5.761 0.883 4.535 5.744 2.182 5.534 4.762 4.853 2.694 1.438 4.883 4.749 3.071 5.200 3.360 6.130 3.681 4.578 4.140 3.375 4.391 4.812 5.077 6.996 4.549 3.622 2.006 4.279 1.008 3.779 6.817 1.520 3.353 3.459 1.040 3.705 7.054 6.864 4.700 
3.643 5.604 5.415 5.469 3.458 6.868 0.776 2.331 0.948 2.241 6.691 7.535 1.729 7.649 1.605 3.775 4.621 5.116 1.418 7.436 4.015 3.179 4.771 7.142 7.015 2.045 5.602 7.837 7.905 2.159 1.416 1.771 5.379 7.953 7.398 3.091 3.891 2.689 3.650 1.387 7.781 0.659 6.217 5.578 3.002 3.210 4.475 2.647 5.981 1.837 6.434 7.507 5.559 5.563 5.982 2.073 1.447 6.087 1.144 6.265 2.618 3.763 3.012 5.534 3.769 3.509 7.650 6.462 4.501 2.469 2.236 5.486 6.891 4.900 5.070 4.772 8.347 2.087 4.576 2.631 3.454 4.639 6.423 7.102 9.146 5.625 5.692 2.251 3.220 1.282 5.317 8.113 2.392 5.558 4.439 2.648 3.052 8.392 8.292 6.860 
3.677 8.166 3.696 2.645 3.782 9.150 4.495 5.988 5.812 6.111 8.801 11.002 3.399 10.143 6.013 2.212 8.836 8.020 4.789 11.110 8.511 4.150 8.418 7.213 6.580 3.038 9.962 8.114 8.729 7.223 5.516 6.577 9.778 7.707 11.179 8.080 1.450 7.535 4.638 5.536 10.987 4.420 9.727 9.077 7.112 3.167 9.411 2.590 6.645 4.568 4.542 9.447 6.359 2.540 9.572 3.941 5.590 1.538 3.948 5.738 2.455 8.313 4.652 9.480 8.360 3.109 6.535 9.359 9.416 7.210 6.250 1.125 6.164 3.996 0.578 8.241 7.847 3.796 0.519 3.576 1.662 9.228 3.905 5.709 7.894 2.233 5.103 3.081 8.287 4.653 8.575 11.630 6.373 5.781 2.071 5.992 8.025 11.836 11.592 8.319 
3.403 1.389 4.053 5.130 3.331 2.088 5.825 3.179 4.838 7.558 1.732 4.394 5.134 3.088 4.110 7.485 3.959 1.699 3.999 4.688 4.373 3.076 2.863 2.429 2.846 5.416 4.851 2.771 2.592 5.721 4.006 4.660 4.813 3.228 4.863 5.588 5.713 4.892 2.484 4.045 4.178 5.423 3.419 2.975 3.416 4.013 6.038 6.353 1.335 3.706 4.227 2.424 1.161 5.312 3.406 3.959 6.786 8.600 5.193 2.725 5.749 8.434 2.755 3.846 8.392 3.990 3.830 2.551 5.957 4.566 3.489 6.520 3.098 3.376 7.492 2.539 3.712 6.829 6.865 7.254 5.854 4.908 4.878 3.873 4.916 5.656 2.794 4.822 6.263 4.185 2.392 4.987 3.395 1.871 5.057 2.806 5.489 5.113 4.790 1.519 
5.349 2.905 5.241 6.414 5.350 2.216 8.243 5.638 7.300 10.018 1.949 4.888 7.431 2.785 6.566 9.601 5.849 3.516 6.428 5.354 6.447 5.232 4.712 1.828 2.635 7.668 6.460 1.189 0.266 8.123 6.469 7.088 6.499 2.018 5.610 7.879 7.588 7.223 4.604 6.509 4.389 7.837 4.532 4.422 5.752 6.041 8.105 8.557 2.163 6.101 4.878 1.657 2.514 6.583 4.659 6.266 9.243 10.316 7.563 3.232 7.915 10.859 5.043 5.374 10.812 5.931 3.419 3.321 8.009 6.928 5.932 8.014 3.113 4.797 9.284 4.414 2.409 9.172 8.692 9.562 7.850 6.838 5.672 3.964 3.713 6.955 3.754 7.037 8.571 6.607 3.994 5.309 5.829 3.007 6.716 5.267 7.782 5.288 4.883 1.066 
4.630 0.136 5.501 6.541 4.515 1.146 6.338 3.400 5.016 7.794 1.067 2.919 5.935 1.966 4.241 8.436 2.983 0.705 4.554 3.209 3.600 4.168 1.848 3.611 4.181 6.271 3.661 3.652 3.093 5.528 4.315 4.598 3.674 4.305 3.389 5.129 6.888 4.530 3.661 4.344 2.744 5.962 1.977 1.645 3.126 5.151 5.246 7.237 2.725 4.390 5.707 1.858 2.628 6.723 2.006 4.805 7.080 9.806 5.858 4.179 6.694 8.275 3.725 2.588 8.215 5.188 5.174 1.096 5.149 4.288 3.565 7.849 4.495 4.799 8.675 1.556 4.791 7.494 8.040 7.972 6.945 3.972 6.354 5.308 6.080 7.055 4.274 5.747 5.828 4.758 1.142 3.519 3.428 3.349 6.356 3.091 5.035 3.661 3.359 1.825 
5.403 3.199 6.984 7.683 5.201 4.214 4.917 2.516 3.200 5.591 4.280 3.644 5.272 4.564 2.630 7.770 0.516 2.587 3.736 3.424 0.359 4.731 1.419 6.495 6.848 5.670 1.491 6.759 6.317 2.848 3.060 2.414 1.291 7.288 3.336 2.088 7.069 1.753 4.615 3.054 4.052 4.678 2.477 2.029 1.383 5.544 2.005 6.546 5.351 3.926 7.619 4.991 5.053 7.844 2.214 4.556 5.072 9.801 4.886 6.510 6.246 5.402 4.186 1.518 5.324 5.742 7.796 3.294 1.913 1.760 2.248 8.474 7.012 6.240 8.680 1.693 7.775 6.230 8.082 6.773 6.861 0.887 8.033 7.658 8.976 8.079 6.293 5.433 2.758 3.900 2.193 4.147 2.120 5.572 7.035 2.592 2.011 4.450 4.445 5.043 
3.896 3.072 3.614 4.787 3.933 3.053 7.118 4.865 6.446 9.031 2.663 5.773 6.146 3.922 5.784 8.146 5.871 3.543 5.374 6.164 6.300 3.903 4.754 0.511 1.166 6.336 6.710 1.061 1.536 7.500 5.575 6.408 6.691 1.306 6.383 7.463 6.053 6.750 3.292 5.619 5.393 6.711 5.062 4.741 5.288 4.602 7.964 7.172 0.809 4.986 3.276 2.851 1.231 4.955 5.110 5.024 8.235 8.719 6.365 1.609 6.513 10.153 3.838 5.665 10.119 4.455 2.123 3.970 7.883 6.404 5.226 6.396 1.594 3.203 7.709 4.429 1.787 7.912 7.130 8.255 6.357 6.829 4.061 2.470 3.005 5.327 2.129 5.688 8.123 5.528 4.193 6.292 5.159 1.466 5.134 4.492 7.364 6.341 5.961 1.658 
4.271 4.249 6.060 6.480 4.055 5.487 2.812 1.454 1.088 3.580 5.406 5.654 3.382 6.112 0.782 5.754 2.622 3.663 2.024 5.499 1.979 3.618 2.983 6.707 6.815 3.771 3.567 7.221 7.049 1.243 1.287 0.291 3.343 7.544 5.436 1.470 5.404 0.798 3.787 1.256 5.973 2.613 4.377 3.783 1.244 4.159 2.675 4.563 5.486 2.386 6.916 6.211 5.094 6.615 4.125 2.985 2.985 7.937 2.908 6.238 4.367 3.970 3.173 3.578 3.921 4.420 7.637 4.850 2.671 0.460 1.054 6.932 6.832 5.384 6.855 3.073 7.998 4.123 6.296 4.667 5.091 2.612 7.135 7.278 9.021 6.776 5.820 3.686 1.979 2.121 3.655 6.202 1.104 5.362 5.627 1.803 1.388 6.494 6.437 5.850 
1.662 4.602 3.459 3.674 1.472 5.786 2.110 1.926 2.184 4.136 5.520 7.142 1.213 6.700 2.074 3.711 4.775 4.284 0.841 7.183 4.463 1.216 4.439 5.332 5.114 1.533 5.898 6.099 6.313 3.673 1.568 2.753 5.715 6.113 7.221 4.299 2.639 3.651 1.763 1.599 7.228 1.714 5.824 5.160 3.049 1.336 5.518 2.500 4.247 0.506 4.456 6.296 3.832 3.797 5.640 0.131 3.339 5.416 1.327 4.327 1.989 5.733 1.214 5.458 5.733 1.620 5.692 5.687 5.505 3.285 2.196 4.102 4.951 2.915 4.280 4.305 6.477 2.918 3.666 3.328 2.452 5.186 4.496 5.121 7.200 3.934 3.729 1.061 4.682 0.814 4.723 7.763 2.313 3.696 2.775 1.964 4.225 7.999 7.807 5.430 
4.193 0.851 4.829 5.921 4.112 1.288 6.403 3.596 5.263 8.028 0.946 3.693 5.815 2.287 4.504 8.221 3.760 1.392 4.577 4.029 4.302 3.833 2.620 2.732 3.307 6.116 4.514 2.819 2.369 5.978 4.479 4.970 4.513 3.438 4.226 5.705 6.499 5.054 3.259 4.515 3.427 6.008 2.849 2.519 3.589 4.787 5.970 7.066 1.877 4.331 4.933 1.695 1.840 6.102 2.886 4.647 7.278 9.393 5.825 3.353 6.479 8.723 3.471 3.453 8.672 4.776 4.299 1.842 5.879 4.767 3.845 7.321 3.634 4.166 8.281 2.304 3.926 7.469 7.652 7.915 6.622 4.744 5.616 4.462 5.207 6.449 3.514 5.541 6.399 4.772 1.986 4.266 3.728 2.577 5.857 3.242 5.608 4.372 4.034 1.110 
2.446 2.533 3.953 4.694 2.262 3.751 3.751 1.124 2.734 5.436 3.520 5.122 3.269 4.634 2.043 5.792 3.204 2.206 1.927 5.212 3.210 1.811 2.548 4.169 4.263 3.612 4.324 4.741 4.700 3.775 1.887 2.675 4.189 5.006 5.283 3.881 4.451 3.144 1.589 1.928 5.166 3.357 3.831 3.178 1.829 2.751 4.696 4.580 2.950 1.723 4.624 4.323 2.549 4.862 3.674 2.159 4.666 7.350 3.202 3.722 4.061 6.410 1.267 3.649 6.376 2.882 5.106 3.607 4.642 2.767 1.501 5.663 4.300 3.210 6.206 2.347 5.453 4.845 5.573 5.313 4.408 3.906 5.005 4.810 6.469 5.123 3.375 3.118 4.491 2.125 2.689 5.748 1.459 2.822 4.169 0.754 3.785 5.968 5.755 3.624 
2.547 2.010 3.755 4.647 2.408 3.140 4.478 1.881 3.511 6.208 2.867 4.856 3.866 4.078 2.810 6.314 3.443 1.855 2.649 5.021 3.619 2.032 2.567 3.438 3.601 4.178 4.507 3.975 3.924 4.507 2.663 3.415 4.406 4.274 5.131 4.524 4.756 3.795 1.580 2.704 4.810 4.077 3.641 3.034 2.380 3.018 5.205 5.136 2.217 2.380 4.267 3.647 1.833 4.824 3.531 2.705 5.433 7.676 3.873 3.153 4.569 7.171 1.580 3.682 7.135 3.077 4.493 3.183 5.139 3.435 2.233 5.805 3.692 3.005 6.540 2.295 4.732 5.517 5.904 5.961 4.799 4.267 4.751 4.287 5.798 5.123 2.913 3.624 5.163 2.839 2.474 5.482 2.166 2.220 4.300 1.505 4.426 5.672 5.416 2.869 
2.743 3.697 5.122 3.853 2.365 4.442 2.377 3.159 1.673 2.604 2.499 2.716 1.100 6.193 3.675 5.680 6.484 3.882 4.596 2.442 4.353 4.124 7.814 1.434 4.269 8.051 5.082 3.710 5.362 3.030 3.764 2.564 6.455 7.360 3.244 5.378 5.934 1.090 3.313 6.407 5.387 1.420 6.725 1.407 2.242 6.008 0.389 2.580 3.440 0.439 4.503 5.647 4.023 4.409 5.630 4.401 3.192 7.390 5.792 7.116 8.487 3.943 2.907 5.937 4.931 3.214 4.527 7.820 3.560 5.707 4.405 6.005 4.522 5.826 3.933 2.976 4.968 5.406 3.801 6.554 6.358 4.269 4.351 5.323 2.069 4.577 3.678 0.354 4.768 4.535 3.537 6.250 7.076 5.653 3.316 5.785 5.950 1.058 1.641 6.627 
5.798 8.195 6.141 2.545 2.135 1.070 4.854 3.917 4.163 6.335 2.001 1.789 4.233 6.574 5.172 5.279 6.304 6.259 3.721 6.867 3.435 7.128 3.734 4.328 3.468 3.584 1.792 8.156 0.941 3.049 8.250 5.037 3.191 3.599 2.896 2.327 5.900 5.501 2.176 6.656 5.912 3.524 2.588 4.205 2.906 6.080 4.814 3.846 5.209 4.176 5.120 7.603 1.543 1.692 2.663 0.115 5.190 7.514 1.488 3.467 4.199 8.443 5.885 3.610 3.351 7.455 5.048 3.679 5.574 2.126 6.461 1.818 6.213 1.978 6.437 5.602 4.329 1.160 3.448 7.049 7.290 1.050 7.995 5.424 3.634 9.039 2.997 4.617 5.079 7.200 4.803 5.702 2.624 5.150 1.504 1.986 4.992 3.546 3.727 6.018 
4.377 3.608 6.925 3.819 3.418 5.650 1.087 2.468 1.258 0.955 3.555 3.789 1.217 8.008 2.337 7.481 8.300 5.574 6.319 2.992 6.053 5.623 9.011 1.063 5.978 8.954 6.405 3.947 6.325 2.868 3.796 1.146 7.878 8.673 3.121 5.505 7.751 2.221 3.560 8.224 4.080 1.888 7.875 1.186 2.527 4.777 1.505 4.376 2.045 2.210 6.321 7.324 4.409 5.776 7.075 5.278 4.982 9.206 6.836 8.458 9.573 3.771 1.120 7.527 6.580 3.973 3.390 8.988 2.015 7.006 6.123 6.524 6.286 6.199 5.594 1.304 6.733 6.030 3.340 8.364 8.145 4.819 5.516 4.188 3.841 4.650 5.343 1.464 6.584 6.110 2.365 8.051 7.737 4.695 3.941 7.025 7.719 2.058 3.416 8.431 
4.269 2.526 7.038 4.988 4.361 6.571 2.211 3.627 2.394 0.764 4.502 4.735 2.193 8.181 3.314 7.849 8.573 5.480 6.862 2.270 6.628 5.304 9.955 2.156 6.542 10.007 7.276 2.963 7.345 4.037 2.744 2.212 8.697 9.559 4.290 6.672 8.028 2.086 4.701 8.411 4.981 2.904 8.835 2.267 3.634 5.702 1.894 4.798 3.013 2.722 6.585 7.159 5.541 6.619 7.877 6.315 5.099 9.366 7.832 9.328 10.566 2.658 1.759 8.218 7.213 3.241 4.407 9.945 2.872 7.893 6.052 7.652 6.297 7.346 5.456 2.130 7.201 7.136 4.506 8.489 8.183 5.928 4.931 5.177 4.325 3.577 5.960 1.996 6.885 5.849 3.418 8.412 8.845 5.742 5.022 7.941 8.175 2.930 3.901 8.782 
2.602 3.813 4.924 3.861 2.255 4.285 2.546 3.255 1.803 2.821 2.385 2.595 1.237 5.987 3.828 5.465 6.272 3.720 4.382 2.511 4.141 4.005 7.648 1.582 4.056 7.919 4.908 3.792 5.231 3.070 3.868 2.739 6.267 7.182 3.275 5.350 5.722 1.140 3.296 6.200 5.525 1.457 6.567 1.541 2.251 6.135 0.598 2.364 3.601 0.238 4.293 5.484 3.976 4.232 5.440 4.287 3.000 7.185 5.650 6.936 8.333 4.065 3.110 5.732 4.722 3.235 4.651 7.658 3.734 5.534 4.234 5.926 4.338 5.766 3.778 3.167 4.752 5.317 3.860 6.353 6.165 4.199 4.292 5.442 1.853 4.666 3.469 0.565 4.556 4.398 3.675 6.035 6.975 5.751 3.248 5.619 5.734 1.038 1.426 6.412 
7.019 9.159 7.390 2.572 3.158 2.226 5.353 4.163 4.815 6.978 3.041 2.867 5.014 7.773 5.360 6.441 7.453 7.519 4.913 7.901 4.642 8.371 3.758 5.032 4.684 3.038 2.735 9.182 1.301 3.372 9.239 5.504 3.838 3.900 3.154 1.514 7.078 6.529 2.542 7.841 5.718 4.311 2.733 4.918 3.552 5.734 5.750 5.100 5.465 5.205 6.368 8.868 1.691 2.849 3.530 1.302 6.449 8.666 1.752 3.860 3.944 9.395 6.368 4.542 4.477 8.557 4.973 3.648 5.843 2.829 7.727 0.563 7.478 0.788 7.695 6.028 5.510 0.110 3.468 8.248 8.518 1.257 9.199 5.164 4.857 10.054 4.251 5.536 6.311 8.459 4.989 6.827 1.664 4.739 2.187 2.588 6.093 4.453 4.911 7.121 
0.965 4.680 2.067 6.890 4.670 5.493 6.039 6.686 5.303 5.855 4.723 4.795 4.743 3.239 7.335 3.548 3.852 0.261 3.605 3.392 3.622 0.988 8.142 5.089 3.520 9.066 5.617 4.136 6.705 6.311 4.512 6.222 6.327 7.422 6.460 8.017 3.386 3.176 6.213 3.485 9.025 4.814 7.354 5.046 5.424 9.617 3.869 2.363 7.103 3.451 2.211 1.991 6.603 5.039 5.615 6.162 1.036 4.334 6.864 7.129 9.021 4.930 6.456 5.259 4.260 3.004 8.134 8.229 7.216 6.142 0.835 8.022 1.182 8.086 0.275 6.595 3.474 7.361 7.151 3.431 3.013 6.582 2.221 8.911 2.676 4.839 3.503 3.986 2.562 1.010 7.177 3.985 8.698 9.156 5.798 6.368 4.149 4.305 2.794 4.276 
2.748 6.092 3.047 4.497 2.234 2.524 4.884 4.888 3.988 5.582 2.215 2.179 3.611 3.789 5.911 2.880 3.827 2.997 1.604 4.613 1.359 3.928 5.429 3.925 1.273 6.161 2.737 5.820 3.734 4.226 6.049 5.103 3.770 4.807 4.284 5.285 3.302 3.480 3.805 3.946 7.340 3.230 4.512 3.821 3.420 7.788 3.381 0.710 5.774 2.560 2.086 4.358 3.944 2.106 2.961 3.241 1.937 4.923 3.914 4.529 6.250 6.363 5.699 3.019 1.968 4.866 6.387 5.486 6.024 3.319 3.187 5.093 2.963 5.211 3.184 5.639 2.035 4.435 5.035 4.237 4.300 3.801 4.950 7.058 0.961 6.690 0.745 3.317 2.194 3.943 5.633 3.441 5.727 7.104 3.189 3.507 3.017 2.800 1.371 3.822 
2.058 5.966 1.442 6.113 3.822 4.037 6.035 6.311 5.179 6.337 3.826 3.820 4.695 2.409 7.205 2.076 2.721 1.631 1.884 4.529 1.926 2.698 6.445 5.042 1.827 7.450 4.020 5.527 5.244 5.743 5.849 6.245 4.614 5.710 5.832 6.954 2.176 3.800 5.416 2.617 8.758 4.507 5.709 4.961 4.886 9.261 4.120 1.410 7.026 3.424 0.735 2.707 5.608 3.507 3.926 4.873 0.904 3.605 5.324 5.417 7.336 6.233 6.692 3.535 2.544 4.430 7.816 6.539 7.222 4.500 1.624 6.704 1.318 6.856 1.840 6.723 1.778 6.054 6.575 2.796 2.723 5.469 3.938 8.533 1.961 6.318 1.957 4.145 1.057 2.527 6.971 2.608 7.230 8.645 4.841 4.745 2.569 4.012 2.312 2.962 
3.033 6.320 1.750 8.752 6.472 6.792 8.111 8.698 7.358 7.900 6.498 6.525 6.804 2.366 9.398 3.456 3.160 1.852 4.340 5.237 4.504 2.049 8.829 7.152 4.426 10.028 6.679 5.683 7.986 8.259 6.102 8.296 6.961 8.033 8.387 9.708 2.946 5.231 8.060 2.565 11.072 6.827 8.259 7.104 7.375 11.647 5.946 4.022 9.171 5.500 2.681 0.087 8.336 6.234 6.413 7.652 2.732 3.031 8.017 7.744 9.749 6.538 8.530 5.754 4.985 4.605 10.167 8.950 9.291 7.085 1.362 9.480 1.471 9.635 1.817 8.672 3.925 8.832 9.103 2.250 1.597 8.229 3.137 10.933 4.479 6.204 4.709 6.061 2.878 1.454 9.228 3.625 9.956 11.140 7.550 7.354 4.140 6.314 4.699 3.752 
6.776 8.804 7.292 2.175 2.846 2.205 4.952 3.762 4.424 6.582 2.736 2.578 4.636 7.733 4.962 6.431 7.452 7.328 4.878 7.567 4.594 8.150 4.094 4.645 4.628 3.436 2.817 8.844 1.479 2.970 8.891 5.102 4.033 4.183 2.751 1.278 7.055 6.197 2.142 7.813 5.362 3.937 3.034 4.533 3.166 5.405 5.396 4.901 5.064 4.877 6.272 8.727 1.290 2.833 3.651 1.160 6.258 8.664 1.995 4.122 4.321 9.038 5.966 4.646 4.488 8.244 4.597 3.993 5.443 2.993 7.562 0.872 7.333 0.834 7.499 5.625 5.485 0.399 3.077 8.209 8.449 0.878 8.938 4.817 4.623 9.711 4.148 5.180 6.237 8.262 4.592 6.842 2.060 4.420 1.826 2.776 6.121 4.100 4.649 7.149 
8.129 11.055 7.477 5.269 5.082 3.009 7.858 6.809 7.186 9.358 4.942 4.712 7.243 7.433 8.041 6.018 6.872 8.234 4.870 9.657 4.736 9.250 1.177 7.350 4.826 0.821 2.654 10.937 2.087 5.968 11.081 8.034 2.436 1.737 5.778 4.180 6.677 8.326 5.094 7.415 8.463 6.538 0.951 7.226 5.925 8.453 7.745 6.082 8.118 7.035 6.534 9.154 4.303 3.281 2.801 3.136 7.242 8.009 1.611 1.893 1.208 11.313 8.889 3.628 4.224 10.116 7.715 1.016 8.493 2.139 8.253 2.670 7.879 3.238 8.438 8.589 5.307 2.722 6.184 7.873 8.329 3.787 10.330 7.904 6.091 11.825 4.766 7.562 6.334 9.159 7.669 6.196 1.726 7.449 4.509 1.898 5.447 6.517 6.322 6.370 
0.430 3.555 3.293 5.994 3.946 5.292 4.767 5.557 4.097 4.480 4.031 4.161 3.524 4.470 6.086 4.478 4.987 1.633 4.060 2.143 3.968 1.701 8.318 3.857 3.861 9.006 5.619 3.121 6.454 5.300 3.436 4.937 6.615 7.677 5.481 7.306 4.473 1.805 5.356 4.711 7.809 3.720 7.395 3.831 4.433 8.432 2.570 2.181 5.839 2.309 3.103 3.341 5.882 4.966 5.827 5.731 1.513 5.619 6.722 7.394 9.141 3.821 5.112 5.708 4.642 2.052 6.950 8.377 5.923 6.209 2.206 7.557 2.481 7.528 1.617 5.275 4.132 6.902 6.120 4.722 4.359 5.962 2.206 7.745 2.187 3.937 3.592 2.716 3.451 2.126 5.960 4.988 8.400 8.051 5.083 6.390 4.979 3.236 2.084 5.322 
7.898 10.154 8.028 3.477 4.130 2.851 6.322 5.086 5.810 7.965 4.008 3.822 6.015 8.293 6.247 6.913 7.894 8.318 5.460 8.883 5.220 9.214 3.308 6.030 5.278 2.230 3.123 10.167 1.675 4.328 10.231 6.467 3.876 3.652 4.099 2.096 7.569 7.511 3.521 8.336 6.432 5.313 2.490 5.917 4.550 6.358 6.746 5.927 6.373 6.185 7.012 9.576 2.667 3.425 3.779 2.169 7.254 9.099 1.846 3.688 3.280 10.392 7.329 4.794 4.943 9.519 5.761 3.165 6.751 3.011 8.484 0.593 8.201 1.125 8.502 6.978 6.027 1.063 4.336 8.764 9.092 2.257 10.096 5.853 5.734 11.041 4.935 6.534 6.913 9.263 5.881 7.241 0.691 5.348 3.188 2.726 6.487 5.450 5.824 7.502 
2.411 6.145 2.116 5.425 3.150 3.267 5.611 5.745 4.729 6.109 3.139 3.110 4.293 2.899 6.712 2.172 3.028 2.304 1.381 4.671 1.316 3.330 5.810 4.627 1.209 6.736 3.291 5.777 4.476 5.121 6.061 5.827 4.019 5.107 5.191 6.200 2.485 3.739 4.731 3.073 8.200 4.008 5.014 4.534 4.291 8.671 3.871 0.934 6.555 3.100 1.169 3.481 4.872 2.750 3.282 4.099 1.346 4.061 4.574 4.817 6.682 6.417 6.351 3.037 1.983 4.731 7.250 5.892 6.780 3.801 2.380 5.929 2.093 6.084 2.507 6.337 1.529 5.279 5.940 3.335 3.371 4.713 4.490 7.941 1.487 6.612 1.195 3.856 1.328 3.235 6.454 2.742 6.466 8.012 4.121 4.033 2.480 3.539 1.900 3.121 
2.741 2.434 5.004 8.108 6.318 7.852 6.142 7.294 5.764 5.118 6.424 6.586 5.225 6.113 7.446 6.579 6.805 3.226 6.503 2.124 6.455 2.267 10.878 5.476 6.348 11.575 8.191 1.741 8.999 7.281 2.167 6.245 9.144 10.218 7.501 9.584 6.378 3.196 7.543 6.356 9.191 5.677 9.967 5.505 6.497 9.886 4.175 4.750 7.156 4.372 5.240 4.100 8.185 7.538 8.372 8.223 3.824 7.069 9.285 9.932 11.709 2.584 6.060 8.171 7.124 1.139 8.471 10.941 7.108 8.778 3.644 10.008 4.108 9.923 3.045 6.370 6.463 9.364 8.023 6.194 5.632 8.343 1.020 9.277 4.741 2.064 6.145 4.393 5.593 2.806 7.437 7.002 10.918 9.726 7.417 8.961 7.180 5.288 4.577 7.274 
5.459 8.936 4.363 5.362 3.841 1.943 6.979 6.448 6.121 8.070 3.724 3.520 5.928 4.320 7.668 2.903 3.814 5.311 1.813 7.461 1.767 6.372 2.769 6.166 1.871 3.949 1.163 8.668 2.580 5.600 8.898 7.192 0.946 2.035 5.527 5.235 3.567 6.284 4.828 4.319 8.696 5.338 2.181 6.043 5.099 8.945 6.016 3.534 7.626 5.196 3.457 6.056 4.420 1.476 0.365 3.020 4.419 4.997 2.296 1.743 3.672 9.208 7.942 0.673 1.145 7.694 7.780 2.871 7.952 1.142 5.243 4.249 4.835 4.655 5.520 7.770 2.185 3.767 6.198 4.771 5.203 3.979 7.564 8.258 3.773 9.535 2.108 5.899 3.228 6.196 7.323 3.144 4.209 8.054 4.047 1.435 2.383 5.078 4.136 3.376 
5.415 8.065 5.568 3.023 2.095 0.448 5.063 4.267 4.303 6.440 1.955 1.722 4.290 5.965 5.520 4.660 5.683 5.786 3.108 6.688 2.827 6.696 3.527 4.433 2.865 3.665 1.232 7.975 1.005 3.396 8.100 5.259 2.711 3.265 3.278 2.950 5.284 5.342 2.557 6.043 6.386 3.599 2.389 4.307 3.098 6.596 4.744 3.409 5.526 4.039 4.546 7.066 2.057 1.068 2.105 0.667 4.724 6.894 1.391 3.094 4.111 8.321 6.084 3.017 2.727 7.208 5.495 3.502 5.880 1.671 5.954 2.348 5.683 2.573 5.972 5.835 3.713 1.714 3.895 6.441 6.697 1.612 7.627 5.923 3.269 8.862 2.433 4.563 4.488 6.732 5.157 5.079 2.958 5.691 1.803 1.599 4.368 3.530 3.424 5.393 
1.424 4.914 2.733 5.108 2.855 3.798 4.693 5.083 3.856 4.972 2.900 2.967 3.350 3.775 5.899 3.342 4.081 1.935 2.587 3.434 2.452 2.709 6.756 3.700 2.347 7.481 4.069 4.577 4.990 4.604 4.841 4.899 5.059 6.116 4.729 6.188 3.532 2.503 4.422 3.988 7.503 3.232 5.845 3.626 3.722 8.042 2.748 0.626 5.705 2.060 2.092 3.573 4.777 3.428 4.266 4.367 0.925 4.973 5.215 5.833 7.583 5.186 5.322 4.195 3.122 3.573 6.575 6.816 5.884 4.652 2.302 6.224 2.264 6.268 2.083 5.363 2.778 5.563 5.447 4.146 3.998 4.753 3.636 7.320 0.850 5.430 2.030 2.773 2.377 2.839 5.686 3.901 6.967 7.494 3.974 4.839 3.715 2.723 1.047 4.271 
8.106 11.172 7.272 5.652 5.280 3.120 8.154 7.161 7.449 9.608 5.140 4.907 7.470 7.153 8.404 5.746 6.559 8.134 4.700 9.752 4.598 9.169 0.653 7.597 4.693 1.142 2.630 11.023 2.361 6.307 11.186 8.337 2.115 1.274 6.129 4.645 6.397 8.442 5.429 7.120 8.893 6.772 0.856 7.472 6.202 8.907 7.911 6.071 8.467 7.175 6.359 8.965 4.666 3.296 2.611 3.415 7.171 7.669 1.823 1.471 0.929 11.434 9.185 3.338 4.038 10.164 8.124 0.497 8.838 2.050 8.117 3.150 7.725 3.717 8.341 8.899 5.093 3.143 6.572 7.582 8.064 4.143 10.289 8.343 6.128 11.910 4.707 7.738 6.137 9.046 8.031 5.884 2.250 7.907 4.803 1.860 5.147 6.715 6.388 6.035 
4.975 8.628 3.598 5.812 4.036 2.484 7.121 6.748 6.238 8.062 3.938 3.762 5.974 3.504 7.929 2.086 3.001 4.687 1.195 7.146 1.277 5.761 3.484 6.245 1.382 4.752 1.838 8.306 3.311 5.932 8.567 7.340 1.615 2.699 5.890 5.868 2.749 6.058 5.223 3.501 9.081 5.447 2.991 6.126 5.333 9.382 5.918 3.195 7.857 5.089 2.743 5.301 4.925 1.902 1.177 3.598 3.877 4.191 3.082 2.407 4.403 8.901 8.040 0.474 0.614 7.284 8.145 3.603 8.162 1.948 4.563 4.988 4.132 5.360 4.896 7.909 1.425 4.467 6.596 3.953 4.392 4.529 6.999 8.678 3.540 9.155 1.855 5.828 2.481 5.536 7.599 2.334 5.016 8.532 4.447 2.241 1.574 5.122 3.942 2.583 
2.476 4.196 4.587 3.769 1.938 3.867 2.839 3.366 2.020 3.271 2.058 2.252 1.497 5.618 4.069 5.038 5.869 3.514 3.920 2.833 3.675 3.919 7.214 1.848 3.591 7.535 4.465 4.122 4.854 3.057 4.231 3.044 5.807 6.733 3.238 5.172 5.320 1.473 3.156 5.824 5.720 1.498 6.145 1.780 2.191 6.299 1.067 1.933 3.863 0.241 3.903 5.265 3.768 3.786 4.980 3.943 2.702 6.814 5.252 6.484 7.915 4.454 3.494 5.262 4.253 3.466 4.817 7.229 4.031 5.092 3.998 5.641 4.057 5.518 3.595 3.513 4.302 5.016 3.881 5.998 5.846 3.940 4.352 5.591 1.403 5.005 3.000 1.003 4.151 4.261 3.880 5.608 6.647 5.845 3.003 5.186 5.287 0.998 0.975 5.988 
5.359 8.494 4.882 4.240 2.925 0.818 6.046 5.398 5.223 7.272 2.795 2.571 5.104 5.078 6.636 3.698 4.689 5.468 2.268 7.049 2.062 6.473 2.877 5.305 2.136 3.575 0.126 8.306 1.560 4.537 8.489 6.254 1.584 2.382 4.444 4.110 4.353 5.775 3.733 5.120 7.591 4.463 1.901 5.179 4.113 7.819 5.354 3.318 6.616 4.567 3.886 6.501 3.285 0.573 0.883 1.878 4.464 5.899 1.460 2.146 3.654 8.760 7.041 1.800 1.727 7.420 6.686 2.912 6.955 0.738 5.520 3.229 5.174 3.585 5.670 6.834 2.816 2.692 5.093 5.548 5.891 2.838 7.553 7.139 3.386 9.191 1.989 5.206 3.745 6.401 6.282 4.048 3.421 6.919 2.958 0.895 3.304 4.278 3.670 4.330 
6.634 7.143 8.282 1.035 3.060 4.446 2.516 1.089 2.547 4.228 3.092 3.180 3.065 9.081 1.962 8.055 9.059 7.597 6.520 6.290 6.200 8.080 7.175 2.839 6.180 6.524 5.282 7.411 4.397 1.122 7.312 2.564 6.756 7.154 1.012 2.324 8.558 5.097 1.581 9.233 2.334 2.686 6.067 2.795 2.009 2.583 4.116 5.443 2.145 4.096 7.370 9.296 2.041 4.928 6.147 3.480 6.649 10.199 4.967 7.039 7.443 7.319 3.339 6.987 6.416 7.193 1.486 7.087 2.511 5.697 8.021 3.739 7.975 3.245 7.705 2.927 7.108 3.519 0.281 9.530 9.558 2.559 8.425 1.881 4.927 8.171 5.515 3.900 7.485 8.402 1.621 8.578 5.017 1.811 2.353 5.566 7.985 3.164 4.681 8.942 
6.370 6.495 8.263 1.653 3.191 4.893 1.810 0.540 2.052 3.482 3.256 3.394 2.616 9.139 1.166 8.208 9.188 7.410 6.722 5.748 6.405 7.794 7.810 2.332 6.372 7.252 5.739 6.809 5.002 1.200 6.680 1.822 7.247 7.729 1.263 3.119 8.668 4.643 1.980 9.308 1.981 2.410 6.682 2.318 1.950 2.439 3.666 5.413 1.338 3.796 7.404 9.146 2.639 5.313 6.586 4.023 6.524 10.289 5.574 7.593 8.130 6.656 2.555 7.361 6.696 6.685 1.027 7.732 1.706 6.205 7.871 4.494 7.874 4.019 7.498 2.136 7.286 4.220 0.751 9.573 9.545 3.166 8.022 1.712 4.867 7.536 5.691 3.465 7.554 8.162 0.816 8.751 5.775 1.958 2.749 6.102 8.205 2.921 4.565 9.124 
0.737 3.202 3.580 6.212 4.230 5.658 4.802 5.680 4.188 4.370 4.323 4.465 3.614 4.760 6.133 4.837 5.308 1.837 4.456 1.833 4.365 1.659 8.709 3.933 4.259 9.379 6.003 2.742 6.811 5.480 3.071 4.961 7.012 8.072 5.671 7.572 4.804 1.744 5.591 5.004 7.872 3.879 7.779 3.920 4.628 8.512 2.609 2.571 5.874 2.472 3.459 3.459 6.151 5.346 6.223 6.064 1.880 5.889 7.090 7.789 9.528 3.465 5.068 6.106 5.040 1.660 7.036 8.767 5.933 6.596 2.409 7.876 2.734 7.828 1.777 5.261 4.519 7.224 6.286 4.987 4.588 6.255 1.919 7.837 2.547 3.547 3.987 2.779 3.810 2.162 6.030 5.338 8.744 8.175 5.359 6.774 5.353 3.415 2.408 5.665 
6.525 10.065 5.119 6.187 4.889 2.806 8.026 7.399 7.186 9.175 4.765 4.549 7.022 4.841 8.639 3.466 4.201 6.275 2.774 8.587 2.804 7.349 2.024 7.247 2.911 3.526 1.960 9.785 3.040 6.535 10.022 8.237 0.485 1.200 6.435 5.795 4.092 7.419 5.718 4.784 9.554 6.411 1.940 7.122 6.109 9.744 7.145 4.648 8.618 6.327 4.317 6.826 5.201 2.485 1.164 3.755 5.449 5.286 2.581 0.936 2.944 10.336 9.008 1.131 2.135 8.796 8.663 2.173 8.956 1.544 6.144 4.588 5.706 5.073 6.485 8.817 2.986 4.234 7.064 5.248 5.771 4.714 8.581 9.082 4.905 10.648 3.229 7.023 4.036 7.122 8.284 3.533 4.218 8.813 4.950 1.742 2.823 6.177 5.271 3.658 
7.416 8.043 8.889 1.360 3.642 4.637 3.402 1.985 3.440 5.101 3.644 3.684 3.947 9.618 2.688 8.512 9.533 8.329 6.947 7.181 6.629 8.868 7.015 3.733 6.622 6.170 5.434 8.310 4.346 1.909 8.213 3.437 6.834 7.097 1.725 1.845 9.053 5.968 2.052 9.755 2.491 3.519 5.958 3.683 2.773 2.479 4.990 6.087 2.917 4.916 7.942 9.994 2.162 5.184 6.308 3.572 7.347 10.701 4.896 7.017 7.173 8.219 4.178 7.218 6.764 8.075 1.901 6.907 3.259 5.769 8.726 3.364 8.647 2.816 8.448 3.757 7.551 3.302 1.148 10.078 10.154 2.606 9.268 1.916 5.600 9.072 5.984 4.771 8.025 9.163 2.392 9.013 4.597 1.505 2.726 5.598 8.378 3.974 5.395 9.365 
7.639 8.677 8.817 1.495 3.665 4.176 4.147 2.718 4.023 5.872 3.631 3.610 4.466 9.447 3.590 8.255 9.285 8.452 6.676 7.702 6.366 9.088 6.221 4.309 6.374 5.277 4.913 8.887 3.676 2.361 8.827 4.214 6.221 6.374 2.122 0.976 8.833 6.421 2.123 9.563 3.412 3.929 5.210 4.238 3.105 3.309 5.467 6.106 3.797 5.257 7.833 10.047 1.841 4.770 5.777 3.065 7.426 10.478 4.196 6.321 6.315 8.869 5.004 6.736 6.409 8.549 2.853 6.102 4.154 5.168 8.800 2.492 8.670 1.929 8.589 4.593 7.290 2.539 1.826 9.916 10.054 2.140 9.612 2.821 5.672 9.684 5.780 5.241 7.874 9.328 3.270 8.724 3.686 2.300 2.586 4.966 8.048 4.321 5.534 9.060 
3.449 7.388 1.073 7.105 4.881 4.419 7.413 7.537 6.535 7.816 4.850 4.783 6.087 1.161 8.521 0.722 1.239 2.644 1.742 5.981 2.002 3.672 6.038 6.426 1.963 7.310 4.105 6.906 5.528 6.882 7.253 7.628 4.175 5.235 6.934 7.677 0.689 5.297 6.422 1.294 9.992 5.816 5.541 6.335 6.074 10.445 5.587 2.722 8.363 4.857 0.763 2.770 6.446 3.802 3.694 5.438 2.340 2.266 5.451 4.948 6.962 7.651 8.126 2.957 2.302 5.785 9.040 6.165 8.586 4.417 2.304 7.142 1.824 7.400 2.831 8.129 1.196 6.534 7.686 1.631 1.891 6.201 4.997 9.715 3.286 7.656 2.507 5.598 0.482 3.289 8.260 1.154 7.417 9.751 5.750 4.700 1.386 5.346 3.685 1.482 
1.982 5.646 2.317 5.251 2.959 3.426 5.213 5.441 4.343 5.636 2.969 2.978 3.881 3.235 6.355 2.643 3.447 2.084 1.861 4.169 1.754 3.042 6.173 4.222 1.647 7.011 3.565 5.290 4.640 4.867 5.566 5.426 4.422 5.498 4.959 6.152 2.898 3.234 4.555 3.428 7.890 3.651 5.322 4.135 4.011 8.388 3.399 0.538 6.184 2.649 1.497 3.478 4.782 2.971 3.654 4.152 1.034 4.421 4.795 5.210 7.026 5.918 5.915 3.495 2.428 4.259 6.946 6.245 6.393 4.113 2.280 6.007 2.088 6.116 2.274 5.921 2.037 5.349 5.700 3.645 3.598 4.677 4.128 7.659 1.099 6.132 1.455 3.396 1.730 3.030 6.113 3.210 6.634 7.770 4.002 4.326 2.983 3.164 1.479 3.585 
2.860 6.722 1.655 6.024 3.782 3.537 6.339 6.434 5.455 6.833 3.756 3.699 5.024 2.239 7.426 1.445 2.303 2.434 1.097 5.265 1.212 3.510 5.678 5.357 1.131 6.763 3.384 6.311 4.710 5.780 6.619 6.556 3.828 4.925 5.835 6.674 1.764 4.416 5.336 2.393 8.888 4.725 5.002 5.263 4.970 9.342 4.595 1.666 7.274 3.830 0.634 3.235 5.400 2.955 3.181 4.484 1.710 3.370 4.721 4.631 6.581 6.992 7.083 2.717 1.765 5.228 7.936 5.780 7.505 3.809 2.333 6.258 1.936 6.468 2.644 7.068 0.953 5.626 6.586 2.695 2.823 5.189 4.766 8.612 2.219 7.118 1.497 4.584 0.643 3.291 7.161 2.014 6.666 8.654 4.683 4.070 1.814 4.263 2.632 2.391 
6.317 9.884 4.884 6.172 4.796 2.766 7.936 7.346 7.086 9.053 4.675 4.463 6.906 4.610 8.580 3.233 3.977 6.050 2.554 8.405 2.596 7.125 2.252 7.139 2.703 3.730 1.922 9.595 3.095 6.487 9.838 8.148 0.576 1.430 6.395 5.844 3.860 7.251 5.683 4.557 9.533 6.307 2.104 7.015 6.033 9.740 7.000 4.459 8.551 6.179 4.085 6.591 5.195 2.399 1.080 3.755 5.233 5.072 2.664 1.159 3.174 10.156 8.909 0.901 1.924 8.598 8.634 2.398 8.885 1.574 5.913 4.678 5.474 5.150 6.260 8.727 2.754 4.297 7.038 5.021 5.539 4.719 8.361 9.071 4.732 10.455 3.048 6.884 3.803 6.893 8.228 3.307 4.365 8.819 4.909 1.800 2.592 6.058 5.105 3.440 
7.400 7.617 9.113 1.791 3.897 5.209 2.926 1.635 3.167 4.549 3.929 4.014 3.720 9.918 1.990 8.889 9.895 8.392 7.349 6.880 7.030 8.839 7.771 3.452 7.011 6.981 6.033 7.941 5.048 1.936 7.807 2.914 7.479 7.811 1.847 2.663 9.395 5.756 2.400 10.070 1.688 3.430 6.692 3.429 2.815 1.796 4.775 6.271 2.252 4.839 8.206 10.103 2.751 5.715 6.904 4.196 7.460 11.036 5.610 7.715 7.965 7.773 3.568 7.771 7.231 7.813 1.085 7.670 2.561 6.415 8.827 4.172 8.793 3.632 8.494 3.141 7.940 4.065 1.099 10.366 10.391 3.244 9.122 1.144 5.749 8.661 6.349 4.568 8.322 9.180 1.752 9.410 5.417 0.974 3.159 6.265 8.810 3.926 5.491 9.773 
8.109 11.246 7.176 5.868 5.406 3.215 8.323 7.359 7.602 9.753 5.266 5.032 7.605 7.016 8.606 5.616 6.403 8.095 4.631 9.815 4.547 9.139 0.372 7.743 4.646 1.366 2.662 11.081 2.541 6.500 11.253 8.509 1.980 1.050 6.328 4.899 6.261 8.518 5.622 6.974 9.129 6.912 0.932 7.617 6.365 9.155 8.014 6.084 8.662 7.265 6.282 8.875 4.875 3.339 2.548 3.588 7.150 7.497 1.986 1.277 0.876 11.510 9.353 3.207 3.965 10.203 8.349 0.227 9.032 2.057 8.058 3.414 7.657 3.980 8.303 9.075 4.997 3.381 6.788 7.437 7.934 4.349 10.279 8.583 6.168 11.966 4.700 7.846 6.048 8.998 8.233 5.730 2.531 8.157 4.977 1.901 5.002 6.837 6.443 5.867 
4.319 8.233 2.112 7.022 4.931 3.988 7.740 7.671 6.845 8.345 4.871 4.758 6.457 1.760 8.746 0.365 1.271 3.643 1.415 6.789 1.735 4.693 5.115 6.777 1.755 6.484 3.504 7.792 4.978 6.940 8.117 7.959 3.282 4.298 6.954 7.364 1.003 5.963 6.368 1.746 10.103 6.083 4.735 6.675 6.201 10.495 6.109 3.162 8.620 5.323 1.618 3.787 6.252 3.360 2.931 5.078 3.170 2.482 4.808 4.020 6.040 8.501 8.539 2.057 1.709 6.688 9.148 5.254 8.877 3.696 3.341 6.643 2.864 6.966 3.838 8.492 0.837 6.078 7.698 2.200 2.674 5.934 6.011 9.771 3.685 8.573 2.431 6.084 1.262 4.331 8.455 0.657 6.759 9.728 5.637 3.989 0.337 5.656 4.110 1.008 
2.581 1.536 5.446 6.087 4.638 6.556 3.885 5.103 3.592 2.887 4.765 4.968 3.096 6.626 5.176 6.604 7.149 3.703 5.985 0.154 5.830 3.298 9.845 3.300 5.728 10.251 7.083 1.403 7.575 5.199 1.523 3.978 8.304 9.301 5.435 7.667 6.631 1.255 5.597 6.869 6.918 3.655 8.812 3.348 4.499 7.616 2.103 3.906 4.884 2.582 5.241 5.239 6.331 6.400 7.481 6.662 3.650 7.761 7.961 9.035 10.586 1.807 3.793 7.557 6.489 1.138 6.213 9.874 4.833 7.707 4.271 8.312 4.606 8.138 3.627 4.095 6.162 7.706 5.883 6.860 6.454 6.580 2.800 7.017 3.632 2.283 5.302 2.330 5.582 3.876 5.181 7.129 9.359 7.489 5.627 7.831 7.064 3.365 3.302 7.471 
3.821 7.678 2.102 6.318 4.200 3.400 7.005 6.936 6.110 7.642 4.143 4.036 5.729 2.160 8.007 0.853 1.882 3.317 0.727 6.215 1.038 4.393 4.979 6.046 1.041 6.214 3.022 7.272 4.466 6.211 7.578 7.225 3.110 4.188 6.230 6.733 1.458 5.316 5.656 2.220 9.370 5.346 4.444 5.942 5.465 9.770 5.411 2.467 7.882 4.615 1.290 3.806 5.575 2.773 2.595 4.461 2.670 3.081 4.363 3.898 5.898 7.948 7.813 1.915 1.207 6.191 8.416 5.099 8.140 3.317 3.121 6.103 2.671 6.391 3.523 7.760 0.113 5.512 6.976 2.633 2.978 5.282 5.677 9.045 2.973 8.080 1.703 5.377 0.995 4.110 7.717 1.363 6.329 9.015 4.937 3.601 0.912 4.922 3.400 1.734 
3.066 4.664 4.968 3.144 1.398 3.489 2.525 2.836 1.643 3.288 1.530 1.745 1.231 5.937 3.658 5.224 6.115 4.047 3.965 3.366 3.689 4.517 6.871 1.549 3.618 7.080 4.161 4.649 4.390 2.456 4.724 2.742 5.577 6.444 2.627 4.552 5.571 1.994 2.529 6.130 5.244 0.973 5.771 1.450 1.579 5.791 1.312 2.173 3.481 0.675 4.198 5.777 3.155 3.499 4.759 3.433 3.161 7.123 4.824 6.209 7.528 4.913 3.319 5.157 4.204 4.058 4.319 6.872 3.694 4.782 4.502 5.072 4.516 4.925 4.144 3.264 4.415 4.460 3.290 6.342 6.243 3.352 4.979 5.074 1.607 5.524 2.972 1.146 4.409 4.833 3.431 5.793 6.117 5.288 2.406 4.845 5.398 0.466 1.236 6.175 
1.984 5.666 2.272 5.293 3.001 3.449 5.257 5.486 4.388 5.675 3.011 3.018 3.925 3.190 6.400 2.605 3.405 2.060 1.845 4.191 1.745 3.025 6.177 4.266 1.638 7.025 3.578 5.306 4.663 4.912 5.585 5.470 4.420 5.498 5.003 6.190 2.856 3.265 4.597 3.384 7.935 3.696 5.332 4.179 4.056 8.433 3.438 0.583 6.229 2.691 1.452 3.441 4.821 2.988 3.656 4.183 1.016 4.376 4.813 5.210 7.033 5.938 5.958 3.485 2.419 4.271 6.991 6.251 6.437 4.122 2.247 6.037 2.050 6.149 2.252 5.964 2.009 5.379 5.745 3.600 3.553 4.713 4.121 7.704 1.145 6.146 1.466 3.437 1.687 3.006 6.158 3.171 6.657 7.814 4.043 4.337 2.951 3.209 1.523 3.546 
8.283 11.027 7.837 4.908 4.988 3.077 7.607 6.484 6.985 9.163 4.851 4.629 7.091 7.870 7.695 6.453 7.345 8.477 5.213 9.662 5.048 9.466 1.809 7.169 5.131 0.725 2.892 10.949 1.985 5.667 11.069 7.772 2.954 2.356 5.462 3.689 7.117 8.311 4.806 7.866 8.011 6.380 1.410 7.047 5.712 7.964 7.669 6.238 7.791 6.999 6.868 9.491 3.981 3.454 3.200 2.972 7.457 8.502 1.646 2.488 1.664 11.280 8.634 4.101 4.590 10.176 7.300 1.643 8.169 2.471 8.535 2.165 8.182 2.726 8.676 8.314 5.691 2.336 5.808 8.320 8.747 3.486 10.496 7.441 6.189 11.837 4.991 7.476 6.692 9.413 7.323 6.669 1.104 6.955 4.291 2.195 5.912 6.409 6.382 6.864 
0.699 4.593 2.175 6.482 4.265 5.141 5.673 6.290 4.922 5.558 4.318 4.394 4.366 3.355 6.960 3.497 3.907 0.588 3.382 3.239 3.369 1.310 7.872 4.714 3.264 8.749 5.301 4.090 6.350 5.906 4.445 5.860 6.078 7.168 6.054 7.615 3.412 2.880 5.805 3.598 8.641 4.417 7.053 4.667 5.020 9.227 3.519 1.985 6.732 3.066 2.125 2.352 6.199 4.706 5.344 5.781 0.718 4.493 6.527 6.877 8.740 4.851 6.122 5.048 4.023 2.968 7.745 7.953 6.855 5.841 1.122 7.641 1.354 7.696 0.678 6.247 3.315 6.979 6.747 3.595 3.236 6.184 2.430 8.519 2.275 4.841 3.188 3.626 2.482 1.414 6.794 3.971 8.339 8.756 5.394 6.060 4.060 3.907 2.386 4.285 
6.797 9.788 6.238 4.537 3.913 1.734 6.860 5.958 6.121 8.264 3.773 3.539 6.113 6.298 7.213 4.884 5.805 6.915 3.614 8.372 3.453 7.924 1.709 6.256 3.537 2.125 1.325 9.646 1.164 5.090 9.803 7.051 1.599 1.602 4.935 3.840 5.548 7.057 4.216 6.305 7.872 5.423 0.564 6.130 4.897 7.971 6.528 4.750 7.250 5.789 5.269 7.893 3.528 1.950 1.630 2.154 5.914 6.984 0.600 1.532 2.315 10.049 7.887 2.594 2.993 8.803 7.044 1.677 7.614 0.876 6.952 2.537 6.591 3.045 7.118 7.621 4.097 2.256 5.454 6.754 7.163 3.004 8.997 7.354 4.771 10.534 3.439 6.357 5.094 7.845 6.842 5.134 2.236 6.999 3.532 0.596 4.373 5.344 5.016 5.355 
6.134 9.141 5.671 4.214 3.333 1.111 6.356 5.543 5.585 7.703 3.194 2.960 5.541 5.810 6.798 4.409 5.370 6.275 3.048 7.718 2.859 7.274 2.275 5.702 2.938 2.777 0.688 8.989 1.018 4.671 9.152 6.553 1.555 1.971 4.538 3.763 5.071 6.411 3.814 5.835 7.581 4.862 1.184 5.576 4.392 7.735 5.908 4.086 6.813 5.155 4.684 7.304 3.211 1.285 1.245 1.771 5.264 6.568 0.703 1.810 2.958 9.403 7.375 2.265 2.463 8.139 6.716 2.274 7.170 0.511 6.330 2.658 5.982 3.093 6.476 7.129 3.568 2.224 5.115 6.274 6.647 2.706 8.336 7.088 4.106 9.876 2.792 5.743 4.530 7.209 6.432 4.710 2.661 6.790 3.084 0.317 3.953 4.751 4.356 4.963 
3.727 7.220 3.160 4.847 2.796 2.035 5.768 5.548 4.874 6.624 2.723 2.594 4.569 3.555 6.671 2.331 3.359 3.701 0.760 5.740 0.442 4.729 4.427 4.856 0.448 5.343 1.909 6.931 3.200 4.788 7.172 5.988 2.684 3.752 4.790 5.280 2.909 4.612 4.193 3.651 7.957 4.088 3.614 4.742 4.089 8.330 4.464 1.794 6.571 3.636 2.143 4.732 4.098 1.444 1.907 3.032 2.734 4.550 3.227 3.466 5.289 7.492 6.651 1.887 0.857 5.949 7.005 4.503 6.855 2.401 3.734 4.762 3.390 4.999 3.905 6.547 1.366 4.141 5.530 4.030 4.268 3.816 5.868 7.608 2.090 7.795 0.398 4.379 2.061 4.625 6.362 2.826 5.160 7.554 3.463 2.638 2.228 3.724 2.486 3.184 
2.162 3.219 4.752 4.548 2.908 4.838 2.968 3.854 2.346 2.837 3.033 3.232 1.773 5.872 4.293 5.513 6.239 3.350 4.599 1.849 4.391 3.481 8.163 2.086 4.297 8.518 5.404 3.138 5.839 3.737 3.247 3.137 6.696 7.655 3.949 6.046 5.693 0.489 3.990 6.097 6.027 2.124 7.108 2.077 2.937 6.665 0.770 2.499 4.041 0.856 4.250 5.105 4.669 4.721 5.868 4.925 2.801 7.064 6.232 7.398 8.881 3.480 3.345 6.060 5.015 2.540 5.190 8.184 4.122 6.031 3.899 6.600 4.072 6.452 3.375 3.483 4.894 5.983 4.509 6.201 5.944 4.881 3.646 5.991 2.086 4.021 3.776 0.932 4.547 3.927 4.183 6.074 7.625 6.343 3.933 6.138 5.858 1.731 1.692 6.444 
5.675 9.556 3.458 7.480 5.624 4.147 8.635 8.365 7.740 9.422 5.537 5.378 7.419 2.820 9.519 1.704 2.075 5.037 2.237 8.095 2.505 6.087 4.251 7.715 2.577 5.797 3.443 9.139 4.873 7.567 9.452 8.854 2.620 3.433 7.537 7.511 2.150 7.180 6.882 2.703 10.728 6.955 4.165 7.602 6.925 11.045 7.211 4.300 9.429 6.396 3.004 5.075 6.597 3.574 2.640 5.257 4.521 3.050 4.555 3.195 5.149 9.826 9.506 1.622 2.075 8.047 9.786 4.412 9.718 3.390 4.728 6.538 4.249 6.950 5.232 9.412 1.919 6.062 8.252 3.155 3.757 6.196 7.405 10.337 4.764 9.935 3.230 7.156 2.651 5.714 9.200 1.481 6.387 10.201 6.110 3.670 1.064 6.581 5.191 1.474 
1.511 2.791 4.026 7.083 5.172 6.622 5.418 6.428 4.905 4.701 5.270 5.419 4.340 5.186 6.750 5.485 5.819 2.201 5.293 1.759 5.232 1.496 9.637 4.632 5.125 10.339 6.950 2.194 7.778 6.308 2.593 5.553 7.911 8.983 6.513 8.491 5.354 2.327 6.483 5.432 8.504 4.695 8.726 4.638 5.481 9.170 3.292 3.508 6.475 3.321 4.119 3.473 7.077 6.299 7.135 7.029 2.629 6.235 8.054 8.697 10.467 3.024 5.527 6.958 5.904 1.074 7.714 9.700 6.487 7.536 2.707 8.835 3.129 8.776 2.057 5.776 5.288 8.185 7.090 5.336 4.844 7.200 1.066 8.521 3.513 2.871 4.905 3.491 4.475 2.092 6.688 5.943 9.712 8.908 6.292 7.721 6.054 4.262 3.374 6.242 
5.569 6.608 7.076 0.662 1.841 3.381 2.392 1.259 1.987 4.065 1.871 1.964 2.357 7.861 2.513 6.837 7.839 6.469 5.309 5.569 4.990 7.022 6.381 2.253 4.967 5.979 4.227 6.776 3.565 0.405 6.741 2.536 5.738 6.252 0.250 2.306 7.337 4.274 0.483 8.012 3.438 1.781 5.240 2.163 0.958 3.776 3.327 4.249 2.560 3.119 6.155 8.138 1.284 3.805 5.073 2.548 5.490 8.978 4.132 6.105 6.769 6.815 3.399 5.859 5.232 6.402 2.507 6.315 2.932 4.702 6.868 3.362 6.799 2.996 6.588 3.058 5.893 2.949 0.976 8.311 8.350 1.780 7.480 3.056 3.748 7.593 4.298 3.100 6.265 7.306 2.143 7.363 4.618 3.032 1.237 4.609 6.781 2.177 3.535 7.729 
1.549 4.676 3.193 4.744 2.534 3.732 4.232 4.648 3.398 4.538 2.596 2.691 2.890 4.232 5.443 3.750 4.520 2.288 2.865 3.195 2.690 2.946 6.827 3.240 2.590 7.453 4.094 4.395 4.893 4.197 4.627 4.438 5.195 6.225 4.333 5.899 3.971 2.145 4.067 4.442 7.057 2.787 5.867 3.167 3.312 7.605 2.306 0.763 5.247 1.600 2.536 3.979 4.477 3.429 4.383 4.191 1.347 5.429 5.164 5.949 7.626 4.949 4.866 4.412 3.344 3.454 6.134 6.876 5.424 4.698 2.703 6.033 2.701 6.038 2.414 4.903 3.124 5.374 5.041 4.606 4.456 4.495 3.741 6.885 0.626 5.266 2.167 2.321 2.808 3.149 5.235 4.314 6.843 7.076 3.671 4.863 4.084 2.276 0.648 4.688 
5.439 4.420 7.914 3.613 3.878 6.057 0.762 2.040 1.590 1.231 4.004 4.224 1.907 8.968 1.425 8.351 9.213 6.627 7.091 4.009 6.806 6.702 9.330 1.594 6.741 9.078 6.864 4.849 6.554 2.720 4.641 0.585 8.376 9.079 2.953 5.267 8.665 3.300 3.554 9.176 3.092 2.379 8.182 1.706 2.726 3.809 2.531 5.262 1.126 3.137 7.255 8.383 4.398 6.283 7.605 5.500 5.986 10.164 7.099 8.888 9.807 4.542 0.281 8.163 7.280 4.996 2.524 9.286 0.983 7.433 7.169 6.474 7.310 6.075 6.654 0.238 7.551 6.064 2.920 9.340 9.153 4.873 6.580 3.283 4.706 5.472 6.078 2.445 7.497 7.184 1.580 8.921 7.736 3.866 4.112 7.411 8.533 2.728 4.296 9.302 
7.567 9.438 8.103 2.448 3.588 2.978 5.357 4.053 4.935 7.044 3.488 3.348 5.213 8.522 5.171 7.202 8.219 8.140 5.664 8.249 5.385 8.952 4.337 5.179 5.423 3.363 3.513 9.515 2.071 3.356 9.539 5.485 4.586 4.568 3.113 0.963 7.835 6.885 2.629 8.596 5.299 4.536 3.389 5.075 3.722 5.232 6.043 5.713 5.315 5.581 7.083 9.545 1.808 3.604 4.304 1.972 7.071 9.431 2.487 4.553 4.392 9.663 6.340 5.318 5.244 8.962 4.639 4.208 5.692 3.594 8.378 0.571 8.151 0.019 8.310 5.970 6.265 0.882 3.259 8.998 9.251 1.561 9.714 4.720 5.422 10.371 4.959 5.822 7.040 9.073 4.811 7.597 1.797 4.223 2.501 3.345 6.866 4.756 5.430 7.894 
5.156 6.334 6.662 1.030 1.442 3.156 2.340 1.441 1.791 3.941 1.485 1.602 2.080 7.460 2.683 6.458 7.454 6.048 4.945 5.242 4.627 6.609 6.279 2.030 4.599 5.990 4.000 6.469 3.477 0.599 6.454 2.511 5.523 6.098 0.612 2.573 6.947 3.925 0.521 7.615 3.766 1.448 5.131 1.927 0.604 4.143 2.999 3.830 2.684 2.733 5.748 7.716 1.363 3.533 4.826 2.431 5.068 8.584 4.033 5.935 6.720 6.549 3.369 5.571 4.899 6.052 2.819 6.224 3.041 4.508 6.446 3.478 6.378 3.167 6.168 3.065 5.522 3.001 1.363 7.908 7.937 1.794 7.089 3.417 3.327 7.301 3.925 2.772 5.865 6.887 2.325 6.991 4.701 3.433 1.049 4.439 6.423 1.799 3.113 7.360 
4.346 2.410 7.136 5.162 4.540 6.748 2.365 3.788 2.573 0.828 4.681 4.915 2.375 8.284 3.436 7.976 8.688 5.554 7.009 2.259 6.779 5.343 10.133 2.336 6.691 10.188 7.449 2.876 7.526 4.211 2.638 2.356 8.867 9.733 4.464 6.847 8.144 2.184 4.880 8.515 5.084 3.086 9.014 2.448 3.815 5.807 2.052 4.937 3.135 2.880 6.702 7.217 5.721 6.791 8.046 6.496 5.203 9.466 8.012 9.501 10.745 2.530 1.856 8.378 7.368 3.216 4.532 10.123 2.978 8.067 6.127 7.832 6.383 7.525 5.523 2.242 7.340 7.318 4.669 8.585 8.268 6.109 4.926 5.295 4.472 3.461 6.116 2.162 7.006 5.896 3.553 8.537 9.026 5.871 5.203 8.117 8.311 3.108 4.050 8.906 
6.587 9.637 5.982 4.583 3.823 1.608 6.820 5.964 6.061 8.189 3.684 3.449 6.030 6.036 7.220 4.621 5.544 6.681 3.358 8.211 3.202 7.695 1.780 6.185 3.289 2.360 1.103 9.480 1.244 5.093 9.646 7.014 1.387 1.546 4.948 3.976 5.286 6.908 4.226 6.043 7.935 5.347 0.689 6.059 4.854 8.057 6.407 4.544 7.246 5.654 5.016 7.640 3.573 1.754 1.369 2.163 5.688 6.724 0.727 1.431 2.463 9.900 7.842 2.338 2.734 8.621 7.091 1.775 7.607 0.615 6.708 2.727 6.344 3.217 6.884 7.588 3.837 2.398 5.494 6.491 6.901 3.055 8.782 7.427 4.585 10.367 3.212 6.241 4.836 7.608 6.852 4.873 2.490 7.094 3.517 0.346 4.113 5.245 4.844 5.097 
1.330 4.047 3.570 4.845 2.771 4.243 3.933 4.533 3.160 4.039 2.858 2.994 2.610 4.670 5.203 4.310 5.025 2.352 3.495 2.567 3.323 2.783 7.413 2.960 3.222 7.975 4.664 3.782 5.369 4.194 4.003 4.126 5.810 6.829 4.360 6.132 4.479 1.536 4.196 4.892 6.877 2.663 6.428 2.908 3.314 7.463 1.852 1.396 4.982 1.302 3.036 4.111 4.707 3.990 4.993 4.595 1.626 5.866 5.677 6.556 8.195 4.319 4.464 5.045 3.977 2.881 5.980 7.455 5.122 5.277 2.852 6.403 2.952 6.360 2.429 4.547 3.732 5.752 5.027 5.012 4.792 4.790 3.374 6.757 1.159 4.659 2.791 1.917 3.335 3.098 5.031 4.868 7.284 7.009 3.908 5.429 4.680 2.157 0.943 5.235 
2.280 5.790 1.387 7.962 5.687 6.111 7.325 7.898 6.563 7.169 5.717 5.751 6.012 2.351 8.606 3.147 3.097 1.073 3.778 4.611 3.904 1.547 8.337 6.361 3.818 9.457 6.060 5.186 7.316 7.460 5.591 7.512 6.472 7.560 7.589 8.948 2.758 4.491 7.271 2.587 10.275 6.026 7.696 6.311 6.575 10.847 5.171 3.246 8.382 4.705 2.124 0.715 7.566 5.575 5.867 6.930 1.936 3.275 7.381 7.268 9.249 6.023 7.768 5.296 4.441 4.074 9.368 8.448 8.508 6.503 0.561 8.771 0.765 8.905 1.075 7.899 3.440 8.118 8.304 2.398 1.852 7.475 2.811 10.133 3.688 5.787 4.029 5.279 2.387 0.993 8.432 3.432 9.300 10.340 6.775 6.761 3.824 5.514 3.900 3.634 
4.871 1.576 7.446 8.832 7.551 9.461 6.251 7.633 6.230 4.717 7.680 7.886 5.824 8.583 7.361 8.927 9.247 5.629 8.618 2.815 8.512 4.751 12.711 5.946 8.406 13.167 9.954 1.533 10.494 7.902 1.445 6.268 11.101 12.131 8.150 10.468 8.793 4.173 8.407 8.828 8.972 6.461 11.702 6.024 7.297 9.699 4.941 6.641 7.061 5.498 7.556 6.609 9.181 9.273 10.291 9.580 6.024 9.570 10.874 11.856 13.475 1.403 5.759 10.255 9.185 2.508 8.459 12.748 6.886 10.572 6.098 11.204 6.545 11.002 5.469 6.161 8.681 10.608 8.485 8.688 8.137 9.462 3.527 9.216 6.458 0.645 8.068 5.161 7.912 5.309 7.477 9.388 12.272 9.798 8.509 10.711 9.484 6.234 6.169 9.683 
0.173 4.112 2.705 6.168 4.013 5.120 5.187 5.872 4.465 5.017 4.082 4.183 3.900 3.882 6.488 3.929 4.406 1.094 3.630 2.723 3.572 1.463 8.011 4.244 3.465 8.793 5.365 3.645 6.311 5.540 3.980 5.368 6.261 7.339 5.702 7.384 3.897 2.337 5.506 4.124 8.188 4.007 7.136 4.204 4.657 8.789 3.013 1.940 6.253 2.621 2.550 2.847 5.960 4.737 5.496 5.665 0.985 5.031 6.534 7.051 8.857 4.375 5.601 5.294 4.242 2.542 7.305 8.081 6.362 5.934 1.655 7.515 1.900 7.531 1.121 5.739 3.644 6.855 6.374 4.135 3.783 5.988 2.319 8.089 2.096 4.431 3.282 3.133 2.902 1.752 6.338 4.427 8.285 8.354 5.154 6.133 4.454 3.504 2.112 4.755 
5.552 5.661 7.576 1.934 2.733 4.705 1.036 0.403 1.184 2.762 2.827 3.007 1.755 8.504 1.164 7.658 8.609 6.624 6.231 4.876 5.922 6.962 7.836 1.460 5.877 7.463 5.544 5.953 5.026 1.079 5.838 1.119 7.069 7.664 1.291 3.590 8.078 3.772 1.952 8.685 2.624 1.648 6.690 1.453 1.433 3.189 2.797 4.743 1.123 2.981 6.762 8.374 2.766 5.040 6.351 3.988 5.778 9.674 5.587 7.499 8.248 5.833 1.960 7.041 6.283 5.811 1.707 7.777 1.476 6.066 7.103 4.808 7.135 4.397 6.702 1.590 6.767 4.428 1.288 8.924 8.855 3.264 7.156 2.487 4.184 6.696 5.192 2.601 6.939 7.348 0.852 8.214 6.078 2.819 2.614 6.003 7.715 2.158 3.848 8.592 
1.326 2.626 4.123 6.435 4.577 6.142 4.759 5.760 4.237 4.116 4.681 4.841 3.671 5.303 6.092 5.427 5.874 2.334 5.045 1.331 4.947 1.912 9.252 3.963 4.841 9.872 6.527 2.147 7.271 5.648 2.483 4.897 7.576 8.629 5.855 7.867 5.377 1.663 5.845 5.548 7.844 4.035 8.301 3.969 4.829 8.508 2.624 3.119 5.819 2.674 4.048 3.838 6.460 5.862 6.780 6.480 2.475 6.410 7.576 8.348 10.058 2.885 4.902 6.689 5.621 1.066 7.048 9.304 5.840 7.129 2.893 8.263 3.255 8.183 2.241 5.137 5.115 7.619 6.426 5.507 5.074 6.604 1.735 7.855 3.037 2.952 4.544 2.822 4.401 2.481 6.025 5.922 9.178 8.239 5.684 7.297 5.948 3.610 2.843 6.245 
4.923 8.517 2.313 9.786 7.518 7.157 9.723 10.061 8.892 9.786 7.505 7.464 8.382 1.611 10.933 2.998 2.109 3.724 4.469 7.345 4.745 4.243 8.331 8.733 4.711 9.777 6.780 7.898 8.234 9.479 8.310 9.926 6.554 7.506 9.557 10.424 2.336 7.114 9.095 1.573 12.506 8.247 8.043 8.662 8.632 13.010 7.673 5.159 10.741 7.077 3.204 2.304 9.174 6.535 6.247 8.187 4.203 1.176 8.107 7.245 9.245 8.745 10.290 5.347 4.958 6.799 11.565 8.482 10.916 7.010 3.149 9.871 2.900 10.144 3.782 10.369 3.879 9.273 10.304 1.137 1.039 8.946 5.385 12.281 5.710 8.447 5.245 7.744 3.141 3.651 10.710 2.784 10.066 12.376 8.456 7.302 3.528 7.746 6.044 2.666 
2.541 4.709 4.311 3.632 1.572 3.348 3.164 3.475 2.292 3.772 1.673 1.837 1.841 5.285 4.314 4.607 5.478 3.443 3.416 3.310 3.159 3.992 6.678 2.176 3.080 7.042 3.924 4.596 4.373 3.032 4.730 3.378 5.257 6.187 3.179 4.914 4.932 1.978 2.975 5.480 5.895 1.625 5.618 2.086 2.145 6.433 1.606 1.528 4.135 0.780 3.548 5.153 3.491 3.243 4.429 3.504 2.521 6.472 4.750 5.936 7.391 4.970 3.910 4.720 3.720 3.867 4.966 6.696 4.341 4.551 3.877 5.258 3.872 5.178 3.554 3.885 3.829 4.619 3.874 5.686 5.587 3.600 4.580 5.712 0.965 5.484 2.469 1.516 3.767 4.265 4.087 5.177 6.212 5.902 2.697 4.651 4.815 1.122 0.580 5.558 
6.274 9.563 5.360 5.140 4.031 1.837 7.135 6.413 6.325 8.388 3.899 3.671 6.220 5.315 7.662 3.898 4.782 6.230 2.778 8.106 2.683 7.276 1.870 6.414 2.781 2.945 1.031 9.349 1.955 5.542 9.549 7.339 0.602 1.274 5.426 4.709 4.559 6.858 4.704 5.305 8.509 5.572 1.179 6.288 5.186 8.679 6.466 4.274 7.660 5.672 4.437 7.048 4.143 1.682 0.689 2.697 5.292 5.946 1.518 1.029 2.733 9.832 8.138 1.543 2.117 8.427 7.631 1.943 8.008 0.478 6.198 3.533 5.803 4.002 6.438 7.919 3.185 3.153 6.030 5.760 6.204 3.647 8.428 8.025 4.416 10.229 2.864 6.321 4.221 7.134 7.301 4.107 3.301 7.739 3.950 0.657 3.349 5.396 4.730 4.311 
4.945 8.563 2.298 9.749 7.485 7.095 9.717 10.040 8.882 9.799 7.470 7.425 8.375 1.548 10.921 2.924 2.021 3.750 4.407 7.380 4.686 4.293 8.239 8.726 4.654 9.691 6.709 7.948 8.166 9.451 8.358 9.921 6.467 7.415 9.527 10.372 2.263 7.129 9.058 1.497 12.487 8.231 7.959 8.653 8.607 12.986 7.677 5.137 10.731 7.073 3.169 2.365 9.128 6.472 6.168 8.130 4.203 1.070 8.033 7.154 9.153 8.792 10.293 5.263 4.888 6.845 11.545 8.391 10.909 6.933 3.176 9.806 2.913 10.084 3.813 10.368 3.814 9.210 10.275 1.072 1.037 8.895 5.447 12.257 5.690 8.504 5.196 7.744 3.095 3.703 10.695 2.696 9.991 12.347 8.415 7.225 3.444 7.732 6.030 2.572 
2.450 3.142 5.048 4.432 2.927 4.938 2.704 3.650 2.127 2.542 3.058 3.268 1.562 6.166 4.034 5.787 6.524 3.644 4.834 1.851 4.617 3.746 8.288 1.856 4.525 8.588 5.537 3.125 5.901 3.590 3.195 2.865 6.862 7.802 3.811 5.970 5.978 0.502 3.903 6.390 5.775 1.991 7.217 1.859 2.824 6.422 0.516 2.746 3.776 0.888 4.535 5.396 4.615 4.857 6.034 4.960 3.098 7.359 6.314 7.550 8.986 3.395 3.050 6.264 5.229 2.630 4.953 8.303 3.846 6.164 4.195 6.590 4.371 6.417 3.666 3.196 5.148 5.985 4.338 6.497 6.243 4.857 3.845 5.757 2.304 3.996 3.983 0.713 4.828 4.204 3.938 6.350 7.647 6.129 3.904 6.259 6.117 1.651 1.896 6.721 
6.877 6.420 8.981 2.631 4.075 5.874 1.862 1.324 2.475 3.232 4.155 4.312 3.041 9.912 0.581 9.051 10.010 7.983 7.601 5.889 7.288 8.257 8.797 2.704 7.248 8.201 6.721 6.823 5.993 2.153 6.634 1.757 8.232 8.722 2.246 3.983 9.480 4.950 2.968 10.092 1.249 3.048 7.673 2.736 2.786 1.896 4.019 6.151 0.881 4.329 8.169 9.741 3.628 6.277 7.561 5.015 7.167 11.080 6.565 8.586 9.102 6.546 2.199 8.316 7.615 6.863 0.522 8.717 1.103 7.194 8.476 5.418 8.524 4.919 8.050 1.784 8.149 5.184 1.712 10.332 10.259 4.154 8.335 1.289 5.591 7.471 6.564 3.851 8.345 8.672 0.602 9.603 6.695 1.866 3.730 7.094 9.087 3.553 5.251 9.980 
6.816 9.394 6.765 3.455 3.343 1.635 6.008 4.966 5.354 7.531 3.206 2.988 5.444 7.011 6.206 5.631 6.615 7.143 4.183 8.047 3.950 8.078 2.723 5.530 4.011 2.370 1.842 9.335 0.421 4.119 9.442 6.183 2.750 2.795 3.934 2.624 6.287 6.687 3.243 7.054 6.733 4.734 1.642 5.408 4.086 6.795 6.023 4.798 6.274 5.368 5.753 8.336 2.467 2.169 2.534 1.323 6.090 7.821 0.649 2.747 3.054 9.644 7.039 3.554 3.660 8.598 5.939 2.634 6.647 1.786 7.275 1.373 6.973 1.844 7.334 6.737 4.746 1.041 4.376 7.481 7.814 1.945 9.029 6.198 4.674 10.221 3.706 5.828 5.643 8.089 5.833 5.965 1.574 5.812 2.666 1.521 5.213 4.760 4.824 6.232 
5.689 9.559 3.516 7.397 5.559 4.054 8.581 8.296 7.688 9.387 5.470 5.308 7.373 2.906 9.455 1.756 2.169 5.072 2.202 8.095 2.462 6.126 4.140 7.666 2.537 5.684 3.343 9.149 4.768 7.494 9.458 8.801 2.506 3.322 7.461 7.413 2.225 7.164 6.803 2.794 10.653 6.901 4.052 7.553 6.860 10.964 7.181 4.279 9.368 6.364 3.033 5.145 6.509 3.485 2.534 5.162 4.535 3.157 4.446 3.083 5.039 9.829 9.459 1.518 2.009 8.060 9.712 4.301 9.660 3.281 4.774 6.431 4.296 6.846 5.269 9.360 1.913 5.959 8.174 3.249 3.845 6.104 7.442 10.258 4.736 9.950 3.182 7.122 2.682 5.763 9.134 1.562 6.274 10.117 6.029 3.561 1.099 6.533 5.161 1.573 
3.531 7.348 2.125 5.981 3.834 3.174 6.615 6.562 5.720 7.254 3.783 3.684 5.337 2.381 7.624 1.191 2.202 3.127 0.506 5.878 0.759 4.204 5.027 5.655 0.731 6.179 2.883 6.959 4.287 5.848 7.256 6.834 3.165 4.259 5.873 6.458 1.733 4.949 5.313 2.472 9.001 4.958 4.409 5.551 5.090 9.411 5.024 2.084 7.496 4.225 1.188 3.797 5.266 2.557 2.566 4.204 2.391 3.379 4.231 3.966 5.937 7.619 7.421 2.027 1.136 5.891 8.047 5.136 7.752 3.242 2.994 5.897 2.571 6.158 3.336 7.369 0.319 5.290 6.621 2.856 3.131 4.993 5.463 8.684 2.583 7.779 1.351 4.988 0.980 3.967 7.337 1.731 6.195 8.668 4.606 3.517 1.301 4.531 3.011 2.107 
2.850 6.363 2.750 4.842 2.604 2.600 5.296 5.286 4.401 5.974 2.574 2.517 4.021 3.421 6.320 2.470 3.428 2.927 1.219 4.881 1.006 3.917 5.294 4.337 0.910 6.132 2.683 6.058 3.812 4.609 6.307 5.515 3.568 4.633 4.658 5.546 2.908 3.804 4.154 3.570 7.736 3.642 4.437 4.233 3.816 8.175 3.762 0.928 6.185 2.947 1.756 4.157 4.239 2.106 2.785 3.425 1.907 4.538 3.934 4.348 6.143 6.636 6.108 2.724 1.655 5.066 6.782 5.364 6.436 3.228 3.045 5.253 2.769 5.411 3.125 6.051 1.624 4.604 5.409 3.877 3.978 4.058 5.013 7.445 1.319 6.918 0.570 3.707 1.826 3.869 6.040 3.030 5.805 7.475 3.507 3.441 2.608 3.212 1.742 3.411 
4.176 0.948 7.041 6.558 5.595 7.701 3.861 5.266 3.938 2.309 5.733 5.958 3.611 8.221 4.949 8.174 8.740 5.286 7.466 1.634 7.284 4.792 11.065 3.668 7.186 11.296 8.318 1.552 8.608 5.612 1.212 3.866 9.635 10.583 5.864 8.227 8.220 2.484 6.203 8.464 6.573 4.299 9.984 3.762 5.102 7.299 2.917 5.360 4.649 3.651 6.820 6.762 7.018 7.638 8.807 7.620 5.233 9.352 9.050 10.330 11.748 1.022 3.351 8.982 7.926 2.300 6.047 11.076 4.478 8.945 5.850 9.102 6.196 8.842 5.200 3.750 7.688 8.546 6.135 8.451 8.033 7.358 4.042 6.805 5.008 1.974 6.702 3.108 7.156 5.384 5.069 8.707 10.245 7.386 6.419 9.035 8.611 4.182 4.629 9.053 
6.169 6.072 8.197 2.042 3.274 5.128 1.381 0.536 1.778 3.015 3.356 3.519 2.352 9.116 0.750 8.246 9.206 7.248 6.797 5.385 6.484 7.572 8.145 2.037 6.443 7.651 5.974 6.410 5.330 1.401 6.264 1.367 7.493 8.027 1.537 3.577 8.678 4.340 2.258 9.293 1.999 2.273 7.008 2.046 1.981 2.567 3.377 5.359 0.872 3.601 7.374 8.999 2.990 5.508 6.803 4.322 6.404 10.281 5.899 7.878 8.500 6.225 2.074 7.536 6.818 6.338 1.083 8.074 1.248 6.467 7.729 4.919 7.760 4.459 7.324 1.653 7.343 4.612 1.190 9.539 9.477 3.512 7.731 1.873 4.802 7.117 5.759 3.190 7.545 7.966 0.377 8.797 6.200 2.260 2.993 6.382 8.282 2.784 4.471 9.174 
3.974 3.945 6.363 3.322 2.675 4.907 1.138 2.199 0.711 1.701 2.814 3.048 0.468 7.413 2.465 6.815 7.664 5.133 5.605 3.056 5.333 5.311 8.275 0.428 5.261 8.262 5.656 4.171 5.613 2.384 4.094 1.313 7.127 7.927 2.633 4.985 7.115 1.987 2.969 7.621 4.207 1.163 7.143 0.521 1.884 4.860 1.061 3.717 2.210 1.582 5.701 6.897 3.799 5.025 6.324 4.574 4.444 8.609 6.114 7.710 8.852 4.143 1.701 6.783 5.847 3.989 3.400 8.255 2.306 6.259 5.661 5.904 5.779 5.614 5.176 1.725 6.039 5.381 2.995 7.787 7.608 4.175 5.378 4.207 3.167 4.952 4.617 0.923 5.946 5.753 2.376 7.385 7.090 4.619 3.267 6.282 7.024 1.308 2.750 7.766 
3.811 0.750 6.498 7.790 6.425 8.317 5.334 6.671 5.218 3.940 6.553 6.755 4.777 7.658 6.523 7.902 8.286 4.672 7.516 1.676 7.399 3.895 11.568 4.929 7.294 12.026 8.811 0.389 9.355 6.875 0.484 5.378 9.969 10.993 7.119 9.404 7.811 3.042 7.336 7.904 8.197 5.387 10.558 4.996 6.229 8.919 3.849 5.514 6.222 4.370 6.525 5.835 8.092 8.130 9.156 8.449 4.964 8.697 9.731 10.720 12.331 0.796 4.971 9.143 8.071 1.444 7.608 11.605 6.088 9.429 5.177 10.094 5.601 9.908 4.529 5.347 7.605 9.491 7.500 7.802 7.290 8.357 2.818 8.388 5.318 0.500 6.939 4.073 6.879 4.480 6.600 8.383 11.146 8.932 7.403 9.567 8.437 5.133 5.025 8.693 
5.284 8.309 4.987 3.916 2.639 0.493 5.746 5.078 4.932 7.000 2.506 2.278 4.832 5.250 6.318 3.893 4.899 5.465 2.407 6.877 2.169 6.448 3.067 5.022 2.232 3.620 0.367 8.145 1.379 4.215 8.314 5.952 1.892 2.630 4.120 3.824 4.539 5.583 3.409 5.305 7.266 4.179 2.026 4.896 3.806 7.496 5.122 3.236 6.301 4.349 3.978 6.574 2.964 0.436 1.208 1.569 4.439 6.111 1.398 2.411 3.798 8.574 6.747 2.106 1.923 7.285 6.361 3.086 6.642 0.962 5.551 3.017 5.225 3.341 5.663 6.532 2.982 2.450 4.768 5.724 6.038 2.524 7.491 6.815 3.251 9.031 1.983 4.967 3.863 6.405 5.962 4.270 3.318 6.599 2.634 1.040 3.537 4.014 3.508 4.565 
7.746 7.745 9.540 2.279 4.347 5.698 3.073 1.922 3.433 4.606 4.385 4.479 4.000 10.364 1.967 9.353 10.355 8.766 7.820 7.090 7.500 9.175 8.237 3.709 7.480 7.409 6.522 8.105 5.528 2.357 7.946 3.027 7.967 8.289 2.294 3.083 9.851 6.020 2.877 10.520 1.256 3.776 7.165 3.701 3.219 1.306 5.046 6.691 2.256 5.175 8.645 10.491 3.239 6.203 7.394 4.684 7.855 11.489 6.088 8.196 8.411 7.887 3.590 8.259 7.712 8.040 0.905 8.133 2.514 6.903 9.214 4.603 9.196 4.054 8.861 3.166 8.408 4.525 1.543 10.809 10.820 3.731 9.405 0.678 6.161 8.794 6.814 4.849 8.769 9.535 1.811 9.878 5.831 0.573 3.641 6.750 9.285 4.282 5.887 10.242 
1.600 4.007 3.113 7.751 5.645 6.717 6.440 7.308 5.826 5.895 5.718 5.825 5.252 4.201 7.771 4.757 4.907 1.430 4.918 3.020 4.933 0.365 9.450 5.573 4.830 10.341 6.894 3.366 7.920 7.067 3.786 6.595 7.639 8.734 7.246 9.017 4.500 3.358 7.103 4.443 9.512 5.483 8.644 5.558 6.198 10.152 4.250 3.539 7.511 4.071 3.476 2.250 7.591 6.295 6.922 7.304 2.307 5.157 8.113 8.441 10.325 4.222 6.661 6.569 5.573 2.299 8.676 9.535 7.560 7.432 1.755 9.157 2.231 9.176 1.225 6.875 4.770 8.496 7.886 4.279 3.726 7.631 0.963 9.476 3.740 3.915 4.781 4.420 3.816 0.898 7.670 5.143 9.903 9.803 6.786 7.652 5.390 5.002 3.746 5.396 
3.288 0.727 6.051 7.194 5.792 7.684 4.819 6.121 4.645 3.533 5.919 6.121 4.184 7.223 6.047 7.389 7.821 4.232 6.937 1.041 6.810 3.554 10.943 4.354 6.705 11.391 8.184 0.249 8.720 6.288 0.527 4.879 9.358 10.376 6.530 8.796 7.332 2.408 6.726 7.469 7.751 4.778 9.928 4.415 5.622 8.466 3.233 4.912 5.747 3.736 6.010 5.524 7.473 7.503 8.542 7.814 4.432 8.296 9.097 10.104 11.701 0.953 4.539 8.551 7.479 0.997 7.120 10.978 5.641 8.804 4.763 9.465 5.165 9.285 4.107 4.895 7.050 8.860 6.935 7.395 6.914 7.731 2.634 7.910 4.698 1.134 6.332 3.458 6.363 4.149 6.100 7.884 10.512 8.431 6.777 8.939 7.903 4.510 4.398 8.204 
2.044 3.794 3.611 8.120 6.066 7.222 6.645 7.590 6.085 5.963 6.147 6.265 5.512 4.668 7.979 5.282 5.392 1.971 5.461 2.990 5.474 0.897 9.989 5.820 5.371 10.864 7.419 3.123 8.420 7.401 3.553 6.787 8.181 9.275 7.590 9.433 5.003 3.545 7.487 4.906 9.729 5.800 9.175 5.816 6.545 10.386 4.483 4.040 7.709 4.393 4.014 2.581 8.008 6.813 7.461 7.779 2.840 5.575 8.626 8.983 10.861 3.987 6.786 7.113 6.116 2.146 8.919 10.072 7.733 7.963 2.264 9.625 2.744 9.626 1.765 7.029 5.313 8.966 8.207 4.713 4.131 8.071 0.502 9.724 4.207 3.575 5.309 4.668 4.352 1.332 7.901 5.655 10.398 10.082 7.207 8.180 5.921 5.335 4.180 5.897 
2.143 1.808 4.983 6.350 4.731 6.521 4.325 5.474 3.946 3.434 4.850 5.038 3.416 6.164 5.637 6.226 6.717 3.205 5.720 0.468 5.590 2.740 9.746 3.657 5.485 10.244 6.991 1.447 7.590 5.495 1.708 4.434 8.142 9.166 5.721 7.881 6.211 1.417 5.819 6.408 7.387 3.908 8.745 3.689 4.743 8.076 2.375 3.692 5.350 2.695 4.851 4.693 6.512 6.312 7.328 6.722 3.261 7.280 7.944 8.893 10.516 2.077 4.310 7.331 6.258 0.714 6.651 9.785 5.322 7.608 3.766 8.432 4.123 8.294 3.114 4.592 5.848 7.809 6.217 6.377 5.948 6.721 2.248 7.458 3.493 2.322 5.114 2.599 5.199 3.323 5.618 6.736 9.430 7.902 5.775 7.751 6.718 3.560 3.212 7.068 
5.656 9.347 4.045 6.326 4.679 2.921 7.791 7.352 6.915 8.772 4.573 4.384 6.670 3.752 8.554 2.374 3.131 5.293 1.872 7.865 1.993 6.370 3.110 6.933 2.096 4.547 2.152 9.015 3.542 6.519 9.282 8.008 1.323 2.289 6.459 6.221 3.001 6.785 5.772 3.702 9.642 6.125 2.854 6.813 5.965 9.909 6.639 3.917 8.495 5.811 3.288 5.749 5.398 2.409 1.309 4.007 4.539 4.250 3.206 2.015 4.033 9.620 8.725 0.351 1.340 7.983 8.716 3.253 8.809 2.043 5.119 5.197 4.669 5.622 5.501 8.581 1.958 4.739 7.146 4.165 4.680 4.964 7.633 9.216 4.267 9.859 2.581 6.546 2.988 6.107 8.216 2.457 5.044 9.029 4.991 2.321 1.734 5.817 4.668 2.612 
5.322 3.763 7.955 4.377 4.390 6.610 1.458 2.828 2.108 0.549 4.523 4.752 2.242 9.054 2.175 8.554 9.364 6.532 7.393 3.562 7.125 6.479 9.936 2.009 7.051 9.766 7.391 4.252 7.194 3.461 4.002 1.336 8.883 9.640 3.701 6.044 8.814 3.115 4.264 9.273 3.738 2.850 8.791 2.134 3.348 4.464 2.544 5.449 1.885 3.282 7.381 8.261 5.116 6.780 8.091 6.139 6.005 10.251 7.726 9.436 10.453 3.858 0.553 8.577 7.644 4.541 3.268 9.902 1.660 7.980 7.093 7.212 7.284 6.830 6.534 0.980 7.810 6.775 3.713 9.400 9.157 5.573 6.207 3.995 4.917 4.807 6.412 2.529 7.649 6.997 2.368 9.124 8.463 4.612 4.763 7.979 8.795 3.095 4.492 9.503 
6.243 5.591 8.497 2.911 3.869 5.866 1.138 1.331 1.912 2.403 3.970 4.158 2.438 9.480 0.251 8.710 9.636 7.384 7.326 5.098 7.022 7.586 8.966 2.087 6.971 8.516 6.706 6.003 6.151 2.190 5.808 0.986 8.231 8.815 2.363 4.449 9.096 4.229 3.067 9.671 1.975 2.608 7.823 2.147 2.577 2.672 3.336 5.713 0.065 3.751 7.740 9.149 3.838 6.200 7.513 5.125 6.628 10.663 6.717 8.654 9.347 5.716 1.376 8.192 7.410 6.078 1.349 8.901 0.372 7.225 7.898 5.793 7.981 5.335 7.437 0.956 7.843 5.475 2.065 9.883 9.765 4.353 7.593 2.112 5.147 6.643 6.288 3.191 7.942 8.027 0.519 9.272 7.074 2.693 3.764 7.157 8.805 3.081 4.775 9.653 
8.396 7.760 10.443 3.524 5.392 6.941 3.363 2.697 3.992 4.534 5.451 5.577 4.561 11.339 2.032 10.413 11.394 9.494 8.918 7.348 8.600 9.777 9.558 4.225 8.569 8.724 7.776 8.213 6.835 3.383 7.992 3.234 9.243 9.598 3.390 4.398 10.874 6.461 4.053 11.510 0.278 4.528 8.481 4.255 4.154 0.478 5.537 7.598 2.315 5.842 9.601 11.249 4.515 7.415 8.642 5.962 8.659 12.493 7.398 9.498 9.733 7.861 3.498 9.474 8.865 8.330 1.191 9.455 2.384 8.182 9.981 5.922 10.016 5.369 9.565 3.130 9.487 5.848 2.678 11.770 11.724 5.020 9.838 0.647 7.045 8.807 7.891 5.371 9.758 10.192 2.122 10.953 7.139 1.233 4.833 8.040 10.398 5.039 6.723 11.325 
4.374 2.088 7.202 5.532 4.854 7.047 2.735 4.159 2.936 1.141 4.994 5.227 2.713 8.362 3.783 8.115 8.794 5.569 7.203 2.127 6.983 5.287 10.433 2.693 6.893 10.520 7.733 2.598 7.851 4.580 2.329 2.722 9.133 10.017 4.833 7.215 8.255 2.283 5.241 8.597 5.407 3.424 9.320 2.802 4.169 6.132 2.296 5.113 3.483 3.117 6.817 7.195 6.079 7.069 8.309 6.827 5.288 9.535 8.330 9.780 11.059 2.189 2.183 8.608 7.586 3.044 4.881 10.427 3.309 8.354 6.144 8.188 6.423 7.887 5.524 2.581 7.511 7.667 5.042 8.647 8.304 6.461 4.782 5.636 4.671 3.133 6.335 2.430 7.130 5.853 3.911 8.670 9.375 6.222 5.548 8.412 8.474 3.418 4.255 9.035 
4.921 5.036 7.054 2.342 2.507 4.640 0.673 1.051 0.519 2.302 2.623 2.833 1.094 8.023 1.569 7.253 8.175 6.018 5.888 4.205 5.588 6.316 7.895 0.784 5.533 7.665 5.457 5.302 5.121 1.395 5.202 0.866 6.977 7.654 1.646 4.029 7.636 3.095 2.161 8.213 3.211 1.148 6.747 0.787 1.295 3.816 2.124 4.255 1.402 2.365 6.282 7.777 3.014 4.898 6.221 4.066 5.212 9.205 5.664 7.468 8.375 5.217 1.704 6.833 6.005 5.135 2.334 7.851 1.657 6.016 6.513 5.119 6.568 4.759 6.087 1.444 6.394 4.671 1.875 8.430 8.327 3.468 6.482 3.131 3.690 6.061 4.854 1.933 6.482 6.717 1.365 7.816 6.362 3.493 2.679 5.986 7.361 1.625 3.325 8.197 
1.019 3.210 3.828 5.573 3.643 5.208 4.182 5.031 3.545 3.874 3.743 3.899 2.970 4.995 5.508 4.886 5.468 2.233 4.294 1.739 4.160 2.267 8.361 3.294 4.056 8.939 5.620 2.872 6.328 4.831 3.132 4.347 6.726 7.761 5.025 6.960 4.941 1.196 4.961 5.232 7.240 3.228 7.388 3.277 3.983 7.874 1.984 2.267 5.255 1.824 3.531 3.951 5.544 4.948 5.917 5.533 1.950 6.160 6.641 7.484 9.152 3.482 4.504 5.901 4.829 1.921 6.396 8.407 5.328 6.229 2.802 7.320 3.050 7.249 2.225 4.672 4.444 6.675 5.635 5.270 4.935 5.671 2.547 7.195 2.116 3.736 3.693 2.143 3.867 2.724 5.395 5.418 8.231 7.526 4.760 6.387 5.341 2.768 1.899 5.765 
4.513 8.452 1.940 7.691 5.563 4.687 8.288 8.288 7.397 8.797 5.511 5.408 6.983 1.228 9.334 0.544 0.587 3.673 2.088 7.043 2.405 4.668 5.664 7.312 2.413 7.093 4.195 7.968 5.671 7.577 8.316 8.505 3.871 4.840 7.600 8.061 0.560 6.326 7.030 1.145 10.730 6.650 5.363 7.214 6.816 11.139 6.560 3.635 9.197 5.800 1.810 3.486 6.937 4.060 3.589 5.777 3.399 1.788 5.488 4.573 6.584 8.715 9.050 2.665 2.408 6.846 9.775 5.811 9.441 4.362 3.280 7.338 2.802 7.665 3.851 9.026 1.483 6.776 8.347 1.609 2.169 6.627 5.996 10.412 4.183 8.711 3.073 6.553 1.480 4.237 9.053 0.123 7.430 10.388 6.309 4.655 0.847 6.204 4.600 0.428 
1.221 4.784 2.674 5.273 3.033 4.003 4.761 5.202 3.939 4.969 3.083 3.156 3.420 3.749 5.987 3.394 4.092 1.759 2.724 3.309 2.606 2.507 6.945 3.771 2.500 7.683 4.266 4.428 5.195 4.747 4.703 4.964 5.236 6.298 4.878 6.377 3.546 2.444 4.590 3.967 7.610 3.340 6.041 3.703 3.862 8.159 2.762 0.827 5.785 2.115 2.103 3.428 4.962 3.629 4.448 4.570 0.792 4.946 5.419 6.014 7.776 5.056 5.358 4.350 3.279 3.407 6.688 7.007 5.953 4.846 2.152 6.427 2.148 6.466 1.899 5.414 2.879 5.765 5.590 4.104 3.924 4.947 3.433 7.440 1.037 5.274 2.214 2.804 2.406 2.650 5.784 3.947 7.172 7.629 4.158 5.036 3.798 2.829 1.188 4.311 
5.766 8.632 5.570 3.668 2.756 0.577 5.764 4.962 4.996 7.120 2.616 2.382 4.962 5.828 6.216 4.462 5.460 6.006 2.990 7.226 2.753 6.970 2.847 5.117 2.815 3.161 0.716 8.505 0.797 4.090 8.652 5.961 2.056 2.562 3.963 3.368 5.112 5.901 3.240 5.879 7.037 4.279 1.725 4.991 3.799 7.216 5.361 3.722 6.226 4.624 4.559 7.150 2.675 0.984 1.553 1.228 4.967 6.671 0.872 2.394 3.481 8.892 6.783 2.541 2.488 7.688 6.160 2.833 6.581 0.994 6.110 2.454 5.794 2.809 6.201 6.537 3.560 1.916 4.558 6.301 6.621 2.187 7.979 6.557 3.678 9.393 2.537 5.190 4.447 6.949 5.851 4.822 2.743 6.287 2.499 0.897 4.081 4.182 3.892 5.107 
8.736 11.682 7.994 5.800 5.703 3.636 8.443 7.361 7.787 9.962 5.563 5.334 7.856 7.889 8.583 6.481 7.295 8.812 5.408 10.284 5.292 9.837 1.214 7.956 5.385 0.477 3.253 11.564 2.699 6.531 11.708 8.615 2.852 1.971 6.334 4.610 7.133 8.953 5.661 7.857 8.930 7.149 1.498 7.833 6.521 8.883 8.369 6.691 8.670 7.662 7.070 9.682 4.853 3.893 3.321 3.740 7.831 8.403 2.236 2.192 0.759 11.940 9.473 4.073 4.751 10.738 8.211 1.033 9.046 2.710 8.813 3.085 8.428 3.646 9.017 9.165 5.816 3.231 6.706 8.318 8.799 4.346 10.931 8.360 6.711 12.452 5.358 8.185 6.856 9.731 8.210 6.620 1.967 7.874 5.102 2.487 5.884 7.137 6.946 6.770 
3.002 6.484 2.864 4.764 2.549 2.450 5.307 5.254 4.411 6.028 2.511 2.441 4.047 3.495 6.307 2.491 3.467 3.084 1.158 5.003 0.916 4.075 5.142 4.356 0.827 5.974 2.525 6.188 3.661 4.561 6.432 5.527 3.425 4.485 4.601 5.431 2.957 3.904 4.080 3.635 7.700 3.643 4.280 4.250 3.782 8.127 3.827 1.051 6.179 3.006 1.859 4.296 4.139 1.950 2.636 3.291 2.065 4.596 3.777 4.202 5.988 6.756 6.135 2.606 1.543 5.205 6.745 5.211 6.437 3.071 3.195 5.113 2.911 5.279 3.282 6.068 1.611 4.465 5.352 3.956 4.078 3.943 5.169 7.398 1.397 7.051 0.413 3.764 1.904 4.025 6.021 3.044 5.652 7.413 3.418 3.284 2.587 3.227 1.814 3.423 
4.986 5.739 6.788 1.521 1.801 3.791 1.604 0.977 1.106 3.215 1.891 2.069 1.503 7.670 2.102 6.770 7.737 5.978 5.317 4.742 5.005 6.429 6.987 1.374 4.964 6.727 4.624 5.926 4.198 0.604 5.878 1.779 6.150 6.776 0.842 3.186 7.212 3.487 1.231 7.841 3.432 1.032 5.839 1.289 0.502 3.914 2.517 3.937 2.050 2.441 5.932 7.699 2.085 4.107 5.421 3.145 5.065 8.825 4.748 6.602 7.448 5.942 2.634 6.103 5.350 5.606 2.480 6.938 2.385 5.160 6.423 4.196 6.410 3.859 6.077 2.342 5.864 3.736 1.376 8.101 8.070 2.530 6.779 3.186 3.392 6.733 4.279 2.294 6.089 6.763 1.775 7.320 5.431 3.356 1.756 5.110 6.803 1.512 3.100 7.696 
3.199 2.039 6.016 5.228 4.097 6.195 2.823 4.106 2.642 1.829 4.234 4.457 2.219 7.175 4.092 6.946 7.611 4.403 6.093 1.247 5.889 4.195 9.562 2.353 5.795 9.796 6.820 2.242 7.106 4.304 2.168 2.901 8.159 9.091 4.550 6.864 7.072 1.110 4.808 7.410 5.828 2.868 8.479 2.424 3.697 6.530 1.416 3.988 3.798 2.149 5.637 6.061 5.596 6.143 7.331 6.127 4.102 8.349 7.545 8.842 10.242 2.260 2.699 7.554 6.512 2.234 5.144 9.572 3.738 7.447 4.977 7.653 5.244 7.422 4.368 2.999 6.371 7.081 4.925 7.462 7.127 5.907 3.862 5.943 3.583 3.024 5.271 1.615 5.954 4.742 4.115 7.498 8.772 6.437 4.959 7.533 7.324 2.698 3.184 7.860 
2.935 6.083 3.423 4.121 1.862 2.285 4.592 4.538 3.695 5.376 1.840 1.803 3.349 4.159 5.584 3.211 4.176 3.296 1.846 4.616 1.566 4.186 5.340 3.651 1.496 5.978 2.601 5.853 3.480 3.862 6.058 4.812 3.758 4.759 3.914 4.924 3.657 3.415 3.429 4.313 6.988 2.924 4.375 3.542 3.068 7.426 3.213 0.901 5.456 2.385 2.462 4.710 3.574 1.938 2.934 2.921 2.227 5.285 3.703 4.489 6.133 6.354 5.438 3.118 2.108 4.943 6.033 5.385 5.716 3.207 3.520 4.780 3.316 4.877 3.475 5.358 2.332 4.119 4.666 4.609 4.677 3.443 5.150 6.696 0.920 6.732 0.858 3.128 2.563 4.238 5.299 3.766 5.464 6.733 2.814 3.371 3.302 2.518 1.268 4.145 
4.269 8.176 2.122 6.923 4.833 3.894 7.648 7.574 6.752 8.262 4.773 4.659 6.367 1.823 8.650 0.410 1.359 3.616 1.316 6.729 1.636 4.672 5.067 6.686 1.656 6.421 3.418 7.740 4.891 6.842 8.063 7.867 3.226 4.252 6.855 7.268 1.067 5.890 6.269 1.818 10.005 5.989 4.669 6.583 6.104 10.397 6.027 3.079 8.526 5.238 1.581 3.807 6.154 3.267 2.857 4.983 3.118 2.572 4.727 3.972 5.991 8.444 8.450 1.999 1.618 6.639 9.050 5.203 8.783 3.620 3.328 6.554 2.853 6.874 3.813 8.401 0.740 5.986 7.599 2.269 2.729 5.837 5.986 9.672 3.599 8.526 2.333 5.999 1.227 4.320 8.359 0.755 6.680 9.629 5.538 3.912 0.360 5.564 4.025 1.107 
8.993 11.884 8.296 5.858 5.877 3.857 8.553 7.437 7.919 10.097 5.738 5.511 8.009 8.201 8.646 6.792 7.610 9.091 5.703 10.496 5.581 10.111 1.512 8.097 5.673 0.283 3.517 11.779 2.863 6.619 11.915 8.721 3.165 2.283 6.414 4.598 7.445 9.158 5.756 8.170 8.931 7.299 1.784 7.975 6.649 8.859 8.551 6.946 8.743 7.858 7.367 9.982 4.934 4.144 3.620 3.886 8.103 8.718 2.437 2.506 0.912 12.140 9.581 4.385 5.049 10.969 8.237 1.332 9.121 2.991 9.101 3.078 8.721 3.628 9.296 9.264 6.119 3.287 6.756 8.631 9.109 4.437 11.193 8.355 6.949 12.667 5.628 8.364 7.156 10.014 8.275 6.935 1.889 7.849 5.227 2.758 6.197 7.307 7.174 7.085 
8.838 11.634 8.272 5.484 5.601 3.654 8.211 7.071 7.596 9.775 5.463 5.240 7.705 8.237 8.272 6.821 7.673 8.990 5.659 10.263 5.516 9.993 1.747 7.782 5.604 0.131 3.397 11.549 2.593 6.262 11.673 8.375 3.231 2.451 6.053 4.195 7.480 8.915 5.406 8.217 8.530 6.994 1.751 7.661 6.324 8.452 8.281 6.790 8.375 7.606 7.322 9.944 4.575 3.993 3.599 3.587 7.984 8.804 2.220 2.642 1.293 11.888 9.237 4.430 5.018 10.764 7.844 1.565 8.754 2.918 9.025 2.678 8.658 3.224 9.192 8.913 6.106 2.917 6.376 8.676 9.132 4.086 11.047 7.953 6.763 12.437 5.510 8.088 7.128 9.920 7.902 6.997 1.477 7.441 4.903 2.662 6.249 7.023 6.968 7.166 
6.740 8.298 7.664 1.223 2.695 2.902 4.130 2.832 3.734 5.821 2.627 2.550 4.048 8.237 3.982 7.014 8.044 7.447 5.436 7.168 5.130 8.168 5.150 3.988 5.144 4.438 3.643 8.414 2.468 2.129 8.413 4.256 4.983 5.215 1.885 0.677 7.605 5.823 1.451 8.344 4.305 3.397 4.079 3.889 2.562 4.359 4.935 5.046 4.110 4.554 6.663 8.973 0.749 3.500 4.510 1.791 6.395 9.244 3.015 5.137 5.366 8.516 5.112 5.463 5.145 7.932 3.551 5.049 4.488 3.922 7.752 1.674 7.583 1.245 7.600 4.744 6.050 1.447 2.072 8.709 8.879 0.882 8.817 3.761 4.667 9.256 4.575 4.710 6.681 8.354 3.616 7.471 2.956 3.384 1.554 3.735 6.786 3.675 4.596 7.803 
