10 40 40
34 89 71 144 125 71 95 83 48 34 
135 306 351 202 365 227 289 233 86 270 59 202 285 28 352 330 176 114 210 339 32 121 293 160 314 42 120 102 56 39 237 94 157 277 42 219 141 325 273 298 
29 31 19 27 31 25 10 34 16 24 33 9 7 11 9 12 17 15 13 12 30 29 17 8 7 30 7 35 25 15 23 10 21 30 22 22 17 11 32 13 
884.545 1269.737 1254.133 990.726 1352.032 1099.395 1271.540 1113.265 686.420 1188.043 576.842 948.399 1282.140 380.059 1254.195 1301.166 1014.694 718.760 1047.951 1335.088 458.935 806.126 1284.069 938.125 1236.365 446.503 776.774 714.408 541.890 488.191 1099.118 696.087 933.248 1253.604 445.703 1084.803 851.810 1211.628 1186.440 1243.945 
5.631 1.620 3.943 5.842 7.507 3.229 1.879 7.804 2.979 6.626 6.539 9.620 4.208 1.940 5.674 5.255 1.849 6.743 8.562 6.314 4.869 4.092 3.875 8.596 1.551 4.087 5.168 2.365 2.555 0.711 8.731 4.174 3.940 4.956 8.842 5.037 0.653 9.620 6.217 9.240 
8.069 6.022 2.501 9.657 10.051 2.534 2.661 9.057 2.764 4.738 6.300 10.358 8.176 5.486 7.838 9.062 2.996 5.450 7.548 4.615 6.711 0.970 8.234 6.173 3.126 8.163 8.633 2.185 2.510 3.822 5.818 0.666 0.616 8.705 6.480 7.888 5.164 9.867 4.110 7.782 
5.264 9.101 11.050 8.419 5.576 10.618 9.093 2.856 7.083 4.597 2.850 2.091 8.379 7.731 4.823 8.202 9.740 3.709 1.987 4.581 4.800 9.779 9.605 4.664 9.482 8.661 7.296 9.117 9.997 8.921 5.637 8.449 8.760 7.962 4.514 6.047 9.319 1.051 5.181 2.657 
7.317 9.715 9.791 10.471 8.325 9.557 8.433 5.733 6.434 2.779 3.314 5.499 9.926 8.356 6.835 10.097 9.096 2.506 1.581 3.023 6.241 8.314 10.915 1.512 8.936 10.146 9.219 8.273 9.110 8.729 2.427 6.946 7.333 9.781 1.256 7.903 9.571 4.454 3.364 0.767 
8.309 8.357 6.204 10.856 10.014 6.203 5.732 8.114 4.353 2.507 4.887 8.780 9.721 7.305 7.913 10.324 6.290 3.434 5.070 2.684 6.868 4.675 10.249 2.845 6.279 9.825 9.630 5.376 6.013 6.555 2.218 3.510 3.906 9.957 3.146 8.505 7.784 7.973 2.123 4.905 
7.584 7.995 6.452 10.233 9.242 6.359 5.655 7.288 4.042 1.672 4.059 7.941 9.171 6.860 7.173 9.717 6.259 2.596 4.268 1.867 6.158 4.924 9.782 2.249 6.201 9.294 8.990 5.353 6.073 6.348 1.875 3.637 4.042 9.353 2.558 7.826 7.507 7.142 1.343 4.172 
5.804 6.941 6.815 8.605 7.402 6.528 5.362 5.448 3.381 0.375 2.227 6.234 7.692 5.659 5.375 8.122 6.025 0.913 2.981 0.049 4.412 5.395 8.463 2.358 5.868 7.853 7.342 5.206 6.051 5.712 2.744 4.020 4.382 7.768 2.582 6.120 6.657 5.536 0.583 3.281 
4.296 4.027 9.578 1.258 4.691 8.865 7.397 6.883 7.339 9.680 8.098 8.696 1.688 4.333 4.753 1.356 7.485 9.232 10.081 9.343 5.170 9.603 1.880 11.502 7.174 1.646 2.263 7.858 8.190 6.194 12.057 9.291 9.191 1.635 11.629 3.559 5.035 9.331 9.610 11.022 
2.463 6.956 10.271 5.481 2.629 9.700 7.980 0.287 6.269 5.493 3.101 2.206 5.663 5.718 2.116 5.323 8.544 4.611 4.172 5.290 2.650 9.301 6.967 6.519 8.229 5.966 4.435 8.160 8.985 7.433 7.396 8.161 8.363 5.125 6.494 3.300 7.432 2.671 5.864 5.116 
5.048 6.139 6.506 7.778 6.729 6.144 4.822 4.980 2.780 1.217 1.894 5.998 6.845 4.836 4.637 7.288 5.490 1.215 3.260 0.875 3.628 5.177 7.619 3.170 5.299 7.006 6.519 4.729 5.600 5.039 3.591 3.836 4.155 6.932 3.372 5.317 5.906 5.431 1.199 3.761 
5.642 1.553 5.389 2.870 1.259 3.708 2.802 8.808 6.097 1.918 6.166 6.317 8.826 8.240 6.856 5.669 3.442 3.364 7.979 7.106 6.698 4.172 1.552 2.379 3.192 1.471 4.047 3.351 2.554 0.945 3.883 4.564 2.403 4.243 5.066 8.860 4.603 6.809 7.512 8.917 
3.289 3.461 10.056 1.884 5.995 3.593 6.012 5.227 8.702 4.552 6.345 8.092 9.511 5.647 6.850 7.630 2.145 3.125 9.191 8.577 7.935 1.509 3.575 7.126 7.933 4.345 1.741 7.669 2.856 5.662 5.600 1.291 2.397 6.839 0.890 5.589 0.238 9.006 5.013 5.506 
3.353 8.310 13.253 6.786 9.942 5.505 8.447 0.435 9.342 9.627 5.550 8.061 7.667 1.591 5.470 8.015 5.576 8.615 8.075 7.999 7.378 5.024 7.416 11.113 11.904 9.271 5.058 10.578 6.415 9.881 6.997 6.807 7.306 8.269 4.697 0.303 5.787 9.083 1.931 0.050 
6.863 2.107 7.911 3.064 4.092 5.695 5.955 9.469 9.260 1.360 8.647 9.326 11.611 9.531 9.311 8.698 4.563 1.224 10.895 10.064 9.575 4.817 3.719 4.712 5.313 1.739 4.859 6.412 4.192 3.511 6.717 3.314 2.645 7.352 5.092 9.745 4.089 9.922 8.821 9.706 
7.642 2.972 4.498 4.574 1.500 5.693 4.106 10.788 7.119 2.213 7.952 7.668 10.355 10.240 8.637 7.016 5.403 4.205 9.398 8.497 8.194 6.085 3.551 1.382 1.881 2.174 5.983 3.498 4.543 1.182 5.548 5.950 4.039 5.525 6.884 10.856 6.250 7.950 9.514 10.908 
2.751 7.619 12.719 6.083 9.318 4.930 7.925 0.503 9.029 8.930 5.298 7.802 7.659 1.644 5.306 7.702 4.904 7.901 7.966 7.812 7.169 4.326 6.768 10.495 11.293 8.581 4.370 10.046 5.762 9.237 6.536 6.099 6.606 7.842 3.983 0.784 5.075 8.835 1.692 0.668 
1.055 5.902 11.033 4.417 7.559 3.227 6.274 2.260 7.747 7.229 4.273 6.660 7.108 2.195 4.493 6.444 3.155 6.353 7.163 6.831 6.160 2.642 5.005 8.738 9.538 6.861 2.652 8.371 4.000 7.474 5.004 4.743 4.920 6.353 2.563 2.350 3.671 7.693 1.593 2.373 
7.220 4.274 2.848 5.431 1.598 5.037 2.246 10.469 4.568 4.329 6.324 5.372 8.169 9.475 6.958 4.753 5.505 6.056 7.108 6.208 6.044 6.334 3.679 1.487 1.833 4.008 6.147 0.775 4.569 2.178 3.916 7.236 5.036 3.324 7.376 10.364 7.132 5.452 8.800 10.485 
1.093 5.126 9.210 4.032 6.102 1.607 4.401 4.042 5.701 6.458 2.454 4.669 5.557 2.986 2.872 4.410 2.492 6.163 5.389 4.933 4.259 2.581 3.807 7.232 7.994 6.013 2.410 6.535 2.943 6.147 2.992 5.146 4.390 4.321 3.283 3.856 4.147 5.692 2.286 4.000 
4.805 6.843 7.540 6.553 6.168 3.755 3.573 7.205 2.366 7.900 1.493 1.019 2.717 5.525 1.746 1.123 5.269 8.488 1.967 1.264 0.642 5.806 5.234 6.922 7.446 7.408 5.573 5.191 5.019 6.537 2.246 8.204 6.642 2.301 6.773 6.772 7.387 2.051 5.127 7.008 
5.219 5.149 5.350 5.383 3.880 3.293 1.296 8.250 2.136 5.973 3.232 2.293 5.004 6.894 3.809 1.639 4.545 6.975 4.019 3.118 2.849 5.308 3.666 4.545 5.052 5.499 5.067 2.841 3.904 4.316 1.256 7.246 5.283 0.178 6.414 7.982 6.678 2.747 6.313 8.163 
8.842 6.190 1.247 7.353 3.450 6.670 3.629 12.053 4.557 6.122 7.332 5.749 8.511 10.885 7.884 5.244 7.331 7.936 7.362 6.525 6.561 8.168 5.572 2.823 2.539 5.852 7.968 1.532 6.412 3.996 5.148 9.165 6.965 4.120 9.236 11.878 9.043 5.470 10.252 12.027 
5.356 1.655 8.490 1.632 4.386 4.503 5.549 7.840 8.758 2.117 7.529 8.581 10.616 7.985 8.160 7.994 3.172 0.507 10.022 9.249 8.696 3.274 2.958 5.311 6.043 2.116 3.352 6.543 3.057 3.883 5.913 1.765 1.414 6.800 3.456 8.136 2.450 9.306 7.288 8.087 
2.666 2.723 8.845 1.173 4.891 2.280 4.640 5.377 7.323 4.015 5.194 6.766 8.362 5.316 5.759 6.280 0.775 3.198 7.951 7.292 6.666 0.603 2.332 6.063 6.880 3.684 0.664 6.375 1.493 4.645 4.226 2.187 1.689 5.450 1.381 5.580 1.396 7.655 4.609 5.569 
5.514 1.930 5.146 3.068 1.122 3.488 2.321 8.723 5.614 2.400 5.793 5.852 8.389 8.057 6.483 5.202 3.422 3.786 7.525 6.646 6.252 4.198 1.489 2.307 3.124 1.951 4.049 2.963 2.493 1.053 3.463 4.847 2.651 3.767 5.156 8.738 4.791 6.330 7.336 8.810 
6.264 1.647 7.924 2.466 3.958 5.140 5.603 8.877 8.895 1.316 8.115 8.890 11.113 8.931 8.773 8.272 3.972 0.748 10.428 9.611 9.104 4.216 3.240 4.710 5.373 1.543 4.259 6.243 3.639 3.396 6.256 2.811 2.060 6.964 4.508 9.148 3.524 9.525 8.221 9.111 
1.693 6.236 11.619 4.685 8.056 3.824 6.887 1.853 8.415 7.539 4.919 7.323 7.690 2.352 5.109 7.112 3.566 6.503 7.789 7.480 6.810 2.940 5.471 9.241 10.048 7.199 3.000 8.967 4.460 7.937 5.655 4.745 5.212 7.009 2.597 2.124 3.701 8.357 1.908 2.067 
5.079 6.328 6.610 6.246 5.374 3.640 2.768 7.756 1.723 7.291 2.177 0.922 3.489 6.177 2.591 0.420 5.111 8.062 2.545 1.666 1.332 5.749 4.746 6.062 6.555 6.805 5.507 4.269 4.702 5.781 1.748 8.001 6.261 1.403 6.788 7.379 7.273 1.781 5.706 7.598 
7.062 7.137 5.159 7.495 5.355 5.330 3.145 9.854 0.573 7.801 4.269 1.980 4.557 8.286 4.600 1.758 6.653 8.999 3.392 2.622 2.851 7.396 5.736 5.640 5.887 7.354 7.154 3.458 6.027 5.889 3.242 9.366 7.370 1.959 8.491 9.487 8.796 1.460 7.812 9.704 
4.520 6.515 7.449 6.211 5.910 3.415 3.330 7.009 2.487 7.586 1.337 1.249 3.018 5.371 1.718 1.176 4.929 8.150 2.306 1.599 0.984 5.472 4.905 6.699 7.246 7.093 5.238 5.037 4.678 6.264 1.933 7.863 6.302 2.135 6.448 6.599 7.050 2.284 4.939 6.828 
4.464 2.222 5.784 2.713 2.134 2.376 1.825 7.704 5.052 3.166 4.713 5.050 7.440 6.954 5.404 4.420 2.570 4.056 6.650 5.801 5.344 3.398 0.851 3.296 4.090 2.675 3.212 3.286 1.634 2.183 2.490 4.611 2.472 3.106 4.450 7.682 4.308 5.661 6.237 7.768 
2.746 7.896 12.170 6.520 9.150 4.645 7.372 1.829 7.930 9.241 4.111 6.608 6.138 0.074 3.970 6.611 5.112 8.532 6.547 6.499 5.892 4.764 6.765 10.285 11.048 8.836 4.724 9.504 5.815 9.171 5.816 6.969 6.990 7.011 4.789 1.234 5.897 7.617 0.791 1.510 
5.441 2.955 9.830 2.304 5.716 5.123 6.678 7.439 9.786 3.410 8.117 9.463 11.272 7.898 8.698 8.912 3.636 1.442 10.788 10.071 9.477 3.414 4.030 6.653 7.383 3.453 3.574 7.829 3.848 5.222 6.811 0.975 2.390 7.832 3.147 7.832 2.035 10.261 7.250 7.737 
6.730 8.601 7.841 8.468 7.477 5.727 4.917 8.844 2.129 9.545 3.260 1.360 1.935 7.046 3.162 2.001 7.237 10.328 0.789 0.726 1.395 7.792 7.018 8.010 8.381 9.061 7.558 5.963 6.923 7.932 4.008 10.165 8.512 3.461 8.760 8.335 9.368 1.222 6.776 8.596 
1.453 5.892 11.313 4.343 7.723 3.531 6.599 2.197 8.221 7.196 4.804 7.165 7.656 2.557 5.037 6.929 3.224 6.179 7.704 7.357 6.685 2.595 5.133 8.908 9.717 6.855 2.656 8.668 4.123 7.598 5.408 4.453 4.869 6.768 2.289 2.444 3.398 8.196 2.038 2.401 
5.340 1.953 8.804 1.715 4.696 4.615 5.801 7.721 8.987 2.417 7.644 8.772 10.753 7.938 8.264 8.194 3.231 0.606 10.186 9.426 8.862 3.252 3.187 5.625 6.357 2.429 3.351 6.841 3.205 4.196 6.104 1.508 1.591 7.028 3.332 8.040 2.284 9.517 7.251 7.980 
5.896 0.858 7.123 2.183 3.087 4.521 4.712 8.720 8.012 0.729 7.422 8.056 10.353 8.587 8.094 7.429 3.537 1.413 9.627 8.794 8.308 3.946 2.462 3.920 4.629 0.701 3.938 5.350 3.028 2.542 5.449 3.143 1.664 6.092 4.455 8.927 3.614 8.660 7.863 8.918 
1.223 6.277 11.175 4.829 7.813 3.389 6.384 2.046 7.648 7.613 4.056 6.501 6.778 1.716 4.211 6.331 3.504 6.800 6.896 6.616 5.951 3.057 5.299 8.983 9.775 7.232 3.044 8.503 4.304 7.758 5.026 5.222 5.321 6.352 3.043 2.010 4.149 7.538 1.109 2.081 
2.035 6.872 12.022 5.347 8.577 4.220 7.243 1.242 8.513 8.188 4.869 7.342 7.447 1.755 4.964 7.193 4.153 7.199 7.650 7.420 6.762 3.584 6.020 9.755 10.556 7.834 3.621 9.354 5.013 8.490 5.906 5.451 5.866 7.234 3.302 1.423 4.407 8.379 1.473 1.391 
1.329 4.889 10.548 3.328 6.831 2.904 5.935 3.209 7.904 6.185 4.807 6.984 7.849 3.412 5.168 6.663 2.292 5.174 7.744 7.288 6.615 1.597 4.223 8.018 8.832 5.852 1.685 7.938 3.222 6.670 4.930 3.525 3.857 6.293 1.346 3.453 2.453 7.990 2.786 3.418 
6.786 9.206 8.811 8.923 8.286 6.086 5.693 8.572 3.095 10.222 3.299 2.118 1.016 6.722 2.998 2.768 7.598 10.867 0.413 1.289 1.740 8.074 7.601 8.881 9.285 9.733 7.849 6.883 7.394 8.714 4.590 10.534 9.021 4.260 8.974 8.016 9.674 2.195 6.548 8.289 
2.333 7.239 10.936 6.044 8.148 3.712 6.176 3.071 6.555 8.577 2.735 5.233 4.955 1.306 2.618 5.238 4.529 8.149 5.250 5.146 4.528 4.403 5.933 9.243 9.977 8.137 4.295 8.290 5.066 8.235 4.564 6.858 6.449 5.698 4.748 2.569 5.792 6.245 1.049 2.822 
2.208 7.245 11.187 5.984 8.288 3.808 6.404 2.668 6.917 8.588 3.104 5.610 5.354 0.949 3.016 5.595 4.496 8.067 5.654 5.542 4.919 4.296 5.999 9.401 10.149 8.159 4.208 8.529 5.097 8.347 4.821 6.692 6.412 5.996 4.551 2.180 5.620 6.628 0.655 2.427 
5.914 1.319 7.813 2.116 3.782 4.771 5.302 8.568 8.585 1.283 7.749 8.551 10.754 8.586 8.406 7.937 3.611 0.725 10.078 9.266 8.753 3.877 2.892 4.605 5.301 1.390 3.912 6.035 3.271 3.238 5.910 2.636 1.695 6.646 4.216 8.826 3.267 9.200 7.874 8.794 
6.993 8.714 7.695 8.633 7.496 5.928 4.963 9.144 2.018 9.627 3.539 1.479 2.173 7.351 3.462 2.090 7.433 10.462 1.064 0.981 1.655 8.007 7.143 7.985 8.329 9.146 7.770 5.902 7.088 7.966 4.148 10.353 8.661 3.506 8.989 8.640 9.574 1.100 7.074 8.899 
5.305 0.714 6.212 2.136 2.076 3.585 3.395 8.370 6.695 1.460 6.315 6.772 9.145 7.967 6.999 6.138 2.986 2.559 8.374 7.526 7.064 3.625 1.360 3.133 3.928 0.968 3.536 4.177 2.213 1.659 4.205 3.743 1.628 4.781 4.419 8.481 3.855 7.351 7.236 8.513 
2.573 4.262 10.563 2.634 6.605 3.470 6.240 4.218 8.639 5.443 5.901 7.878 9.022 4.718 6.336 7.479 2.275 4.124 8.815 8.278 7.616 1.445 4.052 7.770 8.586 5.190 1.675 8.066 3.167 6.335 5.556 2.268 3.180 6.872 0.343 4.591 1.247 8.843 4.119 4.501 
8.625 6.649 2.131 7.627 4.049 6.511 3.456 11.764 3.598 6.780 6.718 4.888 7.585 10.464 7.214 4.448 7.378 8.474 6.423 5.621 5.732 8.214 5.781 3.678 3.544 6.454 7.997 1.762 6.506 4.629 4.748 9.498 7.300 3.543 9.314 11.530 9.253 4.492 9.871 11.700 
4.332 6.845 8.062 6.406 6.425 3.534 3.875 6.606 2.996 7.969 0.897 1.632 2.666 4.905 1.127 1.733 5.040 8.408 2.177 1.684 1.010 5.506 5.235 7.253 7.820 7.476 5.280 5.639 4.900 6.752 2.370 7.972 6.545 2.738 6.421 6.159 7.105 2.649 4.526 6.400 
7.624 8.074 5.815 8.364 6.318 6.052 4.087 10.240 0.882 8.762 4.543 2.044 4.133 8.578 4.741 2.132 7.439 9.927 2.979 2.402 2.840 8.149 6.641 6.570 6.777 8.313 7.905 4.365 6.869 6.855 3.986 10.216 8.266 2.810 9.225 9.822 9.599 1.106 8.168 10.055 
