10 20 40
102 53 95 48 122 48 28 125 118 23 
177 229 297 846 201 162 227 584 301 629 176 149 299 334 418 805 777 499 367 100 
34 6 19 24 9 29 16 21 21 11 9 30 10 9 24 11 11 17 29 25 23 34 7 24 33 16 32 13 24 5 24 6 8 23 27 15 10 14 35 19 
633.684 797.975 848.997 1457.364 696.972 608.045 752.333 1143.479 869.451 1216.681 653.922 609.544 827.223 930.435 915.458 1366.514 1385.628 1046.689 931.371 475.568 
3.879 9.374 4.325 5.248 8.471 6.497 7.411 8.314 3.105 8.835 8.638 10.383 2.509 7.202 4.396 9.062 3.682 2.382 5.850 6.747 
5.053 9.234 5.515 5.841 9.130 6.906 7.855 8.700 2.601 9.104 8.686 11.214 2.447 7.014 3.164 9.312 4.832 3.617 6.854 7.805 
11.381 0.947 9.302 5.428 6.211 4.229 4.394 4.125 5.845 3.434 1.831 8.694 6.138 1.441 8.145 3.382 8.664 9.175 8.067 8.927 
4.777 8.292 4.588 4.575 7.863 5.675 6.618 7.481 2.000 7.928 7.619 9.959 1.403 6.104 3.900 8.144 3.844 2.916 5.681 6.668 
3.375 8.575 2.313 3.486 6.488 4.936 5.747 6.703 3.736 7.382 7.550 8.218 2.716 6.610 6.183 7.629 1.560 1.164 3.616 4.516 
8.289 7.470 5.346 3.769 1.534 3.771 3.268 3.623 8.202 4.541 5.971 1.875 7.410 7.039 11.441 4.733 5.408 6.940 3.007 2.826 
9.792 6.387 6.851 4.310 1.015 3.638 2.792 2.641 8.597 3.365 4.947 1.954 7.966 6.462 11.851 3.492 6.779 8.224 4.522 4.543 
3.620 9.348 3.989 5.047 8.240 6.336 7.237 8.153 3.231 8.702 8.564 10.108 2.541 7.197 4.708 8.933 3.351 2.048 5.544 6.428 
9.354 6.938 6.405 4.248 1.118 3.820 3.078 3.117 8.637 3.924 5.471 1.498 7.939 6.847 11.898 4.073 6.399 7.890 4.060 3.969 
8.779 5.708 7.877 5.550 8.316 5.604 6.451 6.920 2.075 6.852 5.770 10.875 3.030 3.646 3.370 6.970 7.086 6.729 7.931 9.000 
9.954 8.297 9.746 2.689 10.006 1.130 11.515 9.482 2.703 5.029 7.611 8.551 7.247 4.555 4.732 8.050 1.143 2.198 5.882 9.898 3.805 4.927 3.676 9.714 9.232 1.799 7.363 4.723 9.597 8.490 7.974 3.741 10.260 8.108 6.840 6.260 7.001 9.204 1.396 5.182 
3.521 5.746 3.133 9.339 1.916 11.043 2.450 3.714 9.413 8.943 4.348 5.127 4.978 7.839 7.541 7.355 10.793 10.254 8.803 7.299 9.317 8.198 10.205 3.096 6.514 10.261 6.604 7.401 2.956 3.614 5.242 9.887 4.644 8.225 8.387 5.677 6.126 3.928 10.653 8.568 
8.425 7.372 8.067 2.399 7.827 2.834 9.774 7.960 2.626 2.139 5.355 7.415 4.748 3.837 2.144 7.722 1.995 0.752 6.142 6.952 0.887 1.992 4.706 8.017 6.289 2.473 6.693 2.298 7.823 6.614 5.191 1.107 7.419 5.202 3.936 4.370 6.029 7.715 2.534 2.247 
5.158 5.121 4.650 4.279 3.923 5.843 6.167 4.756 4.442 3.399 1.531 4.847 0.759 3.676 1.852 6.247 5.372 4.614 5.957 4.898 3.598 2.543 6.053 4.582 3.890 5.103 5.008 1.792 4.315 3.122 1.787 4.180 4.031 4.234 3.601 1.703 4.118 4.588 5.438 3.035 
7.208 7.971 6.596 7.218 4.940 8.542 7.541 6.946 7.420 4.238 3.877 7.552 3.084 6.948 4.400 9.314 7.868 6.763 9.245 1.711 5.241 4.024 9.242 6.517 0.673 7.898 8.093 4.574 6.196 5.335 1.595 5.570 1.708 2.295 2.859 4.914 7.210 6.890 8.157 3.944 
4.609 5.268 4.018 5.737 2.742 7.340 5.245 4.301 5.883 4.574 1.191 4.840 0.798 4.864 3.357 6.658 6.890 6.120 6.868 4.422 5.004 3.841 7.331 3.941 3.384 6.588 5.458 3.312 3.629 2.649 1.215 5.550 2.821 4.426 4.219 2.530 4.594 4.217 6.935 4.200 
5.244 6.142 4.632 6.541 3.027 8.090 5.627 4.992 6.703 4.793 2.125 5.680 1.666 5.789 3.978 7.576 7.576 6.699 7.828 3.635 5.430 4.201 8.238 4.553 2.628 7.359 6.389 4.001 4.232 3.412 0.940 5.922 1.865 3.992 4.062 3.482 5.534 4.948 7.687 4.429 
5.447 6.665 4.829 7.499 2.974 9.055 5.533 5.270 7.657 5.631 2.859 6.152 2.588 6.681 4.940 8.176 8.540 7.649 8.620 3.554 6.344 5.102 9.149 4.750 2.679 8.322 7.030 4.966 4.431 3.842 1.785 6.813 1.173 4.382 4.692 4.330 6.210 5.277 8.651 5.276 
3.644 1.599 3.700 4.124 5.000 5.597 5.339 3.229 4.041 6.884 3.866 1.958 4.522 2.226 4.696 1.879 5.819 6.077 2.129 9.280 6.267 5.967 3.817 3.706 8.246 4.919 0.730 4.347 3.757 3.224 6.011 6.850 7.815 8.626 7.805 2.734 0.556 2.948 5.312 6.628 
5.138 6.662 4.535 8.184 2.553 9.789 4.948 5.042 8.326 6.575 3.254 6.102 3.248 7.193 5.749 8.240 9.323 8.492 8.939 4.279 7.242 6.011 9.681 4.461 3.508 9.038 7.162 5.739 4.158 3.835 2.711 7.730 1.640 5.303 5.656 4.805 6.400 5.101 9.384 6.216 
3.812 5.675 3.256 8.339 1.317 10.021 3.376 3.820 8.442 7.529 3.224 5.072 3.674 7.031 6.282 7.302 9.685 9.035 8.379 5.864 7.988 6.827 9.486 3.191 5.040 9.245 6.357 6.184 2.930 3.043 3.764 8.537 3.244 6.724 6.897 4.712 5.715 3.944 9.622 7.156 
9.820 10.509 9.208 8.837 7.508 9.849 10.096 9.557 9.064 4.934 6.426 10.118 5.550 9.009 6.087 11.777 9.046 7.782 11.450 1.043 6.172 5.220 11.073 9.128 1.950 9.335 10.543 6.359 8.807 7.936 4.111 6.249 3.706 1.855 3.123 7.266 9.652 9.496 9.506 4.812 
4.236 2.530 4.151 3.167 5.075 4.730 5.888 3.780 3.113 5.882 3.452 2.741 3.920 1.259 3.707 2.876 4.868 5.052 2.323 8.588 5.230 4.978 3.322 4.138 7.573 4.012 1.772 3.357 4.109 3.287 5.383 5.810 7.366 7.782 6.893 2.052 1.196 3.494 4.415 5.640 
1.676 3.604 1.102 7.337 0.919 9.042 1.905 1.669 7.386 7.684 2.761 2.987 3.653 5.717 5.938 5.233 8.885 8.508 6.580 7.357 7.806 6.829 8.023 1.037 6.395 8.263 4.402 5.729 0.792 1.499 4.510 8.412 4.971 7.734 7.558 3.745 3.902 1.815 8.665 7.317 
5.580 3.374 5.950 6.203 7.729 7.103 7.095 5.365 6.021 9.822 7.079 3.987 7.779 4.731 7.702 1.744 7.670 8.369 2.386 12.540 8.998 8.956 4.549 5.994 11.506 6.679 2.820 7.355 6.184 6.125 9.268 9.515 10.995 11.834 10.941 5.987 3.670 5.169 6.978 9.616 
5.201 6.795 4.606 8.430 2.610 10.039 4.926 5.127 8.570 6.822 3.475 6.226 3.497 7.420 6.004 8.384 9.577 8.748 9.133 4.399 7.497 6.264 9.908 4.533 3.668 9.287 7.323 5.993 4.237 3.982 2.961 7.983 1.739 5.494 5.880 5.030 6.574 5.199 9.635 6.465 
7.681 6.581 7.343 1.800 7.211 2.686 9.066 7.213 2.038 2.455 4.746 6.632 4.233 3.060 1.647 6.937 1.998 1.164 5.419 6.983 1.321 1.984 4.153 7.294 6.229 2.135 5.900 1.702 7.113 5.915 4.873 1.776 7.160 5.376 4.143 3.650 5.236 6.963 2.319 2.442 
7.766 6.233 7.542 0.552 7.816 1.351 9.309 7.293 0.698 4.020 5.458 6.431 5.193 2.454 2.888 6.220 1.166 1.685 4.333 8.492 2.827 3.537 2.678 7.508 7.688 0.619 5.372 2.772 7.386 6.279 6.112 3.138 8.425 6.941 5.716 4.060 4.902 7.019 0.947 4.017 
7.838 7.456 7.353 4.135 6.561 5.087 8.881 7.418 4.370 0.695 4.245 7.303 3.358 4.748 1.712 8.265 4.308 3.096 7.275 4.608 1.517 0.490 6.451 7.286 3.957 4.571 7.075 2.061 7.026 5.821 3.213 1.856 5.256 2.940 1.726 3.964 6.244 7.228 4.739 0.322 
8.851 8.526 8.348 4.937 7.430 5.639 9.827 8.440 5.175 0.695 5.209 8.366 4.275 5.751 2.762 9.329 4.790 3.495 8.269 4.413 1.923 1.493 7.287 8.280 3.987 5.232 8.143 3.112 8.010 6.819 3.840 1.914 5.601 2.492 1.248 5.029 7.314 8.258 5.332 0.832 
