10 40 40
135.178 46.171 26.614 128.713 36.261 46.057 76.154 96.576 30.324 145.810 
11.183 102.976 64.976 73.774 51.105 43.910 79.579 40.091 108.056 110.641 52.703 89.721 22.508 87.201 23.352 21.593 35.456 81.158 53.325 101.789 88.658 53.044 48.445 24.530 19.800 39.622 47.103 8.710 86.629 10.328 101.912 84.522 22.966 31.725 53.100 35.583 68.267 99.032 20.981 80.715 
10.651 10.389 29.679 6.413 27.312 13.778 9.830 10.590 30.096 6.828 23.051 14.174 8.199 7.463 31.873 6.798 17.502 33.090 33.637 19.433 10.867 18.153 21.869 7.287 19.413 9.853 31.732 34.259 20.653 10.074 33.227 23.510 21.027 16.139 22.905 30.730 11.007 23.235 24.861 18.669 
497.453 1274.579 1093.975 1102.973 883.604 890.949 1162.546 850.567 1318.446 1333.860 943.352 1225.009 639.104 1211.793 627.283 625.073 770.737 1246.377 981.982 1213.511 1235.737 948.143 911.833 633.373 599.383 825.874 863.428 419.508 1191.861 426.066 1330.158 1145.092 624.286 795.641 923.993 778.103 1111.954 1270.126 576.887 1182.222 
5.548 2.932 9.095 3.739 2.074 1.887 5.154 1.933 5.825 2.577 5.454 5.365 6.927 4.766 7.421 6.109 2.759 6.817 5.305 3.740 6.875 5.577 4.092 6.156 3.180 8.070 7.335 6.903 4.267 3.197 4.247 7.530 4.019 7.064 3.300 7.463 6.459 3.936 2.515 1.475 
6.497 4.777 7.441 7.593 5.497 5.660 6.066 3.234 5.371 6.530 8.176 8.683 6.444 2.596 5.742 7.720 4.024 4.840 5.754 7.641 5.672 8.342 0.416 9.099 2.725 7.089 9.264 9.683 3.566 6.734 2.651 8.383 7.851 9.731 7.211 6.436 7.050 4.149 2.282 2.654 
8.436 6.710 8.784 9.234 7.249 7.315 8.009 5.115 7.179 7.805 10.096 10.518 8.193 4.279 7.189 9.676 5.968 6.253 7.669 8.818 7.284 10.259 1.639 11.001 4.682 8.683 11.223 11.608 5.453 8.489 4.484 10.286 9.506 11.666 8.413 8.051 8.949 6.092 4.210 4.349 
2.880 3.249 3.747 7.148 5.107 5.681 2.587 3.415 1.061 7.598 5.812 6.984 2.079 1.867 2.101 4.330 2.816 1.742 1.984 8.739 1.547 5.987 4.779 6.795 2.304 2.879 5.862 7.076 1.100 5.931 1.724 4.326 7.290 6.985 8.323 2.225 3.019 1.604 3.164 4.250 
4.518 4.285 9.643 2.858 3.725 3.967 4.580 5.720 6.474 5.341 1.260 0.563 6.876 7.976 8.636 3.465 5.056 8.661 5.229 5.721 7.773 1.119 9.197 0.683 6.521 8.102 3.245 1.444 6.562 2.632 7.384 5.173 2.655 1.746 5.596 7.836 5.199 5.648 6.684 6.522 
2.452 2.140 4.802 6.044 3.987 4.561 2.051 2.416 1.543 6.499 4.956 6.014 2.690 2.071 3.209 3.813 1.704 2.838 1.650 7.633 2.566 5.134 4.501 5.948 1.560 3.753 5.386 6.317 0.599 4.834 1.603 4.274 6.194 6.269 7.221 3.136 2.942 0.486 2.403 3.374 
2.359 2.314 7.485 3.457 2.759 3.313 2.343 3.952 4.215 5.312 1.148 2.350 4.715 5.796 6.384 1.795 3.067 6.384 2.979 6.101 5.528 1.325 7.385 2.138 4.478 5.981 2.674 2.607 4.345 2.411 5.225 3.592 3.440 2.643 5.825 5.651 3.185 3.431 4.814 4.950 
2.531 2.991 3.882 6.875 4.872 5.460 2.232 3.311 0.833 7.417 5.464 6.652 1.945 2.118 2.307 3.979 2.620 2.051 1.634 8.547 1.646 5.639 4.948 6.446 2.298 2.882 5.516 6.722 1.090 5.652 1.887 4.030 7.010 6.631 8.137 2.247 2.710 1.380 3.165 4.211 
4.852 3.894 5.364 7.487 5.279 5.668 4.458 2.940 3.380 7.135 7.170 8.012 4.389 0.481 3.643 6.219 3.146 2.768 4.009 8.307 3.554 7.346 2.534 8.152 1.714 4.971 7.793 8.605 1.809 6.404 0.816 6.565 7.699 8.588 7.868 4.320 5.230 2.648 2.077 3.143 
7.957 6.508 7.851 9.404 7.314 7.471 7.546 5.029 6.517 8.225 9.913 10.482 7.468 3.595 6.308 9.271 5.740 5.371 7.141 9.297 6.480 10.082 1.701 10.854 4.342 7.853 10.838 11.408 4.916 8.550 3.914 9.717 9.665 11.437 8.877 7.239 8.381 5.655 4.052 4.462 
6.515 4.522 3.553 3.313 3.370 6.406 5.550 3.558 2.746 4.928 2.283 2.900 6.221 4.778 2.465 4.670 2.757 4.832 0.896 5.565 4.855 1.477 3.441 0.570 4.001 1.134 2.309 7.117 7.536 5.602 4.125 3.272 6.388 2.940 3.369 1.409 3.748 6.688 2.118 4.945 
4.249 1.976 4.760 0.708 5.653 4.271 7.247 5.255 1.944 5.491 1.129 4.649 3.668 5.444 4.834 4.944 4.603 3.058 2.843 4.816 6.840 1.151 5.215 2.692 3.677 3.650 3.468 5.852 5.546 7.318 1.715 2.272 5.823 0.743 1.507 3.961 6.082 5.325 1.988 3.756 
8.601 7.884 2.082 7.211 2.432 8.223 0.486 7.786 5.189 2.632 7.104 7.267 10.210 2.436 5.998 3.220 7.063 6.646 4.325 5.217 1.086 5.883 7.609 5.641 4.305 4.228 7.267 6.934 8.706 0.565 7.311 5.296 5.203 7.430 8.096 4.165 2.478 6.867 4.834 5.761 
6.239 4.133 8.595 3.771 9.004 6.547 10.987 6.014 5.827 9.394 3.436 5.732 2.914 9.348 6.756 8.833 5.835 6.196 6.278 8.420 10.429 4.647 6.099 5.316 7.516 6.758 4.573 9.001 7.818 11.050 4.485 6.072 9.444 3.174 2.448 6.999 9.379 8.447 5.875 7.234 
4.346 2.016 6.656 1.596 7.467 4.572 9.149 5.900 3.714 7.293 1.989 5.415 2.115 7.267 6.025 6.702 5.441 4.012 4.647 6.212 8.723 2.911 5.920 4.103 5.351 5.341 4.129 6.848 5.886 9.219 2.296 3.905 7.236 1.306 0.999 5.632 7.883 6.294 3.874 5.027 
4.339 2.213 7.256 2.128 8.118 4.626 9.766 6.410 4.260 7.826 2.629 5.955 1.565 7.811 6.631 7.216 5.994 4.302 5.296 6.591 9.359 3.560 6.442 4.744 5.841 5.994 4.673 7.078 5.911 9.837 2.615 4.403 7.608 1.957 1.594 6.284 8.534 6.524 4.470 5.384 
6.075 4.106 3.446 2.917 3.572 5.964 5.594 3.920 2.322 4.726 2.047 3.260 5.874 4.591 2.903 4.416 3.130 4.394 0.837 5.198 4.971 1.083 3.814 0.872 3.654 1.426 2.538 6.716 7.097 5.651 3.696 2.850 6.048 2.623 3.121 1.731 3.973 6.278 1.712 4.535 
2.581 0.725 5.081 1.110 6.578 2.602 7.649 6.926 1.992 5.308 2.765 6.314 3.123 5.332 6.400 4.651 6.260 1.634 3.962 3.861 7.470 2.596 6.882 4.233 3.241 4.895 5.141 4.491 3.892 7.728 0.149 1.897 4.879 2.077 2.683 5.217 7.025 3.940 2.509 2.657 
5.940 4.627 1.571 3.783 2.680 5.684 3.953 5.516 1.986 2.853 3.658 4.876 6.835 2.703 4.075 2.634 4.708 3.985 1.191 3.874 3.577 2.417 5.377 2.645 2.295 1.845 4.384 5.604 6.570 4.022 4.082 2.321 4.546 3.946 4.619 2.069 3.127 5.272 1.445 3.615 
4.852 3.617 9.227 4.082 10.231 5.278 11.772 8.266 6.145 9.614 4.750 7.882 1.252 9.630 8.682 8.963 7.947 5.604 7.409 7.996 11.425 5.674 8.323 6.863 7.553 8.123 6.627 8.059 6.362 11.846 4.168 6.179 8.968 4.081 3.688 8.413 10.651 7.529 6.459 6.783 
7.459 5.024 6.789 3.882 6.394 7.566 8.779 2.681 4.996 8.042 2.280 2.383 5.390 7.920 3.516 7.669 2.496 6.463 4.136 8.049 8.002 3.199 2.754 2.743 6.677 4.191 1.333 9.237 8.874 8.827 4.989 5.463 9.011 2.922 2.506 4.333 6.692 8.719 4.651 7.094 
7.673 5.279 8.125 4.380 7.904 7.871 10.231 3.911 5.960 9.261 3.127 3.770 4.929 9.161 5.013 8.823 3.917 7.053 5.516 8.931 9.491 4.293 4.027 4.200 7.699 5.677 2.860 9.906 9.192 10.282 5.410 6.362 9.932 3.450 2.771 5.838 8.213 9.364 5.745 7.866 
7.086 5.741 1.490 4.818 1.528 6.821 3.192 5.316 3.134 3.109 4.410 4.729 7.884 2.903 3.654 3.147 4.536 5.121 1.574 4.748 2.596 3.242 5.155 2.876 3.243 1.545 4.545 6.535 7.666 3.247 5.207 3.469 5.270 4.843 5.448 1.590 1.976 6.253 2.561 4.666 
3.703 3.672 3.064 3.708 5.332 3.306 5.383 8.024 1.949 2.542 4.753 7.363 6.058 2.643 6.841 1.845 7.231 1.844 3.820 1.113 5.572 3.765 7.916 4.975 0.684 4.697 6.528 2.691 3.859 5.467 3.145 1.499 2.075 4.479 5.235 4.958 5.749 2.350 2.410 0.841 
6.859 6.215 0.613 5.649 2.751 6.485 2.217 7.351 3.555 1.231 5.798 6.752 8.579 0.999 5.693 1.611 6.563 4.904 3.274 3.592 2.430 4.550 7.192 4.725 2.564 3.558 6.455 5.371 7.011 2.300 5.640 3.601 3.769 5.993 6.707 3.630 3.055 5.241 3.306 4.032 
7.501 5.269 4.911 3.990 4.181 7.462 6.650 2.153 4.041 6.353 2.463 1.493 6.506 6.194 1.630 6.117 1.385 6.004 2.314 6.974 5.816 2.387 2.059 0.906 5.430 2.055 0.987 8.463 8.671 6.691 4.990 4.570 7.822 3.295 3.409 2.143 4.465 8.008 3.472 6.272 
3.636 1.616 4.429 0.744 5.650 3.603 6.976 5.908 1.388 4.963 1.893 5.283 3.735 4.941 5.318 4.372 5.218 2.296 2.940 4.075 6.679 1.514 5.855 3.151 3.039 3.848 4.153 5.077 4.846 7.051 1.178 1.597 5.090 1.442 2.191 4.169 6.092 4.551 1.671 2.990 
6.041 5.631 1.151 5.231 3.583 5.646 3.051 7.739 3.098 0.584 5.645 7.111 8.031 0.470 6.184 0.677 6.935 4.127 3.458 2.657 3.365 4.416 7.591 4.913 1.774 3.963 6.651 4.434 6.106 3.136 5.059 3.020 2.861 5.710 6.455 4.102 3.925 4.308 3.023 3.171 
5.947 4.183 2.800 3.100 3.178 5.786 5.016 4.449 2.007 4.077 2.548 3.792 6.143 3.939 3.239 3.786 3.645 4.148 0.374 4.689 4.458 1.391 4.328 1.450 3.115 1.313 3.168 6.281 6.849 5.077 3.711 2.511 5.496 2.998 3.584 1.633 3.604 5.871 1.338 4.133 
5.923 4.790 10.355 5.200 11.261 6.367 12.889 8.877 7.290 10.780 5.696 8.558 2.416 10.791 9.477 10.131 8.645 6.772 8.442 9.164 12.507 6.707 8.954 7.782 8.722 9.106 7.346 9.177 7.387 12.962 5.339 7.340 10.131 5.100 4.612 9.385 11.672 8.654 7.576 7.953 
6.585 5.663 0.259 4.975 2.332 6.254 2.722 6.517 2.960 1.852 4.986 5.909 7.974 1.647 4.898 1.944 5.724 4.598 2.404 3.728 2.583 3.742 6.362 3.855 2.395 2.720 5.586 5.537 6.931 2.797 5.094 3.114 4.121 5.236 5.929 2.819 2.718 5.323 2.599 3.898 
7.608 5.172 6.954 4.041 6.524 7.721 8.927 2.655 5.173 8.214 2.450 2.398 5.479 8.091 3.581 7.844 2.524 6.631 4.298 8.226 8.139 3.376 2.739 2.894 6.854 4.333 1.422 9.409 9.031 8.973 5.147 5.640 9.188 3.078 2.639 4.467 6.816 8.890 4.828 7.269 
1.704 3.661 6.070 4.591 8.319 1.256 8.278 10.186 4.141 5.278 6.198 9.543 5.328 5.439 9.337 4.630 9.455 2.070 6.433 2.690 8.561 5.697 10.116 7.247 3.692 7.388 8.471 1.653 0.866 8.363 3.508 3.632 3.217 5.559 6.150 7.683 8.744 1.254 4.804 2.200 
8.292 5.855 7.726 4.776 7.166 8.430 9.631 2.716 5.985 9.014 3.235 2.656 5.914 8.887 3.991 8.652 2.825 7.399 5.066 9.036 8.807 4.191 2.845 3.634 7.668 5.028 2.009 10.197 9.746 9.674 5.873 6.448 10.000 3.809 3.290 5.134 7.432 9.673 5.642 8.066 
2.889 2.016 3.946 2.042 5.739 2.678 6.490 7.121 1.133 4.009 3.333 6.472 4.425 4.046 6.265 3.342 6.378 1.033 3.444 2.650 6.423 2.635 7.045 4.163 1.930 4.413 5.446 3.631 3.739 6.572 1.460 0.748 3.674 2.897 3.627 4.724 6.185 3.119 1.804 1.525 
7.967 6.867 1.459 6.029 1.117 7.650 1.938 6.247 4.183 2.886 5.699 5.714 9.087 2.655 4.477 3.204 5.511 5.978 2.863 5.104 1.329 4.521 6.073 4.104 3.812 2.668 5.706 6.910 8.348 1.985 6.312 4.422 5.394 6.113 6.732 2.600 1.400 6.721 3.694 5.314 
8.947 6.627 6.266 5.356 5.054 8.943 7.682 0.581 5.612 7.787 3.705 0.105 7.524 7.612 1.513 7.606 0.311 7.539 3.798 8.542 6.732 3.912 0.516 2.472 6.989 3.297 1.305 10.035 10.179 7.710 6.414 6.140 9.377 4.537 4.438 3.258 5.229 9.578 5.046 7.843 
8.968 6.531 7.854 5.397 7.037 9.080 9.589 2.120 6.405 9.230 3.779 2.231 6.709 9.087 3.641 8.921 2.427 7.964 5.209 9.463 8.706 4.586 2.275 3.746 8.032 5.017 2.010 10.714 10.389 9.626 6.504 6.893 10.400 4.436 3.989 5.073 7.262 10.203 5.996 8.553 
4.063 3.060 2.761 2.626 4.547 3.801 5.323 6.563 0.533 3.079 3.359 5.903 5.434 3.067 5.466 2.487 5.778 2.102 2.485 2.594 5.214 2.298 6.461 3.517 1.215 3.426 5.046 4.069 4.722 5.403 2.485 0.469 3.523 3.218 3.982 3.718 4.991 3.646 0.939 1.906 
5.569 3.256 7.364 2.650 7.813 5.809 9.757 5.298 4.637 8.188 2.215 4.916 2.816 8.136 5.786 7.642 4.987 5.216 5.062 7.341 9.212 3.416 5.354 4.172 6.350 5.581 3.673 8.067 7.119 9.821 3.505 4.915 8.364 1.960 1.219 5.834 8.197 7.514 4.654 6.183 
3.458 3.117 3.179 3.094 5.282 3.114 5.631 7.561 1.399 2.957 4.160 6.901 5.519 3.021 6.466 2.271 6.779 1.489 3.469 1.681 5.707 3.218 7.462 4.518 0.882 4.392 6.012 3.063 3.866 5.715 2.572 0.909 2.675 3.865 4.620 4.673 5.715 2.644 1.941 0.914 
8.522 6.538 4.246 5.307 2.722 8.392 5.368 2.708 4.638 5.857 4.042 2.233 8.103 5.656 0.923 5.822 2.025 6.775 2.349 7.145 4.399 3.487 2.529 1.942 5.555 1.448 2.668 8.830 9.478 5.392 6.149 5.141 7.829 4.812 5.082 1.228 2.896 8.452 3.970 6.729 
6.516 4.382 8.709 3.965 9.042 6.818 11.074 5.878 5.992 9.548 3.518 5.624 3.203 9.496 6.690 8.998 5.735 6.432 6.345 8.634 10.492 4.747 5.970 5.330 7.696 6.788 4.496 9.249 8.094 11.136 4.718 6.256 9.658 3.320 2.575 7.020 9.409 8.694 6.013 7.455 
9.073 6.641 7.702 5.477 6.802 9.168 9.375 1.793 6.379 9.108 3.830 1.940 6.923 8.959 3.357 8.822 2.141 8.004 5.073 9.431 8.475 4.559 1.953 3.611 7.975 4.827 1.874 10.724 10.471 9.410 6.586 6.876 10.354 4.526 4.125 4.867 7.013 10.220 5.941 8.552 
5.501 4.354 9.946 4.794 10.895 5.942 12.486 8.674 6.872 10.351 5.360 8.330 1.976 10.365 9.205 9.700 8.409 6.332 8.074 8.724 12.120 6.337 8.744 7.459 8.290 8.759 7.100 8.745 6.978 12.559 4.906 6.914 9.692 4.734 4.281 9.043 11.311 8.221 7.172 7.513 
7.309 6.255 0.855 5.465 1.597 6.991 2.296 6.248 3.559 2.418 5.261 5.676 8.509 2.191 4.539 2.642 5.479 5.320 2.484 4.487 1.920 4.048 6.082 3.843 3.158 2.511 5.520 6.296 7.693 2.359 5.695 3.777 4.835 5.614 6.264 2.523 1.962 6.089 3.104 4.659 
7.254 5.392 3.205 4.222 2.489 7.100 4.858 3.571 3.317 4.743 3.240 2.959 7.172 4.561 2.066 4.620 2.773 5.461 1.012 5.831 4.062 2.390 3.419 1.256 4.238 0.256 2.782 7.497 8.159 4.901 4.958 3.813 6.550 3.898 4.325 0.451 2.837 7.115 2.645 5.391 
4.286 2.739 3.186 1.969 4.514 4.119 5.732 5.765 0.434 3.838 2.453 5.107 4.973 3.789 4.813 3.306 4.998 2.494 2.004 3.485 5.454 1.392 5.675 2.749 2.122 2.972 4.181 4.856 5.200 5.806 2.201 0.956 4.433 2.390 3.145 3.288 4.961 4.393 0.446 2.662 
2.059 1.493 4.791 2.061 6.601 1.911 7.319 7.657 1.963 4.724 3.628 7.023 3.820 4.785 6.944 4.037 6.948 0.636 4.232 2.958 7.282 3.192 7.596 4.799 2.645 5.200 5.915 3.491 3.095 7.401 1.080 1.615 3.959 3.020 3.666 5.516 7.048 2.942 2.616 1.739 
1.535 0.915 5.899 2.099 7.587 1.682 8.442 7.996 2.931 5.865 3.783 7.396 2.800 5.928 7.522 5.176 7.351 1.577 5.050 3.961 8.364 3.719 7.961 5.354 3.788 5.996 6.196 4.111 3.003 8.524 1.044 2.683 4.919 3.015 3.482 6.317 8.035 3.561 3.525 2.764 
