10 40 40
62 78 51 149 85 125 88 44 80 54 
314 237 156 274 249 155 138 100 346 61 254 361 381 229 176 165 53 330 340 65 47 79 327 194 173 201 355 366 62 132 110 59 91 232 238 274 366 55 176 210 
8 20 11 15 7 33 31 16 22 25 21 16 28 24 21 11 9 8 34 10 25 24 5 8 29 32 7 15 32 24 27 30 34 30 27 5 13 35 26 13 
1237.485 1028.889 933.580 1189.194 1097.980 872.860 843.550 723.184 1341.911 513.018 1058.546 1385.705 1330.975 999.188 942.008 857.408 584.125 1310.320 1262.208 542.686 510.669 685.923 1262.778 912.360 901.021 971.534 1300.985 1344.002 613.565 742.050 678.783 606.203 632.901 1121.145 1046.659 1170.190 1341.805 520.397 940.720 996.048 
3.837 8.487 2.935 3.461 5.720 8.113 2.236 3.824 2.825 5.561 8.498 3.992 6.281 3.439 4.575 4.279 1.258 1.879 3.647 5.772 7.412 1.444 3.001 5.916 4.166 7.400 2.711 0.053 5.273 4.823 1.065 4.891 2.376 7.252 3.223 9.804 5.283 5.382 4.293 2.128 
3.279 4.689 4.126 4.702 3.165 3.756 7.394 5.819 5.345 9.063 2.239 3.246 3.309 8.828 2.713 3.257 8.222 7.135 3.912 3.310 6.383 6.949 5.966 4.061 2.862 0.539 5.062 6.958 2.728 3.877 6.705 4.924 9.271 4.223 6.825 4.132 8.947 9.036 3.005 8.289 
5.018 2.525 5.672 6.688 2.740 1.605 7.901 5.796 7.211 8.654 0.651 5.102 5.741 9.124 4.705 3.903 9.286 7.749 4.573 2.784 4.905 7.701 7.897 6.467 4.174 2.688 5.698 8.128 5.014 3.771 8.173 4.524 10.546 2.603 6.985 1.799 8.615 8.686 4.949 9.839 
2.427 5.169 3.300 3.806 3.145 4.274 6.784 5.428 4.454 8.718 3.063 2.370 2.649 8.259 1.823 2.798 7.451 6.499 3.384 3.305 6.508 6.276 5.071 3.323 2.176 1.197 4.477 6.175 1.875 3.642 5.861 4.713 8.447 4.511 6.338 4.917 8.578 8.672 2.119 7.424 
6.361 1.399 6.546 8.043 2.902 2.098 6.678 4.317 8.268 6.015 4.309 6.588 8.336 7.397 6.498 4.360 8.698 6.714 4.651 2.753 1.434 6.885 8.973 8.850 5.295 5.929 5.247 7.880 7.226 3.305 8.399 3.051 10.158 1.267 5.434 3.776 6.079 6.118 6.603 9.990 
6.391 2.194 7.010 8.075 3.746 1.651 8.907 6.667 8.584 9.227 1.576 6.485 7.078 10.017 6.099 5.116 10.456 8.796 5.750 3.740 4.985 8.798 9.275 7.827 5.506 3.937 6.816 9.345 6.402 4.761 9.465 5.314 11.767 2.912 7.881 0.418 9.228 9.288 6.339 11.137 
5.437 3.227 5.349 6.937 2.567 3.500 4.660 2.355 6.994 4.088 5.348 5.709 7.932 5.316 5.803 3.398 6.772 4.736 3.383 2.416 1.284 4.959 7.662 8.269 4.448 6.247 3.589 6.085 6.683 2.230 6.752 1.390 8.250 2.239 3.390 5.446 4.110 4.162 5.816 8.251 
2.850 4.873 3.705 4.266 3.082 3.958 7.060 5.578 4.908 8.848 2.618 2.810 3.001 8.513 2.276 2.974 7.823 6.790 3.605 3.236 6.387 6.588 5.530 3.717 2.486 0.830 4.735 6.554 2.322 3.698 6.279 4.762 8.853 4.303 6.543 4.489 8.721 8.812 2.568 7.857 
4.266 3.726 4.130 5.721 1.922 3.686 3.818 1.452 5.767 4.164 5.112 4.545 6.876 4.757 4.689 2.277 5.775 3.815 2.173 1.818 2.489 3.964 6.435 7.153 3.320 5.548 2.399 4.977 5.600 1.186 5.576 0.163 7.234 2.521 2.651 5.638 4.100 4.176 4.674 7.117 
4.997 2.346 5.627 6.682 2.593 1.418 7.767 5.640 7.190 8.473 0.851 5.091 5.822 8.975 4.713 3.808 9.185 7.621 4.469 2.629 4.705 7.583 7.881 6.535 4.125 2.813 5.582 8.039 5.058 3.627 8.108 4.356 10.460 2.403 6.833 1.808 8.437 8.506 4.949 9.777 
3.104 6.715 3.412 7.856 3.162 4.506 5.686 4.917 0.587 5.281 3.304 1.501 5.709 7.732 5.040 7.154 4.826 5.804 4.693 2.771 8.858 2.415 1.849 3.329 6.204 3.501 2.185 3.921 5.979 1.900 5.527 3.220 5.526 3.650 7.631 0.844 9.265 5.554 2.906 2.371 
3.378 1.636 7.004 5.964 7.441 2.604 1.044 7.217 6.626 2.757 3.364 6.895 2.825 5.719 4.818 2.466 8.231 6.074 1.825 4.348 7.185 8.285 7.410 9.091 0.527 3.860 4.118 2.870 4.055 6.026 7.991 3.388 3.847 4.070 7.349 5.509 7.289 9.552 7.472 6.940 
3.703 6.877 4.279 7.479 2.287 4.594 5.944 4.173 1.329 5.966 3.435 0.601 5.683 7.378 4.680 7.769 3.966 5.275 5.204 2.678 8.403 2.838 2.507 3.722 6.507 4.263 2.551 4.047 5.765 1.297 4.730 3.855 5.336 4.444 7.055 1.603 8.833 4.653 3.693 1.515 
4.821 8.387 3.999 9.028 3.264 6.130 7.394 5.410 1.526 6.923 4.946 1.823 7.260 8.937 6.248 8.838 4.879 6.750 6.424 4.256 9.907 1.654 1.860 2.388 7.927 5.087 3.906 5.564 7.358 2.840 5.830 4.920 6.930 5.182 8.471 2.551 10.350 5.181 3.148 2.690 
1.417 3.267 5.131 5.621 4.684 1.309 2.211 4.973 3.901 3.133 0.667 3.999 2.623 5.422 3.258 4.436 5.737 4.529 1.782 1.608 6.827 5.689 4.879 6.561 2.750 2.512 1.294 0.785 3.418 3.169 5.772 1.620 2.971 2.838 6.252 2.792 7.114 6.976 5.287 4.105 
2.553 2.418 6.075 6.472 7.074 2.556 1.412 7.129 5.874 1.878 2.980 6.340 3.192 6.232 4.925 2.182 8.033 6.227 0.934 3.975 7.713 7.466 6.579 8.247 1.283 2.930 3.482 2.621 4.405 5.561 7.922 2.530 4.111 3.130 7.671 4.771 7.866 9.313 6.572 6.500 
6.142 6.842 8.195 4.895 1.896 4.936 6.522 0.470 5.324 8.287 4.521 3.479 5.150 4.921 3.028 9.559 0.852 2.448 6.957 3.631 5.362 6.726 6.514 7.534 7.145 7.145 4.831 4.785 4.357 2.959 0.725 6.369 4.194 7.432 3.634 5.118 5.850 2.183 7.694 2.523 
4.276 4.500 7.191 3.736 2.886 2.585 4.153 2.040 4.768 6.192 2.409 3.494 2.836 3.644 0.989 7.281 3.121 1.683 4.762 1.808 4.680 6.539 6.027 7.443 4.774 5.372 3.168 2.517 2.300 2.457 2.823 4.506 1.998 5.689 3.536 4.086 5.097 4.477 6.957 2.853 
5.290 8.596 4.752 8.855 2.800 6.306 7.667 4.996 2.141 7.471 5.158 1.691 7.354 8.783 6.134 9.347 4.327 6.494 6.854 4.363 9.662 2.346 2.615 2.976 8.228 5.667 4.243 5.767 7.325 2.769 5.337 5.412 6.920 5.788 8.142 3.038 10.119 4.506 3.902 2.371 
7.429 5.989 10.484 2.137 5.084 5.125 6.282 2.916 7.942 9.048 5.495 6.370 4.465 2.297 2.822 9.700 4.050 1.617 7.532 5.088 2.115 9.609 9.202 10.483 6.781 8.543 6.439 5.363 3.239 5.497 2.952 7.653 3.469 8.867 0.309 7.362 2.606 5.069 10.210 5.495 
2.287 4.641 4.404 8.453 7.533 4.150 3.557 8.196 5.234 0.375 3.922 6.346 5.156 8.225 6.455 2.257 8.831 7.754 1.776 4.735 9.698 6.423 5.527 7.052 3.511 1.673 3.643 3.905 6.279 5.889 8.991 2.084 5.905 1.627 9.398 4.316 9.902 9.969 5.121 6.814 
3.227 6.945 3.195 8.147 3.369 4.756 5.898 5.178 0.297 5.349 3.553 1.681 5.973 8.022 5.330 7.249 5.044 6.093 4.837 3.051 9.149 2.132 1.560 3.045 6.404 3.536 2.398 4.167 6.262 2.173 5.774 3.326 5.808 3.661 7.917 0.961 9.556 5.725 2.645 2.589 
4.471 8.716 1.396 10.626 5.862 6.797 7.550 7.791 2.336 5.819 5.654 4.174 8.102 10.481 7.833 7.786 7.544 8.687 5.995 5.443 11.683 1.428 1.133 1.620 7.919 4.056 4.382 6.206 8.612 4.800 8.355 4.430 8.146 3.958 10.524 3.002 12.071 8.028 0.434 5.128 
7.476 7.492 9.715 4.579 3.366 5.895 7.393 1.485 6.852 9.518 5.719 4.998 5.794 4.680 3.641 10.622 1.828 2.552 8.110 4.930 4.686 8.227 8.038 9.016 7.989 8.521 6.213 5.869 4.766 4.473 0.809 7.706 4.750 8.820 2.857 6.622 5.174 2.540 9.222 4.041 
2.921 6.865 2.649 8.392 3.925 4.760 5.770 5.653 0.492 4.925 3.569 2.252 6.024 8.253 5.590 6.860 5.589 6.441 4.551 3.223 9.436 2.090 1.323 2.971 6.238 3.079 2.330 4.163 6.425 2.623 6.278 2.986 5.962 3.172 8.283 0.825 9.828 6.303 2.194 3.134 
1.994 4.700 4.589 6.035 3.279 2.452 3.746 4.101 2.581 4.260 1.258 2.419 3.650 5.882 3.282 5.849 4.574 4.311 3.192 0.861 7.130 4.437 3.735 5.344 4.314 2.956 0.646 1.877 4.014 1.664 4.865 2.212 3.550 3.245 6.159 1.608 7.497 5.695 4.458 2.612 
7.359 8.905 8.401 7.126 2.113 6.813 8.423 2.734 5.449 9.643 6.119 3.595 7.254 7.166 5.219 11.164 1.415 4.708 8.497 5.129 7.474 6.293 6.393 6.924 9.053 8.192 6.005 6.529 6.575 3.760 2.421 7.564 6.366 8.430 5.670 5.708 7.967 0.557 7.685 2.867 
5.945 6.898 7.862 5.191 1.502 4.908 6.509 0.785 4.970 8.129 4.401 3.107 5.223 5.203 3.153 9.465 0.724 2.719 6.837 3.474 5.706 6.343 6.148 7.146 7.137 6.921 4.615 4.711 4.507 2.648 1.083 6.169 4.307 7.202 4.002 4.811 6.193 2.079 7.340 2.150 
2.687 4.964 5.064 5.735 2.626 2.664 4.122 3.431 2.709 4.936 1.588 2.024 3.713 5.604 2.925 6.471 3.879 3.816 3.802 0.709 6.769 4.545 3.946 5.459 4.722 3.648 1.342 2.160 3.857 1.084 4.184 2.906 3.411 3.932 5.669 1.948 7.162 5.013 4.822 2.016 
1.558 3.115 5.291 5.482 4.733 1.151 2.077 4.947 4.050 3.180 0.656 4.100 2.463 5.281 3.160 4.417 5.744 4.442 1.784 1.637 6.692 5.844 5.037 6.717 2.629 2.642 1.440 0.648 3.276 3.243 5.748 1.754 2.832 2.967 6.147 2.944 6.974 6.997 5.450 4.173 
4.666 1.318 8.494 3.147 6.430 2.117 2.017 5.423 7.090 5.244 3.302 6.563 0.882 2.900 2.815 5.290 6.658 3.790 3.823 3.888 4.359 8.938 8.185 9.836 2.301 5.609 4.554 2.713 1.568 5.503 6.092 4.810 1.648 5.908 4.691 6.045 4.467 8.016 8.671 6.214 
5.847 7.089 7.561 5.599 1.087 5.022 6.631 1.229 4.639 8.074 4.412 2.747 5.439 5.602 3.437 9.484 0.724 3.119 6.834 3.449 6.145 5.949 5.790 6.737 7.261 6.784 4.499 4.773 4.801 2.412 1.480 6.066 4.568 7.054 4.452 4.561 6.630 1.942 7.004 1.797 
5.989 9.299 5.174 9.412 3.205 7.005 8.379 5.399 2.774 8.148 5.864 2.350 8.032 9.352 6.735 10.039 4.586 7.009 7.561 5.053 10.171 2.563 3.032 3.002 8.941 6.328 4.957 6.472 7.958 3.421 5.654 6.106 7.564 6.435 8.594 3.728 10.636 4.555 4.267 2.911 
5.053 9.226 2.245 10.815 5.629 7.201 8.085 7.675 2.378 6.572 6.021 4.001 8.481 10.686 8.000 8.548 7.289 8.749 6.630 5.676 11.821 0.808 1.145 0.776 8.495 4.764 4.762 6.604 8.886 4.782 8.177 5.040 8.425 4.698 10.557 3.286 12.228 7.638 1.280 4.953 
2.200 5.650 3.723 7.035 3.290 3.458 4.621 4.625 1.542 4.477 2.256 1.943 4.690 6.892 4.246 6.265 4.823 5.167 3.715 1.856 8.099 3.392 2.688 4.296 5.146 2.841 1.124 2.868 5.055 1.694 5.327 2.357 4.593 3.061 7.020 0.597 8.482 5.768 3.477 2.509 
2.280 6.304 2.043 9.315 6.589 4.965 5.109 7.848 3.472 2.685 4.159 5.070 6.234 9.117 6.820 4.615 8.138 7.993 3.280 4.547 10.514 4.240 3.383 4.771 5.306 1.273 3.187 4.480 7.113 5.009 8.588 2.096 6.666 1.003 9.806 2.931 10.808 9.059 2.780 5.795 
3.852 5.509 6.016 5.314 1.667 3.271 4.857 2.301 3.336 6.070 2.467 1.909 4.015 5.228 2.561 7.516 2.716 3.081 4.853 1.475 6.208 5.026 4.595 5.918 5.483 4.822 2.515 2.909 3.784 0.900 3.029 4.074 3.408 5.104 4.883 2.879 6.642 3.901 5.640 1.346 
6.173 8.124 7.127 6.991 0.995 5.924 7.516 2.623 4.169 8.473 5.096 2.311 6.547 6.987 4.693 10.070 1.588 4.509 7.402 4.100 7.544 5.110 5.147 5.801 8.142 6.961 4.831 5.567 6.053 2.575 2.697 6.371 5.770 7.188 5.833 4.436 8.030 1.769 6.430 1.641 
3.458 7.601 1.879 9.332 4.731 5.587 6.464 6.562 1.120 5.169 4.418 3.031 6.876 9.190 6.536 7.146 6.413 7.394 5.062 4.153 10.386 1.498 0.596 2.255 6.885 3.311 3.151 4.990 7.337 3.543 7.160 3.465 6.872 3.310 9.235 1.716 10.774 7.022 1.261 3.963 
2.239 3.621 5.561 5.010 3.778 1.325 2.794 3.938 3.757 4.164 0.368 3.369 2.475 4.838 2.404 5.433 4.726 3.608 2.804 0.685 6.162 5.612 4.896 6.517 3.406 3.349 1.375 0.820 2.902 2.399 4.738 2.466 2.434 3.671 5.395 2.755 6.495 5.989 5.540 3.284 
6.192 8.675 6.533 7.956 1.661 6.404 7.947 3.667 3.660 8.489 5.436 2.077 7.187 7.934 5.505 10.212 2.678 5.481 7.575 4.469 8.571 4.268 4.450 4.876 8.559 6.837 4.916 5.973 6.837 2.773 3.786 6.366 6.510 7.026 6.890 4.187 9.053 2.602 5.749 1.874 
3.236 3.286 6.627 3.942 3.869 1.209 2.798 3.416 4.667 4.922 1.306 3.923 1.777 3.775 1.386 5.913 4.434 2.663 3.447 1.340 5.090 6.522 5.859 7.435 3.425 4.350 2.439 1.196 1.882 2.856 4.201 3.455 1.421 4.675 4.384 3.742 5.425 5.773 6.576 3.578 
8.586 10.373 9.137 8.528 3.399 8.250 9.857 4.191 6.277 10.888 7.494 4.590 8.731 8.583 6.701 12.491 2.877 6.151 9.822 6.497 8.787 6.745 7.030 7.223 10.486 9.335 7.250 7.936 8.056 4.995 3.780 8.779 7.849 9.548 6.962 6.739 9.278 1.612 8.325 4.053 
2.628 1.649 6.457 5.249 6.206 1.385 0.466 6.009 5.645 2.954 2.156 5.729 1.949 5.013 3.697 3.406 6.998 4.989 1.516 3.125 6.494 7.390 6.547 8.237 0.984 3.411 3.056 1.634 3.149 4.822 6.791 2.715 2.850 3.687 6.410 4.526 6.670 8.315 6.786 5.723 
5.381 5.581 7.966 3.827 2.512 3.790 5.336 0.875 5.294 7.379 3.581 3.680 3.881 3.813 1.741 8.496 2.124 1.353 5.968 2.842 4.496 6.924 6.548 7.794 5.949 6.452 4.173 3.730 3.070 2.832 1.623 5.612 2.908 6.760 2.981 4.823 4.965 3.471 7.609 2.820 
3.725 3.997 6.303 8.326 8.787 4.517 3.279 9.041 6.969 1.623 4.789 7.829 5.106 8.082 6.892 0.358 9.878 8.195 2.367 5.751 9.554 8.283 7.382 8.941 2.901 3.478 4.969 4.524 6.333 7.195 9.839 3.587 6.063 3.498 9.618 5.961 9.666 11.119 7.027 8.143 
7.336 6.071 10.320 2.369 4.825 5.098 6.310 2.646 7.741 9.010 5.406 6.140 4.508 2.514 2.755 9.719 3.764 1.492 7.500 4.953 2.403 9.389 9.000 10.258 6.826 8.448 6.310 5.306 3.294 5.287 2.665 7.561 3.489 8.771 0.592 7.189 2.894 4.780 10.026 5.254 
7.420 6.103 10.418 2.335 4.928 5.165 6.360 2.748 7.844 9.081 5.489 6.244 4.553 2.488 2.831 9.773 3.858 1.580 7.568 5.046 2.323 9.493 9.103 10.362 6.871 8.532 6.402 5.381 3.334 5.391 2.755 7.645 3.541 8.855 0.501 7.288 2.813 4.863 10.126 5.359 
3.122 6.966 2.896 8.327 3.669 4.817 5.893 5.454 0.223 5.180 3.617 1.983 6.059 8.195 5.515 7.101 5.342 6.317 4.746 3.189 9.348 2.023 1.354 2.927 6.380 3.345 2.413 4.223 6.402 2.435 6.060 3.202 5.944 3.450 8.150 0.912 9.749 6.026 2.369 2.886 
7.858 10.250 7.871 9.081 3.106 8.008 9.574 4.655 5.150 10.151 7.083 3.736 8.706 9.095 6.872 11.885 3.400 6.610 9.248 6.104 9.529 5.342 5.730 5.744 10.192 8.470 6.589 7.603 8.232 4.431 4.495 8.028 7.948 8.646 7.748 5.802 10.020 2.578 7.005 3.507 
