25 100 100
42 114 131 21 99 103 74 107 77 91 118 36 59 125 121 132 35 120 26 27 105 121 99 89 101 
32 246 332 36 96 40 376 130 375 128 262 139 336 159 221 375 154 101 223 283 246 355 361 272 142 94 311 80 277 361 367 287 199 139 55 302 27 365 135 205 210 361 26 103 317 349 138 171 340 336 315 318 293 160 176 379 155 283 143 328 76 194 357 209 367 326 362 119 176 269 180 133 259 81 160 254 352 309 91 302 177 325 253 66 40 210 209 115 110 380 33 205 113 253 141 170 142 104 246 245 
31 26 33 17 28 34 28 32 24 24 13 21 16 32 24 10 17 25 23 10 28 29 18 23 8 7 33 27 10 20 28 25 33 30 30 32 21 17 28 21 23 29 31 33 16 8 33 34 17 33 30 16 13 29 31 11 15 31 30 26 7 27 21 14 18 9 20 8 8 32 10 14 13 20 20 15 11 10 21 16 22 18 27 21 9 22 17 30 32 19 35 16 27 12 9 26 29 21 13 15 
425.260 1133.775 1224.490 444.710 692.386 458.833 1318.576 873.720 1380.151 824.986 1208.536 861.558 1343.093 915.177 1073.324 1445.030 850.546 722.438 1091.629 1102.952 1182.773 1301.525 1277.998 1204.653 824.006 672.164 1194.261 696.644 1122.475 1354.973 1392.200 1142.927 987.979 849.002 501.351 1219.874 389.689 1308.601 779.654 1073.378 1052.805 1273.132 405.458 669.241 1279.126 1302.541 837.485 892.823 1286.023 1342.158 1186.222 1301.509 1237.502 912.262 970.737 1422.211 923.373 1117.815 861.313 1260.134 622.553 945.824 1345.997 1020.325 1297.015 1238.861 1293.930 721.776 994.160 1119.927 982.425 860.902 1108.514 707.657 936.939 1118.899 1257.014 1314.457 645.436 1304.443 970.789 1264.964 1113.669 599.740 509.263 979.483 1001.511 818.387 712.228 1400.307 466.142 995.317 788.705 1143.620 886.722 921.468 825.196 699.572 1099.395 1088.554 
2.733 4.597 5.558 3.864 2.102 6.469 3.165 1.101 4.149 4.599 3.579 6.367 5.659 3.039 4.590 4.553 6.096 2.473 5.669 6.335 6.007 7.097 4.063 7.358 3.275 8.395 6.744 6.704 4.580 1.330 2.996 8.447 5.494 3.434 3.963 5.554 5.140 5.953 4.311 2.364 3.530 5.729 2.539 1.664 7.336 3.767 2.839 7.044 4.954 0.335 1.125 5.091 6.435 0.968 3.364 2.298 2.800 7.931 3.350 7.411 8.000 5.990 4.017 6.567 6.788 3.515 3.173 5.187 4.438 7.399 6.413 6.411 7.341 2.600 6.647 4.899 3.124 1.566 2.813 7.652 4.362 2.392 5.456 2.493 2.018 7.051 4.803 0.861 6.263 4.059 5.170 3.523 5.360 1.852 1.768 6.661 3.906 4.215 6.171 5.293 
5.310 6.684 8.116 6.432 3.491 7.812 5.445 1.488 6.362 6.593 4.855 8.925 7.847 2.668 6.753 6.036 8.618 4.529 8.190 8.324 7.952 9.678 5.206 9.354 5.281 10.861 7.718 7.230 6.585 1.521 4.555 10.871 7.658 2.008 4.765 7.997 6.238 8.097 6.048 2.982 6.103 7.543 4.767 4.175 8.345 3.383 4.434 8.986 6.855 2.248 1.477 7.499 8.734 2.449 5.939 0.856 5.292 10.381 5.928 9.940 10.502 8.383 6.339 7.617 9.364 5.142 5.706 6.761 5.557 9.459 7.450 7.298 9.862 3.724 8.763 6.734 4.105 2.419 2.499 8.619 6.676 4.861 7.796 3.690 4.306 9.631 7.095 2.081 8.843 6.523 5.577 4.998 5.626 1.647 1.072 8.953 4.468 6.649 6.620 6.322 
5.365 7.551 4.457 4.314 8.759 5.490 6.950 8.841 4.002 7.868 6.380 2.400 7.284 8.899 3.713 9.204 2.118 5.811 4.989 3.127 8.381 3.145 6.452 2.828 7.749 0.847 6.638 7.849 7.831 8.759 6.192 0.613 7.363 10.040 7.141 2.319 6.297 7.552 4.997 9.565 5.129 4.044 5.517 6.205 6.649 8.993 8.574 3.133 8.234 8.158 8.953 2.780 1.714 8.555 5.208 9.666 6.219 0.450 5.174 1.529 1.115 1.890 3.943 6.395 2.785 8.622 4.765 5.012 6.392 2.487 6.421 6.840 1.412 9.176 2.416 8.419 9.521 9.092 8.832 6.860 6.625 5.473 2.501 9.063 7.273 3.509 3.227 8.670 3.093 3.813 7.851 6.026 8.162 8.842 9.236 1.557 7.576 3.651 7.913 6.450 
2.417 5.733 3.886 2.006 5.686 3.689 4.544 5.252 0.386 5.976 2.957 3.091 6.071 5.279 0.531 6.943 2.507 2.146 4.385 2.245 7.014 4.260 3.190 3.170 5.291 4.341 4.619 5.443 5.939 5.125 2.609 4.276 6.041 6.392 3.808 1.582 3.515 6.412 1.842 6.372 2.854 2.146 1.880 2.773 4.965 5.461 5.794 2.955 6.414 4.622 5.393 1.042 2.092 5.172 2.809 6.008 3.623 3.839 2.749 3.717 4.108 1.800 0.371 4.354 3.775 6.089 1.758 2.456 3.279 3.135 4.285 4.579 3.595 6.175 2.354 6.523 6.616 5.758 5.195 5.279 4.875 2.055 1.166 6.052 4.351 4.435 0.450 5.209 3.475 0.984 4.821 2.575 5.143 5.178 5.593 2.314 4.195 0.782 5.256 3.716 
4.695 8.126 7.170 5.040 6.608 2.247 6.656 4.770 3.092 8.273 1.007 6.543 8.816 3.151 3.088 8.756 5.932 2.636 7.600 3.603 9.562 7.721 0.504 4.478 7.177 7.347 2.202 2.295 8.241 4.348 1.685 7.128 8.728 4.340 0.871 4.960 0.640 9.162 1.641 6.912 5.583 2.623 2.984 3.973 2.814 2.842 7.171 4.049 8.704 4.594 5.021 4.456 4.836 5.516 5.458 4.751 5.802 6.848 5.401 7.034 7.282 4.972 3.486 2.055 7.234 7.732 4.349 1.604 0.189 4.711 1.892 1.853 6.895 7.126 4.275 8.738 7.648 6.088 3.226 3.118 7.463 3.784 4.335 7.011 5.880 7.894 3.717 5.293 6.932 4.225 1.366 1.227 1.688 3.972 4.615 4.982 1.286 4.122 1.916 0.748 
4.798 6.498 7.677 5.899 3.434 7.120 5.171 1.042 5.704 6.440 4.158 8.372 7.629 2.077 6.086 6.039 8.038 3.866 7.790 7.635 7.828 9.173 4.514 8.664 5.106 10.248 7.049 6.605 6.428 0.893 3.859 10.243 7.449 1.687 4.089 7.383 5.553 7.899 5.353 3.091 5.642 6.848 4.126 3.621 7.675 2.833 4.365 8.294 6.738 1.791 1.150 6.876 8.081 2.242 5.474 0.296 4.910 9.763 5.457 9.362 9.906 7.752 5.700 6.942 8.839 5.084 5.147 6.063 4.868 8.773 6.774 6.635 9.278 3.754 8.084 6.638 4.191 2.387 1.886 7.953 6.397 4.278 7.155 3.697 4.013 9.145 6.446 1.837 8.328 5.923 4.951 4.299 5.020 0.950 0.406 8.298 3.808 6.038 6.000 5.642 
2.433 3.616 0.842 1.445 5.291 6.697 3.173 6.230 3.353 3.933 5.647 1.620 3.457 7.325 3.556 5.293 1.839 4.193 1.374 4.793 4.532 1.979 6.005 5.365 3.940 4.051 7.664 8.468 3.896 6.357 5.086 4.328 3.503 8.204 6.511 2.276 6.516 3.762 4.833 6.165 1.634 5.073 3.756 3.653 7.987 7.751 4.887 5.355 4.302 5.465 6.242 2.409 3.545 5.496 1.788 7.354 2.660 3.746 1.792 2.776 3.483 2.791 2.912 7.398 1.751 4.806 2.267 5.503 6.178 5.157 7.332 7.625 2.783 5.615 4.480 4.484 5.868 5.908 7.169 8.294 2.691 3.157 2.898 5.517 3.813 1.922 3.022 5.746 1.200 2.149 7.678 5.279 7.992 6.688 6.839 3.705 6.817 2.286 8.237 6.722 
6.209 7.466 9.006 7.331 4.226 8.445 6.282 2.388 7.205 7.354 5.543 9.822 8.644 3.117 7.584 6.685 9.510 5.367 9.069 9.107 8.686 10.577 5.852 10.132 6.065 11.740 8.255 7.648 7.349 2.383 5.311 11.742 8.450 2.149 5.347 8.876 6.840 8.881 6.802 3.604 6.999 8.294 5.627 5.071 8.879 3.726 5.159 9.753 7.591 3.147 2.370 8.373 9.582 3.289 6.835 1.529 6.170 11.258 6.824 10.833 11.390 9.251 7.201 8.176 10.264 5.849 6.602 7.468 6.185 10.251 8.008 7.819 10.753 4.389 9.572 7.456 4.711 3.170 2.997 9.137 7.509 5.751 8.656 4.372 5.158 10.528 7.948 2.943 9.742 7.408 6.014 5.723 6.019 2.385 1.906 9.800 5.004 7.529 7.032 6.904 
4.911 5.716 2.538 3.798 7.842 7.594 5.647 8.733 4.912 6.044 7.473 1.445 5.106 9.552 4.882 7.508 2.037 6.311 2.887 5.272 6.178 0.652 7.718 5.365 6.365 2.368 8.704 9.755 6.011 8.815 7.045 2.829 5.238 10.535 8.332 3.017 7.932 5.302 6.328 8.721 4.199 5.953 5.901 6.080 8.862 9.866 7.375 5.555 6.322 7.974 8.765 3.512 3.645 8.059 4.348 9.804 5.223 2.393 4.346 1.308 1.777 3.141 4.596 8.441 0.858 7.199 4.575 6.715 7.790 5.052 8.422 8.795 1.453 8.142 4.674 6.537 8.356 8.477 9.423 9.122 4.889 5.476 3.693 8.048 6.376 0.941 4.252 8.296 1.384 4.011 9.333 7.089 9.656 9.086 9.303 3.658 8.707 4.008 9.668 8.121 
2.608 6.047 4.404 2.420 5.693 3.256 4.774 5.003 0.219 6.271 2.409 3.659 6.467 4.816 0.408 7.147 3.068 1.817 4.886 2.180 7.374 4.830 2.624 3.182 5.486 4.801 4.126 4.899 6.235 4.827 2.116 4.698 6.424 5.957 3.251 2.123 2.959 6.813 1.279 6.324 3.199 1.836 1.653 2.703 4.507 4.953 5.893 2.901 6.712 4.424 5.165 1.593 2.429 5.058 3.128 5.666 3.844 4.295 3.068 4.252 4.608 2.271 0.677 3.864 4.345 6.247 2.002 1.959 2.709 3.208 3.785 4.059 4.125 6.198 2.459 6.807 6.662 5.658 4.747 4.827 5.223 2.047 1.613 6.074 4.445 5.004 0.897 5.051 4.043 1.444 4.251 2.030 4.573 4.822 5.280 2.638 3.647 1.285 4.696 3.162 
5.323 8.818 7.514 5.470 7.547 1.254 7.391 5.808 3.330 8.991 1.960 6.602 9.413 4.168 3.176 9.585 5.956 3.410 7.988 3.116 10.227 7.814 1.497 3.836 7.970 7.049 1.219 1.798 8.958 5.395 2.569 6.770 9.343 5.336 1.899 4.973 0.415 9.760 1.871 7.900 6.131 2.168 3.686 4.775 1.799 3.781 8.055 3.405 9.430 5.596 6.056 4.527 4.574 6.502 6.024 5.802 6.499 6.568 5.965 6.924 7.071 4.866 3.776 1.030 7.312 8.580 4.877 1.263 1.121 4.114 0.878 0.988 6.776 8.069 3.828 9.482 8.588 7.085 4.257 2.117 8.093 4.463 4.285 7.952 6.711 8.028 3.788 6.299 7.081 4.546 1.795 2.050 2.063 5.025 5.668 4.680 2.270 4.396 1.713 0.361 
4.381 7.882 6.303 4.342 7.039 1.396 6.527 5.699 2.142 8.084 1.951 5.299 8.370 4.597 1.914 8.829 4.650 2.784 6.798 1.959 9.246 6.514 1.746 2.845 7.178 5.792 2.204 3.093 8.049 5.368 2.264 5.540 8.318 5.808 2.418 3.668 1.333 8.716 0.914 7.520 5.085 0.977 2.926 4.088 2.593 4.417 7.417 2.420 8.526 5.324 5.920 3.236 3.294 6.147 4.999 5.975 5.606 5.302 4.938 5.618 5.784 3.557 2.601 1.941 6.011 7.867 3.849 0.048 1.542 3.068 1.868 2.175 5.471 7.563 2.641 8.602 8.064 6.753 4.622 2.917 7.095 3.619 2.976 7.440 6.003 6.735 2.505 6.021 5.795 3.364 2.893 1.784 3.201 5.135 5.729 3.415 2.866 3.190 3.015 1.495 
3.348 5.586 2.708 2.262 6.712 5.303 4.894 6.986 2.593 5.894 5.164 1.011 5.469 7.412 2.520 7.182 0.347 4.182 3.274 3.088 6.546 2.228 5.378 3.463 5.695 2.448 6.386 7.399 5.856 6.967 4.796 2.572 5.517 8.474 6.011 0.649 5.564 5.767 3.967 7.531 3.065 3.642 3.815 4.300 6.590 7.646 6.510 3.529 6.281 6.268 7.072 1.167 1.605 6.579 3.145 7.920 4.155 2.013 3.111 1.538 2.048 0.895 2.341 6.120 1.722 6.568 2.794 4.354 5.432 3.218 6.092 6.452 1.433 7.120 2.622 6.453 7.458 7.094 7.308 6.868 4.653 3.594 1.336 7.007 5.219 2.491 1.892 6.727 1.636 1.938 6.974 4.782 7.297 7.135 7.455 1.730 6.402 1.845 7.301 5.753 
4.993 8.384 7.534 5.392 6.725 2.472 6.900 4.763 3.489 8.519 1.222 6.947 9.109 2.955 3.498 8.945 6.339 2.897 7.953 3.992 9.828 8.121 0.755 4.845 7.391 7.759 2.232 2.084 8.489 4.316 1.912 7.536 9.014 4.113 0.734 5.369 0.855 9.453 2.051 6.980 5.902 3.010 3.272 4.202 2.858 2.562 7.330 4.414 8.947 4.654 5.020 4.863 5.247 5.590 5.771 4.636 6.066 7.260 5.715 7.447 7.695 5.386 3.873 2.130 7.636 7.913 4.680 1.990 0.585 5.087 1.962 1.829 7.308 7.237 4.671 8.971 7.761 6.147 3.055 3.141 7.748 4.070 4.748 7.125 6.078 8.289 4.125 5.342 7.327 4.603 0.959 1.517 1.282 3.893 4.545 5.392 1.052 4.508 1.629 0.866 
4.935 7.000 3.891 3.853 8.303 5.646 6.439 8.503 3.788 7.319 6.259 1.833 6.718 8.704 3.553 8.668 1.594 5.551 4.421 3.262 7.815 2.602 6.374 3.134 7.234 0.914 6.790 7.959 7.282 8.449 6.013 0.982 6.798 9.821 7.052 1.957 6.315 6.984 4.913 9.122 4.636 4.113 5.229 5.838 6.851 8.845 8.083 3.387 7.681 7.803 8.603 2.465 1.693 8.154 4.725 9.376 5.733 0.429 4.693 1.007 0.812 1.631 3.669 6.539 2.225 8.108 4.361 5.033 6.347 2.805 6.551 6.958 0.874 8.707 2.579 7.868 9.038 8.678 8.624 7.081 6.077 5.116 2.284 8.596 6.808 2.964 3.010 8.289 2.524 3.444 7.841 5.893 8.158 8.566 8.931 1.602 7.477 3.305 7.978 6.480 
3.732 6.799 4.395 3.036 7.082 3.407 5.762 6.646 1.651 7.071 3.864 2.918 6.944 6.422 1.264 8.164 2.255 3.480 4.951 1.214 7.964 4.130 3.937 1.882 6.541 3.305 4.512 5.592 7.033 6.488 3.715 3.125 6.951 7.588 4.624 1.360 3.870 7.271 2.479 7.787 3.954 1.761 3.271 4.197 4.687 6.482 7.133 1.789 7.496 6.035 6.796 1.210 0.806 6.598 3.953 7.334 4.873 2.803 3.899 3.078 3.243 1.052 1.786 4.249 3.625 7.372 3.059 2.597 3.894 1.774 4.234 4.615 2.928 7.562 0.996 7.631 7.987 7.182 6.371 4.961 5.891 3.475 0.688 7.440 5.706 4.400 1.006 6.631 3.528 2.099 5.386 3.515 5.703 6.489 6.945 0.992 5.058 1.863 5.561 4.041 
4.878 7.694 7.825 5.714 5.253 4.862 6.196 2.837 4.569 7.739 2.212 7.870 8.654 0.541 4.808 7.772 7.373 3.000 8.109 5.941 9.138 8.904 2.360 6.912 6.448 9.252 4.601 4.054 7.717 2.327 2.337 9.131 8.512 1.722 1.750 6.513 3.238 8.974 3.625 5.245 5.863 5.017 3.425 3.712 5.225 0.606 6.053 6.499 8.121 3.065 3.099 5.970 6.825 3.979 5.699 2.326 5.576 8.746 5.658 8.642 9.049 6.722 4.769 4.529 8.476 6.734 4.891 4.068 2.638 7.096 4.361 4.165 8.526 5.707 6.528 8.084 6.215 4.416 0.677 5.483 7.291 4.019 6.065 5.615 5.130 8.979 5.343 3.627 8.049 5.293 2.401 2.521 2.465 1.750 2.378 7.014 1.363 5.308 3.446 3.279 
4.991 6.482 3.267 3.853 8.203 6.663 6.153 8.740 4.387 6.808 6.945 1.389 6.034 9.238 4.251 8.227 1.608 6.008 3.734 4.290 7.127 1.640 7.123 4.250 6.922 1.209 7.797 8.920 6.773 8.751 6.609 1.635 6.140 10.299 7.777 2.423 7.190 6.267 5.680 9.059 4.480 5.072 5.637 6.046 7.897 9.462 7.860 4.482 7.132 8.005 8.808 2.965 2.665 8.230 4.601 9.716 5.571 1.173 4.583 0.289 0.591 2.339 4.163 7.540 1.405 7.786 4.517 5.928 7.142 3.924 7.539 7.934 0.415 8.560 3.639 7.335 8.836 8.708 9.135 8.140 5.592 5.367 2.976 8.456 6.704 2.004 3.645 8.416 1.872 3.742 8.669 6.567 8.990 8.943 9.240 2.627 8.181 3.668 8.894 7.367 
5.609 2.109 4.911 5.856 4.544 11.375 3.524 7.051 7.961 1.913 9.200 6.968 2.095 9.363 8.348 1.997 7.318 7.545 4.401 9.982 1.005 6.569 9.692 10.719 3.086 9.319 12.083 12.475 1.946 7.501 8.510 9.677 2.002 9.596 9.877 7.679 10.595 1.882 9.125 5.075 4.978 9.966 7.225 6.218 12.560 10.087 3.611 10.632 1.476 6.536 6.860 7.645 8.977 5.767 5.030 8.249 4.406 9.112 5.091 8.010 8.706 8.227 7.525 11.843 6.723 2.892 6.157 10.013 10.009 10.554 11.728 11.888 8.067 4.294 9.822 1.455 3.984 5.609 9.136 12.888 2.966 6.442 8.183 4.323 4.421 6.243 8.029 6.176 6.303 6.872 11.167 8.955 11.416 8.106 7.783 9.155 9.965 7.103 12.047 10.792 
3.521 6.431 3.918 2.710 6.921 3.912 5.468 6.673 1.743 6.713 4.157 2.407 6.520 6.637 1.457 7.857 1.744 3.570 4.478 1.711 7.555 3.621 4.279 2.264 6.258 2.992 5.009 6.066 6.675 6.553 3.933 2.876 6.535 7.778 4.952 0.863 4.300 6.841 2.820 7.661 3.629 2.258 3.307 4.127 5.195 6.750 6.909 2.234 7.132 6.027 6.806 0.839 0.684 6.525 3.646 7.435 4.603 2.484 3.596 2.624 2.856 0.562 1.745 4.745 3.115 7.104 2.856 3.045 4.269 2.098 4.724 5.098 2.479 7.386 1.369 7.276 7.792 7.096 6.569 5.471 5.513 3.392 0.318 7.265 5.503 3.889 0.980 6.591 3.017 1.864 5.785 3.792 6.105 6.602 7.022 0.911 5.375 1.643 6.012 4.478 
5.073 8.211 7.885 5.723 6.093 3.798 6.700 3.840 4.180 8.298 1.611 7.626 9.073 1.693 4.318 8.506 7.069 2.986 8.237 5.158 9.668 8.739 1.521 6.071 7.066 8.735 3.453 2.916 8.271 3.348 2.064 8.560 8.951 2.804 0.823 6.143 2.179 9.406 2.960 6.198 6.048 4.191 3.421 4.045 4.075 1.237 6.816 5.645 8.704 3.916 4.105 5.607 6.243 4.862 5.896 3.473 5.968 8.229 5.847 8.272 8.602 6.260 4.475 3.394 8.279 7.461 4.931 3.188 1.688 6.290 3.227 3.012 8.143 6.578 5.799 8.694 7.097 5.359 1.832 4.328 7.696 4.151 5.602 6.476 5.729 8.860 4.912 4.550 7.905 5.115 1.266 1.991 1.387 2.828 3.477 6.412 0.381 5.077 2.318 2.187 
4.731 6.865 7.690 5.771 3.991 6.372 5.455 1.439 5.267 6.844 3.457 8.177 7.947 1.229 5.614 6.599 7.786 3.447 7.863 7.058 8.249 9.062 3.772 8.077 5.507 9.908 6.243 5.762 6.828 0.989 3.254 9.867 7.779 1.144 3.297 7.057 4.780 8.237 4.737 3.783 5.646 6.222 3.771 3.506 6.870 1.994 4.887 7.690 7.175 2.006 1.659 6.532 7.641 2.722 5.476 0.622 5.055 9.413 5.451 9.105 9.609 7.380 5.326 6.146 8.695 5.602 4.976 5.383 4.112 8.209 5.979 5.821 9.010 4.372 7.552 7.098 4.844 3.010 1.037 7.142 6.653 4.074 6.757 4.300 4.302 9.068 6.034 2.318 8.206 5.649 4.108 3.645 4.172 0.472 0.763 7.852 2.990 5.735 5.155 4.857 
1.888 1.646 2.789 2.390 2.624 7.660 0.396 4.274 4.296 1.819 5.521 4.382 2.477 6.138 4.712 2.759 4.448 3.848 2.682 6.444 3.085 4.635 6.002 7.284 1.194 6.787 8.353 8.774 1.785 4.582 4.833 7.016 2.341 6.682 6.247 4.452 6.874 2.800 5.398 3.508 1.475 6.309 3.506 2.580 8.832 6.775 2.109 7.133 2.260 3.560 4.189 4.260 5.711 3.198 1.455 5.525 0.680 6.436 1.508 5.544 6.242 5.013 3.883 8.114 4.505 2.067 2.480 6.292 6.306 7.173 7.998 8.162 5.537 2.876 6.402 2.336 3.091 3.442 5.930 9.161 1.121 2.716 4.792 2.788 1.328 4.463 4.485 3.550 3.959 3.321 7.539 5.254 7.806 5.091 4.998 5.919 6.389 3.559 8.371 7.073 
3.637 0.762 2.697 3.671 3.961 9.299 1.957 6.075 5.842 1.039 7.396 4.738 0.538 8.068 6.200 2.506 5.061 5.719 2.236 7.769 1.349 4.471 7.864 8.475 2.082 7.128 10.087 10.608 1.018 6.432 6.715 7.464 0.402 8.554 8.153 5.420 8.675 0.856 7.113 4.763 2.850 7.819 5.345 4.507 10.525 8.715 3.111 8.403 1.220 5.406 5.951 5.407 6.717 4.885 2.936 7.332 2.583 6.892 2.997 5.817 6.522 5.966 5.391 9.838 4.558 2.591 4.089 7.963 8.147 8.301 9.735 9.936 5.862 3.982 7.578 1.444 3.946 4.972 7.856 10.850 0.866 4.546 5.941 3.944 3.109 4.178 5.833 5.275 4.100 4.696 9.440 7.106 9.715 6.973 6.815 6.893 8.313 4.920 10.236 8.879 
1.311 2.594 3.390 2.243 2.216 6.923 1.089 3.350 3.714 2.706 4.596 4.611 3.496 5.121 4.162 3.304 4.528 2.946 3.425 5.963 4.051 5.101 5.087 6.879 1.650 6.909 7.535 7.871 2.677 3.617 3.905 7.073 3.356 5.693 5.286 4.307 6.011 3.817 4.629 3.062 1.522 5.694 2.653 1.615 8.043 5.755 2.092 6.675 3.132 2.608 3.296 4.002 5.476 2.406 1.396 4.582 0.526 6.507 1.416 5.750 6.416 4.845 3.357 7.305 4.880 2.381 1.984 5.546 5.408 6.812 7.180 7.313 5.716 2.619 6.028 3.160 2.985 2.776 4.913 8.373 2.138 1.910 4.501 2.506 0.717 4.992 4.059 2.707 4.331 2.958 6.579 4.355 6.838 4.101 4.053 5.697 5.405 3.187 7.443 6.204 
3.817 5.099 6.935 1.289 4.488 2.344 3.891 5.501 2.009 3.243 4.453 3.964 4.023 3.264 4.347 5.594 7.074 4.832 3.021 4.481 2.215 3.855 1.760 6.341 4.402 5.695 3.757 4.798 4.874 2.095 0.693 2.889 3.789 5.402 5.408 4.890 1.305 4.525 5.391 4.499 3.246 3.867 5.781 7.720 4.591 3.479 1.935 3.789 1.134 2.100 3.287 4.341 1.387 3.182 2.351 5.236 1.026 4.059 3.700 5.162 4.372 4.404 5.740 6.685 1.226 3.995 4.289 2.200 4.953 2.560 3.302 3.309 3.215 3.305 5.389 2.304 2.788 4.278 5.636 2.700 1.396 4.264 5.147 0.669 1.567 4.940 4.070 3.159 5.011 5.880 4.305 4.101 6.139 2.915 5.100 2.233 4.592 3.677 3.042 4.505 
4.028 6.274 8.380 4.510 0.981 1.287 7.398 2.051 4.946 4.159 4.642 7.172 7.361 6.301 1.177 7.318 10.532 4.995 4.537 7.051 5.645 4.854 5.063 9.638 1.541 8.621 3.297 8.304 8.263 1.424 3.254 5.393 4.309 7.909 8.902 8.359 3.665 5.234 1.886 7.485 6.516 5.343 7.966 11.226 6.039 5.481 5.264 4.626 2.859 5.506 0.592 4.424 4.629 2.167 3.372 8.707 4.026 6.921 2.631 7.161 4.316 7.741 7.764 10.131 3.468 4.703 0.796 2.515 5.541 6.043 4.751 6.714 2.364 6.220 8.896 5.665 2.085 1.958 7.578 0.808 4.194 7.716 7.799 3.673 4.537 7.668 7.196 1.336 7.428 7.491 4.924 7.471 7.943 4.273 8.594 1.313 7.239 6.933 5.501 7.995 
0.949 3.056 5.161 4.246 3.889 3.096 6.022 4.385 2.851 5.749 1.637 4.900 5.282 3.944 4.398 8.497 9.361 7.138 5.750 4.185 4.063 6.456 3.388 8.969 4.741 5.900 5.628 6.897 7.426 2.469 2.293 5.862 6.175 8.383 7.600 7.239 4.123 2.058 4.558 7.404 4.433 2.166 8.756 9.666 2.828 2.489 3.567 1.406 1.887 4.837 3.522 1.466 3.038 1.164 4.758 7.556 2.530 7.009 1.176 8.109 6.533 7.060 4.612 9.026 3.968 1.500 3.637 4.122 7.458 4.566 6.032 4.868 4.742 6.261 7.385 3.918 1.137 5.030 8.580 2.789 4.361 6.710 4.924 2.510 2.672 7.902 4.811 1.932 4.443 4.274 1.755 5.444 9.067 5.572 6.903 2.886 4.407 4.764 6.013 6.322 
2.863 3.962 5.805 2.205 4.718 2.872 3.976 5.588 1.178 4.372 3.449 3.395 3.608 2.539 4.803 6.680 7.300 5.946 4.160 3.524 2.036 4.994 1.373 6.816 4.962 4.924 4.767 4.878 5.281 2.399 0.658 3.922 4.907 6.333 5.557 5.142 2.445 3.434 5.580 5.267 2.750 2.728 6.786 7.742 3.451 2.358 1.575 2.713 0.919 2.677 3.732 3.367 0.955 2.741 3.452 5.470 0.368 4.908 3.130 6.216 5.457 4.899 4.664 6.945 2.361 2.928 4.487 3.161 6.088 2.515 4.441 3.017 4.109 4.171 5.414 1.973 2.394 4.971 6.689 3.010 2.478 4.582 4.235 0.475 0.762 5.809 3.425 3.018 4.013 4.755 3.235 3.731 7.205 4.055 5.006 2.698 3.668 3.161 4.077 4.406 
6.354 8.199 10.184 3.410 3.850 2.424 6.434 4.953 5.428 1.158 7.041 7.228 7.160 6.639 3.035 4.203 8.942 1.786 1.793 7.900 5.360 1.702 5.092 7.664 2.698 9.051 0.367 7.213 6.609 2.992 3.807 3.115 1.076 5.179 7.618 6.968 2.385 7.388 4.566 5.254 6.500 7.020 5.021 9.972 7.772 6.788 5.234 6.655 3.841 4.350 2.669 6.860 4.777 4.814 1.194 7.298 4.432 4.635 5.412 4.179 1.137 6.022 9.114 8.513 2.327 6.816 3.835 1.322 2.281 5.520 1.872 6.394 0.904 4.126 7.828 5.539 4.510 2.116 4.538 2.965 2.828 6.318 8.562 4.037 4.985 5.146 7.382 4.167 8.427 9.156 7.107 7.191 4.826 1.543 7.761 2.607 8.010 6.918 3.147 7.234 
7.815 7.172 7.558 5.064 10.246 8.110 1.960 11.208 4.698 7.528 8.088 2.847 2.331 3.724 10.104 7.405 2.359 8.927 6.889 4.528 3.652 7.661 4.297 3.261 10.116 3.564 8.749 1.219 2.511 7.844 6.053 5.569 8.079 5.781 1.253 1.807 6.126 7.565 11.141 4.331 3.123 6.442 6.632 2.142 6.619 5.666 4.095 7.196 6.516 4.052 9.056 8.140 4.725 8.374 7.213 1.672 5.344 4.702 8.670 6.756 8.840 2.943 5.936 2.267 6.259 7.391 10.036 7.599 8.589 3.226 7.017 2.680 8.608 4.680 0.694 3.699 8.051 9.887 7.042 8.460 5.602 2.271 4.341 5.634 4.962 5.113 3.073 8.683 4.913 6.773 7.587 2.146 7.523 7.033 0.673 8.005 4.337 2.860 5.627 1.274 
4.088 6.073 8.128 3.029 2.455 0.224 6.009 3.559 3.922 2.913 4.770 6.062 6.170 5.272 2.183 6.005 9.068 4.081 3.167 6.262 4.379 3.639 3.871 8.135 2.245 7.681 2.493 6.904 6.779 0.690 2.131 3.903 3.208 6.450 7.473 6.908 2.154 5.178 3.357 5.976 5.363 4.963 6.562 9.820 5.709 4.885 4.062 4.467 1.910 4.046 1.146 4.581 3.456 2.515 2.002 7.257 2.913 5.417 3.117 5.782 3.440 6.248 7.242 8.662 1.958 4.607 2.300 1.166 4.500 4.724 3.411 5.470 1.596 4.711 7.507 4.448 2.206 2.209 6.220 0.822 2.686 6.258 6.986 2.512 3.477 6.179 6.133 1.930 6.719 7.144 4.885 6.257 6.623 2.920 7.252 0.316 6.418 5.792 4.017 6.661 
7.560 8.897 10.628 2.915 6.246 4.339 5.079 7.382 5.479 1.408 8.223 6.589 6.325 6.319 5.524 1.879 6.880 2.139 0.971 7.794 4.811 0.977 4.879 5.415 5.228 8.495 2.785 5.650 4.662 4.695 4.480 1.382 1.626 2.635 5.862 5.192 2.550 8.345 7.035 2.989 5.921 7.662 2.498 8.086 8.363 7.186 4.931 7.605 4.787 3.335 4.939 8.090 4.759 6.461 2.138 5.475 4.736 2.397 7.061 1.673 2.293 4.088 9.273 6.455 2.691 7.807 6.183 2.995 1.720 4.727 0.741 5.586 3.351 2.192 6.220 5.076 6.085 4.666 2.088 4.952 2.481 4.613 8.315 4.469 5.135 2.687 6.824 6.034 8.378 9.563 8.117 6.287 2.489 1.222 6.342 4.443 7.830 6.269 1.281 5.935 
4.630 4.746 6.000 2.242 6.824 4.767 1.844 7.756 1.371 5.046 5.048 1.657 1.597 1.371 6.769 6.328 5.178 6.643 4.561 2.885 0.230 5.451 0.833 4.942 6.841 3.543 5.950 2.713 3.395 4.432 2.607 3.648 5.636 5.396 3.416 3.091 3.204 4.721 7.710 4.008 0.942 3.666 6.062 5.540 4.144 2.928 0.634 4.166 3.056 1.697 5.700 5.044 1.259 4.930 4.404 3.392 1.878 3.889 5.267 5.736 6.341 3.167 4.470 4.852 3.266 4.385 6.606 4.530 6.545 0.459 4.789 0.870 5.568 3.321 3.220 0.274 4.596 6.708 6.173 5.054 2.825 2.636 3.333 2.186 1.526 4.743 1.852 5.217 3.475 4.968 4.644 1.663 6.718 4.590 2.800 4.637 2.880 1.339 3.781 2.199 
4.355 6.602 8.708 4.647 0.844 1.404 7.588 1.977 5.215 4.089 4.966 7.433 7.607 6.573 0.850 7.251 10.684 4.830 4.508 7.353 5.870 4.766 5.303 9.748 1.217 8.910 3.134 8.490 8.398 1.656 3.496 5.434 4.196 7.916 9.075 8.519 3.757 5.561 1.739 7.554 6.768 5.667 7.938 11.411 6.365 5.795 5.503 4.954 3.122 5.659 0.520 4.747 4.871 2.493 3.358 8.868 4.276 6.979 2.947 7.122 4.149 7.866 8.086 10.278 3.564 5.031 0.735 2.513 5.399 6.254 4.709 6.947 2.228 6.292 9.087 5.902 2.413 1.668 7.529 1.035 4.298 7.871 8.100 3.912 4.799 7.703 7.465 1.661 7.737 7.817 5.251 7.712 7.877 4.240 8.802 1.475 7.538 7.188 5.536 8.205 
7.025 7.316 8.459 2.653 8.129 5.895 1.403 9.205 3.847 4.646 7.515 3.537 3.063 3.795 7.782 4.527 3.410 5.964 3.982 5.241 2.565 4.703 3.147 2.570 7.695 5.271 5.962 1.775 1.101 5.816 4.328 2.620 5.167 3.133 2.024 1.362 3.600 7.258 9.034 1.617 3.130 6.228 3.927 4.362 6.714 5.498 3.023 6.658 4.833 1.685 6.816 7.484 3.410 6.902 4.503 1.688 3.891 1.791 7.358 3.878 5.928 0.640 6.863 2.993 3.775 6.881 7.958 5.062 5.601 2.112 4.078 2.555 5.989 1.690 2.339 2.823 6.519 7.352 4.224 6.375 3.042 0.736 5.490 3.984 3.826 2.434 3.834 6.944 5.807 7.461 7.156 2.943 4.744 4.157 2.503 5.849 5.168 3.277 2.660 2.201 
1.728 1.458 3.372 4.607 5.931 4.796 5.212 6.436 2.215 6.858 1.800 3.478 3.984 2.601 6.370 9.132 8.422 8.405 6.666 2.268 3.464 7.495 2.938 8.396 6.670 4.017 7.100 5.963 6.858 4.181 3.066 6.345 7.376 8.598 6.683 6.486 4.951 1.272 6.616 7.352 3.269 0.224 9.139 8.446 0.959 0.651 3.025 0.957 2.975 4.770 5.413 1.894 2.830 3.222 5.912 6.751 2.706 7.108 3.134 8.635 7.879 6.637 2.568 8.151 4.862 1.112 5.678 5.494 8.583 3.929 6.948 3.843 6.321 6.422 6.331 3.210 3.150 6.873 9.104 4.644 4.960 6.094 2.967 2.981 2.396 8.006 3.293 3.967 2.425 2.368 1.275 4.172 9.632 6.558 5.753 4.585 2.506 3.459 6.500 5.241 
3.429 5.737 7.823 5.280 1.208 2.281 7.945 1.580 5.157 5.311 3.946 7.382 7.654 6.456 2.037 8.457 11.189 6.194 5.642 6.959 6.072 6.018 5.431 10.430 2.501 8.629 4.496 8.858 8.990 2.111 3.690 6.379 5.493 8.941 9.499 9.005 4.574 4.638 1.734 8.394 6.789 4.986 9.054 11.763 5.609 5.291 5.635 4.145 3.210 6.211 1.790 3.721 5.000 1.664 4.471 9.349 4.381 7.859 1.882 8.265 5.514 8.503 7.429 10.804 4.374 4.168 0.991 3.612 6.734 6.520 5.871 7.082 3.560 7.132 9.424 6.036 1.814 3.042 8.695 1.674 5.061 8.384 7.707 4.101 4.807 8.650 7.357 1.052 7.256 7.025 4.332 7.787 9.080 5.386 9.055 2.216 7.170 7.182 6.499 8.452 
8.741 9.530 10.916 3.710 8.456 6.344 4.079 9.597 5.930 3.834 9.335 6.160 5.720 6.264 7.836 2.069 4.742 4.508 3.225 7.765 4.824 3.466 5.213 3.120 7.594 7.942 5.255 4.268 2.896 6.533 5.664 2.228 4.120 0.479 4.193 3.590 4.065 9.252 9.301 1.083 5.663 8.347 1.257 6.094 8.941 7.702 5.165 8.566 6.107 3.364 7.103 9.252 5.305 8.083 4.287 3.764 5.568 1.031 8.640 1.457 4.770 2.473 9.373 4.341 4.261 8.787 8.353 5.111 3.917 4.497 3.119 5.141 5.706 1.720 4.702 5.113 7.686 7.076 1.657 6.937 3.661 3.232 8.095 5.470 5.745 0.291 6.449 7.851 8.348 9.880 9.087 5.611 2.127 3.494 5.047 6.390 7.724 5.878 2.106 4.845 
4.761 4.650 5.761 2.697 7.210 5.188 1.747 8.117 1.547 5.500 5.127 1.203 1.148 1.089 7.186 6.685 5.022 7.093 5.005 2.578 0.690 5.893 1.184 4.938 7.270 3.100 6.411 2.542 3.415 4.829 2.992 4.050 6.090 5.665 3.261 3.021 3.665 4.734 8.089 4.232 0.512 3.643 6.363 5.273 4.048 2.875 0.982 4.233 3.418 2.085 6.113 5.143 1.619 5.214 4.866 3.293 2.234 4.171 5.514 6.081 6.798 3.265 4.190 4.721 3.728 4.446 6.987 4.987 6.982 0.710 5.228 0.483 6.024 3.651 2.993 0.582 4.897 7.151 6.508 5.451 3.282 2.649 2.959 2.573 1.805 4.996 1.415 5.552 3.162 4.753 4.687 1.231 7.052 5.041 2.511 5.051 2.544 0.882 4.178 1.925 
5.826 8.048 10.151 5.193 1.687 2.275 8.279 2.571 6.316 3.753 6.446 8.466 8.562 7.671 0.741 6.787 11.160 3.990 4.331 8.601 6.757 4.303 6.271 10.039 0.272 10.071 2.443 9.148 8.824 2.796 4.529 5.520 3.647 7.772 9.664 9.058 4.164 7.026 2.110 7.698 7.765 7.065 7.633 12.034 7.781 7.123 6.459 6.398 4.259 6.229 1.495 6.228 5.859 3.971 3.350 9.404 5.315 7.089 4.430 6.790 3.344 8.257 9.451 10.739 4.004 6.486 1.820 2.690 4.653 7.073 4.457 7.850 1.856 6.486 9.762 6.841 3.862 0.501 7.141 2.265 4.719 8.398 9.337 4.916 5.875 7.689 8.537 3.140 9.026 9.236 6.716 8.644 7.403 4.063 9.561 2.452 8.770 8.194 5.587 8.981 
2.320 1.873 3.505 4.254 6.245 4.894 4.586 6.838 1.737 6.676 2.458 2.814 3.321 1.942 6.600 8.773 7.770 8.258 6.424 1.721 2.909 7.279 2.448 7.783 6.863 3.456 7.050 5.318 6.254 4.305 2.939 5.980 7.218 8.134 6.037 5.858 4.725 1.925 6.980 6.839 2.619 0.806 8.712 7.783 1.280 0.045 2.505 1.591 2.959 4.298 5.596 2.539 2.419 3.610 5.765 6.116 2.430 6.633 3.611 8.250 7.768 6.059 2.399 7.504 4.659 1.764 5.992 5.437 8.383 3.352 6.700 3.203 6.329 5.970 5.675 2.641 3.474 7.006 8.714 4.824 4.663 5.488 2.457 2.766 2.012 7.522 2.633 4.291 1.995 2.447 1.938 3.509 9.249 6.339 5.093 4.690 1.948 2.798 6.132 4.587 
5.607 6.287 7.749 0.995 6.463 4.233 2.179 7.531 2.686 3.480 6.161 3.393 3.141 3.202 6.153 4.497 5.047 5.004 2.901 4.712 1.684 3.760 1.973 4.219 6.098 5.299 4.621 2.993 2.777 4.139 2.709 1.826 4.058 3.716 3.489 2.896 2.018 6.024 7.369 2.521 2.738 5.102 4.304 5.858 5.700 4.462 1.944 5.357 3.208 0.141 5.164 6.098 2.067 5.281 3.078 3.244 2.404 2.224 5.767 3.916 4.805 2.285 6.270 4.641 2.172 5.580 6.287 3.502 4.817 1.532 3.090 2.392 4.488 1.552 3.611 1.970 4.892 5.805 4.363 4.701 1.475 2.240 5.169 2.407 2.508 3.124 3.633 5.279 5.302 6.697 5.875 3.118 4.907 2.991 3.505 4.179 4.716 3.074 1.952 2.984 
1.197 3.469 5.573 4.518 3.416 2.912 6.493 3.846 3.359 5.755 1.831 5.450 5.819 4.494 3.997 8.620 9.830 7.066 5.822 4.748 4.531 6.475 3.853 9.376 4.369 6.465 5.492 7.378 7.843 2.311 2.565 6.062 6.140 8.620 8.075 7.690 4.267 2.405 4.041 7.715 4.964 2.682 8.946 10.176 3.305 3.049 4.039 1.846 2.100 5.192 3.199 1.622 3.480 0.676 4.769 8.012 2.930 7.290 0.620 8.266 6.436 7.452 5.122 9.486 4.097 1.891 3.166 4.064 7.434 5.030 6.099 5.379 4.574 6.537 7.881 4.405 0.812 4.713 8.733 2.513 4.566 7.141 5.485 2.845 3.142 8.172 5.367 1.501 4.995 4.732 2.095 5.977 9.204 5.625 7.414 2.712 4.971 5.305 6.210 6.827 
5.706 4.811 5.226 4.495 8.846 6.926 2.345 9.676 2.973 7.285 5.882 0.736 0.745 1.673 8.906 8.143 4.703 8.859 6.759 2.146 2.512 7.635 2.911 5.234 9.022 1.541 8.232 2.568 3.960 6.514 4.681 5.689 7.874 6.864 3.175 3.315 5.484 5.291 9.698 5.347 1.418 4.182 7.647 4.439 4.275 3.433 2.728 5.014 5.048 3.752 7.830 5.964 3.324 6.596 6.683 3.430 3.894 5.464 6.780 7.509 8.595 4.081 3.587 4.540 5.549 5.190 8.612 6.803 8.702 2.393 6.965 1.504 7.840 5.104 2.647 2.364 6.333 8.938 7.896 7.132 5.083 3.305 2.008 4.277 3.369 6.165 0.803 7.066 2.541 4.398 5.350 0.803 8.430 6.815 2.000 6.774 1.953 0.988 5.800 1.754 
4.514 6.821 8.897 5.956 0.616 2.744 8.786 0.599 6.146 5.474 5.004 8.382 8.623 7.471 1.538 8.632 11.962 6.084 5.912 8.036 6.974 6.135 6.358 11.093 2.003 9.690 4.417 9.697 9.707 2.810 4.569 6.834 5.540 9.325 10.312 9.783 5.122 5.715 0.637 8.939 7.763 6.083 9.340 12.616 6.704 6.378 6.561 5.239 4.121 6.941 1.928 4.780 5.923 2.759 4.766 10.131 5.306 8.371 2.958 8.521 5.410 9.191 8.526 11.564 4.925 5.257 0.676 3.921 6.695 7.397 6.108 8.016 3.568 7.675 10.280 6.964 2.884 2.646 8.922 2.231 5.651 9.146 8.785 4.989 5.772 9.106 8.374 2.082 8.344 8.115 5.412 8.746 9.258 5.644 9.948 2.762 8.243 8.166 6.939 9.346 
1.056 1.259 3.342 5.490 5.638 4.971 6.408 5.937 3.313 7.443 0.695 4.690 5.202 3.820 6.236 9.964 9.638 8.910 7.349 3.341 4.602 8.124 4.024 9.574 6.601 5.062 7.463 7.175 8.029 4.341 3.714 7.214 7.914 9.583 7.896 7.682 5.648 0.171 6.197 8.410 4.485 1.095 10.069 9.661 1.292 1.865 4.137 0.588 3.467 5.800 5.401 0.875 3.840 2.915 6.461 7.954 3.574 8.120 2.605 9.508 8.331 7.779 3.138 9.363 5.526 0.403 5.391 5.910 9.172 5.085 7.634 5.053 6.601 7.406 7.550 4.365 2.998 6.912 9.981 4.675 5.758 7.268 3.968 3.753 3.399 9.023 4.496 3.742 3.354 2.574 0.152 5.390 10.495 7.205 6.972 4.759 3.582 4.678 7.369 6.460 
7.362 7.520 8.554 3.140 8.615 6.383 1.313 9.685 4.139 5.129 7.826 3.551 3.035 3.931 8.279 4.818 2.910 6.416 4.461 5.319 2.840 5.160 3.463 2.175 8.196 5.182 6.457 1.417 0.639 6.289 4.757 3.090 5.642 3.297 1.554 0.884 4.100 7.528 9.521 1.785 3.239 6.473 4.125 3.868 6.918 5.724 3.320 6.956 5.263 2.149 7.308 7.806 3.763 7.323 5.004 1.196 4.277 2.098 7.764 4.168 6.402 0.436 6.936 2.496 4.273 7.177 8.441 5.564 6.029 2.355 4.547 2.637 6.492 2.126 1.929 3.075 6.945 7.855 4.480 6.855 3.542 0.363 5.501 4.399 4.163 2.602 3.853 7.395 5.868 7.581 7.444 2.891 4.982 4.643 2.187 6.333 5.225 3.322 3.120 1.991 
6.084 4.801 4.785 5.497 9.591 7.769 3.311 10.358 3.740 8.296 6.149 1.618 1.777 2.379 9.721 9.162 5.202 9.878 7.780 2.157 3.488 8.659 3.810 5.976 9.867 0.716 9.205 3.372 4.827 7.316 5.512 6.721 8.886 7.842 3.879 4.143 6.464 5.475 10.418 6.321 2.346 4.426 8.638 4.654 4.341 3.760 3.642 5.334 5.833 4.782 8.648 6.264 4.197 7.199 7.666 4.198 4.725 6.468 7.310 8.525 9.599 5.013 3.220 5.112 6.519 5.481 9.350 7.742 9.731 3.412 7.990 2.528 8.773 6.130 3.298 3.309 6.974 9.822 8.905 7.925 6.084 4.229 1.671 5.125 4.170 7.142 1.504 7.744 2.320 4.116 5.590 1.829 9.436 7.830 2.679 7.605 1.918 1.927 6.833 2.611 
4.759 6.820 8.891 3.573 2.152 0.759 6.636 3.294 4.710 2.759 5.431 6.823 6.906 6.053 1.605 5.922 9.590 3.648 3.171 7.063 5.097 3.450 4.623 8.555 1.544 8.470 1.966 7.514 7.269 1.386 2.919 4.145 2.911 6.590 8.051 7.460 2.583 5.889 2.995 6.295 6.116 5.734 6.600 10.414 6.477 5.680 4.808 5.196 2.712 4.609 0.829 5.231 4.217 3.054 2.028 7.807 3.693 5.707 3.629 5.784 2.975 6.717 8.036 9.175 2.407 5.323 2.073 1.204 4.159 5.412 3.371 6.190 1.013 5.045 8.125 5.186 2.806 1.416 6.193 1.135 3.140 6.802 7.786 3.288 4.262 6.400 6.905 2.334 7.521 7.919 5.590 6.985 6.547 2.902 7.908 0.971 7.218 6.546 4.238 7.326 
3.839 1.651 1.315 6.491 8.320 7.214 5.968 8.734 3.927 9.032 3.517 3.746 4.312 3.360 8.796 10.939 8.676 10.625 8.743 1.928 4.802 9.613 4.550 9.112 9.102 2.999 9.430 6.456 7.700 6.606 5.319 8.168 9.582 10.092 7.115 7.147 7.067 2.730 8.957 8.679 4.016 2.280 10.751 8.286 1.616 2.337 4.535 3.082 5.326 6.330 7.846 3.716 4.648 5.581 8.136 7.321 4.774 8.586 5.385 10.377 10.145 7.658 0.444 8.510 7.014 3.085 8.067 7.817 10.724 5.119 9.014 4.606 8.697 7.999 6.613 4.512 5.554 9.302 10.828 7.077 6.953 6.960 2.008 5.132 4.294 9.434 3.450 6.362 1.434 0.477 2.993 4.492 11.371 8.676 5.968 7.005 2.057 3.931 8.316 5.636 
8.842 8.301 8.702 5.604 10.969 8.779 2.597 11.977 5.653 7.810 9.150 3.956 3.416 4.794 10.745 7.206 1.243 9.088 7.144 5.670 4.501 7.838 5.173 2.487 10.713 4.683 9.120 1.685 2.320 8.578 6.848 5.774 8.326 5.459 1.147 1.804 6.638 8.656 11.873 4.153 4.153 7.533 6.310 1.241 7.741 6.751 4.977 8.255 7.333 4.567 9.724 9.191 5.582 9.272 7.634 1.495 6.191 4.638 9.608 6.575 9.086 2.880 7.083 1.253 6.793 8.456 10.772 8.122 8.671 4.028 7.230 3.646 9.093 4.799 1.124 4.600 8.931 10.425 6.794 9.181 6.090 2.447 5.487 6.439 5.869 4.849 4.197 9.515 6.061 7.920 8.663 3.226 7.229 7.322 1.641 8.696 5.482 3.936 5.801 2.188 
9.730 9.403 9.939 5.921 11.392 9.163 3.274 12.452 6.480 7.748 10.098 5.055 4.490 5.807 11.064 6.614 0.178 8.854 7.069 6.834 5.232 7.652 5.909 1.514 10.975 5.967 9.132 2.435 2.204 9.047 7.433 5.694 8.209 4.794 1.714 2.089 6.882 9.664 12.299 3.741 5.123 8.548 5.611 1.621 8.826 7.765 5.729 9.203 7.935 4.913 10.092 10.118 6.282 9.954 7.740 1.753 6.859 4.319 10.346 6.022 8.951 2.780 8.306 0.289 7.057 9.412 11.214 8.337 8.357 4.730 7.103 4.556 9.242 4.680 2.100 5.388 9.591 10.618 6.160 9.624 6.324 2.708 6.716 7.047 6.624 4.283 5.321 10.101 7.263 9.117 9.642 4.298 6.533 7.281 2.736 9.108 6.661 4.980 5.686 3.165 
4.323 6.568 8.674 4.617 0.870 1.373 7.554 1.999 5.177 4.078 4.935 7.396 7.570 6.536 0.886 7.240 10.652 4.831 4.492 7.315 5.834 4.757 5.266 9.720 1.247 8.872 3.134 8.456 8.367 1.619 3.459 5.412 4.190 7.897 9.042 8.487 3.729 5.529 1.768 7.529 6.731 5.631 7.922 11.377 6.330 5.758 5.466 4.920 3.085 5.627 0.501 4.717 4.834 2.462 3.340 8.836 4.239 6.956 2.919 7.108 4.150 7.837 8.049 10.247 3.536 4.997 0.753 2.494 5.397 6.219 4.695 6.910 2.223 6.267 9.053 5.865 2.378 1.688 7.516 0.997 4.270 7.839 8.062 3.876 4.761 7.681 7.427 1.629 7.700 7.782 5.219 7.675 7.866 4.225 8.767 1.441 7.501 7.151 5.514 8.170 
7.718 8.938 10.604 2.890 6.665 4.689 4.756 7.804 5.447 1.881 8.370 6.391 6.090 6.191 5.971 1.668 6.405 2.620 1.348 7.687 4.671 1.489 4.810 4.917 5.692 8.290 3.283 5.274 4.220 4.999 4.605 1.198 2.137 2.142 5.445 4.777 2.715 8.444 7.472 2.502 5.747 7.707 2.088 7.634 8.389 7.189 4.841 7.712 4.952 3.151 5.340 8.247 4.735 6.721 2.506 5.049 4.778 1.924 7.314 1.310 2.803 3.655 9.203 5.981 2.878 7.920 6.590 3.366 2.138 4.536 1.178 5.371 3.806 1.819 5.829 4.947 6.337 5.143 1.766 5.300 2.540 4.222 8.173 4.547 5.132 2.175 6.638 6.343 8.275 9.540 8.230 6.038 2.231 1.618 5.987 4.776 7.707 6.074 1.060 5.609 
6.484 6.943 8.225 1.963 7.439 5.204 1.647 8.517 3.390 4.060 7.004 3.479 3.083 3.560 7.093 4.340 4.096 5.452 3.412 5.057 2.171 4.185 2.670 3.222 7.011 5.317 5.336 2.270 1.790 5.132 3.687 2.096 4.602 3.187 2.641 2.001 2.914 6.798 8.343 1.776 2.955 5.809 3.903 5.004 6.344 5.111 2.577 6.167 4.190 1.025 6.126 6.959 2.876 6.263 3.849 2.341 3.307 1.702 6.736 3.706 5.364 1.286 6.668 3.682 3.087 6.391 7.269 4.382 5.145 1.798 3.538 2.448 5.323 1.315 2.874 2.453 5.876 6.677 4.102 5.688 2.356 1.343 5.395 3.362 3.308 2.518 3.760 6.277 5.639 7.200 6.676 3.000 4.641 3.566 2.917 5.160 5.015 3.185 2.165 2.502 
4.236 2.116 1.561 6.520 8.658 7.456 5.760 9.112 3.978 9.131 3.955 3.516 4.069 3.250 9.098 10.912 8.350 10.735 8.809 1.750 4.740 9.689 4.555 8.860 9.388 2.578 9.599 6.193 7.483 6.859 5.480 8.163 9.691 9.990 6.832 6.904 7.158 3.167 9.320 8.551 3.865 2.605 10.674 7.905 2.006 2.529 4.518 3.461 5.528 6.282 8.125 4.148 4.697 5.931 8.260 7.060 4.884 8.492 5.769 10.336 10.279 7.477 0.171 8.203 7.119 3.485 8.405 7.988 10.803 5.016 9.075 4.434 8.896 7.934 6.312 4.451 5.880 9.561 10.779 7.354 7.008 6.758 1.662 5.259 4.374 9.321 3.215 6.694 1.185 0.953 3.417 4.242 11.324 8.757 5.665 7.251 1.828 3.731 8.307 5.370 
3.553 5.858 7.951 5.171 1.043 2.117 7.882 1.562 5.147 5.124 4.088 7.379 7.636 6.460 1.838 8.275 11.109 5.989 5.467 7.007 6.027 5.828 5.395 10.323 2.298 8.663 4.291 8.794 8.894 1.991 3.633 6.230 5.297 8.785 9.429 8.924 4.437 4.766 1.656 8.262 6.773 5.074 8.885 11.705 5.711 5.351 5.598 4.252 3.163 6.116 1.587 3.864 4.961 1.747 4.296 9.270 4.342 7.721 2.020 8.092 5.310 8.400 7.519 10.720 4.237 4.284 0.812 3.436 6.534 6.467 5.693 7.049 3.358 6.998 9.366 6.000 1.855 2.834 8.519 1.517 4.933 8.299 7.756 4.048 4.785 8.504 7.362 1.056 7.318 7.136 4.459 7.765 8.898 5.209 9.009 2.065 7.214 7.171 6.348 8.406 
9.605 10.561 12.028 4.586 8.787 6.810 5.289 9.924 6.967 3.950 10.228 7.347 6.919 7.404 8.070 1.205 5.717 4.169 3.473 8.913 5.931 3.398 6.263 4.037 7.767 9.146 5.273 5.468 4.066 7.095 6.485 2.908 4.068 0.795 5.354 4.772 4.712 10.207 9.582 2.293 6.826 9.356 0.077 7.120 9.982 8.747 6.236 9.500 6.889 4.422 7.467 10.127 6.307 8.766 4.635 4.925 6.499 2.173 9.347 0.904 4.585 3.674 10.511 5.343 4.895 9.717 8.716 5.494 3.489 5.639 3.280 6.321 5.895 2.742 5.882 6.222 8.375 7.191 0.708 7.420 4.409 4.440 9.270 6.347 6.740 1.476 7.632 8.436 9.500 10.982 10.023 6.814 0.994 3.741 6.249 6.891 8.882 7.058 2.757 6.057 
7.893 8.160 9.239 3.384 8.830 6.595 2.010 9.925 4.714 5.008 8.385 4.247 3.732 4.599 8.424 4.301 2.893 6.170 4.329 6.006 3.427 4.942 4.016 1.769 8.303 5.872 6.391 2.003 0.645 6.565 5.152 2.953 5.479 2.678 1.931 1.309 4.245 8.123 9.730 1.221 3.915 7.087 3.523 4.052 7.558 6.350 3.890 7.527 5.655 2.489 7.496 8.353 4.276 7.728 5.020 1.509 4.747 1.675 8.198 3.657 6.227 0.267 7.625 2.464 4.432 7.750 8.670 5.660 5.722 2.964 4.373 3.319 6.529 1.939 2.422 3.680 7.341 7.915 3.927 7.103 3.695 1.034 6.198 4.822 4.695 1.999 4.548 7.734 6.558 8.258 8.024 3.588 4.408 4.540 2.785 6.566 5.916 4.013 2.948 2.658 
3.146 2.787 4.126 3.632 6.564 4.927 3.606 7.283 1.087 6.253 3.386 1.901 2.372 0.978 6.787 8.079 6.791 7.864 5.917 1.434 2.018 6.798 1.686 6.808 6.990 2.941 6.814 4.335 5.286 4.400 2.746 5.303 6.821 7.310 5.054 4.877 4.280 2.903 7.364 5.962 1.638 1.790 7.931 6.841 2.184 1.010 1.685 2.495 2.934 3.497 5.735 3.441 1.804 4.109 5.411 5.133 2.052 5.802 4.236 7.525 7.433 5.114 2.731 6.522 4.253 2.690 6.318 5.225 7.912 2.422 6.181 2.220 6.193 5.176 4.701 1.734 3.891 7.042 7.981 4.980 4.114 4.520 2.152 2.452 1.505 6.676 1.768 4.674 1.944 3.070 2.895 2.556 8.522 5.869 4.128 4.740 1.583 1.842 5.451 3.610 
7.801 7.640 8.416 4.063 9.497 7.282 1.335 10.537 4.543 6.207 8.196 3.383 2.813 4.001 9.221 5.796 2.047 7.503 5.542 5.206 3.277 6.247 3.952 1.990 9.166 4.716 7.518 0.685 0.886 7.129 5.478 4.175 6.725 4.155 0.467 0.204 5.075 7.805 10.404 2.716 3.296 6.704 5.006 2.812 7.048 5.926 3.775 7.305 5.978 3.031 8.221 8.205 4.319 7.991 6.041 0.219 4.895 3.126 8.383 5.150 7.486 1.347 6.774 1.688 5.237 7.519 9.310 6.555 7.109 2.773 5.633 2.698 7.511 3.212 0.933 3.447 7.630 8.856 5.423 7.717 4.521 0.848 5.239 5.088 4.668 3.488 3.676 8.150 5.702 7.510 7.761 2.633 5.899 5.718 1.399 7.213 5.068 3.236 4.207 1.504 
3.645 5.950 8.021 5.619 1.162 2.578 8.292 1.285 5.492 5.568 4.126 7.714 7.992 6.784 2.077 8.723 11.536 6.389 5.921 7.256 6.418 6.267 5.775 10.771 2.553 8.937 4.692 9.205 9.334 2.444 4.037 6.692 5.724 9.246 9.846 9.351 4.897 4.841 1.507 8.721 7.126 5.245 9.342 12.109 5.848 5.579 5.979 4.383 3.557 6.555 2.003 3.901 5.345 1.945 4.751 9.695 4.725 8.182 2.088 8.547 5.708 8.845 7.681 11.150 4.697 4.392 0.997 3.891 6.949 6.866 6.145 7.424 3.771 7.458 9.771 6.379 2.129 3.136 8.972 1.979 5.391 8.730 8.003 4.448 5.147 8.965 7.685 1.391 7.540 7.249 4.540 8.126 9.347 5.662 9.400 2.527 7.470 7.517 6.810 8.798 
6.121 6.092 7.095 2.770 8.005 5.837 0.379 9.004 2.862 5.343 6.530 2.122 1.648 2.477 7.822 5.821 3.707 6.828 4.739 3.861 1.595 5.567 2.271 3.491 7.823 3.870 6.496 1.292 1.970 5.609 3.876 3.515 5.914 4.538 1.958 1.601 3.834 6.170 8.907 3.031 1.780 5.087 5.311 4.207 5.492 4.322 2.092 5.643 4.365 1.779 6.783 6.532 2.651 6.340 4.946 1.902 3.243 3.127 6.713 5.182 6.668 1.878 5.480 3.368 3.962 5.860 7.804 5.302 6.576 1.093 4.903 1.177 6.316 2.808 1.872 1.765 5.987 7.588 5.562 6.216 3.320 1.206 4.076 3.470 2.986 3.842 2.420 6.546 4.416 6.121 6.111 1.538 6.094 4.851 1.645 5.742 3.773 1.872 3.605 1.106 
7.238 9.067 11.037 4.009 4.518 3.294 6.902 5.575 6.200 1.298 7.925 7.893 7.779 7.362 3.632 3.769 9.166 0.961 1.961 8.672 6.016 1.439 5.811 7.780 3.229 9.749 0.739 7.625 6.869 3.872 4.640 3.338 0.805 5.013 7.965 7.301 3.058 8.268 5.151 5.345 7.168 7.881 4.715 10.281 8.631 7.623 5.938 7.534 4.704 4.864 3.445 7.744 5.525 5.686 1.869 7.616 5.227 4.732 6.281 3.875 0.280 6.281 9.931 8.737 3.041 7.697 4.537 2.193 1.576 6.122 1.907 7.009 1.689 4.341 8.231 6.217 5.389 2.586 4.167 3.814 3.420 6.669 9.316 4.842 5.766 5.101 8.065 5.019 9.212 10.003 7.989 7.793 4.370 1.792 8.225 3.482 8.771 7.576 3.329 7.730 
2.930 4.494 6.460 2.275 3.839 1.955 4.657 4.761 2.097 3.833 3.594 4.300 4.480 3.458 3.886 6.458 7.924 5.334 3.751 4.407 2.799 4.511 2.188 7.279 4.042 5.842 4.014 5.569 5.785 1.484 0.402 3.824 4.319 6.369 6.217 5.742 2.085 3.774 4.717 5.485 3.635 3.300 6.716 8.474 4.050 3.093 2.391 3.028 0.158 3.038 2.813 3.460 1.753 2.206 2.857 6.082 1.144 5.043 2.714 6.064 4.791 5.341 5.446 7.548 1.940 3.216 3.615 2.404 5.564 3.234 4.035 3.845 3.280 4.289 6.135 2.793 1.815 4.064 6.535 2.101 2.323 5.139 5.130 0.815 1.668 5.921 4.340 2.273 4.872 5.436 3.523 4.592 7.023 3.596 5.778 1.778 4.562 4.053 3.974 5.176 
6.156 5.563 6.159 4.016 8.828 6.779 1.417 9.737 3.099 6.731 6.423 1.210 0.668 2.060 8.782 7.305 3.853 8.259 6.158 2.990 2.232 7.009 2.803 4.264 8.847 2.499 7.793 1.594 2.979 6.441 4.609 4.987 7.313 5.947 2.233 2.334 5.061 5.908 9.709 4.426 1.480 4.785 6.748 3.805 4.995 4.006 2.601 5.532 5.038 3.137 7.713 6.476 3.239 6.796 6.232 2.460 3.854 4.591 7.059 6.662 8.055 3.123 4.515 3.647 5.157 5.727 8.606 6.468 8.040 1.929 6.340 1.148 7.504 4.303 1.751 2.198 6.492 8.692 7.030 7.064 4.599 2.341 2.963 4.189 3.410 5.247 1.469 7.165 3.450 5.287 5.924 0.482 7.557 6.246 1.124 6.651 2.829 1.195 5.084 0.774 
5.170 5.897 7.413 0.759 6.128 3.912 2.354 7.179 2.302 3.483 5.729 3.252 3.070 2.948 5.865 4.797 5.382 5.055 2.958 4.439 1.435 3.842 1.607 4.624 5.837 5.154 4.523 3.220 3.153 3.776 2.283 2.049 4.071 4.116 3.768 3.208 1.823 5.605 7.035 2.955 2.559 4.701 4.673 6.123 5.316 4.082 1.608 4.931 2.785 0.381 4.852 5.663 1.654 4.858 2.963 3.556 1.967 2.638 5.337 4.239 4.799 2.686 5.967 4.984 1.949 5.153 5.945 3.290 4.928 1.413 3.176 2.302 4.303 1.939 3.832 1.703 4.471 5.581 4.696 4.353 1.328 2.566 4.940 1.971 2.094 3.541 3.468 4.881 5.027 6.355 5.450 3.073 5.236 3.009 3.658 3.843 4.462 2.930 2.190 3.102 
5.045 6.211 7.939 0.407 5.158 2.922 3.506 6.252 2.809 2.442 5.676 4.274 4.164 3.801 4.801 4.397 6.388 4.054 2.030 5.207 2.397 2.919 2.275 5.437 4.735 6.144 3.373 4.349 4.080 2.918 1.922 1.660 3.031 4.185 4.854 4.255 0.661 5.714 6.060 3.387 3.552 4.977 4.551 7.223 5.671 4.493 2.369 4.987 2.339 1.424 3.834 5.568 2.088 4.320 1.812 4.602 2.047 2.895 4.869 3.943 3.724 3.545 6.621 5.975 0.807 5.198 4.997 2.141 4.033 2.515 2.291 3.395 3.143 2.145 4.966 2.610 3.923 4.442 4.417 3.434 0.224 3.596 5.792 1.816 2.445 3.753 4.455 4.164 5.777 6.875 5.507 4.188 4.927 2.010 4.819 2.894 5.272 3.956 1.814 4.267 
9.112 8.418 8.666 6.131 11.438 9.269 3.064 12.426 5.983 8.403 9.380 4.126 3.623 5.018 11.248 7.830 1.570 9.699 7.741 5.747 4.896 8.446 5.555 3.036 11.231 4.592 9.698 2.175 2.944 9.040 7.278 6.375 8.925 6.078 1.735 2.403 7.176 8.847 12.339 4.779 4.419 7.725 6.927 0.846 7.876 6.951 5.355 8.490 7.752 5.096 10.215 9.435 5.976 9.646 8.198 2.108 6.592 5.262 9.955 7.200 9.686 3.499 7.074 1.722 7.325 8.684 11.235 8.660 9.290 4.444 7.833 3.964 9.644 5.409 1.566 4.965 9.316 10.962 7.416 9.649 6.633 3.032 5.484 6.863 6.233 5.473 4.338 9.929 6.088 7.941 8.875 3.441 7.848 7.913 1.930 9.176 5.543 4.153 6.407 2.524 
9.168 9.790 11.055 4.195 9.156 7.010 3.971 10.295 6.213 4.604 9.736 6.160 5.675 6.382 8.565 2.703 4.103 5.290 3.981 7.853 5.023 4.253 5.490 2.435 8.338 7.854 6.031 3.990 2.533 7.158 6.151 2.887 4.904 0.872 3.791 3.254 4.681 9.595 10.013 1.079 5.738 8.640 1.691 5.499 9.193 7.957 5.415 8.934 6.616 3.677 7.799 9.667 5.637 8.636 5.009 3.365 5.968 1.425 9.176 2.149 5.558 2.244 9.473 3.722 4.880 9.157 9.044 5.815 4.689 4.639 3.891 5.176 6.454 2.179 4.345 5.306 8.238 7.832 2.238 7.592 4.232 3.030 8.114 5.917 6.079 0.620 6.458 8.456 8.424 10.040 9.451 5.545 2.616 4.247 4.770 7.042 7.787 5.900 2.782 4.659 
5.802 7.796 9.839 3.733 2.912 1.775 6.834 4.011 5.370 2.041 6.480 7.349 7.354 6.664 2.095 5.143 9.553 2.616 2.607 7.805 5.528 2.639 5.154 8.365 1.779 9.096 0.917 7.665 7.211 2.399 3.626 3.822 2.018 6.050 8.130 7.501 2.669 6.905 3.625 5.997 6.624 6.668 5.938 10.500 7.418 6.537 5.320 6.194 3.536 4.745 1.789 6.285 4.788 4.133 1.675 7.841 4.345 5.384 4.710 5.099 1.936 6.633 8.892 9.128 2.547 6.334 2.907 1.228 3.182 5.765 2.737 6.604 0.190 4.807 8.283 5.666 3.872 1.249 5.469 2.217 3.197 6.842 8.503 3.934 4.917 5.966 7.468 3.415 8.297 8.842 6.611 7.408 5.766 2.339 8.148 1.983 7.939 7.052 3.881 7.592 
6.164 5.026 5.144 5.215 9.499 7.616 2.901 10.302 3.624 8.001 6.276 1.413 1.450 2.281 9.587 8.775 4.802 9.571 7.468 2.342 3.232 8.341 3.615 5.546 9.714 1.127 8.953 2.940 4.397 7.188 5.364 6.376 8.590 7.430 3.450 3.711 6.205 5.632 10.341 5.908 2.125 4.554 8.231 4.316 4.536 3.849 3.436 5.435 5.713 4.454 8.512 6.377 4.020 7.179 7.404 3.766 4.576 6.070 7.325 8.135 9.313 4.591 3.549 4.700 6.270 5.595 9.262 7.521 9.402 3.108 7.671 2.218 8.556 5.753 2.872 3.080 6.934 9.642 8.509 7.804 5.803 3.806 1.965 4.966 4.037 6.730 1.378 7.687 2.591 4.426 5.725 1.471 9.037 7.529 2.249 7.460 2.113 1.695 6.483 2.184 
4.627 6.902 9.008 5.078 0.484 1.838 8.029 1.618 5.642 4.384 5.213 7.865 8.044 6.999 0.609 7.538 11.117 5.005 4.839 7.749 6.312 5.039 5.742 10.165 1.073 9.322 3.327 8.930 8.825 2.095 3.934 5.816 4.443 8.269 9.513 8.955 4.171 5.841 1.326 7.950 7.203 6.007 8.261 11.851 6.692 6.170 5.942 5.262 3.551 6.093 0.916 4.991 5.309 2.763 3.707 9.303 4.711 7.370 3.160 7.437 4.328 8.291 8.438 10.710 3.980 5.325 0.504 2.879 5.605 6.697 5.027 7.387 2.471 6.692 9.528 6.341 2.732 1.649 7.834 1.472 4.716 8.305 8.497 4.351 5.230 8.077 7.892 1.940 8.121 8.139 5.531 8.150 8.164 4.569 9.244 1.916 7.938 7.622 5.913 8.647 
6.794 8.149 9.907 2.229 5.666 3.663 4.700 6.808 4.774 1.069 7.458 6.022 5.803 5.683 5.007 2.622 6.843 2.366 0.399 7.134 4.196 1.104 4.203 5.494 4.756 7.926 2.494 5.360 4.543 3.978 3.716 1.018 1.535 3.083 5.658 4.991 1.785 7.583 6.489 3.070 5.332 6.914 3.111 7.960 7.622 6.457 4.271 6.843 4.021 2.796 4.330 7.324 4.052 5.719 1.491 5.300 3.994 2.450 6.316 2.332 2.294 3.955 8.582 6.413 1.926 7.044 5.583 2.347 2.157 4.167 0.445 5.047 2.869 2.015 5.955 4.449 5.340 4.243 2.780 4.274 1.750 4.370 7.683 3.716 4.413 2.970 6.241 5.321 7.712 8.844 7.353 5.783 3.218 0.659 6.003 3.750 7.182 5.700 1.003 5.548 
7.552 8.949 10.711 3.022 6.080 4.226 5.299 7.211 5.575 1.217 8.222 6.757 6.509 6.457 5.336 1.978 7.143 1.878 0.894 7.920 4.958 0.719 4.995 5.680 5.028 8.664 2.555 5.887 4.919 4.609 4.500 1.581 1.379 2.872 6.111 5.440 2.565 8.368 6.855 3.254 6.080 7.714 2.686 8.344 8.424 7.261 5.056 7.626 4.783 3.508 4.787 8.083 4.853 6.397 2.028 5.727 4.797 2.661 7.001 1.848 2.031 4.343 9.380 6.717 2.691 7.824 6.025 2.874 1.487 4.896 0.624 5.763 3.161 2.435 6.461 5.218 6.027 4.455 2.237 4.837 2.553 4.856 8.456 4.513 5.217 2.946 6.986 5.941 8.501 9.647 8.134 6.476 2.599 1.114 6.571 4.339 7.963 6.436 1.494 6.154 
3.463 3.319 4.654 3.153 6.516 4.743 3.121 7.303 0.718 5.835 3.778 1.671 2.053 0.723 6.663 7.561 6.361 7.451 5.466 1.782 1.474 6.354 1.182 6.308 6.832 3.053 6.476 3.889 4.776 4.259 2.502 4.795 6.410 6.769 4.610 4.395 3.868 3.360 7.347 5.419 1.233 2.270 7.395 6.495 2.717 1.510 1.157 2.882 2.773 2.962 5.595 3.810 1.374 4.202 5.028 4.663 1.745 5.260 4.402 7.001 7.046 4.585 3.214 6.076 3.859 3.090 6.276 4.910 7.468 1.885 5.725 1.767 5.906 4.640 4.292 1.191 3.942 6.836 7.453 4.860 3.659 4.011 2.429 2.156 1.171 6.133 1.623 4.688 2.343 3.602 3.321 2.222 7.996 5.433 3.749 4.568 1.876 1.529 4.941 3.202 
4.229 3.178 3.820 4.487 7.863 6.191 3.457 8.572 2.193 7.242 4.324 1.243 1.815 1.024 8.076 8.706 6.273 8.858 6.829 0.583 2.541 7.722 2.541 6.608 8.268 1.642 7.940 3.966 5.188 5.682 3.968 6.016 7.825 7.696 4.644 4.641 5.293 3.690 8.661 6.241 1.556 2.603 8.401 6.073 2.642 1.905 2.442 3.488 4.204 4.076 7.019 4.427 2.819 5.379 6.472 4.826 3.219 6.207 5.462 8.109 8.481 5.161 2.197 6.072 5.300 3.644 7.617 6.383 8.831 2.744 7.075 2.116 7.381 5.685 4.176 2.268 5.178 8.296 8.541 6.269 5.032 4.452 0.982 3.630 2.646 7.020 0.958 5.968 1.136 2.885 3.775 2.001 9.086 6.820 3.542 6.010 0.506 1.421 6.153 3.154 
6.732 8.313 10.180 2.755 4.981 3.181 5.526 6.111 5.150 0.128 7.414 6.650 6.490 6.203 4.241 3.056 7.787 1.652 0.565 7.590 4.782 0.662 4.669 6.441 3.944 8.536 1.560 6.233 5.479 3.615 3.810 1.945 0.654 3.896 6.566 5.903 1.961 7.636 5.757 4.014 5.936 7.089 3.779 8.886 7.823 6.722 4.771 6.890 4.008 3.522 3.695 7.258 4.441 5.439 1.044 6.219 4.254 3.395 6.046 2.945 1.407 4.889 8.952 7.357 2.018 7.077 4.929 1.832 1.712 4.833 0.587 5.722 2.067 2.955 6.837 5.007 5.084 3.389 3.336 3.786 2.184 5.271 8.191 3.913 4.745 3.865 6.844 4.925 8.152 9.124 7.382 6.490 3.681 0.413 6.845 3.312 7.665 6.330 1.947 6.362 
3.097 4.629 6.579 2.113 3.893 1.939 4.558 4.839 2.103 3.684 3.759 4.280 4.439 3.459 3.899 6.289 7.809 5.197 3.589 4.458 2.728 4.357 2.137 7.141 4.035 5.860 3.906 5.470 5.654 1.511 0.328 3.654 4.177 6.201 6.111 5.625 1.917 3.927 4.779 5.325 3.603 3.426 6.546 8.381 4.174 3.190 2.338 3.182 0.328 2.897 2.823 3.627 1.704 2.357 2.714 5.967 1.114 4.879 2.874 5.894 4.663 5.202 5.535 7.430 1.775 3.372 3.675 2.293 5.415 3.148 3.874 3.788 3.195 4.125 6.042 2.739 1.964 4.030 6.365 2.134 2.153 5.016 5.174 0.747 1.663 5.755 4.332 2.387 4.935 5.549 3.679 4.545 6.854 3.438 5.698 1.773 4.606 4.026 3.804 5.096 
8.716 9.916 11.547 3.858 7.481 5.597 5.387 8.611 6.396 2.615 9.367 7.191 6.846 7.068 6.729 0.672 6.554 2.805 2.227 8.575 5.548 2.018 5.740 4.948 6.410 9.071 3.892 5.782 4.557 5.945 5.602 2.129 2.685 1.749 5.840 5.194 3.709 9.438 8.251 2.711 6.581 8.686 1.330 7.877 9.361 8.152 5.757 8.707 5.948 4.006 6.186 9.245 5.691 7.693 3.396 5.422 5.761 2.273 8.290 0.492 3.195 4.045 10.117 6.146 3.869 8.916 7.425 4.253 2.153 5.363 1.994 6.159 4.556 2.473 6.290 5.831 7.313 5.821 0.836 6.209 3.533 4.715 9.028 5.540 6.098 2.102 7.453 7.286 9.165 10.486 9.225 6.775 1.244 2.479 6.534 5.699 8.582 6.881 1.978 6.222 
3.814 5.563 7.554 2.198 3.302 1.110 5.098 4.361 3.054 2.877 4.499 5.152 5.245 4.387 3.110 5.745 8.206 4.299 2.926 5.457 3.449 3.588 2.953 7.347 3.170 6.811 2.918 5.998 5.945 0.994 1.277 3.346 3.311 5.937 6.583 6.034 1.504 4.778 4.209 5.293 4.447 4.386 6.158 8.918 5.138 4.194 3.140 4.038 1.208 3.181 2.056 4.337 2.545 2.597 1.886 6.383 2.031 4.771 3.192 5.431 3.727 5.434 6.543 7.806 1.308 4.209 3.120 1.315 4.588 3.796 3.201 4.541 2.185 4.035 6.597 3.523 2.216 3.084 5.891 1.531 1.960 5.391 6.165 1.622 2.603 5.588 5.234 2.283 5.942 6.534 4.507 5.330 6.341 2.726 6.329 1.019 5.598 4.876 3.480 5.736 
3.701 1.706 1.821 6.016 8.086 6.875 5.467 8.557 3.458 8.591 3.467 3.253 3.822 2.853 8.518 10.448 8.216 10.190 8.285 1.431 4.301 9.160 4.065 8.620 8.806 2.652 9.032 5.970 7.200 6.277 4.914 7.682 9.146 9.587 6.635 6.654 6.620 2.684 8.757 8.172 3.509 2.038 10.249 7.869 1.486 1.951 4.043 2.917 4.952 5.832 7.543 3.649 4.180 5.365 7.709 6.833 4.336 8.081 5.220 9.883 9.724 7.153 0.414 8.041 6.575 2.956 7.833 7.420 10.272 4.613 8.554 4.101 8.321 7.499 6.142 4.011 5.305 8.979 10.332 6.772 6.489 6.458 1.598 4.704 3.840 8.928 2.960 6.121 0.977 0.886 2.914 4.004 10.875 8.225 5.499 6.669 1.575 3.431 7.829 5.152 
3.114 4.618 6.560 2.070 3.954 1.992 4.497 4.899 2.051 3.688 3.773 4.223 4.380 3.405 3.956 6.271 7.750 5.209 3.582 4.415 2.667 4.357 2.077 7.087 4.089 5.809 3.932 5.410 5.598 1.570 0.270 3.625 4.186 6.166 6.051 5.567 1.902 3.929 4.840 5.280 3.545 3.411 6.517 8.321 4.158 3.162 2.278 3.183 0.358 2.844 2.880 3.644 1.644 2.406 2.722 5.909 1.057 4.838 2.918 5.870 4.680 5.148 5.504 7.372 1.764 3.376 3.735 2.319 5.419 3.088 3.867 3.727 3.231 4.084 5.982 2.678 2.014 4.079 6.342 2.193 2.123 4.959 5.129 0.687 1.609 5.716 4.277 2.445 4.896 5.527 3.684 4.486 6.833 3.435 5.638 1.828 4.562 3.968 3.775 5.036 
2.553 0.745 2.225 5.578 7.008 5.956 5.656 7.433 3.049 7.960 2.314 3.616 4.179 2.933 7.493 10.096 8.675 9.525 7.731 1.950 4.150 8.578 3.747 8.866 7.807 3.562 8.251 6.296 7.371 5.339 4.183 7.303 8.490 9.424 6.999 6.908 6.024 1.538 7.649 8.095 3.641 0.984 10.020 8.504 0.329 1.280 3.784 1.779 4.126 5.593 6.556 2.493 3.741 4.270 7.029 7.134 3.738 7.918 4.087 9.569 9.013 7.232 1.537 8.451 5.949 1.803 6.756 6.642 9.676 4.554 8.009 4.250 7.481 7.271 6.570 3.868 4.245 8.026 10.033 5.791 5.982 6.608 2.454 4.055 3.336 8.800 3.362 5.052 1.808 1.206 1.757 4.371 10.569 7.638 5.948 5.745 2.176 3.700 7.456 5.511 
3.220 1.069 1.595 6.129 7.713 6.659 5.896 8.116 3.568 8.590 2.907 3.738 4.310 3.206 8.204 10.621 8.762 10.169 8.334 1.936 4.560 9.192 4.232 9.084 8.518 3.308 8.927 6.459 7.628 6.045 4.837 7.834 9.129 9.861 7.142 7.116 6.638 2.118 8.343 8.487 3.896 1.694 10.489 8.472 1.002 1.869 4.243 2.466 4.806 6.055 7.267 3.103 4.281 4.972 7.674 7.315 4.342 8.352 4.768 10.077 9.670 7.540 0.937 8.569 6.573 2.466 7.461 7.315 10.297 4.921 8.609 4.503 8.171 7.734 6.672 4.271 4.955 8.734 10.534 6.501 6.562 6.874 2.233 4.680 3.899 9.219 3.457 5.759 1.587 0.533 2.377 4.498 11.075 8.253 6.034 6.449 2.121 3.878 7.985 5.651 
3.530 2.786 3.843 4.049 7.117 5.489 3.591 7.818 1.579 6.732 3.684 1.612 2.150 0.871 7.349 8.422 6.642 8.347 6.366 0.895 2.262 7.254 2.075 6.799 7.553 2.393 7.341 4.235 5.313 4.963 3.297 5.672 7.306 7.552 4.943 4.840 4.762 3.111 7.910 6.154 1.576 1.992 8.210 6.580 2.200 1.235 2.027 2.818 3.496 3.796 6.297 3.767 2.269 4.626 5.914 5.068 2.582 6.046 4.718 7.849 7.934 5.201 2.339 6.402 4.748 2.992 6.870 5.760 8.368 2.587 6.624 2.186 6.738 5.460 4.537 1.971 4.424 7.603 8.296 5.542 4.559 4.553 1.593 2.988 2.020 6.898 1.410 5.215 1.443 2.817 3.155 2.342 8.840 6.333 3.931 5.303 1.025 1.647 5.816 3.463 
4.215 4.483 5.867 2.071 6.387 4.360 2.284 7.307 0.971 4.854 4.659 1.923 1.969 1.400 6.357 6.365 5.622 6.465 4.414 2.868 0.332 5.308 0.374 5.326 6.445 3.745 5.673 3.164 3.774 4.001 2.168 3.622 5.442 5.556 3.863 3.513 2.948 4.374 7.269 4.229 1.197 3.354 6.179 6.000 3.885 2.650 0.175 3.788 2.605 1.748 5.284 4.645 0.804 4.470 4.149 3.822 1.424 4.048 4.812 5.796 6.124 3.501 4.395 5.289 2.988 4.009 6.166 4.205 6.415 0.837 4.657 1.293 5.239 3.424 3.679 0.247 4.136 6.337 6.245 4.624 2.630 3.025 3.400 1.748 1.072 4.926 2.067 4.761 3.455 4.818 4.278 2.060 6.788 4.417 3.259 4.222 2.902 1.625 3.764 2.659 
8.575 8.042 8.467 5.382 10.727 8.543 2.350 11.730 5.388 7.634 8.883 3.694 3.152 4.527 10.514 7.127 1.452 8.936 6.972 5.418 4.242 7.681 4.912 2.546 10.488 4.466 8.930 1.442 2.208 8.333 6.596 5.607 8.157 5.405 0.967 1.637 6.422 8.390 11.631 4.059 3.885 7.267 6.259 1.481 7.480 6.486 4.716 7.988 7.079 4.346 9.489 8.924 5.323 9.011 7.434 1.353 5.933 4.521 9.344 6.491 8.918 2.748 6.843 1.398 6.574 8.189 10.528 7.906 8.534 3.771 7.066 3.379 8.884 4.645 0.864 4.337 8.671 10.209 6.726 8.939 5.876 2.262 5.248 6.185 5.606 4.778 3.938 9.260 5.815 7.675 8.397 2.961 7.173 7.144 1.375 8.457 5.232 3.670 5.640 1.922 
1.249 1.190 3.286 5.117 5.744 4.876 5.914 6.133 2.851 7.194 1.131 4.185 4.696 3.315 6.277 9.619 9.135 8.696 7.060 2.876 4.130 7.858 3.569 9.087 6.616 4.611 7.303 6.674 7.545 4.246 3.419 6.850 7.684 9.176 7.394 7.187 5.348 0.569 6.359 7.972 3.981 0.597 9.685 9.156 0.986 1.359 3.673 0.484 3.229 5.371 5.387 1.263 3.412 3.000 6.223 7.457 3.196 7.701 2.785 9.145 8.137 7.307 2.841 8.862 5.238 0.507 5.493 5.723 8.925 4.606 7.344 4.552 6.472 6.997 7.045 3.885 3.016 6.884 9.617 4.637 5.418 6.783 3.528 3.412 2.971 8.603 3.994 3.803 2.934 2.404 0.575 4.884 10.138 6.929 6.467 4.663 3.116 4.172 7.005 5.955 
5.567 7.672 9.751 4.202 2.231 1.627 7.304 3.308 5.555 2.758 6.229 7.633 7.688 6.888 1.380 5.859 10.131 3.244 3.308 7.929 5.866 3.356 5.428 8.995 1.066 9.312 1.572 8.159 7.793 2.244 3.769 4.476 2.727 6.758 8.658 8.044 3.157 6.720 2.911 6.654 6.918 6.600 6.656 11.029 7.340 6.554 5.607 6.039 3.583 5.234 1.276 6.023 5.034 3.799 2.305 8.388 4.532 6.045 4.343 5.817 2.567 7.223 8.909 9.709 3.006 6.158 2.252 1.673 3.850 6.149 3.449 6.957 0.823 5.442 8.775 5.975 3.592 0.631 6.187 1.889 3.707 7.383 8.648 4.123 5.104 6.655 7.727 3.019 8.391 8.785 6.417 7.757 6.481 3.037 8.600 1.836 8.080 7.349 4.545 8.029 
3.685 4.682 6.424 1.399 5.024 2.953 3.406 5.989 1.370 3.807 4.272 3.297 3.378 2.592 4.953 5.910 6.674 5.415 3.506 3.841 1.601 4.374 1.092 6.081 5.036 5.023 4.413 4.318 4.566 2.624 0.852 3.132 4.371 5.511 4.964 4.494 1.833 4.230 5.917 4.451 2.584 3.450 5.976 7.228 4.141 2.969 1.274 3.521 1.351 1.882 3.883 4.191 0.715 3.397 2.966 4.833 0.524 4.084 3.847 5.427 4.987 4.149 5.158 6.301 1.803 3.738 4.811 2.870 5.484 2.000 3.780 2.685 3.888 3.348 4.889 1.656 3.021 4.936 5.899 3.244 1.743 3.900 4.493 0.472 0.951 4.986 3.398 3.526 4.385 5.361 4.043 3.466 6.421 3.437 4.552 2.821 3.943 3.014 3.287 3.951 
6.713 6.390 7.132 3.696 8.887 6.738 0.620 9.865 3.494 6.232 7.058 2.099 1.529 2.767 8.730 6.454 3.081 7.685 5.613 3.922 2.340 6.419 3.008 3.274 8.739 3.512 7.411 0.630 1.959 6.486 4.715 4.342 6.796 5.004 1.342 1.321 4.759 6.617 9.786 3.486 2.077 5.503 5.824 3.368 5.804 4.720 2.811 6.162 5.190 2.698 7.684 7.085 3.421 7.106 5.865 1.484 4.034 3.719 7.441 5.805 7.554 2.138 5.489 2.808 4.888 6.370 8.680 6.228 7.397 1.881 5.762 1.514 7.241 3.539 1.044 2.433 6.769 8.512 6.147 7.099 4.243 1.353 3.964 4.300 3.702 4.307 2.391 7.368 4.417 6.226 6.596 1.348 6.662 5.738 0.719 6.636 3.783 1.967 4.417 0.279 
7.512 7.558 8.505 3.457 8.924 6.696 1.229 9.984 4.265 5.504 7.953 3.469 2.928 3.935 8.609 5.146 2.584 6.793 4.837 5.268 2.967 5.537 3.616 2.035 8.536 5.011 6.827 1.107 0.507 6.581 5.003 3.467 6.019 3.571 1.177 0.507 4.438 7.621 9.831 2.084 3.231 6.547 4.411 3.497 6.958 5.785 3.459 7.074 5.508 2.445 7.627 7.943 3.943 7.555 5.366 0.823 4.483 2.444 7.979 4.497 6.779 0.689 6.874 2.180 4.608 7.293 8.746 5.910 6.401 2.467 4.924 2.622 6.848 2.502 1.574 3.180 7.182 8.205 4.793 7.156 3.881 0.273 5.400 4.632 4.326 2.885 3.771 7.658 5.801 7.553 7.551 2.770 5.285 5.018 1.889 6.639 5.159 3.265 3.497 1.774 
5.822 4.477 4.445 5.509 9.431 7.657 3.496 10.172 3.617 8.313 5.863 1.612 1.876 2.261 9.591 9.295 5.523 9.907 7.816 1.859 3.485 8.702 3.749 6.254 9.752 0.410 9.178 3.626 5.064 7.186 5.403 6.800 8.903 8.021 4.162 4.392 6.449 5.176 10.246 6.503 2.330 4.144 8.805 4.995 4.029 3.500 3.593 5.061 5.701 4.845 8.522 5.984 4.118 6.993 7.651 4.466 4.621 6.622 7.081 8.662 9.606 5.221 2.877 5.423 6.493 5.202 9.188 7.689 9.783 3.459 8.035 2.591 8.714 6.251 3.589 3.284 6.781 9.729 9.052 7.789 6.091 4.440 1.335 5.026 4.057 7.322 1.439 7.561 1.987 3.774 5.300 1.959 9.587 7.855 2.960 7.488 1.618 1.932 6.917 2.843 
8.524 8.035 8.503 5.251 10.614 8.425 2.244 11.623 5.322 7.480 8.843 3.683 3.132 4.496 10.391 6.959 1.408 8.775 6.817 5.427 4.157 7.521 4.830 2.406 10.360 4.525 8.782 1.331 2.040 8.223 6.497 5.450 8.001 5.238 0.811 1.478 6.287 8.362 11.519 3.891 3.843 7.240 6.092 1.596 7.469 6.458 4.636 7.947 6.983 4.215 9.369 8.880 5.237 8.928 7.290 1.189 5.844 4.354 9.269 6.323 8.762 2.583 6.874 1.308 6.441 8.150 10.417 7.772 8.371 3.680 6.908 3.322 8.745 4.485 0.786 4.261 8.585 10.075 6.558 8.826 5.740 2.110 5.281 6.089 5.529 4.611 3.934 9.165 5.838 7.696 8.363 2.941 7.006 6.991 1.351 8.341 5.246 3.645 5.482 1.869 
8.846 8.424 8.927 5.369 10.784 8.577 2.467 11.811 5.620 7.476 9.184 4.070 3.512 4.856 10.525 6.771 0.992 8.717 6.804 5.834 4.417 7.474 5.095 2.036 10.474 4.960 8.807 1.567 1.926 8.405 6.713 5.428 7.980 5.013 0.902 1.495 6.384 8.722 11.690 3.733 4.188 7.602 5.862 1.518 7.852 6.819 4.905 8.288 7.207 4.334 9.518 9.214 5.490 9.182 7.343 1.158 6.088 4.236 9.543 6.143 8.737 2.502 7.295 0.873 6.546 8.494 10.593 7.864 8.283 3.928 6.878 3.644 8.818 4.438 1.123 4.543 8.832 10.165 6.353 9.000 5.830 2.155 5.705 6.312 5.803 4.411 4.329 9.387 6.255 8.111 8.713 3.319 6.782 6.992 1.739 8.503 5.657 4.014 5.447 2.212 
2.637 0.900 2.269 5.495 7.055 5.956 5.516 7.500 2.953 7.907 2.429 3.464 4.029 2.793 7.523 10.007 8.524 9.479 7.667 1.795 4.032 8.518 3.644 8.725 7.829 3.415 8.224 6.149 7.233 5.343 4.141 7.215 8.442 9.315 6.851 6.765 5.964 1.661 7.708 7.977 3.500 1.007 9.917 8.349 0.447 1.200 3.675 1.853 4.102 5.487 6.574 2.601 3.653 4.322 6.983 6.989 3.672 7.807 4.159 9.475 8.974 7.100 1.459 8.302 5.893 1.892 6.802 6.613 9.620 4.429 7.943 4.110 7.465 7.166 6.419 3.748 4.284 8.036 9.937 5.806 5.909 6.471 2.307 3.998 3.255 8.686 3.209 5.094 1.664 1.227 1.867 4.220 10.475 7.578 5.796 5.746 2.022 3.552 7.367 5.362 
6.606 8.529 10.543 3.926 3.713 2.599 6.958 4.774 5.877 1.602 7.289 7.722 7.666 7.112 2.832 4.482 9.451 1.764 2.267 8.344 5.859 2.027 5.570 8.153 2.442 9.532 0.171 7.738 7.122 3.206 4.211 3.614 1.356 5.581 8.139 7.488 2.890 7.678 4.357 5.734 6.993 7.372 5.366 10.491 8.124 7.179 5.717 6.956 4.200 4.873 2.657 7.100 5.242 4.981 1.711 7.818 4.869 5.114 5.566 4.521 1.085 6.534 9.518 9.022 2.822 7.106 3.732 1.702 2.373 6.030 2.311 6.901 0.942 4.628 8.353 6.031 4.705 1.812 4.850 3.078 3.347 6.839 9.017 4.467 5.430 5.589 7.869 4.280 8.861 9.526 7.390 7.700 5.095 2.030 8.284 2.799 8.461 7.414 3.639 7.757 
5.257 4.172 4.510 4.743 8.694 6.886 2.968 9.463 2.850 7.547 5.369 0.864 1.255 1.490 8.830 8.635 5.413 9.146 7.062 1.483 2.717 7.950 2.965 5.939 8.983 1.044 8.396 3.270 4.632 6.426 4.630 6.082 8.137 7.439 3.888 4.007 5.671 4.734 9.521 5.934 1.561 3.649 8.200 5.092 3.661 2.940 2.809 4.527 4.941 4.118 7.759 5.469 3.335 6.312 6.872 4.135 3.846 6.003 6.438 8.011 8.835 4.715 2.872 5.254 5.712 4.687 8.453 6.904 9.039 2.727 7.286 1.888 7.930 5.585 3.363 2.506 6.081 8.951 8.415 7.033 5.322 3.952 1.293 4.249 3.285 6.744 0.658 6.848 1.834 3.693 4.821 1.389 8.954 7.093 2.716 6.720 1.272 1.184 6.204 2.450 
4.843 7.112 9.219 5.112 0.628 1.890 8.095 1.712 5.774 4.287 5.434 7.989 8.155 7.134 0.380 7.431 11.152 4.846 4.765 7.915 6.407 4.928 5.850 10.170 0.849 9.473 3.182 8.992 8.850 2.207 4.046 5.782 4.319 8.207 9.564 8.997 4.178 6.056 1.364 7.930 7.320 6.204 8.176 11.910 6.893 6.350 6.048 5.469 3.681 6.135 0.945 5.213 5.419 2.978 3.651 9.346 4.828 7.343 3.384 7.348 4.172 8.309 8.630 10.742 3.991 5.536 0.710 2.841 5.459 6.781 4.944 7.487 2.355 6.677 9.593 6.446 2.934 1.444 7.737 1.589 4.729 8.345 8.662 4.460 5.356 8.034 8.024 2.151 8.295 8.343 5.746 8.257 8.056 4.494 9.323 1.991 8.101 7.741 5.875 8.728 
6.777 8.777 10.817 4.411 3.522 2.750 7.462 4.528 6.267 2.116 7.453 8.168 8.130 7.529 2.595 4.888 9.975 2.004 2.786 8.722 6.315 2.487 5.997 8.674 2.161 9.957 0.694 8.250 7.645 3.377 4.558 4.137 1.815 6.062 8.658 8.009 3.363 7.886 4.085 6.252 7.439 7.645 5.812 11.012 8.396 7.497 6.151 7.177 4.499 5.374 2.623 7.256 5.653 5.079 2.207 8.339 5.249 5.632 5.645 4.969 1.370 7.058 9.848 9.546 3.280 7.316 3.575 2.073 2.675 6.505 2.819 7.369 1.130 5.152 8.866 6.476 4.834 1.506 5.277 3.154 3.838 7.358 9.408 4.842 5.817 6.091 8.305 4.332 9.227 9.816 7.591 8.170 5.492 2.553 8.788 2.960 8.847 7.863 4.161 8.255 
7.088 8.765 10.670 3.348 4.920 3.341 6.131 6.026 5.693 0.544 7.774 7.246 7.095 6.780 4.106 3.137 8.329 1.087 1.147 8.148 5.375 0.657 5.238 6.941 3.758 9.127 1.220 6.829 6.038 3.844 4.271 2.512 0.046 4.228 7.148 6.482 2.499 8.042 5.638 4.506 6.530 7.551 3.996 9.455 8.293 7.221 5.347 7.298 4.419 4.130 3.710 7.608 4.993 5.684 1.426 6.794 4.768 3.892 6.290 3.151 0.805 5.449 9.480 7.900 2.529 7.477 4.899 2.049 1.324 5.437 1.068 6.326 1.967 3.509 7.431 5.595 5.350 3.154 3.488 3.922 2.770 5.856 8.761 4.410 5.277 4.280 7.436 5.103 8.704 9.620 7.778 7.096 3.757 1.022 7.449 3.499 8.229 6.927 2.496 6.969 
8.583 9.416 10.834 3.546 8.234 6.129 4.086 9.375 5.816 3.603 9.183 6.127 5.701 6.195 7.609 1.948 4.905 4.292 2.994 7.702 4.737 3.239 5.102 3.303 7.365 7.930 5.024 4.324 2.989 6.327 5.493 2.022 3.891 0.599 4.286 3.667 3.863 9.115 9.076 1.141 5.610 8.225 1.253 6.240 8.830 7.592 5.062 8.424 5.930 3.253 6.882 9.096 5.178 7.893 4.062 3.859 5.421 0.955 8.454 1.314 4.545 2.534 9.305 4.499 4.059 8.643 8.133 4.889 3.710 4.429 2.888 5.101 5.477 1.585 4.779 5.027 7.497 6.845 1.571 6.724 3.473 3.274 8.051 5.311 5.616 0.456 6.412 7.649 8.288 9.794 8.946 5.598 2.070 3.264 5.100 6.178 7.668 5.839 1.895 4.872 
9.405 8.665 8.854 6.460 11.767 9.598 3.393 12.753 6.293 8.719 9.662 4.400 3.910 5.304 11.578 8.089 1.642 10.003 8.055 5.985 5.217 8.753 5.874 3.209 11.561 4.768 10.019 2.504 3.231 9.368 7.603 6.687 9.238 6.321 2.050 2.714 7.504 9.118 12.667 5.053 4.718 7.998 7.167 0.588 8.130 7.228 5.674 8.774 8.076 5.425 10.544 9.721 6.296 9.962 8.523 2.410 6.913 5.548 10.266 7.463 9.998 3.795 7.277 1.865 7.654 8.966 11.563 8.989 9.586 4.769 8.144 4.274 9.971 5.714 1.895 5.282 9.635 11.291 7.668 9.978 6.961 3.349 5.693 7.188 6.549 5.729 4.602 10.252 6.308 8.153 9.153 3.730 8.089 8.230 2.244 9.505 5.776 4.440 6.716 2.842 
3.224 5.413 7.515 3.906 1.830 1.052 6.642 2.742 4.046 4.142 3.873 6.280 6.494 5.394 2.086 7.232 9.849 5.238 4.390 6.118 4.823 4.866 4.213 9.058 2.391 7.696 3.584 7.554 7.628 0.735 2.417 5.030 4.413 7.608 8.178 7.665 3.209 4.406 2.693 7.021 5.640 4.438 7.762 10.470 5.147 4.552 4.416 3.763 1.981 4.850 1.165 3.664 3.778 1.434 3.230 8.011 3.164 6.491 1.997 6.994 4.577 7.134 6.847 9.458 3.009 3.858 1.597 2.396 5.698 5.245 4.637 5.871 2.635 5.760 8.132 4.819 1.243 2.677 7.437 0.498 3.687 7.037 6.866 2.838 3.651 7.293 6.293 0.715 6.495 6.601 4.099 6.611 7.848 4.147 7.796 0.919 6.306 6.051 5.156 7.194 
4.573 5.560 7.236 0.498 5.338 3.133 3.081 6.383 2.088 3.170 5.171 3.580 3.515 3.070 5.106 5.024 6.178 4.785 2.766 4.470 1.708 3.656 1.538 5.409 5.103 5.432 4.015 3.971 3.950 2.977 1.546 2.236 3.756 4.612 4.546 4.001 1.270 5.136 6.245 3.607 2.853 4.333 5.070 6.888 5.006 3.806 1.637 4.427 2.035 1.172 4.078 5.084 1.366 4.102 2.471 4.349 1.427 3.205 4.604 4.528 4.435 3.473 5.894 5.782 1.336 4.645 5.152 2.637 4.770 1.903 3.024 2.754 3.672 2.460 4.577 1.899 3.711 4.888 4.999 3.559 0.960 3.362 5.057 1.303 1.748 4.102 3.747 4.090 5.041 6.171 4.950 3.556 5.524 2.745 4.350 3.056 4.535 3.267 2.391 3.771 
3.855 3.398 4.497 3.507 7.055 5.276 2.961 7.833 1.237 6.248 4.104 1.197 1.654 0.261 7.201 7.807 6.090 7.865 5.844 1.410 1.629 6.737 1.548 6.172 7.367 2.523 6.950 3.648 4.672 4.797 3.028 5.079 6.830 6.901 4.365 4.222 4.297 3.606 7.883 5.496 0.953 2.486 7.568 6.124 2.802 1.702 1.460 3.213 3.311 3.172 6.133 4.158 1.827 4.711 5.476 4.463 2.259 5.396 4.885 7.226 7.485 4.547 2.965 5.831 4.304 3.407 6.814 5.402 7.848 1.930 6.094 1.557 6.408 4.823 3.994 1.341 4.462 7.362 7.668 5.400 4.043 3.909 1.976 2.669 1.686 6.244 1.105 5.217 1.998 3.476 3.608 1.838 8.213 5.830 3.414 5.103 1.452 1.125 5.220 2.906 
6.521 8.430 10.439 3.802 3.711 2.525 6.836 4.785 5.758 1.509 7.205 7.599 7.542 6.991 2.846 4.437 9.340 1.783 2.167 8.226 5.736 1.965 5.448 8.050 2.469 9.410 0.093 7.618 7.009 3.126 4.098 3.507 1.300 5.504 8.022 7.372 2.766 7.587 4.375 5.634 6.870 7.269 5.304 10.375 8.021 7.069 5.595 6.862 4.094 4.751 2.624 7.017 5.121 4.913 1.588 7.702 4.752 5.014 5.501 4.460 1.102 6.422 9.407 8.912 2.698 7.014 3.722 1.590 2.369 5.907 2.221 6.777 0.880 4.520 8.233 5.908 4.631 1.850 4.797 3.018 3.223 6.722 8.898 4.351 5.312 5.500 7.747 4.222 8.745 9.421 7.300 7.576 5.053 1.926 8.162 2.722 8.342 7.290 3.534 7.634 
4.945 6.710 8.684 2.331 3.449 1.366 5.434 4.586 3.981 1.799 5.632 5.906 5.905 5.243 2.936 4.848 8.288 3.149 2.007 6.442 4.079 2.526 3.719 7.222 2.818 7.673 1.808 6.287 5.957 1.746 2.311 2.825 2.179 5.325 6.789 6.181 1.287 5.930 4.317 4.962 5.180 5.524 5.408 9.160 6.274 5.289 3.880 5.191 2.347 3.362 2.091 5.463 3.366 3.570 0.847 6.526 2.967 4.378 4.177 4.623 2.575 5.397 7.620 7.869 1.134 5.360 3.337 0.222 3.469 4.321 2.253 5.156 1.259 3.709 6.903 4.220 3.220 2.504 5.059 1.978 1.842 5.520 7.122 2.563 3.531 5.093 6.032 3.068 6.956 7.655 5.658 5.960 5.464 1.763 6.736 1.466 6.563 5.607 2.926 6.170 
0.770 1.603 3.660 5.512 5.333 4.775 6.602 5.598 3.455 7.347 0.337 4.959 5.457 4.067 5.960 9.946 9.861 8.783 7.285 3.672 4.754 8.038 4.150 9.743 6.336 5.403 7.300 7.389 8.193 4.148 3.675 7.219 7.800 9.633 8.111 7.872 5.601 0.486 5.869 8.499 4.714 1.395 10.092 9.924 1.657 2.135 4.277 0.638 3.384 5.885 5.156 0.510 3.932 2.633 6.359 8.153 3.613 8.185 2.283 9.507 8.190 7.922 3.504 9.576 5.469 0.417 5.089 5.771 9.071 5.245 7.570 5.268 6.420 7.461 7.783 4.529 2.750 6.670 9.981 4.445 5.745 7.437 4.314 3.755 3.495 9.089 4.777 3.465 3.707 2.927 0.233 5.643 10.489 7.130 7.217 4.564 3.913 4.930 7.374 6.692 
4.169 4.030 5.222 2.859 6.891 4.968 2.375 7.747 1.051 5.641 4.513 1.236 1.454 0.618 6.943 7.088 5.627 7.253 5.202 2.120 0.908 6.096 0.993 5.567 7.066 2.974 6.432 3.150 4.041 4.550 2.719 4.377 6.228 6.174 3.871 3.650 3.724 4.106 7.751 4.777 0.587 3.013 6.839 5.811 3.428 2.246 0.844 3.617 3.088 2.452 5.867 4.536 1.375 4.747 4.921 3.918 1.931 4.668 5.005 6.503 6.906 3.873 3.693 5.336 3.754 3.828 6.659 4.932 7.202 1.210 5.444 1.035 5.959 4.096 3.572 0.627 4.452 7.002 6.943 5.169 3.418 3.275 2.617 2.317 1.412 5.519 1.322 5.150 2.710 4.195 4.063 1.598 7.488 5.206 3.051 4.813 2.133 0.988 4.515 2.487 
7.015 8.522 10.349 2.788 5.389 3.559 5.397 6.520 5.266 0.530 7.692 6.649 6.455 6.257 4.650 2.657 7.519 1.676 0.445 7.677 4.799 0.449 4.744 6.132 4.350 8.547 1.925 6.065 5.234 3.970 4.030 1.721 0.848 3.503 6.361 5.693 2.123 7.883 6.166 3.698 5.947 7.292 3.370 8.655 8.018 6.890 4.830 7.138 4.265 3.456 4.099 7.543 4.549 5.779 1.381 6.000 4.414 3.082 6.385 2.536 1.597 4.646 9.080 7.090 2.213 7.330 5.335 2.206 1.562 4.807 0.262 5.693 2.475 2.705 6.660 5.039 5.418 3.788 2.928 4.168 2.248 5.074 8.254 4.095 4.879 3.501 6.857 5.291 8.248 9.289 7.637 6.443 3.281 0.520 6.704 3.682 7.739 6.327 1.694 6.243 
1.013 1.728 3.806 4.632 5.292 4.336 5.646 5.747 2.493 6.650 1.219 4.079 4.555 3.160 5.786 9.114 8.919 8.147 6.527 2.986 3.792 7.318 3.191 8.781 6.112 4.734 6.752 6.444 7.231 3.708 2.886 6.358 7.137 8.724 7.164 6.915 4.819 0.997 5.945 7.559 3.785 0.779 9.210 9.024 1.429 1.314 3.315 0.326 2.681 4.947 4.872 1.257 2.989 2.557 5.677 7.198 2.714 7.263 2.423 8.653 7.587 6.961 3.217 8.628 4.704 0.546 5.040 5.172 8.381 4.283 6.812 4.325 5.925 6.547 6.851 3.567 2.531 6.361 9.125 4.116 4.909 6.475 3.690 2.902 2.549 8.166 3.921 3.335 3.147 2.882 0.827 4.737 9.642 6.392 6.297 4.123 3.222 4.024 6.513 5.760 
3.480 3.990 5.574 2.149 5.734 3.805 3.052 6.613 0.417 4.768 3.959 2.403 2.585 1.618 5.776 6.644 6.391 6.383 4.421 2.854 1.092 5.303 0.421 6.052 5.904 4.048 5.408 3.934 4.500 3.383 1.552 3.853 5.341 6.019 4.633 4.272 2.798 3.742 6.601 4.785 1.733 2.797 6.578 6.758 3.411 2.181 0.596 3.109 1.929 2.190 4.700 3.928 0.308 3.711 3.954 4.586 0.763 4.528 4.043 6.114 5.972 4.189 4.226 6.055 2.785 3.333 5.505 3.857 6.417 1.596 4.685 1.998 4.865 3.846 4.444 0.970 3.385 5.857 6.577 4.002 2.618 3.764 3.498 1.157 0.302 5.427 2.464 4.038 3.407 4.510 3.616 2.706 7.113 4.376 4.007 3.647 2.949 2.151 4.005 3.411 
9.031 9.093 9.970 4.673 10.122 7.888 2.739 11.218 5.797 6.188 9.486 4.926 4.363 5.461 9.710 4.974 1.828 7.226 5.511 6.745 4.496 6.044 5.132 0.502 9.579 6.291 7.597 2.264 1.054 7.853 6.400 4.157 6.623 3.167 1.767 1.527 5.535 9.164 11.022 2.105 4.754 8.090 4.002 3.190 8.494 7.328 4.983 8.610 6.905 3.751 8.788 9.471 5.436 8.973 6.275 1.417 5.946 2.702 9.426 4.373 7.353 1.445 8.330 1.425 5.724 8.830 9.963 6.939 6.714 4.001 5.522 4.144 7.786 3.148 2.367 4.718 8.591 9.177 4.530 8.395 4.987 1.813 6.810 6.054 5.834 2.631 5.223 9.008 7.256 9.044 9.091 4.189 4.926 5.738 2.942 7.859 6.618 4.752 4.130 3.079 
6.651 6.935 8.097 2.403 7.871 5.643 1.186 8.934 3.465 4.587 7.137 3.212 2.762 3.428 7.558 4.726 3.637 5.970 3.938 4.886 2.181 4.703 2.767 2.916 7.491 4.988 5.859 1.745 1.400 5.534 3.997 2.613 5.128 3.425 2.124 1.499 3.396 6.875 8.777 1.930 2.773 5.845 4.194 4.493 6.332 5.116 2.640 6.277 4.503 1.394 6.573 7.107 3.038 6.565 4.365 1.844 3.533 2.014 7.012 4.082 5.891 1.010 6.508 3.232 3.562 6.500 7.694 4.873 5.648 1.731 4.060 2.211 5.829 1.770 2.346 2.440 6.186 7.174 4.452 6.105 2.841 0.838 5.159 3.642 3.451 2.732 3.505 6.632 5.457 7.094 6.774 2.656 4.982 4.093 2.409 5.587 4.821 2.941 2.674 2.029 
9.349 9.416 10.282 4.946 10.380 8.147 3.060 11.481 6.117 6.363 9.806 5.239 4.675 5.783 9.950 4.990 1.810 7.347 5.688 7.059 4.816 6.186 5.449 0.209 9.809 6.577 7.781 2.562 1.375 8.127 6.697 4.350 6.780 3.164 2.026 1.837 5.785 9.486 11.277 2.241 5.075 8.413 3.979 3.226 8.817 7.651 5.302 8.931 7.202 4.042 9.041 9.790 5.749 9.272 6.489 1.703 6.255 2.853 9.730 4.408 7.500 1.737 8.641 1.444 5.976 9.151 10.224 7.172 6.814 4.322 5.685 4.466 8.000 3.352 2.624 5.040 8.888 9.394 4.531 8.662 5.241 2.135 7.115 6.355 6.150 2.682 5.535 9.294 7.568 9.359 9.413 4.499 4.902 5.922 3.217 8.123 6.930 5.069 4.314 3.381 
8.074 9.164 10.749 3.115 7.251 5.230 4.541 8.392 5.612 2.502 8.711 6.338 5.991 6.233 6.576 1.465 5.910 3.168 1.941 7.744 4.716 2.098 4.939 4.374 6.305 8.216 3.906 4.969 3.805 5.504 4.949 1.381 2.755 1.521 5.068 4.411 3.130 8.736 8.069 2.005 5.733 7.941 1.564 7.183 8.600 7.380 4.945 8.015 5.332 3.172 5.916 8.600 4.918 7.179 3.076 4.658 5.035 1.489 7.763 0.916 3.403 3.267 9.297 5.492 3.309 8.228 7.169 3.929 2.621 4.516 1.793 5.306 4.417 1.618 5.494 5.002 6.790 5.762 1.387 5.838 2.864 3.903 8.184 4.845 5.335 1.578 6.601 6.845 8.334 9.690 8.536 5.920 1.914 2.214 5.711 5.305 7.744 6.029 1.226 5.382 
8.195 9.428 11.090 3.379 6.990 5.078 5.126 8.124 5.933 2.138 8.849 6.832 6.514 6.659 6.258 1.190 6.562 2.560 1.708 8.159 5.137 1.603 5.292 5.012 5.953 8.725 3.470 5.592 4.456 5.418 5.086 1.675 2.276 1.996 5.713 5.053 3.184 8.931 7.774 2.659 6.200 8.196 1.762 7.838 8.879 7.678 5.320 8.198 5.426 3.607 5.684 8.724 5.222 7.163 2.878 5.305 5.268 2.138 7.760 0.929 2.859 3.912 9.682 6.144 3.342 8.405 6.928 3.737 1.981 4.985 1.486 5.806 4.083 2.180 6.128 5.416 6.783 5.379 1.347 5.690 3.027 4.530 8.634 5.035 5.622 2.187 7.085 6.759 8.747 10.027 8.715 6.455 1.774 1.965 6.324 5.176 8.174 6.517 1.531 5.974 
4.329 3.156 3.674 4.713 8.046 6.398 3.610 8.739 2.413 7.469 4.391 1.371 1.936 1.248 8.273 8.919 6.349 9.085 7.055 0.479 2.761 7.948 2.768 6.736 8.471 1.471 8.164 4.081 5.336 5.882 4.182 6.236 8.052 7.891 4.747 4.772 5.520 3.732 8.836 6.428 1.751 2.668 8.602 6.098 2.643 2.006 2.669 3.574 4.408 4.292 7.218 4.504 3.045 5.536 6.698 4.946 3.438 6.406 5.599 8.320 8.708 5.327 2.039 6.161 5.526 3.721 7.798 6.605 9.058 2.951 7.301 2.294 7.600 5.893 4.263 2.490 5.344 8.506 8.749 6.466 5.259 4.607 0.755 3.849 2.865 7.212 1.074 6.140 0.966 2.770 3.835 2.116 9.294 7.047 3.623 6.215 0.323 1.581 6.372 3.263 
8.211 8.554 9.669 3.555 8.940 6.713 2.457 10.049 5.071 4.923 8.721 4.689 4.178 5.018 8.491 3.955 3.025 5.994 4.245 6.439 3.799 4.793 4.362 1.673 8.345 6.322 6.332 2.431 0.998 6.723 5.394 2.893 5.363 2.272 2.291 1.709 4.341 8.484 9.834 0.905 4.340 7.463 3.124 4.278 7.952 6.736 4.247 7.873 5.892 2.738 7.595 8.681 4.597 7.964 5.024 1.862 5.039 1.458 8.452 3.320 6.097 0.710 8.059 2.600 4.535 8.096 8.791 5.710 5.508 3.351 4.260 3.750 6.535 1.888 2.815 4.060 7.574 7.929 3.560 7.241 3.805 1.484 6.642 5.084 5.024 1.614 4.991 7.929 6.995 8.682 8.376 4.036 4.023 4.473 3.213 6.698 6.353 4.451 2.865 3.105 
3.579 3.945 5.460 2.285 5.965 4.043 2.909 6.836 0.352 4.954 4.027 2.165 2.358 1.385 6.014 6.744 6.245 6.570 4.586 2.662 0.969 5.473 0.374 5.961 6.142 3.817 5.625 3.777 4.408 3.619 1.790 3.961 5.530 6.058 4.482 4.147 2.989 3.765 6.830 4.786 1.501 2.777 6.641 6.575 3.356 2.118 0.479 3.160 2.160 2.222 4.938 4.009 0.502 3.903 4.157 4.454 1.001 4.559 4.215 6.201 6.172 4.124 4.075 5.917 2.986 3.383 5.735 4.082 6.587 1.473 4.847 1.795 5.094 3.895 4.272 0.798 3.586 6.094 6.661 4.238 2.780 3.662 3.289 1.395 0.497 5.451 2.226 4.253 3.224 4.399 3.657 2.484 7.200 4.551 3.817 3.886 2.747 1.916 4.110 3.225 
9.539 9.357 10.022 5.503 10.979 8.745 3.078 12.055 6.279 7.204 9.941 5.046 4.474 5.726 10.615 5.999 0.794 8.273 6.525 6.857 5.001 7.083 5.668 0.908 10.508 6.138 8.601 2.337 1.750 8.661 7.105 5.158 7.652 4.177 1.642 1.818 6.429 9.547 11.884 3.153 5.026 8.444 4.995 2.219 8.770 7.664 5.499 9.050 7.610 4.521 9.663 9.947 6.018 9.655 7.239 1.526 6.574 3.743 10.071 5.409 8.388 2.295 8.380 0.455 6.610 9.264 10.809 7.866 7.765 4.495 6.548 4.435 8.747 4.143 2.156 5.183 9.283 10.131 5.544 9.225 5.873 2.364 6.807 6.732 6.384 3.672 5.328 9.758 7.320 9.158 9.506 4.285 5.918 6.745 2.801 8.700 6.701 4.933 5.141 3.133 
8.004 7.821 8.568 4.255 9.696 7.479 1.536 10.738 4.746 6.359 8.396 3.545 2.973 4.184 9.414 5.857 1.840 7.634 5.691 5.367 3.483 6.382 4.158 1.850 9.355 4.825 7.681 0.825 0.923 7.330 5.684 4.319 6.871 4.184 0.375 0.366 5.260 7.998 10.603 2.778 3.482 6.895 5.038 2.643 7.230 6.116 3.981 7.504 6.184 3.226 8.416 8.405 4.526 8.198 6.213 0.057 5.103 3.217 8.590 5.215 7.631 1.441 6.925 1.481 5.425 7.717 9.510 6.739 7.226 2.979 5.775 2.887 7.689 3.344 0.937 3.650 7.837 9.038 5.473 7.917 4.706 1.027 5.380 5.294 4.874 3.530 3.835 8.356 5.855 7.672 7.958 2.790 5.939 5.873 1.475 7.411 5.224 3.409 4.345 1.648 
