25 100 100
58.461 136.813 142.247 101.161 21.133 126.016 121.102 37.166 109.869 70.644 44.056 87.120 65.886 102.338 105.111 28.303 32.699 71.861 27.537 99.933 93.428 140.852 82.364 32.670 119.740 
37.666 60.281 82.749 99.685 50.377 108.428 41.018 102.240 87.984 16.729 52.825 49.570 76.022 91.215 95.433 13.863 10.427 100.484 80.698 88.542 104.952 64.340 29.018 9.955 43.851 90.152 55.836 95.434 64.224 95.739 27.486 90.835 57.795 92.498 65.932 89.156 97.660 94.386 7.271 46.353 12.517 97.496 56.435 51.186 43.282 91.524 53.886 17.064 95.584 44.190 65.270 10.783 27.884 44.041 83.116 82.524 48.301 104.180 13.008 68.270 36.440 60.485 66.144 97.673 62.237 38.743 79.165 72.850 105.606 26.392 57.942 83.249 71.914 34.422 84.680 105.425 28.890 43.661 21.374 54.796 96.973 35.888 40.593 90.992 95.647 93.618 67.219 27.100 82.609 17.218 88.924 89.142 52.748 36.263 26.039 32.629 23.438 57.518 11.123 36.966 
34.105 6.739 23.249 33.964 27.084 24.119 26.064 31.023 26.258 26.294 11.437 5.153 21.361 19.709 13.745 20.646 20.726 33.722 8.593 14.837 24.716 28.150 8.080 12.899 6.268 32.510 24.936 7.416 28.746 34.987 9.931 11.044 25.954 5.102 23.487 5.019 7.786 31.233 20.527 29.052 13.953 6.370 28.795 29.450 34.208 18.797 23.588 6.764 31.542 25.838 22.052 9.152 11.287 11.948 15.525 34.712 7.837 32.998 13.957 20.623 5.396 14.517 20.462 31.598 32.913 8.615 9.076 6.148 23.302 21.801 5.612 13.885 34.732 12.538 27.280 33.026 8.305 33.164 15.245 11.132 34.953 21.590 22.098 34.522 26.385 5.668 25.793 31.385 27.873 17.669 31.132 33.640 19.253 8.120 19.835 29.434 11.805 27.405 18.011 16.747 
821.224 1080.339 1191.505 1318.375 1014.973 1394.049 820.956 1363.979 1224.208 588.868 929.654 870.864 1207.005 1194.931 1309.584 554.616 411.784 1239.037 1152.580 1217.861 1325.012 1041.363 719.200 463.770 879.430 1181.014 945.831 1359.892 1067.948 1308.142 693.372 1247.920 983.531 1200.306 1082.941 1283.441 1315.032 1258.483 424.020 856.849 450.888 1300.043 989.251 953.485 908.621 1273.807 984.407 526.439 1311.371 925.084 1078.959 464.200 702.588 901.539 1164.729 1160.350 1012.186 1307.721 455.707 1035.593 820.580 1035.320 1085.801 1299.872 990.052 838.818 1250.729 1120.738 1369.462 671.452 1086.634 1200.953 1078.935 831.059 1210.603 1326.261 700.754 904.804 605.230 959.041 1206.137 810.725 838.919 1210.922 1309.627 1335.860 1107.052 720.169 1215.124 558.010 1298.663 1215.273 951.834 780.719 660.994 764.745 650.370 1001.734 496.923 840.382 
2.783 5.339 6.325 2.240 2.953 6.958 7.122 0.724 8.147 3.359 2.571 3.430 7.055 7.241 3.946 2.262 3.756 2.712 4.990 1.743 2.885 3.122 7.608 7.541 6.531 4.930 8.107 9.053 9.078 5.992 9.524 4.789 8.177 7.624 8.019 2.425 6.035 8.528 6.512 5.962 5.125 2.562 5.662 7.615 6.935 8.453 4.505 3.719 4.446 3.399 1.931 3.854 2.079 2.923 4.506 5.259 6.050 6.968 4.692 4.147 2.630 2.927 8.077 1.720 2.840 3.057 1.434 2.520 7.763 3.463 6.556 4.086 1.303 7.277 4.655 6.282 6.794 1.446 3.875 8.529 7.482 2.196 4.554 4.015 6.085 3.637 9.500 3.417 3.321 3.058 2.371 5.590 4.147 3.419 0.970 4.514 5.524 3.723 3.575 4.153 
9.569 9.262 2.050 5.633 5.378 5.132 7.742 6.946 0.808 5.252 5.211 4.142 0.656 5.343 3.639 5.338 5.254 6.211 3.354 9.306 6.933 9.103 6.797 0.426 4.235 4.242 1.019 6.127 6.350 10.762 6.234 3.209 1.318 5.929 2.505 8.693 4.294 6.445 1.405 10.157 5.171 7.550 7.501 4.241 7.613 4.488 9.400 4.679 6.040 5.026 6.767 8.337 6.693 9.387 4.678 2.515 9.486 7.659 3.171 5.635 5.478 7.802 2.617 8.663 6.906 4.871 6.237 7.778 2.078 7.080 7.541 9.885 6.869 5.845 7.062 1.974 3.358 8.649 5.087 3.824 6.044 9.144 5.641 3.908 9.025 6.122 5.967 4.685 8.238 7.605 8.739 10.273 5.145 5.071 7.768 3.071 2.048 6.961 9.417 6.798 
10.319 10.365 1.838 6.366 5.538 6.462 9.037 7.402 1.876 5.314 5.566 4.740 1.915 6.680 4.175 5.819 5.203 6.306 3.318 9.822 7.864 9.172 8.129 0.969 5.554 5.399 2.180 7.457 7.683 11.826 7.545 4.211 0.129 7.270 3.804 9.489 5.579 7.790 1.581 11.263 4.764 8.429 8.709 5.585 8.901 5.808 10.407 4.752 7.166 5.959 6.979 8.212 7.506 9.528 4.493 2.821 10.641 8.948 4.118 6.724 5.717 7.817 1.375 9.350 7.832 5.143 6.673 7.864 3.396 8.082 8.810 10.799 7.199 7.179 8.194 3.216 2.561 8.997 5.027 5.118 7.381 9.403 6.779 4.137 10.206 7.150 7.270 5.570 8.202 8.544 9.523 11.334 6.220 5.152 8.418 3.780 2.768 7.995 10.307 7.883 
3.682 6.889 7.254 3.955 3.560 8.757 8.928 2.064 9.454 3.849 3.587 4.780 8.355 9.046 5.193 3.542 4.106 2.898 5.796 1.773 4.685 1.485 9.438 8.694 8.283 6.668 9.459 10.856 10.889 7.274 11.320 6.338 9.193 9.444 9.580 3.755 7.793 10.349 7.584 7.395 5.265 4.276 7.449 9.352 8.743 10.183 5.922 4.371 6.276 5.151 2.120 2.712 3.906 1.128 4.919 6.331 7.628 8.773 6.205 5.971 3.367 2.039 8.821 2.880 4.642 3.953 2.647 1.683 9.284 5.249 8.359 5.256 1.931 9.097 6.453 7.766 7.358 0.439 4.270 10.202 9.305 0.381 6.379 4.955 7.737 5.467 11.284 5.102 2.181 4.770 3.665 6.937 5.945 3.985 2.606 5.858 6.786 5.521 4.820 5.963 
3.593 4.882 5.105 0.553 2.522 5.361 5.905 1.383 6.593 2.934 1.785 2.004 5.519 5.656 2.577 1.227 3.382 2.804 3.972 3.305 1.973 4.465 6.179 6.100 4.874 3.261 6.527 7.460 7.504 5.930 7.918 3.137 6.827 6.083 6.345 2.831 4.383 6.993 5.163 5.670 4.743 2.114 4.566 5.948 5.712 6.783 4.365 3.038 3.066 1.740 2.409 4.751 1.134 4.410 3.938 3.965 5.491 5.750 3.061 2.667 2.172 3.806 6.951 2.608 1.920 2.258 1.192 3.476 6.103 2.534 5.361 4.363 1.901 5.743 3.557 4.647 5.879 3.083 3.432 6.843 5.961 3.791 3.077 2.970 5.366 2.298 7.875 1.729 4.295 2.486 2.845 5.462 2.560 2.897 1.690 3.014 4.052 2.704 3.830 3.022 
3.654 6.176 5.837 2.450 2.256 7.288 7.736 0.558 7.904 2.629 2.080 3.204 6.804 7.585 3.641 1.965 2.989 1.870 4.427 2.320 3.562 2.533 8.097 7.190 6.760 5.142 7.898 9.386 9.434 6.881 9.837 4.754 7.747 8.018 7.995 3.322 6.277 8.928 6.107 6.827 4.322 3.350 6.322 7.814 7.546 8.639 5.380 3.063 4.956 3.651 1.052 3.028 2.693 2.489 3.774 4.845 6.872 7.581 4.620 4.588 1.980 2.082 7.508 2.606 3.512 2.507 1.063 1.691 7.699 4.152 7.178 4.984 0.483 7.678 5.304 6.182 6.142 1.381 3.125 8.634 7.895 1.960 4.999 3.509 6.870 4.161 9.785 3.557 2.515 3.835 3.268 6.473 4.494 2.720 1.852 4.288 5.240 4.388 4.471 4.782 
8.969 7.004 5.912 5.991 7.517 1.709 4.259 7.884 3.975 7.645 6.903 5.573 3.994 1.651 5.496 6.633 7.892 8.317 6.498 9.630 6.037 10.836 2.935 4.841 1.692 3.280 3.661 1.700 1.924 8.552 1.861 3.890 5.711 1.971 1.996 8.036 2.191 2.132 5.258 7.776 8.491 6.748 4.829 0.595 4.213 0.249 7.651 7.200 4.341 4.810 8.460 10.655 6.393 10.885 7.704 5.487 6.885 4.248 4.096 4.332 7.396 9.841 7.033 8.453 6.046 6.882 7.405 9.635 2.368 5.791 4.345 8.527 8.208 2.108 5.021 3.135 7.444 9.624 7.781 0.882 2.182 10.324 4.015 6.355 6.307 4.981 1.646 4.845 10.348 6.506 8.127 8.136 4.139 7.470 7.862 4.823 4.608 5.527 8.232 5.113 
7.996 9.458 2.489 4.646 2.328 7.739 9.540 4.559 5.341 1.917 2.914 3.268 4.463 8.044 2.901 3.459 1.544 2.736 1.454 6.847 6.530 5.311 9.200 4.222 6.848 5.682 5.510 9.493 9.651 10.606 9.780 4.378 4.262 8.643 6.533 7.406 6.560 9.446 3.140 10.293 0.640 6.794 8.582 7.505 9.358 8.113 9.043 1.649 6.835 5.100 3.569 4.157 5.793 5.764 0.773 2.465 9.987 9.405 4.153 6.307 2.668 3.940 3.410 6.921 6.480 2.428 3.924 4.099 6.096 7.001 9.106 9.017 4.048 8.400 7.707 4.832 1.825 5.675 1.406 7.697 8.643 5.859 6.594 1.984 9.746 6.362 9.592 4.670 4.239 7.129 7.393 10.131 5.875 1.869 5.992 3.331 3.347 7.073 8.481 7.218 
9.467 8.375 3.885 5.804 6.450 3.514 6.251 7.487 1.545 6.449 6.041 4.741 1.818 3.649 4.423 5.969 6.577 7.303 4.853 9.635 6.580 10.098 5.110 2.508 2.784 3.551 1.230 4.113 4.347 9.934 4.177 3.204 3.311 4.170 0.438 8.536 3.054 4.537 3.192 9.236 6.833 7.276 6.363 2.385 6.155 2.453 8.754 5.915 5.245 4.845 7.675 9.592 6.613 10.276 6.177 3.842 8.447 6.198 3.310 4.987 6.441 8.912 4.694 8.718 6.569 5.848 6.858 8.800 0.238 6.551 6.171 9.435 7.606 4.169 6.185 1.741 5.345 9.271 6.431 1.748 4.329 9.877 4.842 5.054 7.919 5.596 3.900 4.658 9.392 7.193 8.605 9.469 4.583 6.262 7.934 3.709 3.023 6.357 9.035 6.067 
6.524 8.871 4.824 4.342 1.872 8.690 9.850 3.205 7.535 1.704 2.625 3.829 6.522 9.005 3.854 3.113 1.532 1.272 3.405 4.956 6.032 2.786 9.877 6.519 7.932 6.445 7.644 10.680 10.789 9.713 11.054 5.465 6.729 9.545 8.327 6.189 7.528 10.429 5.369 9.592 2.047 6.020 8.602 8.817 9.658 9.552 8.181 2.197 6.980 5.301 1.857 1.609 5.157 3.289 2.114 4.315 9.522 9.700 5.254 6.499 2.096 1.454 5.977 5.486 5.979 2.493 2.913 1.728 7.931 6.604 9.333 7.857 2.503 9.243 7.608 6.468 4.391 3.592 1.686 9.308 9.482 3.555 6.876 3.063 9.430 6.291 10.925 4.986 1.679 6.466 6.141 9.285 6.210 1.883 4.705 4.547 5.084 6.776 7.338 7.074 
8.884 7.802 3.783 5.255 6.045 3.054 5.770 6.973 1.871 6.074 5.590 4.269 1.788 3.221 3.995 5.483 6.233 6.893 4.594 9.085 5.992 9.648 4.689 2.629 2.261 2.960 1.577 3.914 4.133 9.358 4.049 2.676 3.519 3.776 0.584 7.951 2.493 4.236 3.104 8.667 6.596 6.689 5.811 2.035 5.665 2.295 8.167 5.557 4.659 4.271 7.222 9.205 6.036 9.805 5.892 3.569 7.889 5.709 2.801 4.396 6.012 8.493 4.818 8.145 5.981 5.430 6.361 8.362 0.359 5.960 5.660 8.845 7.122 3.738 5.606 1.295 5.293 8.759 6.096 1.719 3.916 9.380 4.255 4.691 7.368 5.005 3.798 4.098 8.981 6.603 8.021 8.891 3.992 5.888 7.373 3.276 2.709 5.766 8.445 5.480 
6.939 6.960 2.274 3.000 3.300 4.108 6.170 4.423 3.147 3.347 2.870 1.606 2.065 4.408 1.252 2.845 3.546 4.147 2.205 6.719 4.391 6.925 5.634 2.701 3.203 2.243 3.105 5.857 6.008 8.384 6.167 0.865 3.534 5.014 3.328 6.072 2.945 5.800 1.985 7.857 4.147 4.967 5.510 3.889 6.003 4.559 6.940 2.857 3.836 2.486 4.504 6.463 4.074 7.113 3.335 1.311 7.302 6.051 0.694 3.349 3.271 5.749 4.077 6.030 4.359 2.685 3.750 5.628 2.969 4.619 5.818 7.330 4.464 4.788 4.850 1.451 3.659 6.183 3.423 4.267 5.029 6.750 3.485 1.996 6.918 3.708 5.997 2.099 6.236 5.071 6.115 7.890 2.843 3.163 5.140 0.537 0.722 4.550 6.844 4.484 
4.370 7.148 6.087 3.389 2.385 8.214 8.752 1.565 8.403 2.643 2.548 3.840 7.310 8.516 4.180 2.644 2.883 1.676 4.616 2.698 4.581 1.591 9.084 7.584 7.638 6.024 8.430 10.305 10.364 7.771 10.745 5.486 8.036 8.969 8.691 4.187 7.165 9.879 6.455 7.767 4.048 4.346 7.342 8.666 8.561 9.479 6.305 3.181 5.956 4.576 0.949 2.045 3.713 1.700 3.695 5.217 7.855 8.597 5.328 5.572 2.238 1.130 7.612 3.391 4.531 2.843 1.849 0.717 8.365 5.171 8.195 5.818 1.044 8.633 6.324 6.837 6.136 1.338 3.048 9.420 8.855 1.495 5.982 3.824 7.872 5.167 10.678 4.431 1.514 4.836 4.120 7.382 5.447 2.788 2.776 4.877 5.743 5.407 5.327 5.801 
7.505 5.632 5.624 4.690 6.513 0.530 3.244 6.598 4.393 6.703 5.826 4.552 4.028 0.768 4.604 5.481 7.005 7.263 5.878 8.222 4.580 9.620 2.196 4.966 0.470 2.008 4.107 2.306 2.408 7.193 2.719 2.982 5.918 1.382 2.658 6.574 0.869 2.128 5.054 6.440 7.796 5.289 3.495 0.928 3.148 1.713 6.218 6.324 2.874 3.489 7.302 9.576 4.978 9.623 6.950 4.938 5.586 3.190 3.207 2.883 6.343 8.716 7.058 7.012 4.591 5.888 6.182 8.475 2.838 4.324 3.180 7.071 6.986 1.246 3.579 2.829 7.147 8.299 6.917 2.143 1.457 9.019 2.553 5.529 5.027 3.527 2.651 3.600 9.225 5.039 6.666 6.760 2.736 6.540 6.457 4.015 4.112 4.059 6.768 3.649 
4.941 7.193 4.878 2.804 1.176 7.454 8.333 1.534 7.231 1.451 1.459 2.801 6.145 7.765 3.063 1.733 1.743 0.568 3.408 3.581 4.382 2.616 8.490 6.386 6.793 5.214 7.272 9.515 9.596 8.036 9.929 4.490 6.827 8.263 7.628 4.536 6.344 9.167 5.252 7.909 3.031 4.340 7.021 7.773 8.140 8.562 6.500 1.975 5.468 3.889 0.287 2.381 3.500 2.859 2.551 4.022 7.851 8.180 4.311 5.020 1.058 1.505 6.422 3.879 4.329 1.668 1.267 1.319 7.281 4.962 7.798 6.205 0.856 7.941 6.013 5.757 4.975 2.403 1.896 8.438 8.173 2.697 5.417 2.626 7.777 4.734 9.836 3.651 2.014 4.792 4.495 7.605 4.799 1.586 3.049 3.776 4.586 5.151 5.680 5.478 
8.591 9.703 1.627 4.976 3.031 7.401 9.431 5.233 4.470 2.670 3.444 3.406 3.687 7.694 2.914 3.924 2.388 3.594 1.247 7.603 6.824 6.286 8.946 3.317 6.477 5.505 4.667 9.017 9.193 10.947 9.263 4.135 3.270 8.305 5.837 7.927 6.252 9.057 2.317 10.566 1.628 7.179 8.611 7.012 9.257 7.549 9.400 2.238 6.868 5.200 4.396 5.168 6.169 6.718 1.578 2.009 10.176 9.305 3.923 6.343 3.331 4.912 2.408 7.528 6.777 2.939 4.546 5.043 5.391 7.239 9.040 9.483 4.805 8.093 7.808 4.275 0.866 6.512 2.222 7.064 8.331 6.758 6.580 2.174 9.882 6.500 9.052 4.755 5.233 7.462 7.926 10.462 5.873 2.567 6.579 3.134 2.840 7.271 8.950 7.351 
3.474 3.727 5.649 1.109 3.750 4.342 4.579 2.617 6.564 4.137 2.959 2.612 5.569 4.612 3.161 2.388 4.578 4.127 4.775 3.912 0.828 5.693 4.950 6.303 4.032 2.538 6.435 6.421 6.434 4.955 6.904 2.998 7.143 4.969 5.914 2.551 3.534 5.868 5.543 4.573 5.882 1.359 3.223 5.132 4.387 5.972 3.428 4.128 1.792 1.180 3.749 6.083 0.670 5.566 5.027 4.492 4.271 4.424 3.021 1.490 3.418 5.133 7.525 2.767 0.785 3.363 2.535 4.789 5.757 1.274 4.029 3.720 3.216 4.620 2.216 4.464 6.672 4.109 4.600 6.166 4.820 4.860 1.892 3.836 4.087 0.989 6.900 1.513 5.614 1.495 2.614 4.466 1.584 4.068 2.147 3.324 4.311 1.392 3.234 1.680 
4.520 4.916 4.396 0.692 2.863 4.237 5.191 2.561 5.492 3.193 2.063 1.381 4.451 4.543 1.912 1.566 3.609 3.435 3.550 4.515 2.080 5.569 5.236 5.126 3.675 2.056 5.398 6.325 6.388 6.199 6.766 1.952 5.934 5.017 5.116 3.647 3.193 5.924 4.312 5.783 4.820 2.574 4.043 4.732 5.000 5.563 4.681 3.066 2.338 0.633 3.303 5.639 1.649 5.574 3.938 3.239 5.403 5.043 1.915 1.835 2.584 4.734 6.273 3.649 2.039 2.355 2.137 4.459 4.889 2.454 4.691 4.950 2.937 4.689 3.121 3.469 5.433 4.311 3.596 5.603 4.919 5.002 2.204 2.648 5.148 1.767 6.704 0.487 5.241 2.750 3.690 5.708 1.546 3.087 2.816 2.089 3.101 2.489 4.449 2.622 
9.041 7.706 4.400 5.554 6.542 2.708 5.450 7.336 2.350 6.595 6.045 4.708 2.399 2.828 4.483 5.895 6.774 7.383 5.180 9.366 6.111 10.092 4.285 3.211 2.047 3.076 2.039 3.336 3.562 9.270 3.447 3.055 4.073 3.341 0.441 8.102 2.386 3.717 3.721 8.551 7.185 6.821 5.642 1.555 5.360 1.695 8.154 6.092 4.653 4.497 7.669 9.709 6.242 10.224 6.464 4.154 7.735 5.402 3.208 4.455 6.488 8.972 5.406 8.357 6.106 5.918 6.753 8.823 0.731 6.020 5.395 8.891 7.530 3.348 5.545 1.822 5.910 9.120 6.642 1.103 3.503 9.764 4.260 5.226 7.194 5.089 3.189 4.380 9.465 6.691 8.178 8.815 4.099 6.410 7.628 3.766 3.283 5.804 8.518 5.478 
3.962 1.994 7.253 3.265 5.909 3.617 2.653 4.666 7.422 6.283 5.109 4.519 6.612 3.775 4.987 4.545 6.718 6.302 6.655 5.243 1.639 7.640 3.467 7.487 3.814 3.032 7.216 5.403 5.335 3.519 5.918 4.187 8.418 3.872 6.210 3.124 3.420 4.652 6.982 2.890 7.979 2.064 1.150 4.783 2.477 5.535 2.367 6.220 1.230 2.702 5.890 8.190 2.509 7.420 7.103 6.153 2.301 2.502 4.316 1.661 5.585 7.236 9.083 3.828 1.688 5.480 4.692 6.871 6.211 1.055 2.084 3.238 5.321 3.541 0.279 5.320 8.478 5.875 6.726 5.990 3.660 6.634 1.634 5.804 1.983 1.407 6.010 3.147 7.700 1.607 3.232 3.043 2.168 6.201 3.704 4.910 5.724 0.813 2.995 0.551 
7.822 7.912 1.422 3.866 3.621 4.715 6.976 5.104 2.494 3.554 3.383 2.310 1.405 4.996 1.797 3.496 3.639 4.471 1.908 7.472 5.339 7.342 6.319 1.821 3.777 3.099 2.535 6.262 6.440 9.340 6.510 1.771 2.596 5.611 3.228 6.975 3.616 6.327 1.032 8.809 3.909 5.901 6.410 4.257 6.818 4.808 7.896 2.998 4.767 3.440 4.967 6.694 4.985 7.595 3.220 0.886 8.241 6.866 1.635 4.290 3.683 6.081 3.144 6.881 5.306 3.073 4.395 6.021 2.804 5.576 6.660 8.270 5.037 5.425 5.787 1.524 2.918 6.811 3.487 4.370 5.658 7.319 4.404 2.163 7.845 4.663 6.304 3.043 6.540 6.020 7.013 8.847 3.783 3.368 5.968 1.270 0.239 5.507 7.779 5.433 
6.940 7.235 1.944 2.985 2.861 4.645 6.636 4.203 3.360 2.867 2.524 1.402 2.260 4.947 0.904 2.597 3.035 3.715 1.665 6.564 4.549 6.543 6.151 2.726 3.746 2.704 3.366 6.406 6.557 8.615 6.713 1.329 3.459 5.551 3.785 6.108 3.474 6.344 1.815 8.126 3.599 5.074 5.899 4.435 6.465 5.096 7.135 2.353 4.189 2.691 4.139 6.004 4.131 6.765 2.791 0.850 7.618 6.512 1.120 3.682 2.873 5.326 3.806 5.985 4.512 2.269 3.500 5.231 3.402 4.837 6.262 7.450 4.165 5.318 5.182 1.920 3.218 5.925 2.906 4.779 5.560 6.452 3.862 1.486 7.262 3.969 6.542 2.265 5.803 5.228 6.141 8.121 3.185 2.681 5.066 0.419 0.698 4.799 6.948 4.781 
9.602 7.029 7.676 7.181 9.022 2.352 3.815 9.089 5.681 9.194 8.348 7.059 5.764 2.072 7.066 8.008 9.476 9.783 8.195 10.558 6.801 12.133 2.430 6.600 2.957 4.532 5.366 0.281 0.436 8.484 0.235 5.435 7.449 1.813 3.704 8.708 3.396 1.143 7.027 7.669 10.169 7.473 4.888 2.144 3.851 1.694 7.882 8.787 5.032 5.981 9.828 12.101 7.337 12.118 9.355 7.200 6.726 3.869 5.655 5.199 8.862 11.243 8.794 9.263 6.823 8.393 8.699 11.000 4.107 6.425 4.125 8.874 9.501 2.153 5.413 4.876 9.210 10.753 9.377 2.417 2.024 11.486 4.813 7.966 6.135 5.796 0.450 6.120 11.752 7.136 8.809 8.134 5.165 9.025 8.815 6.432 6.327 6.133 8.675 5.668 
5.028 5.398 3.868 1.105 2.669 4.209 5.439 2.803 5.011 2.950 1.909 0.931 3.955 4.521 1.414 1.518 3.337 3.339 3.073 4.914 2.601 5.695 5.351 4.607 3.550 1.963 4.931 6.264 6.346 6.709 6.681 1.529 5.405 5.036 4.757 4.166 3.094 5.933 3.780 6.273 4.468 3.106 4.388 4.561 5.250 5.374 5.201 2.740 2.647 0.903 3.341 5.622 2.174 5.754 3.577 2.712 5.858 5.295 1.453 2.122 2.438 4.753 5.745 4.129 2.562 2.097 2.266 4.516 4.501 2.947 4.966 5.483 3.068 4.725 3.516 3.037 4.936 4.585 3.302 5.345 4.962 5.241 2.443 2.220 5.574 2.186 6.595 0.485 5.262 3.275 4.206 6.217 1.734 2.822 3.263 1.557 2.574 2.957 4.981 3.041 
8.915 9.451 0.287 5.033 3.815 6.396 8.682 5.800 2.980 3.564 3.940 3.356 2.268 6.667 2.778 4.273 3.433 4.555 1.578 8.229 6.726 7.406 8.016 1.825 5.453 4.785 3.187 7.821 8.015 10.820 8.019 3.422 1.896 7.281 4.455 8.144 5.318 7.961 0.907 10.342 3.059 7.205 8.069 5.826 8.522 6.277 9.324 3.013 6.386 4.901 5.258 6.444 6.226 7.774 2.723 1.413 9.832 8.570 3.252 5.887 4.024 6.048 1.631 7.899 6.687 3.481 5.073 6.104 4.005 7.043 8.357 9.577 5.528 7.111 7.390 3.096 1.285 7.316 3.257 5.727 7.340 7.683 6.042 2.491 9.466 6.186 7.787 4.468 6.430 7.400 8.164 10.326 5.385 3.408 6.948 2.631 1.890 7.013 9.062 6.997 
2.913 7.099 7.537 6.875 1.998 3.392 5.795 7.936 4.817 9.329 5.234 5.221 6.614 3.929 1.294 3.691 6.466 2.421 5.998 6.268 7.262 4.445 3.225 7.600 6.601 7.035 7.987 8.248 8.193 4.732 5.151 7.084 2.343 3.281 1.430 4.696 3.014 10.064 5.821 6.078 7.338 9.510 2.052 2.127 6.686 2.602 4.995 2.867 3.366 6.514 5.375 6.942 4.237 9.907 7.763 6.519 2.373 8.954 3.328 9.808 3.338 5.774 6.869 9.436 8.651 9.491 6.854 9.461 8.044 5.523 4.465 0.170 5.161 5.726 4.897 8.668 7.969 9.317 5.100 8.626 7.686 8.583 7.058 6.442 2.262 1.760 6.532 5.210 9.404 3.458 3.886 3.675 2.274 1.110 8.604 10.184 4.941 3.334 5.209 4.595 
1.989 7.163 9.113 7.159 5.185 6.504 4.662 8.473 7.650 10.201 3.528 6.028 5.007 6.073 4.393 3.464 8.771 5.013 5.441 6.811 5.189 3.396 6.185 6.010 8.101 4.643 8.704 5.413 9.690 4.123 4.540 7.202 3.190 1.448 2.199 5.116 1.551 10.860 5.456 3.178 5.451 7.882 5.041 2.903 7.707 1.888 6.561 2.375 5.572 8.946 2.452 8.508 5.273 10.007 8.630 4.464 1.861 8.500 0.648 9.407 5.190 3.810 7.658 8.490 5.893 7.391 4.437 8.899 5.325 5.980 6.847 3.699 3.841 3.316 2.272 6.929 7.783 6.821 6.490 6.521 8.300 8.512 5.804 8.561 5.359 3.326 7.405 7.895 8.086 1.805 0.803 0.614 1.355 2.907 9.490 10.340 4.683 4.097 7.870 4.757 
7.307 2.071 2.789 2.019 7.463 7.018 4.906 0.762 6.174 1.327 6.092 3.485 5.293 5.226 7.640 5.772 4.707 6.574 3.903 2.471 6.071 5.829 6.716 5.009 2.872 6.754 0.832 7.964 2.603 5.074 4.693 2.009 6.665 10.264 8.781 4.192 7.699 1.771 3.792 7.829 5.671 5.199 7.165 7.002 2.163 7.554 3.951 6.972 5.647 5.062 7.918 2.874 4.466 1.436 1.198 6.151 9.869 2.283 8.548 2.351 5.448 6.224 1.853 3.526 7.866 6.378 6.814 2.614 7.608 3.293 5.281 8.549 5.602 6.977 7.554 5.323 1.889 7.364 3.738 6.194 1.017 1.388 4.466 4.232 7.233 7.068 2.202 5.762 4.418 7.373 8.508 8.599 8.905 7.927 1.032 1.599 4.495 5.519 5.700 4.476 
2.828 3.151 4.296 2.919 3.201 3.548 2.785 4.037 3.832 5.588 3.123 1.327 3.772 1.919 3.075 1.499 4.219 2.283 2.423 2.332 4.710 2.245 3.118 4.501 3.284 4.901 4.150 6.385 4.876 1.788 1.937 3.131 1.891 5.652 4.005 0.802 3.267 6.298 2.154 4.925 4.574 6.187 2.862 2.236 2.970 2.979 1.803 2.444 1.795 4.476 4.578 3.692 0.459 5.956 3.988 4.171 5.141 5.060 4.171 5.885 1.267 3.640 3.033 5.702 6.607 6.575 4.805 5.583 6.065 1.566 2.678 3.819 2.681 4.122 4.034 5.529 4.042 6.843 1.685 5.832 3.804 4.631 3.783 3.908 3.075 2.274 2.725 3.827 5.876 3.129 4.337 4.337 4.233 3.130 4.857 6.240 1.495 0.756 3.777 0.935 
5.424 3.296 1.866 2.853 4.041 3.353 4.829 3.060 2.508 3.873 5.553 1.897 5.723 1.767 4.436 4.140 1.733 3.283 4.000 2.250 6.709 4.785 3.097 6.114 0.970 7.099 2.871 8.576 2.521 4.158 4.084 3.202 4.275 8.078 6.222 2.737 5.864 4.607 3.693 7.436 6.452 7.325 3.799 4.608 1.597 5.523 0.846 5.035 2.312 2.066 7.169 1.272 2.192 5.130 2.525 6.354 7.434 5.141 6.764 5.688 2.394 5.988 2.044 6.205 8.700 8.097 7.050 5.656 8.228 2.397 1.594 5.505 5.047 6.586 6.641 6.954 4.121 8.675 0.998 7.531 2.785 4.338 5.351 1.322 3.777 4.403 1.760 2.159 6.758 5.767 6.969 6.955 6.643 5.220 3.207 5.299 3.624 3.313 2.094 3.153 
4.540 4.265 7.667 4.592 7.667 8.337 2.064 5.714 8.634 7.433 2.162 4.931 1.100 6.739 7.202 3.930 8.550 6.880 2.826 4.820 0.136 3.019 7.905 1.165 6.888 0.805 6.125 1.870 7.960 3.090 2.907 4.366 5.218 6.740 6.462 4.265 4.604 7.850 3.127 2.401 0.447 2.652 7.348 5.324 5.956 4.883 6.169 4.530 6.621 8.881 2.952 7.243 5.089 6.239 6.293 0.888 6.919 4.361 4.929 5.135 6.077 1.636 5.591 3.762 1.893 2.140 0.975 4.533 1.508 4.423 7.447 7.345 2.324 1.980 3.024 1.699 4.238 2.022 5.897 1.257 5.715 4.881 1.672 8.114 7.637 5.831 5.581 8.558 3.053 4.094 4.501 4.727 5.974 6.286 6.920 6.581 3.372 4.802 8.502 3.939 
3.692 6.363 9.347 6.568 7.453 8.501 3.540 7.852 9.237 9.647 2.519 6.227 3.154 7.360 6.779 4.107 9.722 6.911 4.571 6.546 2.699 3.290 8.097 3.834 8.421 1.937 8.211 2.127 9.775 3.901 4.054 6.445 4.905 4.713 5.198 5.320 3.482 10.166 4.774 0.618 3.101 5.333 7.198 4.825 7.670 3.935 7.257 3.918 7.038 9.996 1.121 8.821 5.936 8.768 8.286 2.297 5.189 6.953 3.277 7.784 6.514 2.203 7.421 6.486 2.627 4.488 1.778 7.194 2.121 5.883 8.160 6.492 3.043 1.492 1.665 4.407 6.611 3.665 7.056 3.712 7.780 7.320 4.055 9.368 7.525 5.393 7.299 9.312 5.793 3.108 2.710 2.955 4.464 5.466 9.039 9.116 4.472 5.113 9.268 4.902 
3.880 4.518 4.087 4.159 1.847 1.675 4.694 4.898 2.054 6.035 4.926 2.483 5.680 0.468 2.206 3.093 3.122 1.052 4.268 3.467 6.613 3.995 1.261 6.394 3.190 6.768 4.839 8.240 4.747 3.668 3.846 4.461 2.552 6.141 4.182 2.600 4.292 6.775 3.975 6.604 6.483 8.014 1.577 2.819 3.483 3.863 1.688 3.518 0.153 3.251 6.144 3.504 1.756 6.983 4.551 6.050 5.403 6.506 5.130 7.232 0.684 5.473 3.787 7.333 8.486 8.470 6.658 7.042 7.930 3.005 1.130 3.294 4.532 5.868 5.578 7.405 5.442 8.751 1.894 7.739 4.624 5.888 5.661 3.018 1.605 2.444 3.439 2.198 7.633 4.365 5.468 5.389 4.737 3.159 5.333 7.208 3.402 2.083 2.166 2.835 
7.870 3.034 5.603 3.398 9.236 9.142 4.748 3.168 8.597 3.927 5.907 5.077 4.568 7.243 9.190 6.472 7.407 8.301 4.107 4.093 4.935 6.096 8.774 3.782 5.466 5.706 3.528 6.499 5.461 5.489 5.035 3.089 7.703 10.723 9.678 5.330 8.164 3.930 4.218 7.171 4.521 2.944 8.904 7.990 4.518 8.188 6.039 7.630 7.516 7.774 7.522 5.577 5.968 1.892 3.902 5.359 10.567 1.057 8.858 0.520 7.154 5.768 4.055 1.202 6.241 4.261 5.843 0.540 6.187 4.609 7.538 9.878 5.570 6.471 7.343 3.499 2.109 5.433 5.756 4.431 3.407 1.763 3.675 6.914 9.059 8.246 4.347 8.255 2.150 7.718 8.634 8.796 9.550 9.031 3.877 2.134 5.112 6.668 8.190 5.405 
5.826 3.317 1.446 2.870 4.433 3.674 5.080 2.886 2.697 3.534 5.861 2.163 5.945 2.175 4.848 4.513 1.563 3.695 4.205 2.332 6.927 5.123 3.445 6.274 0.629 7.350 2.647 8.817 2.104 4.471 4.366 3.217 4.693 8.499 6.647 3.053 6.266 4.261 3.905 7.755 6.652 7.391 4.200 5.027 1.483 5.933 1.248 5.437 2.728 1.923 7.512 0.865 2.571 4.914 2.282 6.608 7.859 5.075 7.168 5.565 2.820 6.277 1.960 6.185 8.920 8.219 7.310 5.577 8.465 2.614 1.916 5.924 5.348 6.896 6.992 7.072 4.088 8.848 1.351 7.689 2.620 4.233 5.517 1.092 4.164 4.828 1.727 2.291 6.790 6.156 7.362 7.353 7.064 5.646 2.895 5.061 3.916 3.714 2.228 3.473 
4.654 2.912 2.509 2.497 3.706 3.298 4.083 3.053 2.811 4.204 4.760 1.177 5.003 1.452 3.973 3.339 2.490 2.852 3.312 1.818 5.989 3.981 2.963 5.465 1.507 6.346 2.978 7.830 3.131 3.364 3.313 2.833 3.556 7.371 5.568 1.946 5.094 4.943 3.000 6.638 5.753 6.801 3.422 3.896 1.622 4.771 0.176 4.266 1.892 2.798 6.363 1.896 1.394 5.148 2.692 5.600 6.765 4.862 5.997 5.509 1.809 5.207 1.947 5.830 7.972 7.488 6.288 5.393 7.485 1.728 1.676 4.985 4.259 5.792 5.836 6.357 3.806 8.001 0.206 6.879 2.777 4.150 4.699 2.114 3.467 3.746 1.604 2.581 6.291 4.979 6.185 6.178 5.936 4.588 3.490 5.361 2.846 2.542 2.518 2.357 
4.340 1.694 3.029 1.350 4.539 4.443 2.929 2.362 4.140 3.945 3.806 0.374 3.781 2.541 4.595 2.834 3.688 3.611 2.044 0.683 4.763 3.194 4.059 4.154 2.103 5.194 2.482 6.656 3.505 2.466 2.271 1.638 3.558 7.254 5.675 1.182 4.761 4.641 1.741 5.708 4.495 5.459 4.216 3.900 1.426 4.546 1.468 3.976 2.790 4.028 5.554 2.498 1.356 4.325 2.350 4.456 6.793 3.682 5.651 4.421 2.457 4.172 1.379 4.554 6.757 6.156 5.162 4.218 6.302 0.454 2.972 5.446 3.281 4.833 5.075 5.020 2.619 6.713 1.163 5.571 2.129 3.096 3.390 3.246 4.347 3.945 1.108 3.924 4.964 4.518 5.716 5.762 5.857 4.805 3.219 4.594 1.863 2.411 3.862 1.566 
6.965 1.941 4.669 2.298 8.149 8.043 3.968 2.194 7.513 3.318 5.172 3.984 3.985 6.144 8.124 5.517 6.391 7.216 3.195 2.993 4.542 5.234 7.674 3.389 4.436 5.293 2.595 6.297 4.610 4.576 4.127 1.992 6.700 9.870 8.718 4.281 7.287 3.515 3.259 6.628 4.121 3.168 7.820 6.999 3.459 7.271 4.941 6.701 6.420 6.760 6.889 4.581 4.888 1.690 2.950 4.829 9.655 0.225 8.027 0.841 6.066 5.121 2.988 1.456 6.119 4.405 5.400 0.635 5.959 3.528 6.444 8.844 4.779 5.858 6.646 3.432 1.020 5.473 4.657 4.353 2.404 0.745 3.075 5.895 7.969 7.224 3.266 7.182 2.369 6.865 7.852 7.996 8.643 8.027 3.095 2.028 4.144 5.636 7.117 4.387 
4.730 4.562 7.976 4.896 7.932 8.624 2.370 6.002 8.939 7.709 2.383 5.246 1.413 7.041 7.450 4.191 8.865 7.156 3.142 5.132 0.430 3.269 8.193 1.400 7.202 0.761 6.417 1.578 8.264 3.378 3.210 4.664 5.461 6.828 6.636 4.573 4.770 8.114 3.443 2.382 0.733 2.680 7.616 5.554 6.267 5.070 6.483 4.741 6.915 9.196 2.988 7.556 5.394 6.469 6.591 1.091 7.047 4.581 5.046 5.332 6.370 1.833 5.899 3.918 1.579 2.012 0.961 4.727 1.219 4.739 7.753 7.562 2.587 2.075 3.116 1.752 4.506 1.750 6.211 1.141 6.009 5.136 1.966 8.430 7.908 6.070 5.892 8.867 3.154 4.263 4.595 4.826 6.118 6.498 7.207 6.809 3.677 5.081 8.811 4.243 
4.873 1.280 2.736 0.869 5.068 4.878 3.152 1.782 4.430 3.398 4.142 0.947 3.912 2.981 5.156 3.351 3.713 4.147 2.172 0.191 4.875 3.620 4.513 4.143 1.921 5.374 1.918 6.801 3.136 2.868 2.604 1.201 4.132 7.804 6.250 1.708 5.287 4.083 1.906 6.029 4.568 5.265 4.750 4.473 1.032 5.091 1.790 4.517 3.288 4.070 5.934 2.276 1.932 3.758 1.818 4.653 7.360 3.239 6.168 3.927 2.995 4.453 0.848 4.202 6.861 6.069 5.363 3.773 6.443 0.836 3.308 6.022 3.615 5.149 5.480 4.922 2.178 6.721 1.497 5.552 1.553 2.581 3.395 3.239 4.865 4.525 0.660 4.159 4.705 5.020 6.206 6.264 6.416 5.384 2.680 4.022 2.254 2.985 4.095 2.056 
4.080 2.926 3.070 2.554 3.395 3.204 3.673 3.333 2.989 4.639 4.264 0.938 4.624 1.302 3.569 2.777 2.984 2.494 2.995 1.860 5.604 3.453 2.825 5.167 2.060 5.913 3.324 7.403 3.681 2.871 2.868 2.864 2.997 6.812 5.034 1.481 4.520 5.374 2.683 6.124 5.395 6.620 3.089 3.339 1.998 4.199 0.525 3.692 1.595 3.267 5.824 2.458 0.829 5.400 3.078 5.168 6.223 4.912 5.424 5.625 1.373 4.733 2.229 5.790 7.570 7.221 5.844 5.448 7.065 1.505 1.794 4.532 3.776 5.289 5.290 6.108 3.847 7.663 0.438 6.568 3.066 4.280 4.406 2.642 3.181 3.218 1.881 2.848 6.167 4.407 5.612 5.604 5.378 4.070 3.914 5.638 2.395 1.969 2.789 1.870 
6.272 3.492 1.050 3.049 4.807 3.967 5.436 2.864 2.863 3.278 6.256 2.547 6.275 2.580 5.254 4.949 1.398 4.100 4.529 2.581 7.252 5.539 3.771 6.553 0.562 7.700 2.568 9.158 1.712 4.873 4.746 3.387 5.141 8.946 7.088 3.460 6.713 3.989 4.236 8.154 6.963 7.580 4.587 5.475 1.588 6.381 1.696 5.884 3.141 1.767 7.928 0.551 3.011 4.814 2.189 6.963 8.301 5.144 7.615 5.568 3.258 6.658 2.066 6.295 9.245 8.459 7.668 5.629 8.803 2.960 2.234 6.339 5.739 7.290 7.413 7.310 4.200 9.131 1.787 7.961 2.615 4.269 5.804 0.900 4.534 5.270 1.898 2.412 6.949 6.598 7.805 7.798 7.511 6.084 2.688 4.933 4.306 4.160 2.353 3.882 
5.693 4.148 2.232 3.706 3.689 2.764 5.513 3.865 1.705 4.480 6.131 2.614 6.440 1.617 4.212 4.559 1.156 3.076 4.748 3.092 7.426 5.302 2.591 6.892 1.612 7.769 3.638 9.256 2.881 4.740 4.727 4.055 4.445 8.164 6.229 3.344 6.128 5.195 4.436 7.980 7.191 8.159 3.502 4.753 2.426 5.743 1.377 5.309 2.181 1.404 7.651 1.755 2.656 5.905 3.274 7.023 7.451 5.992 7.009 6.523 2.452 6.602 2.886 7.059 9.407 8.900 7.706 6.505 8.914 3.155 1.069 5.326 5.645 7.154 7.105 7.762 4.975 9.437 1.642 8.308 3.595 5.179 6.127 0.961 3.409 4.453 2.611 1.315 7.605 6.099 7.275 7.232 6.743 5.208 3.866 6.052 4.256 3.634 1.251 3.739 
6.509 2.065 1.535 1.719 6.123 5.578 4.693 0.970 4.693 1.823 5.761 2.466 5.327 3.846 6.379 5.001 3.280 5.270 3.668 1.711 6.234 5.283 5.296 5.329 1.392 6.818 0.654 8.177 1.662 4.528 4.238 1.958 5.665 9.412 7.768 3.349 6.930 2.552 3.452 7.624 5.879 6.000 5.842 6.011 0.828 6.709 2.590 6.143 4.312 3.644 7.572 1.442 3.377 2.918 0.289 6.131 8.918 3.329 7.819 3.668 4.191 6.024 0.824 4.537 8.170 7.028 6.835 3.780 7.815 2.503 3.827 7.356 5.238 6.745 7.133 5.899 2.506 7.860 2.427 6.669 0.760 2.415 4.650 2.792 5.879 5.984 1.063 4.281 5.295 6.680 7.871 7.924 8.004 6.846 1.093 3.068 3.914 4.532 4.219 3.716 
4.199 6.837 6.353 6.514 0.632 1.572 6.345 7.323 3.068 8.432 6.144 4.800 7.287 2.852 1.110 4.305 4.927 1.566 6.222 5.833 8.099 5.225 1.574 8.166 5.542 8.044 7.267 9.406 7.012 5.228 5.556 6.793 3.072 5.242 3.307 4.631 4.458 9.170 5.972 7.401 8.076 9.961 0.970 3.079 5.912 3.983 4.115 3.988 2.416 4.898 6.770 5.811 3.904 9.403 6.975 7.416 4.339 8.811 5.013 9.582 2.713 6.717 6.213 9.527 9.749 10.195 7.890 9.344 9.151 5.259 3.081 1.833 5.910 6.869 6.231 9.230 7.760 10.243 4.321 9.381 7.051 8.258 7.507 5.015 0.826 2.512 5.864 3.525 9.697 4.782 5.523 5.349 4.120 2.540 7.742 9.634 5.205 3.521 3.540 4.708 
0.948 4.580 6.178 4.476 3.277 4.258 2.848 5.729 5.079 7.383 2.376 3.138 3.674 3.298 2.711 0.790 5.922 2.669 3.164 4.018 4.381 1.511 3.856 4.651 5.166 4.265 5.906 5.621 6.760 1.818 2.260 4.594 0.716 3.816 2.420 2.285 1.389 8.071 3.046 3.699 4.418 6.561 2.994 0.824 4.817 1.108 3.632 0.561 2.882 6.131 3.156 5.572 2.338 7.475 5.789 3.665 3.412 6.246 2.292 7.137 2.406 2.945 4.818 6.581 5.962 6.571 4.106 6.723 5.364 3.183 4.104 2.874 2.227 3.093 2.590 5.721 5.351 6.496 3.554 5.719 5.526 6.036 4.117 5.673 3.314 1.316 4.539 5.226 6.479 1.341 2.507 2.479 2.437 1.862 6.659 7.787 2.154 1.164 5.190 2.000 
6.736 6.955 4.826 6.525 3.218 1.845 7.738 6.757 1.248 7.191 8.016 5.143 8.720 3.062 4.019 6.168 2.848 3.386 7.190 5.866 9.672 7.082 2.181 9.358 4.469 9.854 6.514 11.329 5.382 6.747 6.892 6.870 5.402 8.385 6.392 5.565 7.101 7.862 6.881 9.660 9.516 10.832 3.313 5.580 5.318 6.632 3.920 6.415 3.228 2.600 9.158 4.514 4.721 8.777 6.143 9.132 7.507 8.857 7.835 9.414 3.774 8.563 5.771 9.879 11.569 11.425 9.747 9.377 11.017 5.715 2.424 5.009 7.620 8.948 8.591 10.321 7.821 11.792 4.225 10.740 6.488 8.065 8.604 3.222 3.007 5.066 5.481 1.582 10.347 7.277 8.264 8.139 7.143 5.472 6.653 8.907 6.431 5.163 1.645 5.862 
4.527 5.808 9.078 6.092 8.117 9.008 3.212 7.286 9.543 9.037 2.613 6.127 2.481 7.630 7.524 4.481 9.741 7.454 4.174 6.217 1.685 3.550 8.586 2.833 8.228 0.989 7.682 0.825 9.428 3.945 3.939 5.903 5.551 6.033 6.261 5.318 4.428 9.483 4.439 1.441 2.102 4.052 7.830 5.552 7.365 4.826 7.288 4.657 7.401 10.048 2.183 8.607 6.060 7.905 7.818 1.691 6.423 6.028 4.439 6.795 6.856 2.080 7.044 5.385 1.281 3.107 0.981 6.191 0.721 5.687 8.398 7.415 3.041 1.749 2.556 3.173 5.871 2.261 7.046 2.381 7.261 6.533 3.269 9.340 8.145 6.112 6.986 9.544 4.598 3.970 3.904 4.151 5.606 6.353 8.493 8.247 4.408 5.473 9.493 4.930 
7.781 2.533 4.519 2.783 8.661 8.414 4.871 2.180 7.730 2.753 6.083 4.498 4.928 6.543 8.710 6.297 6.397 7.736 4.040 3.450 5.484 6.089 8.072 4.329 4.496 6.238 2.479 7.217 4.328 5.402 4.960 2.548 7.416 10.711 9.475 4.941 8.120 2.786 4.064 7.571 5.064 3.922 8.341 7.728 3.626 8.075 5.290 7.497 6.881 6.758 7.820 4.557 5.454 0.796 2.860 5.775 10.455 1.134 8.887 0.655 6.582 6.054 3.198 2.131 7.020 5.208 6.346 1.125 6.883 4.116 6.739 9.497 5.672 6.795 7.563 4.303 1.718 6.323 5.029 5.235 2.446 1.049 4.019 5.911 8.460 7.909 3.525 7.353 3.108 7.716 8.736 8.871 9.450 8.735 2.730 1.111 4.927 6.314 7.289 5.104 
4.594 3.351 6.799 3.698 7.343 7.873 1.593 4.783 8.031 6.492 2.223 4.215 0.714 6.172 6.961 3.684 7.791 6.500 2.080 3.981 0.908 2.875 7.443 0.339 6.061 1.653 5.199 2.798 7.065 2.710 2.412 3.455 5.035 7.087 6.541 3.664 4.744 6.907 2.393 3.094 0.496 2.254 7.012 5.198 5.100 4.942 5.476 4.503 6.122 8.133 3.512 6.402 4.512 5.317 5.379 1.297 7.149 3.454 5.222 4.260 5.593 1.862 4.714 2.980 2.762 2.262 1.769 3.666 2.438 3.675 6.834 7.247 2.162 2.464 3.442 1.354 3.295 2.610 5.191 1.511 4.793 3.942 0.759 7.340 7.280 5.655 4.729 7.912 2.423 4.238 4.870 5.073 6.160 6.218 5.987 5.661 2.833 4.428 7.853 3.397 
3.508 2.440 5.547 2.637 5.785 6.260 0.409 3.924 6.425 5.723 1.621 2.682 1.153 4.556 5.464 2.275 6.306 4.918 0.649 2.688 2.139 1.708 5.830 1.792 4.703 2.567 4.278 4.018 5.912 1.234 0.841 2.518 3.628 6.324 5.393 2.050 3.775 6.267 0.909 3.347 1.915 3.584 5.450 3.846 3.835 3.840 3.920 3.312 4.506 6.633 3.427 5.077 2.896 5.070 4.361 1.841 6.196 3.475 4.461 4.382 3.979 1.735 3.532 3.582 4.127 3.863 2.551 3.880 3.665 2.187 5.230 5.875 1.193 2.483 3.105 2.841 2.834 4.187 3.646 3.129 3.848 3.570 1.117 5.877 5.705 4.236 3.456 6.325 3.440 3.320 4.266 4.413 5.178 4.899 5.106 5.413 1.220 2.873 6.267 1.779 
7.696 3.011 5.751 3.398 9.183 9.138 4.543 3.291 8.641 4.164 5.684 5.046 4.317 7.235 9.110 6.324 7.514 8.248 3.951 4.089 4.651 5.910 8.761 3.503 5.563 5.422 3.671 6.192 5.640 5.326 4.872 3.074 7.577 10.526 9.525 5.243 7.979 4.200 4.081 6.904 4.240 2.630 8.849 7.856 4.592 8.019 6.053 7.467 7.486 7.882 7.270 5.695 5.911 2.171 4.038 5.094 10.392 1.028 8.656 0.776 7.107 5.524 4.120 0.892 5.930 3.947 5.563 0.499 5.884 4.557 7.562 9.770 5.364 6.218 7.107 3.190 2.091 5.118 5.763 4.121 3.517 1.853 3.434 7.019 9.014 8.130 4.397 8.314 1.835 7.526 8.417 8.584 9.374 8.903 4.072 2.428 4.975 6.563 8.249 5.294 
6.416 5.979 9.486 6.366 9.734 10.435 4.155 7.311 10.719 8.890 4.152 6.955 3.173 8.831 9.235 5.994 10.539 8.966 4.821 6.710 2.230 5.064 10.003 2.738 8.789 2.289 7.746 1.464 9.701 5.188 5.001 6.087 7.241 8.184 8.264 6.343 6.397 9.185 5.132 3.577 2.387 2.741 9.421 7.313 7.808 6.744 8.210 6.469 8.720 10.880 4.304 9.118 7.176 7.334 7.974 2.873 8.532 5.465 6.530 6.026 8.177 3.584 7.399 4.469 0.966 1.442 2.472 5.439 1.441 6.421 9.527 9.289 4.394 3.627 4.597 2.257 5.702 0.227 7.929 1.378 7.369 6.209 3.481 10.086 9.716 7.843 7.443 10.627 3.508 5.906 6.018 6.263 7.669 8.220 8.482 7.649 5.461 6.893 10.569 6.030 
6.361 6.136 9.633 6.515 9.735 10.466 4.214 7.487 10.784 9.083 4.138 7.050 3.242 8.889 9.219 5.999 10.649 8.982 4.922 6.840 2.276 5.062 10.035 2.879 8.920 2.248 7.919 1.274 9.861 5.223 5.057 6.243 7.224 8.050 8.187 6.413 6.325 9.390 5.231 3.449 2.473 2.984 9.425 7.284 7.947 6.684 8.300 6.428 8.762 10.987 4.184 9.255 7.239 7.554 8.140 2.876 8.421 5.679 6.424 6.254 8.217 3.566 7.545 4.700 0.769 1.692 2.421 5.665 1.302 6.524 9.596 9.242 4.408 3.557 4.501 2.467 5.887 0.476 8.022 1.563 7.537 6.408 3.608 10.201 9.724 7.821 7.580 10.704 3.745 5.839 5.903 6.149 7.574 8.174 8.664 7.871 5.522 6.915 10.647 6.089 
3.248 8.583 10.222 8.540 5.543 6.940 6.193 9.828 8.257 11.508 5.084 7.264 6.570 6.917 4.749 4.783 9.627 5.631 6.921 8.131 6.742 4.874 6.695 7.575 9.214 6.172 10.025 6.824 10.831 5.566 6.001 8.614 4.159 0.375 2.384 6.403 2.861 12.191 6.908 4.646 7.013 9.444 5.492 3.822 8.939 3.021 7.612 3.595 6.370 9.755 3.950 9.610 6.416 11.458 9.917 6.025 1.281 10.011 2.082 10.919 6.086 5.376 8.945 10.042 7.318 8.923 5.966 10.424 6.774 7.294 7.630 3.778 5.371 4.867 3.827 8.490 9.252 8.296 7.590 8.060 9.637 9.974 7.358 9.483 5.772 4.074 8.666 8.576 9.650 3.244 2.368 2.170 1.788 3.381 10.785 11.785 6.090 5.227 8.561 6.083 
6.929 6.277 9.795 6.677 10.223 10.901 4.602 7.563 11.151 9.090 4.653 7.353 3.617 9.272 9.734 6.483 10.913 9.446 5.218 7.057 2.700 5.557 10.469 3.087 9.131 2.801 8.001 1.919 9.983 5.655 5.450 6.385 7.741 8.687 8.779 6.775 6.913 9.349 5.531 4.082 2.818 2.765 9.908 7.818 8.136 7.258 8.615 6.978 9.177 11.259 4.812 9.449 7.614 7.450 8.246 3.368 9.044 5.612 7.042 6.109 8.636 4.087 7.714 4.545 1.414 1.450 2.986 5.538 1.937 6.810 9.956 9.799 4.880 4.143 5.111 2.454 5.935 0.545 8.329 1.676 7.637 6.399 3.846 10.453 10.200 8.345 7.776 11.046 3.567 6.420 6.528 6.774 8.184 8.731 8.715 7.755 5.904 7.368 10.987 6.474 
4.420 1.066 4.296 1.266 5.809 5.968 1.783 2.542 5.814 4.342 2.956 1.910 2.356 4.104 5.675 2.946 5.324 4.881 0.768 1.466 3.285 2.766 5.559 2.512 3.546 3.846 2.898 5.226 4.603 2.049 1.620 1.138 4.136 7.358 6.143 1.814 4.765 4.898 0.707 4.729 2.957 3.779 5.471 4.428 2.588 4.715 3.153 4.139 4.228 5.675 4.783 3.886 2.569 3.847 2.996 3.161 7.097 2.533 5.554 3.415 3.780 3.117 2.224 3.087 5.256 4.471 3.863 3.030 4.865 1.339 4.630 6.314 2.469 3.863 4.421 3.330 1.643 5.090 2.850 3.924 2.468 2.359 1.766 4.858 5.667 4.677 2.214 5.616 3.339 4.376 5.447 5.562 6.090 5.463 3.725 4.180 1.572 3.107 5.553 1.838 
8.671 3.349 4.641 3.525 9.310 8.945 5.822 2.619 8.128 2.509 7.037 5.200 5.895 7.119 9.420 7.169 6.618 8.400 4.964 4.144 6.440 7.010 8.629 5.282 4.823 7.197 2.786 8.145 4.318 6.307 5.872 3.344 8.235 11.615 10.319 5.741 9.022 2.289 4.965 8.538 6.019 4.728 9.000 8.556 4.088 8.957 5.845 8.375 7.505 6.964 8.783 4.803 6.178 0.523 3.151 6.741 11.329 2.090 9.806 1.381 7.254 7.017 3.722 2.944 7.930 6.038 7.308 1.974 7.816 4.880 7.221 10.259 6.616 7.760 8.518 5.195 2.622 7.186 5.610 6.131 2.897 1.900 4.986 6.154 9.094 8.702 4.068 7.714 3.921 8.631 9.671 9.800 10.331 9.542 2.745 0.452 5.807 7.113 7.652 5.940 
4.883 5.171 8.566 5.498 8.254 9.018 2.864 6.616 9.404 8.325 2.653 5.779 1.956 7.496 7.731 4.525 9.407 7.515 3.703 5.715 0.987 3.584 8.589 2.009 7.776 0.759 7.029 0.964 8.865 3.798 3.682 5.272 5.735 6.745 6.736 5.064 4.868 8.727 3.997 2.167 1.344 3.084 7.947 5.794 6.854 5.211 7.000 4.941 7.337 9.732 2.855 8.136 5.866 7.067 7.199 1.416 7.042 5.175 5.035 5.906 6.789 2.079 6.494 4.459 1.034 2.184 0.939 5.300 0.604 5.287 8.228 7.758 2.950 2.100 3.092 2.215 5.121 1.549 6.736 1.418 6.620 5.746 2.576 8.979 8.249 6.331 6.478 9.354 3.644 4.374 4.542 4.783 6.157 6.690 7.821 7.405 4.155 5.460 9.299 4.712 
6.869 3.336 6.669 3.783 9.003 9.213 3.648 4.228 8.984 5.508 4.616 5.124 3.118 7.342 8.786 5.688 8.189 8.087 3.422 4.387 3.197 5.069 8.804 2.141 6.248 3.954 4.661 4.568 6.702 4.645 4.222 3.435 7.030 9.520 8.788 5.012 7.083 5.678 3.659 5.523 2.817 0.993 8.663 7.260 5.216 7.211 6.312 6.708 7.472 8.557 5.986 6.473 5.807 3.723 4.978 3.766 9.513 1.969 7.644 2.367 7.012 4.327 4.739 0.804 4.280 2.291 4.118 1.805 4.274 4.564 7.823 9.277 4.418 4.941 5.917 1.562 2.633 3.451 6.007 2.474 4.380 2.862 2.380 7.695 8.879 7.629 4.926 8.735 0.180 6.592 7.324 7.518 8.505 8.314 5.253 4.019 4.473 6.169 8.671 4.928 
2.060 6.240 6.970 6.040 2.031 3.392 4.854 7.154 4.673 8.624 4.316 4.431 5.678 3.447 1.232 2.751 6.114 2.058 5.072 5.460 6.343 3.509 3.119 6.660 5.997 6.144 7.237 7.398 7.614 3.793 4.216 6.231 1.412 3.209 1.204 3.831 2.237 9.350 4.905 5.275 6.408 8.569 1.926 1.186 5.973 1.783 4.368 1.962 2.880 6.213 4.598 6.363 3.454 9.081 7.037 5.606 2.411 8.060 2.735 8.924 2.719 4.865 6.114 8.511 7.785 8.562 5.967 8.561 7.179 4.686 4.099 0.869 4.226 4.860 4.090 7.730 7.093 8.417 4.430 7.701 6.914 7.724 6.118 6.022 2.226 0.863 5.786 4.998 8.466 2.630 3.251 3.072 1.910 0.262 7.893 9.367 4.019 2.458 4.985 3.698 
4.149 3.111 6.482 3.419 6.843 7.382 1.094 4.582 7.566 6.332 1.822 3.785 0.333 5.696 6.464 3.190 7.388 6.001 1.658 3.634 1.099 2.402 6.951 0.763 5.704 1.720 4.982 3.041 6.783 2.211 1.916 3.209 4.545 6.723 6.093 3.191 4.322 6.791 1.966 2.963 0.794 2.695 6.513 4.714 4.771 4.497 5.039 4.041 5.634 7.724 3.286 6.058 4.036 5.311 5.133 1.162 6.743 3.502 4.848 4.355 5.102 1.551 4.409 3.201 3.077 2.761 1.783 3.779 2.680 3.261 6.370 6.764 1.697 2.235 3.146 1.831 3.189 3.050 4.758 1.994 4.565 3.878 0.596 6.945 6.781 5.164 4.395 7.459 2.767 3.822 4.529 4.721 5.744 5.741 5.789 5.658 2.344 3.929 7.401 2.910 
5.690 5.945 9.391 6.296 9.139 9.923 3.765 7.356 10.314 9.019 3.537 6.667 2.834 8.406 8.597 5.420 10.290 8.412 4.569 6.555 1.848 4.477 9.494 2.698 8.627 1.632 7.779 0.589 9.663 4.708 4.589 6.050 6.604 7.327 7.491 5.968 5.636 9.378 4.870 2.727 2.142 3.269 8.835 6.646 7.686 6.007 7.896 5.776 8.246 10.619 3.464 8.979 6.774 7.624 7.971 2.325 7.704 5.729 5.710 6.384 7.699 2.963 7.309 4.865 0.176 2.092 1.782 5.782 0.581 6.165 9.136 8.578 3.855 2.878 3.796 2.569 5.805 1.023 7.629 1.636 7.380 6.384 3.357 9.856 9.140 7.191 7.312 10.260 3.958 5.157 5.185 5.431 6.865 7.511 8.552 7.953 5.062 6.364 10.205 5.621 
7.134 1.784 3.398 1.884 7.644 7.318 4.513 1.027 6.586 1.975 5.722 3.534 4.800 5.470 7.751 5.609 5.245 6.732 3.555 2.478 5.523 5.557 6.990 4.428 3.340 6.230 1.332 7.386 3.270 4.821 4.410 1.755 6.612 10.093 8.712 4.114 7.506 2.293 3.494 7.389 5.115 4.515 7.333 6.939 2.489 7.403 4.202 6.819 5.842 5.608 7.530 3.406 4.514 1.166 1.712 5.663 9.756 1.590 8.326 1.716 5.584 5.801 2.085 2.832 7.264 5.710 6.304 1.928 7.034 3.236 5.619 8.600 5.256 6.556 7.201 4.674 1.333 6.720 3.957 5.562 1.298 0.718 3.938 4.758 7.430 7.060 2.423 6.203 3.729 7.147 8.242 8.351 8.770 7.907 1.723 1.451 4.277 5.478 6.139 4.345 
2.829 8.059 9.935 8.051 5.665 7.033 5.551 9.361 8.265 11.080 4.400 6.884 5.858 6.784 4.862 4.336 9.497 5.617 6.340 7.690 5.976 4.295 6.747 6.848 8.922 5.383 9.585 6.005 10.523 5.020 5.439 8.098 3.930 0.906 2.513 5.985 2.402 11.744 6.354 3.838 6.261 8.693 5.565 3.617 8.565 2.674 7.356 3.206 6.261 9.653 3.154 9.327 6.097 10.906 9.503 5.272 1.707 9.394 1.523 10.300 5.918 4.649 8.531 9.361 6.501 8.134 5.179 9.788 5.959 6.857 7.536 4.012 4.730 4.102 3.074 7.736 8.681 7.485 7.303 7.276 9.184 9.411 6.674 9.313 5.867 3.969 8.271 8.544 8.929 2.698 1.663 1.506 1.731 3.405 10.366 11.239 5.577 4.911 8.523 5.635 
7.603 4.031 0.536 3.639 6.145 5.191 6.422 2.910 3.904 2.488 7.364 3.701 7.166 3.960 6.627 6.222 1.981 5.476 5.440 3.397 8.111 6.727 5.049 7.275 1.503 8.640 2.491 10.050 0.591 6.018 5.825 3.922 6.511 10.323 8.478 4.650 8.042 3.085 5.178 9.264 7.780 8.005 5.943 6.848 2.250 7.729 3.058 7.216 4.525 2.253 9.104 1.091 4.320 4.433 2.153 7.923 9.689 5.273 8.947 5.476 4.649 7.710 2.612 6.504 10.080 9.028 8.633 5.684 9.689 3.996 3.531 7.721 6.837 8.387 8.612 7.894 4.509 9.831 3.102 8.642 2.751 4.343 6.567 1.668 5.867 6.658 2.628 3.402 7.292 7.897 9.107 9.114 8.887 7.475 2.159 4.455 5.421 5.495 3.355 5.067 
1.073 5.148 6.407 5.002 2.735 3.859 3.563 6.206 4.851 7.795 3.056 3.529 4.388 3.219 2.088 1.476 5.921 2.280 3.835 4.488 5.075 2.220 3.487 5.368 5.399 4.920 6.345 6.235 7.018 2.518 2.951 5.152 0.346 3.474 1.828 2.774 1.442 8.501 3.694 4.214 5.125 7.278 2.488 0.116 5.176 0.991 3.798 0.800 2.724 6.092 3.603 5.794 2.623 8.032 6.195 4.348 2.933 6.884 2.255 7.766 2.339 3.616 5.235 7.267 6.597 7.279 4.753 7.371 5.994 3.669 3.995 2.159 2.938 3.691 3.053 6.437 5.957 7.173 3.775 6.422 5.986 6.622 4.831 5.727 2.818 0.679 4.932 5.062 7.188 1.636 2.617 2.521 2.041 1.151 7.064 8.334 2.800 1.456 5.034 2.559 
2.173 5.713 8.330 5.826 5.943 7.024 2.920 7.156 7.835 8.951 1.704 5.150 2.987 5.996 5.262 2.774 8.480 5.432 3.883 5.661 3.025 2.124 6.629 3.934 7.358 2.457 7.464 3.347 8.819 2.854 3.140 5.777 3.412 3.634 3.752 4.204 1.973 9.539 4.002 1.106 3.317 5.746 5.695 3.314 6.723 2.418 6.046 2.412 5.631 8.730 0.398 7.768 4.696 8.390 7.477 2.330 3.923 6.715 1.922 7.604 5.124 1.770 6.549 6.521 3.799 5.206 2.252 7.053 3.208 4.906 6.804 4.989 2.182 1.152 0.239 4.788 6.157 4.662 5.880 4.338 7.037 6.893 3.860 8.163 6.024 3.881 6.370 7.947 6.017 1.590 1.415 1.657 3.082 3.953 8.288 8.734 3.467 3.746 7.907 3.784 
5.629 3.999 7.517 4.400 8.440 8.946 2.692 5.307 9.043 6.894 3.231 5.175 1.786 7.211 8.061 4.781 8.676 7.592 3.067 4.798 1.369 3.954 8.516 0.900 6.864 2.058 5.743 2.612 7.709 3.810 3.501 4.107 6.129 7.983 7.574 4.705 5.746 7.212 3.378 3.676 1.109 1.372 8.109 6.283 5.862 5.978 6.442 5.564 7.189 9.027 4.231 7.176 5.557 5.422 5.977 2.083 8.116 3.529 6.148 4.184 6.665 2.784 5.437 2.689 2.381 1.176 2.244 3.581 2.305 4.616 7.845 8.331 3.237 3.240 4.276 0.432 3.698 1.814 6.147 0.628 5.369 4.223 1.654 8.208 8.375 6.748 5.506 8.898 1.854 5.235 5.746 5.965 7.146 7.294 6.477 5.750 3.907 5.525 8.838 4.464 
3.521 6.197 9.162 6.397 7.275 8.315 3.368 7.686 9.046 9.482 2.332 6.039 3.012 7.168 6.607 3.916 9.530 6.726 4.399 6.366 2.605 3.098 7.911 3.725 8.234 1.854 8.041 2.183 9.594 3.711 3.869 6.278 4.723 4.638 5.059 5.130 3.322 10.006 4.597 0.430 2.998 5.271 7.018 4.648 7.488 3.770 7.065 3.740 6.848 9.804 0.955 8.635 5.744 8.628 8.112 2.163 5.085 6.822 3.151 7.661 6.322 2.030 7.243 6.382 2.677 4.465 1.683 7.073 2.145 5.698 7.968 6.336 2.857 1.309 1.487 4.336 6.461 3.685 6.865 3.670 7.610 7.174 3.918 9.176 7.345 5.216 7.118 9.120 5.708 2.938 2.589 2.836 4.338 5.304 8.869 8.975 4.284 4.922 9.075 4.711 
6.418 4.647 8.161 5.068 9.282 9.779 3.533 5.860 9.848 7.347 4.017 5.962 2.614 8.031 8.899 5.616 9.411 8.433 3.878 5.518 2.049 4.776 9.350 1.732 7.562 2.612 6.300 2.718 8.307 4.650 4.341 4.755 6.960 8.669 8.357 5.530 6.512 7.596 4.186 4.221 1.885 1.091 8.950 7.107 6.544 6.765 7.227 6.370 8.020 9.767 4.841 7.855 6.381 5.702 6.564 2.804 8.850 3.858 6.863 4.374 7.500 3.537 6.101 2.813 2.352 0.371 2.814 3.794 2.489 5.397 8.651 9.153 4.059 3.908 4.953 0.778 4.222 1.436 6.929 0.721 5.952 4.655 2.467 8.937 9.216 7.579 6.200 9.689 1.847 6.001 6.431 6.659 7.897 8.109 6.992 6.010 4.744 6.366 9.628 5.298 
1.790 7.136 8.658 7.061 4.193 5.558 4.943 8.328 6.800 9.980 3.958 5.723 5.477 5.377 3.390 3.304 8.091 4.154 5.557 6.619 5.835 3.549 5.274 6.507 7.650 5.391 8.507 6.334 9.268 4.175 4.625 7.159 2.595 1.226 1.081 4.886 1.481 10.672 5.507 4.079 6.037 8.430 4.090 2.258 7.393 1.511 6.047 2.096 4.839 8.231 3.336 8.046 4.858 10.027 8.384 5.080 0.970 8.673 1.078 9.578 4.533 4.362 7.415 8.823 6.795 8.090 5.189 9.114 6.205 5.783 6.108 2.594 4.141 4.022 3.008 7.498 7.853 7.645 6.026 7.208 8.127 8.561 6.177 7.933 4.393 2.537 7.129 7.091 8.535 1.959 1.629 1.383 0.257 1.931 9.254 10.347 4.653 3.672 7.072 4.588 
5.856 2.808 1.268 2.364 4.827 4.170 4.789 2.313 3.261 3.062 5.657 1.959 5.608 2.539 5.177 4.463 2.058 4.033 3.861 1.891 6.580 4.983 3.912 5.864 0.257 7.046 2.083 8.494 1.869 4.289 4.130 2.704 4.809 8.623 6.833 2.901 6.295 3.799 3.574 7.559 6.284 6.895 4.572 5.151 0.926 5.995 1.399 5.471 3.058 2.427 7.368 0.669 2.573 4.349 1.725 6.313 8.029 4.516 7.199 4.992 3.057 6.036 1.407 5.642 8.571 7.767 7.020 5.013 8.138 2.317 2.410 6.220 5.134 6.688 6.867 6.618 3.544 8.443 1.374 7.272 2.046 3.665 5.118 1.565 4.568 5.011 1.211 2.864 6.274 6.139 7.350 7.360 7.190 5.853 2.390 4.504 3.705 3.757 2.800 3.321 
1.857 4.041 6.591 4.115 5.004 5.847 1.450 5.448 6.428 7.234 0.607 3.419 2.023 4.527 4.477 1.320 6.852 4.300 2.247 3.916 2.626 0.419 5.424 3.048 5.629 2.505 5.740 3.906 7.073 1.106 1.415 4.096 2.482 4.534 3.803 2.483 2.038 7.842 2.313 2.261 2.702 4.985 4.703 2.566 4.975 2.205 4.390 1.784 4.257 7.125 1.990 6.037 3.064 6.820 5.738 1.897 4.469 5.277 2.663 6.184 3.716 1.178 4.803 5.323 4.218 4.852 2.355 5.680 3.628 3.157 5.317 4.587 0.633 1.471 1.509 4.088 4.584 4.727 4.199 3.985 5.316 5.319 2.667 6.505 5.011 3.085 4.622 6.471 5.033 1.552 2.472 2.612 3.461 3.532 6.560 7.159 1.718 2.320 6.423 2.061 
2.682 2.679 4.843 2.616 4.269 4.739 1.584 3.917 5.005 5.649 2.076 1.667 2.570 3.101 3.999 1.155 5.169 3.390 1.369 2.264 3.513 1.364 4.308 3.323 3.876 3.742 4.150 5.232 5.337 0.680 0.736 2.700 2.321 5.642 4.325 0.741 3.067 6.303 1.178 3.962 3.372 5.077 3.932 2.606 3.254 2.948 2.702 2.364 2.995 5.462 3.743 4.285 1.468 5.574 4.095 3.003 5.312 4.355 3.921 5.238 2.460 2.535 3.133 4.796 5.431 5.390 3.661 4.845 4.902 1.451 3.828 4.533 1.579 3.109 3.249 4.369 3.440 5.642 2.482 4.635 3.743 4.125 2.630 4.796 4.180 2.884 2.916 4.961 4.841 2.754 3.926 3.994 4.318 3.647 4.946 5.890 0.320 1.382 4.908 0.328 
5.179 4.540 3.068 4.117 2.855 1.942 5.466 4.490 1.179 5.268 5.925 2.732 6.431 0.995 3.413 4.210 1.781 2.301 4.824 3.448 7.405 5.039 1.748 6.996 2.361 7.669 4.314 9.159 3.721 4.570 4.638 4.458 3.874 7.491 5.522 3.261 5.601 5.992 4.511 7.709 7.212 8.415 2.684 4.157 3.017 5.187 1.494 4.805 1.495 1.899 7.313 2.562 2.460 6.569 3.969 6.930 6.741 6.469 6.457 7.073 1.890 6.435 3.437 7.462 9.353 9.048 7.585 6.996 8.829 3.304 0.239 4.535 5.473 6.920 6.754 7.931 5.421 9.483 1.799 8.396 4.213 5.714 6.234 1.745 2.574 3.796 3.122 1.034 7.921 5.632 6.770 6.704 6.089 4.500 4.626 6.742 4.165 3.224 0.980 3.609 
7.407 6.449 3.717 6.003 4.319 2.931 7.781 5.947 1.546 6.061 8.279 4.934 8.731 3.299 5.076 6.550 1.721 4.194 7.068 5.417 9.712 7.392 3.110 9.224 3.638 10.008 5.635 11.498 4.180 6.919 6.967 6.351 6.069 9.422 7.413 5.580 7.811 6.681 6.754 10.058 9.497 10.492 4.315 6.311 4.622 7.368 3.671 7.049 3.686 1.375 9.644 3.557 4.804 7.841 5.253 9.265 8.589 8.211 8.624 8.652 4.171 8.786 5.101 9.330 11.677 11.239 9.929 8.705 11.164 5.486 2.495 6.156 7.824 9.274 9.082 10.102 7.234 11.755 3.958 10.637 5.698 7.349 8.458 2.200 4.061 5.866 4.871 1.345 9.919 7.897 8.989 8.898 8.092 6.428 5.613 7.924 6.492 5.552 1.388 5.946 
1.795 4.245 5.413 4.062 2.667 3.477 3.112 5.228 4.208 6.792 2.963 2.530 4.044 2.412 2.269 1.079 5.049 1.920 3.136 3.514 4.865 2.021 3.060 4.940 4.403 4.865 5.352 6.286 6.018 1.995 2.357 4.239 0.686 4.476 2.802 1.838 2.231 7.502 2.940 4.492 4.832 6.781 2.350 1.031 4.168 1.868 2.820 1.411 2.005 5.251 3.996 4.802 1.614 7.103 5.193 4.203 3.938 6.065 3.119 6.925 1.519 3.535 4.237 6.562 6.588 6.954 4.727 6.570 6.004 2.712 3.218 2.773 2.679 3.812 3.429 6.011 5.093 7.016 2.779 6.137 5.001 5.728 4.313 4.816 2.646 1.138 3.930 4.342 6.593 2.227 3.379 3.334 3.047 1.963 6.061 7.396 2.078 0.468 4.305 1.704 
6.475 7.159 5.270 6.741 2.825 1.545 7.722 7.075 1.517 7.621 7.910 5.266 8.708 3.091 3.626 6.036 3.337 3.137 7.246 6.065 9.642 6.967 1.944 9.398 4.828 9.778 6.860 11.238 5.850 6.692 6.874 7.080 5.162 7.959 5.986 5.593 6.820 8.307 6.942 9.487 9.510 10.943 2.968 5.310 5.614 6.345 4.094 6.174 3.151 3.120 8.952 4.913 4.741 9.126 6.496 9.069 7.067 9.097 7.515 9.695 3.697 8.468 6.052 10.075 11.501 11.473 9.660 9.624 10.937 5.834 2.573 4.560 7.541 8.809 8.388 10.388 8.048 11.780 4.395 10.759 6.802 8.338 8.654 3.672 2.645 4.774 5.744 1.956 10.494 7.032 7.968 7.830 6.761 5.104 7.054 9.273 6.425 5.046 2.014 5.857 
6.759 3.238 0.370 2.824 5.581 4.778 5.537 2.308 3.660 2.474 6.471 2.814 6.297 3.321 5.991 5.353 2.001 4.838 4.562 2.524 7.250 5.838 4.574 6.446 0.652 7.764 1.945 9.184 0.977 5.126 4.932 3.129 5.709 9.524 7.721 3.764 7.197 3.179 4.296 8.371 6.928 7.282 5.348 6.051 1.383 6.899 2.277 6.374 3.867 2.352 8.213 0.284 3.476 4.120 1.567 7.043 8.922 4.668 8.101 4.991 3.920 6.819 1.787 5.869 9.227 8.252 7.753 5.120 8.824 3.103 3.037 7.057 5.944 7.494 7.723 7.110 3.811 9.014 2.276 7.828 2.097 3.755 5.725 1.540 5.312 5.898 1.759 3.195 6.600 7.034 8.245 8.259 8.090 6.733 1.919 4.209 4.528 4.661 3.138 4.180 
6.163 1.133 2.558 0.923 6.393 6.059 3.936 0.419 5.373 2.202 5.080 2.337 4.461 4.208 6.526 4.627 4.183 5.487 2.908 1.311 5.326 4.737 5.728 4.366 2.227 5.951 0.743 7.262 2.660 3.977 3.621 1.039 5.505 9.116 7.621 3.034 6.561 2.813 2.749 6.885 4.954 4.974 6.085 5.842 1.271 6.404 2.940 5.822 4.586 4.552 6.910 2.387 3.321 2.402 0.921 5.295 8.711 2.360 7.419 2.826 4.346 5.273 0.831 3.537 7.227 6.011 5.986 2.843 6.901 2.134 4.371 7.410 4.573 6.015 6.514 4.888 1.481 6.869 2.695 5.678 0.322 1.490 3.722 3.686 6.175 5.913 1.163 5.012 4.272 6.249 7.401 7.483 7.750 6.770 1.568 2.646 3.383 4.359 4.948 3.328 
2.579 7.506 9.663 7.543 5.930 7.239 4.863 8.871 8.359 10.628 3.669 6.531 5.065 6.737 5.140 3.954 9.417 5.732 5.728 7.248 5.103 3.725 6.913 6.027 8.654 4.480 9.128 5.058 10.221 4.480 4.867 7.555 3.854 1.808 2.940 5.597 2.142 11.267 5.781 2.909 5.409 7.833 5.780 3.588 8.198 2.542 7.151 2.967 6.252 9.606 2.250 9.065 5.835 10.300 9.080 4.423 2.454 8.710 1.273 9.610 5.847 3.846 8.115 8.593 5.554 7.224 4.277 9.078 5.017 6.430 7.522 4.445 4.058 3.242 2.251 6.875 8.062 6.547 7.060 6.375 8.714 8.798 5.915 9.188 6.099 4.039 7.881 8.589 8.110 2.264 1.060 1.042 2.095 3.654 9.930 10.639 5.071 4.684 8.561 5.215 
3.544 6.245 9.208 6.444 7.301 8.346 3.416 7.734 9.082 9.530 2.377 6.083 3.060 7.205 6.630 3.953 9.572 6.757 4.447 6.413 2.647 3.139 7.943 3.769 8.279 1.894 8.089 2.196 9.640 3.755 3.915 6.326 4.752 4.628 5.069 5.174 3.340 10.054 4.645 0.476 3.042 5.308 7.046 4.674 7.534 3.790 7.107 3.766 6.883 9.845 0.974 8.680 5.785 8.675 8.160 2.210 5.084 6.869 3.156 7.707 6.359 2.078 7.290 6.426 2.691 4.496 1.725 7.119 2.165 5.744 8.006 6.352 2.903 1.356 1.513 4.375 6.509 3.707 6.908 3.704 7.658 7.221 3.965 9.219 7.373 5.242 7.164 9.158 5.749 2.960 2.592 2.839 4.344 5.323 8.917 9.023 4.329 4.959 9.113 4.755 
4.501 0.899 4.069 1.053 5.731 5.842 1.979 2.351 5.644 4.151 3.133 1.751 2.580 3.965 5.627 3.004 5.112 4.800 0.951 1.243 3.512 2.890 5.438 2.732 3.323 4.069 2.695 5.452 4.379 2.155 1.744 0.959 4.149 7.450 6.185 1.759 4.858 4.721 0.830 4.928 3.183 3.949 5.395 4.451 2.361 4.787 2.976 4.207 4.114 5.466 4.963 3.660 2.471 3.744 2.781 3.379 7.164 2.529 5.663 3.392 3.683 3.316 1.999 3.170 5.483 4.674 4.083 3.041 5.091 1.187 4.466 6.301 2.636 4.058 4.587 3.531 1.580 5.310 2.672 4.141 2.264 2.272 1.989 4.644 5.580 4.674 1.988 5.434 3.478 4.484 5.576 5.684 6.162 5.476 3.523 4.071 1.637 3.090 5.371 1.836 
2.058 3.554 6.066 3.607 4.803 5.544 1.176 4.940 6.032 6.720 0.903 2.899 1.967 4.120 4.343 1.063 6.369 4.038 1.800 3.390 2.731 0.256 5.116 2.945 5.107 2.754 5.224 4.212 6.544 0.577 0.914 3.604 2.380 4.892 3.965 1.971 2.326 7.336 1.829 2.740 2.726 4.865 4.487 2.533 4.446 2.395 3.902 1.887 3.895 6.650 2.514 5.514 2.597 6.369 5.215 2.069 4.743 4.888 3.048 5.796 3.348 1.442 4.277 5.031 4.480 4.873 2.633 5.315 3.910 2.629 4.897 4.583 0.542 1.907 2.038 4.013 4.142 4.879 3.700 4.032 4.801 4.872 2.450 6.011 4.781 3.000 4.093 6.047 4.830 1.885 2.921 3.039 3.726 3.559 6.041 6.704 1.190 1.985 5.998 1.549 
5.078 3.289 2.216 2.856 3.734 3.128 4.612 3.214 2.429 4.152 5.284 1.696 5.528 1.447 4.101 3.818 1.962 2.952 3.827 2.210 6.514 4.492 2.843 5.969 1.283 6.875 3.067 8.359 2.867 3.888 3.842 3.202 3.920 7.721 5.864 2.473 5.518 4.890 3.516 7.156 6.273 7.256 3.481 4.251 1.740 5.173 0.520 4.690 1.977 2.268 6.868 1.615 1.873 5.304 2.740 6.129 7.076 5.191 6.417 5.784 2.038 5.735 2.149 6.212 8.499 7.979 6.818 5.715 8.014 2.232 1.396 5.162 4.786 6.314 6.335 6.843 4.151 8.515 0.736 7.385 2.936 4.426 5.204 1.599 3.475 4.045 1.833 2.140 6.720 5.431 6.630 6.612 6.286 4.863 3.467 5.490 3.375 2.971 2.076 2.881 
6.455 5.756 3.452 5.316 3.491 2.158 6.892 5.434 0.668 5.816 7.348 4.102 7.853 2.349 4.217 5.602 1.496 3.276 6.222 4.689 8.830 6.453 2.258 8.390 3.125 9.100 5.171 10.590 4.016 5.999 6.067 5.665 5.120 8.526 6.520 4.687 6.862 6.489 5.908 9.113 8.629 9.738 3.449 5.367 4.024 6.422 2.836 6.096 2.732 1.302 8.692 3.147 3.890 7.426 4.795 8.360 7.711 7.602 7.681 8.115 3.217 7.863 4.491 8.671 10.782 10.428 9.015 8.113 10.260 4.666 1.551 5.319 6.902 8.337 8.129 9.300 6.588 10.897 3.135 9.797 5.170 6.779 7.626 1.848 3.221 4.933 4.223 0.399 9.202 6.943 8.039 7.951 7.177 5.522 5.282 7.547 5.594 4.601 0.450 5.039 
9.176 3.873 3.873 3.881 9.211 8.632 6.637 2.629 7.615 1.506 7.846 5.344 6.888 6.935 9.444 7.641 5.887 8.349 5.675 4.346 7.554 7.657 8.369 6.421 4.344 8.284 2.553 9.354 3.393 6.910 6.512 3.828 8.538 12.135 10.655 6.069 9.563 0.965 5.599 9.499 7.137 6.112 8.927 8.877 3.890 9.427 5.678 8.844 7.398 6.201 9.653 4.201 6.320 1.400 2.814 7.751 11.746 3.279 10.403 2.772 7.249 7.919 3.668 4.318 9.183 7.403 8.372 3.315 9.012 5.169 6.872 10.385 7.377 8.673 9.324 6.486 3.429 8.515 5.500 7.413 2.861 2.719 6.005 5.472 8.968 8.931 4.007 7.155 5.298 9.225 10.342 10.443 10.780 9.791 2.078 1.108 6.346 7.391 7.097 6.349 
2.774 6.179 6.461 5.924 1.151 2.528 5.195 6.931 3.862 8.279 4.838 4.237 6.089 2.854 0.351 3.087 5.422 1.353 5.244 5.292 6.838 3.956 2.283 7.025 5.528 6.719 6.961 8.041 7.117 4.087 4.468 6.154 1.755 4.041 2.036 3.808 3.023 9.015 5.034 5.990 6.855 8.888 1.077 1.691 5.644 2.549 3.930 2.588 2.290 5.488 5.345 5.867 3.257 8.935 6.724 6.127 3.197 8.084 3.596 8.915 2.281 5.405 5.849 8.655 8.402 9.001 6.555 8.603 7.800 4.585 3.411 0.909 4.665 5.496 4.813 8.098 7.072 8.958 4.047 8.161 6.674 7.654 6.419 5.379 1.358 1.146 5.507 4.220 8.708 3.358 4.094 3.927 2.786 1.135 7.556 9.202 4.188 2.503 4.213 3.771 
1.000 4.547 6.127 4.439 3.244 4.215 2.847 5.689 5.029 7.339 2.398 3.092 3.682 3.246 2.686 0.772 5.869 2.627 3.145 3.977 4.398 1.523 3.812 4.655 5.115 4.290 5.864 5.652 6.710 1.807 2.247 4.561 0.691 3.859 2.445 2.244 1.441 8.029 3.023 3.740 4.430 6.562 2.958 0.821 4.770 1.154 3.580 0.612 2.831 6.078 3.201 5.521 2.287 7.442 5.745 3.685 3.447 6.223 2.344 7.112 2.353 2.968 4.774 6.567 5.990 6.582 4.133 6.701 5.393 3.142 4.052 2.870 2.238 3.127 2.635 5.726 5.323 6.516 3.502 5.732 5.485 6.006 4.114 5.620 3.277 1.298 4.494 5.174 6.473 1.394 2.561 2.532 2.476 1.866 6.615 7.753 2.131 1.112 5.138 1.965 
5.084 2.693 2.044 2.255 4.187 3.694 4.233 2.632 3.038 3.705 5.010 1.310 5.110 1.910 4.475 3.714 2.352 3.348 3.378 1.627 6.094 4.285 3.385 5.482 1.032 6.503 2.519 7.974 2.650 3.623 3.513 2.603 4.028 7.842 6.059 2.207 5.523 4.444 3.074 6.906 5.830 6.697 3.911 4.370 1.168 5.217 0.663 4.697 2.381 2.693 6.675 1.436 1.800 4.728 2.215 5.761 7.252 4.582 6.428 5.176 2.315 5.424 1.549 5.613 8.087 7.462 6.461 5.105 7.624 1.778 1.992 5.491 4.496 6.045 6.161 6.319 3.545 8.046 0.593 6.899 2.354 3.817 4.720 1.915 3.942 4.239 1.226 2.735 6.141 5.380 6.590 6.595 6.409 5.086 2.996 4.926 3.064 2.980 2.670 2.629 
4.038 3.833 3.471 3.459 2.569 2.300 4.310 4.168 2.261 5.330 4.710 1.824 5.288 0.405 2.861 2.992 2.807 1.723 3.761 2.764 6.249 3.818 1.918 5.922 2.529 6.478 4.112 7.966 4.123 3.369 3.469 3.770 2.785 6.534 4.638 2.126 4.470 6.070 3.455 6.487 6.081 7.459 2.286 3.098 2.757 4.082 0.966 3.655 0.756 3.009 6.097 2.871 1.285 6.254 3.829 5.743 5.856 5.819 5.349 6.526 0.809 5.227 3.058 6.687 8.175 7.993 6.387 6.354 7.641 2.374 1.091 3.908 4.267 5.700 5.540 6.901 4.754 8.357 1.165 7.300 3.894 5.177 5.172 2.600 2.333 2.831 2.709 2.240 7.036 4.460 5.623 5.575 5.106 3.627 4.622 6.479 3.002 2.018 2.191 2.436 
6.071 5.650 3.601 5.216 3.080 1.764 6.628 5.435 0.267 5.944 7.036 3.904 7.598 2.016 3.802 5.261 1.742 2.866 6.000 4.567 8.569 6.129 1.845 8.172 3.160 8.813 5.201 10.301 4.197 5.704 5.795 5.562 4.732 8.113 6.106 4.427 6.473 6.635 5.687 8.777 8.382 9.576 3.034 4.972 3.993 6.029 2.651 5.715 2.358 1.615 8.340 3.235 3.609 7.466 4.832 8.077 7.296 7.538 7.285 8.089 2.860 7.559 4.447 8.573 10.506 10.224 8.722 8.056 9.976 4.474 1.247 4.906 6.601 8.013 7.775 9.105 6.506 10.656 2.955 9.571 5.165 6.741 7.411 2.016 2.808 4.530 4.159 0.279 9.066 6.567 7.651 7.559 6.767 5.110 5.375 7.604 5.323 4.255 0.335 4.762 
6.811 2.960 6.242 3.405 8.772 8.925 3.588 3.791 8.644 5.060 4.631 4.816 3.174 7.041 8.590 5.563 7.793 7.848 3.239 4.030 3.384 5.005 8.522 2.265 5.845 4.152 4.222 4.878 6.263 4.526 4.088 3.056 6.887 9.531 8.709 4.771 7.049 5.236 3.450 5.679 2.983 1.432 8.433 7.132 4.816 7.148 5.977 6.627 7.197 8.163 6.098 6.059 5.543 3.296 4.543 3.888 9.480 1.520 7.652 1.963 6.754 4.393 4.337 0.422 4.620 2.708 4.304 1.382 4.570 4.264 7.494 9.127 4.385 5.046 5.988 1.877 2.214 3.841 5.673 2.810 3.949 2.415 2.358 7.298 8.636 7.476 4.538 8.380 0.627 6.569 7.362 7.546 8.466 8.188 4.805 3.599 4.298 5.979 8.315 4.721 
0.537 4.816 6.668 4.762 3.785 4.824 2.743 6.053 5.670 7.754 2.037 3.562 3.459 3.886 3.161 1.010 6.491 3.232 3.245 4.367 4.066 1.323 4.428 4.472 5.659 3.864 6.263 5.162 7.234 1.860 2.313 4.843 1.221 3.495 2.398 2.655 0.929 8.426 3.182 3.159 4.153 6.405 3.519 1.188 5.242 0.842 4.164 0.333 3.473 6.707 2.585 6.069 2.839 7.704 6.174 3.323 3.223 6.361 1.818 7.264 2.994 2.580 5.202 6.585 5.528 6.302 3.692 6.814 4.924 3.531 4.692 3.149 2.014 2.617 2.023 5.525 5.527 6.132 4.065 5.433 5.867 6.235 4.016 6.230 3.844 1.749 4.943 5.816 6.396 0.763 1.959 1.958 2.210 2.087 7.038 8.026 2.328 1.707 5.780 2.312 
3.127 6.015 8.895 6.192 6.883 7.933 3.172 7.497 8.682 9.297 2.067 5.750 2.927 6.812 6.213 3.560 9.206 6.342 4.197 6.126 2.650 2.772 7.530 3.722 7.954 1.940 7.840 2.495 9.343 3.418 3.608 6.092 4.335 4.335 4.679 4.829 2.929 9.840 4.377 0.318 3.019 5.365 6.628 4.256 7.236 3.376 6.747 3.349 6.482 9.475 0.561 8.358 5.415 8.523 7.896 2.111 4.743 6.749 2.786 7.605 5.960 1.845 7.009 6.378 2.976 4.640 1.749 7.026 2.416 5.433 7.615 5.944 2.595 1.093 1.095 4.416 6.330 3.937 6.554 3.815 7.409 7.052 3.838 8.862 6.956 4.824 6.869 8.766 5.753 2.543 2.232 2.480 3.970 4.911 8.669 8.870 4.005 4.562 8.722 4.408 
2.402 7.514 8.594 7.378 3.531 4.934 5.622 8.577 6.292 10.136 4.769 5.882 6.270 5.112 2.749 3.733 7.782 3.717 6.094 6.861 6.729 4.201 4.712 7.298 7.608 6.346 8.705 7.366 9.231 4.718 5.171 7.522 2.669 1.661 0.551 5.151 2.253 10.851 5.993 5.117 6.893 9.235 3.507 2.330 7.497 2.058 5.977 2.580 4.547 7.877 4.376 7.984 4.940 10.403 8.538 5.968 0.769 9.194 2.130 10.087 4.354 5.229 7.588 9.469 7.815 8.994 6.148 9.664 7.219 6.045 5.766 1.748 4.862 4.978 4.002 8.326 8.302 8.624 6.011 8.111 8.354 8.981 6.890 7.688 3.771 2.358 7.276 6.641 9.269 2.764 2.697 2.455 0.943 1.528 9.404 10.708 5.105 3.816 6.631 4.923 
4.571 4.529 3.558 4.131 2.300 1.641 5.109 4.687 1.473 5.647 5.464 2.577 6.089 0.441 2.801 3.687 2.424 1.670 4.563 3.440 7.047 4.553 1.334 6.727 2.743 7.260 4.568 8.744 4.219 4.147 4.266 4.458 3.253 6.845 4.877 2.931 4.988 6.382 4.256 7.202 6.883 8.247 2.095 3.526 3.224 4.565 1.488 4.202 0.857 2.542 6.773 3.008 2.087 6.783 4.247 6.529 6.096 6.502 5.833 7.167 1.300 5.993 3.593 7.420 8.963 8.797 7.163 7.035 8.423 3.141 0.419 3.916 5.037 6.437 6.210 7.701 5.439 9.159 1.767 8.105 4.409 5.808 5.976 2.357 2.026 3.154 3.255 1.527 7.805 5.041 6.161 6.088 5.445 3.855 4.972 6.982 3.801 2.683 1.488 3.234 
4.544 4.952 8.308 5.263 7.903 8.672 2.550 6.414 9.071 8.144 2.302 5.476 1.678 7.161 7.380 4.175 9.105 7.166 3.423 5.450 0.762 3.234 8.242 1.884 7.500 0.415 6.820 1.212 8.624 3.459 3.356 5.051 5.385 6.470 6.408 4.742 4.538 8.569 3.710 1.936 1.166 3.177 7.597 5.445 6.594 4.874 6.687 4.596 6.995 9.426 2.591 7.866 5.536 6.959 6.976 1.074 6.741 5.078 4.733 5.841 6.447 1.728 6.246 4.437 1.363 2.396 0.608 5.237 0.857 4.994 7.897 7.415 2.603 1.778 2.790 2.263 4.956 1.876 6.427 1.569 6.405 5.603 2.373 8.682 7.899 5.981 6.216 9.027 3.673 4.041 4.253 4.492 5.843 6.347 7.620 7.301 3.831 5.113 8.973 4.384 
1.307 5.055 7.429 5.107 4.989 6.027 2.451 6.439 6.817 8.213 1.338 4.248 2.851 4.980 4.342 1.778 7.488 4.436 3.274 4.858 3.214 1.287 5.626 3.876 6.441 2.854 6.714 4.035 7.944 2.049 2.417 5.106 2.430 3.569 3.144 3.297 1.274 8.836 3.328 1.955 3.399 5.792 4.727 2.371 5.870 1.618 5.073 1.461 4.613 7.731 1.387 6.853 3.720 7.848 6.690 2.454 3.611 6.295 1.691 7.201 4.106 1.724 5.739 6.287 4.434 5.478 2.662 6.688 3.827 4.064 5.788 4.198 1.631 1.511 0.820 4.858 5.613 5.144 4.923 4.595 6.294 6.347 3.605 7.184 5.053 2.938 5.532 6.930 5.926 0.774 1.445 1.598 2.641 3.134 7.527 8.186 2.656 2.733 6.890 2.887 
5.737 1.466 4.906 1.913 7.319 7.413 2.658 2.577 7.118 4.157 3.853 3.296 2.676 5.522 7.191 4.348 6.329 6.389 1.976 2.511 3.311 3.970 7.014 2.199 4.403 4.039 3.016 5.156 5.024 3.357 2.903 1.568 5.606 8.604 7.551 3.330 6.036 4.522 2.108 5.317 2.897 2.635 6.982 5.881 3.369 6.055 4.449 5.498 5.698 6.696 5.565 4.653 4.061 2.942 3.279 3.531 8.434 1.192 6.747 2.096 5.273 3.797 2.899 1.580 5.039 3.646 4.131 1.603 4.805 2.752 5.967 7.811 3.475 4.537 5.323 2.536 0.952 4.554 4.146 3.374 2.667 1.540 1.773 5.837 7.170 6.166 3.063 6.860 2.009 5.597 6.549 6.700 7.417 6.930 3.732 3.289 3.000 4.613 6.796 3.341 
8.395 3.466 2.306 3.290 7.909 7.203 6.301 1.976 6.097 0.216 7.449 4.373 6.771 5.619 8.227 6.874 4.306 7.096 5.275 3.525 7.581 7.076 6.975 6.537 2.919 8.247 1.651 9.487 1.793 6.314 5.978 3.384 7.577 11.314 9.680 5.229 8.810 0.736 5.117 9.247 7.187 6.698 7.648 7.923 2.733 8.606 4.416 8.035 6.124 4.611 9.279 2.706 5.289 2.322 1.710 7.620 10.829 3.756 9.691 3.618 6.058 7.635 2.683 4.975 9.399 7.901 8.298 4.007 9.130 4.354 5.448 9.234 6.940 8.381 8.878 6.856 3.421 8.899 4.293 7.731 2.076 2.906 5.971 3.910 7.651 7.892 2.967 5.622 5.903 8.537 9.713 9.780 9.911 8.753 0.843 2.237 5.709 6.442 5.566 5.576 
4.916 6.265 5.171 5.886 1.307 0.177 6.387 6.486 1.656 7.380 6.456 4.250 7.369 2.041 2.105 4.568 3.576 1.600 6.036 5.192 8.269 5.510 0.525 8.134 4.469 8.346 6.359 9.786 5.817 5.312 5.546 6.202 3.613 6.475 4.479 4.369 5.257 8.107 5.748 7.966 8.173 9.792 1.409 3.749 5.020 4.781 3.277 4.621 1.864 3.514 7.412 4.679 3.535 8.582 6.031 7.657 5.605 8.251 5.954 8.943 2.367 7.023 5.391 9.111 10.072 10.207 8.217 8.786 9.496 4.785 1.932 3.123 6.122 7.317 6.850 9.161 7.186 10.422 3.542 9.451 6.207 7.588 7.415 3.724 1.094 3.210 5.051 2.132 9.420 5.477 6.404 6.266 5.230 3.562 6.727 8.778 5.124 3.611 2.153 4.568 
6.306 3.362 0.925 2.923 4.938 4.123 5.376 2.696 3.036 3.109 6.223 2.514 6.201 2.694 5.368 4.959 1.554 4.214 4.453 2.480 7.174 5.524 3.919 6.454 0.417 7.636 2.395 9.087 1.586 4.846 4.704 3.257 5.197 9.008 7.166 3.441 6.746 3.823 4.165 8.123 6.878 7.450 4.712 5.534 1.451 6.424 1.745 5.918 3.249 1.923 7.912 0.383 3.032 4.639 2.015 6.901 8.376 4.988 7.650 5.401 3.341 6.613 1.925 6.146 9.165 8.345 7.608 5.469 8.731 2.902 2.382 6.446 5.702 7.256 7.403 7.196 4.053 9.033 1.807 7.859 2.449 4.107 5.709 1.058 4.667 5.345 1.776 2.588 6.811 6.619 7.828 7.826 7.572 6.166 2.514 4.757 4.270 4.195 2.528 3.863 
6.804 4.323 7.789 4.762 9.422 9.811 3.737 5.408 9.760 6.790 4.419 5.854 2.927 8.003 9.100 5.854 9.168 8.542 3.874 5.284 2.590 5.082 9.388 1.919 7.268 3.247 5.847 3.499 7.880 4.842 4.481 4.430 7.214 9.206 8.752 5.541 6.942 6.987 4.164 4.870 2.325 0.330 9.086 7.393 6.237 7.153 7.101 6.716 8.048 9.531 5.447 7.532 6.383 5.042 6.138 3.306 9.327 3.258 7.367 3.682 7.547 3.997 5.775 2.122 3.139 0.991 3.441 3.124 3.256 5.282 8.571 9.442 4.373 4.464 5.500 0.862 3.771 2.193 6.798 1.435 5.529 4.113 2.527 8.682 9.334 7.831 5.913 9.562 1.141 6.432 6.969 7.188 8.350 8.422 6.491 5.337 4.836 6.513 9.500 5.363 
4.680 5.192 8.552 5.505 8.090 8.878 2.787 6.650 9.296 8.376 2.488 5.716 1.922 7.384 7.554 4.371 9.345 7.364 3.666 5.694 0.997 3.428 8.450 2.095 7.744 0.583 7.058 0.969 8.867 3.679 3.588 5.291 5.559 6.511 6.521 4.975 4.654 8.795 3.953 1.932 1.391 3.282 7.786 5.609 6.838 5.005 6.924 4.748 7.210 9.665 2.621 8.109 5.765 7.168 7.217 1.295 6.814 5.282 4.807 6.032 6.662 1.914 6.489 4.608 1.146 2.414 0.741 5.427 0.615 5.236 8.125 7.561 2.813 1.884 2.866 2.393 5.183 1.772 6.664 1.631 6.644 5.824 2.608 8.923 8.091 6.150 6.460 9.257 3.816 4.164 4.311 4.553 5.934 6.492 7.857 7.508 4.063 5.319 9.203 4.614 
5.668 6.817 5.355 6.420 1.976 0.798 7.107 6.906 1.582 7.647 7.209 4.842 8.092 2.615 2.777 5.322 3.570 2.362 6.713 5.729 9.003 6.263 1.229 8.834 4.766 9.095 6.739 10.540 5.976 6.045 6.263 6.747 4.372 7.109 5.135 5.045 6.002 8.359 6.418 8.727 8.897 10.454 2.135 4.501 5.432 5.524 3.769 5.379 2.544 3.430 8.172 4.920 4.200 8.992 6.393 8.401 6.219 8.790 6.679 9.444 3.071 7.774 5.836 9.700 10.821 10.909 8.969 9.323 10.247 5.394 2.297 3.714 6.867 8.076 7.610 9.849 7.728 11.153 4.054 10.166 6.629 8.084 8.105 3.812 1.808 3.955 5.508 2.091 10.053 6.232 7.141 6.997 5.911 4.257 7.030 9.167 5.831 4.356 2.132 5.269 
2.233 3.690 6.373 3.789 5.189 5.952 1.042 5.120 6.441 6.913 0.500 3.230 1.668 4.529 4.707 1.450 6.746 4.438 1.875 3.637 2.359 0.524 5.524 2.680 5.430 2.347 5.426 3.801 6.831 0.903 1.107 3.749 2.725 4.942 4.174 2.324 2.437 7.507 1.968 2.381 2.389 4.615 4.877 2.848 4.725 2.580 4.277 2.124 4.306 7.032 2.228 5.834 2.989 6.439 5.443 1.674 4.869 4.875 3.070 5.782 3.759 1.031 4.525 4.916 4.073 4.543 2.222 5.275 3.500 2.914 5.302 4.890 0.229 1.527 1.803 3.733 4.201 4.497 4.064 3.688 4.999 4.937 2.268 6.378 5.175 3.341 4.364 6.452 4.639 1.956 2.867 3.014 3.858 3.848 6.251 6.779 1.481 2.394 6.402 1.908 
5.579 1.942 1.789 1.498 5.152 4.700 4.098 1.627 3.978 2.828 5.061 1.525 4.858 2.898 5.382 4.099 2.924 4.282 3.121 1.087 5.815 4.481 4.389 5.046 1.015 6.322 1.529 7.746 2.221 3.746 3.519 1.838 4.680 8.452 6.775 2.455 6.007 3.558 2.855 6.956 5.501 6.030 4.863 5.027 0.179 5.762 1.624 5.205 3.335 3.292 6.831 1.338 2.387 3.722 1.260 5.602 7.934 3.685 6.905 4.217 3.189 5.390 0.574 4.787 7.798 6.917 6.312 4.193 7.387 1.697 2.987 6.351 4.533 6.077 6.360 5.769 2.690 7.623 1.433 6.444 1.348 2.867 4.311 2.432 4.915 4.983 0.348 3.626 5.407 5.788 6.992 7.030 7.035 5.845 2.099 3.922 3.137 3.558 3.561 2.852 
2.497 7.123 9.445 7.188 6.075 7.335 4.411 8.520 8.376 10.295 3.200 6.281 4.544 6.679 5.303 3.724 9.320 5.787 5.318 6.936 4.535 3.370 6.987 5.486 8.443 3.899 8.796 4.470 9.982 4.132 4.491 7.177 3.829 2.369 3.245 5.334 2.087 10.916 5.395 2.318 4.852 7.269 5.896 3.601 7.928 2.541 6.990 2.870 6.224 9.528 1.674 8.856 5.652 9.874 8.769 3.871 2.934 8.243 1.362 9.138 5.784 3.326 7.814 8.077 4.965 6.639 3.696 8.594 4.425 6.134 7.478 4.713 3.624 2.689 1.738 6.311 7.636 5.955 6.876 5.793 8.377 8.373 5.411 9.063 6.222 4.100 7.597 8.574 7.567 2.072 0.910 1.033 2.414 3.834 9.608 10.216 4.737 4.540 8.542 4.936 
1.493 3.908 6.075 3.894 4.213 5.037 1.811 5.210 5.645 6.952 1.393 2.897 2.618 3.756 3.718 0.514 6.168 3.492 2.281 3.569 3.348 0.465 4.615 3.598 5.085 3.298 5.452 4.714 6.598 0.898 1.348 3.943 1.738 4.417 3.347 1.947 1.824 7.601 2.235 3.010 3.367 5.515 3.906 1.880 4.538 1.810 3.732 1.267 3.461 6.425 2.628 5.497 2.381 6.779 5.400 2.654 4.189 5.398 2.638 6.302 2.924 1.966 4.436 5.622 5.018 5.518 3.156 5.847 4.432 2.752 4.554 3.930 1.174 2.266 2.085 4.666 4.583 5.483 3.571 4.671 5.043 5.299 3.087 5.848 4.210 2.356 4.210 5.707 5.462 1.461 2.621 2.693 3.173 2.906 6.251 7.106 1.419 1.522 5.662 1.547 
7.005 6.100 9.620 6.509 10.227 10.868 4.556 7.357 11.075 8.857 4.690 7.249 3.571 9.209 9.758 6.490 10.783 9.433 5.118 6.911 2.696 5.575 10.436 2.962 8.979 2.883 7.797 2.144 9.791 5.630 5.403 6.209 7.770 8.851 8.877 6.704 7.008 9.100 5.432 4.244 2.767 2.483 9.908 7.861 7.975 7.338 8.514 7.037 9.133 11.132 4.964 9.289 7.549 7.185 8.050 3.399 9.181 5.361 7.175 5.834 8.595 4.133 7.545 4.272 1.643 1.182 3.076 5.269 2.119 6.699 9.879 9.860 4.885 4.244 5.235 2.245 5.723 0.598 8.225 1.545 7.440 6.165 3.726 10.319 10.195 8.379 7.620 10.957 3.291 6.510 6.672 6.915 8.303 8.794 8.498 7.485 5.849 7.352 10.897 6.417 
3.106 2.285 4.426 2.191 4.365 4.702 1.751 3.481 4.835 5.205 2.437 1.273 2.714 2.964 4.172 1.570 4.851 3.455 1.246 1.819 3.688 1.793 4.276 3.356 3.473 3.993 3.706 5.481 4.908 1.067 0.952 2.298 2.632 6.064 4.688 0.458 3.499 5.862 0.981 4.337 3.501 5.010 4.025 2.938 2.817 3.360 2.400 2.776 2.940 5.157 4.154 3.878 1.304 5.179 3.650 3.247 5.708 4.044 4.360 4.910 2.431 2.853 2.688 4.577 5.647 5.432 3.929 4.548 5.141 1.007 3.642 4.792 1.920 3.471 3.673 4.367 3.088 5.776 2.156 4.720 3.302 3.752 2.622 4.458 4.248 3.159 2.475 4.749 4.706 3.197 4.371 4.438 4.723 3.958 4.501 5.490 0.488 1.585 4.693 0.318 
6.895 6.237 3.769 5.795 3.771 2.386 7.401 5.858 1.010 6.136 7.846 4.609 8.363 2.835 4.528 6.085 1.757 3.656 6.731 5.178 9.339 6.946 2.562 8.898 3.540 9.605 5.576 11.095 4.292 6.502 6.575 6.144 5.554 8.876 6.867 5.196 7.295 6.787 6.417 9.600 9.139 10.235 3.768 5.789 4.473 6.848 3.343 6.542 3.187 1.477 9.168 3.522 4.396 7.818 5.198 8.866 8.041 8.062 8.099 8.552 3.687 8.364 4.946 9.146 11.290 10.934 9.519 8.567 10.766 5.172 2.047 5.608 7.403 8.830 8.603 9.805 7.057 11.407 3.640 10.306 5.599 7.225 8.134 2.180 3.513 5.335 4.689 0.903 9.692 7.394 8.472 8.377 7.551 5.884 5.636 7.925 6.101 5.080 0.958 5.546 
0.580 5.260 6.759 5.155 3.208 4.355 3.411 6.401 5.341 8.040 2.756 3.782 4.166 3.676 2.527 1.450 6.364 2.777 3.814 4.688 4.784 2.009 3.984 5.171 5.747 4.571 6.570 5.840 7.357 2.445 2.895 5.275 0.797 3.164 1.762 2.955 0.949 8.734 3.710 3.768 4.869 7.100 2.972 0.588 5.454 0.522 4.173 0.389 3.197 6.546 3.136 6.149 2.933 8.155 6.444 4.040 2.732 6.911 1.791 7.805 2.787 3.296 5.475 7.209 6.219 7.019 4.395 7.382 5.613 3.854 4.463 2.433 2.715 3.297 2.595 6.230 6.027 6.845 4.125 6.151 6.194 6.714 4.688 6.152 3.302 1.145 5.188 5.543 7.064 1.154 2.126 2.040 1.764 1.369 7.314 8.467 2.824 1.742 5.513 2.680 
2.167 6.281 6.953 6.075 1.937 3.307 4.935 7.176 4.602 8.631 4.413 4.454 5.767 3.413 1.136 2.829 6.068 2.002 5.137 5.487 6.440 3.599 3.042 6.746 5.986 6.246 7.252 7.504 7.600 3.869 4.288 6.270 1.480 3.280 1.271 3.872 2.348 9.360 4.965 5.384 6.500 8.651 1.844 1.271 5.981 1.893 4.358 2.063 2.845 6.161 4.708 6.348 3.473 9.114 7.048 5.703 2.467 8.112 2.842 8.973 2.704 4.964 6.130 8.576 7.890 8.654 6.070 8.615 7.284 4.720 4.051 0.779 4.316 4.965 4.199 7.816 7.139 8.517 4.428 7.795 6.934 7.765 6.197 5.984 2.139 0.909 5.800 4.935 8.541 2.739 3.359 3.180 2.000 0.371 7.901 9.398 4.082 2.501 4.923 3.750 
2.754 8.089 9.752 8.046 5.203 6.590 5.714 9.335 7.873 11.018 4.619 6.777 6.115 6.483 4.402 4.290 9.197 5.235 6.431 7.639 6.321 4.385 6.327 7.126 8.742 5.773 9.534 6.495 10.357 5.073 5.510 8.120 3.694 0.324 2.029 5.912 2.366 11.699 6.415 4.284 6.579 9.008 5.130 3.361 8.454 2.532 7.147 3.103 5.942 9.333 3.569 9.141 5.938 10.965 9.427 5.593 1.092 9.525 1.602 10.433 5.640 4.929 8.455 9.571 6.983 8.522 5.567 9.941 6.426 6.802 7.210 3.488 4.893 4.448 3.404 8.056 8.760 7.934 7.118 7.653 9.144 9.481 6.890 9.041 5.420 3.641 8.179 8.178 9.196 2.755 1.929 1.717 1.347 2.989 10.296 11.292 5.596 4.748 8.160 5.590 
2.500 3.048 5.655 3.111 4.903 5.524 0.862 4.444 5.888 6.229 1.186 2.523 1.799 3.976 4.516 1.261 6.077 4.082 1.301 2.925 2.681 0.749 5.093 2.693 4.717 2.845 4.736 4.332 6.112 0.277 0.411 3.099 2.621 5.378 4.363 1.642 2.798 6.838 1.322 3.088 2.598 4.569 4.576 2.823 4.007 2.825 3.612 2.285 3.817 6.373 2.944 5.119 2.371 5.863 4.740 2.114 5.196 4.405 3.546 5.312 3.271 1.623 3.813 4.604 4.550 4.702 2.755 4.843 4.008 2.196 4.723 4.863 0.672 2.220 2.500 3.765 3.639 4.833 3.385 3.896 4.311 4.368 2.110 5.697 4.852 3.236 3.646 5.862 4.467 2.376 3.428 3.544 4.179 3.873 5.557 6.198 0.767 2.001 5.810 1.241 
5.771 3.131 1.421 2.685 4.508 3.795 4.935 2.711 2.860 3.417 5.739 2.032 5.790 2.233 4.898 4.432 1.742 3.746 4.047 2.154 6.770 5.017 3.552 6.104 0.506 7.203 2.482 8.667 2.069 4.353 4.234 3.031 4.665 8.477 6.645 2.940 6.212 4.149 3.750 7.636 6.491 7.207 4.266 5.002 1.298 5.889 1.212 5.383 2.774 2.105 7.407 0.816 2.500 4.749 2.122 6.464 7.852 4.889 7.115 5.383 2.830 6.145 1.773 5.998 8.764 8.042 7.167 5.392 8.313 2.463 2.035 5.961 5.223 6.773 6.892 6.894 3.901 8.679 1.274 7.518 2.443 4.050 5.349 1.265 4.244 4.823 1.541 2.465 6.604 6.087 7.296 7.292 7.041 5.650 2.762 4.902 3.790 3.660 2.401 3.361 
2.742 5.281 5.539 5.007 1.186 2.190 4.577 5.984 3.276 7.325 4.421 3.305 5.521 1.967 0.922 2.554 4.628 0.632 4.487 4.362 6.346 3.488 1.827 6.399 4.592 6.326 6.008 7.723 6.192 3.460 3.791 5.251 1.443 4.658 2.675 2.956 3.095 8.061 4.251 5.817 6.312 8.205 0.878 1.578 4.690 2.624 2.983 2.447 1.398 4.733 5.244 4.940 2.336 8.002 5.770 5.677 3.893 7.214 3.839 8.027 1.328 4.995 4.898 7.847 8.043 8.427 6.180 7.739 7.452 3.683 2.614 1.850 4.158 5.210 4.685 7.464 6.186 8.495 3.093 7.616 5.726 6.746 5.745 4.536 1.192 1.063 4.555 3.556 7.966 3.301 4.257 4.136 3.283 1.655 6.602 8.264 3.453 1.759 3.538 2.980 
4.951 0.603 3.253 0.345 5.613 5.528 2.759 1.661 5.141 3.438 3.863 1.443 3.402 3.625 5.625 3.417 4.406 4.681 1.731 0.528 4.332 3.493 5.148 3.515 2.549 4.890 1.948 6.274 3.557 2.733 2.381 0.552 4.389 7.910 6.489 1.892 5.340 4.057 1.532 5.701 3.998 4.552 5.286 4.716 1.556 5.205 2.483 4.621 3.879 4.767 5.689 2.866 2.370 3.376 1.989 4.195 7.542 2.591 6.188 3.342 3.528 4.095 1.176 3.497 6.298 5.389 4.900 3.127 5.913 1.030 4.005 6.416 3.348 4.824 5.281 4.240 1.528 6.089 2.183 4.909 1.521 2.042 2.789 3.924 5.428 4.848 1.192 4.877 3.986 5.015 6.160 6.245 6.565 5.690 2.773 3.673 2.141 3.260 4.813 2.131 
5.876 0.523 3.426 0.746 6.634 6.477 3.307 1.136 5.957 2.871 4.501 2.461 3.709 4.581 6.663 4.356 4.948 5.705 2.317 1.435 4.526 4.298 6.113 3.522 2.994 5.184 1.563 6.448 3.540 3.559 3.151 0.510 5.401 8.834 7.486 2.910 6.246 3.373 2.236 6.227 4.140 4.103 6.310 5.722 1.972 6.149 3.371 5.566 4.877 5.318 6.322 3.207 3.407 2.374 1.798 4.562 8.511 1.663 7.064 2.330 4.550 4.622 1.491 2.745 6.390 5.130 5.235 2.189 6.088 2.068 4.876 7.453 4.020 5.375 5.971 4.009 0.647 5.998 3.088 4.809 1.187 1.005 2.915 4.452 6.442 5.876 1.728 5.641 3.419 5.884 6.983 7.090 7.520 6.711 2.337 2.689 3.016 4.284 5.576 3.108 
0.687 4.750 6.757 4.723 4.075 5.094 2.538 6.031 5.904 7.756 1.761 3.615 3.209 4.092 3.458 1.039 6.661 3.503 3.115 4.366 3.787 1.120 4.694 4.230 5.752 3.570 6.259 4.864 7.308 1.739 2.184 4.783 1.507 3.572 2.622 2.685 0.979 8.415 3.079 2.873 3.887 6.166 3.805 1.486 5.285 1.030 4.297 0.614 3.701 6.888 2.318 6.164 2.954 7.624 6.188 3.040 3.372 6.229 1.807 7.135 3.207 2.294 5.218 6.405 5.231 6.031 3.397 6.670 4.627 3.537 4.901 3.437 1.778 2.320 1.752 5.276 5.427 5.842 4.178 5.159 5.856 6.144 3.803 6.383 4.129 2.045 4.973 6.034 6.182 0.652 1.859 1.896 2.354 2.371 7.047 7.951 2.258 1.872 5.995 2.315 
2.059 7.026 8.058 6.878 3.086 4.481 5.239 8.063 5.807 9.609 4.459 5.361 5.936 4.582 2.289 3.282 7.261 3.207 5.654 6.348 6.455 3.821 4.238 6.958 7.071 6.123 8.184 7.221 8.694 4.290 4.740 7.031 2.155 2.085 0.140 4.648 1.998 10.326 5.538 4.995 6.592 8.895 3.033 1.822 6.968 1.711 5.440 2.177 4.019 7.363 4.265 7.447 4.413 9.909 8.012 5.695 1.261 8.738 2.095 9.626 3.818 4.949 7.065 9.054 7.653 8.717 5.930 9.216 7.051 5.538 5.247 1.394 4.505 4.767 3.841 8.001 7.828 8.412 5.475 7.837 7.837 8.498 6.513 7.160 3.312 1.823 6.751 6.143 8.893 2.499 2.666 2.440 0.977 0.993 8.877 10.211 4.646 3.301 6.131 4.436 
1.062 4.687 6.928 4.705 4.544 5.535 2.259 6.031 6.292 7.788 1.340 3.753 2.833 4.448 3.934 1.247 6.954 3.948 2.963 4.413 3.350 0.914 5.129 3.862 5.934 3.102 6.287 4.387 7.454 1.648 2.058 4.730 1.973 3.737 3.004 2.804 1.214 8.426 2.974 2.418 3.473 5.798 4.269 1.963 5.394 1.409 4.545 1.082 4.088 7.196 1.905 6.346 3.192 7.525 6.246 2.595 3.645 6.047 1.885 6.955 3.577 1.847 5.285 6.139 4.755 5.605 2.926 6.466 4.151 3.602 5.256 3.899 1.454 1.843 1.339 4.890 5.302 5.381 4.401 4.728 5.873 6.031 3.492 6.653 4.591 2.521 5.064 6.399 5.858 0.734 1.789 1.886 2.636 2.831 7.092 7.858 2.231 2.199 6.358 2.403 
