10 40 40
119 75 65 39 102 35 26 178 114 76 
253 40 113 29 363 174 275 285 365 156 203 213 163 365 210 300 320 280 103 350 242 343 298 80 102 60 90 260 164 380 81 120 294 161 212 368 111 174 50 111 
15 20 22 23 11 20 10 22 20 23 16 25 19 29 29 19 14 25 11 26 18 6 20 25 14 35 14 24 21 12 24 14 29 28 28 29 13 9 31 31 
1112.363 467.389 738.017 436.147 1355.778 929.307 1176.208 1231.902 1303.428 882.354 1041.038 1037.105 885.255 1362.908 1005.195 1171.046 1180.960 1125.207 773.433 1241.112 1058.214 1300.458 1119.597 682.383 757.759 566.272 708.577 1079.170 854.051 1396.152 608.960 800.317 1123.851 887.546 1040.696 1324.685 754.725 939.678 550.501 767.839 
5.543 5.281 2.861 7.610 3.645 7.817 10.556 6.289 1.950 9.478 9.800 8.613 4.249 4.679 7.279 6.026 5.299 7.262 7.935 4.054 6.859 1.700 3.137 3.661 1.459 5.349 1.958 8.114 7.916 5.016 7.475 5.439 7.234 9.814 8.822 10.321 6.228 7.356 7.409 5.390 
8.457 7.362 6.539 9.494 7.193 6.439 12.375 9.019 3.736 10.496 11.452 8.242 7.407 4.547 5.810 6.391 1.694 6.041 7.204 3.151 8.819 5.324 6.863 2.235 4.833 1.762 1.770 10.468 7.182 5.333 9.569 6.277 5.689 9.010 10.432 12.240 3.243 9.112 9.944 8.318 
3.427 1.770 6.237 1.235 5.561 5.824 3.956 2.965 5.187 2.729 3.047 4.263 4.203 4.187 5.839 2.706 8.887 5.403 4.681 5.520 0.988 6.061 6.956 6.324 5.679 8.870 7.432 2.711 4.683 3.351 1.620 2.288 5.960 5.678 2.027 3.838 8.108 0.778 2.779 3.466 
2.014 2.272 2.199 4.414 1.680 7.579 7.248 2.750 2.823 6.769 6.614 7.261 0.915 4.432 7.251 4.620 7.696 7.007 7.056 4.911 3.679 2.196 2.928 5.208 2.090 7.716 4.947 4.638 7.046 4.120 4.151 3.772 7.288 8.683 5.723 6.970 7.832 4.280 3.892 1.863 
6.059 5.522 3.662 7.839 4.385 7.291 10.799 6.754 1.827 9.503 9.992 8.302 4.835 4.297 6.726 5.820 4.460 6.754 7.536 3.469 7.098 2.463 3.972 2.956 2.071 4.511 1.122 8.484 7.517 4.758 7.762 5.331 6.667 9.430 8.992 10.589 5.439 7.545 7.826 5.909 
5.286 4.360 3.810 6.624 4.239 6.037 9.575 5.870 0.574 8.125 8.725 6.890 4.258 2.910 5.506 4.388 4.374 5.479 6.166 2.323 5.902 2.628 4.339 2.135 1.976 4.402 1.768 7.426 6.147 3.328 6.610 3.914 5.467 8.053 7.713 9.391 4.841 6.295 6.843 5.147 
8.273 6.868 6.979 8.817 7.466 5.019 11.597 8.720 3.700 9.497 10.635 6.950 7.405 3.551 4.390 5.367 1.254 4.650 5.868 2.152 8.200 5.761 7.426 1.381 5.161 1.256 2.569 9.947 5.845 4.389 8.972 5.415 4.263 7.629 9.625 11.501 1.928 8.403 9.520 8.148 
3.449 1.503 4.769 3.378 4.415 4.995 6.272 3.567 2.895 4.791 5.381 4.533 3.376 2.274 4.763 1.885 6.723 4.447 4.337 3.391 2.727 4.228 5.511 4.104 3.704 6.715 5.100 4.482 4.328 1.625 3.496 1.033 4.831 5.946 4.362 6.124 6.217 2.996 4.131 3.384 
9.372 7.267 10.539 7.560 10.397 1.435 9.081 9.219 7.407 6.198 8.108 2.427 9.453 4.637 2.041 4.233 6.957 1.968 1.810 5.264 7.447 9.656 11.243 5.971 8.987 6.889 8.248 9.112 1.811 4.666 8.052 5.083 2.143 1.765 7.424 9.215 5.132 7.129 9.244 9.340 
3.960 5.038 0.696 7.001 1.296 9.946 9.628 4.815 4.159 9.507 9.134 9.957 2.688 6.660 9.526 7.267 8.587 9.365 9.628 6.651 6.311 1.826 0.292 6.585 2.481 8.632 5.287 6.836 9.615 6.581 6.636 6.449 9.530 11.348 8.327 9.302 9.287 6.944 5.999 3.828 
5.373 2.446 3.648 2.286 8.849 1.361 2.017 1.253 2.345 1.988 8.330 10.317 1.768 8.912 4.529 5.315 4.793 6.060 2.133 1.903 9.568 4.144 2.679 2.795 4.750 2.733 2.511 5.759 9.664 2.770 2.838 4.960 6.808 4.194 1.664 3.833 10.313 4.211 1.331 4.201 
4.047 3.581 2.614 0.180 6.776 1.184 2.777 1.059 3.718 1.881 6.225 8.242 3.306 7.594 2.550 3.214 2.734 4.126 1.217 3.521 7.470 3.753 3.527 1.071 4.318 2.573 0.916 4.367 8.425 3.577 4.034 4.149 5.066 4.030 1.843 1.729 8.208 4.533 1.135 4.365 
4.597 1.194 6.910 4.575 9.582 4.624 1.742 4.405 1.457 5.474 9.645 11.942 2.009 7.357 6.849 6.752 6.851 6.512 5.300 2.024 10.501 7.684 0.979 4.161 2.670 2.161 5.332 8.826 7.875 0.908 0.936 8.376 9.477 1.990 2.633 5.726 11.518 1.147 4.559 1.417 
6.164 5.467 0.449 2.333 7.501 1.927 4.784 2.130 5.470 1.274 6.502 8.019 4.930 9.588 2.467 4.040 2.973 5.553 1.232 5.092 7.948 1.475 5.548 3.285 6.647 4.850 1.451 2.592 10.454 5.619 5.905 1.860 3.872 6.346 3.947 2.772 8.381 6.772 1.985 6.636 
4.849 0.248 6.118 3.958 9.549 3.787 1.075 3.584 0.459 4.594 9.450 11.685 0.998 7.925 6.320 6.461 6.394 6.488 4.507 1.018 10.424 6.793 0.540 3.742 3.225 1.987 4.627 8.113 8.514 0.596 0.210 7.540 8.891 2.519 2.010 5.274 11.376 1.967 3.728 2.133 
4.975 8.996 6.807 6.142 0.495 7.394 8.195 7.340 9.316 7.674 1.213 3.253 9.145 5.700 4.541 3.132 4.041 2.743 6.929 9.376 1.251 8.133 8.674 5.698 7.120 7.202 6.297 6.206 6.475 8.659 9.368 7.571 4.972 7.529 7.433 4.647 2.349 8.531 7.369 8.200 
9.064 8.100 2.766 5.293 9.425 4.659 7.528 4.891 8.015 3.773 8.120 8.941 7.432 12.386 4.740 6.432 5.261 8.128 4.120 7.544 9.613 1.568 8.268 6.240 9.600 7.753 4.410 2.819 13.268 8.350 8.507 1.409 4.387 9.272 6.780 5.499 9.706 9.624 4.729 9.517 
5.826 3.303 2.953 2.248 8.821 0.967 2.842 1.024 3.194 1.234 8.160 10.023 2.610 9.398 4.192 5.226 4.534 6.201 1.617 2.727 9.472 3.309 3.528 3.007 5.450 3.428 2.151 5.093 10.183 3.617 3.694 4.170 6.262 4.938 2.339 3.710 10.133 5.031 0.986 5.000 
1.120 3.730 6.295 3.765 6.294 4.763 3.213 4.544 4.138 5.621 6.645 9.009 4.284 4.250 5.087 4.204 4.830 3.323 5.020 4.473 7.261 7.542 3.277 2.801 1.100 2.098 4.635 7.581 4.959 3.217 3.943 7.808 7.640 1.556 3.067 3.907 8.365 2.568 4.692 2.229 
7.368 8.006 2.297 4.408 6.643 4.567 7.244 4.730 8.069 4.020 5.266 6.069 7.566 10.303 2.636 4.122 3.035 5.872 3.798 7.746 6.751 2.756 8.006 5.083 8.492 7.026 3.634 0.155 11.196 8.062 8.456 1.761 1.508 8.368 6.329 3.771 6.806 8.994 4.611 8.795 
8.161 7.597 1.918 4.508 8.419 4.070 6.957 4.290 7.558 3.249 7.132 8.053 6.992 11.428 3.740 5.428 4.257 7.135 3.433 7.129 8.627 1.169 7.715 5.415 8.829 7.060 3.618 1.881 12.313 7.790 8.022 0.414 3.491 8.549 6.146 4.554 8.760 8.978 4.135 8.845 
5.860 8.718 4.944 5.222 2.958 6.219 7.873 6.244 8.952 6.215 1.489 2.859 8.632 7.717 2.976 2.548 2.668 3.604 5.574 8.857 2.965 6.101 8.509 5.199 7.735 7.124 5.018 3.847 8.568 8.524 9.147 5.362 2.464 7.936 6.973 3.713 3.146 8.844 6.218 8.548 
4.568 1.152 4.720 2.663 8.738 2.390 0.652 2.186 1.210 3.214 8.458 10.611 0.830 7.976 5.055 5.418 5.187 5.756 3.111 1.059 9.552 5.421 1.305 2.668 3.539 1.629 3.260 6.730 8.670 1.394 1.593 6.146 7.567 2.921 0.898 4.095 10.423 2.837 2.331 2.848 
1.854 5.789 5.397 3.627 3.618 4.961 5.026 4.828 6.135 5.541 3.858 6.223 6.041 4.353 3.403 1.884 2.941 0.551 4.775 6.267 4.544 6.813 5.434 2.850 3.888 3.968 4.168 5.919 5.244 5.412 6.135 6.686 5.484 4.247 4.373 2.619 5.604 5.242 4.912 4.914 
4.456 8.642 6.888 5.982 0.761 7.272 7.859 7.198 8.976 7.622 1.794 3.879 8.840 5.075 4.604 3.058 4.083 2.328 6.863 9.069 1.743 8.252 8.299 5.450 6.616 6.829 6.224 6.478 5.857 8.279 8.998 7.763 5.348 7.058 7.139 4.545 2.912 8.066 7.241 7.732 
3.451 6.080 3.844 2.873 3.752 4.112 5.240 4.060 6.343 4.432 3.214 5.391 6.079 6.173 1.644 0.169 1.135 1.763 3.673 6.309 4.417 5.257 5.841 2.585 5.106 4.431 3.035 4.087 7.065 5.850 6.497 4.977 3.681 5.254 4.378 1.366 5.191 6.145 4.087 5.854 
4.145 8.539 10.101 8.014 5.556 9.260 8.090 9.074 8.954 9.996 6.871 8.821 9.152 0.669 8.125 6.507 7.641 4.755 9.273 9.333 6.417 11.505 8.068 7.058 5.376 6.978 8.724 10.590 0.828 7.994 8.679 11.419 9.911 6.080 7.898 7.319 7.593 6.900 9.197 6.608 
4.413 8.420 6.434 5.624 0.979 6.896 7.622 6.832 8.742 7.214 1.479 3.721 8.579 5.367 4.152 2.650 3.636 2.163 6.460 8.809 1.832 7.790 8.095 5.145 6.551 6.624 5.824 5.997 6.176 8.080 8.790 7.288 4.877 6.952 6.869 4.155 2.911 7.953 6.868 7.623 
5.104 8.512 5.563 5.288 1.869 6.443 7.679 6.425 8.789 6.600 0.757 3.013 8.539 6.618 3.362 2.293 2.914 2.764 5.891 8.769 2.142 6.839 8.247 5.042 7.119 6.804 5.281 4.813 7.453 8.249 8.919 6.219 3.572 7.411 6.834 3.740 2.740 8.370 6.428 8.056 
1.380 6.085 6.735 4.719 4.000 6.013 5.434 5.847 6.474 6.693 4.703 7.024 6.507 2.947 4.812 3.286 4.357 1.620 5.951 6.719 4.995 8.138 5.664 3.809 3.497 4.293 5.381 7.335 3.836 5.617 6.355 8.069 6.860 4.047 4.984 3.954 6.168 5.054 5.955 4.715 
5.487 4.785 1.096 1.594 7.251 1.292 4.074 1.461 4.816 0.966 6.381 8.079 4.298 8.958 2.304 3.688 2.745 5.065 0.527 4.473 7.780 2.185 4.840 2.563 5.897 4.100 0.736 3.127 9.815 4.907 5.229 2.603 4.207 5.593 3.214 2.281 8.315 6.027 1.336 5.887 
3.496 2.004 6.911 4.387 8.616 4.786 2.060 4.551 2.390 5.688 8.818 11.157 2.808 6.133 6.445 6.067 6.356 5.576 5.351 2.906 9.563 7.872 1.557 3.739 1.458 1.753 5.236 8.652 6.658 1.459 1.978 8.431 9.101 0.822 2.661 5.260 10.628 0.231 4.714 0.195 
5.199 1.759 7.595 5.303 10.259 5.284 2.434 5.072 1.894 6.111 10.361 12.667 2.486 7.744 7.589 7.486 7.594 7.196 5.982 2.440 11.189 8.314 1.670 4.904 3.157 2.901 6.043 9.539 8.199 1.614 1.368 9.041 10.213 2.533 3.350 6.469 12.220 1.553 5.222 1.882 
1.562 6.229 7.536 5.380 4.638 6.626 5.668 6.443 6.634 7.363 5.500 7.779 6.747 2.130 5.689 4.197 5.247 2.535 6.643 6.946 5.633 8.923 5.778 4.424 3.315 4.526 6.104 8.227 2.999 5.719 6.444 8.908 7.776 3.956 5.357 4.772 6.832 4.919 6.564 4.589 
2.811 2.354 6.608 4.033 7.934 4.609 2.155 4.372 2.766 5.518 8.162 10.508 3.082 5.579 5.952 5.462 5.824 4.902 5.100 3.220 8.885 7.656 1.878 3.284 0.867 1.469 4.910 8.247 6.153 1.792 2.442 8.141 8.602 0.161 2.520 4.753 9.956 0.892 4.536 0.562 
4.154 8.571 10.084 8.010 5.488 9.261 8.115 9.077 8.985 9.993 6.810 8.752 9.179 0.718 8.098 6.475 7.612 4.723 9.267 9.361 6.346 11.489 8.100 7.058 5.413 7.000 8.715 10.558 0.905 8.027 8.714 11.396 9.868 6.117 7.914 7.301 7.521 6.944 9.198 6.650 
2.429 5.463 8.576 6.082 6.925 7.083 5.189 6.861 5.874 7.947 7.725 10.037 6.178 2.695 7.150 5.948 6.807 4.539 7.344 6.326 7.920 9.852 4.987 5.106 2.271 4.211 6.941 9.703 3.107 4.901 5.523 10.070 9.543 2.956 5.272 6.036 9.118 3.629 7.012 3.370 
7.153 5.325 1.874 3.195 9.024 2.118 4.824 2.350 5.210 1.239 8.053 9.543 4.622 10.687 4.001 5.504 4.491 6.901 1.925 4.725 9.494 1.423 5.535 4.176 7.212 5.240 2.500 3.788 11.526 5.622 5.715 2.453 5.258 6.779 4.186 4.119 9.932 6.988 2.191 6.924 
5.084 8.502 5.570 5.284 1.854 6.441 7.669 6.422 8.780 6.601 0.762 3.028 8.531 6.595 3.366 2.285 2.915 2.745 5.891 8.760 2.136 6.848 8.236 5.034 7.102 6.792 5.281 4.827 7.430 8.237 8.908 6.230 3.590 7.395 6.825 3.736 2.745 8.355 6.426 8.041 
2.361 5.547 4.557 2.934 3.862 4.266 4.738 4.155 5.859 4.782 3.757 6.076 5.687 5.188 2.571 1.182 2.129 1.039 4.011 5.918 4.695 5.975 5.243 2.289 4.132 3.779 3.389 5.107 6.078 5.236 5.931 5.841 4.778 4.364 3.978 1.789 5.645 5.310 4.223 5.000 
6.238 5.098 1.000 2.300 7.934 1.576 4.464 1.802 5.069 0.774 6.990 8.562 4.511 9.727 2.921 4.411 3.403 5.834 1.041 4.660 8.420 1.538 5.219 3.286 6.531 4.653 1.495 3.131 10.580 5.295 5.526 2.205 4.439 6.177 3.682 3.044 8.890 6.526 1.643 6.415 
3.101 5.232 3.496 2.072 4.528 3.361 4.391 3.285 5.489 3.787 4.071 6.241 5.221 6.208 1.631 1.028 1.305 2.064 3.014 5.450 5.242 4.912 5.006 1.727 4.483 3.619 2.380 4.194 7.093 5.018 5.654 4.807 4.112 4.553 3.521 0.729 6.044 5.399 3.329 5.123 
4.425 8.669 7.020 6.066 0.802 7.363 7.893 7.286 9.008 7.729 1.949 3.994 8.882 4.938 4.736 3.169 4.212 2.351 6.967 9.111 1.799 8.389 8.320 5.513 6.589 6.852 6.328 6.635 5.713 8.297 9.020 7.910 5.513 7.044 7.186 4.646 2.987 8.054 7.331 7.719 
6.994 10.142 6.266 6.675 2.922 7.662 9.299 7.692 10.385 7.623 1.503 1.421 10.076 8.344 4.413 3.918 4.120 4.658 7.004 10.302 2.440 7.321 9.919 6.625 8.979 8.512 6.459 4.875 9.142 9.930 10.567 6.481 3.297 9.236 8.408 5.159 2.070 10.173 7.662 9.867 
7.140 6.793 0.953 3.533 7.613 3.253 6.108 3.456 6.792 2.530 6.410 7.571 6.247 10.417 2.777 4.472 3.304 6.154 2.550 6.403 7.902 1.113 6.872 4.416 7.846 6.124 2.648 1.551 11.300 6.942 7.231 0.613 3.102 7.592 5.257 3.536 8.145 8.065 3.311 7.916 
8.918 7.780 2.628 5.088 9.502 4.379 7.229 4.614 7.683 3.481 8.234 9.148 7.097 12.285 4.716 6.410 5.244 8.080 3.880 7.204 9.730 1.315 7.962 6.051 9.373 7.497 4.216 2.985 13.162 8.045 8.181 1.443 4.585 9.024 6.503 5.400 9.869 9.345 4.450 9.248 
4.195 8.925 9.299 7.572 3.755 8.892 8.329 8.741 9.326 9.510 5.169 6.980 9.407 2.195 7.138 5.446 6.617 3.781 8.748 9.613 4.560 10.719 8.480 6.711 6.007 7.182 8.143 9.438 2.729 8.423 9.151 10.470 8.548 6.663 7.926 6.561 5.717 7.610 8.839 7.284 
5.790 5.422 0.530 2.064 7.047 1.938 4.698 2.107 5.460 1.481 6.068 7.638 4.944 9.179 2.015 3.579 2.516 5.103 1.173 5.120 7.506 1.873 5.464 2.970 6.382 4.658 1.178 2.480 10.050 5.529 5.868 2.063 3.613 6.121 3.820 2.332 7.962 6.606 1.983 6.450 
6.668 4.496 2.283 2.783 9.026 1.524 4.030 1.731 4.370 0.873 8.177 9.831 3.780 10.234 4.099 5.438 4.539 6.677 1.641 3.880 9.574 2.226 4.723 3.715 6.535 4.532 2.279 4.370 11.052 4.813 4.879 3.195 5.731 6.063 3.456 3.965 10.107 6.211 1.591 6.166 
5.250 2.308 3.734 2.259 8.796 1.420 1.864 1.290 2.221 2.096 8.302 10.310 1.651 8.783 4.539 5.278 4.788 5.983 2.194 1.796 9.525 4.267 2.531 2.718 4.601 2.585 2.539 5.834 9.531 2.622 2.707 5.067 6.854 4.041 1.522 3.808 10.285 4.058 1.383 4.047 
