10 20 40
158 45 104 86 105 173 127 38 38 72 
851 777 384 136 644 140 669 377 625 719 195 514 676 58 501 492 100 724 361 478 
27 10 18 34 18 32 34 11 27 14 30 17 10 7 21 17 33 13 18 25 24 35 23 19 16 8 32 27 20 26 34 29 25 21 33 27 32 28 34 32 
1317.871 1294.657 942.991 524.904 1285.752 587.014 1195.251 990.321 1171.649 1266.790 675.538 1076.414 1209.638 360.362 1066.472 1002.790 479.915 1324.105 909.554 1068.637 
0.854 1.854 4.978 4.962 4.896 1.915 2.270 2.393 3.103 4.202 4.762 0.808 4.884 4.303 4.239 4.334 5.525 4.365 2.701 4.298 
5.771 4.691 2.061 4.415 2.300 3.373 2.981 5.314 5.446 6.452 7.402 4.714 0.974 6.525 9.117 1.214 2.543 1.097 7.915 8.430 
1.761 1.542 6.697 3.832 6.695 3.172 3.763 4.898 5.608 1.899 2.278 3.209 5.498 1.988 3.141 5.706 7.329 5.132 2.956 6.337 
4.732 3.099 5.339 0.701 5.493 3.356 3.622 6.377 6.881 3.281 4.193 4.836 2.742 3.320 7.152 4.081 5.971 2.805 6.747 9.025 
3.503 3.095 8.240 4.051 8.268 4.771 5.366 6.673 7.383 1.265 0.745 4.985 6.620 1.261 3.285 7.151 8.891 6.357 4.074 7.885 
5.742 4.554 2.522 4.008 2.754 3.371 3.050 5.550 5.734 6.160 7.112 4.806 0.595 6.229 9.020 1.556 3.020 0.937 7.910 8.653 
2.156 0.809 4.424 2.979 4.452 1.026 1.593 3.817 4.414 3.141 3.988 2.143 3.250 3.239 5.262 3.371 5.074 2.829 4.320 6.294 
3.751 2.497 7.052 2.107 7.132 3.909 4.450 6.506 7.166 0.687 1.581 4.738 5.000 0.711 4.983 5.853 7.715 4.842 5.181 8.431 
3.055 4.587 8.351 7.563 8.232 5.383 5.768 4.705 5.286 5.544 5.489 4.130 8.329 5.612 2.075 7.820 8.834 7.830 0.893 3.909 
7.241 8.365 7.170 11.152 6.913 7.411 7.150 4.413 3.874 10.789 11.276 6.134 9.366 10.889 9.168 7.796 7.095 8.858 7.219 3.291 
3.780 5.998 5.599 5.235 1.671 1.575 0.458 5.527 2.741 4.703 1.486 2.591 2.693 7.386 4.874 4.553 3.705 6.910 5.829 4.973 4.013 4.952 1.804 4.930 4.054 3.638 3.472 0.813 6.246 4.421 7.238 2.400 1.130 3.884 2.728 5.761 1.810 0.709 6.784 4.400 
2.217 5.331 4.252 6.578 0.590 2.822 1.418 4.382 3.463 4.046 0.374 1.333 3.254 6.481 5.861 6.186 4.652 7.850 5.739 6.331 3.715 6.477 3.265 5.208 4.590 4.904 3.278 0.830 6.867 4.870 8.191 4.002 2.758 5.252 2.471 5.118 1.631 0.927 7.819 5.235 
4.376 0.527 8.163 6.865 5.770 5.119 5.941 2.325 8.390 1.155 5.536 3.960 8.266 2.150 5.100 8.944 9.421 6.098 1.598 10.456 1.751 10.074 7.378 2.653 3.380 5.646 2.302 5.473 4.377 3.141 6.387 7.537 6.171 9.406 2.989 0.382 6.785 5.404 6.432 4.364 
1.733 5.856 2.245 9.598 3.197 5.909 4.496 4.024 5.740 4.952 3.315 2.938 5.419 6.244 8.605 9.307 6.965 10.458 7.204 9.021 5.322 9.398 6.233 7.257 7.010 7.909 5.166 3.975 9.164 7.163 10.802 7.080 5.917 8.007 4.601 5.743 3.885 4.087 10.530 7.878 
4.496 0.781 8.288 6.635 5.783 4.991 5.896 2.549 8.348 1.228 5.541 4.003 8.234 2.379 4.860 8.776 9.359 5.839 1.345 10.343 1.652 9.935 7.287 2.405 3.160 5.443 2.204 5.446 4.118 2.908 6.128 7.415 6.065 9.300 2.930 0.639 6.782 5.371 6.175 4.131 
2.132 3.719 5.438 5.987 2.267 2.602 2.511 3.144 4.916 2.416 2.019 0.812 4.765 5.009 4.865 6.563 6.016 6.720 4.083 7.366 2.047 7.255 4.195 3.701 3.289 4.320 1.653 1.978 5.510 3.485 7.064 4.643 3.213 6.279 0.907 3.495 3.260 1.932 6.785 4.133 
2.390 3.158 5.909 5.894 2.863 2.788 3.037 2.804 5.469 1.853 2.614 1.264 5.331 4.513 4.621 6.805 6.542 6.390 3.503 7.798 1.463 7.613 4.637 3.215 2.933 4.269 1.122 2.537 5.084 3.076 6.732 5.000 3.567 6.716 0.562 2.929 3.850 2.477 6.496 3.856 
5.150 4.600 8.235 3.073 4.430 1.727 3.634 5.283 5.744 3.662 4.150 3.812 5.781 6.240 1.871 4.881 6.414 3.841 3.406 6.809 2.585 6.193 4.147 2.104 1.037 1.563 2.204 3.598 3.055 1.448 4.182 3.900 2.880 5.866 2.283 4.368 4.960 3.453 3.825 1.234 
5.647 4.520 8.866 2.889 5.112 2.432 4.349 5.466 6.446 3.753 4.830 4.355 6.490 6.161 1.346 5.246 7.085 3.198 3.044 7.363 2.693 6.669 4.816 1.646 0.637 1.702 2.438 4.296 2.340 0.974 3.542 4.498 3.565 6.457 2.725 4.304 5.671 4.153 3.238 0.586 
3.374 7.503 2.228 8.815 2.107 5.116 3.136 6.077 3.248 6.309 2.390 3.530 2.900 8.344 8.346 7.521 4.392 10.365 8.237 6.598 6.197 7.201 4.327 7.796 7.176 7.212 5.812 2.960 9.454 7.463 10.702 5.300 4.570 5.688 5.026 7.323 1.888 3.109 10.291 7.770 
4.327 8.424 2.565 9.201 2.804 5.612 3.580 7.028 2.976 7.211 3.087 4.412 2.634 9.293 8.900 7.528 3.969 10.934 9.074 6.243 7.037 6.988 4.400 8.550 7.863 7.661 6.624 3.552 10.131 8.174 11.265 5.385 4.896 5.433 5.823 8.238 2.231 3.695 10.821 8.376 
3.655 4.592 6.483 4.481 2.665 1.031 2.030 4.557 4.388 3.355 2.384 2.269 4.349 6.104 3.619 5.049 5.280 5.610 4.191 6.220 2.494 5.922 3.145 3.282 2.464 2.793 1.942 1.865 4.719 2.805 5.950 3.330 1.932 5.163 1.358 4.348 3.279 1.727 5.577 3.001 
2.193 2.549 5.685 8.462 4.517 5.512 5.295 0.586 7.487 2.105 4.394 2.743 7.260 2.829 6.965 9.517 8.682 8.427 4.315 10.255 3.004 10.213 7.094 4.895 5.134 6.911 3.216 4.690 6.835 5.097 8.750 7.607 6.180 9.165 3.227 2.499 5.584 4.700 8.655 6.170 
3.445 7.589 2.164 8.912 2.210 5.216 3.232 6.149 3.292 6.399 2.493 3.624 2.943 8.419 8.447 7.595 4.423 10.466 8.334 6.640 6.293 7.257 4.403 7.897 7.279 7.310 5.911 3.061 9.556 7.565 10.804 5.378 4.662 5.738 5.126 7.410 1.975 3.210 10.392 7.872 
6.606 9.467 6.527 6.828 4.050 4.448 3.296 8.833 1.154 8.168 4.128 5.778 1.489 10.816 7.330 4.013 0.285 9.234 9.205 2.233 7.475 3.045 1.992 8.147 7.145 5.775 6.928 3.857 9.076 7.549 9.512 2.533 3.268 1.488 6.199 9.231 3.070 3.881 8.940 7.141 
3.129 1.204 6.909 7.116 4.742 4.698 5.116 1.302 7.522 0.483 4.534 2.870 7.361 2.421 5.490 8.686 8.623 6.811 2.636 9.875 1.550 9.632 6.724 3.265 3.658 5.689 1.956 4.585 5.178 3.551 7.125 7.032 5.611 8.798 2.354 1.034 5.795 4.541 7.072 4.703 
5.031 0.860 8.813 7.011 6.412 5.589 6.534 2.854 8.986 1.815 6.173 4.616 8.872 2.106 5.199 9.314 9.993 5.979 1.415 10.950 2.281 10.515 7.910 2.720 3.597 5.914 2.831 6.085 4.231 3.299 6.247 8.015 6.680 9.913 3.567 0.903 7.417 6.010 6.357 4.510 
2.020 2.373 5.701 7.915 4.144 4.970 4.838 0.756 7.090 1.679 3.998 2.309 6.878 2.980 6.436 8.980 8.268 7.939 3.952 9.781 2.495 9.707 6.613 4.425 4.611 6.359 2.677 4.242 6.376 4.591 8.265 7.096 5.665 8.691 2.674 2.273 5.219 4.241 8.152 5.642 
5.905 7.979 6.978 4.906 3.497 2.614 2.277 7.689 2.095 6.720 3.432 4.772 2.336 9.453 5.334 2.763 2.281 7.243 7.442 2.840 5.887 2.786 0.451 6.288 5.251 3.779 5.335 2.885 7.100 5.661 7.526 0.624 1.470 1.770 4.703 7.737 2.934 2.832 6.961 5.168 
7.861 7.658 10.279 0.949 6.332 3.342 5.103 8.386 6.148 6.780 6.110 6.474 6.353 9.303 2.441 2.725 6.219 3.663 6.141 5.507 5.702 4.456 4.318 4.723 3.790 1.559 5.314 5.428 4.325 4.092 3.860 3.456 3.658 4.954 5.251 7.436 6.360 5.289 3.235 2.924 
