25 50 100
123 48 79 36 63 102 65 84 112 112 132 91 101 59 40 86 72 50 58 66 39 75 81 77 75 
344 462 309 312 473 446 267 138 361 177 565 370 494 656 439 450 574 301 607 598 696 534 520 284 454 322 47 177 416 429 325 620 74 182 70 380 635 200 86 559 183 473 489 397 341 510 687 218 110 392 
34 11 25 24 9 27 7 26 11 12 18 18 13 31 32 10 33 12 32 29 19 10 25 5 34 34 34 25 25 8 16 7 11 16 22 11 12 29 33 15 8 21 7 20 7 29 15 21 8 13 10 5 14 25 33 5 31 16 28 27 34 32 23 19 21 16 24 6 31 32 25 31 14 21 10 24 24 18 10 35 7 11 9 26 5 6 16 20 6 24 15 5 22 34 30 21 12 23 17 6 
974.340 1185.691 884.952 911.768 1114.490 1113.473 907.817 659.538 987.794 726.476 1264.638 974.910 1111.459 1322.205 1102.133 1190.209 1173.086 878.151 1201.617 1295.700 1358.583 1178.644 1172.255 904.110 1082.117 925.517 404.900 681.215 1037.124 1027.933 994.550 1303.549 464.874 775.546 488.706 989.447 1290.311 762.553 515.130 1207.608 683.656 1112.577 1127.915 988.405 960.260 1168.592 1294.041 786.261 528.867 1031.119 
3.609 5.613 2.552 3.007 2.225 4.711 2.576 4.646 7.219 4.537 4.752 2.715 5.818 0.810 3.944 0.411 4.242 6.918 4.080 5.499 3.752 0.572 2.769 2.674 5.869 6.748 7.084 6.910 4.157 7.162 5.222 3.816 0.197 1.609 5.398 4.653 3.437 5.803 2.217 3.552 1.092 2.141 6.605 3.605 1.476 3.241 2.952 5.869 4.560 2.539 
3.598 1.909 5.249 5.165 2.439 6.634 5.542 2.873 5.490 2.430 7.600 2.218 2.104 4.660 3.030 3.443 0.403 5.309 0.556 1.649 6.558 3.563 6.619 6.526 2.921 4.891 3.540 5.401 5.346 4.299 6.645 7.292 3.899 5.258 5.622 3.354 7.077 7.736 5.550 0.560 3.798 3.126 3.218 7.457 4.555 5.081 2.459 2.929 5.629 5.840 
2.261 7.535 3.174 2.461 6.443 1.897 3.518 3.502 11.167 8.042 3.748 6.729 7.686 5.293 2.891 5.087 6.151 10.935 6.401 6.729 3.300 4.643 6.121 6.129 8.773 10.588 6.654 10.992 9.218 5.444 1.211 4.916 5.357 4.736 10.250 8.698 7.774 2.467 4.129 5.295 4.069 3.353 6.056 6.695 3.945 2.089 3.458 5.021 0.690 4.090 
8.576 5.313 8.712 9.059 4.303 10.784 8.759 8.384 1.917 3.201 10.920 4.002 5.391 6.659 8.305 6.018 5.539 1.629 5.098 6.194 9.934 6.473 7.994 7.875 3.809 1.985 8.411 1.477 2.756 9.681 11.144 9.751 6.033 7.644 1.298 2.216 7.061 11.910 8.361 5.970 7.069 7.394 8.350 8.577 7.646 9.198 7.388 8.394 10.284 8.673 
9.110 10.262 6.935 7.646 6.559 8.855 6.616 10.265 9.350 8.282 7.674 6.917 10.450 5.070 9.546 5.953 9.266 9.028 8.942 10.527 7.260 6.168 4.056 4.023 9.716 9.201 12.454 8.910 4.877 12.746 9.657 5.913 5.467 5.385 6.204 7.658 2.338 9.587 5.989 8.844 6.492 7.704 12.043 3.757 6.272 8.022 8.570 11.414 9.422 6.080 
8.249 9.149 6.280 6.973 5.464 8.320 6.002 9.309 8.309 7.162 7.333 5.811 9.336 4.223 8.628 4.990 8.178 7.983 7.845 9.433 6.784 5.248 3.588 3.525 8.598 8.134 11.390 7.872 3.811 11.743 9.080 5.603 4.518 4.690 5.200 6.548 1.763 9.146 5.370 7.787 5.629 6.809 10.993 3.523 5.506 7.333 7.625 10.397 8.745 5.511 
7.171 4.585 7.232 7.579 2.848 9.304 7.283 7.118 2.811 2.291 9.452 2.591 4.710 5.209 6.958 4.537 4.455 2.481 4.006 5.323 8.460 4.992 6.639 6.520 3.393 2.545 7.569 2.410 1.822 8.660 9.675 8.326 4.561 6.191 1.236 1.285 5.886 10.430 6.896 4.736 5.588 5.944 7.419 7.272 6.167 7.722 6.002 7.318 8.828 7.211 
5.815 0.569 7.710 7.598 4.309 8.990 8.005 4.586 4.587 2.669 10.049 3.885 0.365 6.989 5.092 5.778 2.064 4.552 2.110 1.290 9.013 5.963 8.942 8.841 1.727 4.031 3.049 4.704 6.439 4.632 8.905 9.743 6.193 7.668 6.104 3.630 9.155 10.060 8.001 2.964 6.246 5.571 3.175 9.769 7.007 7.486 4.800 3.666 7.871 8.296 
5.904 1.718 7.088 7.165 2.877 8.764 7.299 5.204 3.155 0.699 9.476 2.384 1.824 5.811 5.386 4.693 2.169 3.005 1.807 2.588 8.421 5.006 7.680 7.569 0.825 2.553 4.801 3.117 4.459 6.114 8.877 8.835 5.003 6.646 4.094 1.611 7.580 9.893 7.141 2.894 5.445 5.161 4.749 8.467 6.192 7.158 4.716 4.886 7.887 7.459 
5.130 4.975 4.595 5.021 1.281 6.739 4.606 5.646 5.383 3.196 6.750 1.621 5.168 2.493 5.187 1.961 3.999 5.065 3.653 5.241 5.775 2.426 4.042 3.924 4.655 4.977 7.257 5.032 2.214 7.814 7.205 5.618 1.877 3.475 3.358 2.943 3.728 7.841 4.189 3.712 3.035 3.709 6.905 4.757 3.518 5.220 4.133 6.430 6.461 4.501 
7.281 9.401 4.869 5.584 5.645 6.685 4.516 8.621 9.522 7.750 5.466 6.094 9.602 3.371 7.825 4.480 8.185 9.191 7.939 9.465 5.073 4.562 1.914 1.905 9.210 9.240 11.165 9.109 5.112 11.204 7.504 3.705 3.987 3.409 6.634 7.380 0.839 7.385 3.907 7.594 4.739 5.976 10.692 1.553 4.360 5.972 6.934 9.942 7.344 3.955 
2.779 7.106 0.054 0.721 4.498 2.242 0.447 4.447 9.566 6.656 2.443 4.936 7.301 2.309 3.545 2.646 5.594 9.281 5.620 6.657 1.387 2.200 2.962 2.961 7.806 9.055 7.588 9.291 6.631 7.055 2.873 2.324 2.678 1.575 7.904 6.978 4.594 3.304 0.962 4.703 1.636 2.119 7.012 3.610 1.031 1.106 3.077 6.049 2.496 1.013 
6.712 7.271 5.192 5.820 3.583 7.371 5.012 7.602 6.825 5.335 6.774 3.927 7.459 2.884 6.987 3.336 6.300 6.495 5.963 7.550 6.009 3.677 3.185 3.078 6.786 6.567 9.529 6.408 2.409 9.956 8.034 5.219 2.919 3.641 3.941 4.807 1.907 8.337 4.417 5.939 4.161 5.238 9.148 3.567 4.241 6.134 5.951 8.592 7.527 4.645 
5.355 8.083 2.926 3.641 4.491 4.860 2.594 6.769 9.078 6.782 3.926 4.983 8.288 1.683 5.941 2.900 6.730 8.755 6.558 7.987 3.313 2.846 0.322 0.204 8.192 8.693 9.496 8.709 5.100 9.383 5.643 2.297 2.458 1.462 6.606 6.660 1.724 5.677 1.971 6.027 2.893 4.113 8.988 1.120 2.427 4.025 5.109 8.172 5.411 2.062 
8.960 9.640 7.011 7.705 6.018 9.045 6.732 9.986 8.472 7.577 8.025 6.333 9.822 4.944 9.321 5.672 8.737 8.153 8.387 9.976 7.500 5.947 4.294 4.236 8.988 8.347 11.979 8.031 4.040 12.390 9.809 6.284 5.209 5.422 5.308 6.892 2.472 9.859 6.100 8.390 6.344 7.513 11.600 4.172 6.235 8.065 8.309 11.033 9.477 6.237 
1.843 3.599 4.321 3.971 3.791 5.091 4.706 0.807 7.593 4.516 6.422 3.815 3.743 4.750 1.060 3.715 2.310 7.411 2.652 2.789 5.465 3.562 6.540 6.476 4.951 6.994 3.310 7.500 6.912 3.090 4.905 6.589 4.207 4.965 7.473 5.383 7.506 6.103 4.949 1.622 3.443 2.275 2.742 7.360 4.043 3.750 1.246 1.844 3.870 5.168 
4.417 5.494 3.476 3.955 1.787 5.653 3.460 5.251 6.504 4.064 5.589 2.273 5.697 1.334 4.642 1.029 4.274 6.191 4.021 5.555 4.622 1.447 3.035 2.922 5.479 6.071 7.357 6.167 3.210 7.646 6.171 4.474 0.761 2.313 4.485 3.997 3.156 6.735 3.027 3.747 2.026 2.943 6.930 3.813 2.402 4.190 3.601 6.300 5.499 3.338 
5.495 8.909 2.756 3.434 5.474 4.271 2.346 7.072 10.208 7.792 2.999 5.971 9.114 2.533 6.193 3.709 7.488 9.888 7.370 8.706 2.639 3.527 0.897 1.008 9.166 9.804 10.021 9.847 6.283 9.706 5.117 1.250 3.344 1.843 7.788 7.747 2.608 4.915 1.867 6.710 3.375 4.479 9.479 0.952 2.711 3.828 5.508 8.590 5.098 1.760 
8.307 5.476 8.258 8.641 3.969 10.367 8.281 8.246 2.549 3.247 10.419 3.730 5.575 6.139 8.097 5.578 5.518 2.244 5.070 6.293 9.451 6.040 7.398 7.279 4.085 2.536 8.534 2.105 2.101 9.709 10.766 9.198 5.552 7.123 0.636 2.214 6.415 11.484 7.857 5.853 6.644 7.061 8.426 7.960 7.185 8.801 7.140 8.387 9.938 8.165 
6.763 5.894 6.024 6.522 2.681 8.214 5.967 7.222 4.904 3.731 8.003 2.805 6.062 3.739 6.804 3.525 5.229 4.573 4.822 6.374 7.097 3.980 4.781 4.664 5.121 4.658 8.524 4.486 0.656 9.263 8.738 6.655 3.328 4.696 2.128 3.024 3.808 9.283 5.468 5.131 4.579 5.336 8.238 5.322 4.957 6.755 5.754 7.874 8.042 5.756 
9.234 4.955 9.860 10.105 5.311 11.801 9.970 8.699 0.374 3.449 12.171 4.894 4.963 8.020 8.809 7.192 5.674 0.539 5.289 5.953 11.146 7.615 9.542 9.422 3.285 0.963 8.007 0.522 4.528 9.505 12.049 11.162 7.309 8.987 3.135 2.840 8.773 12.940 9.648 6.331 8.175 8.253 8.079 10.185 8.833 10.183 8.026 8.351 11.114 9.969 
2.999 7.440 0.286 0.771 4.824 2.030 0.360 4.694 9.893 6.993 2.103 5.267 7.634 2.531 3.789 2.958 5.927 9.606 5.957 6.980 1.048 2.519 2.960 2.972 8.146 9.385 7.867 9.614 6.892 7.283 2.727 2.084 2.961 1.710 8.188 7.305 4.659 3.047 0.991 5.032 1.966 2.440 7.287 3.548 1.322 1.162 3.378 6.312 2.473 0.929 
4.454 3.209 4.959 5.156 0.578 6.845 5.117 4.444 4.689 1.794 7.322 0.187 3.405 3.498 4.228 2.410 2.261 4.420 1.886 3.473 6.275 2.767 5.372 5.263 3.139 4.158 5.553 4.450 3.343 6.289 7.109 6.555 2.692 4.353 3.843 2.119 5.415 7.985 4.894 2.171 3.274 3.317 5.248 6.169 3.985 5.228 3.273 4.903 6.203 5.215 
6.364 3.406 6.836 7.084 2.286 8.786 6.953 6.116 2.788 1.108 9.157 1.877 3.536 5.077 6.051 4.178 3.323 2.497 2.875 4.141 8.127 4.594 6.747 6.630 2.334 2.311 6.387 2.511 2.750 7.516 9.065 8.221 4.330 6.022 2.416 0.237 6.305 9.925 6.653 3.702 5.149 5.273 6.249 7.464 5.815 7.172 5.163 6.191 8.157 6.976 
4.676 6.419 3.115 3.713 2.743 5.316 2.990 5.761 7.364 5.016 4.969 3.229 6.622 0.772 5.052 1.467 5.147 7.045 4.923 6.424 4.082 1.670 2.088 1.973 6.435 6.956 8.126 7.009 3.689 8.267 5.939 3.677 0.972 1.668 5.105 4.904 2.349 6.334 2.449 4.544 2.070 3.229 7.666 2.856 2.123 4.016 4.066 6.962 5.404 2.727 
4.324 0.509 3.906 8.502 1.618 5.378 5.482 3.764 5.975 1.520 6.168 3.744 6.373 4.033 3.483 7.940 6.005 6.762 7.156 6.130 3.371 3.554 3.350 5.934 4.417 5.828 8.553 5.857 5.386 2.961 6.878 4.312 2.870 7.634 2.138 5.988 5.406 1.086 4.904 2.607 7.827 5.031 1.929 3.796 5.222 1.032 0.378 5.314 7.635 5.972 5.213 3.688 6.339 2.666 0.508 5.238 1.959 4.392 3.167 5.691 2.669 4.658 2.478 1.312 6.327 1.042 7.816 5.465 5.549 3.561 3.632 8.046 4.814 5.962 1.481 5.625 3.438 6.928 7.526 5.852 3.757 7.168 1.905 5.433 3.807 5.366 6.005 5.052 4.020 0.246 4.734 4.768 7.062 0.507 4.123 4.723 5.947 4.451 1.989 4.956 
7.791 5.167 5.086 4.203 5.560 0.475 6.444 8.255 6.809 4.055 5.630 1.972 5.355 3.008 7.684 5.058 2.816 3.092 7.596 8.474 7.490 2.739 7.267 7.527 0.971 5.804 8.738 5.399 6.588 4.516 2.976 8.918 2.837 9.167 7.475 8.297 8.924 6.135 4.073 7.619 5.678 4.339 6.189 7.542 1.434 6.343 5.702 9.374 3.203 1.093 6.518 1.662 4.971 7.741 4.830 1.150 4.204 8.805 8.409 1.169 8.003 8.705 2.999 4.959 7.345 4.937 4.769 8.762 7.092 2.227 3.810 9.718 1.882 7.826 6.510 5.522 2.563 8.226 8.201 4.955 6.544 2.616 6.148 5.620 9.070 6.630 9.179 4.892 9.302 5.103 4.680 2.503 5.772 5.844 4.862 1.356 2.953 1.472 3.560 9.066 
1.698 2.527 3.253 9.227 1.632 7.029 4.095 1.101 4.498 3.239 5.428 6.057 5.833 4.740 0.673 7.986 6.706 7.469 5.602 3.763 0.582 4.609 0.696 4.019 6.190 4.912 6.893 5.184 3.884 2.971 7.671 1.760 5.341 5.444 2.627 3.663 2.644 3.295 7.663 1.197 7.512 7.807 4.362 1.125 6.506 2.218 2.745 2.516 8.561 7.443 3.712 5.562 6.001 1.378 3.102 7.421 2.954 1.690 2.188 7.086 2.606 1.850 4.212 4.117 4.644 3.852 7.973 2.764 3.774 4.972 6.389 5.748 5.947 3.884 1.475 4.834 5.925 4.960 5.777 5.430 1.901 8.237 4.356 4.548 2.714 3.832 3.304 4.559 2.973 2.991 4.351 5.607 6.470 2.563 6.933 6.120 6.575 6.703 3.671 2.160 
2.411 2.119 3.653 9.443 1.531 6.980 4.684 1.467 5.110 3.032 5.917 5.793 6.288 4.881 1.308 8.346 6.897 7.671 6.239 4.477 1.273 4.658 1.411 4.693 6.093 5.426 7.553 5.654 4.490 3.182 7.854 2.024 5.012 6.153 1.919 4.375 3.311 2.638 7.201 0.666 7.943 7.330 3.699 1.839 6.548 1.563 2.166 3.051 8.722 7.449 4.313 5.424 6.416 0.845 2.667 7.216 2.901 2.095 1.688 7.108 1.948 2.428 4.068 3.574 5.291 3.323 8.308 3.457 4.425 4.943 5.929 6.462 6.017 4.577 0.846 5.321 5.597 5.648 6.443 5.852 2.511 8.358 3.695 5.048 2.298 4.442 3.993 4.975 2.561 2.509 4.736 5.741 6.945 1.973 6.394 6.124 6.782 6.468 3.510 2.694 
4.518 3.897 1.524 4.680 3.413 3.408 2.678 5.507 3.058 2.933 2.194 4.039 2.186 0.823 4.844 3.624 2.197 2.938 3.953 4.769 4.641 1.397 4.346 3.766 3.052 2.165 5.228 1.893 2.824 1.632 3.158 6.158 4.076 5.406 6.113 4.595 5.530 5.444 6.614 5.473 3.476 6.863 6.124 4.458 2.521 4.972 4.695 6.196 4.070 3.487 2.763 2.933 2.036 5.645 4.020 4.626 2.400 5.915 6.473 3.105 6.459 5.596 2.537 4.975 3.591 4.759 3.542 5.296 3.338 1.980 5.665 5.955 1.941 4.080 4.686 1.879 4.396 4.467 4.530 1.652 3.219 3.829 6.089 1.904 7.104 2.868 5.637 1.188 7.366 4.243 0.925 1.359 2.841 4.711 6.709 2.413 2.048 4.282 2.644 5.950 
3.599 3.322 5.374 11.126 3.156 8.458 6.297 2.007 6.690 4.439 7.613 6.990 7.999 6.543 2.415 10.072 8.575 9.351 7.771 5.680 2.522 6.262 2.795 6.142 7.528 7.107 9.023 7.359 6.081 4.890 9.524 2.032 6.118 7.398 1.455 5.616 4.104 2.960 7.918 1.062 9.662 7.994 3.815 3.094 8.122 2.221 2.945 3.418 10.375 8.981 5.910 6.821 8.138 0.881 3.737 8.476 4.471 2.387 0.087 8.658 0.957 3.045 5.500 4.243 6.805 4.067 10.031 4.374 5.938 6.474 6.691 7.620 7.619 5.956 1.987 7.018 6.681 7.036 7.902 7.572 4.103 9.985 3.829 6.737 0.598 6.027 4.847 6.695 0.853 3.495 6.461 7.393 8.649 2.761 6.895 7.669 8.467 7.694 4.944 3.128 
1.338 2.932 3.302 9.355 1.983 7.300 3.967 0.838 4.341 3.590 5.383 6.412 5.813 4.931 0.262 8.027 6.857 7.611 5.409 3.432 0.183 4.848 0.436 3.784 6.483 4.849 6.665 5.156 3.740 3.149 7.822 1.504 5.718 5.131 2.964 3.343 2.230 3.707 8.067 1.448 7.503 8.215 4.773 0.775 6.736 2.629 3.164 2.113 8.723 7.687 3.573 5.875 6.010 1.614 3.508 7.753 3.256 1.357 2.361 7.324 2.884 1.440 4.534 4.535 4.443 4.268 8.030 2.364 3.576 5.243 6.794 5.412 6.167 3.616 1.888 4.795 6.300 4.697 5.545 5.438 1.793 8.421 4.767 4.500 2.817 3.683 2.901 4.578 3.067 3.404 4.396 5.795 6.431 2.982 7.349 6.369 6.718 7.047 4.003 1.760 
5.870 1.959 4.692 7.936 3.047 4.375 6.401 5.479 6.895 1.858 6.679 2.331 6.751 3.972 5.151 7.843 5.639 6.321 8.038 7.482 5.021 3.356 4.954 7.074 3.425 6.469 9.428 6.363 6.370 3.663 6.369 6.039 1.400 8.839 3.594 7.325 7.001 2.071 3.184 4.330 7.960 3.325 1.989 5.383 4.524 2.690 1.959 6.999 6.984 5.055 6.213 2.728 6.602 4.380 1.382 3.821 2.548 6.107 4.802 4.856 4.170 6.330 2.079 0.769 7.327 0.838 7.657 7.016 6.648 3.063 1.910 9.301 4.288 7.179 3.211 6.219 1.878 8.040 8.494 6.215 5.078 6.449 1.949 6.100 5.409 6.367 7.546 5.554 5.597 1.512 5.223 4.468 7.413 2.155 2.545 4.003 5.635 3.029 1.953 6.642 
9.435 8.561 6.482 0.420 8.379 4.206 6.762 10.566 6.824 7.405 5.154 6.446 4.622 5.000 9.899 2.408 2.961 2.185 6.902 9.043 9.696 5.379 9.395 7.835 5.018 5.677 7.395 5.175 7.022 6.669 2.044 11.208 7.161 8.862 10.935 8.895 10.302 9.932 8.630 10.502 3.453 8.891 10.292 9.465 3.830 9.751 9.295 11.104 1.396 3.501 7.072 5.647 4.213 10.669 8.464 5.634 7.136 10.944 11.478 3.572 11.355 10.559 6.491 9.022 7.258 8.910 2.173 10.004 7.550 5.395 8.366 9.382 4.125 8.234 9.615 5.529 7.044 8.024 7.474 4.690 8.177 1.975 10.252 5.811 12.124 7.091 10.219 5.370 12.384 8.734 5.446 4.179 4.437 9.372 9.437 4.350 3.065 6.049 6.935 10.898 
6.833 5.441 3.844 2.709 5.343 1.826 4.748 7.728 5.012 4.279 3.582 3.679 3.213 1.973 7.080 2.823 0.516 1.024 5.598 6.983 6.875 2.264 6.594 5.884 2.217 3.886 6.612 3.412 4.951 3.743 1.089 8.390 4.227 7.350 7.824 6.813 7.849 6.805 6.180 7.491 3.379 6.448 7.199 6.746 0.943 6.638 6.168 8.508 1.880 1.480 4.931 2.687 2.790 7.649 5.336 3.434 4.046 8.177 8.436 1.184 8.261 7.897 3.370 5.933 5.537 5.805 2.560 7.610 5.493 2.277 5.622 7.906 1.014 6.239 6.544 3.630 4.241 6.414 6.217 2.910 5.532 1.531 7.159 3.810 9.092 5.007 7.935 3.136 9.348 5.606 3.042 1.108 3.538 6.248 6.727 1.381 0.666 3.508 3.806 8.254 
2.847 4.566 5.487 11.562 3.946 9.398 5.901 1.380 6.191 5.500 7.445 8.263 7.909 7.122 2.051 10.184 9.063 9.818 7.115 4.645 2.251 6.997 2.558 5.420 8.536 6.888 8.206 7.246 5.645 5.344 10.029 0.780 7.466 6.312 3.268 4.633 2.817 4.656 9.528 2.057 9.601 9.631 5.600 2.578 8.894 3.725 4.442 1.881 10.928 9.827 5.499 7.882 8.142 2.020 5.087 9.688 5.309 1.163 1.935 9.473 2.815 1.839 6.525 5.836 6.160 5.620 10.202 3.166 5.347 7.344 8.269 6.420 8.336 5.136 3.194 6.874 8.049 6.163 7.104 7.571 3.870 10.617 5.609 6.570 1.781 5.579 3.520 6.731 1.885 4.894 6.571 7.988 8.490 4.242 8.596 8.503 8.925 8.940 5.969 1.718 
5.010 4.145 2.020 4.241 3.772 2.974 3.105 5.967 3.454 3.102 2.396 3.823 2.275 0.650 5.308 3.358 1.725 2.481 4.273 5.244 5.104 1.286 4.813 4.213 2.711 2.472 5.494 2.121 3.269 2.032 2.690 6.622 3.970 5.814 6.427 5.070 6.026 5.660 6.428 5.871 3.348 6.684 6.272 4.940 2.057 5.267 4.933 6.687 3.595 3.010 3.220 2.695 2.032 6.040 4.205 4.273 2.647 6.388 6.859 2.631 6.799 6.083 2.539 5.081 3.990 4.885 3.240 5.792 3.794 1.786 5.548 6.367 1.494 4.539 5.033 2.186 4.232 4.872 4.866 1.772 3.710 3.338 6.236 2.265 7.498 3.317 6.131 1.536 7.759 4.445 1.335 0.888 2.876 4.967 6.618 2.002 1.587 3.994 2.747 6.438 
7.995 5.340 5.291 4.219 5.752 0.619 6.642 8.450 7.004 4.237 5.809 2.058 5.525 3.211 7.882 5.161 2.950 3.185 7.782 8.677 7.689 2.945 7.467 7.727 1.163 5.992 8.913 5.581 6.788 4.721 3.054 9.113 2.947 9.363 7.635 8.501 9.128 6.279 4.044 7.802 5.807 4.307 6.307 7.744 1.599 6.509 5.862 9.576 3.223 1.139 6.719 1.838 5.136 7.922 4.992 1.071 4.399 9.002 8.583 1.275 8.167 8.906 3.184 5.086 7.540 5.074 4.867 8.967 7.293 2.430 3.846 9.915 2.069 8.027 6.689 5.710 2.639 8.421 8.388 5.133 6.749 2.637 6.266 5.812 9.244 6.830 9.384 5.085 9.475 5.263 4.876 2.691 5.930 6.007 4.880 1.553 3.094 1.504 3.744 9.268 
1.605 3.558 1.427 7.472 2.429 6.150 1.751 2.943 2.168 3.468 3.166 5.972 3.622 3.492 2.292 5.920 5.113 5.810 3.311 2.256 2.119 3.684 1.808 1.898 5.534 2.620 4.658 2.959 1.548 1.966 6.053 3.511 5.557 3.604 4.792 2.089 2.580 4.937 8.174 3.531 5.314 8.377 5.940 1.710 5.379 3.999 4.190 3.280 6.973 6.361 1.372 5.110 3.864 3.715 4.042 7.029 2.826 3.185 4.533 5.979 4.888 2.733 3.992 5.232 2.385 4.950 5.960 2.365 1.543 4.242 6.977 4.044 4.782 1.931 3.351 2.588 6.075 2.893 3.571 3.296 0.447 6.771 5.920 2.286 5.040 1.501 2.758 2.486 5.294 4.096 2.384 4.269 4.214 4.079 7.796 5.143 4.947 6.466 3.634 3.069 
4.997 1.063 4.096 8.060 2.186 4.734 5.766 4.576 6.263 1.322 6.232 2.947 6.369 3.774 4.249 7.710 5.634 6.364 7.430 6.678 4.122 3.216 4.065 6.351 3.764 5.959 8.828 5.916 5.707 3.081 6.451 5.141 2.048 8.097 2.876 6.527 6.117 1.499 4.088 3.453 7.709 4.228 1.893 4.498 4.697 1.856 1.134 6.096 7.151 5.367 5.542 3.033 6.275 3.513 0.488 4.451 1.965 5.203 3.993 5.116 3.435 5.428 1.994 0.772 6.663 0.520 7.556 6.144 5.939 3.087 2.814 8.539 4.356 6.426 2.320 5.729 2.605 7.332 7.850 5.835 4.274 6.652 1.857 5.575 4.622 5.697 6.678 5.100 4.826 0.615 4.770 4.411 7.049 1.316 3.398 4.181 5.600 3.658 1.637 5.739 
2.651 2.883 0.590 6.584 1.954 4.952 2.110 3.600 2.608 2.466 2.914 4.787 3.239 2.329 2.933 5.295 4.115 4.855 3.780 3.413 2.731 2.471 2.431 2.780 4.317 2.491 5.179 2.629 2.054 0.765 5.077 4.245 4.435 4.559 4.660 3.240 3.736 4.415 7.075 3.731 4.877 7.289 5.319 2.544 4.216 3.653 3.631 4.313 5.988 5.197 1.894 3.896 3.347 3.913 3.258 5.812 1.781 3.996 4.756 4.818 4.897 3.693 2.827 4.425 3.011 4.155 5.277 3.555 2.342 3.024 5.916 5.049 3.621 2.940 3.165 2.330 4.928 3.726 4.193 2.786 1.357 5.729 5.293 2.094 5.352 2.048 3.971 1.909 5.615 3.381 1.669 3.149 3.912 3.572 6.803 3.950 3.966 5.259 2.532 4.051 
6.342 3.694 3.802 4.908 4.045 1.471 5.328 6.744 5.746 2.556 4.839 1.425 4.691 1.897 6.180 5.097 2.770 3.365 6.672 7.192 5.989 1.419 5.773 6.343 0.545 4.880 7.929 4.561 5.431 3.098 3.376 7.406 1.877 8.059 6.045 7.016 7.491 4.792 4.034 6.112 5.453 4.296 5.006 6.065 1.497 4.889 4.284 7.895 3.947 2.074 5.335 0.337 4.389 6.237 3.408 1.989 2.692 7.299 6.921 1.831 6.555 7.220 1.495 3.737 6.272 3.660 4.862 7.352 5.896 0.815 3.311 8.597 1.399 6.604 5.014 4.592 1.929 7.133 7.248 4.207 5.128 3.411 4.965 4.622 7.585 5.462 7.792 3.907 7.822 3.685 3.635 1.829 5.238 4.411 4.416 0.985 2.818 1.562 2.054 7.581 
9.124 8.327 6.180 0.330 8.115 4.110 6.435 10.271 6.495 7.178 4.824 6.329 4.292 4.745 9.603 2.086 2.710 1.939 6.573 8.715 9.401 5.147 9.098 7.506 4.884 5.349 7.077 4.847 6.695 6.392 1.827 10.911 7.017 8.532 10.693 8.567 9.983 9.718 8.573 10.231 3.133 8.836 10.105 9.161 3.665 9.511 9.070 10.790 1.306 3.416 6.747 5.490 3.885 10.398 8.247 5.586 6.889 10.642 11.212 3.454 11.105 10.249 6.285 8.836 6.927 8.716 1.845 9.683 7.222 5.191 8.262 9.053 3.923 7.905 9.358 5.203 6.924 7.693 7.146 4.365 7.870 1.893 10.065 5.486 11.856 6.765 9.894 5.053 12.115 8.515 5.136 3.939 4.108 9.142 9.342 4.182 2.801 5.963 6.715 10.588 
6.251 3.881 3.581 4.527 4.109 1.356 5.035 6.762 5.435 2.714 4.452 1.868 4.281 1.570 6.175 4.649 2.327 2.941 6.323 6.978 5.979 1.205 5.746 6.080 0.675 4.524 7.556 4.182 5.154 2.976 2.967 7.429 2.310 7.769 6.261 6.801 7.383 5.074 4.471 6.220 5.006 4.734 5.353 6.010 1.119 5.089 4.521 7.841 3.584 1.845 5.069 0.780 3.967 6.355 3.651 2.247 2.737 7.298 7.070 1.548 6.753 7.175 1.671 4.082 5.966 3.984 4.417 7.223 5.637 0.702 3.760 8.313 0.951 6.359 5.152 4.237 2.379 6.836 6.908 3.809 5.004 3.069 5.313 4.285 7.735 5.190 7.645 3.562 7.977 3.928 3.307 1.391 4.813 4.634 4.865 0.598 2.371 1.936 2.206 7.538 
7.540 4.509 5.081 5.195 5.078 1.383 6.603 7.807 7.014 3.491 6.029 0.991 5.831 3.151 7.282 5.870 3.549 3.956 7.912 8.466 7.098 2.699 6.906 7.623 0.944 6.113 9.138 5.765 6.709 4.342 3.879 8.456 1.905 9.335 6.720 8.290 8.700 5.306 3.145 7.029 6.386 3.413 5.265 7.226 2.109 5.632 4.953 9.047 4.193 2.081 6.615 1.199 5.491 7.134 4.102 0.731 3.790 8.387 7.746 2.066 7.269 8.365 2.501 4.069 7.542 4.080 5.598 8.578 7.177 2.093 2.794 9.875 2.344 7.884 5.890 5.825 1.562 8.407 8.496 5.376 6.358 3.609 5.225 5.873 8.398 6.742 9.032 5.151 8.619 4.362 4.891 2.910 6.326 5.112 3.855 1.783 3.652 0.474 3.037 8.722 
2.095 3.613 4.480 10.527 2.909 8.350 5.044 0.437 5.378 4.485 6.523 7.274 6.967 6.069 1.068 9.201 8.020 8.778 6.381 4.109 1.253 5.942 1.568 4.704 7.496 5.978 7.561 6.307 4.800 4.294 8.985 0.547 6.505 5.824 2.758 4.062 2.471 3.936 8.673 1.261 8.659 8.792 4.951 1.692 7.839 2.918 3.597 1.833 9.881 8.774 4.643 6.852 7.176 1.308 4.159 8.679 4.264 0.780 1.673 8.418 2.453 1.411 5.495 5.010 5.412 4.773 9.207 2.749 4.565 6.295 7.403 6.016 7.281 4.470 2.291 5.941 7.091 5.537 6.442 6.604 2.924 9.565 4.954 5.642 1.902 4.738 3.214 5.750 2.117 3.990 5.573 6.935 7.571 3.398 7.816 7.450 7.884 7.941 4.944 1.516 
2.398 2.532 1.055 6.994 1.529 5.169 2.447 3.194 2.939 2.283 3.369 4.800 3.703 2.626 2.534 5.753 4.499 5.250 4.121 3.451 2.330 2.669 2.042 2.973 4.471 2.929 5.516 3.088 2.351 0.881 5.464 3.848 4.362 4.735 4.207 3.284 3.532 4.029 6.979 3.266 5.343 7.183 4.966 2.210 4.491 3.223 3.250 4.020 6.368 5.466 2.179 3.988 3.813 3.448 2.954 5.917 1.631 3.623 4.292 5.091 4.434 3.376 2.813 4.139 3.298 3.862 5.728 3.392 2.557 3.175 5.786 5.200 3.903 3.077 2.711 2.781 4.884 3.951 4.494 3.252 1.171 6.084 4.941 2.535 4.890 2.333 3.847 2.376 5.153 3.050 2.132 3.474 4.374 3.176 6.624 4.185 4.358 5.319 2.440 3.738 
1.267 5.076 3.318 9.074 3.924 8.093 2.672 2.802 2.766 5.266 4.340 7.896 4.869 5.417 2.450 7.263 6.877 7.517 3.461 0.898 2.420 5.641 2.274 1.809 7.494 3.776 4.458 4.251 2.401 3.918 7.777 3.046 7.419 2.608 5.567 0.878 1.052 6.185 9.993 4.027 6.468 10.181 7.248 1.838 7.291 5.130 5.537 2.071 8.691 8.270 2.331 7.064 5.223 4.177 5.625 8.986 4.680 2.625 4.821 7.887 5.456 1.919 5.907 6.781 2.565 6.498 7.369 0.681 1.918 6.202 8.761 2.827 6.696 1.452 4.390 3.882 7.959 2.416 3.371 4.712 1.941 8.554 7.236 3.592 5.118 2.329 0.838 4.071 5.330 5.610 4.080 6.154 5.301 5.381 9.494 7.083 6.699 8.411 5.506 2.075 
1.276 5.034 3.212 8.955 3.878 7.990 2.552 2.847 2.651 5.200 4.221 7.814 4.750 5.313 2.470 7.144 6.762 7.400 3.360 0.844 2.431 5.543 2.271 1.699 7.398 3.656 4.376 4.131 2.281 3.828 7.661 3.113 7.347 2.562 5.577 0.804 1.158 6.166 9.928 4.046 6.350 10.117 7.226 1.843 7.184 5.115 5.508 2.171 8.574 8.163 2.211 6.974 5.104 4.199 5.579 8.895 4.606 2.693 4.857 7.780 5.478 1.993 5.827 6.740 2.457 6.457 7.250 0.791 1.801 6.107 8.699 2.802 6.590 1.350 4.378 3.763 7.884 2.333 3.283 4.593 1.867 8.438 7.214 3.472 5.168 2.210 0.953 3.953 5.382 5.569 3.965 6.045 5.184 5.355 9.442 6.980 6.583 8.324 5.431 2.163 
8.158 6.248 5.211 2.537 6.375 1.320 6.206 8.919 6.473 5.075 5.021 3.577 4.622 3.186 8.292 3.692 1.860 1.737 7.037 8.427 8.089 3.255 7.825 7.341 2.227 5.344 7.998 4.864 6.405 4.954 1.529 9.587 4.361 8.810 8.633 8.255 9.213 7.432 5.727 8.520 4.488 5.990 7.634 8.020 1.358 7.458 6.894 9.818 1.540 0.608 6.379 2.930 4.184 8.664 6.023 2.742 5.014 9.407 9.405 0.826 9.120 9.185 4.044 6.371 6.998 6.303 3.379 8.992 6.945 3.002 5.468 9.366 1.917 7.692 7.487 5.091 4.176 7.874 7.656 4.356 6.860 0.955 7.593 5.271 10.070 6.460 9.339 4.592 10.317 6.301 4.483 2.366 4.869 7.007 6.530 1.808 2.049 3.140 4.570 9.546 
8.991 7.985 6.014 0.203 7.834 3.615 6.408 10.073 6.508 6.825 4.846 5.849 4.324 4.448 9.409 2.303 2.415 1.642 6.680 8.703 9.206 4.805 8.908 7.505 4.418 5.345 7.278 4.835 6.661 6.146 1.472 10.722 6.560 8.624 10.364 8.550 9.891 9.343 8.060 9.966 3.345 8.322 9.694 8.996 3.228 9.180 8.713 10.666 0.801 2.914 6.699 5.045 3.896 10.131 7.878 5.070 6.573 10.468 10.934 2.974 10.793 10.105 5.900 8.423 6.964 8.313 2.019 9.604 7.197 4.803 7.773 9.155 3.533 7.900 9.060 5.175 6.446 7.759 7.269 4.332 7.718 1.386 9.654 5.444 11.583 6.729 9.842 4.956 11.842 8.149 5.005 3.613 4.223 8.794 8.848 3.749 2.534 5.463 6.350 10.449 
8.811 5.133 6.828 7.273 6.056 3.556 8.478 8.680 8.928 4.505 8.131 1.951 7.985 5.163 8.278 8.111 5.795 6.178 9.919 10.090 8.124 4.601 8.003 9.403 3.146 8.143 11.206 7.848 8.541 5.922 6.080 9.271 2.326 11.167 6.829 9.918 9.979 5.269 1.023 7.604 8.628 1.270 4.781 8.394 4.354 5.976 5.244 10.124 6.281 4.196 8.422 3.048 7.672 7.660 4.583 2.000 5.052 9.301 8.080 4.260 7.410 9.441 3.859 3.938 9.437 4.099 7.835 9.929 8.953 4.001 1.579 11.686 4.560 9.610 6.469 7.858 1.772 10.268 10.476 7.503 7.791 5.696 4.747 7.860 8.675 8.562 10.430 7.163 8.852 4.765 6.872 5.090 8.517 5.440 2.179 4.011 5.897 1.802 4.226 9.774 
9.101 8.383 6.172 0.503 8.147 4.243 6.379 10.270 6.426 7.240 4.756 6.451 4.222 4.788 9.601 1.971 2.760 1.998 6.476 8.652 9.399 5.206 9.095 7.441 5.000 5.288 6.953 4.790 6.642 6.412 1.908 10.906 7.126 8.437 10.742 8.506 9.945 9.787 8.716 10.255 3.013 8.979 10.190 9.150 3.768 9.562 9.131 10.763 1.453 3.554 6.698 5.595 3.823 10.424 8.314 5.734 6.936 10.632 11.241 3.578 11.148 10.230 6.361 8.923 6.851 8.798 1.746 9.642 7.165 5.270 8.388 8.955 4.004 7.841 9.396 5.150 7.044 7.607 7.044 4.316 7.855 2.037 10.150 5.437 11.882 6.712 9.844 5.024 12.142 8.581 5.118 3.995 4.012 9.200 9.472 4.282 2.841 6.097 6.782 10.566 
5.845 6.832 3.558 4.302 6.077 5.563 2.788 7.334 2.633 6.001 1.248 6.932 0.956 3.802 6.687 2.107 3.278 3.416 2.416 4.836 6.511 4.438 6.199 3.635 5.659 1.775 2.987 1.517 3.059 4.376 3.682 7.878 7.127 4.380 8.805 4.716 6.416 8.405 9.545 7.808 1.122 9.805 9.175 6.085 4.593 7.763 7.627 7.365 4.380 5.247 3.182 5.801 1.130 7.993 7.050 7.111 5.397 7.522 8.834 4.959 9.038 6.967 5.651 8.071 2.940 7.843 2.333 6.066 3.483 4.935 8.704 4.888 4.251 4.034 7.311 1.843 7.375 3.595 2.972 1.488 4.833 4.567 9.142 2.126 9.388 3.130 6.145 2.284 9.647 7.247 2.594 3.701 0.282 7.606 9.776 4.815 3.111 7.000 5.756 7.252 
8.504 4.582 7.087 8.750 5.681 4.938 8.803 8.043 9.286 4.367 8.788 2.808 8.745 5.839 7.760 9.286 6.946 7.455 10.377 10.075 7.638 5.211 7.583 9.582 4.270 8.687 11.734 8.482 8.810 6.083 7.405 8.564 2.519 11.360 5.731 9.914 9.633 4.200 0.920 6.793 9.653 0.881 3.451 8.015 5.554 5.112 4.422 9.598 7.748 5.634 8.666 3.884 8.501 6.810 4.006 3.580 5.031 8.670 7.071 5.612 6.301 8.938 4.127 3.008 9.755 3.253 9.038 9.651 9.143 4.696 0.930 11.842 5.598 9.721 5.738 8.414 2.279 10.520 10.881 8.226 7.681 7.162 3.425 8.353 7.601 8.817 10.180 7.718 7.742 4.097 7.398 6.016 9.349 4.620 0.406 5.113 7.011 3.085 4.281 9.240 
4.375 3.294 5.834 11.350 3.432 8.450 6.914 2.842 7.332 4.466 8.130 6.797 8.482 6.765 3.175 10.449 8.802 9.577 8.446 6.473 3.253 6.412 3.497 6.855 7.496 7.651 9.734 7.860 6.714 5.223 9.730 2.903 5.890 8.187 0.979 6.399 4.953 2.525 7.450 1.649 10.114 7.502 3.214 3.843 8.212 2.090 2.736 4.288 10.548 9.019 6.539 6.771 8.582 1.472 3.598 8.302 4.629 3.253 0.820 8.718 0.423 3.900 5.507 3.861 7.489 3.733 10.384 5.210 6.619 6.544 6.267 8.430 7.748 6.697 2.161 7.536 6.427 7.777 8.616 8.027 4.730 10.123 3.235 7.268 1.015 6.665 5.694 7.152 1.106 3.330 6.893 7.588 9.149 2.583 6.349 7.734 8.710 7.509 4.972 3.995 
1.541 4.814 4.533 10.618 3.851 8.987 4.509 1.393 4.716 5.447 6.146 8.264 6.649 6.460 1.624 9.011 8.231 8.944 5.521 2.934 1.777 6.492 1.935 3.839 8.227 5.575 6.524 5.995 4.238 4.713 9.181 1.204 7.595 4.566 4.369 2.945 1.068 5.434 9.949 2.820 8.315 10.093 6.480 1.639 8.332 4.372 4.982 0.232 10.100 9.306 4.120 7.660 6.945 2.902 5.388 9.566 5.051 0.844 3.273 8.931 4.076 0.475 6.345 6.380 4.596 6.121 9.074 1.433 3.850 6.952 8.676 4.659 7.743 3.512 3.665 5.616 8.175 4.486 5.444 6.391 2.824 9.868 6.480 5.311 3.375 4.168 1.757 5.620 3.540 5.272 5.531 7.295 7.165 4.790 9.201 8.017 8.071 8.882 5.834 0.127 
2.369 3.287 0.633 6.736 2.275 5.346 1.690 3.516 2.181 2.950 2.723 5.274 3.110 2.682 2.846 5.299 4.332 5.044 3.363 2.930 2.651 2.896 2.339 2.286 4.754 2.240 4.759 2.466 1.600 1.257 5.281 4.133 4.932 4.064 4.901 2.756 3.388 4.785 7.572 3.838 4.788 7.786 5.723 2.363 4.568 3.960 4.007 4.049 6.199 5.550 1.432 4.362 3.283 4.023 3.696 6.268 2.269 3.846 4.865 5.168 5.089 3.466 3.321 4.875 2.553 4.601 5.310 3.176 1.852 3.469 6.412 4.553 3.971 2.443 3.410 2.128 5.423 3.241 3.745 2.711 1.078 5.980 5.698 1.856 5.430 1.586 3.561 1.848 5.690 3.801 1.680 3.459 3.756 3.931 7.292 4.338 4.171 5.733 3.029 3.814 
0.698 3.471 2.326 8.425 2.318 6.871 2.629 1.989 2.979 3.705 4.134 6.415 4.600 4.282 1.367 6.904 6.023 6.739 4.037 2.264 1.221 4.371 0.939 2.426 6.173 3.579 5.304 3.938 2.389 2.584 6.975 2.533 5.878 3.889 4.201 2.140 1.834 4.635 8.418 2.782 6.291 8.600 5.687 0.734 6.166 3.605 3.957 2.363 7.893 7.146 2.229 5.669 4.848 2.958 4.020 7.598 3.161 2.201 3.731 6.767 4.201 1.772 4.433 5.177 3.071 4.894 6.942 1.731 2.204 4.878 7.176 4.233 5.572 2.293 2.885 3.564 6.432 3.366 4.186 4.281 0.617 7.662 5.673 3.260 4.182 2.329 2.230 3.466 4.428 4.007 3.347 5.102 5.180 3.810 7.891 5.881 5.864 6.973 3.988 2.120 
7.278 7.739 4.721 3.068 7.143 5.326 4.264 8.698 4.155 6.766 2.618 7.095 2.139 4.311 8.036 0.867 3.009 2.782 3.914 6.370 7.851 4.922 7.536 5.165 5.681 3.189 4.229 2.801 4.538 5.362 2.986 9.271 7.478 5.867 9.883 6.248 7.915 9.291 9.662 9.033 0.448 9.929 9.950 7.469 4.450 8.778 8.538 8.843 3.426 4.841 4.645 6.007 1.958 9.216 7.861 6.944 6.246 8.933 10.060 4.642 10.175 8.412 6.200 8.764 4.476 8.566 1.184 7.572 4.991 5.288 8.990 6.356 4.297 5.565 8.412 3.175 7.613 5.117 4.432 2.523 6.184 3.777 9.914 3.480 10.646 4.610 7.670 3.400 10.908 8.088 3.644 3.894 1.609 8.548 10.092 4.813 2.908 7.007 6.429 8.711 
6.903 6.090 3.919 2.200 5.817 2.834 4.443 7.983 4.614 4.970 3.024 4.695 2.564 2.474 7.317 1.790 0.560 0.552 5.007 6.738 7.114 2.944 6.816 5.570 3.243 3.443 5.878 2.934 4.680 4.086 0.830 8.629 5.193 6.869 8.429 6.577 7.827 7.538 7.214 7.925 2.388 7.482 8.022 6.901 1.978 7.255 6.855 8.581 1.717 2.380 4.697 3.665 2.114 8.094 6.063 4.452 4.623 8.373 8.910 2.154 8.825 8.013 4.168 6.772 5.110 6.619 1.536 7.551 5.225 3.119 6.629 7.418 1.938 5.952 7.068 3.231 5.245 5.957 5.623 2.412 5.625 1.705 7.984 3.471 9.552 4.744 7.815 2.911 9.812 6.322 2.928 1.739 2.731 6.912 7.735 2.390 0.549 4.543 4.536 8.359 
2.989 6.339 3.653 8.428 5.191 8.253 2.185 4.607 1.928 6.233 3.562 8.545 4.083 5.612 4.188 6.375 6.585 7.093 1.993 0.928 4.120 6.011 3.912 1.088 7.842 3.098 2.698 3.608 2.022 4.563 7.370 4.870 8.245 0.842 7.231 0.969 2.787 7.643 10.886 5.746 5.438 11.100 8.676 3.526 7.340 6.638 6.927 3.810 8.239 8.274 2.098 7.564 4.513 5.908 6.835 9.406 5.566 4.449 6.600 7.900 7.182 3.741 6.624 8.024 1.443 7.742 6.549 2.419 1.534 6.620 9.722 1.249 6.777 0.875 5.928 3.318 8.728 0.761 1.691 4.130 3.053 8.224 8.659 3.112 6.929 1.981 2.205 3.795 7.146 6.879 3.951 6.172 4.307 6.798 10.575 7.258 6.394 8.950 6.342 3.870 
4.456 4.397 6.482 12.266 4.296 9.556 7.312 2.797 7.681 5.539 8.688 8.003 9.090 7.682 3.340 11.195 9.715 10.491 8.721 6.464 3.483 7.395 3.780 7.057 8.616 8.170 9.922 8.443 7.083 6.027 10.663 2.559 7.108 8.172 2.228 6.423 4.736 3.787 8.719 2.186 10.763 8.770 4.471 4.012 9.246 3.237 3.931 3.882 11.512 10.093 6.918 7.902 9.243 2.011 4.767 9.502 5.602 2.975 1.197 9.776 1.647 3.687 6.598 5.119 7.752 4.980 11.160 5.054 6.894 7.592 7.534 8.336 8.750 6.833 3.106 8.095 7.657 7.902 8.803 8.675 5.130 11.118 4.494 7.808 0.554 7.026 5.468 7.800 0.292 4.510 7.574 8.531 9.730 3.761 7.611 8.787 9.607 8.713 6.047 3.665 
0.738 3.274 2.955 9.062 2.200 7.250 3.415 1.211 3.763 3.755 4.898 6.555 5.352 4.762 0.582 7.623 6.607 7.344 4.806 2.809 0.458 4.760 0.284 3.164 6.485 4.349 6.045 4.690 3.175 2.993 7.569 1.793 5.926 4.503 3.579 2.716 1.782 4.220 8.369 2.079 7.045 8.531 5.287 0.170 6.616 3.151 3.618 1.944 8.480 7.585 3.015 5.921 5.580 2.245 3.847 7.832 3.319 1.508 2.981 7.213 3.514 1.268 4.615 4.940 3.837 4.665 7.647 1.844 2.975 5.211 7.104 4.792 6.032 2.987 2.407 4.321 6.500 4.068 4.924 5.009 1.309 8.214 5.278 4.019 3.406 3.115 2.386 4.172 3.650 3.781 4.023 5.610 5.946 3.448 7.727 6.287 6.458 7.159 4.116 1.630 
5.539 2.793 3.225 5.577 3.141 2.376 4.867 5.854 5.321 1.643 4.662 1.669 4.615 1.711 5.305 5.443 3.222 3.916 6.340 6.552 5.117 1.080 4.915 5.802 1.456 4.596 7.662 4.359 4.930 2.381 3.981 6.512 1.617 7.559 5.162 6.377 6.701 3.973 4.163 5.197 5.636 4.408 4.302 5.227 2.206 3.996 3.416 7.051 4.659 2.937 4.813 0.814 4.388 5.322 2.546 2.732 1.806 6.419 6.010 2.652 5.662 6.371 0.582 3.035 5.827 2.913 5.248 6.586 5.351 0.648 3.202 8.082 1.885 6.025 4.100 4.316 1.941 6.657 6.882 4.094 4.371 4.161 4.262 4.286 6.674 4.952 7.048 3.616 6.912 2.823 3.307 2.061 5.231 3.532 4.264 1.694 3.219 2.121 1.140 6.729 
2.180 2.136 1.664 7.539 1.024 5.498 2.944 2.693 3.422 2.171 3.969 4.880 4.311 3.076 2.058 6.352 5.019 5.781 4.602 3.597 1.855 3.016 1.600 3.312 4.731 3.514 5.985 3.692 2.812 1.294 5.984 3.359 4.337 5.024 3.617 3.442 3.350 3.550 6.895 2.661 5.952 7.084 4.531 1.863 4.892 2.678 2.787 3.695 6.879 5.851 2.634 4.181 4.422 2.842 2.626 6.102 1.622 3.175 3.685 5.484 3.830 3.023 2.906 3.815 3.731 3.533 6.321 3.273 2.931 3.456 5.666 5.455 4.317 3.350 2.123 3.378 4.890 4.306 4.930 3.862 1.192 6.567 4.510 3.123 4.288 2.784 3.771 2.985 4.551 2.674 2.740 3.940 4.980 2.690 6.430 4.543 4.887 5.453 2.447 3.385 
3.267 0.967 2.440 7.558 0.538 4.938 4.009 3.268 4.503 1.081 4.734 3.901 4.975 2.970 2.766 6.720 5.008 5.784 5.683 4.832 2.594 2.658 2.447 4.512 4.058 4.369 7.080 4.428 3.920 1.550 5.942 3.917 3.241 6.247 3.020 4.678 4.427 2.511 5.720 2.638 6.500 5.897 3.405 2.833 4.527 1.881 1.725 4.586 6.778 5.413 3.749 3.407 4.984 2.782 1.399 5.253 0.869 3.854 3.542 5.077 3.395 3.900 2.050 2.590 4.867 2.309 6.631 4.404 4.111 2.904 4.472 6.686 4.015 4.575 1.647 4.176 3.816 5.500 6.064 4.468 2.427 6.381 3.379 3.972 4.203 3.903 4.923 3.636 4.455 1.480 3.330 3.803 5.664 1.688 5.201 4.090 4.914 4.538 1.503 4.244 
8.268 4.546 6.390 7.329 5.493 3.537 8.066 8.095 8.526 3.965 7.815 1.613 7.704 4.834 7.705 8.002 5.664 6.113 9.548 9.603 7.554 4.244 7.441 8.957 2.975 7.792 10.860 7.523 8.114 5.454 6.041 8.682 1.797 10.729 6.226 9.433 9.433 4.667 1.009 7.006 8.452 1.275 4.201 7.839 4.237 5.373 4.642 9.554 6.329 4.217 7.988 2.744 7.415 7.060 3.991 2.120 4.539 8.718 7.476 4.228 6.807 8.872 3.392 3.335 9.026 3.495 7.739 9.393 8.508 3.663 1.021 11.240 4.367 9.149 5.873 7.509 1.289 9.843 10.092 7.207 7.277 5.742 4.166 7.492 8.071 8.131 9.900 6.810 8.248 4.169 6.508 4.854 8.264 4.838 1.820 3.842 5.750 1.689 3.717 9.203 
1.933 5.849 4.132 9.751 4.708 8.914 3.299 3.220 3.293 6.091 4.938 8.736 5.473 6.233 3.013 7.857 7.627 8.242 3.760 1.074 3.029 6.473 2.944 2.274 8.329 4.391 4.537 4.887 3.041 4.759 8.507 3.302 8.251 2.454 6.136 1.190 1.126 6.880 10.814 4.565 7.006 10.998 7.947 2.490 8.098 5.810 6.265 2.062 9.415 9.074 3.005 7.904 5.855 4.697 6.407 9.826 5.514 2.890 5.254 8.691 5.963 2.187 6.747 7.547 2.978 7.266 7.986 0.858 2.512 7.038 9.576 2.505 7.505 1.873 5.065 4.532 8.794 2.577 3.532 5.373 2.778 9.303 7.938 4.257 5.462 2.973 0.399 4.795 5.649 6.377 4.835 6.952 5.841 6.101 10.287 7.903 7.445 9.252 6.341 2.206 
1.499 2.502 2.184 8.217 1.352 6.262 3.090 1.970 3.523 2.810 4.358 5.585 4.758 3.816 1.315 6.918 5.721 6.474 4.667 3.210 1.110 3.779 0.839 3.187 5.490 3.851 6.005 4.110 2.901 2.035 6.686 2.627 4.989 4.779 3.437 3.075 2.664 3.703 7.489 2.212 6.435 7.664 4.744 1.113 5.649 2.704 3.003 2.939 7.589 6.612 2.724 4.928 4.925 2.398 3.053 6.842 2.335 2.421 3.233 6.243 3.537 2.263 3.630 4.207 3.733 3.925 6.911 2.635 2.876 4.218 6.238 5.156 5.071 3.132 2.019 3.764 5.555 4.169 4.907 4.354 0.946 7.296 4.728 3.481 3.784 2.856 3.158 3.483 4.044 3.037 3.282 4.675 5.398 2.864 6.930 5.306 5.581 6.177 3.143 2.624 
2.803 1.896 3.849 9.507 1.536 6.905 4.977 1.807 5.415 2.907 6.146 5.606 6.497 4.923 1.700 8.494 6.955 7.731 6.559 4.860 1.668 4.652 1.797 5.040 5.996 5.673 7.887 5.875 4.793 3.285 7.903 2.312 4.794 6.528 1.558 4.755 3.703 2.258 6.905 0.659 8.133 7.025 3.315 2.231 6.524 1.190 1.834 3.412 8.756 7.402 4.616 5.309 6.601 0.786 2.415 7.054 2.866 2.428 1.565 7.070 1.658 2.804 3.962 3.247 5.619 3.006 8.442 3.852 4.756 4.891 5.636 6.845 6.011 4.938 0.525 5.553 5.376 6.003 6.782 6.044 2.830 8.371 3.312 5.288 2.216 4.749 4.388 5.168 2.473 2.230 4.914 5.774 7.164 1.636 6.061 6.082 6.848 6.293 3.402 3.057 
4.296 0.893 3.050 7.294 1.518 4.274 4.736 4.204 5.233 0.313 5.179 2.945 5.326 2.839 3.752 6.765 4.797 5.553 6.392 5.801 3.591 2.346 3.463 5.377 3.335 4.903 7.788 4.862 4.691 2.029 5.670 4.833 2.227 7.142 3.278 5.641 5.456 2.259 4.694 3.356 6.705 4.875 2.898 3.858 4.041 2.101 1.582 5.590 6.434 4.832 4.531 2.627 5.249 3.467 0.795 4.362 0.909 4.811 4.120 4.533 3.765 4.905 1.320 1.825 5.649 1.575 6.631 5.431 4.954 2.372 3.453 7.604 3.614 5.481 2.227 4.673 2.808 6.347 6.826 4.795 3.404 5.976 2.864 4.519 4.783 4.685 5.948 4.047 5.018 1.041 3.718 3.560 6.010 1.666 4.227 3.552 4.740 3.613 0.792 5.244 
7.379 3.565 5.745 7.586 4.570 3.784 7.455 7.111 7.933 3.120 7.401 1.541 7.357 4.451 6.749 7.965 5.635 6.188 9.009 8.829 6.607 3.823 6.513 8.271 3.006 7.307 10.360 7.095 7.474 4.758 6.162 7.684 1.132 10.051 5.184 8.663 8.533 3.626 1.610 5.986 8.292 1.802 3.204 6.925 4.282 4.341 3.611 8.600 6.589 4.496 7.335 2.539 7.117 6.034 2.998 2.692 3.750 7.737 6.437 4.417 5.765 7.923 2.758 2.293 8.411 2.456 7.729 8.516 7.828 3.313 0.459 10.545 4.268 8.431 4.862 7.032 0.955 9.194 9.523 6.837 6.460 6.011 3.168 6.976 7.029 7.484 9.034 6.335 7.206 3.158 6.016 4.654 7.964 3.808 1.550 3.813 5.687 2.012 2.963 8.246 
4.165 2.290 5.104 10.403 2.604 7.427 6.353 2.884 6.803 3.466 7.431 5.764 7.744 5.836 2.998 9.604 7.865 8.637 7.956 6.248 3.011 5.447 3.182 6.452 6.469 6.987 9.294 7.146 6.181 4.389 8.779 3.170 4.859 7.929 0.147 6.149 4.955 1.555 6.516 1.457 9.335 6.585 2.404 3.597 7.216 1.079 1.700 4.479 9.580 8.005 6.002 5.743 7.805 1.359 2.565 7.268 3.687 3.429 1.333 7.711 0.618 3.964 4.494 2.870 7.023 2.722 9.521 5.150 6.163 5.547 5.304 8.232 6.768 6.349 1.352 6.844 5.402 7.416 8.191 7.265 4.234 9.141 2.416 6.595 1.872 6.139 5.672 6.400 2.044 2.296 6.121 6.640 8.423 1.551 5.476 6.730 7.783 6.475 3.968 4.145 
0.794 3.446 3.276 9.384 2.418 7.553 3.681 0.934 4.010 3.999 5.192 6.811 5.653 5.079 0.409 7.935 6.930 7.667 5.022 2.894 0.414 5.067 0.478 3.358 6.778 4.639 6.231 4.990 3.434 3.307 7.891 1.482 6.159 4.606 3.533 2.817 1.649 4.291 8.567 1.986 7.345 8.722 5.358 0.327 6.930 3.214 3.730 1.670 8.803 7.896 3.279 6.203 5.888 2.138 4.023 8.108 3.592 1.186 2.821 7.526 3.417 0.985 4.886 5.083 4.053 4.812 7.962 1.775 3.201 5.509 7.298 4.863 6.347 3.150 2.470 4.619 6.737 4.228 5.110 5.318 1.617 8.535 5.351 4.316 3.201 3.372 2.312 4.485 3.437 3.937 4.341 5.930 6.239 3.551 7.888 6.595 6.780 7.425 4.378 1.341 
