25 100 100
33.276 45.621 129.050 69.685 52.519 26.121 91.161 112.449 87.508 88.545 37.431 96.081 98.243 32.116 128.440 89.582 119.997 116.675 42.344 56.102 106.769 64.787 34.056 26.102 81.607 
91.959 272.550 233.653 116.650 60.796 162.678 107.037 240.803 169.232 233.607 122.215 161.412 81.511 154.838 121.549 35.730 233.818 54.759 338.400 305.193 176.007 127.257 155.147 345.442 154.374 189.027 137.091 22.533 344.407 190.337 98.519 121.781 120.987 273.830 44.583 48.376 22.194 315.107 221.427 87.016 218.176 322.484 343.382 182.995 288.202 318.004 238.146 114.608 270.454 324.717 72.090 231.340 43.487 295.893 134.469 178.601 101.973 181.638 252.872 122.879 237.902 122.421 238.795 107.970 26.836 206.642 305.833 332.525 91.977 217.760 209.881 35.567 272.706 190.185 72.341 40.639 89.181 291.715 235.438 177.753 258.584 337.628 165.244 94.421 228.508 254.768 58.615 256.680 115.280 326.239 146.647 171.092 338.779 110.094 320.764 251.721 235.338 249.466 153.395 170.328 
7.928 27.895 25.408 30.554 14.941 10.259 7.220 33.833 30.569 12.210 5.721 20.304 13.623 29.543 19.396 13.457 15.832 22.408 20.717 14.507 17.355 20.575 8.221 32.001 25.572 13.148 15.495 15.682 12.707 29.369 13.440 7.072 5.447 30.318 14.092 30.522 9.949 31.524 19.438 26.756 13.974 14.190 33.616 6.158 19.185 26.970 14.494 30.563 14.718 11.743 19.285 30.245 5.591 7.550 16.697 18.358 18.119 6.284 16.293 9.913 27.505 8.035 26.162 11.699 10.198 19.273 17.831 16.989 20.470 15.562 5.868 18.846 31.213 24.109 29.226 22.136 24.068 32.707 22.310 19.977 28.273 14.575 6.639 22.797 5.763 11.058 21.875 6.922 11.449 23.974 24.579 9.916 23.463 22.056 28.583 19.957 10.152 15.081 26.510 21.026 
706.529 1209.865 1135.595 809.784 618.371 928.771 759.663 1153.601 952.894 1130.112 830.512 963.446 661.886 922.551 805.759 471.334 1152.454 603.005 1290.461 1350.424 988.148 877.226 946.410 1354.716 957.178 1038.529 871.076 420.118 1414.947 1077.996 742.340 837.973 808.003 1178.267 484.746 542.649 408.736 1234.349 1061.684 730.357 1090.990 1359.930 1344.966 1025.908 1158.273 1266.552 1126.799 820.449 1195.018 1345.199 671.335 1065.850 569.097 1189.766 920.409 989.659 765.931 986.137 1172.027 791.022 1114.045 800.267 1096.667 741.079 381.074 1018.745 1271.693 1285.798 682.296 1113.945 1113.727 452.916 1258.885 1041.057 664.280 549.552 652.343 1256.976 1154.449 961.840 1150.735 1285.953 954.009 754.126 1122.399 1139.573 630.734 1160.425 768.107 1264.411 885.117 922.812 1321.064 743.502 1259.613 1154.993 1152.343 1194.541 1008.548 1019.504 
8.499 7.112 8.780 7.704 0.598 8.797 6.654 7.934 4.935 3.199 5.868 3.806 5.173 4.729 1.503 6.821 4.740 4.876 6.446 6.228 2.474 3.832 4.320 4.178 6.928 3.735 2.973 11.357 3.555 6.541 9.345 5.300 7.381 8.011 2.917 2.935 5.628 7.200 7.804 1.116 7.580 5.475 7.320 1.271 1.387 5.517 5.938 1.568 4.096 4.222 6.817 4.231 2.521 4.269 3.632 4.916 8.229 4.621 1.225 6.633 4.839 2.943 1.740 7.667 3.148 4.920 8.108 7.171 2.314 4.318 5.091 7.332 6.526 4.203 0.825 0.966 6.956 3.897 8.585 8.154 0.639 3.256 4.963 6.101 6.447 1.711 4.567 5.800 9.708 2.457 3.561 0.541 5.366 8.106 2.246 5.046 3.798 2.881 4.004 7.230 
5.478 5.690 5.507 6.116 6.323 5.143 8.336 6.973 8.003 2.727 1.216 3.237 1.265 1.603 5.016 5.240 1.063 5.127 1.490 7.113 3.548 5.604 1.954 1.741 5.522 2.311 6.676 8.074 4.569 7.453 4.928 7.793 1.691 9.223 5.286 3.182 1.493 3.729 3.487 6.915 6.336 8.444 5.901 4.619 7.016 8.786 0.898 7.237 4.313 6.551 8.828 1.896 3.901 4.984 2.184 7.850 6.242 2.157 6.968 6.107 1.263 7.792 4.067 7.848 5.772 1.722 6.620 3.839 4.094 1.698 5.025 2.385 8.220 2.304 6.596 4.907 6.800 2.721 10.552 9.555 5.488 5.973 4.301 1.535 7.766 6.652 5.647 6.497 7.417 6.681 7.676 5.401 8.104 10.191 6.025 8.516 4.211 3.315 7.699 7.438 
10.336 8.770 10.641 9.346 1.504 10.707 7.504 9.425 5.486 5.248 7.803 5.766 7.222 6.659 3.328 8.533 6.768 6.466 8.494 7.415 4.511 5.235 6.237 6.162 8.599 5.676 3.811 13.142 5.268 7.676 11.325 6.047 9.371 8.872 4.429 4.970 7.531 9.146 9.804 0.948 9.162 5.962 8.959 3.311 0.915 5.840 7.986 1.240 5.856 5.299 7.516 6.172 4.491 5.872 5.645 5.540 9.910 6.650 1.164 8.150 6.888 2.883 3.761 8.890 4.462 6.817 9.701 9.105 4.272 6.284 6.717 9.373 7.390 6.236 1.233 2.922 8.346 5.912 9.104 8.933 2.527 4.487 6.732 8.146 7.459 2.375 5.999 7.110 11.369 3.212 3.876 2.533 5.988 8.623 3.426 5.353 5.587 4.905 4.451 8.491 
10.653 9.180 10.942 9.765 1.579 10.970 8.139 9.904 6.156 5.302 7.624 5.983 7.268 6.488 3.617 8.917 6.719 6.894 8.547 7.977 4.627 5.717 6.061 6.052 9.002 5.531 4.406 13.494 5.636 8.252 11.519 6.691 9.241 9.511 4.864 5.089 7.328 9.377 9.972 1.274 9.605 6.644 9.378 3.432 0.792 6.540 8.003 1.865 6.205 5.870 8.177 6.018 4.698 6.291 5.581 6.200 10.312 6.775 1.673 8.615 6.912 3.588 3.750 9.449 4.959 6.617 10.141 9.347 4.489 6.153 7.132 9.458 8.022 6.354 1.388 2.889 8.855 6.065 9.795 9.586 2.760 5.007 7.081 8.218 8.062 2.940 6.480 7.636 11.783 3.806 4.558 2.712 6.652 9.313 3.933 6.052 5.920 5.045 5.124 9.038 
4.390 3.896 4.569 4.419 5.213 4.426 6.139 5.136 5.843 1.572 3.186 1.132 0.962 2.722 3.427 3.455 1.645 2.933 1.981 4.942 2.153 3.439 2.732 2.178 3.706 2.554 4.694 7.259 2.428 5.290 4.774 5.599 3.813 7.073 3.258 1.691 3.282 2.776 3.204 5.701 4.540 6.265 4.126 3.354 5.990 6.623 1.716 5.799 2.112 4.381 6.624 2.546 2.206 2.780 1.964 5.682 4.709 0.055 5.613 4.098 1.004 5.968 3.121 5.797 3.707 3.015 4.926 2.798 2.429 2.349 2.852 2.749 6.021 0.434 5.447 3.947 4.760 0.756 8.363 7.393 4.131 3.898 2.144 1.586 5.579 4.984 3.440 4.322 6.087 4.813 5.685 4.117 5.916 7.993 4.159 6.381 2.039 1.745 5.631 5.365 
10.631 9.189 10.915 9.776 1.541 10.933 8.234 9.935 6.270 5.217 7.479 5.939 7.176 6.347 3.604 8.918 6.604 6.912 8.454 8.041 4.560 5.756 5.919 5.925 9.009 5.397 4.490 13.481 5.637 8.321 11.461 6.791 9.105 9.607 4.890 5.021 7.179 9.331 9.909 1.320 9.625 6.764 9.390 3.374 0.757 6.672 7.902 1.977 6.199 5.940 8.284 5.881 4.655 6.307 5.465 6.308 10.317 6.704 1.754 8.643 6.815 3.725 3.655 9.511 5.005 6.470 10.160 9.304 4.450 6.021 7.146 9.373 8.116 6.283 1.380 2.795 8.898 6.004 9.919 9.689 2.739 5.061 7.073 8.131 8.142 3.020 6.516 7.687 11.791 3.891 4.680 2.676 6.762 9.436 3.986 6.183 5.909 4.983 5.241 9.096 
6.603 5.953 6.774 6.513 3.758 6.602 7.352 7.120 6.420 0.902 2.661 2.280 2.254 1.567 2.748 5.535 1.533 4.400 3.489 6.377 1.410 4.232 1.228 0.931 5.756 0.663 4.728 9.465 3.268 6.739 6.808 6.422 4.124 8.503 3.567 1.348 2.479 4.959 5.228 4.363 6.572 6.933 6.186 2.163 4.442 7.179 2.882 4.751 3.372 5.107 7.737 1.076 1.971 3.977 0.394 6.307 6.861 2.175 4.454 5.946 1.855 5.569 1.519 7.508 4.070 1.823 7.008 4.994 2.069 1.097 4.446 4.456 7.222 1.834 4.035 2.339 6.530 1.882 9.570 8.770 3.021 4.275 3.885 3.227 6.896 4.330 4.609 5.778 8.273 4.564 5.685 2.904 6.660 9.142 3.953 6.815 3.111 1.493 5.857 7.051 
4.886 2.813 5.278 3.151 6.370 5.681 1.320 2.703 2.314 5.290 8.012 4.020 5.765 7.364 4.557 2.943 6.420 1.908 6.300 0.339 4.937 2.147 7.224 6.691 2.769 6.799 3.278 7.018 2.929 0.624 6.830 1.620 8.535 2.323 3.065 4.841 8.068 4.920 5.964 6.393 2.776 2.334 2.858 5.287 7.015 2.803 6.373 5.842 2.853 1.782 1.858 7.030 4.370 2.208 6.198 2.133 3.758 4.893 5.974 1.818 5.840 4.559 5.790 1.810 2.771 7.671 3.246 4.774 4.394 6.898 2.012 6.500 1.216 4.869 6.407 6.064 1.528 4.543 3.523 2.597 5.307 2.674 2.741 5.936 0.739 4.713 1.578 0.584 4.931 3.871 3.575 5.475 1.964 3.167 3.739 2.918 3.080 4.706 3.048 1.434 
6.668 6.701 6.716 7.169 5.851 6.368 8.975 7.974 8.365 2.746 0.471 3.713 2.161 0.675 4.925 6.250 1.287 5.804 2.722 7.831 3.504 6.029 1.101 1.279 6.522 1.664 6.820 9.304 4.991 8.185 6.158 8.257 2.116 9.973 5.534 3.265 0.364 4.912 4.721 6.477 7.352 8.846 6.922 4.358 6.468 9.143 2.100 6.925 4.873 6.962 9.427 1.168 3.989 5.546 1.894 8.230 7.348 2.865 6.614 7.004 1.931 7.752 3.685 8.715 6.040 0.595 7.678 5.012 4.139 1.100 5.752 3.615 8.852 2.836 6.134 4.444 7.675 3.178 11.211 10.284 5.211 6.247 5.058 2.724 8.443 6.525 6.217 7.211 8.580 6.715 7.802 5.085 8.536 10.819 6.083 8.820 4.701 3.417 7.916 8.285 
5.993 4.365 6.321 4.945 3.373 6.458 4.106 5.096 2.972 2.688 5.831 2.039 4.076 4.909 1.410 4.132 4.263 2.068 5.133 3.442 2.050 1.012 4.648 4.201 4.193 4.112 1.523 8.752 0.940 3.778 7.247 3.002 6.870 5.392 0.117 2.167 5.762 5.021 5.856 3.556 4.779 3.483 4.558 2.134 4.102 3.738 4.873 3.256 1.540 1.701 4.407 4.471 1.480 1.468 3.607 2.857 5.505 3.202 3.242 3.799 3.933 2.871 2.693 4.843 0.622 5.200 5.315 4.946 1.403 4.410 2.313 5.780 3.973 2.918 3.474 2.907 4.104 2.490 6.248 5.596 2.217 0.829 2.384 4.730 3.771 2.173 1.717 2.968 6.967 1.716 2.516 2.363 3.218 5.796 1.122 3.398 1.347 2.013 2.518 4.398 
7.456 5.420 7.840 5.838 4.938 8.168 2.558 5.450 0.456 5.677 8.817 4.887 6.940 7.896 3.877 5.436 7.237 3.597 7.849 3.054 4.998 2.567 7.622 7.189 5.331 7.070 1.790 9.751 3.561 3.152 9.215 1.176 9.782 3.860 2.878 5.156 8.753 7.099 8.092 4.704 5.490 0.844 5.509 4.687 5.362 0.824 7.701 3.948 3.944 1.675 2.439 7.450 4.452 3.367 6.589 0.617 6.454 6.030 4.216 4.470 6.853 2.254 5.399 4.368 2.373 8.185 5.980 6.978 4.339 7.397 3.860 8.325 2.470 5.814 4.858 5.263 4.275 5.395 3.995 3.863 4.254 2.166 4.423 7.447 2.746 3.047 2.864 3.129 7.676 2.243 1.245 4.456 0.951 3.512 2.615 0.408 3.955 5.003 0.701 4.096 
7.382 7.373 7.432 7.853 5.817 7.082 9.497 8.639 8.765 3.113 0.874 4.231 2.845 0.897 5.142 6.924 1.897 6.363 3.433 8.393 3.796 6.480 1.175 1.602 7.191 1.767 7.126 10.016 5.457 8.750 6.850 8.705 2.514 10.539 5.912 3.632 0.495 5.626 5.430 6.456 8.023 9.262 7.597 4.495 6.373 9.534 2.815 6.976 5.399 7.397 9.931 1.334 4.328 6.063 2.191 8.640 8.046 3.485 6.643 7.638 2.579 7.949 3.776 9.332 6.419 0.597 8.362 5.725 4.452 1.391 6.332 4.310 9.372 3.403 6.102 4.452 8.298 3.705 11.734 10.840 5.315 6.626 5.655 3.440 8.984 6.689 6.729 7.774 9.290 6.965 8.088 5.168 8.968 11.330 6.356 9.188 5.201 3.786 8.248 8.895 
6.319 6.845 6.274 7.218 7.394 5.822 9.685 8.124 9.379 4.002 1.165 4.613 2.620 2.259 6.281 6.403 2.314 6.478 2.360 8.441 4.815 6.981 2.687 2.737 6.691 3.216 8.021 8.667 5.946 8.776 5.319 9.169 0.531 10.531 6.647 4.488 1.528 4.645 4.126 8.012 7.479 9.821 7.043 5.804 8.036 10.162 2.035 8.410 5.686 7.928 10.185 2.725 5.217 6.355 3.304 9.226 7.263 3.527 8.116 7.354 2.639 9.088 5.180 9.101 7.137 2.177 7.708 4.780 5.399 2.605 6.361 2.925 9.571 3.680 7.675 5.978 8.056 4.095 11.891 10.871 6.671 7.340 5.634 2.596 9.106 7.911 7.015 7.830 8.305 7.998 9.020 6.563 9.480 11.538 7.346 9.889 5.587 4.628 9.061 8.706 
7.037 5.341 7.371 5.906 2.657 7.518 4.405 5.961 2.789 3.302 6.466 2.986 4.947 5.450 1.238 5.139 4.975 3.033 6.076 4.040 2.525 1.770 5.130 4.759 5.178 4.551 0.861 9.765 2.002 4.335 8.307 3.072 7.656 5.763 1.041 2.801 6.344 6.081 6.904 2.694 5.705 3.335 5.521 2.042 3.301 3.463 5.757 2.263 2.602 1.980 4.583 4.974 2.071 2.460 4.143 2.739 6.485 4.120 2.312 4.686 4.750 1.872 2.762 5.503 0.999 5.720 6.245 6.007 1.896 4.956 3.298 6.775 4.277 3.789 2.690 2.646 4.893 3.369 6.375 5.906 1.693 1.049 3.437 5.678 4.209 1.137 2.534 3.674 7.928 0.721 1.783 1.887 3.174 5.901 0.064 3.035 2.402 2.659 2.011 5.083 
8.304 7.298 8.523 7.888 2.051 8.422 7.724 8.321 6.285 2.434 4.359 3.589 4.247 3.222 2.311 6.931 3.540 5.314 5.501 7.036 2.104 4.626 2.795 2.814 7.102 2.273 4.341 11.196 3.965 7.382 8.746 6.512 5.979 9.022 3.732 2.475 4.070 6.773 7.164 2.692 7.858 6.830 7.525 1.508 2.584 6.953 4.902 3.309 4.341 5.279 7.987 2.755 2.533 4.754 2.410 6.227 8.330 3.981 2.945 7.048 3.857 4.637 1.035 8.371 4.134 3.357 8.350 6.783 2.436 2.899 5.457 6.461 7.592 3.575 2.332 0.887 7.512 3.429 9.814 9.221 1.930 4.302 5.098 5.222 7.401 3.356 5.242 6.510 9.796 3.942 5.110 1.732 6.652 9.348 3.521 6.510 4.028 2.518 5.467 7.913 
5.636 5.660 5.699 6.121 5.810 5.376 8.092 6.936 7.651 2.252 1.231 2.899 1.121 1.212 4.541 5.209 0.564 4.892 1.782 6.905 3.071 5.266 1.510 1.238 5.484 1.814 6.256 8.316 4.224 7.252 5.264 7.477 2.147 9.034 4.889 2.726 1.387 3.880 3.767 6.405 6.311 8.106 5.880 4.119 6.502 8.434 1.124 6.737 4.020 6.212 8.568 1.426 3.453 4.696 1.670 7.503 6.297 1.909 6.463 5.997 0.960 7.334 3.555 7.722 5.383 1.397 6.629 3.974 3.639 1.215 4.814 2.738 7.973 1.973 6.084 4.394 6.678 2.368 10.321 9.356 4.989 5.587 4.103 1.713 7.539 6.176 5.365 6.285 7.535 6.236 7.255 4.897 7.776 9.945 5.583 8.146 3.889 2.865 7.302 7.300 
6.638 4.569 7.027 4.929 5.731 7.404 1.460 4.445 0.656 5.796 8.829 4.785 6.772 8.005 4.349 4.652 7.221 3.086 7.538 2.049 5.224 2.430 7.780 7.300 4.507 7.268 2.443 8.784 3.470 2.092 8.514 0.215 9.620 2.796 3.063 5.286 8.813 6.493 7.519 5.582 4.554 0.564 4.628 5.161 6.238 1.031 7.482 4.881 3.698 1.506 1.434 7.597 4.645 3.042 6.730 0.554 5.536 5.857 5.109 3.583 6.749 3.286 5.815 3.281 2.582 8.305 5.017 6.358 4.582 7.511 3.308 7.897 1.366 5.713 5.691 5.832 3.288 5.318 3.178 2.842 4.888 2.390 3.969 7.146 1.654 3.872 2.415 2.259 6.683 3.007 2.247 5.084 0.187 2.703 3.188 1.168 3.797 5.134 1.660 3.037 
7.117 5.099 7.504 5.276 7.463 7.973 1.217 4.515 2.253 7.431 10.359 6.304 8.186 9.609 6.110 5.325 8.750 4.336 8.792 2.556 6.916 4.045 9.414 8.911 5.105 8.927 4.191 8.775 5.049 2.331 9.177 1.910 10.995 1.660 4.780 6.935 10.376 7.385 8.431 7.273 4.855 1.746 5.076 6.920 7.932 1.913 8.833 6.532 5.155 3.194 0.649 9.225 6.333 4.479 8.365 2.250 5.816 7.289 6.790 4.126 8.219 4.832 7.561 3.021 4.318 9.913 5.190 7.234 6.289 9.122 4.484 9.003 1.298 7.207 7.406 7.598 3.570 6.841 1.423 1.482 6.651 4.134 5.207 8.422 1.849 5.584 3.809 3.086 6.650 4.735 3.832 6.848 1.798 0.942 4.951 2.378 5.315 6.786 3.270 3.030 
7.413 5.349 7.805 5.616 6.669 8.231 1.563 4.967 1.478 6.983 10.014 5.965 7.936 9.193 5.458 5.506 8.405 4.179 8.658 2.730 6.399 3.617 8.966 8.488 5.321 8.450 3.447 9.302 4.656 2.616 9.393 1.389 10.779 2.483 4.233 6.471 10.000 7.468 8.508 6.442 5.210 0.934 5.365 6.274 7.100 1.005 8.631 5.681 4.863 2.692 1.103 8.783 5.823 4.197 7.916 1.530 6.194 7.023 5.955 4.351 7.924 3.952 6.950 3.571 3.742 9.493 5.608 7.325 5.752 8.698 4.374 8.967 1.567 6.891 6.595 6.909 3.902 6.500 2.271 2.365 5.929 3.544 5.067 8.273 2.100 4.780 3.550 3.132 7.173 3.955 2.977 6.129 1.133 1.792 4.244 1.483 4.975 6.319 2.438 3.472 
0.957 2.882 0.712 2.524 10.046 1.066 6.618 3.275 7.909 6.814 7.373 5.707 5.443 7.559 7.994 2.915 6.476 5.013 4.694 5.432 7.193 6.346 7.742 7.251 2.977 7.739 8.080 1.979 6.036 5.523 2.035 7.261 6.670 6.511 6.947 6.772 7.670 2.550 2.761 10.386 2.929 7.995 2.807 8.274 10.831 8.464 5.294 10.192 5.440 6.828 7.174 7.588 6.961 5.537 7.202 7.718 1.952 5.314 10.141 3.852 5.824 9.567 8.264 4.810 7.084 7.779 2.585 2.496 7.153 7.362 4.732 3.962 6.586 5.687 10.222 9.005 4.237 5.799 8.086 6.890 8.850 7.154 4.568 4.675 6.039 9.114 5.678 5.189 1.751 8.524 8.793 8.913 7.618 7.985 8.038 8.538 5.706 6.756 8.400 4.737 
3.744 2.593 4.056 2.222 9.443 4.636 3.461 1.311 5.405 7.489 9.456 6.101 7.126 9.153 7.477 3.043 8.055 4.159 7.074 2.907 7.424 5.117 9.151 8.592 2.764 8.882 6.504 4.543 5.518 2.724 5.879 4.684 9.403 2.774 6.022 7.172 9.631 4.914 5.800 9.542 1.948 5.237 2.384 8.095 10.138 5.662 7.433 9.046 5.141 5.003 3.888 8.960 6.939 4.737 8.257 5.250 2.368 6.486 9.149 2.439 7.367 7.803 8.439 1.492 5.855 9.443 1.770 4.758 7.038 8.773 4.018 6.803 3.499 6.664 9.516 8.901 1.984 6.503 4.250 3.111 8.304 5.804 4.490 6.833 3.118 7.906 4.372 3.175 2.495 7.088 6.807 8.447 4.949 4.260 6.878 5.929 5.450 7.075 6.261 1.812 
1.653 1.995 1.875 1.419 9.667 2.464 5.164 1.754 6.716 6.907 8.159 5.613 5.968 8.112 7.597 2.288 6.990 4.298 5.551 4.122 7.096 5.577 8.211 7.675 2.173 8.082 7.247 2.613 5.548 4.132 3.661 6.023 7.765 4.881 6.335 6.736 8.403 3.245 3.903 9.911 1.674 6.713 1.805 8.033 10.428 7.176 6.048 9.588 5.007 5.849 5.693 8.036 6.741 4.892 7.488 6.533 0.874 5.574 9.600 2.729 6.295 8.698 8.179 3.232 6.353 8.371 1.162 3.118 6.900 7.823 4.047 5.043 5.154 5.872 9.802 8.817 2.884 5.858 6.436 5.251 8.467 6.377 4.156 5.412 4.638 8.459 4.834 4.033 0.609 7.761 7.819 8.565 6.358 6.373 7.372 7.322 5.312 6.682 7.357 3.251 
3.720 4.535 3.661 4.810 7.728 3.212 7.904 5.770 8.110 3.963 3.179 3.704 1.999 3.643 6.039 4.126 2.771 4.859 0.726 6.579 4.692 5.774 3.946 3.597 4.413 4.171 7.226 6.093 4.870 6.871 2.860 7.728 2.445 8.521 5.789 4.240 3.515 2.127 1.515 8.255 5.127 8.457 4.703 5.889 8.483 8.865 1.358 8.404 4.398 6.661 8.453 3.847 4.820 4.967 3.834 7.931 4.762 2.605 8.202 5.230 2.374 8.559 5.520 6.941 6.194 3.789 5.272 2.278 5.042 3.625 4.657 0.324 7.808 2.995 7.978 6.379 5.930 3.374 9.999 8.888 6.707 6.367 3.973 1.055 7.283 7.603 5.538 6.015 5.711 7.399 8.197 6.673 8.079 9.708 6.753 8.699 4.445 4.321 8.070 6.599 
9.809 8.449 10.081 9.041 0.809 10.076 7.823 9.263 5.969 4.296 6.565 5.079 6.249 5.429 2.840 8.155 5.669 6.209 7.526 7.495 3.664 5.133 5.002 4.993 8.264 4.471 4.073 12.676 4.892 7.797 10.570 6.418 8.180 9.193 4.229 4.123 6.273 8.461 9.010 1.017 8.915 6.491 8.657 2.500 0.477 6.462 6.970 1.852 5.429 5.439 7.933 4.958 3.805 5.602 4.530 5.980 9.564 5.798 1.502 7.963 5.885 3.615 2.728 8.949 4.418 5.561 9.444 8.440 3.609 5.093 6.426 8.450 7.699 5.376 0.815 1.871 8.270 5.112 9.644 9.308 1.974 4.504 6.294 7.207 7.667 2.638 5.878 7.094 11.044 3.497 4.453 1.870 6.436 9.161 3.448 5.976 5.130 4.093 4.972 8.519 
1.263 0.939 1.637 1.050 7.965 1.986 4.824 2.028 5.839 5.015 6.350 3.756 4.099 6.230 5.897 0.772 5.107 2.834 3.840 3.527 5.252 4.166 6.315 5.774 0.933 6.176 5.901 3.984 3.893 3.703 3.149 5.231 6.150 5.066 4.780 4.871 6.571 1.649 2.597 8.269 1.402 5.984 1.022 6.252 8.743 6.449 4.263 8.037 3.308 4.678 5.398 6.137 4.942 3.361 5.581 5.645 1.108 3.668 8.002 1.911 4.409 7.389 6.338 3.368 4.904 6.497 1.514 1.492 5.117 5.926 2.552 3.536 4.766 3.966 8.125 7.016 2.492 3.966 6.631 5.450 6.763 4.974 2.431 3.639 4.204 6.947 3.508 3.164 2.476 6.345 6.630 6.841 5.597 6.431 5.867 6.473 3.591 4.828 6.258 3.125 
5.618 3.613 3.693 3.689 8.418 3.581 2.277 3.325 7.175 7.083 5.821 3.386 1.774 7.337 0.349 0.126 7.241 4.022 2.156 2.272 3.640 7.781 1.032 7.025 8.112 1.673 1.171 8.362 2.243 2.499 8.385 5.690 1.530 4.171 3.664 2.972 1.215 4.104 3.531 3.735 8.284 7.266 5.969 6.144 5.276 6.466 7.432 5.628 9.002 7.848 2.496 9.042 6.502 6.452 7.157 9.547 6.483 7.918 8.493 5.899 3.712 6.622 9.705 7.405 2.040 5.384 4.955 8.603 2.097 2.115 4.736 7.498 7.680 3.529 5.222 3.498 6.611 6.630 2.662 1.112 2.287 9.990 8.397 3.536 4.539 7.245 7.193 2.145 8.072 4.170 3.914 4.523 9.003 8.591 3.306 3.627 6.832 2.315 4.750 7.310 
3.702 1.833 2.145 4.511 6.921 4.735 3.951 2.932 7.506 7.317 3.934 2.281 0.487 5.437 2.385 2.131 5.289 2.987 3.055 3.341 1.622 5.716 2.607 7.470 6.734 1.944 2.995 7.044 2.112 0.861 6.565 6.520 1.997 2.721 1.869 4.320 1.006 2.070 2.642 4.984 6.856 5.259 5.462 5.499 4.012 4.511 5.499 4.133 7.385 5.785 2.979 7.654 4.429 4.620 5.084 8.091 7.104 6.019 6.579 5.520 4.139 7.337 8.118 6.337 2.985 4.630 3.184 6.767 3.568 3.343 4.571 5.588 6.964 2.480 3.163 3.839 5.315 5.560 1.947 3.008 3.634 8.344 7.482 1.649 5.238 5.278 6.480 1.033 6.030 2.191 3.007 3.832 7.916 6.725 1.328 3.060 4.760 1.842 2.694 5.434 
5.997 3.976 4.031 3.629 8.716 3.444 2.060 3.518 7.161 7.088 6.196 3.679 2.162 7.711 0.203 0.361 7.612 4.290 2.192 2.216 4.030 8.172 0.992 6.990 8.393 1.878 0.966 8.632 2.484 2.867 8.734 5.589 1.745 4.490 4.027 2.802 1.595 4.490 3.791 3.569 8.572 7.645 6.123 6.320 5.558 6.838 7.800 5.939 9.318 8.239 2.571 9.321 6.893 6.820 7.548 9.835 6.416 8.280 8.857 6.032 3.739 6.535 10.014 7.639 2.075 5.587 5.307 8.954 1.963 2.061 4.850 7.863 7.855 3.834 5.613 3.550 6.887 6.870 2.957 0.866 2.183 10.308 8.600 3.909 4.486 7.627 7.370 2.504 8.461 4.550 4.167 4.730 9.232 8.947 3.694 3.838 7.224 2.576 5.138 7.681 
3.769 2.412 2.740 4.784 7.507 4.923 3.474 3.417 7.924 7.753 3.976 2.853 0.166 5.493 2.112 1.875 5.776 3.562 2.486 3.514 1.822 5.983 2.171 7.865 7.326 2.213 2.595 7.638 1.520 1.451 7.098 6.818 1.435 3.316 2.445 4.443 0.639 2.529 3.196 5.149 7.446 5.708 6.002 6.055 4.606 5.001 5.993 4.724 7.957 6.045 3.283 8.246 4.755 4.621 5.397 8.679 7.457 6.527 7.078 6.044 4.496 7.670 8.693 6.929 2.422 5.193 3.748 7.295 3.060 2.803 5.052 6.093 7.534 2.070 3.425 4.207 5.911 6.150 1.417 2.633 3.104 8.911 8.067 2.207 5.553 5.395 7.048 0.513 6.243 2.695 3.570 4.380 8.510 7.243 1.474 3.578 5.060 2.286 3.109 5.470 
7.941 5.865 5.544 7.740 0.844 8.487 11.352 6.035 6.977 6.610 8.159 5.705 8.161 8.602 9.430 9.207 4.006 5.088 10.712 8.135 7.349 6.737 10.011 7.334 0.983 7.533 10.257 0.845 9.750 6.861 2.679 8.183 9.657 4.989 5.838 8.786 8.569 6.144 5.592 8.774 0.820 4.547 4.369 3.959 3.816 4.323 3.796 3.544 1.205 6.829 7.314 0.149 6.074 8.665 6.184 0.496 7.762 3.387 3.450 4.710 6.946 8.134 1.164 2.197 10.632 4.184 4.619 2.764 11.081 10.940 5.572 3.590 3.268 9.494 6.733 6.842 2.492 2.739 9.406 10.202 11.203 1.648 2.422 6.107 7.535 8.029 3.379 8.607 7.393 5.842 5.232 4.885 1.672 3.017 7.565 5.678 6.303 6.800 5.975 8.758 
6.502 4.231 4.213 3.181 8.773 2.922 2.308 3.419 6.738 6.687 6.710 3.762 2.644 8.226 0.788 0.925 7.878 4.313 2.708 1.804 4.490 8.598 1.502 6.545 8.411 1.867 1.326 8.627 3.074 3.157 8.922 5.086 2.334 4.622 4.285 2.260 2.108 4.842 3.807 3.024 8.605 7.947 5.927 6.156 5.594 7.112 8.054 6.039 9.414 8.668 2.317 9.333 7.291 7.349 7.950 9.866 5.943 8.511 9.092 5.804 3.391 6.042 10.092 7.570 2.591 5.475 5.519 9.147 2.332 2.508 4.605 8.103 7.680 4.417 6.048 3.238 6.902 6.816 3.542 1.187 2.577 10.408 8.472 4.203 4.035 8.120 7.203 3.049 8.914 4.867 4.162 4.634 9.147 9.156 4.166 3.761 7.634 2.623 5.502 8.203 
0.989 3.310 3.788 7.888 6.190 8.305 7.392 5.684 10.053 9.767 1.152 4.557 4.162 1.923 6.214 5.971 3.159 4.885 6.091 7.012 2.293 1.919 6.212 10.156 6.384 5.589 6.662 6.785 4.801 3.894 4.760 9.691 5.250 4.044 3.263 8.026 4.743 2.311 4.967 8.593 6.339 2.734 7.212 7.017 4.906 2.708 3.410 4.395 6.176 1.967 6.414 7.086 1.107 1.653 1.520 7.258 10.019 3.970 4.317 7.447 7.274 10.328 6.885 6.837 6.082 6.230 3.232 4.852 6.907 6.545 7.014 3.604 8.029 3.649 0.788 6.968 5.585 6.266 4.166 6.716 6.862 6.882 8.064 3.100 8.426 1.532 7.649 3.978 2.139 2.529 5.089 5.828 8.052 4.676 2.632 5.561 1.174 5.096 1.769 2.015 
2.919 2.668 3.126 5.745 7.669 5.907 3.981 4.203 8.789 8.599 3.098 3.453 1.134 4.607 2.970 2.757 5.553 4.133 2.728 4.499 1.310 5.328 2.827 8.753 7.569 3.167 3.286 7.911 1.469 2.034 6.999 7.770 1.839 3.700 2.681 5.431 1.557 2.390 3.848 6.136 7.655 5.393 6.671 6.675 5.008 4.805 5.790 4.982 8.021 5.378 4.227 8.464 4.216 3.704 4.821 8.846 8.378 6.353 6.871 6.752 5.412 8.604 8.768 7.350 2.705 5.797 3.851 7.176 3.503 3.156 5.840 5.917 8.097 1.215 2.832 5.115 6.241 6.591 0.956 3.356 3.473 8.936 8.538 2.390 6.496 4.567 7.621 0.616 5.510 2.653 4.190 5.036 8.892 7.091 0.982 4.309 4.471 3.126 2.815 4.570 
3.103 3.673 3.923 8.102 4.406 8.663 8.894 5.763 9.536 9.207 3.245 4.679 5.427 3.397 7.405 7.148 1.208 4.698 7.736 7.560 3.713 1.630 7.599 9.722 4.734 6.254 8.011 5.135 6.481 4.662 2.727 9.624 6.776 3.870 3.616 8.547 6.013 2.976 4.983 8.973 4.626 0.677 6.482 6.190 4.163 1.227 1.425 3.463 4.228 1.732 6.814 5.293 1.008 3.590 0.973 5.366 9.745 1.927 2.212 6.785 7.362 10.093 4.895 5.521 7.705 5.565 2.770 2.787 8.453 8.142 6.698 1.631 6.861 5.559 2.266 7.086 4.343 5.128 5.904 8.033 8.456 4.840 6.667 3.630 8.452 2.819 6.569 5.473 2.292 2.952 4.940 5.456 6.465 2.592 4.063 5.523 1.113 5.584 2.335 3.558 
7.072 3.708 3.176 3.976 3.433 4.725 8.162 2.588 3.945 3.598 7.343 2.824 5.528 8.389 6.209 6.027 4.774 2.122 7.847 4.505 5.562 7.229 6.913 4.188 2.864 4.234 7.057 2.924 7.180 4.253 4.680 4.589 6.858 2.658 3.719 5.056 5.748 4.525 2.493 5.009 3.131 5.238 0.853 0.545 1.574 4.426 4.752 2.195 4.280 7.332 3.736 3.664 5.999 8.030 6.468 4.263 4.385 4.817 5.291 1.196 3.192 4.759 4.757 1.649 7.747 0.519 3.246 4.908 7.994 7.954 1.806 4.638 1.858 7.447 5.832 3.115 1.664 1.043 7.047 6.970 8.167 5.190 2.495 4.015 3.794 7.921 1.375 6.138 7.858 4.200 2.109 1.380 3.169 5.068 5.611 2.275 6.378 3.628 4.795 8.491 
9.720 6.121 5.584 3.209 6.272 3.756 8.627 3.951 0.780 0.472 9.996 4.907 7.142 11.217 6.884 6.807 7.937 4.431 8.845 4.525 7.877 10.288 7.689 1.038 5.633 5.215 7.637 5.525 8.614 6.163 7.795 2.202 8.066 5.254 6.155 4.401 7.104 7.097 4.470 3.883 5.918 8.384 2.318 2.684 4.594 7.541 7.922 5.301 7.146 10.390 4.210 6.184 8.990 10.716 9.514 6.778 1.487 7.983 8.442 1.985 2.977 1.843 7.455 4.198 8.730 3.191 6.151 8.015 8.651 8.770 2.349 7.809 3.107 9.344 8.571 3.203 4.782 4.022 8.713 7.507 8.885 7.930 4.097 6.402 2.426 10.803 2.942 7.821 10.892 6.815 4.252 3.469 5.029 8.192 7.807 3.910 9.383 5.030 7.534 11.296 
5.782 2.328 1.790 3.706 3.833 4.402 7.040 1.646 4.829 4.524 6.056 1.485 4.190 7.192 5.092 4.885 4.112 0.776 6.591 3.784 4.184 6.249 5.738 4.981 3.423 3.149 5.934 3.630 5.846 2.891 4.485 4.911 5.574 1.297 2.342 4.550 4.458 3.189 1.235 4.713 3.631 4.481 1.970 1.860 0.751 3.585 4.161 1.470 4.560 6.350 2.946 4.338 4.934 6.759 5.472 4.883 4.979 4.386 4.935 2.180 2.889 5.329 5.181 2.656 6.497 0.995 2.093 4.724 6.822 6.741 1.941 4.100 3.231 6.061 4.574 2.688 1.918 1.874 5.682 5.864 6.975 5.545 3.742 2.635 3.833 6.759 2.756 4.779 6.841 2.874 0.849 0.720 4.257 4.823 4.225 1.287 5.329 2.449 3.529 7.280 
7.429 3.823 3.301 2.014 5.384 2.763 6.770 1.613 3.041 2.808 7.704 2.584 4.844 8.979 4.886 4.761 6.168 2.194 6.754 2.781 5.541 8.237 5.667 3.095 4.833 3.029 5.703 4.897 6.377 3.821 6.420 2.855 5.888 3.052 3.860 3.153 4.864 4.817 2.149 3.040 5.096 6.538 1.541 1.876 2.762 5.637 6.210 3.506 6.212 8.336 2.174 5.636 6.886 8.428 7.460 6.236 2.969 6.404 6.935 1.343 1.271 3.302 6.721 3.593 6.643 1.612 4.065 6.657 6.702 6.752 0.169 6.140 3.292 7.021 6.323 1.287 3.518 3.012 6.424 5.592 6.912 7.145 4.194 4.092 1.859 8.598 2.848 5.519 8.804 4.555 1.984 1.348 5.003 6.782 5.464 1.574 7.287 2.724 5.304 9.047 
9.120 5.584 5.035 3.671 5.144 4.336 8.869 3.687 1.835 1.468 9.395 4.455 6.940 10.528 7.017 6.901 6.980 3.870 8.903 4.795 7.411 9.446 7.805 2.165 4.502 5.178 7.821 4.384 8.507 5.824 6.726 3.196 8.034 4.620 5.609 4.906 6.997 6.510 4.030 4.526 4.787 7.454 1.405 1.689 3.755 6.648 6.944 4.414 6.017 9.549 4.293 5.040 8.196 10.101 8.681 5.634 2.609 6.962 7.397 1.166 3.191 2.974 6.314 3.067 8.791 2.379 5.393 6.940 8.827 8.891 2.072 6.819 1.976 9.068 7.918 3.327 3.741 2.955 8.520 7.704 9.043 6.789 2.977 5.882 3.043 10.081 1.800 7.607 10.070 6.205 3.738 2.890 3.907 7.127 7.390 3.545 8.580 4.832 6.874 10.620 
6.255 3.810 3.473 6.047 1.392 6.773 9.291 4.099 6.131 5.769 6.498 3.653 6.093 7.198 7.380 7.153 2.889 3.070 8.641 6.239 5.383 5.624 7.945 6.413 1.129 5.515 8.201 1.473 7.693 4.790 2.417 6.872 7.586 2.917 3.786 6.981 6.497 4.179 3.576 7.077 1.254 3.428 3.102 2.706 1.788 2.848 2.783 1.478 2.113 5.725 5.401 2.045 4.643 7.086 4.936 2.512 6.663 2.686 3.087 3.460 5.228 7.039 2.729 1.536 8.560 2.536 2.629 2.637 9.013 8.868 3.986 2.621 2.920 7.510 4.995 5.071 0.631 1.360 7.371 8.149 9.132 3.092 2.679 4.063 6.003 6.657 2.710 6.553 6.287 3.861 3.238 3.047 2.630 2.815 5.571 3.740 4.955 4.768 4.114 7.334 
4.008 1.636 1.851 4.103 6.659 4.362 4.082 2.482 7.056 6.867 4.252 1.879 0.830 5.736 2.363 2.106 5.223 2.589 3.320 2.987 1.901 5.872 2.719 7.024 6.439 1.564 3.063 6.736 2.486 0.535 6.422 6.098 2.268 2.408 1.681 3.984 1.178 2.093 2.219 4.622 6.574 5.240 5.030 5.078 3.672 4.446 5.419 3.853 7.161 5.946 2.566 7.365 4.545 4.952 5.206 7.821 6.666 5.918 6.488 5.081 3.703 6.904 7.887 5.976 3.239 4.215 3.001 6.632 3.740 3.558 4.121 5.493 6.557 2.931 3.350 3.401 4.993 5.195 2.377 3.054 3.834 8.133 7.101 1.519 4.812 5.542 6.070 1.460 6.226 2.145 2.593 3.404 7.564 6.606 1.655 2.617 4.896 1.394 2.750 5.744 
8.146 4.565 4.020 2.793 5.051 3.516 7.798 2.568 2.385 2.077 8.422 3.390 5.822 9.617 5.922 5.798 6.380 2.856 7.789 3.767 6.363 8.681 6.704 2.563 4.444 4.060 6.736 4.426 7.384 4.728 6.371 2.936 6.912 3.659 4.595 4.009 5.873 5.523 2.957 3.752 4.723 6.810 0.905 1.321 2.999 5.951 6.380 3.720 5.915 8.783 3.205 5.144 7.379 9.138 7.907 5.752 2.696 6.484 6.972 0.555 2.186 3.069 6.332 3.068 7.678 1.606 4.540 6.600 7.737 7.789 0.950 6.280 2.439 7.963 6.978 2.275 3.354 2.675 7.402 6.623 7.948 6.785 3.412 4.855 2.346 9.198 2.058 6.491 9.282 5.232 2.697 1.879 4.288 6.757 6.322 2.444 7.773 3.710 5.938 9.699 
3.634 0.484 0.627 4.848 4.641 5.370 6.201 2.541 6.854 6.577 3.910 1.412 2.794 5.120 4.435 4.183 3.197 1.679 5.362 4.250 2.111 4.510 4.839 6.949 4.507 2.985 5.174 4.846 4.335 1.601 4.305 6.531 4.305 0.867 0.441 5.236 3.276 1.031 1.785 5.677 4.603 3.315 4.128 4.004 2.040 2.441 3.369 1.916 5.077 4.603 3.506 5.410 3.122 4.622 3.750 5.817 6.815 3.834 4.412 4.321 4.157 7.131 5.813 4.345 5.293 3.153 0.882 4.519 5.852 5.646 3.806 3.420 5.256 4.167 2.467 3.863 3.189 3.616 3.992 5.157 5.933 6.036 5.565 0.686 5.292 4.735 4.812 3.190 5.022 0.718 1.880 2.639 5.849 4.503 2.235 2.373 3.522 2.282 1.440 5.193 
7.825 4.310 3.865 0.744 6.642 1.490 5.958 1.944 3.152 3.057 8.093 3.079 4.697 9.471 4.209 4.142 7.159 2.962 6.183 1.851 5.796 8.984 5.016 3.032 6.102 2.666 4.959 6.174 6.045 3.964 7.570 2.079 5.450 3.791 4.358 1.946 4.559 5.309 2.704 1.762 6.362 7.475 2.778 3.139 3.845 6.557 7.230 4.566 7.458 9.078 1.602 6.913 7.601 8.819 8.215 7.513 2.598 7.482 8.034 2.522 0.370 2.831 7.985 4.870 6.067 2.861 4.887 7.809 5.972 6.094 1.447 7.183 4.482 6.931 6.840 0.677 4.750 4.284 6.221 4.829 6.206 8.403 5.423 4.526 0.809 9.149 4.066 5.370 9.505 5.103 2.718 2.391 6.258 7.916 5.643 2.137 8.002 2.704 5.883 9.517 
1.605 2.034 2.549 6.562 5.847 6.968 6.325 4.398 8.866 8.597 1.880 3.287 2.939 3.154 4.984 4.734 3.262 3.694 5.128 5.673 1.115 3.098 5.071 8.944 5.908 4.251 5.504 6.293 3.867 2.555 4.806 8.397 4.190 2.896 1.992 6.687 3.531 1.032 3.712 7.254 5.922 3.030 6.148 6.002 3.946 2.575 3.512 3.579 6.023 3.167 5.079 6.715 1.848 2.593 2.486 6.992 8.765 4.092 4.566 6.349 5.968 9.064 6.765 6.097 5.100 5.168 2.323 4.955 5.869 5.543 5.804 3.665 7.161 3.026 0.559 5.660 4.858 5.439 3.294 5.543 5.859 6.857 7.337 1.794 7.122 2.845 6.743 2.885 3.433 1.313 3.877 4.666 7.466 4.835 1.471 4.304 2.152 3.760 0.737 3.208 
6.719 3.600 3.116 4.703 2.649 5.446 8.530 3.034 4.710 4.355 6.985 2.967 5.650 7.924 6.578 6.376 4.062 2.268 8.085 5.089 5.407 6.622 7.234 4.973 2.115 4.620 7.423 2.237 7.305 4.335 3.869 5.407 7.061 2.545 3.598 5.726 5.945 4.285 2.732 5.739 2.369 4.551 1.642 1.262 1.257 3.791 4.017 1.651 3.480 6.725 4.280 2.972 5.458 7.644 5.877 3.555 5.198 4.041 4.497 1.997 3.898 5.573 3.990 1.158 7.991 1.136 2.853 4.095 8.319 8.238 2.571 3.890 1.998 7.408 5.455 3.783 0.847 0.376 7.100 7.350 8.472 4.410 2.296 3.900 4.582 7.428 1.607 6.213 7.265 3.951 2.343 1.842 2.759 4.260 5.508 2.686 5.820 3.940 4.447 8.038 
3.887 1.814 1.792 5.768 3.504 6.373 7.528 3.435 7.177 6.860 4.143 2.434 4.088 5.034 5.766 5.514 1.957 2.322 6.645 5.392 3.025 3.888 6.167 7.345 3.497 4.233 6.507 3.874 5.557 2.933 2.973 7.224 5.593 1.547 1.768 6.335 4.594 1.824 2.664 6.687 3.535 2.200 4.178 3.933 1.828 1.280 2.095 1.240 3.832 3.989 4.592 4.340 2.613 4.777 3.114 4.675 7.345 2.520 3.103 4.455 5.002 7.691 4.577 3.707 6.581 3.223 0.475 3.186 7.170 6.950 4.295 2.120 4.873 5.172 2.616 4.739 2.455 3.110 5.145 6.490 7.242 4.763 4.944 1.959 6.068 4.545 4.498 4.416 4.495 1.540 2.567 3.053 5.037 3.173 3.257 3.165 2.997 3.490 1.694 5.147 
8.994 5.506 4.957 3.972 4.747 4.660 9.066 3.752 2.232 1.863 9.268 4.427 6.988 10.359 7.185 7.056 6.690 3.804 9.035 5.027 7.351 9.208 7.964 2.577 4.103 5.303 8.003 3.972 8.582 5.827 6.370 3.613 8.138 4.508 5.527 5.205 7.080 6.402 4.016 4.865 4.387 7.177 1.245 1.440 3.552 6.393 6.643 4.176 5.617 9.311 4.472 4.621 7.985 9.966 8.450 5.213 3.037 6.636 7.055 1.109 3.433 3.401 5.899 2.670 8.925 2.225 5.214 6.581 9.001 9.047 2.196 6.510 1.548 9.076 7.774 3.539 3.415 2.616 8.562 7.890 9.210 6.376 2.550 5.808 3.392 9.899 1.388 7.646 9.840 6.089 3.696 2.841 3.480 6.773 7.350 3.572 8.363 4.902 6.731 10.457 
8.456 4.953 4.403 3.620 4.555 4.336 8.583 3.209 2.485 2.124 8.731 3.869 6.437 9.841 6.685 6.549 6.277 3.248 8.513 4.584 6.795 8.739 7.456 2.774 3.922 4.782 7.510 3.844 8.037 5.269 6.063 3.545 7.604 3.963 4.975 4.839 6.539 5.857 3.457 4.564 4.207 6.748 0.710 0.984 3.053 5.940 6.244 3.706 5.428 8.842 3.987 4.533 7.494 9.432 7.975 5.137 3.110 6.274 6.720 0.553 3.013 3.485 5.774 2.494 8.404 1.692 4.700 6.281 8.503 8.537 1.696 6.122 1.645 8.518 7.243 3.087 3.059 2.288 8.009 7.401 8.707 6.242 2.641 5.254 3.129 9.389 1.323 7.093 9.364 5.546 3.138 2.283 3.545 6.461 6.792 3.019 7.876 4.358 6.199 9.936 
3.751 1.665 1.957 4.390 6.743 4.639 4.084 2.752 7.339 7.146 3.990 2.084 0.668 5.483 2.457 2.200 5.169 2.789 3.228 3.256 1.651 5.687 2.731 7.310 6.549 1.841 3.104 6.857 2.308 0.664 6.420 6.387 2.170 2.530 1.703 4.247 1.139 1.976 2.447 4.895 6.673 5.156 5.268 5.302 3.818 4.391 5.374 3.950 7.217 5.759 2.853 7.470 4.381 4.686 5.040 7.912 6.955 5.888 6.451 5.329 3.993 7.193 7.948 6.141 3.154 4.433 3.024 6.625 3.714 3.502 4.390 5.458 6.766 2.659 3.147 3.690 5.125 5.363 2.143 3.109 3.789 8.180 7.284 1.498 5.102 5.304 6.282 1.230 6.021 2.072 2.810 3.637 7.722 6.588 1.385 2.871 4.722 1.679 2.617 5.487 
8.579 5.161 4.618 4.194 4.152 4.913 9.078 3.618 2.825 2.456 8.852 4.158 6.795 9.896 7.163 7.015 6.127 3.495 8.951 5.119 7.016 8.683 7.922 3.160 3.509 5.231 7.995 3.390 8.418 5.582 5.774 4.082 8.018 4.132 5.177 5.408 6.935 6.017 3.769 5.143 3.793 6.623 0.950 0.983 3.083 5.858 6.072 3.664 5.023 8.786 4.489 4.053 7.485 9.540 7.931 4.651 3.578 6.051 6.463 1.002 3.567 3.949 5.321 2.074 8.844 1.847 4.756 5.983 8.979 8.996 2.204 5.935 1.071 8.821 7.342 3.623 2.834 2.031 8.354 7.890 9.177 5.796 2.075 5.467 3.708 9.423 0.810 7.437 9.322 5.696 3.420 2.578 2.989 6.177 7.041 3.390 7.858 4.756 6.304 10.000 
4.695 3.546 3.510 7.226 2.463 7.883 9.248 4.958 8.021 7.672 4.899 4.078 5.781 5.323 7.502 7.250 0.796 3.802 8.313 7.020 4.488 3.573 7.890 8.260 2.765 5.936 8.237 3.166 7.173 4.666 1.259 8.443 7.273 3.171 3.498 7.922 6.306 3.369 4.230 8.198 2.662 1.348 4.929 4.581 2.832 1.069 0.691 2.093 2.439 3.672 6.196 3.358 2.783 5.379 2.940 3.501 8.401 0.836 1.411 5.267 6.422 8.767 3.169 3.635 8.256 4.127 2.204 1.459 8.877 8.641 5.460 0.562 5.016 6.600 3.546 6.191 2.553 3.360 6.705 8.223 8.939 3.243 4.732 3.669 7.396 4.755 4.778 6.049 4.239 3.152 4.039 4.281 4.496 1.437 4.776 4.642 3.026 5.181 2.983 5.475 
7.111 6.257 6.450 6.062 11.244 5.673 0.635 6.204 9.618 9.592 7.226 6.247 3.993 8.636 2.579 2.770 9.726 6.903 1.657 4.734 5.622 9.658 1.933 9.395 10.970 4.555 1.732 11.233 2.944 5.157 11.024 7.829 2.553 6.973 6.299 4.982 3.466 6.479 6.418 5.690 11.130 9.646 8.812 9.010 8.140 8.951 9.943 8.437 11.781 9.703 5.232 11.901 8.566 7.676 9.172 12.390 8.746 10.473 11.027 8.713 6.329 8.796 12.500 10.297 1.658 8.270 7.622 11.228 0.892 1.196 7.522 10.040 10.545 4.302 7.184 6.175 9.479 9.522 3.594 1.825 0.879 12.757 11.284 6.103 6.900 8.730 10.061 3.855 9.786 6.640 6.804 7.410 11.896 11.184 5.268 6.515 8.822 5.205 7.039 8.553 
4.714 1.765 1.431 4.867 3.378 5.513 7.301 2.583 6.136 5.819 4.982 1.773 4.042 5.994 5.429 5.191 2.829 1.427 6.596 4.663 3.452 4.930 5.945 6.302 3.179 3.678 6.228 3.501 5.643 2.747 3.460 6.221 5.540 0.911 1.745 5.549 4.459 2.289 1.865 5.828 3.298 3.164 3.156 2.936 0.821 2.259 2.907 0.575 3.921 5.031 3.831 4.096 3.640 5.654 4.155 4.540 6.312 3.211 3.784 3.422 4.075 6.661 4.629 3.001 6.518 2.189 0.854 3.695 6.999 6.837 3.269 2.875 4.010 5.529 3.457 3.832 1.826 2.300 5.336 6.188 7.108 4.908 4.232 2.031 5.099 5.529 3.597 4.505 5.533 1.955 1.666 2.031 4.487 3.747 3.595 2.271 4.029 2.912 2.436 6.097 
1.248 2.369 2.894 6.854 6.147 7.238 6.353 4.721 9.213 8.947 1.524 3.620 3.050 2.841 5.104 4.858 3.458 4.045 5.106 5.922 1.181 2.983 5.135 9.286 6.227 4.493 5.578 6.616 3.827 2.806 5.029 8.711 4.209 3.254 2.330 6.934 3.635 1.377 4.048 7.520 6.234 3.177 6.508 6.364 4.307 2.809 3.711 3.931 6.291 3.043 5.356 7.022 1.838 2.241 2.438 7.283 9.096 4.293 4.743 6.708 6.277 9.391 7.030 6.447 5.086 5.528 2.678 5.167 5.882 5.540 6.149 3.876 7.520 2.865 0.450 5.968 5.205 5.795 3.224 5.626 5.857 7.104 7.687 2.116 7.432 2.569 7.103 2.915 3.257 1.669 4.224 5.019 7.802 5.035 1.530 4.639 2.090 4.039 1.084 2.885 
7.737 5.231 5.117 2.830 9.392 2.309 2.865 3.914 6.304 6.321 7.950 4.541 3.877 9.466 2.004 2.174 8.842 4.972 3.707 1.828 5.698 9.759 2.569 6.046 8.967 2.676 2.233 9.137 4.275 4.226 9.761 4.427 3.529 5.442 5.287 1.632 3.357 5.944 4.477 2.285 9.186 8.962 6.100 6.394 6.234 8.094 8.999 6.774 10.097 9.833 2.628 9.865 8.426 8.596 9.088 10.428 5.365 9.420 10.003 5.909 3.328 5.392 10.738 7.970 3.597 5.841 6.434 9.993 3.093 3.391 4.720 9.028 7.860 5.655 7.227 3.286 7.474 7.260 4.776 2.084 3.358 11.089 8.737 5.250 3.609 9.344 7.408 4.303 10.102 5.930 4.780 5.065 9.493 10.026 5.385 4.274 8.782 3.424 6.611 9.446 
2.445 3.175 3.499 7.718 4.806 8.241 8.213 5.395 9.401 9.086 2.614 4.278 4.769 3.007 6.774 6.518 1.701 4.397 7.034 7.078 3.014 1.677 6.933 9.558 5.059 5.730 7.353 5.463 5.772 4.091 3.298 9.336 6.086 3.542 3.119 8.079 5.358 2.375 4.621 8.546 4.986 1.278 6.404 6.147 4.055 1.359 1.950 3.416 4.734 1.776 6.366 5.703 0.444 3.040 0.899 5.837 9.526 2.508 2.868 6.684 7.010 9.863 5.433 5.683 7.005 5.451 2.497 3.390 7.765 7.446 6.471 2.146 6.967 4.837 1.544 6.722 4.457 5.204 5.189 7.381 7.762 5.421 6.876 3.088 8.127 2.458 6.635 4.781 2.267 2.406 4.631 5.233 6.767 3.217 3.367 5.188 0.779 5.097 1.712 3.150 
10.122 6.553 6.065 2.475 7.732 2.720 7.800 4.188 1.484 1.682 10.393 5.299 7.021 11.735 6.280 6.264 8.982 5.021 8.278 3.891 8.122 11.085 7.075 1.118 7.110 4.974 6.927 7.051 8.294 6.298 9.074 0.620 7.655 5.882 6.597 3.411 6.843 7.558 4.886 2.723 7.394 9.373 3.601 4.013 5.563 8.480 9.007 6.307 8.602 11.183 3.902 7.742 9.726 11.120 10.307 8.346 0.364 9.153 9.657 3.241 2.712 0.489 8.978 5.696 8.160 4.246 6.916 9.304 7.919 8.112 2.955 8.922 4.742 9.253 9.085 3.017 6.063 5.378 8.518 6.784 8.171 9.443 5.746 6.793 1.642 11.384 4.513 7.689 11.644 7.324 4.796 4.196 6.676 9.457 7.979 4.293 10.127 5.044 8.092 11.791 
0.542 4.142 4.675 8.501 7.557 8.821 7.054 6.460 10.993 10.731 0.268 5.382 4.255 1.364 6.217 5.999 4.525 5.832 5.652 7.454 2.580 2.751 6.037 11.057 7.732 6.028 6.501 8.132 4.396 4.411 6.122 10.416 4.990 5.042 4.106 8.449 4.776 3.163 5.815 9.087 7.697 4.080 8.292 8.138 6.059 4.077 4.774 5.624 7.549 2.751 6.975 8.451 2.435 0.486 2.672 8.631 10.843 5.328 5.647 8.496 7.977 11.128 8.255 8.113 5.669 7.311 4.400 6.206 6.543 6.140 7.926 4.970 9.249 3.008 1.797 7.667 6.860 7.501 3.739 6.583 6.447 8.245 9.348 3.873 9.128 1.450 8.846 3.864 2.629 3.458 6.006 6.807 9.381 6.021 2.817 6.401 2.377 5.680 2.818 1.321 
4.781 2.509 2.307 5.788 2.622 6.453 8.185 3.542 6.720 6.383 5.030 2.744 4.829 5.825 6.347 6.104 2.014 2.387 7.397 5.638 3.926 4.456 6.823 6.931 2.574 4.644 7.128 2.948 6.366 3.586 2.483 7.024 6.339 1.857 2.474 6.514 5.292 2.720 2.839 6.768 2.624 2.443 3.642 3.336 1.410 1.630 2.041 0.664 3.044 4.559 4.804 3.433 3.312 5.640 3.711 3.799 7.023 2.271 2.834 3.958 4.983 7.384 3.776 2.840 7.326 2.765 1.196 2.718 7.859 7.670 4.041 1.974 4.083 6.068 3.514 4.755 1.591 2.318 5.992 7.097 7.952 4.014 4.066 2.719 5.959 5.308 3.749 5.220 5.099 2.415 2.618 2.845 4.116 2.774 4.138 3.217 3.664 3.879 2.620 5.950 
6.626 3.358 2.846 4.250 3.095 4.990 8.114 2.588 4.462 4.117 6.896 2.608 5.312 7.907 6.159 5.963 4.254 1.899 7.708 4.629 5.197 6.714 6.830 4.698 2.574 4.193 7.006 2.699 6.969 4.009 4.208 5.024 6.695 2.297 3.363 5.264 5.579 4.118 2.337 5.285 2.824 4.716 1.370 1.058 1.104 3.906 4.235 1.681 3.914 6.817 3.823 3.435 5.496 7.573 5.955 4.017 4.870 4.313 4.798 1.704 3.442 5.241 4.442 1.568 7.612 0.688 2.776 4.439 7.914 7.846 2.137 4.124 2.158 7.144 5.375 3.322 1.225 0.815 6.794 6.929 8.074 4.855 2.618 3.663 4.154 7.431 1.709 5.896 7.345 3.788 1.945 1.386 3.164 4.590 5.271 2.245 5.871 3.531 4.346 8.013 
9.796 6.213 5.669 3.545 6.053 4.114 8.937 4.118 0.924 0.555 10.073 5.022 7.342 11.260 7.168 7.082 7.852 4.506 9.116 4.831 7.998 10.264 7.971 1.277 5.410 5.453 7.934 5.280 8.844 6.319 7.636 2.580 8.313 5.307 6.243 4.750 7.330 7.174 4.586 4.249 5.694 8.315 2.232 2.564 4.561 7.489 7.825 5.248 6.924 10.366 4.472 5.921 8.987 10.788 9.494 6.509 1.828 7.859 8.302 1.929 3.259 2.169 7.205 3.975 9.001 3.160 6.159 7.852 8.948 9.055 2.487 7.705 2.816 9.527 8.626 3.466 4.642 3.863 8.919 7.807 9.178 7.683 3.790 6.500 2.782 10.833 2.696 8.019 10.878 6.883 4.342 3.530 4.721 8.037 7.943 4.046 9.376 5.223 7.584 11.344 
6.133 3.123 2.933 2.099 7.210 2.245 3.887 1.779 5.457 5.347 6.380 2.318 2.544 7.857 1.990 1.877 6.661 2.761 3.906 0.857 4.026 7.825 2.778 5.334 6.816 0.579 2.808 7.015 3.752 2.275 7.537 4.141 3.144 3.222 3.180 1.863 2.299 3.960 2.260 2.495 7.022 6.817 4.294 4.510 4.035 5.929 6.807 4.551 7.892 7.907 0.740 7.730 6.451 7.082 7.109 8.276 4.845 7.211 7.794 4.191 1.973 5.026 8.547 5.927 3.791 3.825 4.241 7.769 3.804 3.865 3.007 6.827 6.039 4.746 5.387 1.744 5.310 5.180 3.978 2.700 4.016 8.885 6.821 3.201 2.906 7.638 5.559 3.184 8.239 3.882 2.582 2.989 7.499 7.806 3.784 2.129 6.830 1.227 4.621 7.869 
7.164 4.138 3.902 1.483 7.879 1.331 3.975 2.415 5.042 4.999 7.408 3.218 3.482 8.892 2.356 2.356 7.607 3.534 4.353 0.269 5.058 8.864 3.150 4.848 7.430 1.624 3.022 7.585 4.470 3.320 8.386 3.433 3.785 4.121 4.196 0.828 3.138 5.000 3.066 1.527 7.657 7.793 4.522 4.813 4.757 6.892 7.739 5.350 8.611 8.947 1.112 8.317 7.487 8.105 8.143 8.888 4.258 8.114 8.695 4.342 1.788 4.375 9.230 6.397 4.236 4.268 5.185 8.622 4.029 4.196 3.145 7.745 6.285 5.614 6.433 1.712 5.950 5.697 4.796 2.884 4.274 9.598 7.155 4.234 2.338 8.681 5.829 4.080 9.284 4.910 3.321 3.513 7.912 8.676 4.804 2.771 7.868 2.219 5.659 8.901 
7.882 6.087 5.813 8.266 1.011 9.010 11.673 6.469 7.611 7.244 8.086 6.048 8.403 8.418 9.773 9.543 3.830 5.467 10.968 8.593 7.461 6.478 10.321 7.965 1.450 7.913 10.589 1.434 9.957 7.126 2.357 8.782 9.910 5.280 6.055 9.280 8.839 6.266 5.974 9.302 1.203 4.346 4.953 4.539 4.186 4.251 3.599 3.817 0.805 6.565 7.762 0.788 5.935 8.551 5.978 0.378 8.382 3.125 3.088 5.299 7.463 8.755 0.523 2.792 10.892 4.699 4.785 2.393 11.380 11.219 6.113 3.394 3.907 9.608 6.714 7.343 2.909 3.268 9.579 10.540 11.490 1.007 3.060 6.309 8.097 7.839 4.005 8.811 7.120 5.981 5.630 5.354 2.280 2.643 7.700 6.109 6.130 7.166 6.031 8.580 
3.344 2.269 2.665 5.102 7.353 5.279 3.821 3.582 8.151 7.966 3.552 2.895 0.529 5.068 2.534 2.299 5.476 3.592 2.734 3.873 1.417 5.576 2.551 8.111 7.207 2.524 2.988 7.533 1.623 1.463 6.843 7.125 1.717 3.245 2.293 4.821 1.063 2.232 3.272 5.514 7.312 5.381 6.096 6.121 4.552 4.707 5.701 4.603 7.765 5.636 3.581 8.117 4.368 4.201 5.003 8.529 7.732 6.246 6.787 6.162 4.766 7.957 8.507 6.892 2.683 5.248 3.555 7.034 3.384 3.094 5.221 5.810 7.570 1.830 3.022 4.469 5.827 6.121 1.338 3.033 3.403 8.705 8.056 2.027 5.849 4.970 7.089 0.477 5.825 2.434 3.629 4.463 8.456 6.970 1.064 3.706 4.664 2.488 2.773 5.047 
2.788 3.929 4.235 8.447 4.941 8.982 8.918 6.116 10.008 9.685 2.895 5.009 5.499 2.890 7.516 7.262 1.744 5.088 7.705 7.832 3.707 1.094 7.654 10.183 5.278 6.489 8.080 5.679 6.431 4.850 3.211 10.028 6.782 4.243 3.872 8.831 6.090 3.132 5.339 9.289 5.167 1.196 6.972 6.690 4.637 1.740 1.947 3.955 4.734 1.197 7.112 5.825 0.770 3.162 0.446 5.882 10.183 2.416 2.633 7.267 7.727 10.526 5.384 6.061 7.682 6.041 3.166 3.250 8.461 8.130 7.129 2.153 7.395 5.409 2.155 7.443 4.875 5.655 5.828 8.112 8.447 5.305 7.212 3.847 8.834 2.309 7.095 5.477 1.751 3.164 5.326 5.887 7.010 3.039 4.064 5.896 0.682 5.851 2.467 3.056 
3.632 2.025 2.361 4.679 7.120 4.876 3.823 3.154 7.716 7.531 3.856 2.514 0.323 5.366 2.344 2.095 5.416 3.219 2.871 3.474 1.594 5.733 2.496 7.675 6.943 2.102 2.902 7.257 1.890 1.091 6.721 6.697 1.817 2.939 2.058 4.438 0.904 2.177 2.875 5.117 7.061 5.365 5.694 5.731 4.234 4.640 5.630 4.339 7.570 5.798 3.153 7.861 4.471 4.528 5.121 8.292 7.297 6.159 6.714 5.751 4.331 7.524 8.307 6.563 2.805 4.863 3.362 6.920 3.423 3.178 4.794 5.726 7.196 2.263 3.173 4.034 5.533 5.786 1.714 2.927 3.476 8.525 7.711 1.822 5.419 5.231 6.712 0.800 6.023 2.325 3.240 4.064 8.140 6.871 1.271 3.289 4.791 2.053 2.778 5.356 
7.014 4.336 3.931 5.900 1.494 6.645 9.598 4.191 5.549 5.182 7.262 3.960 6.547 8.002 7.658 7.444 3.696 3.302 9.054 6.278 6.015 6.440 8.276 5.861 0.917 5.728 8.495 1.052 8.180 5.226 3.061 6.492 8.010 3.352 4.320 6.929 6.902 4.825 3.797 6.936 1.182 4.239 2.653 2.238 2.078 3.661 3.579 2.041 2.358 6.541 5.460 1.777 5.451 7.865 5.752 2.353 6.183 3.436 3.785 3.010 5.099 6.560 2.807 0.744 8.967 2.334 3.281 3.261 9.356 9.245 3.750 3.410 2.148 8.111 5.746 4.986 0.761 0.907 7.906 8.431 9.494 3.243 1.866 4.611 5.744 7.465 2.002 7.055 7.103 4.497 3.423 3.027 1.915 3.466 6.174 3.836 5.768 5.014 4.827 8.136 
8.527 6.616 6.311 8.497 1.526 9.245 12.134 6.823 7.557 7.194 8.733 6.489 8.921 9.077 10.216 9.992 4.487 5.876 11.478 8.918 8.049 7.133 10.791 7.930 1.772 8.322 11.041 1.602 10.498 7.628 3.010 8.864 10.422 5.762 6.587 9.557 9.338 6.849 6.380 9.528 1.593 5.004 5.082 4.679 4.603 4.895 4.257 4.309 1.461 7.220 8.099 0.864 6.591 9.204 6.637 0.350 8.396 3.783 3.729 5.414 7.709 8.765 0.961 2.912 11.399 4.952 5.344 3.036 11.859 11.713 6.321 4.052 3.837 10.197 7.348 7.612 3.281 3.505 10.139 10.987 11.978 1.358 2.901 6.850 8.264 8.497 4.014 9.353 7.774 6.555 6.021 5.667 2.020 3.284 8.278 6.465 6.788 7.588 6.641 9.238 
3.155 4.371 4.657 8.856 4.964 9.404 9.384 6.520 10.316 9.986 3.236 5.424 5.968 3.031 7.985 7.730 1.816 5.470 8.165 8.272 4.173 0.998 8.122 10.504 5.350 6.938 8.549 5.745 6.888 5.309 3.128 10.401 7.246 4.634 4.313 9.267 6.559 3.594 5.741 9.712 5.216 1.265 7.257 6.959 4.944 1.999 1.976 4.239 4.676 1.089 7.542 5.832 1.222 3.424 0.709 5.840 10.528 2.360 2.473 7.563 8.125 10.875 5.290 6.226 8.143 6.345 3.541 3.132 8.925 8.592 7.480 2.174 7.585 5.840 2.610 7.846 5.076 5.869 6.280 8.581 8.909 5.169 7.343 4.299 9.222 2.452 7.309 5.943 1.653 3.616 5.710 6.238 7.084 2.903 4.529 6.289 1.044 6.291 2.930 3.205 
7.977 4.394 3.903 1.381 6.172 2.105 6.578 2.043 2.677 2.529 8.249 3.140 5.082 9.576 4.786 4.700 6.952 2.872 6.736 2.478 6.009 8.942 5.589 2.628 5.607 3.111 5.559 5.650 6.513 4.213 7.232 2.080 5.954 3.731 4.437 2.603 5.007 5.399 2.724 2.351 5.875 7.307 2.181 2.564 3.561 6.399 7.001 4.302 7.008 9.040 2.096 6.386 7.576 8.976 8.167 6.990 2.341 7.208 7.743 1.899 0.881 2.638 7.500 4.321 6.620 2.416 4.787 7.469 6.571 6.673 0.966 6.937 3.847 7.306 6.924 1.089 4.323 3.787 6.639 5.434 6.799 7.932 4.803 4.640 1.054 9.222 3.445 5.761 9.493 5.161 2.642 2.122 5.656 7.593 5.891 2.130 7.978 3.003 5.930 9.634 
7.240 5.769 5.562 8.412 1.128 9.144 11.446 6.457 8.093 7.725 7.431 5.899 8.085 7.677 9.586 9.347 3.129 5.384 10.653 8.602 6.994 5.697 10.085 8.427 1.762 7.798 10.381 1.924 9.586 6.851 1.579 9.109 9.596 5.068 5.731 9.356 8.557 5.824 5.885 9.445 1.477 3.617 5.270 4.855 4.119 3.637 2.886 3.623 0.265 5.781 7.761 1.488 5.240 7.860 5.233 1.214 8.787 2.371 2.274 5.628 7.596 9.163 0.605 3.197 10.584 4.867 4.421 1.583 11.124 10.934 6.314 2.685 4.456 9.130 6.116 7.445 2.976 3.510 9.167 10.344 11.217 0.751 3.704 5.962 8.326 7.096 4.477 8.443 6.331 5.562 5.572 5.422 3.013 1.828 7.257 6.099 5.406 7.037 5.518 7.843 
4.621 1.319 0.886 4.393 3.952 5.009 6.714 2.068 5.970 5.674 4.895 1.176 3.510 6.026 4.832 4.595 3.301 0.944 6.045 4.098 3.129 5.163 5.360 6.100 3.713 3.078 5.635 4.015 5.135 2.196 4.046 5.868 4.993 0.320 1.315 5.007 3.899 2.055 1.313 5.324 3.852 3.577 3.131 2.984 1.032 2.658 3.407 1.145 4.518 5.262 3.275 4.640 3.817 5.594 4.386 5.104 6.041 3.754 4.333 3.348 3.624 6.376 5.221 3.370 5.964 2.149 0.995 4.279 6.421 6.271 2.987 3.396 4.228 5.130 3.407 3.362 2.286 2.619 4.868 5.593 6.536 5.507 4.571 1.616 4.695 5.600 3.781 4.010 5.734 1.730 1.188 1.756 4.916 4.320 3.223 1.787 4.216 2.312 2.362 6.113 
3.317 2.371 2.528 6.654 3.791 7.232 7.926 4.314 8.118 7.797 3.547 3.253 4.428 4.242 6.280 6.023 1.312 3.235 6.909 6.179 3.004 2.950 6.584 8.289 3.936 4.932 6.962 4.336 5.730 3.450 2.723 8.159 5.886 2.416 2.315 7.149 4.984 1.944 3.535 7.544 3.909 1.368 5.099 4.835 2.753 0.534 1.527 2.101 3.910 3.052 5.408 4.678 1.729 4.110 2.181 4.909 8.292 2.073 2.612 5.386 5.905 8.637 4.651 4.415 6.859 4.156 1.309 2.892 7.526 7.263 5.240 1.636 5.669 5.102 2.099 5.632 3.173 3.902 5.236 6.963 7.568 4.743 5.628 2.405 6.988 3.721 5.326 4.627 3.568 1.787 3.477 3.998 5.595 2.806 3.306 4.065 2.093 4.225 1.489 4.371 
1.260 3.843 4.303 8.438 6.325 8.866 7.920 6.212 10.524 10.231 1.308 5.080 4.728 1.530 6.779 6.538 3.188 5.374 6.597 7.580 2.862 1.431 6.760 10.640 6.571 6.159 7.212 6.974 5.307 4.463 4.756 10.220 5.783 4.523 3.794 8.595 5.307 2.854 5.482 9.155 6.503 2.702 7.635 7.421 5.304 2.866 3.427 4.747 6.232 1.462 6.973 7.221 1.082 1.555 1.227 7.347 10.524 3.957 4.235 7.883 7.810 10.839 6.916 7.129 6.593 6.658 3.643 4.821 7.430 7.059 7.502 3.630 8.365 4.091 1.351 7.507 5.884 6.597 4.663 7.270 7.375 6.873 8.340 3.646 8.960 1.045 8.004 4.524 1.574 3.051 5.585 6.300 8.270 4.625 3.197 6.075 0.941 5.655 2.275 1.657 
8.799 5.311 4.762 3.872 4.642 4.571 8.916 3.572 2.337 1.969 9.074 4.235 6.804 10.168 7.027 6.895 6.523 3.609 8.867 4.892 7.156 9.027 7.802 2.665 4.001 5.135 7.848 3.887 8.402 5.637 6.232 3.614 7.964 4.313 5.332 5.101 6.902 6.207 3.825 4.785 4.286 7.006 1.050 1.256 3.364 6.215 6.479 3.994 5.515 9.130 4.319 4.550 7.799 9.772 8.268 5.147 3.084 6.482 6.910 0.921 3.306 3.454 5.817 2.565 8.758 2.030 5.023 6.445 8.844 8.884 2.035 6.349 1.526 8.886 7.580 3.399 3.260 2.467 8.377 7.737 9.051 6.292 2.534 5.613 3.323 9.709 1.306 7.460 9.658 5.894 3.503 2.649 3.458 6.634 7.156 3.386 8.178 4.722 6.537 10.265 
6.149 3.126 2.676 4.827 2.565 5.553 8.283 2.924 5.189 4.842 6.413 2.648 5.267 7.341 6.344 6.130 3.535 1.989 7.753 5.048 4.897 6.051 6.962 5.429 2.137 4.422 7.181 2.355 6.912 3.945 3.495 5.727 6.714 2.096 3.119 5.767 5.603 3.751 2.486 5.857 2.349 4.008 2.097 1.759 0.788 3.225 3.508 1.068 3.330 6.154 4.216 3.055 4.876 7.068 5.302 3.598 5.598 3.581 4.070 2.435 4.008 5.969 3.919 1.563 7.664 1.358 2.286 3.729 8.043 7.936 2.792 3.394 2.571 6.935 4.882 3.851 0.636 0.836 6.671 7.117 8.182 4.302 2.777 3.418 4.806 6.845 2.190 5.800 6.692 3.417 2.117 1.830 3.117 3.871 5.017 2.565 5.240 3.702 3.882 7.455 
3.988 1.066 0.928 4.960 4.036 5.540 6.754 2.620 6.646 6.350 4.260 1.573 3.385 5.357 4.947 4.699 2.825 1.569 5.953 4.526 2.664 4.503 5.391 6.775 3.902 3.364 5.710 4.243 4.940 2.148 3.791 6.510 4.895 0.724 1.033 5.478 3.849 1.503 1.840 5.853 3.996 3.031 3.783 3.611 1.547 2.118 2.966 1.320 4.489 4.601 3.734 4.803 3.147 4.950 3.727 5.211 6.708 3.384 3.967 4.012 4.216 7.040 5.221 3.790 5.882 2.799 0.403 4.012 6.419 6.226 3.657 2.989 4.772 4.754 2.754 3.940 2.606 3.084 4.597 5.685 6.509 5.455 5.021 1.293 5.314 4.925 4.345 3.795 5.065 1.168 1.805 2.431 5.268 4.016 2.816 2.379 3.548 2.618 1.713 5.447 
7.974 4.537 3.993 3.854 3.980 4.594 8.547 3.035 3.100 2.741 8.248 3.534 6.183 9.317 6.617 6.461 5.669 2.869 8.373 4.658 6.392 8.160 7.364 3.383 3.355 4.667 7.456 3.308 7.812 4.961 5.449 4.042 7.426 3.513 4.554 5.035 6.337 5.401 3.150 4.846 3.639 6.146 0.369 0.390 2.505 5.350 5.633 3.127 4.851 8.263 3.982 4.017 6.935 8.940 7.401 4.625 3.682 5.658 6.103 0.599 3.161 4.059 5.228 1.948 8.268 1.223 4.172 5.668 8.430 8.432 1.741 5.508 1.400 8.198 6.744 3.175 2.442 1.676 7.737 7.356 8.622 5.690 2.313 4.843 3.477 8.852 0.957 6.821 8.791 5.082 2.797 1.960 3.163 5.847 6.415 2.790 7.313 4.163 5.703 9.417 
2.996 3.482 3.738 7.923 4.398 8.480 8.707 5.585 9.397 9.071 3.150 4.496 5.237 3.387 7.213 6.956 1.217 4.528 7.556 7.371 3.532 1.719 7.410 9.577 4.703 6.062 7.821 5.105 6.304 4.468 2.781 9.459 6.591 3.695 3.424 8.359 5.822 2.783 4.805 8.789 4.605 0.731 6.352 6.067 4.024 1.114 1.451 3.334 4.258 1.822 6.628 5.290 0.915 3.528 1.010 5.384 9.591 1.983 2.310 6.651 7.187 9.937 4.939 5.445 7.523 5.427 2.600 2.857 8.268 7.959 6.541 1.655 6.772 5.400 2.109 6.909 4.253 5.030 5.731 7.842 8.273 4.902 6.605 3.437 8.281 2.815 6.470 5.289 2.372 2.758 4.769 5.298 6.429 2.672 3.881 5.349 1.088 5.394 2.143 3.543 
4.260 2.975 3.255 4.734 8.053 4.779 2.857 3.664 8.026 7.881 4.449 3.263 0.662 5.961 1.613 1.403 6.391 3.971 1.917 3.383 2.404 6.560 1.564 7.935 7.848 2.246 2.001 8.148 1.171 1.939 7.700 6.776 0.859 3.819 3.012 4.238 0.347 3.146 3.561 4.976 7.978 6.326 6.312 6.400 5.084 5.616 6.607 5.255 8.527 6.619 3.303 8.772 5.354 5.061 5.991 9.220 7.477 7.138 7.691 6.322 4.551 7.664 9.260 7.379 1.843 5.556 4.328 7.900 2.445 2.201 5.267 6.704 7.905 2.169 4.009 4.281 6.407 6.597 1.348 2.049 2.496 9.488 8.488 2.791 5.543 5.902 7.415 0.742 6.796 3.305 3.948 4.718 8.972 7.851 2.050 3.871 5.651 2.514 3.726 5.926 
6.589 2.991 2.453 2.612 4.754 3.337 6.662 1.115 3.871 3.603 6.865 1.800 4.310 8.105 4.719 4.553 5.273 1.307 6.452 2.962 4.775 7.323 5.453 3.965 4.257 2.755 5.563 4.384 5.918 3.157 5.612 3.754 5.510 2.154 3.024 3.579 4.428 3.967 1.368 3.640 4.500 5.631 1.563 1.718 1.898 4.727 5.325 2.632 5.543 7.422 2.185 5.121 5.975 7.586 6.545 5.703 3.881 5.546 6.089 1.575 1.792 4.217 6.107 3.182 6.347 1.052 3.150 5.851 6.524 6.516 0.829 5.265 3.254 6.404 5.452 1.643 2.833 2.486 5.882 5.469 6.711 6.506 4.018 3.275 2.672 7.711 2.768 4.966 7.893 3.690 1.121 0.445 4.719 5.961 4.734 0.892 6.375 2.248 4.423 8.179 
7.430 5.773 5.532 8.211 0.869 8.948 11.411 6.318 7.772 7.403 7.629 5.821 8.093 7.935 9.531 9.296 3.355 5.275 10.661 8.457 7.079 5.987 10.054 8.113 1.464 7.708 10.337 1.579 9.622 6.836 1.865 8.840 9.603 5.018 5.739 9.185 8.548 5.895 5.780 9.246 1.181 3.864 4.999 4.583 3.997 3.805 3.120 3.558 0.315 6.074 7.620 1.105 5.464 8.082 5.494 0.864 8.491 2.637 2.597 5.354 7.399 8.867 0.519 2.889 10.589 4.650 4.446 1.902 11.104 10.928 6.088 2.915 4.111 9.224 6.277 7.260 2.789 3.258 9.224 10.294 11.205 0.892 3.335 5.981 8.093 7.355 4.154 8.477 6.629 5.619 5.452 5.247 2.631 2.153 7.330 5.959 5.651 6.952 5.628 8.098 
2.820 1.390 1.887 5.209 6.374 5.526 4.843 3.296 7.917 7.692 3.071 2.356 1.362 4.541 3.377 3.125 4.422 2.980 3.790 4.172 0.718 4.718 3.534 7.931 6.269 2.741 3.946 6.611 2.646 1.126 5.791 7.154 2.768 2.444 1.396 5.177 1.949 1.176 2.784 5.796 6.356 4.341 5.553 5.514 3.741 3.652 4.645 3.683 6.747 4.787 3.679 7.164 3.433 3.784 4.087 7.551 7.644 5.190 5.731 5.674 4.722 7.908 7.492 6.078 3.739 4.634 2.557 5.981 4.423 4.146 4.880 4.753 6.886 2.421 2.169 4.412 4.949 5.328 2.239 3.972 4.453 7.676 7.279 1.099 5.863 4.337 6.419 1.515 5.042 1.388 3.079 3.934 7.605 5.915 0.582 3.318 3.762 2.397 1.740 4.554 
7.539 3.940 3.402 2.391 5.077 3.139 7.156 1.871 2.923 2.654 7.815 2.734 5.124 9.050 5.260 5.127 6.044 2.253 7.105 3.185 5.710 8.215 6.034 3.031 4.509 3.374 6.083 4.553 6.686 4.043 6.202 3.023 6.219 3.090 3.973 3.550 5.176 4.917 2.298 3.407 4.777 6.439 1.141 1.491 2.625 5.553 6.070 3.369 5.917 8.315 2.560 5.290 6.884 8.535 7.438 5.893 3.007 6.232 6.749 0.939 1.671 3.360 6.402 3.231 6.995 1.351 4.045 6.437 7.077 7.117 0.269 5.989 2.887 7.272 6.399 1.692 3.249 2.689 6.704 5.974 7.283 6.835 3.795 4.222 2.148 8.649 2.445 5.794 8.798 4.638 2.071 1.314 4.613 6.574 5.655 1.761 7.282 3.011 5.366 9.125 
5.723 5.034 4.993 8.561 2.359 9.244 10.727 6.354 8.957 8.594 5.883 5.534 7.248 5.970 8.991 8.739 1.638 5.200 9.762 8.453 5.861 3.939 9.371 9.239 2.924 7.410 9.723 3.253 8.595 6.153 0.410 9.620 8.729 4.630 4.985 9.327 7.782 4.798 5.653 9.558 2.698 2.003 5.917 5.528 4.106 2.347 1.386 3.411 1.811 4.020 7.619 3.104 3.647 6.239 3.537 2.977 9.471 0.805 0.492 6.273 7.746 9.845 2.348 4.195 9.709 5.251 3.693 0.225 10.348 10.103 6.663 1.236 5.589 7.921 4.718 7.535 3.430 4.185 8.098 9.710 10.403 2.214 5.048 5.149 8.653 5.389 5.469 7.486 4.562 4.606 5.429 5.557 4.544 0.062 6.170 6.023 3.751 6.651 4.342 6.141 
7.549 4.625 4.165 5.534 2.119 6.284 9.605 4.075 4.860 4.492 7.806 4.052 6.727 8.623 7.651 7.453 4.412 3.353 9.170 6.068 6.391 7.130 8.316 5.188 1.479 5.686 8.498 1.419 8.380 5.408 3.805 5.932 8.145 3.587 4.619 6.630 7.029 5.232 3.815 6.562 1.764 4.949 2.110 1.702 2.278 4.323 4.307 2.468 2.991 7.232 5.283 2.141 6.090 8.434 6.426 2.748 5.554 4.182 4.533 2.452 4.761 5.930 3.337 0.076 9.077 2.054 3.727 4.002 9.400 9.323 3.353 4.143 1.402 8.435 6.278 4.690 1.213 0.712 8.158 8.421 9.556 3.800 1.291 4.918 5.285 8.098 1.268 7.279 7.791 4.899 3.424 2.863 1.675 4.211 6.517 3.736 6.422 5.019 5.313 8.750 
1.388 2.916 3.463 6.919 7.305 7.185 5.447 5.038 9.654 9.421 1.563 4.053 2.536 3.076 4.496 4.275 4.702 4.619 4.102 5.797 1.077 3.919 4.353 9.675 7.336 4.386 4.815 7.713 2.814 2.867 6.267 8.888 3.332 3.949 2.898 6.776 3.051 2.127 4.489 7.439 7.365 4.417 7.182 7.098 5.155 4.041 4.955 4.905 7.497 3.957 5.382 8.164 2.987 2.193 3.515 8.457 9.391 5.537 5.987 7.333 6.462 9.653 8.240 7.413 4.102 6.229 3.651 6.409 4.949 4.570 6.604 5.117 8.377 1.655 1.651 6.153 6.201 6.713 2.166 4.889 4.884 8.330 8.647 2.612 7.597 3.037 7.932 2.149 4.030 2.461 4.750 5.596 8.845 6.279 1.188 5.043 3.162 4.129 2.166 3.045 
4.425 2.568 2.472 6.192 2.774 6.838 8.285 3.905 7.224 6.888 4.664 3.016 4.860 5.383 6.496 6.247 1.533 2.751 7.420 5.958 3.773 3.957 6.922 7.431 2.837 4.883 7.252 3.230 6.334 3.680 2.241 7.489 6.368 2.110 2.524 6.863 5.358 2.584 3.169 7.153 2.841 1.941 4.149 3.844 1.889 1.126 1.588 1.151 3.058 4.060 5.134 3.634 2.846 5.247 3.219 3.934 7.512 1.894 2.473 4.463 5.396 7.871 3.805 3.276 7.356 3.264 1.202 2.464 7.934 7.721 4.511 1.550 4.557 5.921 3.175 5.156 2.044 2.800 5.917 7.230 8.011 3.986 4.484 2.730 6.400 4.854 4.237 5.194 4.604 2.311 2.991 3.298 4.462 2.479 4.019 3.596 3.186 4.125 2.366 5.513 
9.426 5.888 5.338 3.817 5.354 4.458 9.081 3.964 1.631 1.263 9.702 4.752 7.218 10.834 7.245 7.136 7.263 4.173 9.147 4.991 7.712 9.744 8.038 1.991 4.709 5.430 8.042 4.570 8.775 6.114 6.975 3.172 8.290 4.926 5.913 5.050 7.263 6.816 4.326 4.632 4.992 7.742 1.709 1.979 4.057 6.941 7.223 4.710 6.223 9.847 4.522 5.208 8.498 10.408 8.980 5.795 2.506 7.229 7.656 1.472 3.387 2.859 6.494 3.277 9.034 2.684 5.698 7.187 9.051 9.125 2.337 7.094 2.103 9.355 8.225 3.542 4.007 3.214 8.798 7.922 9.270 6.972 3.083 6.185 3.144 10.387 1.990 7.887 10.369 6.511 4.038 3.192 4.015 7.378 7.688 3.832 8.881 5.105 7.180 10.926 
3.610 2.797 3.172 5.245 7.888 5.347 3.358 3.927 8.425 8.257 3.792 3.340 0.674 5.302 2.278 2.070 5.998 4.046 2.208 3.941 1.854 5.972 2.151 8.360 7.734 2.689 2.606 8.056 1.088 1.919 7.379 7.284 1.221 3.752 2.824 4.837 0.908 2.761 3.693 5.560 7.843 5.887 6.506 6.552 5.054 5.232 6.225 5.129 8.304 6.026 3.761 8.647 4.811 4.396 5.433 9.063 7.941 6.774 7.311 6.551 4.986 8.147 9.045 7.386 2.164 5.686 4.094 7.568 2.900 2.588 5.561 6.337 8.022 1.597 3.442 4.700 6.342 6.611 0.907 2.670 2.902 9.245 8.538 2.562 6.028 5.256 7.538 0.085 6.179 2.971 4.063 4.880 8.959 7.501 1.499 4.085 5.088 2.794 3.280 5.264 
5.975 2.996 2.825 2.251 7.168 2.406 3.840 1.775 5.580 5.463 6.221 2.235 2.386 7.700 1.920 1.791 6.554 2.710 3.805 1.016 3.868 7.683 2.697 5.465 6.786 0.429 2.751 6.993 3.615 2.125 7.455 4.292 3.019 3.135 3.053 2.019 2.151 3.819 2.206 2.656 6.987 6.701 4.338 4.542 3.990 5.817 6.704 4.486 7.839 7.765 0.845 7.703 6.312 6.923 6.971 8.244 4.986 7.116 7.699 4.248 2.093 5.171 8.500 5.926 3.692 3.836 4.138 7.687 3.737 3.782 3.073 6.728 6.075 4.591 5.237 1.852 5.278 5.172 3.829 2.649 3.943 8.833 6.841 3.065 3.050 7.484 5.592 3.028 8.093 3.747 2.541 2.991 7.505 7.719 3.624 2.117 6.688 1.121 4.481 7.711 
6.165 3.240 2.810 5.049 2.344 5.776 8.472 3.140 5.343 4.992 6.425 2.828 5.418 7.314 6.536 6.319 3.404 2.183 7.919 5.268 4.980 5.970 7.145 5.593 1.929 4.624 7.371 2.161 7.057 4.096 3.297 5.929 6.876 2.230 3.229 5.990 5.767 3.817 2.684 6.079 2.133 3.892 2.256 1.899 0.943 3.137 3.365 1.067 3.107 6.073 4.435 2.851 4.825 7.070 5.229 3.387 5.781 3.411 3.888 2.601 4.230 6.153 3.697 1.471 7.831 1.564 2.319 3.529 8.224 8.110 3.005 3.242 2.582 7.041 4.894 4.075 0.420 0.815 6.800 7.309 8.360 4.079 2.705 3.526 5.021 6.808 2.231 5.938 6.616 3.484 2.321 2.053 2.985 3.677 5.114 2.781 5.181 3.897 3.911 7.432 
8.661 5.150 4.601 3.649 4.709 4.353 8.689 3.363 2.300 1.937 8.936 4.054 6.602 10.051 6.803 6.672 6.481 3.442 8.648 4.664 6.990 8.949 7.579 2.603 4.072 4.915 7.622 3.979 8.194 5.447 6.247 3.455 7.750 4.166 5.173 4.877 6.692 6.060 3.639 4.570 4.357 6.955 0.919 1.189 3.264 6.149 6.447 3.916 5.583 9.052 4.093 4.657 7.705 9.639 8.186 5.258 2.973 6.470 6.911 0.732 3.078 3.346 5.911 2.639 8.538 1.901 4.911 6.464 8.619 8.662 1.811 6.322 1.693 8.697 7.451 3.171 3.251 2.473 8.177 7.511 8.827 6.382 2.700 5.451 3.115 9.599 1.422 7.261 9.575 5.750 3.326 2.472 3.616 6.647 6.982 3.187 8.087 4.513 6.406 10.145 
3.684 0.222 0.460 4.645 4.875 5.147 5.926 2.367 6.776 6.509 3.960 1.233 2.540 5.222 4.152 3.900 3.478 1.610 5.108 3.999 2.019 4.713 4.564 6.854 4.718 2.713 4.895 5.047 4.106 1.321 4.586 6.372 4.050 0.887 0.198 4.991 3.009 1.061 1.637 5.451 4.825 3.587 4.130 4.035 2.154 2.720 3.652 2.115 5.334 4.804 3.270 5.629 3.322 4.679 3.960 6.049 6.692 4.119 4.697 4.302 3.976 6.999 6.066 4.486 5.036 3.168 1.157 4.800 5.582 5.383 3.713 3.704 5.338 4.012 2.566 3.677 3.362 3.741 3.789 4.876 5.667 6.298 5.693 0.494 5.119 4.861 4.883 2.964 5.206 0.800 1.786 2.589 6.014 4.786 2.100 2.231 3.719 2.023 1.574 5.287 
7.884 4.548 4.185 0.292 7.491 0.605 5.157 2.348 3.850 3.824 8.141 3.413 4.430 9.581 3.548 3.530 7.716 3.489 5.546 1.158 5.793 9.308 4.347 3.648 6.977 2.398 4.222 7.074 5.587 3.966 8.276 2.274 4.930 4.242 4.602 0.967 4.177 5.506 3.121 0.918 7.228 7.980 3.743 4.091 4.546 7.061 7.813 5.229 8.284 9.398 1.398 7.814 7.917 8.858 8.556 8.407 3.061 8.117 8.683 3.498 0.965 3.195 8.842 5.796 5.429 3.729 5.351 8.515 5.227 5.397 2.382 7.787 5.460 6.634 7.013 1.110 5.573 5.173 5.856 4.084 5.474 9.246 6.394 4.713 1.138 9.312 5.039 5.073 9.786 5.350 3.248 3.135 7.217 8.603 5.588 2.642 8.313 2.711 6.129 9.609 
1.089 3.206 3.677 7.792 6.065 8.217 7.381 5.578 9.933 9.646 1.267 4.449 4.120 2.048 6.174 5.929 3.047 4.768 6.093 6.931 2.251 1.929 6.188 10.039 6.255 5.511 6.635 6.656 4.804 3.815 4.650 9.586 5.237 3.924 3.158 7.946 4.704 2.210 4.856 8.506 6.212 2.632 7.085 6.889 4.776 2.583 3.299 4.263 6.058 1.983 6.324 6.960 1.021 1.783 1.480 7.136 9.906 3.863 4.218 7.321 7.171 10.217 6.769 6.705 6.082 6.103 3.103 4.745 6.900 6.543 6.897 3.491 7.897 3.682 0.702 6.867 5.453 6.134 4.174 6.687 6.860 6.771 7.932 3.002 8.323 1.642 7.518 3.958 2.188 2.420 4.973 5.708 7.921 4.572 2.595 5.450 1.128 5.006 1.654 2.142 
6.601 3.042 2.493 3.003 4.347 3.736 7.036 1.462 3.918 3.624 6.877 1.937 4.558 8.066 5.087 4.912 5.019 1.327 6.777 3.382 4.871 7.178 5.806 4.055 3.841 3.114 5.933 3.963 6.188 3.349 5.269 4.011 5.814 2.108 3.068 3.996 4.717 3.981 1.534 4.036 4.087 5.404 1.292 1.371 1.604 4.514 5.054 2.349 5.145 7.279 2.599 4.701 5.855 7.590 6.401 5.285 4.047 5.243 5.775 1.391 2.187 4.398 5.698 2.763 6.674 0.634 3.013 5.507 6.883 6.860 1.027 4.982 2.901 6.595 5.427 2.055 2.433 2.064 6.115 5.843 7.063 6.102 3.626 3.339 2.998 7.650 2.411 5.199 7.766 3.685 1.205 0.350 4.308 5.628 4.860 1.179 6.251 2.554 4.386 8.148 
7.944 5.988 5.687 7.990 0.899 8.736 11.520 6.248 7.261 6.894 8.155 5.879 8.295 8.549 9.607 9.381 3.950 5.277 10.853 8.358 7.426 6.648 10.174 7.618 1.193 7.725 10.430 1.111 9.870 7.004 2.552 8.459 9.796 5.141 5.959 9.024 8.715 6.224 5.783 9.025 0.984 4.481 4.639 4.228 3.999 4.314 3.730 3.685 1.025 6.738 7.533 0.428 6.039 8.643 6.119 0.283 8.043 3.291 3.309 4.982 7.192 8.416 0.883 2.470 10.775 4.428 4.716 2.616 11.240 11.091 5.827 3.524 3.553 9.574 6.752 7.082 2.692 2.986 9.511 10.377 11.357 1.367 2.699 6.221 7.798 7.973 3.662 8.725 7.299 5.929 5.429 5.111 1.926 2.869 7.652 5.889 6.253 6.986 6.026 8.708 
7.773 5.140 4.727 6.393 1.464 7.143 10.337 4.860 5.588 5.220 8.017 4.721 7.337 8.699 8.389 8.182 4.270 4.046 9.830 6.895 6.819 7.049 9.027 5.936 0.839 6.440 9.231 0.613 8.976 6.015 3.373 6.765 8.791 4.147 5.125 7.480 7.680 5.627 4.530 7.422 1.096 4.825 2.963 2.559 2.858 4.335 4.122 2.846 2.301 7.149 6.097 1.293 6.138 8.604 6.393 1.901 6.347 3.885 4.143 3.299 5.616 6.720 2.541 0.793 9.741 2.886 4.080 3.538 10.109 10.010 4.213 3.936 1.926 8.917 6.511 5.537 1.565 1.461 8.709 9.162 10.254 3.017 1.295 5.417 6.144 8.151 1.973 7.854 7.715 5.300 4.147 3.662 1.118 3.770 6.980 4.512 6.436 5.745 5.611 8.838 
2.155 1.925 2.463 5.909 6.648 6.210 5.090 3.991 8.607 8.376 2.396 3.015 1.774 3.888 3.826 3.584 4.384 3.602 3.894 4.842 0.132 4.268 3.852 8.627 6.606 3.415 4.293 6.966 2.647 1.831 5.856 7.859 2.951 2.981 1.915 5.839 2.355 1.322 3.449 6.474 6.666 4.215 6.173 6.109 4.237 3.645 4.624 4.077 6.941 4.328 4.376 7.474 3.079 3.098 3.705 7.819 8.348 5.192 5.701 6.312 5.427 8.613 7.689 6.545 3.864 5.234 2.864 6.027 4.630 4.305 5.559 4.757 7.434 2.029 1.717 5.118 5.369 5.817 2.108 4.341 4.621 7.832 7.766 1.618 6.568 3.727 6.978 1.648 4.526 1.632 3.722 4.572 8.030 5.932 0.244 3.998 3.362 3.101 1.651 3.891 
6.296 2.790 2.242 3.380 4.003 4.102 7.145 1.595 4.293 3.987 6.571 1.795 4.487 7.723 5.190 5.001 4.592 1.113 6.799 3.645 4.641 6.781 5.879 4.448 3.526 3.217 6.038 3.679 6.136 3.228 4.854 4.439 5.808 1.797 2.810 4.322 4.699 3.690 1.446 4.407 3.761 4.981 1.476 1.433 1.177 4.096 4.627 1.922 4.781 6.882 2.832 4.410 5.470 7.278 6.005 4.982 4.464 4.817 5.351 1.658 2.560 4.818 5.357 2.556 6.700 0.557 2.630 5.093 6.962 6.913 1.455 4.554 2.900 6.449 5.099 2.400 2.075 1.810 6.018 5.956 7.130 5.749 3.527 3.094 3.415 7.294 2.412 5.106 7.376 3.381 1.067 0.394 4.139 5.209 4.657 1.258 5.865 2.586 4.055 7.810 
1.999 5.487 5.990 9.981 8.070 10.337 8.580 7.854 12.283 12.000 1.764 6.741 5.833 0.315 7.799 7.581 4.881 7.109 7.157 8.988 4.106 2.335 7.604 12.378 8.358 7.557 8.068 8.762 5.928 5.904 6.365 11.848 6.549 6.275 5.444 9.990 6.358 4.482 7.162 10.610 8.273 4.348 9.447 9.245 7.130 4.666 5.099 6.587 7.893 2.275 8.470 8.962 2.863 1.135 2.713 9.039 12.218 5.574 5.743 9.684 9.415 12.519 8.538 8.966 7.183 8.465 5.460 6.391 8.064 7.652 9.235 5.305 10.208 4.493 2.965 9.106 7.724 8.440 5.275 8.153 7.953 8.438 10.172 5.248 10.569 0.858 9.845 5.446 1.851 4.733 7.306 8.060 10.072 6.168 4.370 7.755 2.587 7.159 3.995 0.263 
0.869 4.471 4.997 8.868 7.683 9.196 7.414 6.806 11.317 11.049 0.602 5.718 4.640 0.993 6.600 6.383 4.593 6.147 6.004 7.832 2.953 2.595 6.412 11.388 7.887 6.404 6.876 8.289 4.757 4.778 6.174 10.772 5.362 5.344 4.433 8.828 5.160 3.480 6.148 9.463 7.840 4.121 8.581 8.415 6.322 4.201 4.837 5.857 7.633 2.581 7.345 8.580 2.483 0.149 2.624 8.734 11.187 5.375 5.659 8.793 8.334 11.476 8.327 8.326 6.024 7.598 4.653 6.244 6.901 6.495 8.252 5.037 9.490 3.349 2.052 8.024 7.073 7.734 4.101 6.959 6.799 8.294 9.557 4.209 9.486 1.165 9.097 4.247 2.391 3.765 6.328 7.118 9.557 6.049 3.197 6.736 2.363 6.045 3.092 0.939 
6.952 4.674 4.343 6.717 0.632 7.456 10.152 4.889 6.395 6.027 7.184 4.508 6.962 7.770 8.235 8.010 3.266 3.904 9.511 7.012 6.207 6.051 8.809 6.715 0.299 6.352 9.060 0.700 8.558 5.660 2.339 7.360 8.456 3.786 4.649 7.709 7.366 5.001 4.410 7.752 0.390 3.823 3.522 3.107 2.626 3.409 3.104 2.346 1.488 6.149 6.181 1.176 5.209 7.736 5.419 1.653 7.050 2.845 3.104 3.880 5.907 7.427 1.975 1.509 9.430 3.152 3.459 2.514 9.879 9.737 4.588 2.912 2.871 8.345 5.711 5.777 1.329 1.763 8.227 9.006 10.000 2.392 2.338 4.922 6.593 7.211 2.806 7.417 6.717 4.690 4.058 3.777 2.015 2.740 6.409 4.530 5.485 5.612 4.885 7.915 
4.292 2.625 2.570 6.365 2.855 7.004 8.339 4.066 7.431 7.095 4.527 3.148 4.893 5.208 6.572 6.321 1.340 2.916 7.445 6.100 3.734 3.754 6.978 7.637 2.959 4.998 7.317 3.356 6.339 3.743 2.163 7.684 6.396 2.242 2.579 7.015 5.404 2.560 3.321 7.319 2.945 1.735 4.356 4.051 2.091 0.922 1.409 1.355 3.082 3.858 5.281 3.729 2.663 5.096 3.020 4.002 7.714 1.755 2.337 4.670 5.573 8.072 3.830 3.458 7.383 3.469 1.270 2.378 7.979 7.756 4.708 1.388 4.751 5.877 3.053 5.329 2.234 2.998 5.905 7.299 8.050 3.987 4.658 2.767 6.587 4.674 4.437 5.202 4.403 2.305 3.157 3.490 4.609 2.374 3.993 3.764 2.996 4.244 2.291 5.341 
4.395 0.792 0.270 3.962 4.829 4.500 5.837 1.654 6.061 5.801 4.671 0.524 2.673 5.950 3.962 3.723 3.923 0.934 5.184 3.434 2.614 5.398 4.483 6.132 4.579 2.276 4.760 4.870 4.318 1.351 4.840 5.651 4.135 0.559 0.826 4.398 3.033 1.780 0.910 4.809 4.724 4.109 3.504 3.453 1.808 3.204 4.065 2.022 5.389 5.491 2.657 5.508 4.011 5.394 4.636 5.979 5.963 4.473 5.057 3.648 3.269 6.271 6.095 4.134 5.100 2.574 1.500 5.068 5.545 5.399 2.995 4.085 4.839 4.451 3.294 2.975 3.125 3.359 4.101 4.720 5.662 6.375 5.293 1.081 4.405 5.589 4.366 3.214 5.909 1.528 1.079 1.912 5.711 5.087 2.625 1.503 4.411 1.523 2.298 6.013 
7.487 3.945 3.487 1.065 6.280 1.810 5.971 1.572 3.301 3.163 7.757 2.704 4.471 9.118 4.157 4.067 6.754 2.561 6.101 1.891 5.479 8.595 4.958 3.228 5.751 2.480 4.939 5.837 5.881 3.660 7.173 2.436 5.318 3.396 3.993 2.178 4.378 4.948 2.319 2.101 6.007 7.072 2.512 2.850 3.446 6.155 6.826 4.164 7.088 8.691 1.460 6.577 7.215 8.484 7.825 7.173 2.868 7.080 7.632 2.290 0.302 3.130 7.627 4.552 5.986 2.503 4.488 7.413 5.950 6.044 1.139 6.779 4.252 6.700 6.479 0.453 4.377 3.939 6.019 4.816 6.175 8.039 5.167 4.171 1.196 8.787 3.816 5.149 9.123 4.733 2.319 1.994 5.978 7.518 5.342 1.744 7.616 2.420 5.512 9.168 
1.110 2.709 3.204 7.267 6.020 7.677 6.862 5.083 9.501 9.223 1.364 3.962 3.565 2.478 5.618 5.372 3.164 4.326 5.600 6.381 1.697 2.466 5.650 9.593 6.152 4.958 6.094 6.548 4.316 3.263 4.761 9.087 4.717 3.500 2.664 7.395 4.151 1.704 4.379 7.964 6.135 2.825 6.714 6.542 4.448 2.587 3.420 3.996 6.094 2.526 5.787 6.907 1.367 2.022 1.938 7.129 9.435 3.999 4.412 6.934 6.663 9.739 6.822 6.487 5.583 5.731 2.780 4.882 6.388 6.040 6.449 3.597 7.624 3.280 0.181 6.356 5.235 5.874 3.701 6.143 6.357 6.865 7.723 2.486 7.816 2.141 7.225 3.427 2.750 1.947 4.520 5.283 7.777 4.731 2.046 4.972 1.587 4.468 1.225 2.547 
6.165 4.651 4.474 7.608 1.133 8.320 10.349 5.526 7.725 7.359 6.367 4.869 6.961 6.727 8.513 8.270 2.128 4.410 9.526 7.667 5.849 4.847 8.987 8.022 1.644 6.775 9.295 1.994 8.447 5.745 0.899 8.506 8.471 4.008 4.611 8.475 7.444 4.680 4.899 8.629 1.438 2.661 4.731 4.329 3.191 2.538 1.909 2.603 0.977 4.940 6.824 1.982 4.222 6.834 4.299 2.043 8.293 1.507 1.674 5.090 6.787 8.669 1.721 2.912 9.459 4.156 3.294 1.075 10.016 9.816 5.599 1.703 4.301 7.987 5.009 6.607 2.265 2.966 8.023 9.264 10.102 1.873 3.766 4.833 7.614 6.151 4.196 7.306 5.504 4.420 4.616 4.585 3.316 1.299 6.113 5.176 4.431 6.010 4.379 6.885 
3.363 1.168 1.334 5.529 4.259 6.075 6.826 3.198 7.317 7.020 3.631 2.093 3.357 4.691 5.114 4.859 2.479 2.211 5.902 4.981 2.276 3.865 5.470 7.443 4.221 3.720 5.826 4.588 4.798 2.271 3.681 7.142 4.855 1.350 1.114 5.961 3.881 1.070 2.422 6.384 4.275 2.580 4.443 4.257 2.161 1.714 2.663 1.776 4.595 3.962 4.225 5.083 2.495 4.308 3.093 5.433 7.365 3.154 3.725 4.679 4.811 7.693 5.341 4.295 5.841 3.461 0.516 3.884 6.452 6.219 4.319 2.730 5.359 4.419 2.110 4.525 3.066 3.632 4.381 5.818 6.515 5.522 5.535 1.248 5.927 4.255 4.948 3.659 4.412 0.775 2.439 3.098 5.703 3.846 2.496 2.989 2.897 3.017 1.086 4.784 
2.223 1.427 1.932 6.000 5.456 6.433 6.181 3.800 8.247 7.977 2.499 2.680 2.704 3.756 4.697 4.441 3.142 3.074 5.078 5.171 1.126 3.493 4.877 8.327 5.464 3.768 5.288 5.839 3.868 2.080 4.599 7.805 4.083 2.278 1.383 6.185 3.290 0.422 3.100 6.725 5.501 3.014 5.534 5.396 3.360 2.393 3.377 3.043 5.706 3.572 4.539 6.304 2.146 3.213 2.808 6.619 8.156 3.941 4.459 5.732 5.383 8.458 6.454 5.560 5.036 4.556 1.783 4.771 5.751 5.458 5.186 3.505 6.584 3.251 1.109 5.077 4.335 4.881 3.358 5.311 5.769 6.585 6.798 1.209 6.536 3.419 6.158 2.793 3.900 0.693 3.258 4.045 6.971 4.679 1.431 3.694 2.505 3.224 0.407 3.817 
4.991 4.433 4.734 5.680 9.525 5.550 1.850 5.020 9.146 9.039 5.117 4.727 2.117 6.557 1.911 1.891 7.719 5.432 0.492 4.262 3.532 7.529 1.211 9.008 9.327 3.457 1.594 9.629 0.817 3.419 9.094 7.677 0.634 5.300 4.467 4.915 1.750 4.482 5.003 5.682 9.455 7.598 7.694 7.810 6.564 6.954 7.947 6.731 9.980 7.573 4.423 10.251 6.453 5.602 7.051 10.694 8.473 8.495 9.032 7.674 5.665 8.613 10.716 8.850 0.472 6.984 5.770 9.286 1.336 0.940 6.565 8.059 9.330 2.250 5.067 5.430 7.888 8.067 1.474 1.730 1.254 10.932 9.944 4.229 6.529 6.622 8.839 1.798 7.660 4.684 5.394 6.134 10.445 9.221 3.184 5.263 6.700 3.888 4.995 6.484 
5.293 4.004 3.906 7.401 1.917 8.084 9.721 5.197 7.922 7.564 5.494 4.404 6.279 5.874 7.936 7.687 1.281 4.045 8.829 7.304 5.056 4.048 8.359 8.185 2.293 6.295 8.692 2.684 7.710 5.119 0.817 8.492 7.781 3.506 3.959 8.170 6.788 3.914 4.505 8.397 2.154 1.830 4.849 4.475 2.948 1.670 1.087 2.250 1.838 4.144 6.468 2.804 3.355 5.963 3.461 2.913 8.380 0.855 1.288 5.199 6.586 8.751 2.568 3.327 8.768 4.129 2.640 1.051 9.364 9.142 5.523 0.889 4.729 7.179 4.147 6.375 2.383 3.175 7.259 8.670 9.435 2.655 4.344 4.153 7.504 5.301 4.542 6.579 4.712 3.678 4.272 4.401 4.024 1.126 5.335 4.864 3.575 5.532 3.562 6.030 
4.683 4.289 4.339 8.195 2.991 8.840 9.903 5.904 9.006 8.654 4.843 4.969 6.405 4.976 8.236 7.980 0.669 4.752 8.875 7.927 4.915 3.008 8.559 9.251 3.438 6.780 8.932 3.818 7.677 5.394 1.126 9.442 7.859 4.067 4.236 8.850 6.959 3.916 5.157 9.155 3.271 0.963 5.916 5.560 3.829 1.443 0.461 3.087 2.667 3.097 7.114 3.839 2.608 5.208 2.532 3.830 9.400 0.355 0.657 6.257 7.397 9.767 3.299 4.497 8.828 5.127 3.023 1.169 9.503 9.236 6.459 0.454 5.898 6.934 3.699 7.159 3.500 4.303 7.156 8.930 9.542 3.224 5.514 4.360 8.386 4.394 5.696 6.590 3.656 3.762 4.993 5.273 5.155 0.979 5.237 5.599 2.726 6.039 3.404 5.143 
7.131 4.788 4.440 6.684 0.720 7.426 10.222 4.909 6.262 5.893 7.365 4.573 7.064 7.965 8.297 8.075 3.469 3.953 9.605 7.020 6.351 6.253 8.884 6.588 0.154 6.398 9.126 0.518 8.669 5.755 2.529 7.273 8.552 3.877 4.764 7.696 7.457 5.145 4.456 7.719 0.391 4.025 3.432 3.017 2.682 3.602 3.307 2.454 1.593 6.351 6.194 1.085 5.403 7.923 5.618 1.610 6.940 3.046 3.298 3.788 5.879 7.316 2.016 1.364 9.522 3.116 3.598 2.699 9.957 9.823 4.539 3.115 2.702 8.483 5.886 5.758 1.358 1.698 8.350 9.069 10.082 2.453 2.141 5.042 6.535 7.407 2.659 7.531 6.919 4.831 4.097 3.775 1.815 2.928 6.545 4.550 5.682 5.665 5.047 8.109 
2.595 3.540 3.854 8.069 4.852 8.599 8.556 5.742 9.689 9.370 2.733 4.630 5.124 2.932 7.135 6.880 1.674 4.727 7.360 7.443 3.349 1.376 7.284 9.856 5.147 6.098 7.707 5.550 6.092 4.459 3.228 9.668 6.424 3.877 3.483 8.443 5.714 2.743 4.966 8.905 5.055 1.174 6.671 6.401 4.327 1.504 1.906 3.664 4.713 1.478 6.727 5.744 0.500 3.082 0.611 5.841 9.840 2.429 2.725 6.959 7.355 10.180 5.391 5.852 7.334 5.729 2.813 3.295 8.103 7.779 6.785 2.110 7.163 5.112 1.830 7.069 4.644 5.410 5.498 7.736 8.095 5.346 7.025 3.456 8.467 2.362 6.847 5.119 2.001 2.774 4.964 5.544 6.870 3.103 3.704 5.528 0.633 5.462 2.078 3.087 
1.806 5.150 5.639 9.691 7.589 10.072 8.551 7.524 11.905 11.617 1.614 6.402 5.665 0.260 7.667 7.441 4.398 6.740 7.148 8.742 3.879 1.875 7.520 12.011 7.882 7.310 7.983 8.285 5.893 5.637 5.882 11.527 6.480 5.896 5.105 9.750 6.209 4.146 6.816 10.352 7.794 3.865 9.037 8.826 6.709 4.195 4.616 6.150 7.409 1.822 8.193 8.480 2.394 1.146 2.230 8.555 11.870 5.091 5.264 9.282 9.101 12.177 8.055 8.508 7.166 8.058 5.046 5.909 8.040 7.637 8.868 4.822 9.761 4.497 2.616 8.794 7.270 7.993 5.236 8.061 7.943 7.957 9.709 4.925 10.255 0.380 9.405 5.325 1.445 4.379 6.943 7.680 9.598 5.688 4.167 7.410 2.108 6.876 3.623 0.438 
5.303 3.563 3.399 6.755 1.799 7.444 9.266 4.576 7.289 6.934 5.525 3.835 5.873 6.069 7.441 7.196 1.621 3.433 8.438 6.698 4.803 4.386 7.903 7.545 1.994 5.738 8.216 2.398 7.366 4.660 1.437 7.834 7.383 2.954 3.523 7.547 6.356 3.618 3.905 7.757 1.932 2.170 4.208 3.840 2.299 1.713 1.508 1.621 2.022 4.486 5.859 2.687 3.509 6.054 3.729 2.930 7.728 1.461 1.941 4.555 5.939 8.099 2.769 2.809 8.371 3.472 2.205 1.676 8.929 8.728 4.865 1.348 4.196 6.949 4.091 5.733 1.767 2.570 6.953 8.187 9.014 2.958 3.909 3.746 6.848 5.510 3.971 6.224 5.052 3.347 3.653 3.749 3.710 1.777 5.053 4.237 3.786 4.973 3.366 6.215 
3.507 4.301 4.536 8.691 4.489 9.265 9.509 6.351 10.004 9.668 3.613 5.281 6.052 3.506 8.037 7.780 1.382 5.267 8.333 8.180 4.314 1.486 8.222 10.205 4.889 6.882 8.636 5.281 7.069 5.296 2.639 10.172 7.385 4.454 4.243 9.162 6.639 3.609 5.572 9.576 4.747 0.855 6.928 6.615 4.647 1.699 1.517 3.924 4.187 1.574 7.426 5.352 1.459 3.855 1.111 5.352 10.259 1.874 1.989 7.243 7.941 10.611 4.801 5.807 8.304 6.038 3.346 2.644 9.063 8.746 7.224 1.709 7.179 6.095 2.815 7.670 4.683 5.484 6.480 8.660 9.061 4.684 6.904 4.263 9.017 2.926 6.919 6.080 2.135 3.585 5.510 5.986 6.621 2.417 4.667 6.101 1.397 6.207 2.964 3.679 
4.858 1.632 1.197 4.442 3.673 5.085 6.990 2.156 5.822 5.516 5.131 1.392 3.818 6.219 5.094 4.862 3.248 0.999 6.346 4.244 3.427 5.262 5.641 5.971 3.414 3.297 5.906 3.709 5.447 2.501 3.875 5.827 5.295 0.620 1.625 5.123 4.197 2.327 1.445 5.400 3.560 3.567 2.914 2.740 0.724 2.655 3.332 0.885 4.265 5.363 3.410 4.342 3.941 5.822 4.485 4.816 5.949 3.638 4.211 3.153 3.653 6.293 4.957 3.057 6.263 1.932 1.101 4.111 6.707 6.564 2.896 3.303 3.939 5.442 3.626 3.406 1.975 2.310 5.183 5.859 6.826 5.257 4.262 1.925 4.688 5.776 3.499 4.323 5.850 1.997 1.238 1.654 4.601 4.168 3.530 1.843 4.337 2.533 2.585 6.312 
6.492 3.255 2.752 4.330 3.014 5.067 8.095 2.598 4.613 4.268 6.761 2.552 5.247 7.762 6.142 5.942 4.102 1.847 7.663 4.666 5.087 6.561 6.802 4.846 2.513 4.183 6.988 2.659 6.904 3.938 4.076 5.150 6.644 2.194 3.258 5.324 5.528 3.997 2.301 5.365 2.755 4.563 1.522 1.211 0.970 3.752 4.085 1.529 3.822 6.664 3.852 3.390 5.345 7.435 5.803 3.964 5.010 4.169 4.658 1.853 3.518 5.381 4.365 1.588 7.569 0.791 2.636 4.309 7.887 7.811 2.241 3.976 2.270 7.051 5.238 3.387 1.118 0.812 6.716 6.913 8.042 4.772 2.682 3.559 4.259 7.284 1.830 5.822 7.193 3.665 1.911 1.415 3.189 4.456 5.169 2.249 5.720 3.506 4.212 7.869 
4.098 3.950 4.065 8.066 3.452 8.684 9.474 5.743 9.112 8.768 4.257 4.747 5.975 4.415 7.858 7.601 0.400 4.610 8.405 7.701 4.414 2.505 8.143 9.335 3.842 6.494 8.528 4.235 7.188 5.032 1.692 9.418 7.403 3.863 3.895 8.650 6.541 3.475 4.977 8.998 3.703 0.378 6.022 5.688 3.818 1.072 0.471 3.075 3.208 2.599 6.907 4.325 2.021 4.624 1.971 4.359 9.437 0.893 1.216 6.350 7.285 9.797 3.863 4.783 8.363 5.175 2.772 1.753 9.061 8.780 6.441 0.662 6.166 6.395 3.137 7.032 3.695 4.501 6.650 8.534 9.090 3.805 5.863 3.987 8.315 3.834 5.925 6.120 3.165 3.356 4.854 5.224 5.574 1.566 4.745 5.459 2.148 5.772 2.920 4.580 
1.516 2.466 3.015 6.578 6.878 6.877 5.478 4.635 9.239 9.000 1.743 3.625 2.349 3.250 4.373 4.140 4.357 4.176 4.191 5.505 0.663 3.831 4.312 9.269 6.895 4.080 4.767 7.270 2.905 2.497 5.900 8.524 3.337 3.493 2.447 6.498 2.904 1.667 4.062 7.139 6.930 4.107 6.732 6.644 4.695 3.669 4.607 4.449 7.093 3.880 5.045 7.731 2.774 2.435 3.350 8.035 9.003 5.187 5.657 6.889 6.091 9.272 7.838 6.955 4.177 5.776 3.197 6.051 4.995 4.637 6.182 4.761 7.917 1.934 1.391 5.781 5.745 6.253 2.287 4.828 4.954 7.942 8.189 2.164 7.234 3.129 7.473 2.077 4.018 2.001 4.313 5.155 8.392 5.931 0.866 4.624 2.998 3.768 1.744 3.243 
