10 20 40
81.921 93.557 31.906 81.593 34.483 171.798 40.701 133.128 117.794 89.374 
145.866 346.293 664.442 145.867 367.404 722.386 310.063 760.216 83.092 89.347 485.640 566.838 180.061 264.395 387.551 642.339 473.988 764.682 620.233 655.105 
15.915 26.451 21.738 27.890 26.465 24.568 18.924 11.870 14.330 32.605 31.911 12.253 27.545 31.372 23.548 24.166 18.327 34.948 7.274 10.599 26.423 26.179 21.280 12.952 23.107 12.501 34.646 24.612 24.077 5.018 30.791 9.113 33.539 18.579 15.433 31.496 5.830 28.754 22.441 18.112 
646.842 938.367 1249.974 582.062 945.542 1313.770 874.108 1329.091 466.515 477.015 1137.538 1177.669 675.244 798.896 1033.791 1290.754 1012.061 1320.713 1278.970 1270.422 
8.687 9.591 5.167 5.238 7.330 2.153 6.512 4.145 7.994 1.922 3.338 8.815 5.549 5.669 5.327 8.124 7.065 7.887 6.782 8.070 
8.496 9.650 6.335 6.427 8.349 3.724 7.548 5.862 7.203 3.648 5.137 8.289 4.123 6.883 5.049 7.356 5.492 7.327 8.221 7.407 
7.463 7.377 1.376 1.273 2.722 5.774 2.160 2.083 8.720 3.711 3.083 8.546 8.709 1.137 5.833 8.747 10.314 7.987 1.262 8.410 
6.607 7.448 3.507 3.604 5.500 3.920 4.698 3.750 6.288 2.088 3.466 6.892 4.783 4.063 3.377 6.393 6.420 6.009 5.514 6.260 
7.673 7.644 1.539 1.451 3.068 5.442 2.477 1.726 8.826 3.422 2.733 8.712 8.659 1.410 5.896 8.860 10.275 8.123 1.531 8.536 
6.019 7.237 5.172 5.286 6.800 5.372 6.076 5.878 4.818 4.091 5.558 5.810 2.654 5.731 2.591 4.959 4.291 4.852 7.353 4.963 
8.695 9.047 3.080 3.077 5.166 3.142 4.434 0.787 9.124 1.459 0.515 9.402 7.949 3.339 6.078 9.201 9.583 8.639 3.791 8.976 
4.206 5.816 7.631 7.747 8.289 9.468 7.854 9.365 1.408 7.989 9.316 2.977 2.550 8.083 3.134 1.582 2.777 2.274 9.810 1.956 
6.006 6.069 0.147 0.261 2.213 5.952 1.402 2.923 7.201 3.644 3.657 7.036 7.417 0.672 4.352 7.226 8.987 6.465 2.372 6.887 
10.008 10.681 5.288 5.317 7.478 0.654 6.695 3.218 9.720 1.726 2.172 10.368 7.537 5.662 6.853 9.835 9.067 9.484 6.287 9.724 
4.045 7.711 8.733 5.612 7.687 5.217 1.667 7.540 1.097 5.417 2.229 8.044 1.022 1.155 2.963 7.798 2.537 3.175 0.538 7.097 3.737 8.613 2.006 2.072 3.556 5.574 1.520 6.051 8.048 7.731 2.591 1.915 2.895 1.725 4.897 1.304 3.885 8.487 0.816 9.039 
5.587 7.908 8.917 6.325 8.629 6.039 1.608 7.406 1.895 7.028 3.741 7.918 2.060 2.339 4.336 8.481 4.148 4.045 1.109 7.906 3.548 9.741 3.275 1.156 2.764 6.642 2.182 6.990 9.506 8.314 2.800 2.238 4.289 0.207 4.195 0.435 4.594 9.126 1.333 9.373 
6.487 1.789 2.758 2.608 4.636 3.011 4.687 1.516 5.045 8.528 5.754 1.973 7.160 7.245 5.165 3.511 6.968 3.615 5.950 3.622 2.645 6.278 7.892 5.071 3.846 4.193 7.648 3.736 8.135 3.048 3.560 7.985 5.251 6.023 2.984 5.865 2.919 3.859 6.781 3.355 
6.605 1.769 2.719 2.720 4.722 3.127 4.756 1.405 5.129 8.647 5.863 1.870 7.244 7.332 5.279 3.575 7.076 3.726 6.026 3.709 2.697 6.367 7.986 5.124 3.871 4.308 7.729 3.845 8.246 3.102 3.639 8.062 5.365 6.079 2.970 5.929 3.033 3.905 6.858 3.343 
7.321 3.824 4.635 4.405 6.713 4.628 3.963 2.650 4.640 9.361 6.071 3.120 6.610 6.777 5.789 5.700 7.210 4.228 5.264 5.705 1.986 8.318 7.595 3.946 2.354 5.821 6.994 5.559 9.777 5.252 3.233 7.216 5.845 4.902 1.006 4.904 3.836 6.066 6.055 5.394 
8.301 4.409 4.004 4.922 3.096 5.291 9.628 5.970 9.537 9.663 8.934 5.797 11.375 11.322 8.016 2.754 9.895 7.335 10.577 3.420 8.136 3.500 11.575 10.322 9.530 5.214 11.937 4.554 6.685 2.998 8.455 12.392 8.120 11.134 8.901 10.827 6.670 2.149 11.308 3.075 
6.822 3.102 3.978 3.628 5.902 3.887 3.973 2.147 4.535 8.877 5.726 2.652 6.597 6.733 5.337 4.885 6.906 3.743 5.288 4.892 1.847 7.513 7.493 4.138 2.686 5.090 7.028 4.786 9.061 4.443 3.046 7.299 5.404 5.110 1.606 5.040 3.247 5.263 6.108 4.683 
8.134 1.061 0.156 3.751 4.209 4.311 7.427 2.236 7.667 10.016 7.929 1.973 9.757 9.803 7.156 2.689 9.109 5.841 8.638 3.474 5.460 5.712 10.340 7.879 6.666 5.110 10.277 4.377 8.437 2.176 6.253 10.652 7.257 8.819 5.673 8.632 5.063 2.436 9.459 0.775 
1.935 8.499 9.454 5.733 6.996 5.190 4.155 8.863 3.290 2.553 1.603 9.314 2.797 2.528 2.275 7.670 0.435 3.733 3.449 6.781 5.655 7.378 2.032 4.855 6.050 4.876 3.176 5.589 5.863 7.814 4.424 3.634 2.173 4.644 7.163 4.218 4.464 8.383 3.379 9.475 
6.760 2.328 2.368 2.774 2.074 3.239 7.373 3.930 7.357 8.437 7.029 3.888 9.293 9.272 6.144 0.696 8.101 5.212 8.393 1.636 5.803 3.491 9.628 8.030 7.193 3.561 9.848 2.801 6.341 0.670 6.185 10.283 6.250 8.870 6.581 8.585 4.492 0.237 9.157 1.666 
8.078 1.833 1.212 3.810 3.609 4.349 7.976 3.256 8.115 9.850 8.115 3.027 10.157 10.173 7.280 2.167 9.252 6.124 9.121 3.080 6.132 4.964 10.632 8.511 7.420 4.923 10.695 4.159 7.876 1.797 6.781 11.097 7.385 9.421 6.539 9.195 5.355 1.682 9.925 0.285 
3.235 8.578 9.582 6.097 7.799 5.609 3.154 8.654 2.373 4.119 1.870 9.140 1.228 0.956 2.794 8.209 1.332 3.749 2.124 7.396 5.043 8.440 0.780 3.665 5.089 5.624 1.618 6.244 7.296 8.250 3.808 2.093 2.693 3.252 6.367 2.867 4.527 8.922 1.857 9.754 
2.162 7.905 8.612 5.044 4.763 4.557 6.716 8.916 5.973 2.121 3.995 9.228 6.465 6.238 3.519 6.039 3.990 4.728 6.640 5.123 7.166 4.342 5.876 7.601 8.177 3.473 6.928 4.161 2.029 6.430 6.274 7.411 3.533 7.787 8.786 7.335 4.991 6.636 6.891 8.255 
6.961 1.999 2.866 3.170 5.174 3.562 4.815 1.198 5.257 9.011 6.131 1.704 7.364 7.469 5.593 3.996 7.341 4.016 6.109 4.162 2.701 6.820 8.160 5.105 3.751 4.751 7.832 4.300 8.697 3.507 3.751 8.143 5.675 6.072 2.715 5.954 3.361 4.290 6.940 3.577 
2.021 5.477 6.416 2.690 4.313 2.156 3.318 6.000 2.760 4.078 1.663 6.416 4.175 4.083 0.781 4.714 2.753 1.126 3.695 3.881 3.567 5.163 4.295 4.217 4.578 2.151 4.737 2.729 5.031 4.803 2.680 5.216 0.886 4.643 5.195 4.221 1.597 5.429 4.263 6.430 
2.096 8.553 9.515 5.812 7.123 5.272 4.072 8.886 3.210 2.713 1.619 9.342 2.633 2.362 2.344 7.772 0.407 3.762 3.325 6.889 5.624 7.529 1.854 4.753 5.979 4.993 3.005 5.698 6.039 7.905 4.387 3.460 2.241 4.515 7.116 4.093 4.504 8.485 3.227 9.553 
3.106 9.539 10.251 6.660 6.342 6.158 7.757 10.517 6.944 1.688 4.882 10.842 6.971 6.706 4.665 7.661 4.465 6.078 7.434 6.752 8.511 5.718 6.135 8.603 9.392 5.104 7.350 5.799 2.786 8.063 7.507 7.797 4.648 8.628 10.141 8.179 6.450 8.242 7.516 9.886 
2.311 7.896 8.882 5.285 6.872 4.774 3.133 8.114 2.271 3.482 0.976 8.584 2.027 1.809 1.881 7.351 0.611 3.048 2.453 6.512 4.728 7.479 1.702 3.829 5.041 4.700 2.507 5.345 6.384 7.425 3.483 2.999 1.777 3.654 6.192 3.219 3.819 8.066 2.494 8.992 
8.694 2.624 2.970 4.787 6.480 5.229 6.197 1.033 6.757 10.744 7.815 1.146 8.824 8.959 7.312 5.105 9.017 5.725 7.512 5.506 4.074 8.127 9.709 6.305 4.752 6.389 9.252 5.865 10.279 4.555 5.259 9.516 7.392 7.272 3.401 7.236 5.090 5.189 8.329 3.886 
2.234 8.275 9.251 5.601 7.061 5.076 3.601 8.542 2.741 3.133 1.309 9.006 2.242 1.986 2.143 7.622 0.294 3.444 2.855 6.760 5.198 7.570 1.637 4.276 5.514 4.902 2.659 5.579 6.271 7.724 3.955 3.134 2.037 4.049 6.668 3.624 4.204 8.337 2.796 9.329 
