10 40 40
82.891 107.389 44.719 90.406 41.404 51.352 25.292 73.031 117.990 81.075 
58.350 249.270 177.212 134.351 223.610 217.978 69.234 132.953 181.574 135.933 154.208 123.798 265.633 275.023 116.388 252.847 187.077 66.740 163.452 115.187 173.192 245.932 228.610 152.848 68.583 180.293 154.645 232.313 24.826 267.417 122.132 245.370 117.221 331.922 179.716 235.232 176.876 278.770 207.583 160.338 
17.994 26.106 6.840 14.986 17.720 24.026 17.669 12.637 9.277 8.998 22.384 5.888 12.862 9.430 14.109 10.798 25.660 13.818 24.211 12.610 31.239 12.788 27.888 34.826 8.620 16.366 24.455 21.569 17.065 26.938 5.599 10.822 12.030 16.814 28.757 18.993 19.477 13.065 30.331 22.801 
629.379 1200.720 1032.486 927.504 1066.995 1162.093 680.198 824.719 989.609 922.402 994.650 890.001 1192.838 1265.660 821.194 1131.923 1015.069 653.128 950.274 780.904 955.705 1182.775 1150.736 938.288 609.177 990.462 997.163 1064.984 448.533 1227.462 820.673 1212.146 766.240 1351.394 999.318 1141.588 977.775 1239.373 1090.589 999.744 
5.653 3.463 1.992 4.431 10.428 10.097 0.279 7.138 7.479 7.515 7.416 4.200 5.904 6.667 1.403 4.202 7.738 6.773 2.947 7.473 8.551 10.431 7.104 7.106 5.895 6.531 7.995 2.523 2.310 4.778 4.031 4.510 1.025 10.838 2.854 10.818 10.511 7.061 4.510 3.722 
2.204 2.211 2.641 3.621 6.317 5.630 4.438 3.290 4.988 4.265 4.433 4.134 2.965 2.321 3.510 1.624 5.093 2.425 3.142 4.803 5.088 5.978 3.401 3.224 4.388 3.910 3.834 3.271 2.642 0.548 0.664 3.938 5.131 6.405 2.242 6.399 6.418 3.191 0.153 1.095 
2.833 6.931 5.442 2.787 4.988 7.124 7.333 7.435 9.733 8.724 9.025 8.909 7.775 5.963 7.133 6.552 9.769 4.214 4.228 9.497 9.247 6.639 2.596 7.349 1.386 8.712 7.330 7.563 6.754 5.380 4.591 8.798 8.179 8.153 4.543 8.252 4.996 7.339 4.798 4.461 
3.091 7.442 6.454 4.173 3.385 5.945 8.460 7.080 9.586 8.431 8.795 9.400 7.765 5.605 8.062 6.886 9.568 3.748 5.464 9.319 8.777 5.298 2.040 6.993 2.950 8.652 6.737 8.289 7.514 5.577 5.109 9.209 9.304 6.961 5.537 7.080 3.381 6.994 5.124 5.119 
6.212 2.906 5.439 7.592 9.035 6.667 5.965 2.732 1.315 1.951 1.586 2.383 1.351 3.777 4.776 2.684 1.603 5.478 6.671 1.378 2.916 7.551 7.069 2.785 8.504 0.754 3.783 3.666 3.984 3.655 4.630 1.912 6.143 6.878 5.700 6.772 9.157 2.749 4.271 4.938 
3.892 7.756 7.555 5.973 1.012 3.864 9.605 6.160 8.797 7.494 7.928 9.552 7.295 4.864 8.933 7.000 8.699 3.285 6.953 8.497 7.560 3.023 2.449 6.080 5.070 8.044 5.488 8.850 8.177 5.663 5.712 9.253 10.407 4.817 6.703 4.958 1.048 6.097 5.465 5.902 
4.867 2.275 4.608 6.430 7.747 5.652 5.571 1.764 2.146 1.778 1.744 2.801 0.166 2.472 4.366 1.681 2.286 4.109 5.668 1.993 2.815 6.443 5.692 1.783 7.239 1.059 2.847 3.402 3.431 2.349 3.425 2.353 5.932 6.022 4.688 5.940 7.867 1.737 2.995 3.780 
5.196 2.687 5.043 6.839 7.842 5.566 5.973 1.619 1.745 1.372 1.309 3.010 0.287 2.585 4.766 2.116 1.864 4.318 6.099 1.571 2.422 6.408 5.949 1.659 7.614 0.682 2.705 3.772 3.843 2.724 3.831 2.541 6.309 5.865 5.120 5.773 7.964 1.618 3.380 4.196 
4.966 0.928 2.384 5.140 9.260 8.113 2.552 4.658 4.724 4.829 4.691 1.751 3.240 4.578 1.352 1.825 4.984 5.341 3.839 4.721 5.880 8.664 6.306 4.644 6.411 3.789 5.637 0.358 0.717 2.953 2.940 1.901 2.855 8.701 3.023 8.652 9.364 4.597 3.077 2.938 
2.675 7.013 6.150 4.042 3.179 5.511 8.179 6.566 9.077 7.917 8.282 8.960 7.267 5.091 7.723 6.431 9.056 3.235 5.247 8.808 8.262 4.915 1.535 6.478 2.950 8.149 6.225 7.899 7.136 5.110 4.701 8.756 9.017 6.533 5.239 6.647 3.193 6.480 4.680 4.740 
3.350 3.590 5.893 1.490 4.597 4.002 4.101 3.445 4.590 6.951 6.441 2.273 6.746 3.397 3.957 5.044 5.268 5.744 1.645 7.808 7.115 4.698 5.146 6.146 3.999 0.690 5.521 5.474 6.199 5.432 5.013 6.542 0.082 5.863 4.052 3.980 2.936 1.119 6.620 5.947 
3.803 3.409 1.559 4.944 2.587 0.357 4.922 4.148 6.342 6.072 2.591 5.796 3.494 6.490 3.331 5.815 5.838 5.641 5.985 5.045 5.173 4.993 0.800 2.705 5.643 4.769 1.761 3.626 8.005 3.235 7.530 4.040 4.429 7.443 0.783 7.969 5.425 4.488 5.203 2.009 
5.100 0.890 3.456 3.429 0.943 2.439 6.244 5.399 7.370 8.166 3.205 4.073 3.166 6.806 0.804 7.253 7.365 7.428 4.993 7.558 7.534 6.558 3.118 5.244 6.661 4.320 2.436 1.860 9.099 5.550 8.232 6.484 3.746 8.621 3.011 7.647 3.291 3.145 7.421 4.524 
5.688 2.203 6.221 1.272 3.715 4.719 6.603 5.861 7.202 9.257 6.098 1.361 5.899 5.915 2.594 7.586 7.789 8.168 2.964 9.522 9.116 7.142 5.710 7.452 6.598 3.224 5.324 4.111 8.807 7.222 7.574 8.304 2.644 8.476 5.090 5.923 0.463 1.496 8.763 6.942 
5.197 8.384 9.957 5.708 9.344 8.088 4.705 4.933 3.530 7.320 10.891 5.877 11.400 2.042 8.755 4.802 5.078 5.957 4.037 9.695 8.452 5.281 9.129 9.098 3.753 4.123 9.966 10.266 3.755 7.724 2.346 8.592 4.726 3.953 7.841 1.206 7.090 5.656 7.666 9.353 
3.385 8.561 8.466 6.810 8.980 6.903 2.298 3.040 0.876 3.971 9.776 7.392 10.616 2.425 8.834 1.708 1.901 2.741 5.717 6.721 5.351 2.505 7.665 6.806 1.591 4.795 8.934 10.066 0.854 5.244 1.174 5.823 5.355 0.524 6.432 4.261 8.299 6.502 4.532 7.356 
6.751 2.425 3.243 5.387 1.131 3.426 7.913 7.079 9.174 9.370 2.069 5.917 1.334 8.792 2.022 8.885 8.953 8.866 7.018 8.108 8.428 8.115 3.419 5.727 8.458 6.368 1.922 0.667 10.898 6.526 10.147 7.248 5.799 10.383 4.039 9.700 4.913 5.155 8.500 4.824 
1.456 6.322 4.737 6.059 6.121 3.587 1.781 1.581 3.271 2.507 6.212 6.924 7.238 4.431 6.443 2.301 2.228 1.881 6.020 3.380 2.444 1.453 4.011 2.859 2.754 4.553 5.490 7.232 4.648 1.326 4.697 2.185 4.719 4.044 2.988 6.508 7.255 5.577 1.951 3.438 
4.030 7.458 4.196 8.091 6.713 4.196 4.357 4.206 5.746 3.029 5.785 8.991 7.006 7.066 7.436 4.574 4.385 3.627 8.402 0.946 1.441 3.855 3.852 1.562 5.328 6.927 5.401 7.701 6.829 1.486 7.189 0.464 6.953 6.231 3.639 9.142 9.037 7.590 2.032 2.505 
2.810 7.083 4.596 7.236 6.606 3.992 3.012 2.938 4.389 2.131 6.178 8.122 7.325 5.747 7.135 3.229 3.055 2.353 7.334 2.022 1.237 2.498 4.031 2.164 3.978 5.859 5.610 7.675 5.518 0.818 5.832 0.894 5.972 4.915 3.374 7.849 8.331 6.743 1.166 3.007 
3.195 7.130 4.358 7.470 6.553 3.953 3.471 3.350 4.862 2.441 5.954 8.363 7.130 6.190 7.154 3.705 3.528 2.809 7.658 1.631 1.200 2.971 3.859 1.818 4.441 6.180 5.443 7.597 5.987 0.833 6.306 0.424 6.255 5.386 3.349 8.278 8.508 6.973 1.428 2.715 
5.153 5.021 0.722 6.911 3.773 2.317 6.125 5.485 7.638 6.352 2.166 7.749 3.409 8.143 4.827 6.848 6.792 6.355 7.954 4.355 5.020 5.992 1.180 2.136 6.990 6.694 2.039 4.508 9.172 3.506 8.960 3.788 6.390 8.577 2.345 9.795 7.284 6.462 5.355 1.220 
2.523 5.544 3.143 6.078 4.997 2.384 3.304 2.808 4.828 3.661 4.676 6.979 5.777 5.679 5.568 3.943 3.874 3.449 6.498 2.968 2.771 3.089 2.484 1.381 4.235 5.040 4.041 6.062 6.283 0.798 6.216 1.764 4.998 5.681 1.771 7.603 7.014 5.577 2.763 1.798 
0.159 5.433 4.987 4.687 5.571 3.367 1.321 0.497 2.689 3.712 6.244 5.525 7.088 3.234 5.631 2.314 2.425 2.622 4.537 4.825 3.926 1.645 4.168 3.826 1.997 3.076 5.398 6.682 4.362 2.562 3.937 3.588 3.285 3.815 2.907 5.184 5.976 4.225 3.371 4.110 
5.683 2.456 2.166 5.104 0.967 2.255 6.839 6.019 8.162 8.173 1.503 5.777 1.656 7.956 2.148 7.787 7.839 7.708 6.582 6.926 7.220 6.996 2.227 4.542 7.447 5.719 0.878 1.649 9.871 5.320 9.215 6.044 5.206 9.338 2.856 9.070 4.976 4.777 7.295 3.657 
2.905 3.713 2.324 4.657 3.217 0.651 4.025 3.251 5.446 5.336 3.487 5.546 4.375 5.659 3.730 4.927 4.958 4.803 5.472 4.703 4.606 4.114 1.493 2.541 4.748 4.151 2.654 4.313 7.107 2.622 6.647 3.572 3.901 6.546 0.225 7.234 5.375 4.171 4.527 2.139 
3.973 7.648 4.489 8.171 6.948 4.403 4.218 4.126 5.568 2.724 6.082 9.069 7.298 6.954 7.640 4.371 4.171 3.388 8.416 0.864 1.119 3.684 4.117 1.852 5.180 6.938 5.677 7.951 6.596 1.516 7.008 0.404 6.993 6.003 3.830 9.051 9.158 7.672 1.740 2.799 
1.880 5.013 6.038 3.308 5.655 4.163 2.346 1.840 2.789 5.323 6.985 4.025 7.574 2.035 5.319 3.240 3.477 4.031 2.748 6.680 5.758 2.990 5.213 5.484 2.175 1.378 6.066 6.679 4.450 4.381 3.422 5.435 1.812 4.072 3.934 3.545 4.760 2.939 5.150 5.571 
5.544 0.703 4.920 2.370 2.225 3.671 6.606 5.788 7.490 8.927 4.636 2.804 4.399 6.545 1.096 7.624 7.784 8.006 4.098 8.724 8.524 7.041 4.517 6.498 6.819 3.852 3.908 2.647 9.185 6.555 8.118 7.574 3.225 8.775 4.158 6.972 1.846 2.271 8.294 5.863 
3.743 7.358 4.260 7.886 6.671 4.117 4.047 3.911 5.433 2.785 5.856 8.785 7.064 6.762 7.352 4.262 4.076 3.326 8.153 1.138 1.268 3.543 3.858 1.628 5.017 6.675 5.426 7.680 6.523 1.240 6.876 0.153 6.719 5.925 3.541 8.844 8.867 7.387 1.775 2.573 
3.223 8.022 5.643 7.914 7.622 5.009 3.026 3.240 4.156 1.112 7.229 8.777 8.380 5.784 8.098 2.895 2.653 1.800 7.809 2.193 0.818 2.380 5.085 3.147 3.906 6.360 6.664 8.701 4.990 1.866 5.563 1.593 6.561 4.411 4.388 7.937 9.100 7.433 0.114 4.030 
4.003 8.717 9.124 6.636 9.308 7.443 3.065 3.664 1.549 5.060 10.339 7.107 11.091 1.986 9.025 2.708 2.936 3.800 5.324 7.755 6.405 3.424 8.303 7.671 2.154 4.661 9.462 10.360 1.269 6.140 0.307 6.804 5.268 1.458 7.031 3.403 8.130 6.397 5.589 8.145 
3.611 5.006 7.170 2.405 6.050 5.255 3.969 3.563 3.950 6.997 7.838 2.815 8.190 2.306 5.384 4.738 5.004 5.660 1.125 8.393 7.491 4.641 6.385 7.046 3.525 0.853 6.911 6.918 5.349 6.065 3.986 7.140 1.374 5.129 5.193 2.527 3.874 2.282 6.875 7.002 
1.369 6.267 4.743 5.978 6.084 3.561 1.719 1.497 3.217 2.567 6.208 6.842 7.224 4.354 6.391 2.272 2.209 1.897 5.933 3.465 2.531 1.419 4.009 2.908 2.690 4.466 5.477 7.195 4.614 1.388 4.639 2.266 4.634 4.012 2.966 6.426 7.179 5.497 2.031 3.467 
5.993 3.657 7.475 1.265 5.150 5.817 6.717 6.088 7.007 9.596 7.494 0.374 7.353 5.419 4.053 7.623 7.862 8.379 2.103 10.286 9.701 7.332 6.886 8.395 6.497 3.017 6.682 5.575 8.466 7.924 7.097 9.033 2.629 8.226 6.088 4.941 1.261 1.765 9.243 8.000 
3.231 6.387 3.427 7.026 5.707 3.143 3.796 3.465 5.283 3.339 5.023 7.927 6.202 6.367 6.379 4.239 4.109 3.504 7.416 2.037 2.098 3.426 2.943 0.946 4.767 5.949 4.525 6.728 6.578 0.691 6.713 0.920 5.932 5.972 2.568 8.370 7.949 6.525 2.341 1.794 
1.444 6.948 5.793 6.215 6.935 4.504 0.947 1.311 2.270 2.210 7.232 7.027 8.214 3.715 7.118 1.213 1.148 1.055 5.863 4.070 2.861 0.382 5.043 3.927 1.873 4.467 6.473 8.053 3.561 2.360 3.713 3.017 4.769 2.956 3.937 5.861 7.538 5.767 2.131 4.527 
5.085 3.289 1.069 5.522 1.987 1.574 6.208 5.430 7.622 7.224 1.326 6.294 2.232 7.683 3.063 7.098 7.115 6.887 6.806 5.807 6.170 6.272 1.130 3.427 6.919 5.739 0.484 2.787 9.290 4.329 8.787 4.972 5.311 8.729 2.062 9.034 5.673 5.124 6.306 2.526 
4.711 2.554 1.794 4.712 1.463 1.272 5.863 5.049 7.207 7.215 1.970 5.481 2.552 7.098 2.379 6.805 6.854 6.724 6.029 6.139 6.325 6.011 1.504 3.764 6.495 5.016 1.044 2.472 8.909 4.391 8.296 5.179 4.559 8.369 1.882 8.342 4.875 4.321 6.356 2.953 
2.061 3.599 3.638 3.629 3.674 1.758 3.218 2.375 4.466 5.261 4.617 4.530 5.318 4.395 3.762 4.216 4.319 4.402 4.199 5.403 4.954 3.510 2.819 3.577 3.750 2.826 3.714 4.782 6.184 3.065 5.530 4.161 2.641 5.667 1.572 5.890 4.618 3.128 4.649 3.394 
3.099 2.490 3.878 2.659 2.911 2.022 4.206 3.369 5.267 6.452 4.451 3.547 4.883 4.765 2.714 5.225 5.363 5.536 3.639 6.515 6.143 4.592 3.158 4.511 4.562 2.536 3.524 3.953 6.996 4.222 6.136 5.298 2.107 6.526 2.205 5.866 3.467 2.177 5.852 4.127 
4.764 5.135 1.039 6.830 3.983 2.196 5.705 5.090 7.224 5.871 2.593 7.688 3.828 7.801 4.976 6.404 6.340 5.886 7.782 3.927 4.548 5.548 1.145 1.663 6.587 6.477 2.347 4.796 8.735 3.029 8.563 3.315 6.212 8.137 2.101 9.508 7.300 6.367 4.874 0.739 
7.352 3.270 3.289 6.234 1.936 3.907 8.509 7.688 9.823 9.755 1.823 6.762 0.685 9.540 2.866 9.456 9.505 9.353 7.857 8.243 8.697 8.661 3.658 5.897 9.108 7.171 2.074 1.388 11.536 6.865 10.849 7.487 6.612 11.006 4.491 10.512 5.741 5.997 8.843 4.961 
4.024 9.416 8.948 7.798 9.731 7.515 2.867 3.692 1.766 3.635 10.338 8.402 11.249 3.451 9.669 1.981 2.036 2.673 6.742 6.603 5.190 2.835 8.175 7.046 2.418 5.785 9.533 10.833 0.675 5.467 2.043 5.864 6.328 0.507 6.998 5.208 9.281 7.473 4.385 7.696 
4.699 0.900 4.105 2.518 1.857 2.714 5.800 4.966 6.798 7.998 4.067 3.197 4.083 6.060 1.188 6.820 6.962 7.128 4.080 7.745 7.551 6.191 3.624 5.532 6.105 3.484 3.242 2.662 8.517 5.579 7.553 6.594 2.887 8.072 3.183 6.778 2.551 2.228 7.339 4.925 
3.996 9.427 8.879 7.858 9.715 7.472 2.835 3.669 1.817 3.479 10.283 8.475 11.206 3.561 9.674 1.916 1.949 2.549 6.832 6.459 5.044 2.763 8.113 6.944 2.444 5.848 9.485 10.820 0.847 5.366 2.192 5.738 6.382 0.613 6.947 5.351 9.337 7.525 4.243 7.607 
5.319 8.456 10.067 5.760 9.429 8.194 4.830 5.056 3.653 7.442 10.992 5.911 11.493 2.163 8.830 4.925 5.201 6.081 4.077 9.820 8.577 5.407 9.239 9.219 3.879 4.202 10.066 10.345 3.854 7.848 2.457 8.717 4.802 4.062 7.952 1.202 7.131 5.717 7.791 9.471 
1.371 6.229 4.696 5.958 6.040 3.515 1.752 1.509 3.254 2.603 6.160 6.824 7.177 4.375 6.352 2.316 2.255 1.944 5.926 3.456 2.540 1.463 3.961 2.869 2.722 4.459 5.430 7.151 4.658 1.357 4.675 2.251 4.620 4.056 2.920 6.442 7.153 5.476 2.052 3.423 
2.504 3.082 3.907 2.985 3.388 1.993 3.621 2.780 4.729 5.868 4.681 3.887 5.237 4.373 3.292 4.638 4.771 4.938 3.697 6.063 5.615 3.995 3.127 4.177 4.018 2.421 3.755 4.463 6.459 3.730 5.663 4.824 2.125 5.975 2.000 5.654 3.954 2.486 5.292 3.905 
3.529 2.067 3.938 2.464 2.614 2.173 4.629 3.795 5.657 6.883 4.351 3.325 4.679 5.058 2.309 5.649 5.791 5.970 3.634 6.872 6.544 5.024 3.273 4.804 4.956 2.679 3.436 3.614 7.382 4.606 6.479 5.669 2.175 6.923 2.456 6.031 3.121 2.011 6.271 4.354 
