25 100 100
52.815 114.428 104.053 123.996 67.753 112.679 58.860 89.276 32.712 100.336 57.286 117.359 142.688 90.574 91.546 83.292 155.866 117.668 77.183 104.298 34.084 84.036 128.231 40.189 38.962 
30.726 138.872 214.485 61.433 113.697 427.609 167.661 279.671 365.505 190.445 286.133 263.154 289.182 212.392 299.177 44.844 167.242 207.565 319.673 31.388 407.233 171.193 268.836 198.016 400.190 252.621 393.232 268.748 411.089 271.002 34.187 116.218 37.864 52.257 29.960 260.776 226.603 399.123 95.693 364.346 171.923 264.923 64.218 341.789 362.177 77.804 101.648 79.259 169.135 221.138 108.637 423.087 115.410 297.375 215.615 284.093 242.591 387.260 92.360 301.110 351.965 197.296 405.403 177.643 131.157 328.671 55.019 150.932 106.428 187.347 338.514 146.654 269.425 41.348 230.314 308.903 105.309 323.418 353.400 381.405 134.845 386.251 394.334 300.025 82.917 111.898 149.151 43.862 173.220 245.023 250.919 204.613 205.154 252.750 381.399 27.641 402.511 226.927 142.623 183.680 
31.437 13.615 15.461 19.872 25.041 29.154 24.819 31.322 9.346 28.403 33.212 23.107 5.381 30.458 8.869 13.415 34.146 18.623 11.891 32.587 28.078 19.149 29.137 5.682 22.720 27.125 27.667 33.060 17.547 22.244 9.845 34.881 25.613 31.513 23.768 24.757 25.115 25.820 7.491 7.887 33.103 18.354 15.812 24.388 25.956 15.521 9.032 21.618 31.161 16.778 26.634 19.964 27.851 33.968 13.121 13.714 24.069 31.584 27.661 30.674 32.836 27.246 29.109 23.079 33.468 21.499 10.265 15.101 33.586 27.098 22.715 23.224 18.001 27.576 8.611 22.243 20.930 27.027 10.672 26.276 31.109 26.697 28.714 5.983 13.196 14.630 31.368 20.114 14.104 16.680 18.242 8.361 34.775 21.165 6.236 29.863 18.862 27.141 7.368 12.799 
428.416 831.594 989.417 567.024 770.664 1338.461 896.672 1141.393 1315.523 894.577 1126.311 1074.983 1096.413 1048.410 1164.996 474.846 862.046 977.499 1222.813 414.021 1305.682 908.201 1113.128 957.471 1293.744 1046.342 1340.144 1129.673 1298.547 1056.556 402.885 743.885 433.441 468.867 398.078 1143.607 1028.461 1355.592 696.025 1292.665 879.202 1057.427 558.507 1223.344 1260.411 605.529 636.631 552.363 951.114 961.790 699.965 1406.911 733.702 1208.175 990.135 1139.225 1019.180 1300.513 695.344 1186.073 1316.647 952.073 1281.220 906.305 780.627 1199.421 505.189 756.362 747.789 910.941 1250.011 823.040 1018.963 467.624 938.596 1161.849 715.912 1165.184 1202.624 1311.139 816.655 1340.244 1360.979 1170.513 591.913 726.182 813.248 425.273 889.476 1015.114 1007.097 979.497 1032.517 1030.746 1282.236 364.263 1408.253 964.713 869.137 929.820 
3.315 6.113 5.428 5.338 5.422 4.432 5.884 1.055 2.112 4.185 6.077 3.907 3.224 6.564 2.647 3.482 5.762 1.561 5.205 9.834 3.537 4.757 6.119 6.854 6.173 3.595 3.422 9.353 5.878 8.217 7.803 7.163 3.880 3.922 4.125 6.335 4.718 4.785 0.933 5.801 3.612 2.533 7.671 3.523 8.498 5.175 1.539 5.283 4.074 4.822 1.563 2.442 4.169 8.184 8.699 4.268 1.307 1.373 6.918 6.197 0.871 0.544 0.794 1.502 6.605 6.241 5.329 8.041 7.245 5.256 6.855 8.282 4.184 1.950 6.465 6.472 2.526 3.579 5.603 4.390 2.139 3.870 2.230 2.321 5.721 0.967 0.833 8.219 2.575 6.210 2.322 7.134 3.799 1.819 6.502 7.093 8.295 7.781 2.603 2.385 
3.061 3.048 3.307 5.213 5.374 0.144 4.004 5.335 3.886 3.978 1.790 1.776 1.589 4.694 4.548 1.403 1.477 5.550 7.758 7.425 6.660 0.909 2.898 6.627 2.076 2.435 1.919 6.802 5.077 4.996 6.006 3.325 2.686 3.876 4.219 3.052 2.630 0.799 4.040 1.724 2.986 2.161 3.450 6.880 6.216 1.213 3.499 2.752 0.533 4.275 4.454 3.819 5.271 4.267 4.765 4.422 5.359 4.655 3.441 5.823 4.983 4.673 3.857 3.227 2.563 6.256 1.926 4.172 3.121 3.503 2.670 4.077 5.932 2.392 3.318 2.324 1.769 2.687 2.629 0.237 4.936 3.381 5.344 4.213 3.219 4.344 4.299 4.115 2.832 3.333 2.084 3.569 4.574 5.791 6.445 5.246 4.402 3.493 4.288 2.290 
8.141 9.087 3.052 0.990 0.888 6.099 2.524 6.923 4.198 9.253 6.732 7.473 6.815 2.351 3.753 4.827 6.717 7.754 4.325 4.613 4.854 6.946 8.924 0.598 7.696 7.836 7.296 4.455 1.052 4.877 2.522 9.018 8.188 2.549 9.373 9.059 3.477 6.813 6.998 5.790 3.304 4.836 8.410 5.274 3.544 7.167 7.125 3.636 5.523 1.816 4.861 8.063 2.342 9.738 10.144 2.076 6.076 5.170 9.359 0.239 6.112 6.825 5.540 5.048 5.931 0.407 7.966 9.715 8.442 9.375 6.463 7.340 2.916 5.474 4.258 7.790 5.901 8.022 4.088 6.282 8.358 2.878 8.523 8.199 9.242 5.413 5.526 9.282 7.447 9.379 6.293 5.093 2.516 7.986 0.436 2.348 6.305 7.814 8.442 4.864 
4.688 5.092 1.311 3.227 3.391 2.110 1.993 5.454 3.048 5.743 2.906 3.684 3.181 2.718 3.443 1.195 2.809 5.971 6.350 5.743 5.632 2.955 4.924 4.571 3.751 4.204 3.641 5.175 3.010 3.782 4.063 5.081 4.521 2.139 5.934 5.057 0.561 2.817 4.635 2.080 1.392 1.939 4.708 5.945 4.447 3.165 4.371 0.899 1.573 2.289 3.864 5.057 3.631 5.886 6.335 2.615 5.100 4.167 5.369 3.773 4.843 4.961 3.743 2.979 2.610 4.238 3.973 5.837 4.609 5.530 3.053 4.351 4.418 2.648 2.018 3.888 2.590 4.432 1.158 2.303 5.862 1.636 6.189 5.353 5.292 4.043 4.064 5.534 4.180 5.389 3.055 2.731 2.964 6.231 4.412 3.289 3.986 4.342 5.518 2.077 
8.811 10.975 6.484 4.169 4.059 8.281 6.299 5.617 4.441 9.810 9.542 8.855 8.072 6.468 3.690 6.771 9.380 6.486 0.510 8.949 2.256 9.012 10.891 4.437 10.209 8.857 8.470 8.819 5.016 9.028 6.887 11.491 9.203 4.556 9.791 11.081 6.408 8.943 6.644 8.765 5.332 6.110 11.364 2.464 7.908 9.372 7.166 6.882 7.673 4.773 4.315 8.132 3.070 12.409 12.892 4.152 4.650 4.377 11.556 4.499 4.984 5.993 5.310 5.418 9.233 3.978 9.932 12.327 11.187 10.600 9.714 10.904 2.272 6.305 7.941 10.414 7.037 8.935 7.410 8.383 7.725 5.051 7.655 8.032 10.826 4.827 4.959 12.154 8.019 11.178 7.195 8.840 3.722 6.611 4.117 6.632 10.160 11.026 8.314 6.023 
6.679 9.226 6.172 4.591 4.568 6.903 6.269 3.109 2.911 7.583 8.402 7.015 6.249 6.705 2.414 5.492 8.164 3.952 2.067 9.733 0.425 7.495 9.187 5.603 8.838 6.860 6.570 9.438 5.439 9.048 7.556 10.017 7.179 4.056 7.521 9.393 5.789 7.467 4.317 7.805 4.492 4.609 10.186 0.124 8.499 7.897 4.930 6.367 6.358 4.712 2.353 5.836 3.034 11.004 11.511 3.949 2.186 2.250 9.931 5.285 2.576 3.574 3.221 3.608 8.449 4.990 8.288 10.890 9.889 8.580 8.852 10.199 2.348 4.530 7.585 9.093 5.287 6.889 6.857 6.949 5.261 4.408 5.150 5.670 8.946 2.679 2.788 10.883 5.908 9.377 5.311 8.445 3.309 4.063 5.220 7.061 9.764 10.043 5.949 4.479 
8.003 9.262 3.543 1.049 0.886 6.290 3.140 6.351 3.775 9.113 7.119 7.489 6.782 3.125 3.209 4.901 7.061 7.213 3.406 5.531 4.017 7.127 9.117 1.169 8.015 7.773 7.256 5.372 1.686 5.689 3.437 9.345 8.132 2.427 9.204 9.268 3.798 7.009 6.608 6.208 3.294 4.722 8.863 4.435 4.457 7.391 6.820 4.082 5.686 1.977 4.326 7.791 1.697 10.126 10.557 1.877 5.453 4.610 9.618 1.050 5.541 6.336 5.112 4.722 6.456 0.566 8.143 10.087 8.837 9.392 6.980 7.965 2.098 5.283 4.884 8.142 5.806 7.939 4.578 6.456 7.950 2.870 8.074 7.881 9.343 4.907 5.029 9.721 7.269 9.536 6.155 5.756 2.092 7.432 0.786 3.208 7.018 8.336 8.138 4.722 
2.300 0.864 6.239 8.069 8.225 2.921 6.936 6.255 6.064 2.285 3.356 1.650 2.433 7.611 6.821 4.139 3.071 6.027 10.044 10.138 8.646 2.114 1.018 9.534 2.428 1.831 2.063 9.493 8.002 7.497 8.900 2.411 1.596 6.624 2.592 1.202 5.569 2.276 4.694 4.055 5.743 4.465 3.663 8.754 9.011 2.092 3.975 5.670 3.441 7.146 6.315 3.506 7.877 3.314 3.780 7.180 6.718 6.382 1.790 8.729 6.284 5.538 5.412 5.108 4.684 9.128 1.237 3.126 3.046 0.839 4.457 5.458 8.403 4.202 6.030 2.682 3.470 1.896 5.476 2.717 4.791 6.167 5.226 3.925 0.321 5.957 5.855 3.704 2.880 0.819 3.337 6.006 7.201 6.191 9.331 8.152 6.381 4.355 3.797 4.525 
6.036 8.446 5.304 3.890 3.889 6.039 5.435 2.852 2.029 6.998 7.518 6.252 5.476 5.907 1.518 4.609 7.286 3.746 2.338 9.005 0.766 6.656 8.395 5.056 7.980 6.154 5.825 8.679 4.706 8.197 6.830 9.179 6.486 3.199 6.965 8.598 4.899 6.620 3.800 6.910 3.598 3.746 9.309 0.994 7.744 7.052 4.342 5.481 5.483 3.905 1.572 5.296 2.335 10.157 10.662 3.144 1.866 1.558 9.123 4.644 2.156 3.158 2.525 2.802 7.551 4.425 7.478 10.048 9.025 7.891 7.955 9.301 1.817 3.727 6.704 8.229 4.485 6.204 5.966 6.093 4.898 3.528 4.859 5.187 8.205 2.011 2.137 10.017 5.250 8.612 4.551 7.559 2.496 3.907 4.671 6.293 8.875 9.152 5.469 3.623 
5.186 3.579 3.623 6.098 6.259 2.273 4.177 7.713 5.897 5.873 0.731 3.760 3.896 4.622 6.426 3.346 1.083 7.959 9.432 6.389 8.620 2.375 3.342 7.162 1.668 4.491 4.095 5.733 5.618 3.620 5.656 2.678 4.622 5.219 6.161 3.344 3.407 2.243 6.450 1.010 4.459 4.311 1.743 8.899 5.453 2.111 5.899 3.063 2.593 5.213 6.602 6.124 6.711 3.150 3.504 5.668 7.650 6.852 3.309 6.431 7.301 7.068 6.156 5.459 0.835 6.989 2.823 3.168 1.891 4.845 0.424 1.677 7.502 4.722 2.614 1.528 4.167 4.737 2.583 2.376 7.306 4.719 7.725 6.541 4.172 6.600 6.575 2.620 5.141 3.915 4.495 2.190 6.049 8.201 7.106 5.033 2.344 1.260 6.580 4.460 
9.975 9.481 4.111 4.856 4.897 6.981 3.582 10.341 7.529 10.976 6.522 8.797 8.445 2.910 7.428 6.541 6.732 11.024 8.707 0.402 9.058 7.669 9.255 4.339 7.620 9.420 8.871 0.306 4.000 2.435 1.893 8.680 9.699 5.696 11.196 9.295 4.893 7.502 9.855 5.696 5.852 7.172 7.493 9.473 0.973 7.651 9.683 4.454 6.680 4.847 8.369 10.404 6.406 8.980 9.204 5.582 9.700 8.708 9.318 4.277 9.591 10.007 8.680 7.973 5.206 4.762 8.520 9.048 7.841 10.441 5.614 5.578 7.154 7.915 3.725 7.531 7.937 9.664 4.414 7.192 11.149 5.618 11.442 10.691 9.951 8.784 8.856 8.308 9.519 9.819 8.402 3.828 6.225 11.281 4.628 2.428 4.179 6.608 10.863 7.284 
8.512 7.738 3.087 4.743 4.840 5.415 2.826 9.447 6.757 9.455 4.767 7.246 6.989 2.442 6.837 5.250 5.003 10.033 8.758 2.179 8.751 6.031 7.507 4.828 5.853 7.911 7.380 1.527 3.880 0.615 2.348 6.874 8.161 5.076 9.696 7.535 3.768 5.865 8.733 4.001 4.957 6.029 5.672 9.144 1.566 5.967 8.457 3.217 5.208 4.382 7.619 9.077 6.147 7.160 7.387 5.142 8.942 7.954 7.529 4.457 8.760 9.015 7.736 6.987 3.432 5.046 6.821 7.228 6.027 8.788 3.813 3.783 6.979 6.747 2.183 5.746 6.631 8.161 3.005 5.620 9.953 4.843 10.287 9.405 8.246 7.940 7.990 6.489 8.142 8.076 7.090 2.060 5.779 10.294 5.003 2.292 2.393 4.789 9.546 6.161 
6.528 3.437 7.518 9.958 10.122 5.165 8.080 10.215 9.179 6.560 3.904 5.402 6.026 8.503 9.834 6.650 4.025 10.149 13.013 9.772 11.951 4.564 3.323 11.065 3.217 5.928 5.894 9.139 9.516 7.023 9.444 2.087 5.802 8.927 6.860 3.115 7.220 4.583 8.701 4.799 8.086 7.449 2.160 12.161 9.077 4.155 8.002 6.943 5.749 9.049 9.710 7.731 10.403 1.066 0.550 9.423 10.466 9.881 2.511 10.329 10.053 9.498 9.001 8.461 4.685 10.879 3.934 1.219 2.213 4.984 4.157 3.870 11.136 7.562 6.468 2.988 6.828 6.073 6.481 5.102 9.033 8.415 9.474 8.164 4.133 9.525 9.458 1.288 6.948 3.540 6.936 5.857 9.715 10.342 11.003 8.879 5.270 2.889 8.065 7.572 
6.641 8.835 4.989 3.230 3.200 6.235 5.009 3.733 2.289 7.653 7.606 6.692 5.908 5.394 1.567 4.744 7.409 4.630 1.703 8.371 0.975 6.925 8.761 4.248 8.180 6.681 6.299 8.090 4.088 7.805 6.196 9.432 7.027 2.880 7.646 8.956 4.709 6.869 4.548 6.910 3.477 3.998 9.423 1.392 7.151 7.301 5.026 5.258 5.645 3.427 2.157 6.006 1.684 10.379 10.873 2.675 2.749 2.259 9.449 3.912 2.998 3.977 3.154 3.244 7.477 3.628 7.814 10.284 9.193 8.424 7.919 9.207 0.982 4.139 6.437 8.406 4.879 6.759 5.770 6.318 5.719 3.302 5.710 5.938 8.662 2.699 2.834 10.176 5.848 9.028 5.022 7.320 2.065 4.801 3.863 5.724 8.650 9.177 6.219 3.898 
1.566 2.931 4.470 5.882 6.029 1.643 5.148 4.256 3.665 2.585 3.141 0.749 0.063 5.876 4.422 2.039 2.787 4.288 7.646 8.814 6.282 1.572 2.896 7.412 2.961 1.049 0.488 8.211 5.957 6.494 7.222 3.881 1.384 4.364 2.788 3.107 3.700 1.652 2.786 3.256 3.521 2.104 4.493 6.416 7.556 1.973 2.139 3.998 1.743 5.000 3.953 2.297 5.523 4.902 5.417 4.915 4.522 4.052 3.666 6.614 4.100 3.544 3.108 2.723 4.088 6.947 2.050 4.758 4.015 2.609 4.146 5.512 6.015 1.807 4.769 3.274 1.072 1.273 4.002 1.486 3.476 3.951 3.901 2.707 2.721 3.650 3.564 4.967 1.309 3.095 0.994 5.093 4.863 4.509 7.169 6.448 5.933 4.764 2.761 2.147 
6.379 3.813 5.616 8.119 8.278 4.034 6.105 9.486 7.907 6.780 2.425 5.006 5.398 6.446 8.469 5.329 2.703 9.614 11.504 7.551 10.656 3.763 3.597 9.085 2.412 5.690 5.447 6.919 7.580 4.809 7.297 2.288 5.700 7.291 7.088 3.474 5.468 3.699 8.102 3.079 6.528 6.258 0.916 10.921 6.878 3.365 7.474 5.085 4.495 7.256 8.570 7.484 8.782 1.978 2.045 7.735 9.535 8.798 3.082 8.389 9.160 8.804 8.032 7.379 2.703 8.966 3.646 2.119 1.528 5.403 2.178 1.650 9.575 6.569 4.409 2.092 5.924 5.901 4.581 4.061 8.753 6.792 9.191 7.921 4.561 8.510 8.470 1.240 6.555 4.079 6.170 3.711 8.121 9.840 9.063 6.776 3.049 0.825 7.898 6.401 
5.522 5.639 0.603 3.021 3.182 2.741 1.285 6.233 3.673 6.559 3.105 4.446 4.002 1.956 3.936 2.061 3.107 6.790 6.572 4.879 6.068 3.554 5.450 4.153 4.096 5.009 4.449 4.306 2.581 2.971 3.276 5.406 5.313 2.357 6.761 5.560 0.564 3.399 5.485 2.163 1.873 2.780 4.802 6.414 3.592 3.687 5.238 0.035 2.298 2.156 4.522 5.925 3.794 6.110 6.519 2.704 5.806 4.842 5.798 3.390 5.582 5.774 4.517 3.759 2.414 3.926 4.543 6.088 4.814 6.240 2.927 4.048 4.633 3.503 1.277 4.171 3.458 5.244 0.554 2.949 6.726 1.933 7.048 6.223 5.923 4.769 4.804 5.667 5.039 5.954 3.922 2.111 3.199 7.050 4.059 2.510 3.432 4.279 6.386 2.911 
6.281 4.754 3.419 5.922 6.074 3.220 3.817 8.462 6.350 7.023 1.895 4.868 4.908 4.092 6.772 3.951 2.226 8.800 9.566 5.360 8.958 3.492 4.516 6.762 2.845 5.596 5.162 4.709 5.303 2.568 4.921 3.717 5.753 5.335 7.304 4.505 3.471 3.345 7.315 1.636 4.708 4.933 2.496 9.275 4.554 3.270 6.823 2.973 3.376 5.125 7.127 7.149 6.791 3.984 4.239 5.703 8.281 7.409 4.414 6.100 7.968 7.860 6.824 6.085 0.806 6.692 4.011 4.047 2.853 6.034 0.775 1.050 7.626 5.461 2.077 2.671 5.010 5.846 2.445 3.366 8.276 4.875 8.680 7.551 5.360 7.215 7.210 3.333 6.160 5.087 5.389 1.333 6.181 9.050 6.769 4.401 1.155 1.646 7.613 5.087 
7.771 7.543 1.887 3.268 3.368 4.855 1.439 8.205 5.439 8.792 4.673 6.640 6.245 0.965 5.445 4.313 4.816 8.851 7.283 2.626 7.298 5.598 7.330 3.488 5.773 7.237 6.682 2.078 2.409 1.651 1.355 6.964 7.529 3.679 9.003 7.399 2.664 5.433 7.642 3.757 3.689 4.949 5.982 7.696 1.341 5.636 7.454 2.231 4.501 2.933 6.295 8.174 4.679 7.445 7.757 3.696 7.628 6.634 7.513 3.028 7.481 7.831 6.517 5.791 3.478 3.631 6.514 7.476 6.203 8.357 3.975 4.444 5.506 5.690 1.733 5.747 5.708 7.477 2.252 5.067 8.924 3.508 9.225 8.460 7.939 6.664 6.726 6.852 7.296 7.875 6.172 2.238 4.339 9.110 3.615 0.918 3.218 5.203 8.632 5.064 
4.285 4.359 1.904 4.002 4.166 1.415 2.601 5.649 3.520 5.285 2.156 3.135 2.754 3.286 4.016 1.125 2.039 6.065 7.040 6.095 6.212 2.242 4.182 5.322 2.975 3.729 3.177 5.490 3.751 3.847 4.601 4.305 4.018 2.877 5.503 4.307 1.284 2.093 4.639 1.408 2.063 2.089 3.972 6.500 4.851 2.416 4.263 1.344 0.990 3.064 4.274 4.823 4.361 5.117 5.570 3.373 5.422 4.550 4.602 4.528 5.119 5.086 3.980 3.232 2.079 5.006 3.248 5.065 3.845 4.911 2.451 3.826 5.123 2.686 2.078 3.115 2.407 3.972 1.282 1.621 5.763 2.366 6.126 5.163 4.605 4.356 4.354 4.783 3.883 4.665 2.854 2.571 3.680 6.322 5.174 3.839 3.689 3.672 5.294 2.242 
6.669 9.118 5.822 4.184 4.158 6.706 5.896 3.278 2.691 7.610 8.172 6.921 6.146 6.316 2.124 5.266 7.945 4.148 1.832 9.326 0.095 7.330 9.068 5.189 8.649 6.809 6.490 9.037 5.036 8.682 7.150 9.853 7.137 3.703 7.564 9.272 5.468 7.292 4.374 7.544 4.185 4.416 9.968 0.438 8.098 7.725 4.951 6.040 6.146 4.330 2.238 5.885 2.630 10.829 11.333 3.568 2.315 2.194 9.797 4.871 2.667 3.677 3.170 3.475 8.166 4.575 8.153 10.721 9.691 8.542 8.582 9.912 1.934 4.400 7.248 8.896 5.159 6.852 6.537 6.763 5.397 4.075 5.317 5.749 8.870 2.642 2.762 10.683 5.887 9.282 5.218 8.116 2.934 4.280 4.806 6.663 9.439 9.794 6.030 4.294 
4.756 2.296 5.115 7.500 7.664 2.711 5.723 8.017 6.721 5.157 1.430 3.402 3.856 6.222 7.355 4.165 1.522 8.081 10.516 8.006 9.496 2.248 2.063 8.679 0.833 4.070 3.858 7.351 7.112 5.219 7.297 1.047 4.071 6.426 5.464 1.983 4.751 2.220 6.578 2.372 5.582 5.005 0.723 9.723 7.100 1.831 5.925 4.523 3.270 6.579 7.299 5.876 7.900 1.580 2.017 6.927 8.153 7.493 1.766 7.921 7.759 7.317 6.661 6.065 2.485 8.451 2.016 1.560 0.291 3.825 2.026 2.572 8.633 5.198 4.246 0.532 4.500 4.277 4.099 2.679 7.157 5.914 7.597 6.315 3.013 7.166 7.111 1.271 4.966 2.598 4.688 3.829 7.211 8.298 8.590 6.657 3.730 1.394 6.282 5.136 
3.407 2.831 3.407 5.502 5.665 0.419 4.096 5.893 4.407 4.233 1.235 2.026 2.024 4.747 5.048 1.864 0.915 6.091 8.234 7.294 7.183 0.777 2.650 6.852 1.579 2.739 2.276 6.658 5.283 4.753 6.019 2.877 2.939 4.251 4.496 2.775 2.816 0.611 4.578 1.340 3.372 2.695 2.896 7.412 6.136 0.884 4.014 2.819 0.962 4.560 5.000 4.264 5.686 3.780 4.269 4.782 5.921 5.208 3.089 6.057 5.546 5.227 4.419 3.782 2.145 6.523 1.732 3.698 2.594 3.548 2.180 3.561 6.379 2.955 3.170 1.802 2.325 2.992 2.593 0.490 5.424 3.744 5.840 4.672 3.130 4.903 4.859 3.584 3.276 3.143 2.621 3.284 4.989 6.330 6.698 5.278 3.991 2.934 4.726 2.830 
8.189 10.255 5.703 3.426 3.326 7.524 5.534 5.222 3.753 9.213 8.765 8.161 7.380 5.731 2.990 6.013 8.607 6.111 0.618 8.319 1.954 8.268 10.165 3.850 9.446 8.198 7.790 8.156 4.287 8.280 6.219 10.734 8.549 3.770 9.212 10.352 5.621 8.194 6.116 7.982 4.554 5.385 10.585 2.270 7.234 8.622 6.594 6.096 6.914 3.995 3.723 7.576 2.283 11.645 12.125 3.366 4.237 3.828 10.817 3.822 4.528 5.523 4.720 4.757 8.446 3.338 9.201 11.565 10.416 9.937 8.928 10.118 1.494 5.622 7.162 9.646 6.340 8.288 6.624 7.632 7.266 4.267 7.235 7.507 10.131 4.269 4.404 11.380 7.396 10.466 6.523 8.061 2.938 6.261 3.505 5.921 9.384 10.241 7.788 5.304 
1.638 2.704 4.486 5.991 6.141 1.515 5.171 4.500 3.867 2.598 2.950 0.575 0.304 5.894 4.620 2.102 2.594 4.522 7.852 8.781 6.507 1.353 2.662 7.509 2.727 1.042 0.498 8.170 6.033 6.412 7.235 3.636 1.343 4.491 2.820 2.871 3.729 1.444 3.024 3.120 3.633 2.267 4.261 6.646 7.537 1.746 2.368 3.992 1.699 5.097 4.180 2.469 5.687 4.657 5.172 5.045 4.765 4.286 3.426 6.708 4.344 3.787 3.345 2.942 3.944 7.057 1.806 4.513 3.777 2.475 3.977 5.327 6.198 2.021 4.708 3.042 1.273 1.286 3.965 1.340 3.676 4.063 4.106 2.888 2.526 3.887 3.802 4.726 1.488 2.878 1.234 4.993 5.019 4.740 7.274 6.462 5.791 4.553 2.926 2.321 
3.194 4.994 7.504 8.872 5.794 9.130 7.679 1.601 6.436 2.399 5.986 5.231 5.567 9.900 5.569 6.300 1.539 5.879 5.328 1.871 3.151 6.902 4.437 2.740 4.343 9.653 6.186 9.082 7.045 1.227 1.603 5.925 5.422 8.199 5.826 3.773 7.998 1.157 3.902 5.276 9.094 3.612 5.519 7.603 2.017 3.031 4.906 7.109 1.118 1.875 4.708 2.827 2.544 9.062 4.308 5.037 8.406 6.810 6.182 3.199 3.945 3.444 7.510 9.763 6.673 1.450 0.691 5.029 7.138 7.447 3.016 8.053 4.464 2.853 6.355 3.485 3.342 5.603 6.202 6.471 5.363 2.944 2.690 4.931 5.729 2.503 1.887 6.046 2.894 6.069 6.102 4.753 4.381 4.534 4.042 8.178 5.206 7.867 1.533 3.123 
5.754 7.375 7.850 8.379 6.590 8.866 10.013 4.229 8.792 1.676 4.866 2.277 8.167 9.187 7.152 3.389 3.899 8.146 4.928 4.907 5.295 7.503 6.313 0.384 6.970 9.640 8.864 8.881 7.811 2.379 1.816 2.962 7.226 9.852 2.851 6.662 10.227 2.196 6.840 4.129 8.424 6.501 8.067 8.007 1.434 4.697 6.092 7.389 4.222 4.991 6.119 5.852 5.457 8.142 7.244 7.070 9.572 4.871 3.176 1.845 4.739 6.474 8.196 9.013 8.853 3.222 2.499 6.331 9.430 6.886 0.262 7.145 5.712 0.471 4.427 6.604 6.051 8.162 6.904 7.675 2.772 5.923 5.761 3.287 8.002 2.848 4.486 3.958 1.277 3.745 8.691 7.474 5.785 3.628 1.529 10.045 3.671 8.457 4.252 5.258 
4.735 4.699 1.619 3.085 1.109 3.183 6.138 7.491 5.368 4.718 2.636 6.255 5.684 4.210 2.811 6.544 7.521 4.770 1.544 7.178 3.892 1.356 3.283 6.153 5.209 3.660 6.339 3.114 1.768 6.737 5.213 6.560 3.303 4.608 6.561 5.916 6.045 5.321 6.185 2.825 3.450 5.852 5.479 1.770 6.665 3.311 1.910 1.168 6.510 6.768 2.346 7.845 5.614 3.719 6.372 3.761 3.699 4.362 6.848 4.399 2.075 6.440 2.042 4.122 4.968 4.545 5.648 2.112 5.620 2.018 5.978 2.947 2.135 6.502 4.221 7.285 8.864 5.561 1.045 2.302 5.408 8.067 7.562 3.748 4.711 3.740 4.871 4.490 4.963 4.979 5.957 5.704 2.402 2.825 5.278 5.143 3.500 2.243 7.381 3.883 
4.786 3.799 1.875 4.247 1.701 3.863 4.134 8.418 3.767 6.614 5.143 8.639 4.542 5.290 1.850 9.016 8.565 3.386 4.024 7.814 4.238 1.313 3.023 8.098 4.638 3.655 5.005 3.700 0.866 8.177 6.887 9.001 2.297 2.141 8.992 5.619 3.902 6.849 5.847 5.314 4.757 5.624 4.338 1.748 8.367 4.143 2.287 2.034 7.323 7.316 2.473 8.232 5.855 5.314 5.873 2.928 1.312 6.857 9.296 6.510 3.540 6.317 1.048 5.292 3.189 5.816 7.044 2.145 3.737 3.980 8.000 4.896 2.726 8.438 6.732 7.258 9.392 4.388 1.501 0.721 7.850 8.471 7.932 6.194 3.406 5.475 5.545 6.999 7.002 7.483 4.601 4.949 2.794 5.203 7.546 2.766 5.977 1.384 8.283 4.251 
4.882 3.843 1.966 4.321 1.865 3.913 4.068 8.541 3.749 6.773 5.296 8.803 4.558 5.349 1.937 9.178 8.694 3.394 4.184 7.925 4.353 1.445 3.123 8.257 4.697 3.663 5.002 3.746 0.991 8.321 7.040 9.164 2.363 2.008 9.155 5.689 3.819 6.998 5.912 5.475 4.834 5.698 4.357 1.828 8.519 4.279 2.433 2.152 7.444 7.425 2.604 8.330 5.954 5.404 5.928 2.992 1.152 7.007 9.459 6.672 3.697 6.394 1.114 5.357 3.158 5.959 7.188 2.281 3.688 4.100 8.160 5.009 2.870 8.596 6.886 7.336 9.494 4.404 1.662 0.843 8.013 8.569 8.029 6.356 3.421 5.632 5.667 7.157 7.163 7.641 4.598 4.993 2.930 5.367 7.710 2.651 6.139 1.418 8.406 4.368 
3.832 5.026 4.937 5.864 3.602 6.221 7.464 4.749 6.318 1.400 2.846 3.724 5.970 6.834 4.312 4.467 4.655 5.639 2.262 4.805 3.064 4.532 3.693 2.858 4.926 6.883 6.708 6.203 4.826 3.572 1.961 4.273 4.484 6.957 4.221 5.039 7.596 2.183 5.287 2.164 6.032 4.902 5.822 5.080 3.364 2.245 3.172 4.486 4.021 4.567 3.273 5.682 4.105 5.942 5.638 4.476 6.589 3.897 4.582 1.267 1.797 5.191 5.221 6.686 6.243 1.911 2.607 3.433 6.873 4.391 2.727 4.925 2.836 3.206 3.475 5.731 6.430 5.921 3.919 4.712 3.264 5.857 5.459 2.093 5.510 0.658 3.016 3.311 1.724 3.526 6.445 5.490 2.966 1.414 2.440 7.224 2.251 5.498 4.676 3.028 
5.206 4.952 0.927 2.635 1.280 2.610 6.091 8.136 5.446 5.415 3.059 6.857 5.898 3.771 2.941 7.082 8.179 4.896 2.132 7.783 4.400 0.872 3.631 6.846 5.555 2.996 6.512 2.519 1.329 7.425 5.908 7.126 3.465 4.312 7.134 6.337 5.941 6.011 6.601 3.369 3.061 6.287 5.689 1.088 7.363 3.892 2.285 0.470 7.134 7.356 2.713 8.416 6.138 3.448 6.756 3.994 3.224 4.730 7.406 5.082 2.720 6.905 1.477 3.707 4.981 5.210 6.331 2.420 5.610 1.884 6.665 2.832 2.598 7.195 4.647 7.778 9.462 5.764 0.979 2.166 5.979 8.642 8.128 4.329 4.857 4.435 5.459 4.967 5.651 5.472 6.117 6.017 2.842 3.458 5.927 4.915 4.050 1.607 8.023 4.395 
1.730 2.268 7.274 9.409 5.515 9.342 4.344 4.087 3.264 5.720 7.855 8.803 2.095 10.545 4.166 9.750 4.456 3.039 6.694 3.063 2.619 6.497 3.162 6.634 1.357 9.461 2.447 9.223 6.367 5.210 5.209 9.458 3.692 5.894 9.379 0.465 4.792 4.802 0.195 7.384 9.809 0.579 2.178 7.270 6.048 3.438 4.495 7.070 3.206 2.593 4.066 2.863 1.540 10.076 0.301 3.061 6.810 9.277 9.750 6.328 4.705 0.677 6.814 10.472 3.783 3.916 4.533 4.370 3.950 8.351 6.831 9.226 4.234 6.813 8.890 1.460 4.039 2.213 5.893 5.326 8.620 3.078 2.608 7.561 2.928 4.963 2.585 8.780 6.333 9.002 2.539 1.237 3.967 6.706 7.481 5.533 7.670 7.216 3.945 2.643 
1.598 1.100 4.443 6.634 2.721 6.524 3.482 5.454 2.303 4.918 5.634 7.734 2.116 7.769 1.376 8.467 5.675 1.629 4.362 4.714 1.354 3.664 0.409 6.268 1.556 6.626 2.837 6.401 3.536 5.669 4.816 8.288 1.005 3.728 8.237 2.428 3.681 4.594 2.674 5.352 7.059 2.415 1.930 4.436 6.151 1.858 1.767 4.259 4.345 4.196 1.333 5.037 2.675 7.389 2.775 0.545 4.223 7.262 8.597 5.209 2.520 3.099 3.989 7.708 2.308 3.445 4.606 1.583 2.894 5.694 6.312 6.613 1.648 6.556 6.950 4.036 6.218 2.025 3.079 2.531 7.251 5.277 4.737 5.836 1.495 3.801 2.642 6.982 5.481 7.328 2.512 2.028 1.374 4.823 6.426 3.682 5.818 4.392 5.310 1.385 
4.179 5.984 8.586 9.865 6.896 10.158 8.644 1.094 7.408 3.012 6.818 5.406 6.469 10.866 6.672 6.513 0.761 6.884 6.284 1.951 4.232 7.998 5.527 2.776 5.262 10.713 7.040 10.118 8.151 0.764 2.197 6.097 6.509 9.283 5.988 4.559 8.987 1.867 4.639 6.081 10.061 4.404 6.443 8.689 1.748 4.144 6.017 8.182 1.535 2.234 5.821 2.821 3.375 9.983 5.033 6.100 9.518 7.448 6.319 3.801 5.025 4.093 8.613 10.721 7.688 2.530 1.440 6.142 8.120 8.415 3.128 8.966 5.575 2.751 6.986 3.885 2.908 6.521 7.301 7.584 5.732 2.849 2.800 5.598 6.735 3.435 2.928 6.619 3.358 6.561 6.998 5.616 5.493 5.362 4.386 9.236 5.913 8.967 1.139 4.206 
5.469 6.550 5.215 5.429 4.385 5.953 8.844 6.023 7.761 2.132 1.896 2.571 7.526 6.217 5.521 3.038 5.847 7.079 2.186 6.255 4.672 5.046 5.131 3.053 6.532 6.781 8.265 5.983 5.434 4.516 2.951 2.953 5.795 7.991 2.933 6.685 8.919 3.336 6.934 1.163 5.455 6.549 7.365 5.392 3.960 3.832 4.309 4.751 5.462 6.081 4.532 7.173 5.743 5.176 7.282 5.900 7.338 2.354 3.256 1.360 3.029 6.833 5.735 6.043 7.608 3.455 3.813 4.598 8.260 3.947 2.748 4.175 4.081 3.370 1.904 7.343 7.802 7.464 4.584 5.640 1.823 7.329 6.973 0.475 6.961 2.218 4.647 1.673 1.910 1.886 7.978 7.099 4.279 0.872 1.662 8.369 0.773 5.919 5.976 4.638 
3.532 5.179 6.567 7.682 5.005 8.009 7.843 2.999 6.610 1.002 4.615 4.020 5.948 8.664 5.194 5.035 2.857 5.979 4.086 3.262 3.112 6.055 4.227 1.896 4.748 8.619 6.642 7.980 6.274 1.765 0.411 4.698 5.184 7.907 4.609 4.470 8.084 0.352 4.663 3.887 7.861 4.311 5.853 6.690 1.816 2.618 4.283 6.138 2.475 3.163 4.205 4.204 3.295 7.770 5.063 4.951 7.850 5.381 4.976 1.783 3.071 4.354 6.713 8.517 6.714 1.004 0.795 4.475 7.266 6.218 2.027 6.752 3.858 2.156 4.926 4.628 4.771 5.946 5.382 5.901 4.016 4.341 4.034 3.503 5.833 1.256 2.276 4.621 1.567 4.663 6.474 5.253 3.862 3.158 2.743 8.018 3.783 7.035 2.946 3.076 
2.794 4.403 6.033 7.342 4.386 7.607 7.061 3.107 5.831 1.526 4.537 4.608 5.192 8.371 4.445 5.565 3.069 5.197 3.806 3.109 2.331 5.470 3.450 2.667 4.005 8.152 5.895 7.563 5.654 2.310 1.190 5.264 4.415 7.153 5.184 3.808 7.301 0.993 4.020 3.860 7.566 3.653 5.090 6.142 2.558 1.853 3.592 5.623 2.325 2.888 3.478 3.995 2.690 7.546 4.410 4.169 7.156 5.537 5.555 2.166 2.479 3.780 6.106 8.236 5.931 0.280 1.181 3.764 6.484 5.919 2.767 6.542 3.157 2.937 5.097 4.177 4.739 5.185 4.781 5.204 4.468 4.165 3.782 3.674 5.051 1.039 1.611 4.863 2.141 4.983 5.715 4.524 3.136 3.110 3.287 7.246 3.894 6.445 3.021 2.295 
5.896 5.518 0.490 2.055 1.919 1.914 6.401 8.874 5.874 6.090 3.387 7.342 6.428 3.174 3.460 7.476 8.916 5.371 2.671 8.517 5.108 1.073 4.270 7.499 6.176 2.260 7.006 1.807 1.453 8.145 6.612 7.559 3.991 4.393 7.576 6.997 6.198 6.728 7.258 3.818 2.531 6.955 6.218 0.680 8.055 4.624 2.960 0.362 7.871 8.086 3.375 9.141 6.847 3.028 7.393 4.560 3.102 4.950 7.828 5.713 3.457 7.587 1.352 3.136 5.361 5.944 7.056 3.062 5.961 1.732 7.302 2.608 3.301 7.848 4.933 8.472 10.194 6.288 1.542 2.516 6.425 9.368 8.851 4.805 5.348 5.143 6.190 5.306 6.293 5.826 6.605 6.614 3.533 4.015 6.490 5.060 4.494 1.284 8.760 5.104 
2.252 0.980 4.307 6.610 2.761 6.415 2.792 6.163 1.693 5.644 6.027 8.395 1.879 7.733 1.102 9.085 6.400 1.019 4.738 5.378 2.120 3.528 0.985 7.015 1.813 6.402 2.517 6.276 3.311 6.433 5.572 8.928 0.572 3.009 8.883 2.828 2.949 5.357 3.038 5.824 7.066 2.855 1.670 4.266 6.917 2.589 2.003 4.201 5.058 4.854 1.630 5.624 3.309 7.464 3.042 0.222 3.667 7.706 9.238 5.893 3.053 3.557 3.725 7.691 1.579 4.208 5.373 1.742 2.202 5.822 7.049 6.764 2.049 7.308 7.424 4.502 6.820 1.747 3.048 2.209 7.865 5.862 5.326 6.391 0.923 4.508 3.390 7.499 6.195 7.873 2.138 2.124 1.813 5.356 7.102 2.922 6.338 4.120 6.018 2.151 
2.799 3.644 3.987 5.466 2.354 5.651 5.978 5.009 4.861 2.713 3.328 5.218 4.632 6.549 2.807 5.898 5.041 4.180 2.210 4.740 1.918 3.421 2.227 4.190 3.711 6.134 5.370 5.591 3.624 4.350 2.960 5.739 2.975 5.477 5.695 4.065 6.094 2.964 4.333 2.889 5.753 3.955 4.466 4.092 4.444 1.092 1.709 3.586 4.043 4.363 1.766 5.469 3.417 5.850 4.626 3.004 5.237 4.807 6.049 2.771 0.428 4.404 4.067 6.433 4.750 2.073 3.230 1.950 5.389 4.141 4.128 4.902 1.337 4.524 4.455 5.128 6.429 4.564 2.738 3.307 4.678 5.681 5.200 3.264 4.057 1.551 2.499 4.435 3.169 4.758 5.073 4.278 1.455 2.278 3.950 5.720 3.276 4.399 4.900 1.891 
5.165 6.301 5.267 5.629 4.319 6.123 8.646 5.670 7.541 1.790 2.151 2.639 7.265 6.454 5.362 3.221 5.498 6.859 2.252 5.897 4.386 5.046 4.907 2.798 6.248 6.922 8.005 6.144 5.417 4.183 2.605 3.089 5.610 7.886 3.057 6.370 8.738 2.983 6.616 1.397 5.682 6.232 7.110 5.439 3.661 3.554 4.160 4.802 5.104 5.725 4.354 6.816 5.409 5.436 6.969 5.683 7.299 2.711 3.397 1.041 2.840 6.501 5.741 6.284 7.412 3.104 3.460 4.444 8.059 4.136 2.515 4.425 3.903 3.126 2.261 6.998 7.445 7.209 4.546 5.551 2.000 6.971 6.617 0.832 6.737 1.876 4.311 2.018 1.618 2.196 7.727 6.814 4.085 0.910 1.574 8.237 1.114 5.946 5.622 4.351 
2.250 3.145 7.999 10.057 6.205 10.036 5.207 3.469 4.154 5.711 8.245 8.774 2.978 11.189 4.964 9.773 3.866 3.935 7.149 2.422 3.116 7.230 3.889 6.445 2.216 10.209 3.263 9.926 7.132 4.827 5.101 9.450 4.513 6.788 9.363 1.187 5.666 4.663 0.985 7.714 10.435 1.186 3.070 8.008 5.736 3.859 5.163 7.765 2.753 2.033 4.748 2.043 1.585 10.657 1.145 3.886 7.672 9.565 9.731 6.391 5.181 0.547 7.589 11.106 4.680 3.948 4.323 5.071 4.834 8.926 6.684 9.769 4.858 6.584 9.156 0.578 3.184 3.101 6.598 6.125 8.693 2.242 1.819 7.780 3.822 5.114 2.678 8.996 6.311 9.171 3.397 2.134 4.604 7.003 7.482 6.430 7.929 7.992 3.338 3.132 
5.135 3.329 5.886 8.229 5.148 7.765 0.785 8.952 1.916 8.889 8.784 11.587 3.019 9.219 3.665 12.213 9.257 2.444 7.525 8.018 5.293 5.292 4.227 10.254 4.103 7.328 2.789 7.590 4.870 9.534 8.799 12.089 3.397 2.126 12.052 5.029 0.326 8.559 5.092 8.744 8.746 5.144 2.969 5.748 10.101 5.834 4.881 6.035 7.902 7.500 4.649 7.966 6.010 9.326 4.837 3.460 3.696 10.519 12.398 9.117 6.163 5.741 5.029 9.243 1.680 7.413 8.529 4.589 1.198 7.962 10.293 8.895 5.100 10.541 10.306 6.556 9.148 2.915 5.208 3.946 10.994 8.185 7.699 9.441 2.594 7.749 6.436 10.463 9.437 10.885 2.585 3.907 4.925 8.392 10.315 1.369 9.330 5.286 8.805 5.328 
9.162 8.735 3.456 1.519 5.191 1.360 9.203 11.923 8.906 8.675 5.029 8.970 9.598 0.888 6.661 8.700 11.914 8.484 5.121 11.669 8.356 4.238 7.539 9.912 9.433 1.634 10.120 1.486 4.468 10.953 9.341 8.941 7.189 6.823 8.998 10.269 8.896 9.550 10.529 5.746 1.473 10.227 9.389 3.498 10.674 7.811 6.230 3.632 10.981 11.266 6.647 12.345 10.092 2.000 10.658 7.785 5.261 5.812 9.138 8.104 6.552 10.857 4.110 1.078 8.330 8.944 9.940 6.333 8.857 3.010 9.638 2.815 6.556 10.246 6.052 11.735 13.356 9.451 4.809 5.597 7.967 12.567 12.062 6.660 8.483 7.949 9.370 6.564 8.705 7.057 9.715 9.853 6.797 6.279 8.522 7.574 6.277 3.759 11.821 8.350 
3.577 1.836 6.001 8.388 4.771 8.060 0.983 7.272 0.512 7.630 8.204 10.505 1.284 9.468 3.067 11.241 7.594 1.179 6.915 6.312 3.917 5.279 3.122 8.906 2.444 7.830 1.097 7.900 4.940 7.990 7.425 11.063 2.608 3.056 11.012 3.304 1.440 7.136 3.352 8.021 8.879 3.429 1.267 5.909 8.634 4.598 4.168 6.016 6.249 5.800 3.820 6.223 4.351 9.361 3.088 2.356 4.427 9.896 11.373 7.971 5.241 4.002 5.244 9.455 1.016 6.012 7.046 3.891 0.680 7.810 8.990 8.761 4.246 9.169 9.620 4.806 7.401 1.198 4.968 3.835 10.024 6.440 5.960 8.579 1.292 6.549 4.907 9.695 8.212 10.065 0.838 2.178 4.009 7.549 9.191 2.463 8.533 5.587 7.125 3.954 
4.231 5.612 5.760 6.551 4.448 6.955 8.140 4.381 6.962 0.608 3.293 3.117 6.510 7.472 5.090 3.991 4.221 6.291 2.969 4.616 3.566 5.375 4.373 2.017 5.396 7.657 7.239 6.949 5.673 2.968 1.348 3.730 5.221 7.762 3.663 5.357 8.303 1.698 5.586 2.546 6.677 5.209 6.378 5.909 2.609 2.820 3.982 5.305 3.824 4.467 4.049 5.544 4.299 6.520 5.962 5.153 7.432 4.000 4.033 0.570 2.614 5.394 6.065 7.314 6.938 1.909 2.171 4.234 7.550 5.059 1.881 5.499 3.624 2.365 3.547 5.812 6.153 6.476 4.765 5.544 2.852 5.693 5.354 2.121 6.155 0.873 3.201 3.264 0.887 3.354 7.007 5.946 3.728 1.849 1.785 8.002 2.399 6.337 4.331 3.529 
5.736 7.326 7.660 8.155 6.430 8.648 9.948 4.379 8.734 1.568 4.634 2.105 8.137 8.956 7.039 3.214 4.061 8.082 4.721 5.021 5.244 7.327 6.228 0.528 6.950 9.429 8.841 8.665 7.642 2.539 1.817 2.797 7.129 9.731 2.688 6.676 10.152 2.225 6.862 3.900 8.195 6.516 8.032 7.818 1.623 4.618 5.961 7.198 4.319 5.083 6.002 5.972 5.483 7.907 7.265 6.992 9.420 4.632 3.024 1.651 4.599 6.516 8.022 8.782 8.779 3.200 2.563 6.205 9.363 6.663 0.194 6.912 5.589 0.702 4.188 6.679 6.209 8.128 6.737 7.533 2.551 6.050 5.871 3.050 7.940 2.735 4.488 3.720 1.108 3.514 8.658 7.462 5.672 3.412 1.292 9.940 3.434 8.276 4.395 5.206 
6.331 5.185 2.218 4.093 3.086 3.488 4.835 9.993 4.834 8.048 6.026 9.819 5.791 4.926 3.383 10.070 10.140 4.613 5.098 9.383 5.811 2.211 4.577 9.527 6.075 2.894 6.136 3.306 1.854 9.719 8.381 10.109 3.775 2.339 10.114 7.090 4.466 8.370 7.303 6.354 4.610 7.109 5.602 2.024 9.864 5.709 3.836 2.623 8.898 8.882 4.046 9.779 7.405 5.288 7.289 4.393 0.777 7.641 10.392 7.864 5.011 7.809 1.523 4.987 4.198 7.364 8.586 3.713 4.595 4.388 9.401 5.169 4.278 9.872 7.601 8.754 10.948 5.634 2.758 2.296 8.960 10.018 9.479 7.304 4.668 6.939 7.121 7.944 8.389 8.454 5.744 6.322 4.362 6.387 8.820 3.096 7.036 1.421 9.859 5.825 
5.641 6.956 6.259 6.531 5.274 7.058 9.410 5.442 8.264 1.592 2.979 1.777 7.881 7.298 6.213 2.577 5.207 7.586 3.240 5.842 4.945 6.032 5.640 2.053 6.792 7.881 8.615 7.088 6.396 3.765 2.376 2.339 6.416 8.796 2.281 6.774 9.536 2.821 7.002 2.264 6.546 6.625 7.741 6.431 3.061 4.161 5.033 5.794 5.062 5.757 5.184 6.791 5.707 6.239 7.379 6.424 8.266 3.044 2.646 0.859 3.674 6.800 6.727 7.121 8.188 3.302 3.290 5.309 8.820 5.051 1.713 5.249 4.737 2.342 2.586 7.180 7.271 7.839 5.517 6.483 1.445 6.919 6.627 1.376 7.456 2.261 4.612 2.170 1.108 2.104 8.367 7.347 4.891 1.896 0.582 9.113 1.761 6.937 5.419 4.909 
3.339 5.088 7.066 8.310 5.420 8.604 7.780 2.270 6.536 1.700 5.327 4.595 5.764 9.315 5.393 5.647 2.147 5.939 4.734 2.559 3.103 6.505 4.329 2.213 4.541 9.171 6.424 8.565 6.686 1.286 0.920 5.285 5.312 8.079 5.190 4.113 8.062 0.464 4.277 4.607 8.510 3.951 5.692 7.176 1.731 2.797 4.604 6.652 1.784 2.509 4.462 3.510 2.892 8.447 4.684 4.997 8.157 6.112 5.551 2.498 3.514 3.892 7.140 9.173 6.709 1.078 0.156 4.762 7.219 6.863 2.442 7.433 4.165 2.388 5.656 4.053 4.040 5.781 5.816 6.207 4.680 3.635 3.357 4.234 5.790 1.886 2.012 5.345 2.211 5.370 6.298 5.003 4.123 3.871 3.372 8.122 4.515 7.481 2.215 3.070 
3.069 4.752 6.504 7.762 4.867 8.047 7.430 2.743 6.192 1.458 4.847 4.507 5.493 8.777 4.904 5.514 2.663 5.573 4.198 2.877 2.709 5.948 3.881 2.355 4.285 8.609 6.179 8.007 6.134 1.829 0.881 5.183 4.854 7.605 5.095 3.981 7.688 0.558 4.172 4.143 7.971 3.821 5.405 6.615 2.118 2.305 4.071 6.090 2.084 2.731 3.949 3.802 2.802 7.925 4.572 4.580 7.633 5.731 5.463 2.204 2.955 3.862 6.585 8.637 6.324 0.593 0.703 4.239 6.859 6.324 2.509 6.914 3.635 2.593 5.281 4.153 4.449 5.497 5.260 5.681 4.473 3.952 3.615 3.853 5.425 1.362 1.792 5.006 2.046 5.078 6.023 4.781 3.607 3.398 3.221 7.680 4.106 6.924 2.671 2.674 
8.672 8.344 3.085 0.904 4.734 1.009 8.984 11.332 8.607 8.037 4.373 8.320 9.237 0.487 6.277 8.066 11.313 8.149 4.494 11.105 7.849 3.853 7.092 9.263 9.005 1.680 9.788 1.181 4.133 10.328 8.711 8.301 6.808 6.684 8.356 9.808 8.707 8.930 10.071 5.092 0.821 9.758 9.027 3.158 10.033 7.271 5.757 3.193 10.406 10.713 6.182 11.802 9.577 1.412 10.217 7.387 5.149 5.181 8.502 7.456 5.991 10.374 3.823 0.606 8.052 8.351 9.326 5.881 8.606 2.371 8.986 2.165 6.060 9.595 5.410 11.238 12.794 9.093 4.372 5.260 7.317 12.021 11.521 6.004 8.138 7.332 8.822 5.919 8.058 6.416 9.384 9.444 6.310 5.632 7.867 7.423 5.621 3.507 11.233 7.841 
5.273 4.506 1.004 3.369 1.578 3.000 5.013 8.699 4.610 6.503 4.543 8.252 5.317 4.416 2.456 8.535 8.809 4.187 3.542 8.183 4.618 0.645 3.520 7.977 5.287 2.877 5.821 2.841 0.310 8.272 6.875 8.559 2.961 2.936 8.560 6.219 4.778 6.895 6.461 4.814 3.879 6.207 5.110 0.870 8.358 4.364 2.484 1.233 7.629 7.706 2.790 8.681 6.312 4.443 6.528 3.584 1.739 6.214 8.845 6.294 3.510 6.884 0.199 4.416 4.049 5.941 7.144 2.441 4.610 3.171 7.840 4.064 2.917 8.323 6.132 7.812 9.809 5.167 1.207 1.320 7.408 8.917 8.382 5.748 4.191 5.416 5.865 6.444 6.826 6.945 5.415 5.649 3.061 4.816 7.244 3.605 5.493 0.600 8.572 4.625 
7.516 7.619 3.043 1.488 3.982 2.209 8.885 9.642 8.230 6.099 2.290 6.178 8.602 2.036 5.694 5.950 9.572 7.659 2.743 9.554 6.635 3.566 6.188 7.230 8.102 3.203 9.250 2.328 3.995 8.459 6.830 6.169 6.203 6.962 6.222 8.744 8.719 7.101 9.015 3.037 1.320 8.664 8.396 3.214 8.067 5.922 4.821 2.826 8.808 9.219 5.254 10.337 8.281 1.019 9.233 6.679 5.634 3.084 6.378 5.453 4.588 9.204 3.918 1.858 7.778 6.687 7.530 5.031 8.409 0.919 6.934 0.040 4.994 7.553 3.280 9.989 11.231 8.478 3.762 4.959 5.176 10.541 10.075 3.898 7.609 5.549 7.385 3.783 6.047 4.286 8.863 8.611 5.271 3.658 5.761 7.623 3.513 3.789 9.557 6.619 
7.152 6.591 1.353 1.534 3.173 0.935 7.056 10.221 6.729 7.382 4.322 8.384 7.432 2.391 4.519 8.388 10.264 6.310 3.871 9.849 6.397 2.124 5.466 8.762 7.324 0.911 7.945 0.757 2.304 9.482 7.934 8.525 5.041 4.751 8.555 8.202 6.771 8.064 8.455 4.881 2.045 8.171 7.224 1.353 9.363 5.953 4.223 1.656 9.213 9.411 4.615 10.452 8.135 2.741 8.558 5.648 3.231 5.664 8.774 6.957 4.806 8.824 1.933 2.432 6.156 7.293 8.399 4.283 6.693 2.266 8.545 2.806 4.594 9.110 5.744 9.727 11.521 7.284 2.763 3.428 7.425 10.682 10.160 5.873 6.312 6.471 7.517 6.181 7.548 6.706 7.539 7.721 4.809 5.196 7.644 5.488 5.529 1.587 10.107 6.396 
6.696 8.134 7.543 7.623 6.603 8.200 10.654 5.761 9.483 2.415 4.052 0.723 9.021 8.292 7.514 1.823 5.451 8.810 4.515 6.359 6.079 7.347 6.881 1.921 7.885 9.066 9.747 8.245 7.718 3.930 2.982 1.419 7.694 10.118 1.317 7.748 10.801 3.431 7.956 3.415 7.578 7.592 8.894 7.719 3.011 5.343 6.346 7.079 5.629 6.379 6.479 7.315 6.604 7.188 8.348 7.664 9.594 3.591 1.672 1.973 4.979 7.674 8.040 8.107 9.442 4.216 3.834 6.619 10.063 6.180 1.562 6.246 6.036 2.036 3.192 7.927 7.596 8.992 6.844 7.812 1.300 7.405 7.197 2.430 8.676 3.395 5.547 2.675 1.799 2.343 9.524 8.425 6.176 3.181 0.773 10.421 2.797 8.238 5.772 6.041 
3.660 5.424 7.392 8.585 5.763 8.897 8.117 2.142 6.872 1.774 5.526 4.509 6.078 9.576 5.754 5.584 1.959 6.281 4.995 2.577 3.455 6.843 4.688 2.021 4.852 9.482 6.728 8.863 7.031 0.933 0.950 5.205 5.671 8.439 5.105 4.380 8.405 0.571 4.530 4.793 8.772 4.217 6.012 7.506 1.411 3.158 4.959 6.974 1.842 2.601 4.821 3.535 3.151 8.687 4.938 5.352 8.515 6.223 5.459 2.578 3.849 4.112 7.482 9.430 7.055 1.437 0.205 5.120 7.559 7.127 2.290 7.669 4.521 2.154 5.763 4.202 3.959 6.100 6.156 6.564 4.672 3.639 3.409 4.354 6.132 2.151 2.329 5.426 2.215 5.417 6.613 5.301 4.482 4.069 3.340 8.479 4.654 7.820 2.109 3.423 
3.314 2.715 2.590 4.848 1.018 4.686 4.059 6.854 3.249 5.221 4.556 7.540 3.645 5.976 0.696 8.062 6.999 2.661 3.288 6.272 2.693 1.809 1.564 6.696 3.396 4.767 4.262 4.556 1.687 6.639 5.412 7.981 1.212 2.998 7.956 4.283 4.019 5.338 4.532 4.510 5.300 4.262 3.436 2.577 6.879 2.583 0.800 2.443 5.763 5.783 0.907 6.734 4.360 5.701 4.629 1.756 2.804 6.287 8.286 5.228 2.168 4.932 2.151 5.929 2.862 4.275 5.507 0.592 3.521 4.080 6.635 5.028 1.206 7.027 6.067 5.856 7.875 3.511 1.281 0.857 6.854 6.971 6.434 5.250 2.613 4.055 3.985 6.231 5.666 6.665 3.870 3.814 1.235 4.206 6.349 3.338 5.112 2.553 6.721 2.704 
4.171 5.969 8.758 10.088 7.046 10.366 8.608 0.804 7.379 3.300 7.085 5.714 6.409 11.100 6.751 6.822 0.452 6.874 6.518 1.730 4.288 8.155 5.589 3.083 5.215 10.903 6.959 10.322 8.293 1.070 2.480 6.405 6.565 9.332 6.296 4.465 8.964 2.130 4.528 6.351 10.294 4.314 6.393 8.857 2.045 4.261 6.144 8.361 1.424 2.064 5.928 2.562 3.311 10.230 4.915 6.133 9.615 7.742 6.625 4.094 5.199 3.960 8.759 10.958 7.682 2.702 1.683 6.256 8.094 8.647 3.436 9.215 5.702 3.052 7.281 3.691 2.602 6.467 7.455 7.691 6.040 2.576 2.561 5.887 6.726 3.671 2.964 6.918 3.660 6.865 6.933 5.543 5.607 5.627 4.694 9.259 6.198 9.118 0.867 4.264 
5.948 7.530 7.766 8.200 6.570 8.707 10.147 4.568 8.935 1.755 4.660 1.928 8.347 8.981 7.214 3.040 4.244 8.281 4.804 5.227 5.448 7.450 6.419 0.711 7.162 9.503 9.052 8.729 7.773 2.722 2.034 2.614 7.313 9.900 2.504 6.894 10.346 2.443 7.079 3.936 8.226 6.733 8.241 7.927 1.784 4.813 6.124 7.302 4.529 5.295 6.175 6.175 5.701 7.921 7.482 7.185 9.565 4.577 2.833 1.766 4.758 6.733 8.146 8.804 8.973 3.412 2.779 6.373 9.561 6.713 0.411 6.932 5.758 0.811 4.139 6.894 6.394 8.336 6.870 7.688 2.437 6.251 6.078 3.056 8.139 2.915 4.704 3.659 1.258 3.425 8.867 7.675 5.847 3.482 1.240 10.119 3.442 8.394 4.588 5.411 
4.019 4.180 2.327 3.850 1.064 3.975 5.911 6.700 5.019 4.057 2.696 5.889 5.189 4.963 2.496 6.302 6.735 4.380 1.423 6.388 3.155 1.870 2.702 5.520 4.593 4.441 5.878 3.907 2.184 5.986 4.494 6.264 2.923 4.700 6.251 5.231 5.883 4.575 5.502 2.665 4.188 5.156 4.989 2.451 5.963 2.532 1.382 1.905 5.717 5.981 1.790 7.064 4.858 4.393 5.714 3.284 4.035 4.423 6.563 3.826 1.283 5.720 2.561 4.865 4.696 3.763 4.885 1.645 5.361 2.664 5.374 3.541 1.481 5.868 4.204 6.544 8.074 5.078 1.288 2.336 5.118 7.284 6.783 3.473 4.301 3.019 4.086 4.386 4.359 4.836 5.513 5.114 1.759 2.459 4.808 5.141 3.293 2.838 6.590 3.143 
4.243 5.583 5.608 6.384 4.318 6.790 8.089 4.523 6.919 0.775 3.132 3.134 6.494 7.305 5.002 3.974 4.370 6.245 2.803 4.734 3.553 5.232 4.317 2.165 5.395 7.494 7.226 6.784 5.536 3.131 1.508 3.730 5.148 7.663 3.667 5.389 8.242 1.845 5.622 2.388 6.510 5.242 6.358 5.758 2.775 2.787 3.880 5.151 3.941 4.571 3.962 5.656 4.352 6.355 5.993 5.099 7.307 3.875 4.035 0.592 2.507 5.448 5.924 7.147 6.880 1.982 2.315 4.136 7.498 4.892 2.014 5.334 3.531 2.514 3.424 5.889 6.286 6.456 4.629 5.430 2.815 5.809 5.461 1.996 6.111 0.863 3.252 3.158 1.006 3.270 6.985 5.949 3.645 1.685 1.811 7.915 2.261 6.192 4.469 3.516 
1.236 2.870 6.939 8.839 5.113 8.894 5.430 2.816 4.221 4.228 6.787 7.306 3.207 9.958 4.181 8.285 3.127 3.778 5.742 1.928 1.889 6.202 2.990 5.077 2.035 9.173 3.761 8.800 6.183 3.684 3.669 7.973 3.835 6.456 7.889 1.293 5.811 3.251 1.419 6.229 9.183 1.133 3.200 6.977 4.494 2.488 4.066 6.650 1.785 1.401 3.696 2.220 0.158 9.347 1.827 3.277 7.055 8.063 8.259 4.887 3.820 1.058 6.656 9.860 4.589 2.444 2.972 4.041 4.939 7.620 5.283 8.423 3.695 5.253 7.650 1.597 3.387 3.271 5.527 5.298 7.189 2.458 1.920 6.267 3.636 3.598 1.163 7.483 4.835 7.656 3.730 2.339 3.477 5.509 5.999 6.260 6.423 7.054 2.668 1.892 
5.144 6.000 4.255 4.587 3.494 5.067 8.144 6.339 7.117 2.645 1.250 3.512 7.003 5.450 4.759 3.870 6.221 6.441 1.227 6.417 4.288 4.099 4.525 3.823 6.105 5.863 7.737 5.086 4.496 5.023 3.397 3.841 5.085 7.129 3.834 6.400 8.180 3.705 6.662 0.556 4.666 6.278 6.829 4.432 4.614 3.440 3.545 3.792 5.634 6.170 3.822 7.289 5.591 4.471 6.979 5.266 6.411 2.424 4.136 2.015 2.392 6.650 4.784 5.286 6.906 3.518 4.159 3.837 7.567 3.090 3.559 3.451 3.382 4.159 2.061 7.263 8.040 6.926 3.663 4.767 2.691 7.467 7.060 1.041 6.333 2.271 4.535 2.076 2.615 2.464 7.423 6.672 3.611 0.208 2.603 7.546 0.915 4.961 6.272 4.258 
2.939 2.871 2.888 4.894 1.060 4.868 4.704 6.170 3.741 4.330 3.953 6.686 3.877 6.030 1.313 7.249 6.282 3.087 2.663 5.677 2.165 2.166 1.416 5.807 3.339 5.122 4.565 4.765 2.224 5.819 4.541 7.147 1.657 3.882 7.117 4.070 4.731 4.489 4.336 3.799 5.294 4.016 3.677 2.933 6.015 1.835 0.099 2.605 5.103 5.215 0.483 6.231 3.902 5.589 4.508 1.973 3.647 5.649 7.455 4.341 1.279 4.634 2.698 5.956 3.470 3.461 4.686 0.388 4.135 3.884 5.743 4.798 0.387 6.139 5.388 5.514 7.326 3.765 1.477 1.701 6.033 6.463 5.936 4.463 3.001 3.166 3.347 5.504 4.774 5.913 4.202 3.838 0.577 3.415 5.475 4.180 4.360 3.077 6.043 2.165 
1.838 2.733 4.368 6.140 2.568 6.230 5.210 4.617 4.037 3.216 4.297 6.003 3.694 7.255 2.359 6.759 4.727 3.362 3.130 4.165 0.948 3.690 1.450 4.617 2.732 6.590 4.434 6.147 3.778 4.335 3.219 6.566 2.361 5.069 6.513 3.102 5.382 3.079 3.372 3.873 6.476 3.000 3.538 4.436 4.643 0.280 1.608 4.030 3.559 3.727 1.411 4.788 2.573 6.646 3.652 2.224 5.112 5.790 6.874 3.475 1.147 3.491 4.250 7.155 4.012 1.976 3.208 1.724 4.620 4.917 4.629 5.738 1.169 4.924 5.434 4.272 5.836 3.637 2.988 3.169 5.549 5.013 4.503 4.212 3.229 2.075 1.832 5.400 3.761 5.703 4.157 3.299 1.077 3.251 4.692 5.193 4.246 4.624 4.491 0.924 
7.111 8.319 6.770 6.485 6.153 7.119 10.661 6.888 9.563 3.121 3.013 1.132 9.276 7.046 7.343 1.218 6.622 8.882 3.816 7.349 6.371 6.713 6.929 3.202 8.231 8.040 10.015 7.187 7.127 5.129 3.876 1.207 7.615 9.783 1.224 8.275 10.740 4.330 8.509 2.551 6.377 8.129 9.124 6.958 4.297 5.554 6.130 6.320 6.578 7.284 6.353 8.303 7.231 5.919 8.879 7.704 9.052 2.184 1.488 2.391 4.847 8.326 7.383 6.856 9.425 4.834 4.788 6.419 10.075 5.120 2.825 5.033 5.902 3.391 1.829 8.717 8.728 9.223 6.315 7.423 0.154 8.422 8.148 1.621 8.760 3.737 6.133 1.302 2.584 0.898 9.744 8.794 6.096 2.642 1.479 10.181 1.870 7.521 6.877 6.335 
3.645 1.998 6.408 8.793 5.142 8.473 1.191 7.219 0.882 7.794 8.528 10.713 1.239 9.877 3.430 11.475 7.556 1.491 7.239 6.235 4.071 5.681 3.384 9.032 2.461 8.249 0.817 8.314 5.349 8.030 7.547 11.285 2.953 3.453 11.230 3.223 1.692 7.239 3.238 8.319 9.282 3.359 1.292 6.319 8.712 4.794 4.497 6.414 6.225 5.733 4.133 6.084 4.335 9.757 2.936 2.642 4.843 10.207 11.593 8.170 5.516 3.884 5.658 9.863 1.435 6.133 7.122 4.226 1.053 8.192 9.132 9.142 4.546 9.285 9.920 4.639 7.246 1.203 5.352 4.238 10.262 6.294 5.831 8.847 1.580 6.738 4.975 9.979 8.384 10.337 0.711 2.107 4.300 7.825 9.391 2.833 8.815 6.003 7.073 4.108 
7.825 7.429 2.156 0.645 3.857 0.109 8.049 10.641 7.668 7.520 4.080 8.134 8.310 1.373 5.357 8.006 10.647 7.216 3.944 10.358 7.022 2.931 6.209 8.820 8.109 1.101 8.855 0.284 3.197 9.742 8.146 8.193 5.888 5.772 8.237 8.936 7.777 8.329 9.197 4.738 1.085 8.892 8.101 2.222 9.520 6.488 4.894 2.300 9.681 9.947 5.312 11.021 8.759 1.815 9.330 6.474 4.255 5.175 8.419 7.002 5.246 9.521 2.884 1.409 7.112 7.670 8.702 5.000 7.668 1.951 8.569 2.146 5.220 9.161 5.330 10.399 12.044 8.166 3.479 4.325 7.145 11.245 10.736 5.703 7.207 6.723 8.050 5.809 7.604 6.326 8.451 8.538 5.461 5.185 7.541 6.506 5.333 2.572 10.536 7.016 
4.650 6.013 5.899 6.536 4.682 6.979 8.521 4.659 7.352 0.751 3.159 2.707 6.919 7.416 5.422 3.572 4.471 6.678 3.005 4.955 3.976 5.560 4.750 1.899 5.811 7.720 7.650 6.983 5.881 3.139 1.574 3.313 5.577 8.072 3.247 5.776 8.673 1.976 6.004 2.402 6.630 5.627 6.785 6.055 2.650 3.218 4.287 5.438 4.166 4.831 4.382 5.893 4.712 6.428 6.381 5.532 7.680 3.703 3.616 0.159 2.912 5.806 6.256 7.252 7.312 2.313 2.455 4.548 7.931 5.039 1.693 5.411 3.948 2.245 3.244 6.207 6.457 6.883 4.977 5.820 2.438 6.034 5.712 1.837 6.544 1.282 3.615 2.926 0.683 2.979 7.413 6.363 4.069 1.771 1.380 8.335 2.153 6.509 4.618 3.939 
1.560 3.346 6.875 8.635 5.056 8.749 5.987 2.372 4.755 3.551 6.343 6.618 3.815 9.736 4.356 7.613 2.621 4.253 5.378 1.683 1.897 6.170 3.153 4.358 2.603 9.103 4.411 8.667 6.204 3.000 2.960 7.291 4.082 6.799 7.204 1.991 6.339 2.537 2.135 5.743 8.947 1.829 3.784 6.932 3.783 2.263 4.035 6.549 1.268 1.211 3.714 2.274 0.760 9.059 2.543 3.586 7.256 7.529 7.573 4.238 3.548 1.756 6.681 9.627 5.063 1.802 2.252 4.062 5.469 7.347 4.569 8.104 3.626 4.533 7.103 2.110 3.323 3.863 5.476 5.413 6.539 2.495 1.996 5.699 4.106 3.017 0.710 6.906 4.151 7.051 4.347 2.979 3.447 5.006 5.322 6.673 5.881 7.070 2.227 1.886 
4.582 4.777 2.205 3.377 1.462 3.584 6.445 7.076 5.589 4.148 2.188 5.664 5.785 4.468 3.046 5.983 7.081 4.958 0.987 6.828 3.708 1.948 3.301 5.570 5.188 4.155 6.470 3.538 2.342 6.228 4.676 5.985 3.494 5.086 5.982 5.807 6.393 4.810 6.079 2.277 3.678 5.728 5.585 2.363 6.113 3.035 1.974 1.745 6.130 6.443 2.386 7.541 5.385 3.836 6.300 3.876 4.263 3.925 6.275 3.805 1.722 6.277 2.639 4.358 5.242 4.103 5.159 2.227 5.905 2.105 5.387 2.958 2.077 5.919 3.743 7.083 8.517 5.672 1.538 2.735 4.832 7.756 7.265 3.172 4.883 3.213 4.560 3.974 4.373 4.449 6.102 5.711 2.355 2.228 4.676 5.578 2.941 2.845 6.972 3.693 
3.434 4.492 4.447 5.572 3.021 5.868 6.877 4.888 5.748 1.943 2.873 4.315 5.458 6.591 3.696 5.012 4.845 5.067 2.025 4.811 2.610 3.993 3.115 3.424 4.464 6.471 6.198 5.835 4.264 3.914 2.369 4.842 3.878 6.339 4.796 4.677 6.997 2.496 4.935 2.290 5.786 4.550 5.302 4.581 3.830 1.765 2.554 4.008 4.051 4.512 2.658 5.637 3.848 5.768 5.264 3.896 5.994 4.152 5.151 1.885 1.179 4.907 4.674 6.454 5.651 1.924 2.861 2.815 6.287 4.139 3.318 4.770 2.219 3.767 3.761 5.526 6.476 5.400 3.356 4.103 3.796 5.828 5.392 2.467 4.942 0.898 2.802 3.673 2.327 3.950 5.919 5.032 2.356 1.581 3.049 6.607 2.543 4.968 4.799 2.577 
4.208 3.554 1.726 4.057 0.767 3.834 4.505 7.656 3.883 5.681 4.340 7.715 4.435 5.169 1.480 8.122 7.778 3.368 3.160 7.120 3.551 0.949 2.464 7.165 4.281 3.870 5.003 3.696 0.787 7.308 5.976 8.092 2.009 2.910 8.080 5.183 4.369 5.958 5.430 4.445 4.533 5.163 4.225 1.693 7.459 3.331 1.444 1.655 6.578 6.640 1.723 7.612 5.244 4.993 5.518 2.606 2.251 6.072 8.390 5.568 2.614 5.833 1.257 5.137 3.398 4.956 6.175 1.375 4.024 3.471 7.062 4.419 1.884 7.506 5.914 6.756 8.741 4.292 0.675 0.592 6.944 7.848 7.313 5.294 3.346 4.549 4.808 6.149 6.061 6.620 4.602 4.677 2.006 4.288 6.609 3.426 5.096 1.656 7.526 3.558 
1.319 0.502 5.267 7.487 3.576 7.360 3.194 5.217 1.949 5.322 6.431 8.262 1.381 8.621 2.108 9.059 5.490 1.386 5.174 4.365 1.599 4.485 1.259 6.575 0.724 7.424 2.120 7.232 4.324 5.714 5.093 8.848 1.626 4.034 8.790 1.710 3.500 4.806 1.926 6.105 7.916 1.738 1.231 5.249 6.317 2.350 2.629 5.103 4.132 3.837 2.194 4.540 2.291 8.251 1.964 0.995 4.784 8.023 9.156 5.714 3.267 2.440 4.762 8.563 2.193 3.681 4.732 2.443 2.641 6.556 6.665 7.473 2.485 6.837 7.693 3.384 5.742 1.330 3.924 3.264 7.855 4.777 4.245 6.518 1.238 4.278 2.615 7.692 5.914 8.010 1.858 1.166 2.207 5.533 6.934 3.825 6.531 5.163 5.069 1.637 
2.553 4.323 7.702 9.330 5.905 9.499 6.935 1.378 5.714 3.480 6.758 6.416 4.724 10.407 5.323 7.471 1.633 5.233 5.925 0.888 2.844 7.026 4.126 3.950 3.538 9.915 5.274 9.430 7.093 2.270 2.741 7.108 5.068 7.793 7.011 2.785 7.302 2.284 2.863 6.096 9.608 2.632 4.712 7.773 3.179 3.062 4.913 7.351 0.275 0.687 4.624 1.757 1.628 9.659 3.259 4.580 8.222 7.765 7.371 4.251 4.248 2.331 7.569 10.286 6.045 2.026 1.865 4.969 6.431 7.979 4.222 8.676 4.488 4.057 7.320 2.278 2.570 4.786 6.325 6.354 6.489 1.924 1.562 5.892 5.087 3.277 1.533 7.057 4.025 7.129 5.248 3.857 4.336 5.346 5.193 7.666 6.127 7.950 1.234 2.828 
3.739 2.393 3.352 5.741 2.369 5.406 2.710 7.604 2.206 6.551 6.008 9.006 3.019 6.814 1.075 9.550 7.815 1.846 4.757 6.865 3.435 2.651 2.136 8.000 3.302 5.214 3.448 5.247 2.290 7.693 6.636 9.461 1.161 1.649 9.434 4.337 2.587 6.496 4.535 5.997 6.238 4.372 2.822 3.255 8.062 3.652 2.221 3.398 6.494 6.344 2.111 7.143 4.810 6.746 4.499 1.692 2.157 7.744 9.768 6.637 3.584 5.073 2.592 6.804 1.648 5.371 6.588 1.944 2.242 5.265 7.975 6.211 2.536 8.319 7.541 6.017 8.336 2.863 2.451 1.219 8.339 7.382 6.844 6.742 1.884 5.379 4.764 7.718 7.037 8.156 3.044 3.524 2.441 5.697 7.789 1.860 6.603 2.945 7.461 3.460 
7.710 9.120 8.167 7.973 7.388 8.603 11.607 6.681 10.451 3.435 4.477 0.440 10.020 8.527 8.408 1.064 6.350 9.774 5.161 7.329 7.076 8.047 7.834 2.825 8.894 9.516 10.748 8.668 8.442 4.831 3.994 0.605 8.617 10.963 0.489 8.769 11.737 4.440 8.977 3.950 7.864 8.613 9.889 8.350 3.870 6.324 7.219 7.709 6.613 7.371 7.382 8.281 7.626 7.395 9.370 8.618 10.348 3.609 0.737 2.948 5.870 8.694 8.731 8.336 10.387 5.238 4.830 7.499 11.016 6.598 2.497 6.521 6.935 2.862 3.295 8.934 8.502 9.987 7.594 8.628 1.379 8.361 8.174 2.965 9.643 4.384 6.569 2.774 2.820 2.307 10.518 9.437 7.092 3.882 1.727 11.301 3.278 8.897 6.702 7.039 
8.225 9.628 8.536 8.225 7.824 8.875 12.103 7.141 10.952 3.951 4.790 0.916 10.532 8.722 8.884 0.941 6.802 10.275 5.553 7.812 7.588 8.449 8.332 3.295 9.408 9.806 11.261 8.948 8.852 5.288 4.502 0.605 9.104 11.418 0.557 9.285 12.227 4.945 9.492 4.313 8.087 9.129 10.399 8.722 4.314 6.831 7.690 8.083 7.105 7.865 7.863 8.762 8.140 7.584 9.885 9.115 10.768 3.759 0.481 3.457 6.348 9.206 9.128 8.529 10.880 5.753 5.328 7.972 11.512 6.887 2.981 6.747 7.414 3.304 3.495 9.438 8.953 10.498 8.017 9.074 1.700 8.837 8.661 3.347 10.144 4.894 7.084 2.991 3.336 2.489 11.028 9.952 7.577 4.305 2.237 11.770 3.632 9.279 7.167 7.551 
3.703 2.846 2.463 4.816 1.273 4.569 3.784 7.348 3.121 5.775 4.918 8.049 3.692 5.923 0.796 8.539 7.506 2.609 3.679 6.729 3.157 1.700 1.938 7.251 3.626 4.537 4.246 4.425 1.446 7.182 5.967 8.473 1.298 2.476 8.451 4.576 3.683 5.890 4.812 4.935 5.294 4.572 3.483 2.409 7.434 3.116 1.354 2.417 6.249 6.230 1.438 7.147 4.769 5.754 4.867 1.920 2.265 6.656 8.777 5.767 2.713 5.259 1.863 5.894 2.648 4.820 6.052 1.143 3.284 4.213 7.187 5.163 1.762 7.582 6.462 6.196 8.305 3.547 1.374 0.372 7.338 7.386 6.847 5.716 2.591 4.610 4.472 6.655 6.213 7.104 3.843 3.986 1.775 4.680 6.875 2.873 5.557 2.262 7.212 3.171 
1.695 1.380 6.594 8.821 4.910 8.691 3.385 4.916 2.278 5.977 7.618 9.029 1.121 9.956 3.410 9.911 5.259 2.071 6.392 3.929 2.455 5.812 2.574 7.052 0.654 8.732 1.590 8.561 5.634 5.835 5.581 9.656 2.901 4.929 9.586 0.917 3.821 5.216 0.952 7.227 9.249 1.058 1.192 6.570 6.593 3.303 3.947 6.437 3.944 3.428 3.511 3.826 2.085 9.574 0.758 2.278 5.911 9.145 9.957 6.496 4.429 1.601 6.061 9.897 2.799 4.200 5.022 3.773 2.971 7.870 7.207 8.778 3.765 7.269 8.788 2.446 5.014 1.231 5.258 4.549 8.738 4.047 3.560 7.532 1.969 5.073 2.911 8.735 6.591 9.009 1.601 0.254 3.487 6.601 7.694 4.550 7.591 6.458 4.770 2.488 
1.288 0.589 5.606 7.826 3.915 7.700 3.204 5.097 1.966 5.454 6.722 8.433 1.196 8.961 2.439 9.255 5.389 1.490 5.473 4.207 1.751 4.824 1.589 6.663 0.397 7.758 1.923 7.572 4.658 5.703 5.178 9.032 1.947 4.249 8.970 1.426 3.549 4.867 1.624 6.375 8.255 1.474 1.086 5.587 6.349 2.551 2.961 5.443 4.031 3.680 2.525 4.320 2.151 8.585 1.635 1.316 5.069 8.296 9.338 5.884 3.545 2.171 5.094 8.902 2.301 3.763 4.760 2.780 2.679 6.887 6.771 7.801 2.802 6.913 7.958 3.110 5.525 1.180 4.263 3.591 8.058 4.555 4.030 6.757 1.350 4.445 2.618 7.941 6.055 8.247 1.711 0.835 2.523 5.786 7.101 3.991 6.784 5.494 4.949 1.788 
6.512 8.059 7.982 8.242 6.894 8.787 10.651 5.152 9.450 2.258 4.670 1.410 8.896 8.962 7.643 2.513 4.817 8.790 4.975 5.831 5.979 7.719 6.902 1.307 7.722 9.620 9.607 8.821 8.064 3.300 2.626 2.071 7.771 10.306 1.956 7.482 10.834 3.044 7.671 3.985 8.229 7.322 8.785 8.151 2.335 5.311 6.521 7.517 5.137 5.904 6.602 6.777 6.296 7.874 8.073 7.676 9.896 4.360 2.266 2.088 5.146 7.335 8.416 8.780 9.464 3.981 3.387 6.779 10.063 6.774 1.019 6.910 6.174 1.328 3.946 7.503 6.969 8.881 7.170 8.052 2.095 6.849 6.684 3.037 8.650 3.379 5.286 3.438 1.692 3.132 9.413 8.242 6.282 3.632 1.181 10.555 3.420 8.643 5.177 5.942 
5.642 4.632 1.647 3.828 2.282 3.330 4.680 9.236 4.478 7.244 5.345 9.062 5.331 4.785 2.708 9.348 9.372 4.160 4.355 8.655 5.076 1.458 3.877 8.724 5.486 2.957 5.751 3.155 1.064 8.924 7.576 9.372 3.149 2.367 9.373 6.474 4.378 7.569 6.699 5.627 4.350 6.481 5.132 1.466 9.060 4.932 3.050 1.982 8.148 8.161 3.283 9.086 6.708 4.976 6.717 3.779 0.967 7.002 9.658 7.068 4.206 7.175 0.817 4.815 3.867 6.571 7.791 2.944 4.352 3.866 8.600 4.716 3.492 9.068 6.932 8.116 10.242 5.176 1.960 1.569 8.220 9.325 8.786 6.561 4.194 6.134 6.371 7.252 7.590 7.755 5.349 5.781 3.590 5.623 8.040 3.094 6.306 0.896 9.104 5.088 
1.298 1.463 6.506 8.681 4.773 8.587 3.736 4.523 2.578 5.560 7.323 8.619 1.478 9.818 3.369 9.513 4.857 2.273 6.118 3.554 2.109 5.725 2.416 6.620 0.546 8.678 2.012 8.464 5.580 5.403 5.151 9.252 2.886 5.114 9.180 0.559 4.151 4.783 0.698 6.905 9.095 0.671 1.505 6.495 6.157 2.958 3.775 6.320 3.531 3.044 3.341 3.521 1.657 9.391 0.712 2.254 6.000 8.818 9.551 6.093 4.139 1.304 6.021 9.751 3.047 3.776 4.586 3.628 3.288 7.675 6.777 8.569 3.553 6.834 8.452 2.214 4.720 1.562 5.140 4.526 8.347 3.749 3.243 7.174 2.153 4.678 2.479 8.383 6.174 8.644 1.988 0.591 3.278 6.262 7.285 4.787 7.247 6.422 4.376 2.139 
1.230 2.359 6.994 9.037 5.192 9.021 4.746 3.525 3.582 5.006 7.280 8.089 2.486 10.169 4.012 9.044 3.870 3.230 6.158 2.545 2.103 6.229 2.897 5.914 1.435 9.211 2.974 8.913 6.147 4.526 4.487 8.748 3.589 6.026 8.667 0.475 5.159 4.081 0.570 6.776 9.414 0.339 2.515 7.008 5.343 2.871 4.148 6.752 2.569 2.038 3.737 2.548 0.818 9.640 0.978 2.977 6.793 8.652 9.038 5.627 4.180 0.479 6.609 10.085 4.023 3.204 3.817 4.064 4.294 7.909 6.110 8.757 3.838 6.096 8.255 1.399 3.752 2.573 5.589 5.168 7.923 2.781 2.261 6.906 3.099 4.280 1.875 8.125 5.618 8.331 2.987 1.594 3.585 6.081 6.770 5.748 7.030 7.012 3.379 2.120 
0.322 1.485 5.657 7.723 3.859 7.690 4.167 4.234 2.923 4.536 6.187 7.558 2.140 8.857 2.716 8.420 4.498 2.384 4.998 3.420 0.961 4.891 1.566 5.703 0.955 7.874 2.838 7.580 4.815 4.734 4.218 8.175 2.339 4.960 8.108 1.255 4.490 3.897 1.527 5.758 8.112 1.188 2.053 5.671 5.373 1.811 2.819 5.419 3.142 2.895 2.403 3.694 1.350 8.365 1.768 1.772 5.563 7.671 8.478 5.015 3.011 1.814 5.280 8.779 3.191 2.807 3.783 2.727 3.626 6.638 5.823 7.510 2.530 5.947 7.304 2.728 4.880 2.145 4.253 3.860 7.241 3.933 3.394 6.033 2.235 3.585 1.642 7.240 5.144 7.508 2.669 1.501 2.268 5.115 6.222 4.800 6.101 5.682 4.088 0.992 
0.815 1.734 4.993 6.997 3.174 6.993 4.380 4.447 3.149 4.069 5.436 7.013 2.614 8.129 2.258 7.826 4.653 2.517 4.237 3.764 0.351 4.243 1.055 5.346 1.580 7.223 3.348 6.889 4.211 4.639 3.872 7.606 2.000 4.759 7.545 2.014 4.632 3.614 2.286 5.028 7.376 1.935 2.480 5.021 5.156 1.126 2.124 4.729 3.337 3.260 1.733 4.189 1.817 7.614 2.530 1.576 5.158 6.946 7.912 4.463 2.253 2.517 4.683 8.046 3.270 2.471 3.593 2.075 3.804 5.885 5.423 6.751 1.798 5.619 6.589 3.390 5.335 2.578 3.581 3.339 6.630 4.426 3.889 5.351 2.370 3.026 1.608 6.547 4.659 6.837 3.109 2.148 1.550 4.404 5.683 4.717 5.397 5.082 4.306 0.388 
5.937 6.687 4.242 4.128 3.843 4.692 8.699 7.147 7.729 3.366 0.558 3.561 7.699 4.879 5.283 3.669 7.013 7.062 1.414 7.251 5.068 4.241 5.192 4.394 6.855 5.568 8.426 4.739 4.673 5.763 4.153 3.741 5.657 7.479 3.760 7.199 8.696 4.489 7.463 0.285 4.126 7.081 7.518 4.431 5.275 4.226 4.091 3.797 6.466 7.009 4.417 8.127 6.419 3.834 7.770 5.902 6.605 1.673 4.010 2.653 3.085 7.471 4.891 4.703 7.469 4.356 4.952 4.379 8.134 2.673 4.091 2.833 3.996 4.713 1.388 8.098 8.866 7.613 3.927 5.124 2.614 8.304 7.900 1.081 6.963 3.104 5.371 1.580 3.232 2.066 8.097 7.418 4.246 1.034 2.937 7.957 0.711 5.004 7.084 5.039 
5.733 4.552 2.257 4.388 2.717 3.850 4.271 9.443 4.211 7.665 5.932 9.593 5.156 5.305 2.790 9.910 9.603 3.978 4.908 8.806 5.246 2.025 3.992 9.148 5.446 3.374 5.510 3.671 1.597 9.240 7.950 9.921 3.160 1.844 9.919 6.465 3.929 7.914 6.675 6.189 4.910 6.488 4.966 2.074 9.431 5.196 3.351 2.588 8.343 8.301 3.520 9.180 6.810 5.553 6.657 3.772 0.357 7.600 10.211 7.534 4.597 7.188 1.420 5.347 3.579 6.878 8.107 3.200 4.000 4.476 9.042 5.320 3.789 9.490 7.522 8.133 10.355 4.999 2.446 1.757 8.769 9.419 8.879 7.108 4.032 6.532 6.568 7.831 8.038 8.330 5.115 5.687 3.847 6.150 8.540 2.593 6.865 1.493 9.307 5.262 
4.890 6.415 6.754 7.408 5.468 7.856 9.011 4.161 7.807 0.614 3.985 2.545 7.259 8.272 6.061 3.572 3.915 7.148 3.883 4.622 4.336 6.388 5.272 1.023 6.094 8.597 7.974 7.861 6.691 2.471 1.161 3.225 6.160 8.751 3.135 5.907 9.201 1.618 6.111 3.229 7.491 5.751 7.144 6.907 1.833 3.672 4.981 6.296 3.860 4.588 5.024 5.578 4.755 7.267 6.506 6.041 8.450 4.317 3.502 0.812 3.622 5.824 7.080 8.105 7.829 2.379 2.060 5.226 8.423 5.910 0.861 6.254 4.609 1.371 3.856 6.096 5.997 7.241 5.784 6.556 2.616 5.691 5.435 2.532 7.007 1.761 3.705 3.461 0.217 3.393 7.773 6.622 4.695 2.636 1.292 8.965 2.889 7.347 4.145 4.298 
7.576 9.006 8.166 8.030 7.346 8.650 11.510 6.492 10.347 3.292 4.512 0.440 9.899 8.606 8.333 1.252 6.160 9.672 5.151 7.148 6.955 8.028 7.736 2.638 8.765 9.555 10.625 8.711 8.417 4.641 3.830 0.792 8.532 10.905 0.674 8.623 11.647 4.274 8.829 3.960 7.933 8.467 9.770 8.348 3.677 6.213 7.151 7.707 6.437 7.196 7.304 8.099 7.473 7.478 9.223 8.520 10.317 3.713 0.933 2.837 5.794 8.538 8.715 8.415 10.293 5.092 4.657 7.429 10.919 6.640 2.315 6.590 6.857 2.669 3.383 8.766 8.311 9.868 7.562 8.578 1.437 8.178 7.995 2.970 9.539 4.267 6.422 2.858 2.678 2.409 10.399 9.305 7.008 3.855 1.618 11.232 3.296 8.889 6.515 6.918 
6.715 8.010 6.880 6.800 6.101 7.401 10.428 6.294 9.299 2.596 3.251 0.859 8.944 7.433 7.172 1.503 6.019 8.618 3.867 6.785 6.013 6.752 6.667 2.582 7.863 8.291 9.680 7.455 7.146 4.520 3.317 1.289 7.408 9.693 1.248 7.845 10.535 3.773 8.071 2.675 6.733 7.696 8.801 7.062 3.678 5.220 5.972 6.421 6.021 6.740 6.158 7.741 6.766 6.320 8.450 7.449 9.055 2.699 1.599 1.925 4.642 7.857 7.436 7.246 9.199 4.357 4.222 6.256 9.839 5.384 2.206 5.394 5.708 2.772 2.299 8.207 8.135 8.900 6.301 7.349 0.476 7.853 7.594 1.683 8.492 3.335 5.675 1.782 2.028 1.469 9.426 8.419 5.881 2.588 0.879 10.050 2.017 7.605 6.287 5.977 
5.063 6.828 8.409 9.323 6.899 9.720 9.521 2.686 8.276 2.165 5.987 3.898 7.476 10.234 7.069 5.010 2.324 7.682 5.736 3.493 4.842 7.932 6.047 1.296 6.250 10.394 8.118 9.708 8.166 0.860 1.599 4.578 7.023 9.774 4.465 5.731 9.805 1.632 5.862 5.229 9.443 5.569 7.413 8.541 0.199 4.473 6.187 7.968 2.918 3.683 6.098 4.399 4.500 9.257 6.269 6.732 9.755 6.302 4.781 2.806 4.964 5.394 8.598 10.073 8.452 2.760 1.595 6.375 8.961 7.831 1.672 8.239 5.760 1.187 5.844 5.346 4.470 7.501 7.269 7.805 4.351 4.439 4.353 4.553 7.532 3.072 3.731 5.417 2.239 5.273 8.011 6.687 5.755 4.590 3.037 9.846 4.912 8.911 2.732 4.809 
6.204 7.061 4.773 4.559 4.346 5.153 9.147 7.117 8.149 3.247 1.008 3.065 8.067 5.243 5.740 3.137 6.953 7.477 1.922 7.298 5.354 4.771 5.578 4.126 7.174 6.050 8.799 5.210 5.202 5.636 4.062 3.217 6.095 7.989 3.239 7.456 9.161 4.434 7.716 0.649 4.516 7.331 7.890 4.963 5.069 4.505 4.536 4.330 6.506 7.091 4.842 8.199 6.612 4.162 8.039 6.307 7.134 1.370 3.482 2.481 3.449 7.682 5.424 5.062 7.913 4.438 4.908 4.827 8.577 3.138 3.799 3.192 4.410 4.428 0.991 8.263 8.876 7.987 4.445 5.628 2.100 8.364 7.985 0.718 7.373 3.177 5.539 1.073 3.021 1.541 8.481 7.741 4.649 1.204 2.558 8.453 0.349 5.537 7.064 5.323 
7.630 8.438 5.530 4.668 5.484 5.369 10.421 8.377 9.473 4.462 1.835 3.240 9.450 5.061 7.002 2.801 8.179 8.809 3.094 8.635 6.776 5.701 6.944 5.055 8.587 6.345 10.178 5.469 6.154 6.782 5.287 3.076 7.393 9.070 3.147 8.883 10.399 5.694 9.143 1.994 4.466 8.758 9.269 5.724 6.094 5.928 5.824 5.133 7.842 8.457 6.162 9.553 8.032 3.920 9.465 7.652 8.057 0.106 3.249 3.660 4.833 9.106 6.291 4.866 9.197 5.817 6.173 6.110 9.862 3.507 4.692 3.151 5.745 5.308 0.477 9.673 10.172 9.365 5.506 6.747 2.273 9.709 9.350 1.905 8.712 4.563 6.953 0.889 4.112 1.238 9.849 9.152 5.997 2.631 3.317 9.593 1.691 6.326 8.337 6.746 
3.883 2.249 4.153 6.540 3.217 6.166 1.862 7.805 1.567 7.146 6.844 9.722 2.594 7.594 1.751 10.309 8.053 1.454 5.583 6.986 3.771 3.481 2.538 8.564 3.184 5.897 2.871 6.002 3.097 8.084 7.154 10.202 1.587 1.421 10.169 4.232 1.735 6.969 4.390 6.806 7.045 4.297 2.424 4.042 8.535 4.146 2.963 4.230 6.704 6.458 2.772 7.150 4.909 7.571 4.278 1.879 2.528 8.579 10.510 7.299 4.285 4.985 3.352 7.593 0.933 5.825 7.011 2.674 1.433 6.114 8.567 7.059 3.219 8.871 8.364 5.908 8.355 2.438 3.307 2.066 9.093 7.386 6.859 7.519 1.552 5.983 5.051 8.526 7.663 8.953 2.484 3.268 3.075 6.471 8.477 1.266 7.398 3.675 7.659 3.801 
1.305 2.659 5.102 6.879 3.290 6.974 5.295 3.933 4.070 3.146 4.875 6.116 3.516 7.990 2.841 6.959 4.073 3.429 3.773 3.432 0.577 4.410 1.731 4.427 2.405 7.327 4.242 6.891 4.473 3.844 2.959 6.722 2.717 5.491 6.658 2.550 5.531 2.725 2.811 4.380 7.208 2.427 3.391 5.164 4.284 0.501 2.292 4.771 2.854 2.986 2.022 4.044 1.862 7.360 3.134 2.411 5.694 6.273 7.026 3.567 1.832 2.841 4.948 7.887 4.162 1.576 2.754 2.361 4.716 5.634 4.498 6.435 1.868 4.705 5.889 3.572 5.097 3.489 3.711 3.778 5.776 4.269 3.759 4.585 3.284 2.130 1.098 5.798 3.739 6.051 4.021 2.963 1.719 3.703 4.782 5.524 4.673 5.329 3.802 0.540 
5.763 6.018 2.486 2.606 2.566 3.041 7.598 7.914 6.795 4.553 1.347 5.345 7.025 3.573 4.239 5.437 7.867 6.177 1.009 7.786 4.877 2.617 4.542 5.832 6.420 3.841 7.706 3.057 3.071 6.839 5.220 5.529 4.709 6.023 5.550 7.005 7.509 5.446 7.278 1.829 2.768 6.919 6.824 2.679 6.553 4.144 3.212 2.063 7.049 7.441 3.628 8.558 6.503 2.760 7.513 5.112 4.970 2.982 5.793 4.014 2.811 7.441 3.208 3.431 6.418 4.941 5.853 3.458 7.074 1.124 5.582 1.797 3.313 6.173 2.915 8.212 9.468 6.911 2.493 3.758 4.405 8.763 8.294 2.822 6.107 3.857 5.602 3.268 4.615 3.786 7.335 6.948 3.592 2.198 4.602 6.587 2.486 3.270 7.824 4.859 
5.930 7.214 6.301 6.455 5.400 7.006 9.640 5.751 8.505 1.912 2.883 1.571 8.149 7.184 6.406 2.291 5.509 7.826 3.273 6.160 5.220 6.113 5.875 2.280 7.072 7.853 8.885 7.044 6.490 4.055 2.692 2.082 6.628 8.958 2.034 7.075 9.753 3.139 7.305 2.204 6.445 6.927 8.005 6.478 3.320 4.424 5.214 5.838 5.381 6.077 5.385 7.110 6.016 6.107 7.679 6.658 8.379 2.792 2.391 1.171 3.869 7.110 6.805 7.003 8.413 3.615 3.606 5.495 9.050 4.990 1.924 5.132 4.935 2.548 2.341 7.497 7.582 8.104 5.624 6.629 1.133 7.236 6.947 1.251 7.698 2.549 4.920 1.899 1.415 1.799 8.630 7.630 5.101 1.941 0.614 9.295 1.635 6.999 5.730 5.183 
1.962 3.417 5.301 6.863 3.557 7.039 6.047 3.645 4.826 2.389 4.495 5.384 4.264 7.944 3.426 6.256 3.713 4.180 3.521 3.343 1.335 4.671 2.409 3.677 3.126 7.488 4.986 6.974 4.802 3.252 2.221 6.003 3.375 6.124 5.935 3.133 6.272 2.026 3.378 3.924 7.147 2.994 4.144 5.389 3.594 0.827 2.664 4.926 2.650 2.976 2.494 4.091 2.218 7.224 3.735 3.131 6.194 5.765 6.305 2.843 1.786 3.290 5.268 7.826 4.900 0.897 2.127 2.802 5.465 5.527 3.741 6.257 2.222 3.961 5.359 3.892 5.032 4.242 3.969 4.248 5.090 4.298 3.830 4.001 4.036 1.420 1.172 5.220 2.987 5.434 4.773 3.674 2.158 3.204 4.049 6.206 4.132 5.629 3.530 1.298 
3.372 5.145 7.286 8.555 5.623 8.843 7.838 2.020 6.593 1.927 5.580 4.762 5.785 9.564 5.539 5.826 1.893 6.009 4.983 2.350 3.201 6.715 4.452 2.311 4.559 9.402 6.431 8.803 6.886 1.125 1.125 5.456 5.437 8.211 5.358 4.076 8.133 0.683 4.226 4.859 8.759 3.914 5.722 7.394 1.708 2.953 4.786 6.876 1.591 2.336 4.628 3.306 2.847 8.699 4.634 5.100 8.328 6.354 5.715 2.729 3.729 3.810 7.343 9.422 6.789 1.258 0.213 4.934 7.283 7.112 2.568 7.685 4.345 2.454 5.897 3.917 3.801 5.809 6.022 6.380 4.884 3.422 3.165 4.477 5.860 2.136 2.041 5.579 2.416 5.594 6.320 5.003 4.291 4.124 3.564 8.234 4.761 7.688 1.968 3.170 
4.902 5.227 2.529 3.306 1.989 3.620 6.964 7.131 6.088 3.964 1.660 5.235 6.240 4.343 3.556 5.503 7.105 5.448 0.509 6.959 4.015 2.391 3.734 5.334 5.586 4.294 6.936 3.600 2.809 6.155 4.562 5.524 3.991 5.605 5.526 6.148 6.917 4.744 6.420 1.784 3.540 6.060 6.043 2.703 5.957 3.281 2.447 2.064 6.234 6.602 2.843 7.715 5.640 3.600 6.662 4.346 4.740 3.398 5.810 3.534 1.947 6.577 3.066 4.215 5.755 4.149 5.126 2.713 6.419 1.903 5.123 2.658 2.496 5.682 3.219 7.349 8.645 6.133 2.047 3.260 4.373 7.923 7.448 2.715 5.369 3.139 4.750 3.461 4.121 3.944 6.575 6.122 2.773 1.837 4.312 6.104 2.459 3.231 7.035 3.996 
3.810 5.067 5.141 6.075 3.782 6.434 7.542 4.565 6.382 1.199 3.023 3.656 5.997 7.041 4.435 4.441 4.462 5.706 2.473 4.649 3.071 4.727 3.769 2.667 4.928 7.094 6.733 6.416 5.015 3.363 1.750 4.226 4.587 7.097 4.170 4.997 7.687 1.978 5.240 2.325 6.239 4.857 5.854 5.284 3.153 2.273 3.314 4.692 3.861 4.426 3.395 5.537 4.028 6.143 5.598 4.552 6.762 4.012 4.534 1.147 1.944 5.119 5.414 6.892 6.328 1.772 2.408 3.570 6.951 4.600 2.550 5.125 2.964 3.013 3.581 5.631 6.261 5.953 4.106 4.873 3.250 5.707 5.320 2.177 5.574 0.512 2.931 3.389 1.558 3.576 6.480 5.489 3.079 1.577 2.351 7.348 2.364 5.696 4.494 3.035 
2.590 4.084 8.278 10.113 6.451 10.201 6.468 1.989 5.321 4.755 7.823 7.718 4.202 11.221 5.538 8.769 2.390 4.968 6.878 0.942 3.228 7.549 4.351 5.243 3.174 10.512 4.614 10.113 7.540 3.464 4.037 8.409 5.177 7.734 8.313 2.187 6.893 3.581 2.142 7.203 10.435 2.078 4.247 8.322 4.421 3.731 5.409 7.975 1.410 0.637 5.049 0.859 1.520 10.557 2.467 4.600 8.401 8.945 8.673 5.510 5.038 1.497 8.015 11.114 5.765 3.166 3.168 5.396 6.031 8.842 5.522 9.605 5.025 5.335 8.509 1.047 2.045 4.300 6.868 6.659 7.771 1.098 0.558 7.089 4.835 4.423 2.208 8.276 5.315 8.377 4.682 3.310 4.818 6.459 6.486 7.483 7.298 8.411 1.860 3.227 
3.219 2.913 2.582 4.704 0.793 4.620 4.506 6.570 3.624 4.743 4.103 7.028 3.892 5.840 1.088 7.553 6.691 2.999 2.823 6.049 2.499 1.829 1.564 6.223 3.485 4.809 4.549 4.506 1.835 6.248 4.968 7.470 1.532 3.506 7.444 4.290 4.492 4.919 4.550 4.023 5.129 4.250 3.686 2.607 6.444 2.244 0.359 2.348 5.495 5.577 0.681 6.572 4.221 5.474 4.690 1.969 3.218 5.825 7.775 4.726 1.673 4.892 2.312 5.778 3.288 3.888 5.114 0.353 3.953 3.803 6.151 4.739 0.801 6.557 5.591 5.792 7.684 3.768 1.176 1.275 6.344 6.806 6.275 4.745 2.932 3.584 3.729 5.741 5.174 6.169 4.170 3.951 0.925 3.700 5.841 3.848 4.614 2.700 6.441 2.503 
2.767 4.118 8.529 10.419 6.703 10.484 6.385 2.317 5.278 5.195 8.212 8.161 4.127 11.534 5.699 9.212 2.729 4.976 7.240 1.290 3.480 7.788 4.532 5.681 3.187 10.762 4.477 10.391 7.757 3.879 4.480 8.852 5.309 7.786 8.756 2.154 6.828 4.023 2.055 7.604 10.753 2.072 4.193 8.564 4.844 4.046 5.655 8.242 1.844 1.073 5.279 0.821 1.741 10.896 2.328 4.712 8.528 9.362 9.116 5.946 5.368 1.411 8.228 11.432 5.758 3.586 3.610 5.622 5.977 9.175 5.962 9.954 5.287 5.767 8.929 0.709 2.010 4.237 7.116 6.838 8.212 1.040 0.581 7.511 4.850 4.839 2.563 8.703 5.757 8.810 4.581 3.247 5.067 6.863 6.929 7.494 7.714 8.627 2.198 3.483 
2.551 4.259 7.931 9.628 6.118 9.772 6.810 1.431 5.609 3.918 7.142 6.854 4.569 10.716 5.421 7.910 1.767 5.168 6.272 0.607 2.973 7.235 4.217 4.374 3.422 10.154 5.077 9.697 7.277 2.634 3.181 7.546 5.128 7.810 7.450 2.578 7.199 2.724 2.619 6.492 9.920 2.435 4.576 7.993 3.571 3.297 5.104 7.594 0.557 0.247 4.789 1.352 1.528 9.994 3.000 4.606 8.320 8.182 7.809 4.686 4.535 2.040 7.754 10.600 5.979 2.420 2.302 5.137 6.327 8.301 4.653 9.020 4.690 4.471 7.739 1.873 2.275 4.643 6.539 6.488 6.929 1.538 1.135 6.313 5.025 3.680 1.733 7.484 4.465 7.563 5.082 3.685 4.518 5.742 5.633 7.640 6.541 8.141 1.283 2.962 
5.434 7.132 8.127 8.839 6.742 9.285 9.807 3.520 8.571 1.793 5.396 3.028 7.862 9.697 7.123 4.140 3.174 7.946 5.306 4.258 5.078 7.716 6.193 0.477 6.646 10.014 8.536 9.287 7.992 1.666 1.571 3.708 7.142 9.838 3.595 6.239 10.054 1.830 6.397 4.643 8.919 6.077 7.779 8.273 0.688 4.578 6.139 7.673 3.616 4.389 6.111 5.189 5.014 8.681 6.804 6.922 9.679 5.549 3.913 2.242 4.832 5.983 8.401 9.529 8.685 2.958 2.012 6.356 9.233 7.341 0.844 7.671 5.733 0.324 5.098 6.032 5.326 7.871 7.084 7.749 3.514 5.245 5.118 3.878 7.799 2.897 4.122 4.647 1.641 4.466 8.393 7.121 5.770 4.068 2.230 9.976 4.252 8.687 3.553 5.043 
0.843 1.017 5.710 7.866 3.961 7.782 3.657 4.655 2.419 5.072 6.552 8.081 1.595 9.002 2.620 8.927 4.942 1.927 5.330 3.782 1.423 4.932 1.603 6.248 0.440 7.897 2.296 7.661 4.806 5.254 4.763 8.691 2.171 4.629 8.626 1.162 4.000 4.441 1.403 6.164 8.277 1.167 1.511 5.705 5.910 2.260 2.957 5.512 3.584 3.255 2.523 3.943 1.715 8.572 1.524 1.551 5.364 8.083 8.995 5.534 3.363 1.865 5.256 8.934 2.739 3.352 4.321 2.815 3.131 6.857 6.367 7.753 2.735 6.492 7.730 2.810 5.145 1.601 4.333 3.781 7.740 4.181 3.649 6.490 1.783 4.098 2.175 7.688 5.678 7.973 2.124 1.008 2.460 5.546 6.746 4.406 6.539 5.658 4.508 1.458 
0.735 1.152 5.791 7.930 4.030 7.857 3.783 4.520 2.547 4.994 6.555 8.015 1.694 9.066 2.724 8.872 4.808 2.062 5.343 3.646 1.383 5.015 1.677 6.153 0.496 7.985 2.383 7.738 4.898 5.133 4.669 8.630 2.285 4.763 8.563 1.065 4.131 4.340 1.316 6.153 8.335 1.057 1.620 5.790 5.800 2.228 3.016 5.585 3.451 3.118 2.585 3.812 1.579 8.620 1.468 1.670 5.486 8.071 8.933 5.471 3.368 1.751 5.352 8.995 2.874 3.260 4.211 2.885 3.261 6.902 6.278 7.792 2.778 6.393 7.712 2.695 5.013 1.709 4.408 3.885 7.689 4.049 3.516 6.459 1.918 4.038 2.063 7.661 5.602 7.939 2.226 1.050 2.505 5.525 6.679 4.542 6.516 5.754 4.373 1.417 
7.699 9.005 7.650 7.321 7.001 7.969 11.412 7.047 10.289 3.521 3.886 0.612 9.938 7.836 8.135 0.546 6.742 9.608 4.687 7.616 7.006 7.585 7.656 3.215 8.854 8.899 10.674 8.041 7.995 5.222 4.185 0.330 8.384 10.618 0.350 8.816 11.512 4.642 9.038 3.429 7.190 8.665 9.796 7.837 4.303 6.215 6.928 7.199 6.871 7.609 7.129 8.573 7.718 6.701 9.421 8.437 9.918 2.891 0.627 2.900 5.614 8.804 8.258 7.644 10.181 5.309 5.069 7.215 10.823 5.980 2.854 5.849 6.678 3.319 2.602 9.118 8.884 9.894 7.175 8.263 0.823 8.672 8.444 2.483 9.482 4.323 6.635 2.091 2.924 1.600 10.421 9.408 6.858 3.479 1.750 10.997 2.748 8.399 7.054 6.969 
2.408 4.204 6.920 8.433 5.163 8.639 6.891 2.027 5.647 2.565 5.775 5.586 4.799 9.493 4.819 6.609 2.107 5.087 4.974 1.863 2.373 6.282 3.668 3.267 3.573 9.105 5.434 8.579 6.394 2.010 1.900 6.268 4.650 7.425 6.177 3.072 7.206 1.460 3.227 5.109 8.691 2.910 4.744 7.005 2.711 2.341 4.228 6.544 1.093 1.643 3.998 2.744 1.845 8.715 3.635 4.251 7.680 6.782 6.543 3.310 3.394 2.839 6.864 9.366 5.880 1.043 1.158 4.329 6.347 7.053 3.486 7.724 3.789 3.438 6.339 3.054 3.518 4.829 5.579 5.759 5.581 2.913 2.535 4.912 4.937 2.289 1.094 6.087 3.142 6.177 5.334 4.003 3.680 4.358 4.318 7.391 5.142 7.232 1.914 2.347 
5.884 7.539 8.166 8.716 6.878 9.200 10.194 4.114 8.966 1.932 5.204 2.477 8.306 9.525 7.392 3.585 3.766 8.328 5.256 4.848 5.466 7.806 6.522 0.473 7.100 9.970 8.994 9.214 8.107 2.261 1.952 3.144 7.448 10.099 3.030 6.744 10.421 2.287 6.912 4.467 8.762 6.583 8.214 8.320 1.276 4.902 6.353 7.706 4.195 4.968 6.364 5.782 5.528 8.479 7.319 7.270 9.852 5.187 3.337 2.169 5.010 6.521 8.498 9.351 9.048 3.366 2.535 6.586 9.614 7.222 0.580 7.482 5.965 0.273 4.747 6.602 5.915 8.307 7.199 7.945 3.048 5.840 5.708 3.623 8.183 3.099 4.593 4.271 1.588 4.040 8.834 7.591 6.027 3.961 1.846 10.275 4.007 8.764 4.148 5.430 
1.854 3.478 5.750 7.328 3.989 7.502 6.152 3.195 4.915 2.442 4.905 5.506 4.250 8.408 3.736 6.426 3.279 4.294 3.967 2.879 1.432 5.108 2.646 3.599 3.063 7.944 4.952 7.436 5.223 2.934 2.115 6.147 3.630 6.402 6.072 2.919 6.410 1.836 3.146 4.307 7.610 2.769 4.150 5.834 3.381 1.181 3.064 5.380 2.187 2.520 2.857 3.639 1.890 7.680 3.524 3.316 6.556 6.113 6.444 3.002 2.249 2.983 5.692 8.289 5.048 0.701 1.839 3.179 5.580 5.987 3.709 6.709 2.623 3.857 5.696 3.516 4.568 4.245 4.405 4.619 5.291 3.843 3.383 4.310 4.146 1.649 0.794 5.526 3.056 5.708 4.774 3.585 2.530 3.574 4.174 6.437 4.470 6.059 3.076 1.398 
6.437 6.833 3.270 2.757 3.458 3.353 8.489 8.230 7.664 4.614 0.821 4.858 7.846 3.511 5.114 4.798 8.139 7.036 1.473 8.208 5.546 3.488 5.339 5.743 7.178 4.267 8.540 3.415 3.945 6.986 5.358 4.947 5.571 6.914 4.983 7.696 8.406 5.646 7.968 1.550 2.749 7.599 7.648 3.464 6.577 4.763 4.046 2.882 7.445 7.906 4.448 9.030 7.096 2.502 8.227 5.947 5.820 2.155 5.189 3.962 3.457 8.081 4.047 3.339 7.302 5.312 6.086 4.304 7.960 1.348 5.451 1.484 4.101 6.068 2.166 8.806 9.869 7.738 3.393 4.657 3.874 9.224 8.780 2.454 6.961 4.127 6.130 2.591 4.556 3.116 8.176 7.719 4.378 2.174 4.314 7.485 2.074 4.067 8.152 5.524 
3.291 2.240 3.109 5.464 1.817 5.212 3.221 7.072 2.484 5.860 5.402 8.313 3.052 6.571 0.402 8.870 7.261 1.961 4.134 6.386 2.870 2.348 1.577 7.315 3.065 5.150 3.598 5.066 2.078 7.065 5.964 8.775 0.727 2.321 8.746 4.053 3.172 5.838 4.276 5.351 5.941 4.063 2.844 3.049 7.401 3.001 1.530 3.063 5.963 5.874 1.418 6.735 4.368 6.395 4.301 1.356 2.533 7.133 9.082 5.940 2.888 4.760 2.472 6.542 2.042 4.725 5.951 1.249 2.694 4.832 7.284 5.783 1.839 7.636 6.912 5.704 7.913 2.905 1.989 0.955 7.657 6.974 6.435 6.071 1.944 4.688 4.206 7.070 6.342 7.498 3.195 3.388 1.752 5.024 7.093 2.555 5.944 2.863 6.932 2.891 
2.510 3.353 8.252 10.316 6.460 10.292 5.331 3.526 4.310 5.921 8.499 8.975 3.126 11.449 5.204 9.982 3.930 4.121 7.408 2.481 3.377 7.481 4.139 6.618 2.433 10.459 3.362 10.181 7.379 4.955 5.294 9.653 4.746 6.978 9.565 1.422 5.798 4.851 1.201 7.964 10.695 1.433 3.232 8.259 5.881 4.118 5.420 8.021 2.877 2.133 5.004 2.002 1.829 10.918 1.301 4.118 7.891 9.810 9.932 6.611 5.441 0.808 7.835 11.366 4.852 4.169 4.498 5.325 4.977 9.187 6.864 10.030 5.117 6.746 9.400 0.526 3.099 3.257 6.853 6.365 8.912 2.183 1.807 8.019 4.013 5.348 2.915 9.235 6.516 9.403 3.523 2.309 4.863 7.251 7.690 6.602 8.173 8.237 3.399 3.393 
5.991 4.811 2.275 4.310 2.900 3.742 4.469 9.691 4.449 7.859 6.017 9.731 5.408 5.192 3.046 10.023 9.847 4.230 5.029 9.060 5.497 2.132 4.247 9.342 5.707 3.211 5.750 3.560 1.728 9.467 8.161 10.046 3.420 1.998 10.046 6.726 4.111 8.133 6.936 6.302 4.831 6.749 5.218 2.086 9.643 5.432 3.577 2.640 8.592 8.556 3.759 9.439 7.068 5.490 6.916 4.033 0.430 7.666 10.333 7.709 4.800 7.449 1.484 5.242 3.814 7.106 8.334 3.434 4.217 4.485 9.228 5.305 4.016 9.685 7.603 8.394 10.612 5.250 2.606 1.996 8.894 9.678 9.138 7.234 4.286 6.734 6.816 7.925 8.222 8.429 5.358 5.946 4.083 6.290 8.698 2.754 6.981 1.486 9.555 5.512 
6.432 5.971 0.698 1.713 2.446 1.416 6.669 9.448 6.229 6.632 3.742 7.763 6.852 2.776 3.899 7.837 9.490 5.762 3.159 9.086 5.658 1.472 4.777 8.027 6.663 1.685 7.401 1.286 1.753 8.711 7.170 7.945 4.429 4.515 7.968 7.511 6.428 7.294 7.769 4.240 2.225 7.474 6.642 0.788 8.606 5.191 3.495 0.897 8.444 8.652 3.900 9.701 7.397 2.816 7.890 5.017 3.103 5.210 8.205 6.231 4.031 8.115 1.496 2.765 5.687 6.518 7.626 3.577 6.261 1.846 7.820 2.594 3.851 8.376 5.238 9.008 10.761 6.707 2.049 2.875 6.825 9.930 9.411 5.234 5.751 5.704 6.756 5.643 6.817 6.167 6.998 7.084 4.075 4.498 6.964 5.219 4.906 1.270 9.334 5.655 
7.608 8.122 4.449 3.293 4.790 4.012 9.821 8.989 8.989 5.164 1.496 4.557 9.138 3.663 6.443 4.199 8.847 8.355 2.678 9.095 6.720 4.762 6.621 6.035 8.420 5.000 9.840 4.124 5.219 7.559 5.969 4.457 6.894 8.208 4.522 8.873 9.736 6.322 9.143 2.127 3.068 8.767 8.943 4.640 6.997 5.905 5.356 4.107 8.311 8.843 5.748 9.964 8.181 2.524 9.423 7.253 7.048 1.310 4.642 4.409 4.649 9.206 5.274 3.469 8.633 6.195 6.789 5.621 9.292 2.281 5.697 1.772 5.383 6.326 1.596 9.877 10.713 9.034 4.715 5.979 3.560 10.144 9.733 2.637 8.277 4.948 7.161 2.123 4.950 2.583 9.482 8.970 5.656 2.877 4.390 8.796 2.279 5.244 8.929 6.695 
7.173 8.211 6.100 5.625 5.689 6.281 10.412 7.428 9.372 3.538 2.272 2.054 9.199 6.143 7.027 1.831 7.197 8.694 3.274 7.787 6.372 6.125 6.761 3.926 8.228 7.223 9.937 6.359 6.557 5.749 4.347 1.998 7.353 9.335 2.047 8.388 10.449 4.781 8.636 1.987 5.491 8.251 9.033 6.291 4.994 5.528 5.814 5.664 6.999 7.664 6.089 8.727 7.428 5.010 8.986 7.515 8.489 1.261 2.224 2.742 4.631 8.521 6.772 5.951 9.174 5.092 5.257 6.106 9.834 4.310 3.555 4.149 5.646 4.157 0.910 8.998 9.252 9.131 5.799 6.972 1.068 8.865 8.547 1.303 8.582 3.891 6.328 0.392 3.098 0.194 9.639 8.796 5.867 2.324 2.169 9.785 1.361 6.873 7.402 6.338 
2.823 4.540 8.136 9.792 6.329 9.953 7.092 1.149 5.891 3.897 7.229 6.778 4.849 10.872 5.674 7.847 1.494 5.449 6.397 0.416 3.214 7.449 4.471 4.258 3.704 10.354 5.352 9.881 7.502 2.449 3.133 7.473 5.391 8.082 7.374 2.854 7.481 2.677 2.888 6.564 10.074 2.712 4.857 8.202 3.409 3.495 5.325 7.791 0.430 0.395 5.020 1.309 1.809 10.130 3.264 4.876 8.574 8.219 7.729 4.679 4.705 2.297 7.978 10.752 6.260 2.496 2.232 5.367 6.609 8.447 4.551 9.148 4.906 4.335 7.772 2.055 2.103 4.924 6.750 6.731 6.893 1.462 1.145 6.343 5.305 3.744 1.942 7.500 4.424 7.559 5.361 3.964 4.742 5.814 5.582 7.918 6.585 8.364 1.003 3.201 
1.688 2.600 4.452 6.259 2.641 6.336 5.103 4.563 3.920 3.306 4.450 6.125 3.554 7.377 2.328 6.892 4.686 3.249 3.280 4.082 0.797 3.762 1.360 4.691 2.581 6.679 4.293 6.250 3.833 4.343 3.276 6.694 2.297 5.029 6.639 2.951 5.285 3.116 3.221 4.026 6.601 2.850 3.400 4.515 4.683 0.272 1.654 4.124 3.494 3.635 1.420 4.684 2.445 6.780 3.499 2.125 5.119 5.943 7.002 3.591 1.293 3.349 4.307 7.279 3.914 1.996 3.223 1.746 4.514 5.049 4.713 5.877 1.223 4.993 5.586 4.139 5.746 3.499 3.062 3.183 5.684 4.911 4.397 4.359 3.114 2.179 1.747 5.549 3.861 5.849 4.021 3.148 1.097 3.402 4.810 5.131 4.397 4.686 4.435 0.774 
