25 50 100
124.198 120.937 87.780 36.411 137.143 22.794 91.423 52.379 75.241 25.168 77.552 133.242 69.536 96.339 58.739 50.055 83.717 113.203 32.852 145.745 141.271 105.811 83.378 80.480 57.571 
258.691 665.474 479.032 521.548 611.097 72.370 708.870 393.275 673.754 272.298 467.673 565.365 183.483 314.799 717.225 581.933 274.151 563.649 533.033 282.156 382.588 516.076 461.377 251.074 150.447 326.142 631.328 60.243 633.305 679.563 179.933 238.805 590.571 493.464 224.206 547.451 308.991 621.925 360.961 515.262 219.592 241.537 313.412 359.248 80.066 126.928 429.553 290.482 712.568 734.434 
5.155 23.064 34.152 26.941 6.901 30.785 25.332 29.715 9.320 19.059 20.247 7.525 17.571 15.746 26.826 19.125 20.761 28.008 28.255 5.885 29.061 9.009 25.559 7.936 16.903 17.589 13.168 6.111 25.579 23.297 34.669 20.336 9.663 32.232 22.379 32.541 10.358 19.430 19.054 22.518 15.014 20.173 24.486 26.780 26.427 26.671 26.900 19.944 15.860 28.091 14.469 11.096 31.488 17.089 11.041 13.583 14.689 30.696 29.197 17.417 30.438 31.555 13.553 26.263 28.845 18.454 26.691 6.227 24.208 28.508 12.611 5.435 8.851 15.382 28.910 34.837 30.023 11.705 6.299 31.975 5.561 14.740 32.095 19.970 12.390 24.491 31.672 32.386 11.862 25.295 30.702 14.936 27.846 8.637 11.263 33.633 26.009 21.903 28.654 28.450 
799.040 1300.791 1113.546 1121.159 1297.611 459.511 1306.515 1052.694 1338.566 871.747 1088.730 1193.347 668.043 898.193 1328.745 1227.197 816.334 1282.997 1212.519 868.090 998.720 1201.764 1019.260 772.756 636.351 941.476 1323.273 434.707 1242.278 1310.081 701.704 802.975 1262.147 1064.340 805.152 1225.645 920.854 1264.630 976.203 1168.460 740.870 805.848 862.173 960.217 511.610 583.842 1093.494 853.291 1335.627 1368.146 
4.734 6.575 4.367 6.800 4.046 6.627 0.631 4.166 5.783 4.634 4.832 4.932 5.408 4.778 8.876 3.323 5.410 6.193 9.010 5.919 5.133 1.119 6.222 9.573 7.114 9.418 5.084 4.412 3.778 6.487 4.572 3.706 7.316 5.534 4.529 6.005 7.099 8.715 6.509 3.215 9.242 2.314 7.898 7.354 2.789 11.506 6.089 2.294 7.091 6.064 
4.585 5.333 3.302 5.483 3.724 5.966 0.943 2.838 5.194 3.493 4.101 4.108 4.145 3.608 7.890 2.468 4.597 5.678 8.470 4.591 4.495 2.266 4.913 8.265 5.964 8.492 4.390 3.644 4.003 5.325 3.293 2.605 6.000 5.051 3.997 5.831 5.805 7.599 5.496 1.889 8.504 1.496 6.933 6.597 1.634 10.194 5.347 0.989 5.911 4.743 
3.344 8.026 7.578 8.772 3.434 6.066 4.049 6.572 5.206 7.751 4.918 5.241 7.113 7.848 9.023 4.352 8.802 5.320 7.779 8.235 4.877 2.382 8.819 11.289 8.074 9.306 4.994 4.746 1.929 9.552 7.386 5.177 9.235 4.740 4.211 4.281 8.829 9.371 7.042 5.704 8.550 5.658 8.075 6.945 5.906 13.185 5.870 5.173 10.115 8.559 
7.309 4.837 0.242 4.076 6.344 7.607 3.907 2.284 7.114 0.225 5.927 5.705 3.846 0.446 8.308 4.564 1.763 7.677 10.139 2.897 6.433 5.608 2.497 6.619 5.925 9.072 6.228 5.504 7.150 1.981 1.225 3.963 4.519 7.200 6.242 8.394 4.694 7.485 6.171 2.445 9.671 2.263 7.547 7.912 1.785 8.371 6.885 2.539 2.598 2.604 
3.526 4.431 8.396 5.829 3.654 0.885 7.592 6.018 1.764 8.171 2.724 2.756 4.725 8.076 2.575 4.361 10.057 1.549 1.851 6.345 2.376 7.414 7.297 6.850 3.463 2.558 2.443 3.182 4.941 9.080 7.165 4.518 5.947 2.154 3.008 2.934 5.337 3.581 2.417 6.074 1.750 7.934 1.981 0.492 7.371 8.283 1.492 6.725 9.321 6.915 
8.233 3.419 3.432 2.047 7.327 7.396 6.585 3.144 7.263 2.974 6.276 5.918 3.246 2.755 6.835 5.620 4.247 7.798 9.605 1.620 6.751 8.065 0.907 3.683 4.545 7.640 6.507 6.014 8.613 2.002 2.570 4.764 2.166 7.555 6.889 8.995 2.680 5.669 5.394 4.045 8.705 5.179 6.383 7.335 4.429 5.266 6.725 4.831 1.833 1.167 
6.831 4.317 0.704 3.636 5.865 7.056 3.761 1.726 6.575 0.447 5.392 5.161 3.300 0.465 7.765 4.069 2.321 7.139 9.584 2.459 5.900 5.402 2.209 6.262 5.390 8.525 5.692 4.976 6.740 2.168 0.704 3.435 4.101 6.674 5.730 7.892 4.230 6.966 5.614 1.956 9.113 2.214 6.995 7.354 1.564 8.061 6.334 2.216 2.752 2.244 
4.328 5.589 9.687 6.986 4.668 2.081 8.771 7.307 2.866 9.460 3.948 4.020 5.981 9.364 3.011 5.592 11.347 2.472 0.611 7.577 3.548 8.454 8.528 7.700 4.536 2.627 3.653 4.413 5.748 10.337 8.451 5.797 7.055 3.136 4.117 3.411 6.449 4.264 3.621 7.359 1.125 9.193 2.809 1.701 8.648 8.949 2.760 7.987 10.558 8.147 
5.029 1.084 4.172 1.713 4.202 4.070 5.192 1.877 3.907 3.843 2.968 2.593 0.170 3.701 4.295 2.776 5.757 4.441 6.415 1.793 3.420 6.108 2.739 4.197 1.951 5.055 3.175 2.778 5.671 4.512 2.797 1.978 2.125 4.214 3.645 5.674 1.705 3.588 2.234 2.522 5.739 4.572 3.540 4.125 3.773 6.125 3.381 3.537 4.750 2.356 
2.826 7.414 7.140 8.176 2.838 5.513 3.739 6.021 4.643 7.288 4.312 4.631 6.512 7.375 8.439 3.748 8.427 4.787 7.323 7.662 4.286 2.203 8.269 10.679 7.460 8.740 4.396 4.133 1.399 9.067 6.874 4.580 8.634 4.189 3.614 3.851 8.222 8.766 6.433 5.175 8.032 5.283 7.485 6.388 5.465 12.572 5.289 4.705 9.619 8.001 
0.891 5.411 7.719 6.629 1.516 2.001 5.782 5.632 1.327 7.639 2.010 2.380 5.059 7.617 5.088 3.143 9.337 1.178 3.653 6.669 1.560 5.139 7.547 8.483 4.918 5.228 1.804 2.301 2.307 9.009 6.799 3.785 6.937 0.842 1.468 0.716 6.373 5.759 3.686 5.256 4.346 6.624 4.241 2.869 6.305 10.189 2.112 5.516 9.405 7.184 
0.573 5.743 6.995 6.766 0.851 3.225 4.541 5.203 2.369 6.996 2.303 2.682 5.094 7.014 6.210 2.576 8.534 2.492 5.112 6.548 2.125 3.715 7.333 8.976 5.534 6.467 2.289 2.309 0.913 8.555 6.292 3.402 7.155 1.899 1.537 1.813 6.653 6.665 4.391 4.612 5.742 5.608 5.283 4.104 5.439 10.794 3.065 4.619 9.021 7.001 
3.285 3.650 4.044 4.222 2.318 3.985 2.949 2.177 3.295 3.989 2.126 2.067 2.598 3.989 5.837 0.537 5.658 3.827 6.536 3.701 2.582 3.510 4.380 6.839 4.055 6.424 2.431 1.661 3.380 5.508 3.245 0.674 4.698 3.266 2.247 4.365 4.341 5.640 3.450 1.592 6.461 3.130 4.872 4.557 2.666 8.766 3.327 1.934 5.981 4.079 
6.075 3.143 8.126 4.303 5.795 3.458 8.705 5.848 4.148 7.767 4.347 4.085 4.142 7.604 0.637 5.541 9.658 4.287 4.174 5.278 4.354 9.108 6.133 4.177 2.032 1.376 4.237 4.625 7.348 8.045 6.730 5.185 4.154 4.655 5.018 5.848 3.638 0.713 2.339 6.361 2.815 8.438 1.191 2.678 7.683 5.331 3.398 7.300 8.086 5.796 
3.983 2.672 3.707 3.180 3.045 3.985 3.666 1.447 3.480 3.539 2.302 2.067 1.566 3.484 5.272 1.318 5.371 4.045 6.538 2.720 2.813 4.485 3.477 5.811 3.238 5.937 2.599 1.908 4.317 4.820 2.625 0.457 3.656 3.601 2.725 4.903 3.310 4.880 2.896 1.366 6.224 3.377 4.357 4.375 2.701 7.743 3.269 2.200 5.231 3.147 
9.345 3.757 6.967 3.111 8.653 7.449 9.489 5.770 7.750 6.504 7.218 6.827 4.660 6.282 5.404 7.399 7.911 8.142 8.884 4.088 7.537 10.650 4.231 0.598 4.144 6.085 7.314 7.189 10.206 5.624 5.808 6.603 2.598 8.199 7.977 9.655 2.923 4.069 5.383 6.704 7.580 8.393 5.513 6.967 7.567 1.652 7.000 7.696 5.302 4.169 
5.157 0.999 4.174 1.582 4.333 4.160 5.287 1.913 4.016 3.834 3.091 2.713 0.206 3.686 4.296 2.906 5.744 4.547 6.483 1.705 3.538 6.224 2.655 4.074 1.928 5.063 3.294 2.907 5.803 4.449 2.789 2.103 1.993 4.330 3.773 5.793 1.578 3.550 2.287 2.595 5.782 4.632 3.562 4.194 3.827 6.003 3.477 3.615 4.674 2.272 
7.924 2.584 6.871 2.592 7.314 5.851 8.778 5.169 6.226 6.428 5.827 5.448 3.710 6.218 3.740 6.274 8.097 6.579 7.209 3.765 6.090 9.728 4.273 1.079 2.625 4.444 5.882 5.869 8.902 6.019 5.545 5.559 2.129 6.696 6.594 8.123 2.075 2.400 3.853 6.019 5.913 7.930 3.846 5.323 7.095 2.666 5.455 7.047 5.858 4.068 
8.515 3.668 8.225 3.933 8.025 6.145 9.942 6.426 6.681 7.786 6.512 6.161 4.861 7.578 3.467 7.222 9.469 6.940 7.018 5.113 6.686 10.767 5.645 1.961 3.313 3.999 6.507 6.640 9.626 7.382 6.882 6.587 3.491 7.180 7.267 8.517 3.363 2.311 4.405 7.230 5.594 9.199 3.918 5.464 8.368 2.489 5.896 8.258 7.200 5.435 
7.953 3.294 3.137 1.967 7.039 7.197 6.245 2.815 7.033 2.676 6.022 5.671 3.016 2.455 6.772 5.316 4.039 7.574 9.451 1.362 6.503 7.726 0.570 3.866 4.441 7.578 6.260 5.747 8.305 1.883 2.233 4.465 2.165 7.310 6.619 8.740 2.628 5.644 5.231 3.709 8.593 4.849 6.276 7.171 4.093 5.511 6.516 4.491 1.822 0.861 
8.316 3.851 8.612 4.327 7.895 5.832 10.099 6.691 6.436 8.183 6.387 6.056 5.056 7.982 2.982 7.241 9.919 6.647 6.499 5.503 6.511 10.822 6.108 2.622 3.290 3.434 6.350 6.560 9.490 7.897 7.242 6.666 3.927 6.941 7.125 8.222 3.709 1.994 4.260 7.444 5.046 9.459 3.563 5.096 8.636 3.084 5.656 8.465 7.749 5.870 
5.101 2.430 7.247 3.757 4.749 2.644 7.621 4.908 3.210 6.917 3.275 2.996 3.246 6.769 1.232 4.441 8.827 3.439 4.005 4.577 3.325 8.008 5.489 4.359 1.266 1.980 3.188 3.534 6.323 7.387 5.870 4.107 3.735 3.715 3.971 5.016 3.149 1.233 1.239 5.347 2.915 7.416 0.601 2.028 6.682 5.818 2.431 6.258 7.500 5.127 
0.570 5.458 7.547 6.638 1.264 2.250 5.503 5.513 1.503 7.483 1.995 2.380 5.037 7.469 5.326 2.972 9.151 1.447 3.975 6.621 1.596 4.825 7.482 8.579 5.029 5.496 1.830 2.228 1.991 8.896 6.669 3.660 6.966 0.996 1.361 0.866 6.413 5.945 3.811 5.091 4.653 6.389 4.455 3.128 6.099 10.313 2.282 5.301 9.308 7.125 
4.138 3.346 7.709 4.741 3.983 1.466 7.447 5.313 2.204 7.436 2.678 2.535 3.834 7.317 1.652 4.163 9.348 2.296 2.856 5.376 2.541 7.552 6.322 5.636 2.298 1.981 2.487 3.062 5.470 8.165 6.400 4.084 4.812 2.703 3.229 3.856 4.205 2.420 1.436 5.541 2.085 7.529 0.819 0.745 6.879 7.091 1.518 6.326 8.354 5.944 
4.212 3.234 3.199 3.526 3.248 4.566 3.045 1.232 3.987 3.096 2.793 2.619 2.057 3.077 5.957 1.438 4.848 4.544 7.130 2.850 3.291 4.025 3.462 6.254 3.892 6.621 3.100 2.354 4.320 4.561 2.301 0.830 4.030 4.043 3.081 5.244 3.762 5.543 3.581 0.750 6.877 2.694 5.042 5.010 2.043 8.191 3.861 1.515 5.029 3.180 
6.975 6.107 5.650 6.573 5.462 7.142 3.091 7.107 8.416 9.624 2.044 8.577 9.322 0.232 7.782 3.933 4.893 8.977 7.906 5.172 5.000 10.067 7.968 4.444 2.617 7.443 6.358 9.713 5.905 9.211 3.880 9.622 8.752 9.092 9.808 5.493 6.878 9.830 5.975 9.505 1.367 4.195 7.087 8.869 2.919 5.766 7.962 4.208 3.727 3.315 4.672 1.328 4.967 6.287 3.068 6.703 9.172 5.938 4.417 8.632 8.715 4.593 8.275 4.959 7.005 8.481 3.724 5.647 8.050 9.265 4.501 1.997 1.700 3.778 7.934 9.312 2.991 5.901 8.040 5.208 7.946 2.520 8.493 3.189 4.970 6.692 6.305 1.799 9.440 4.482 4.909 0.983 3.591 5.436 1.553 10.036 9.215 6.778 6.909 8.065 
2.601 2.683 4.616 4.159 0.812 1.576 3.270 5.604 3.924 6.456 5.149 2.953 4.123 5.433 2.417 6.003 2.658 5.545 2.437 4.718 1.052 4.484 2.933 4.784 4.062 3.895 3.846 4.553 5.934 3.702 1.919 3.998 4.878 3.512 4.596 3.953 2.845 4.563 3.956 4.018 6.448 6.148 2.473 3.728 5.662 5.417 5.686 6.430 1.986 2.360 5.613 5.583 1.852 3.840 4.567 2.483 3.570 5.053 1.893 3.883 3.963 4.908 2.682 5.414 1.776 3.285 4.530 0.606 2.485 5.296 2.126 5.503 5.903 5.195 2.337 3.997 6.371 3.948 3.831 5.900 3.831 6.320 3.440 5.400 4.624 2.319 2.256 4.055 4.313 3.456 2.147 4.764 5.441 4.500 5.986 4.662 6.622 4.135 3.401 2.457 
7.545 2.336 9.360 0.904 5.792 4.874 6.994 0.937 2.964 2.363 5.476 6.101 8.227 7.251 4.414 4.492 2.878 1.950 4.723 2.309 4.232 7.514 7.480 9.095 7.537 8.894 1.221 8.628 2.539 7.275 5.859 6.725 2.249 5.694 8.587 1.820 7.836 8.474 8.857 7.571 7.151 4.398 3.137 7.992 5.084 10.066 0.725 10.247 5.714 5.064 3.447 6.309 6.642 1.254 8.281 2.774 6.746 1.673 6.379 8.476 8.541 3.011 6.256 9.798 4.083 7.582 8.575 5.623 5.125 2.646 6.688 5.729 6.283 3.978 6.043 7.948 5.683 8.836 8.696 3.194 8.727 6.026 3.929 4.652 2.479 2.968 7.273 5.632 8.476 7.963 6.907 7.018 4.323 9.201 8.537 8.349 1.937 9.137 1.781 5.401 
3.374 2.106 5.920 3.550 2.130 0.642 4.636 5.041 2.603 5.332 5.913 2.194 4.030 6.559 1.066 6.367 2.727 4.408 1.176 4.655 1.737 3.803 3.186 6.173 5.418 4.763 3.278 4.451 5.776 3.251 3.259 3.148 3.664 2.405 4.439 3.732 3.718 4.355 5.185 3.574 7.386 6.461 1.279 3.743 6.241 6.742 4.875 7.828 3.286 3.420 5.760 6.478 3.211 3.300 5.953 1.522 2.890 4.779 3.292 4.183 4.249 5.032 2.150 6.791 0.384 3.317 5.929 1.865 1.383 4.034 3.520 6.272 6.738 5.553 1.862 3.795 6.977 5.190 4.441 5.930 4.486 7.019 2.041 5.909 4.619 1.328 3.268 5.032 4.266 4.837 3.505 5.944 5.855 5.822 7.261 4.324 5.639 5.224 2.526 1.505 
6.520 5.166 5.669 5.607 4.843 6.364 2.848 6.168 7.486 8.658 1.276 7.848 8.766 0.917 6.948 3.222 3.944 8.011 7.090 4.239 4.179 9.379 7.428 4.599 2.619 7.150 5.392 9.171 5.037 8.558 3.307 8.890 7.793 8.302 9.254 4.529 6.474 9.261 5.845 8.863 1.584 3.485 6.185 8.321 2.235 5.923 7.005 4.741 3.121 2.543 3.840 0.913 4.510 5.321 3.249 5.785 8.469 5.005 3.938 8.165 8.249 3.689 7.578 5.199 6.166 7.914 3.868 4.998 7.260 8.306 4.081 1.376 1.359 2.937 7.233 8.724 2.516 5.775 7.657 4.378 7.576 2.136 7.606 2.418 4.036 5.784 5.862 0.889 8.903 4.346 4.506 1.033 2.800 5.452 2.327 9.436 8.258 6.601 5.955 7.299 
4.592 5.785 2.915 6.811 3.616 5.685 0.857 7.830 7.780 9.750 3.952 6.836 7.065 2.522 6.538 5.807 4.831 8.938 6.560 6.096 4.016 8.131 5.722 1.825 0.177 4.809 6.518 7.415 7.169 7.200 2.238 7.849 8.473 7.566 7.536 5.959 4.408 7.588 3.241 7.456 4.087 6.060 6.300 6.606 4.906 3.141 8.411 2.563 2.249 2.636 6.160 3.682 2.746 6.467 0.599 6.083 7.315 6.795 2.345 6.218 6.297 5.766 6.442 2.464 5.849 6.274 1.102 3.871 6.575 8.959 2.264 4.135 4.131 5.305 6.129 7.127 5.288 3.165 5.505 6.669 5.394 4.921 7.505 4.972 5.903 5.993 3.935 2.677 7.138 1.774 2.574 1.840 5.290 2.699 2.161 7.861 9.599 4.060 6.667 6.495 
8.767 4.447 9.272 3.603 6.763 7.026 6.377 3.019 6.342 5.941 3.017 8.568 10.309 5.108 7.040 1.146 3.696 5.691 7.314 1.796 5.223 10.160 9.202 8.497 6.541 9.865 3.651 10.741 1.278 9.636 5.894 9.446 5.938 8.522 10.756 2.778 8.911 10.693 9.125 9.960 4.289 0.912 5.767 9.953 2.140 9.744 4.098 8.980 5.674 4.749 0.665 3.740 7.119 3.584 7.282 5.259 9.266 2.107 6.623 10.158 10.238 1.373 8.532 9.171 6.394 9.508 7.807 6.742 7.659 6.374 6.903 3.056 3.482 1.413 8.227 10.122 2.391 9.074 10.024 0.558 9.999 2.869 7.048 1.862 1.785 5.395 8.252 4.051 10.523 7.795 7.280 5.270 1.476 9.068 6.568 10.699 5.201 9.696 4.672 7.855 
5.475 0.834 6.984 1.495 3.567 3.322 4.617 2.790 3.143 4.427 3.917 4.849 6.670 5.283 3.340 3.831 0.522 3.667 3.605 1.975 1.932 6.440 5.670 6.701 5.200 6.751 1.187 7.098 3.126 5.931 3.463 5.731 3.369 4.833 7.098 1.091 5.712 7.023 6.524 6.254 5.587 3.885 2.135 6.346 3.936 7.675 3.119 7.905 3.318 2.706 3.110 4.667 4.310 1.144 5.928 1.632 5.546 2.188 4.005 6.660 6.735 2.385 4.830 7.402 2.673 5.905 6.192 3.447 3.941 3.882 4.315 4.248 4.788 3.048 4.536 6.457 4.663 6.497 6.698 3.250 6.703 4.830 3.539 3.540 1.941 1.731 5.098 3.599 6.896 5.571 4.562 4.907 3.386 6.819 6.420 7.004 4.266 6.871 1.528 4.135 
5.127 5.446 3.791 6.323 3.839 5.771 1.189 7.227 7.581 9.329 3.077 7.062 7.543 1.703 6.549 4.959 4.382 8.559 6.613 5.420 3.860 8.455 6.186 2.709 0.727 5.516 6.047 7.916 6.436 7.554 2.289 8.097 8.163 7.705 8.024 5.391 4.997 8.060 4.049 7.830 3.236 5.215 6.132 7.085 4.036 4.030 7.886 3.154 2.211 2.265 5.372 2.793 3.158 5.989 1.389 5.851 7.597 6.146 2.652 6.780 6.862 5.031 6.706 3.329 5.813 6.721 1.980 4.066 6.681 8.663 2.673 3.248 3.241 4.499 6.376 7.567 4.400 3.976 6.141 5.893 6.041 4.030 7.429 4.124 5.221 5.788 4.457 1.857 7.640 2.551 3.055 0.976 4.458 3.575 1.790 8.300 9.103 4.846 6.321 6.641 
7.141 1.966 9.051 0.704 5.427 4.430 6.771 1.379 2.525 2.354 5.516 5.640 7.773 7.206 3.953 4.686 2.662 1.773 4.262 2.456 3.904 7.050 7.043 8.840 7.347 8.499 0.975 8.172 2.871 6.815 5.588 6.261 1.913 5.231 8.128 1.792 7.440 8.015 8.520 7.110 7.207 4.615 2.683 7.542 5.202 9.774 1.044 10.055 5.455 4.857 3.666 6.341 6.310 1.030 8.079 2.337 6.283 1.920 6.075 8.037 8.101 3.158 5.800 9.539 3.636 7.135 8.344 5.247 4.664 2.354 6.381 5.790 6.347 4.111 5.591 7.490 5.834 8.501 8.277 3.468 8.311 6.149 3.471 4.769 2.604 2.531 6.889 5.557 8.022 7.676 6.582 6.927 4.464 8.898 8.449 7.887 2.112 8.772 1.335 4.942 
5.008 4.330 4.473 5.138 3.356 5.025 1.543 6.035 6.539 8.158 2.321 6.447 7.262 1.937 5.704 4.027 3.218 7.406 5.810 4.247 2.932 7.940 5.920 3.620 1.694 5.685 4.867 7.665 5.302 7.095 1.798 7.492 7.046 6.977 7.750 4.197 4.972 7.761 4.501 7.394 3.095 4.270 5.130 6.815 3.208 4.879 6.693 4.332 1.621 1.238 4.302 2.365 3.002 4.807 2.456 4.803 7.043 4.963 2.429 6.652 6.736 3.898 6.146 4.297 4.938 6.413 2.936 3.528 5.935 7.551 2.586 2.590 2.780 3.465 5.804 7.230 3.716 4.437 6.157 4.806 6.080 3.449 6.489 3.199 4.051 4.760 4.353 0.934 7.395 3.043 3.013 1.304 3.483 4.260 2.730 7.947 7.914 5.209 5.192 5.942 
4.671 4.026 4.355 4.911 2.975 4.633 1.452 5.881 6.199 7.905 2.555 6.053 6.893 2.330 5.320 4.147 2.957 7.132 5.422 4.154 2.554 7.550 5.556 3.607 1.788 5.403 4.629 7.298 5.258 6.709 1.438 7.098 6.744 6.585 7.381 4.017 4.653 7.389 4.307 7.009 3.457 4.380 4.775 6.449 3.391 4.822 6.491 4.485 1.249 0.873 4.326 2.690 2.679 4.574 2.550 4.464 6.651 4.845 2.104 6.306 6.391 3.866 5.755 4.301 4.556 6.042 2.960 3.142 5.544 7.246 2.288 2.850 3.089 3.528 5.413 6.855 3.946 4.247 5.840 4.812 5.768 3.716 6.121 3.335 3.965 4.413 4.023 1.182 7.031 2.892 2.715 1.686 3.585 4.147 3.072 7.569 7.697 4.982 4.897 5.549 
3.789 1.734 5.383 3.110 1.851 2.207 3.382 4.496 3.580 5.712 4.242 3.776 5.251 4.926 2.703 4.875 1.455 4.842 2.855 3.513 0.231 5.378 4.117 5.275 4.098 5.039 2.790 5.683 4.732 4.698 2.040 4.782 4.298 4.089 5.711 2.771 4.006 5.662 4.855 5.022 5.702 5.004 2.115 4.878 4.632 6.122 4.702 6.705 1.971 1.813 4.426 4.794 2.640 2.771 4.741 1.878 4.452 3.870 2.419 5.081 5.160 3.714 3.614 5.957 1.922 4.433 4.869 1.743 3.059 4.771 2.720 4.601 5.058 4.060 3.280 5.091 5.360 4.833 5.029 4.699 5.025 5.369 3.439 4.330 3.419 1.787 3.385 3.357 5.455 4.041 2.909 4.352 4.329 5.234 5.746 5.717 5.742 5.163 2.577 3.143 
6.953 1.808 8.913 0.710 5.262 4.220 6.678 1.597 2.315 2.376 5.556 5.419 7.556 7.201 3.732 4.799 2.587 1.720 4.041 2.560 3.762 6.828 6.837 8.730 7.270 8.315 0.925 7.954 3.047 6.594 5.473 6.039 1.767 5.009 7.910 1.827 7.257 7.796 8.367 6.889 7.251 4.738 2.468 7.329 5.279 9.644 1.227 9.975 5.346 4.777 3.792 6.374 6.162 0.991 7.997 2.134 6.061 2.070 5.942 7.830 7.894 3.256 5.582 9.427 3.426 6.923 8.246 5.077 4.444 2.229 6.247 5.838 6.396 4.198 5.376 7.272 5.925 8.350 8.081 3.619 8.117 6.225 3.252 4.846 2.696 2.328 6.712 5.541 7.806 7.551 6.437 6.900 4.554 8.763 8.422 7.666 2.220 8.605 1.130 4.722 
2.120 6.168 1.201 7.574 2.753 4.627 2.759 8.926 7.408 10.021 6.543 5.110 4.498 5.559 5.594 8.121 5.754 9.110 5.469 7.626 4.236 5.962 3.316 2.140 3.194 1.768 7.254 4.762 8.844 5.006 2.900 5.943 8.428 6.053 4.913 7.103 1.766 5.009 0.392 5.177 7.075 8.341 6.012 4.069 7.399 2.048 9.164 4.014 3.116 4.037 8.142 6.514 1.829 7.233 3.019 6.048 5.346 8.155 2.199 3.460 3.527 7.557 4.634 2.445 5.182 3.865 2.481 2.983 5.294 8.827 1.900 6.811 6.952 7.438 4.423 4.668 7.938 0.385 2.591 8.568 2.458 7.665 6.733 7.327 7.474 5.884 1.714 5.154 4.496 1.316 1.582 4.826 7.546 1.189 5.176 5.361 10.163 0.996 6.946 5.087 
5.855 3.392 5.988 3.811 3.921 4.970 3.096 4.501 5.726 6.867 1.478 6.531 7.801 2.695 5.406 2.573 2.161 6.203 5.590 2.641 2.772 8.122 6.537 5.240 3.337 6.788 3.586 8.227 3.660 7.393 2.721 7.545 5.986 6.839 8.281 2.758 5.921 8.257 5.878 7.713 3.023 2.788 4.498 7.386 1.994 6.466 5.262 5.940 2.496 1.586 2.681 2.096 4.003 3.517 4.099 4.063 7.196 3.382 3.461 7.403 7.487 2.255 6.336 5.927 4.628 6.951 4.572 3.990 5.818 6.499 3.713 1.837 2.308 1.895 5.995 7.695 2.678 5.823 7.090 3.173 7.040 2.622 5.938 1.814 2.440 4.085 5.262 1.057 7.976 4.514 4.118 2.452 1.994 5.783 3.964 8.365 6.508 6.497 4.156 5.908 
8.958 3.867 10.967 2.552 7.316 6.120 8.655 1.834 3.624 1.332 6.976 7.121 9.332 8.840 5.477 5.729 4.537 1.701 5.777 3.743 5.818 8.361 8.747 10.745 9.201 10.333 2.860 9.705 3.506 8.289 7.499 7.564 2.484 6.526 9.640 3.451 9.276 9.510 10.426 8.558 8.612 5.582 4.351 9.154 6.466 11.690 0.944 11.911 7.360 6.727 4.670 7.814 8.221 2.902 9.945 4.112 7.701 2.996 7.992 9.724 9.782 4.404 7.360 11.446 5.331 8.772 10.234 7.125 6.176 2.589 8.298 7.197 7.739 5.360 7.200 9.021 6.987 10.409 10.048 4.284 10.094 7.383 4.705 6.046 3.937 4.301 8.748 7.252 9.587 9.592 8.495 8.646 5.678 10.814 10.159 9.325 0.428 10.655 3.129 6.473 
5.385 6.009 3.678 6.886 4.253 6.244 1.490 7.774 8.129 9.895 3.444 7.486 7.840 1.759 7.047 5.366 4.947 9.124 7.099 5.949 4.393 8.837 6.490 2.474 0.755 5.640 6.611 8.200 6.939 7.920 2.750 8.513 8.725 8.164 8.316 5.947 5.217 8.362 4.063 8.186 3.338 5.626 6.673 7.381 4.410 3.800 8.445 2.644 2.700 2.823 5.843 3.043 3.478 6.553 1.095 6.402 7.998 6.682 3.018 7.022 7.102 5.536 7.113 3.025 6.323 7.035 1.748 4.492 7.150 9.224 2.989 3.572 3.485 4.957 6.789 7.887 4.706 3.986 6.327 6.370 6.218 4.300 7.952 4.538 5.749 6.334 4.721 2.332 7.923 2.606 3.335 1.171 4.890 3.466 1.380 8.621 9.665 4.886 6.884 7.096 
5.643 8.235 2.527 9.344 5.504 7.635 3.245 10.393 10.064 12.229 6.253 8.471 8.053 4.371 8.570 8.183 7.357 11.390 8.526 8.654 6.356 9.480 6.851 1.487 2.730 5.183 9.044 8.308 9.704 8.520 4.528 9.387 10.866 9.341 8.462 8.519 5.312 8.562 3.406 8.711 5.869 8.444 8.577 7.623 7.219 1.978 10.954 0.568 4.613 5.166 8.646 5.778 4.436 8.996 1.966 8.433 8.802 9.359 4.306 6.997 7.060 8.299 8.017 1.159 7.974 7.407 1.699 5.777 8.449 11.334 4.077 6.357 6.201 7.767 7.756 8.221 7.466 3.339 6.087 9.168 5.945 7.028 9.635 7.356 8.460 8.318 5.124 5.129 8.045 2.815 4.159 3.954 7.708 2.428 3.151 8.916 12.126 4.150 9.112 8.301 
4.496 1.017 6.765 2.384 2.969 1.777 5.029 3.872 1.918 4.302 5.463 3.173 5.169 6.472 1.587 5.586 1.992 3.389 1.864 3.670 1.847 4.729 4.366 6.828 5.758 5.873 2.126 5.584 4.718 4.308 3.663 3.997 2.735 3.076 5.559 2.704 4.817 5.463 6.111 4.623 7.060 5.644 0.471 4.904 5.622 7.554 3.703 8.338 3.617 3.436 4.859 6.133 3.986 2.155 6.387 0.350 3.862 3.692 3.915 5.363 5.429 4.139 3.233 7.488 1.009 4.485 6.477 2.742 2.225 3.176 4.190 5.813 6.325 4.794 2.981 4.914 6.358 6.104 5.604 4.958 5.642 6.477 1.901 5.247 3.668 0.165 4.311 4.831 5.412 5.537 4.279 5.950 5.124 6.642 7.381 5.392 4.520 6.247 1.351 2.450 
5.154 4.835 4.269 5.646 3.636 5.417 1.400 6.520 7.029 8.669 2.492 6.795 7.483 1.622 6.133 4.315 3.729 7.916 6.225 4.706 3.380 8.254 6.131 3.304 1.317 5.714 5.376 7.876 5.728 7.386 2.049 7.839 7.552 7.367 7.970 4.693 5.078 7.991 4.400 7.677 2.968 4.567 5.608 7.031 3.430 4.601 7.195 3.867 1.910 1.706 4.679 2.358 3.141 5.316 2.055 5.293 7.370 5.434 2.583 6.810 6.893 4.322 6.473 3.958 5.375 6.642 2.593 3.832 6.330 8.057 2.686 2.710 2.799 3.816 6.134 7.474 3.861 4.331 6.253 5.196 6.166 3.538 6.950 3.479 4.508 5.245 4.487 1.182 7.603 2.906 3.104 0.905 3.796 4.054 2.240 8.199 8.419 5.152 5.700 6.320 
9.441 5.812 9.334 5.217 7.479 8.162 6.412 4.766 7.899 7.689 2.585 9.740 11.269 4.417 8.334 1.183 4.832 7.412 8.584 3.319 6.125 11.351 10.059 8.357 6.360 10.378 5.211 11.701 3.027 10.729 6.306 10.684 7.607 9.828 11.738 4.252 9.516 11.696 9.362 11.054 3.177 1.136 7.138 10.876 1.668 9.669 5.844 8.467 6.082 5.182 2.052 2.983 7.594 5.138 7.028 6.630 10.433 3.796 7.044 10.960 11.043 2.686 9.634 8.977 7.624 10.434 7.631 7.518 8.893 8.062 7.281 2.411 2.582 1.996 9.308 11.126 1.293 9.301 10.682 2.279 10.634 1.768 8.502 1.784 3.232 6.738 8.856 3.944 11.462 7.917 7.695 4.815 1.711 9.120 5.826 11.757 6.949 10.034 6.192 9.052 
5.231 1.417 7.675 2.236 3.864 2.308 5.978 3.614 0.989 3.471 6.141 3.373 5.538 7.310 1.689 6.005 2.631 2.547 1.997 3.903 2.795 4.786 4.927 7.774 6.700 6.621 2.082 5.927 4.781 4.549 4.615 4.002 1.823 2.984 5.876 2.927 5.579 5.757 6.991 4.840 7.787 6.024 0.594 5.338 6.181 8.475 3.194 9.290 4.566 4.341 5.161 6.860 4.906 2.139 7.337 0.747 4.010 3.733 4.859 5.900 5.958 4.477 3.560 8.431 1.536 4.950 7.429 3.623 2.400 2.238 5.130 6.480 7.012 5.253 3.381 5.243 6.904 6.989 6.259 5.162 6.314 7.079 1.354 5.780 3.949 0.815 5.121 5.644 5.791 6.476 5.201 6.823 5.601 7.559 8.278 5.618 3.814 7.075 1.059 2.686 
2.701 4.862 6.002 6.223 3.362 2.154 6.080 7.688 4.342 7.278 8.409 0.789 1.444 8.606 2.449 9.100 5.496 6.402 2.141 7.450 4.192 1.269 1.587 6.805 6.859 3.755 5.983 1.801 8.559 0.458 4.948 1.143 5.559 1.664 1.739 6.520 3.085 1.621 5.082 0.783 9.705 9.211 3.727 1.391 8.871 6.834 7.330 8.677 5.087 5.617 8.544 8.849 4.122 6.015 7.145 4.155 0.544 7.548 4.551 2.189 2.210 7.815 0.646 7.236 2.856 1.189 6.864 3.165 1.738 5.731 4.602 8.765 9.171 8.283 0.966 1.117 9.594 5.127 2.968 8.724 3.090 9.571 3.281 8.576 7.413 3.973 3.163 7.315 1.701 5.542 4.323 7.897 8.565 6.003 8.944 1.532 7.829 4.670 5.090 1.453 
1.905 3.775 3.450 5.212 0.369 2.488 2.514 6.611 5.075 7.617 5.270 3.510 4.030 5.090 3.428 6.453 3.507 6.709 3.380 5.506 1.896 4.844 2.690 3.696 3.304 2.985 4.894 4.433 6.738 3.942 1.435 4.523 6.045 4.271 4.518 4.856 2.011 4.531 2.800 4.223 6.322 6.633 3.637 3.583 5.942 4.257 6.780 5.428 1.618 2.389 6.236 5.539 0.717 4.878 3.677 3.644 4.000 5.943 0.985 3.475 3.560 5.575 3.119 4.297 2.883 3.181 3.530 0.637 3.322 6.460 1.103 5.603 5.916 5.681 2.802 4.007 6.601 2.789 3.151 6.591 3.112 6.460 4.518 5.753 5.382 3.484 1.352 3.995 4.165 2.352 1.008 4.360 5.872 3.338 5.370 4.730 7.757 3.049 4.539 3.205 
2.806 6.941 0.569 8.329 3.550 5.427 3.127 9.656 8.214 10.817 6.970 5.850 5.045 5.774 6.394 8.641 6.474 9.908 6.263 8.291 4.995 6.606 3.960 1.860 3.389 2.094 8.009 5.264 9.497 5.661 3.541 6.644 9.231 6.809 5.425 7.815 2.420 5.539 0.439 5.806 7.332 8.871 6.815 4.640 7.865 1.337 9.928 3.610 3.745 4.644 8.735 6.854 2.587 7.984 3.032 6.844 6.044 8.849 2.888 3.949 4.006 8.180 5.371 1.938 5.988 4.488 2.407 3.785 6.078 9.631 2.578 7.214 7.300 7.994 5.176 5.252 8.358 0.422 3.013 9.181 2.868 8.049 7.534 7.829 8.132 6.682 2.483 5.590 5.011 1.615 2.319 5.074 8.075 0.695 5.188 5.915 10.944 1.055 7.731 5.863 
4.984 4.603 4.254 5.439 3.421 5.178 1.340 6.343 6.788 8.453 2.506 6.565 7.289 1.832 5.889 4.273 3.509 7.694 5.983 4.554 3.135 8.033 5.939 3.352 1.400 5.590 5.165 7.685 5.601 7.171 1.837 7.609 7.321 7.129 7.777 4.504 4.923 7.794 4.332 7.464 3.116 4.520 5.364 6.838 3.422 4.628 6.998 4.024 1.688 1.462 4.584 2.453 2.970 5.106 2.159 5.052 7.145 5.271 2.405 6.637 6.721 4.196 6.248 4.021 5.131 6.445 2.657 3.611 6.091 7.825 2.528 2.749 2.885 3.737 5.909 7.272 3.892 4.266 6.103 5.093 6.020 3.595 6.705 3.440 4.357 5.002 4.320 1.144 7.413 2.853 2.950 1.135 3.739 4.040 2.483 7.995 8.217 5.065 5.470 6.084 
5.171 3.986 4.875 4.720 3.404 4.912 1.952 5.581 6.241 7.755 2.016 6.385 7.340 2.089 5.531 3.619 2.835 7.020 5.659 3.783 2.749 7.915 6.015 4.068 2.159 5.938 4.457 7.751 4.837 7.099 1.927 7.427 6.691 6.856 7.828 3.755 5.169 7.828 4.848 7.406 3.027 3.856 4.866 6.901 2.847 5.312 6.259 4.793 1.721 1.081 3.849 2.210 3.196 4.395 2.922 4.510 7.005 4.502 2.623 6.793 6.878 3.434 6.113 4.751 4.754 6.486 3.393 3.547 5.813 7.200 2.821 2.319 2.589 3.025 5.769 7.285 3.405 4.788 6.355 4.349 6.287 3.186 6.256 2.800 3.586 4.482 4.531 0.667 7.487 3.422 3.246 1.574 3.063 4.665 3.070 7.991 7.486 5.526 4.835 5.843 
8.118 6.354 7.051 6.493 6.434 7.864 4.368 6.725 8.689 9.459 1.653 9.381 10.363 1.636 8.377 3.070 5.127 8.921 8.544 4.818 5.655 10.933 9.027 5.866 3.993 8.711 6.335 10.770 5.278 10.130 4.907 10.416 8.830 9.778 10.851 5.375 8.065 10.856 7.326 10.438 0.080 3.308 7.497 9.920 2.130 7.190 7.688 5.572 4.720 4.091 4.007 0.904 6.106 6.259 4.488 7.055 10.016 5.556 5.536 9.765 9.849 4.148 9.130 6.385 7.595 9.510 5.143 6.581 8.743 9.337 5.670 1.369 0.815 3.204 8.786 10.316 1.885 7.253 9.245 4.510 9.161 1.377 8.938 2.524 4.632 7.083 7.458 2.394 10.502 5.824 6.093 2.305 2.915 6.835 2.840 11.025 8.926 8.110 7.059 8.803 
7.109 2.754 9.574 2.383 5.769 4.141 7.720 3.067 1.338 1.615 7.167 4.891 7.123 8.666 3.340 6.514 3.891 0.723 3.616 4.274 4.571 6.033 6.700 9.615 8.398 8.499 2.492 7.474 4.705 6.035 6.397 5.239 0.124 4.210 7.395 3.480 7.467 7.254 8.902 6.286 8.863 6.455 2.506 6.993 6.961 10.365 2.161 11.051 6.319 5.941 5.509 7.965 6.797 2.569 9.076 2.512 5.424 3.772 6.713 7.637 7.687 4.966 5.187 10.285 3.414 6.644 9.226 5.531 3.996 0.520 6.994 7.468 8.024 5.896 5.077 6.795 7.623 8.899 8.083 5.321 8.148 7.905 2.410 6.530 4.404 2.653 7.027 6.982 7.380 8.340 7.090 8.282 6.253 9.453 9.786 7.040 2.192 8.983 1.884 4.300 
6.150 0.934 8.005 0.599 4.393 3.562 5.768 2.088 2.341 3.244 4.909 4.908 6.953 6.423 3.245 4.437 1.706 2.489 3.548 2.250 2.858 6.410 6.130 7.813 6.372 7.494 0.383 7.365 3.082 6.065 4.556 5.643 2.269 4.650 7.337 1.313 6.436 7.237 7.475 6.374 6.603 4.425 1.920 6.689 4.762 8.731 2.081 9.073 4.430 3.878 3.523 5.701 5.264 0.441 7.093 1.473 5.582 2.034 5.030 7.130 7.197 2.879 5.006 8.510 2.789 6.268 7.333 4.221 3.937 2.779 5.336 5.216 5.770 3.742 4.764 6.693 5.452 7.456 7.313 3.480 7.339 5.696 3.044 4.338 2.326 1.659 5.870 4.745 7.197 6.636 5.535 6.076 4.099 7.853 7.593 7.148 3.137 7.738 0.652 4.190 
5.302 2.569 5.889 3.179 3.313 4.148 3.148 4.092 4.893 6.220 2.324 5.720 7.098 3.433 4.549 3.060 1.352 5.502 4.740 2.418 1.983 7.322 5.877 5.322 3.577 6.349 2.919 7.528 3.590 6.623 2.393 6.723 5.221 5.992 7.572 2.232 5.416 7.537 5.646 6.946 3.885 3.229 3.637 6.699 2.698 6.459 4.724 6.272 2.179 1.280 2.866 2.958 3.596 2.857 4.337 3.210 6.395 3.073 3.109 6.783 6.866 2.265 5.550 6.026 3.773 6.258 4.715 3.338 4.979 5.733 3.397 2.681 3.168 2.275 5.213 6.969 3.420 5.600 6.555 3.276 6.519 3.427 5.077 2.424 2.242 3.226 4.754 1.748 7.285 4.406 3.763 3.063 2.485 5.696 4.582 7.621 5.947 6.182 3.371 5.081 
3.085 2.609 5.850 4.029 2.162 0.132 4.829 5.517 2.786 5.629 6.365 1.685 3.529 6.911 0.911 6.874 3.240 4.706 0.878 5.174 2.139 3.297 2.757 6.216 5.622 4.474 3.766 3.947 6.291 2.732 3.479 2.664 3.924 2.000 3.931 4.248 3.454 3.843 5.065 3.055 7.802 6.972 1.644 3.259 6.725 6.686 5.298 7.933 3.537 3.779 6.278 6.903 3.235 3.791 6.110 1.972 2.379 5.289 3.404 3.744 3.806 5.549 1.631 6.804 0.665 2.842 6.031 1.889 0.957 4.250 3.598 6.724 7.178 6.059 1.350 3.286 7.459 5.077 4.075 6.449 4.132 7.487 2.037 6.401 5.138 1.779 3.075 5.429 3.770 4.870 3.521 6.270 6.357 5.769 7.536 3.805 5.997 5.023 2.964 1.021 
5.627 5.643 4.240 6.418 4.284 6.160 1.694 7.231 7.839 9.453 2.781 7.491 8.032 1.206 6.905 4.707 4.524 8.712 6.985 5.373 4.172 8.909 6.675 3.095 1.184 6.022 6.155 8.409 6.327 8.017 2.711 8.530 8.359 8.104 8.514 5.437 5.502 8.548 4.538 8.298 2.762 4.967 6.413 7.574 3.747 4.423 7.946 3.276 2.609 2.512 5.208 2.395 3.647 6.094 1.727 6.103 8.041 6.118 3.129 7.282 7.364 4.929 7.147 3.673 6.156 7.205 2.363 4.501 7.073 8.865 3.166 2.909 2.840 4.316 6.814 8.049 4.047 4.464 6.648 5.738 6.549 3.649 7.746 3.881 5.171 6.053 4.956 1.718 8.133 3.045 3.554 0.522 4.238 4.025 1.434 8.780 9.179 5.341 6.506 7.047 
5.753 4.834 4.951 5.472 4.123 5.753 2.086 6.210 7.107 8.524 1.829 7.197 8.027 1.216 6.397 3.704 3.654 7.819 6.517 4.332 3.614 8.701 6.683 3.948 1.950 6.372 5.225 8.428 5.271 7.860 2.562 8.241 7.524 7.702 8.515 4.452 5.701 8.527 5.086 8.160 2.342 3.961 5.741 7.579 2.783 5.258 6.962 4.325 2.388 1.926 4.158 1.677 3.741 5.160 2.645 5.379 7.800 5.083 3.171 7.402 7.486 3.875 6.905 4.581 5.622 7.178 3.225 4.293 6.660 8.035 3.306 2.028 2.114 3.271 6.562 7.997 3.182 5.018 6.882 4.687 6.800 2.851 7.132 2.870 4.129 5.355 5.092 0.666 8.158 3.594 3.730 0.751 3.211 4.735 2.273 8.714 8.204 5.833 5.668 6.677 
6.961 7.003 5.055 7.634 5.744 7.642 3.043 8.279 9.250 10.690 3.306 8.963 9.410 1.220 8.382 5.206 5.833 9.996 8.465 6.357 5.634 10.360 8.057 3.742 2.332 7.191 7.395 9.773 7.149 9.455 4.184 10.000 9.701 9.586 9.887 6.589 6.793 9.931 5.555 9.729 2.428 5.467 7.849 8.951 4.192 5.001 9.088 3.093 4.089 3.953 5.929 2.598 5.036 7.329 2.461 7.515 9.502 7.122 4.549 8.599 8.679 5.811 8.610 4.129 7.628 8.599 3.090 5.968 8.555 10.212 4.547 3.270 2.946 5.031 8.280 9.449 4.235 5.477 7.898 6.467 7.786 3.749 9.203 4.457 6.153 7.477 6.296 2.781 9.496 4.146 4.906 1.444 4.856 4.853 0.353 10.183 10.337 6.391 7.845 8.527 
2.702 2.640 5.288 4.123 1.557 0.609 4.224 5.613 3.263 6.010 5.949 2.060 3.584 6.375 1.511 6.603 3.037 5.086 1.487 5.054 1.705 3.645 2.607 5.614 5.020 4.089 3.835 4.014 6.220 2.956 2.885 3.092 4.341 2.547 4.024 4.178 3.041 3.961 4.531 3.281 7.328 6.721 1.954 3.252 6.375 6.118 5.509 7.323 2.954 3.264 6.086 6.443 2.635 3.848 5.500 2.157 2.719 5.256 2.794 3.606 3.677 5.361 1.870 6.211 1.036 2.811 5.421 1.283 1.517 4.705 2.989 6.307 6.739 5.786 1.537 3.391 7.101 4.538 3.797 6.304 3.835 7.095 2.608 6.074 4.995 1.965 2.592 4.941 3.805 4.270 2.923 5.718 6.065 5.199 6.954 3.988 6.305 4.549 3.157 1.503 
0.811 5.332 2.542 6.803 1.896 3.419 3.255 8.232 6.276 9.012 6.680 3.772 3.288 6.102 4.373 8.023 5.161 8.090 4.218 7.165 3.536 4.646 2.020 3.370 3.903 1.335 6.489 3.603 8.397 3.686 2.770 4.602 7.360 4.725 3.737 6.506 0.559 3.811 1.647 3.875 7.506 8.216 4.956 2.839 7.435 3.385 8.334 5.258 2.992 3.887 7.868 6.818 1.480 6.479 3.959 5.072 4.006 7.597 2.048 2.370 2.448 7.219 3.294 3.763 4.055 2.581 3.547 2.045 4.010 7.725 1.868 6.990 7.230 7.273 3.093 3.413 8.053 1.680 1.712 8.237 1.628 7.856 5.519 7.287 7.039 4.894 0.430 5.328 3.328 2.217 1.443 5.349 7.440 2.530 6.010 4.130 9.243 1.528 6.030 3.786 
2.885 4.120 3.082 5.399 1.495 3.564 1.289 6.660 5.842 8.109 4.343 4.727 5.207 3.897 4.441 5.775 3.474 7.239 4.446 5.251 2.173 6.083 3.851 2.881 2.087 3.615 5.082 5.595 6.461 5.179 0.506 5.751 6.669 5.439 5.692 4.796 2.848 5.718 2.749 5.456 5.211 5.985 4.356 4.752 5.124 3.763 7.020 4.419 0.722 1.649 5.750 4.488 0.875 5.049 2.543 4.228 5.236 5.814 0.303 4.535 4.619 5.163 4.350 3.559 3.787 4.371 2.531 1.744 4.449 7.128 0.511 4.650 4.894 5.066 4.027 5.210 5.723 2.706 4.034 6.173 3.961 5.516 5.453 5.006 5.094 4.105 2.226 2.987 5.321 1.661 0.923 3.155 5.195 2.910 4.132 5.940 8.111 3.304 4.974 4.368 
6.169 1.758 7.301 1.699 4.192 4.237 4.687 2.520 3.969 4.751 3.188 5.783 7.540 4.809 4.295 2.885 0.939 4.117 4.557 1.125 2.564 7.381 6.479 6.846 5.153 7.378 1.502 7.971 2.348 6.847 3.738 6.680 3.989 5.788 7.980 0.656 6.366 7.913 6.948 7.171 4.884 2.931 3.081 7.198 3.066 7.928 3.164 7.851 3.553 2.758 2.164 3.990 4.775 1.428 5.910 2.573 6.482 1.584 4.381 7.456 7.533 1.436 5.744 7.552 3.617 6.754 6.266 4.119 4.888 4.496 4.689 3.492 4.047 2.116 5.440 7.344 3.777 6.912 7.414 2.346 7.407 3.990 4.461 2.653 1.041 2.681 5.727 3.169 7.760 5.838 4.996 4.553 2.462 7.120 6.072 7.912 4.402 7.384 2.269 5.074 
4.299 7.632 1.049 8.891 4.530 6.599 2.954 10.087 9.223 11.615 6.585 7.252 6.637 5.000 7.560 8.427 6.931 10.736 7.475 8.504 5.677 8.140 5.492 0.810 2.807 3.710 8.577 6.871 9.645 7.185 3.935 8.113 10.134 8.170 7.029 8.202 3.940 7.138 1.966 7.353 6.576 8.677 7.761 6.221 7.538 0.578 10.514 2.037 4.082 4.835 8.716 6.281 3.451 8.540 2.162 7.695 7.518 9.148 3.497 5.555 5.615 8.261 6.782 0.349 7.044 6.037 1.534 4.796 7.347 10.574 3.212 6.763 6.727 7.889 6.551 6.827 7.913 1.905 4.627 9.209 4.483 7.532 8.671 7.592 8.323 7.556 3.852 5.291 6.614 1.868 3.156 4.409 7.898 0.994 4.086 7.505 11.622 2.665 8.482 7.167 
8.216 3.299 9.321 2.114 6.258 6.028 6.589 1.342 4.846 4.263 4.016 7.479 9.413 6.033 5.851 2.584 2.979 4.016 6.147 1.033 4.618 9.019 8.442 8.765 6.943 9.449 2.255 9.838 0.466 8.610 5.773 8.264 4.313 7.282 9.828 1.682 8.428 9.743 9.009 8.927 5.564 2.437 4.529 9.104 3.376 9.909 2.417 9.570 5.576 4.721 1.531 4.840 6.849 2.204 7.708 4.046 8.167 0.615 6.440 9.433 9.508 1.437 7.523 9.466 5.307 8.667 8.137 6.170 6.523 4.728 6.745 4.182 4.699 2.302 7.250 9.184 3.850 8.970 9.452 1.151 9.451 4.266 5.665 2.976 1.214 4.213 7.795 4.627 9.645 7.844 7.064 5.998 2.586 9.133 7.446 9.692 3.554 9.460 3.276 6.757 
2.395 5.441 1.673 6.791 2.207 4.285 1.813 8.093 6.909 9.379 5.560 5.062 4.886 4.658 5.242 7.139 4.907 8.484 5.167 6.712 3.479 6.142 3.583 1.927 2.351 2.556 6.472 5.209 7.920 5.185 1.963 5.994 7.851 5.932 5.341 6.242 2.159 5.411 1.305 5.405 6.144 7.361 5.458 4.433 6.413 2.438 8.402 3.768 2.170 3.079 7.181 5.552 1.135 6.444 2.352 5.423 5.417 7.271 1.319 3.970 4.047 6.612 4.612 2.476 4.721 4.145 1.964 2.472 5.061 8.279 1.009 5.832 5.986 6.463 4.346 4.992 6.955 1.255 3.229 7.617 3.118 6.688 6.348 6.342 6.554 5.275 1.784 4.171 4.933 0.629 0.840 3.913 6.565 1.530 4.428 5.717 9.451 1.967 6.261 4.900 
3.935 5.960 2.044 7.121 3.307 5.439 1.057 8.250 7.780 9.959 4.746 6.435 6.427 3.404 6.349 6.545 5.139 9.110 6.330 6.616 4.066 7.622 5.111 1.118 1.025 3.999 6.814 6.754 7.745 6.672 2.241 7.412 8.577 7.237 6.885 6.364 3.704 6.951 2.372 6.907 4.968 6.791 6.293 5.972 5.683 2.356 8.741 2.483 2.336 2.982 6.810 4.535 2.297 6.771 0.807 6.143 6.853 7.277 2.057 5.514 5.590 6.357 6.010 1.821 5.719 5.672 0.592 3.578 6.292 9.044 1.869 4.953 4.983 5.988 5.717 6.522 6.107 2.295 4.746 7.302 4.626 5.760 7.385 5.712 6.432 6.029 3.306 3.414 6.478 0.961 2.060 2.715 6.007 1.827 2.930 7.250 9.889 3.200 6.833 6.175 
7.407 2.467 8.645 1.404 5.465 5.193 5.997 1.314 4.149 4.021 3.878 6.652 8.577 5.772 5.035 2.827 2.190 3.607 5.328 0.649 3.821 8.200 7.611 8.166 6.418 8.658 1.481 9.001 1.241 7.778 5.082 7.451 3.762 6.480 8.992 0.856 7.630 8.907 8.288 8.096 5.524 2.750 3.719 8.268 3.419 9.266 2.222 9.092 4.896 4.084 1.800 4.716 6.104 1.421 7.181 3.228 7.341 0.247 5.722 8.603 8.678 1.340 6.689 8.871 4.476 7.831 7.568 5.367 5.700 4.218 6.030 4.105 4.652 2.309 6.414 8.348 4.008 8.252 8.638 1.647 8.640 4.357 4.905 2.989 0.839 3.390 7.003 4.242 8.809 7.180 6.331 5.638 2.650 8.463 7.131 8.860 3.462 8.707 2.512 5.929 
3.911 6.745 7.040 8.046 5.137 4.078 7.714 9.482 5.879 8.714 10.309 2.560 1.446 10.376 4.218 11.036 7.429 7.899 3.913 9.362 6.116 1.155 2.726 8.064 8.460 4.447 7.826 1.261 10.449 1.481 6.711 1.943 7.058 2.977 1.087 8.420 4.199 0.952 6.117 1.155 11.550 11.147 5.540 1.880 10.797 7.809 9.023 9.951 6.873 7.479 10.473 10.715 5.721 7.865 8.635 6.001 1.877 9.424 6.219 2.552 2.505 9.744 2.579 8.375 4.739 2.168 8.260 4.978 3.523 7.129 6.210 10.663 11.052 10.219 2.901 1.315 11.516 6.178 3.514 10.642 3.662 11.480 4.799 10.507 9.332 5.828 4.530 9.171 1.487 6.925 5.868 9.647 10.500 7.094 10.577 0.587 9.372 5.495 6.885 3.282 
4.342 5.067 3.247 6.090 3.103 5.100 0.411 7.124 7.090 9.027 3.509 6.335 6.759 2.449 5.920 5.281 4.108 8.218 5.962 5.419 3.328 7.699 5.403 2.363 0.591 4.766 5.795 7.131 6.518 6.790 1.610 7.364 7.760 7.014 7.240 5.248 4.216 7.278 3.381 7.062 3.927 5.527 5.616 6.301 4.433 3.620 7.691 3.286 1.583 1.913 5.554 3.377 2.375 5.745 1.313 5.382 6.853 6.105 1.882 5.996 6.078 5.122 5.965 3.048 5.209 5.940 1.698 3.341 6.003 8.249 1.889 3.736 3.821 4.725 5.640 6.788 4.886 3.311 5.367 6.052 5.270 4.567 6.853 4.450 5.229 5.299 3.671 2.156 6.855 1.882 2.269 1.699 4.742 3.032 2.515 7.521 8.877 4.148 5.949 5.946 
7.177 2.647 8.124 2.003 5.188 5.245 5.379 2.123 4.646 4.820 3.056 6.774 8.566 4.966 5.238 2.144 1.966 4.353 5.512 0.192 3.576 8.362 7.508 7.554 5.740 8.361 1.963 8.996 1.373 7.855 4.590 7.644 4.420 6.722 9.003 1.004 7.362 8.933 7.837 8.178 4.707 2.120 3.971 8.225 2.627 8.703 3.039 8.383 4.388 3.518 1.231 3.894 5.705 1.889 6.505 3.462 7.471 0.956 5.273 8.483 8.561 0.584 6.753 8.256 4.596 7.782 6.928 5.128 5.859 4.899 5.574 3.286 3.835 1.529 6.454 8.365 3.252 7.796 8.426 1.326 8.415 3.572 5.281 2.194 0.021 3.595 6.716 3.474 8.786 6.645 5.907 4.863 1.881 7.934 6.342 8.925 4.283 8.317 2.941 6.059 
7.058 3.119 9.682 2.954 5.868 4.079 7.987 3.688 1.192 1.905 7.672 4.633 6.860 9.095 3.198 7.095 4.310 1.173 3.445 4.856 4.808 5.654 6.549 9.806 8.691 8.442 3.030 7.190 5.322 5.742 6.635 4.872 0.548 3.867 7.099 4.027 7.431 6.951 8.968 5.973 9.364 7.044 2.603 6.767 7.509 10.490 2.766 11.308 6.576 6.274 6.102 8.457 6.925 3.107 9.346 2.727 5.113 4.379 6.891 7.454 7.498 5.540 4.971 10.462 3.414 6.443 9.456 5.618 3.798 0.320 7.160 7.982 8.535 6.458 4.901 6.520 8.182 8.971 7.964 5.928 8.039 8.449 2.146 7.080 4.977 2.835 7.036 7.410 7.116 8.506 7.220 8.677 6.816 9.572 10.168 6.709 2.644 8.991 2.294 4.100 
4.940 1.164 7.315 2.227 3.508 2.076 5.595 3.669 1.363 3.788 5.845 3.282 5.393 6.960 1.603 5.802 2.334 2.867 1.909 3.762 2.412 4.762 4.704 7.396 6.318 6.327 2.026 5.793 4.711 4.450 4.232 3.994 2.179 3.007 5.752 2.781 5.278 5.642 6.643 4.752 7.475 5.836 0.305 5.166 5.927 8.110 3.357 8.907 4.183 3.968 5.000 6.547 4.541 2.073 6.954 0.394 3.945 3.666 4.483 5.689 5.750 4.300 3.421 8.055 1.283 4.764 7.047 3.272 2.305 2.610 4.755 6.188 6.714 5.033 3.212 5.112 6.656 6.640 6.002 5.039 6.050 6.811 1.544 5.534 3.790 0.433 4.801 5.301 5.642 6.102 4.834 6.462 5.376 7.195 7.909 5.529 4.071 6.749 1.068 2.572 
