30 30 160
216.170 104.372 96.814 354.832 120.457 242.655 203.531 284.190 152.298 158.262 369.611 313.787 55.936 154.161 309.672 197.986 95.423 80.466 365.707 367.897 228.427 75.420 113.997 340.342 327.173 283.709 225.028 137.716 338.402 127.938 
57.892 232.247 281.822 119.803 28.975 349.273 191.400 140.028 333.198 372.265 239.802 244.335 210.983 126.142 244.139 210.526 367.743 327.088 41.554 160.590 85.957 336.976 249.480 324.006 352.798 155.966 28.474 384.455 31.634 212.832 
9.044 34.351 11.021 17.841 17.620 25.534 17.727 34.585 8.678 29.893 14.625 9.089 33.064 18.617 20.769 19.979 10.843 23.843 22.210 20.418 30.946 16.084 24.870 26.411 27.481 30.060 10.549 10.769 27.174 34.940 34.076 15.087 30.479 25.465 5.497 10.890 15.912 17.166 33.220 18.575 24.575 8.895 14.506 20.152 12.746 22.882 7.888 11.395 18.448 11.589 30.229 13.407 19.761 9.474 8.898 30.564 10.061 28.097 5.560 13.093 9.717 13.800 17.219 22.644 17.217 26.779 16.072 21.179 22.069 14.477 7.034 34.512 27.756 24.320 16.688 17.883 34.974 33.005 25.371 24.778 9.371 19.041 24.516 15.262 21.911 19.268 7.735 8.591 31.073 23.207 26.308 15.800 25.226 6.783 23.119 26.975 20.866 25.954 31.153 9.923 20.680 17.131 31.860 32.464 27.530 11.841 31.335 14.010 13.044 33.461 21.884 31.261 19.974 15.148 30.357 7.858 26.870 12.279 9.209 14.642 16.848 32.568 14.303 8.284 23.176 9.135 29.987 16.931 33.090 6.105 17.116 17.136 10.573 23.925 15.989 21.334 24.679 21.419 30.149 7.335 14.522 32.373 23.549 21.649 23.998 5.805 33.469 16.770 10.911 23.887 16.616 25.320 7.877 22.787 29.969 21.574 26.157 32.839 15.927 25.076 
567.797 1032.488 1099.426 777.673 410.884 1305.416 1016.047 812.476 1310.396 1358.516 1124.135 1137.960 968.649 803.507 1140.817 1096.148 1388.907 1252.720 450.309 896.271 654.439 1258.492 1087.758 1263.107 1350.314 915.899 426.453 1378.976 453.736 1012.268 
9.107 7.963 8.345 3.426 7.081 5.007 8.225 3.383 10.355 4.250 4.052 6.514 10.052 5.860 10.964 3.846 6.753 7.226 4.723 5.973 8.053 5.898 7.351 10.945 0.994 9.664 7.996 9.576 7.783 6.660 
11.272 3.068 12.544 13.986 6.212 6.694 5.372 11.546 0.819 14.229 10.101 12.073 3.547 10.470 3.407 8.349 7.333 11.514 7.463 8.787 2.781 7.583 3.261 0.887 10.677 1.788 2.726 1.071 10.859 3.957 
1.827 8.961 0.664 8.605 5.683 10.545 13.068 11.269 12.200 11.437 3.899 14.279 9.029 13.325 9.850 5.143 12.803 14.798 5.299 12.803 10.799 4.500 9.640 12.673 8.872 12.161 10.556 11.304 15.104 9.387 
14.278 9.779 13.841 7.589 10.756 4.662 6.375 2.610 10.552 5.258 9.429 1.047 12.361 0.826 13.064 8.486 4.100 1.599 8.920 2.496 8.445 10.228 8.512 11.049 4.680 9.562 8.579 10.146 2.426 7.882 
2.857 8.425 1.757 7.392 5.289 9.486 12.148 9.994 11.671 10.168 2.660 13.027 8.854 12.109 9.733 4.080 11.736 13.573 4.413 11.652 10.089 3.872 8.943 12.176 7.597 11.534 9.863 10.763 13.911 8.615 
15.000 7.101 15.520 12.901 9.951 4.790 1.805 8.597 5.592 11.645 11.628 7.415 9.273 6.060 9.530 9.898 3.112 6.429 9.573 4.542 4.820 10.499 5.799 5.822 9.174 4.659 5.101 5.781 5.443 5.725 
10.612 8.811 9.821 3.526 8.353 5.002 8.111 1.945 10.866 3.088 5.556 5.177 11.076 4.760 11.956 5.250 6.320 6.010 6.052 5.241 8.531 7.283 8.000 11.449 0.653 10.077 8.522 10.159 6.697 7.288 
9.130 6.793 8.668 4.767 6.338 3.698 6.916 3.414 9.050 5.145 4.251 6.153 9.014 5.207 9.900 3.438 5.571 6.663 4.108 4.988 6.735 5.389 6.081 9.639 1.430 8.337 6.690 8.290 7.054 5.380 
12.182 5.530 12.434 9.512 7.527 1.343 2.038 5.619 5.829 8.615 8.329 5.608 8.098 4.006 8.673 6.697 1.146 5.104 6.563 2.329 3.805 7.671 4.137 6.325 5.776 4.838 3.980 5.464 4.613 3.661 
13.932 7.486 14.020 9.910 9.445 2.927 2.923 5.325 7.419 8.358 9.753 4.217 10.037 2.749 10.575 8.271 0.847 3.433 8.287 1.221 5.629 9.465 6.083 7.849 6.281 6.396 5.836 7.195 2.738 5.630 
9.207 5.291 9.126 6.465 5.498 2.247 5.386 4.318 7.366 6.617 4.838 6.336 7.668 5.048 8.509 3.416 4.398 6.538 3.663 4.276 5.043 4.958 4.446 7.954 2.996 6.638 5.007 6.625 6.657 3.735 
12.530 4.724 13.945 15.738 7.669 8.334 6.606 13.217 2.158 15.946 11.759 13.554 4.476 11.961 3.968 10.037 8.732 12.910 9.122 10.255 4.456 9.132 5.014 1.645 12.418 3.131 4.437 2.799 12.173 5.706 
12.942 11.836 11.805 3.351 11.306 7.667 10.519 2.934 13.746 0.133 7.951 5.346 14.113 5.833 14.994 8.068 8.439 6.516 8.955 7.017 11.415 10.121 10.972 14.319 3.672 12.902 11.433 13.084 7.518 10.258 
9.289 0.824 10.420 11.910 4.101 5.345 5.194 9.945 2.438 12.429 7.852 10.983 2.623 9.397 3.122 6.109 6.613 10.627 5.213 7.828 1.933 5.373 1.494 2.932 8.778 2.552 1.675 1.545 10.160 2.170 
9.356 4.176 11.064 14.941 5.425 9.249 8.853 13.684 4.599 15.951 9.998 14.901 1.834 13.318 0.909 8.610 10.496 14.548 7.583 11.751 5.712 7.044 5.402 4.582 12.238 5.453 5.501 4.336 14.057 6.034 
9.484 6.336 9.169 5.496 6.260 2.913 6.132 3.414 8.414 5.560 4.767 5.813 8.667 4.716 9.525 3.686 4.805 6.200 4.186 4.315 6.085 5.496 5.510 9.000 1.936 7.664 6.059 7.684 6.495 4.800 
10.517 10.843 9.239 0.841 9.634 7.669 10.833 4.145 13.253 2.590 5.698 7.285 12.835 7.261 13.763 6.260 9.078 8.314 7.253 7.958 10.943 8.250 10.257 13.843 3.045 12.542 10.894 12.481 9.153 9.566 
10.546 4.580 10.771 8.418 6.046 0.566 3.296 5.274 5.801 8.052 6.692 6.207 7.166 4.657 7.866 5.037 2.704 6.006 4.913 3.278 3.495 6.052 3.336 6.365 4.757 4.936 3.558 5.206 5.773 2.685 
1.756 7.105 2.572 8.985 3.792 9.261 11.524 10.769 10.323 11.456 3.528 13.557 7.083 12.442 7.909 4.077 11.505 13.934 3.896 11.707 9.047 2.829 7.888 10.781 8.420 10.339 8.793 9.437 14.110 7.708 
14.605 9.658 14.261 8.293 10.866 4.539 5.888 3.310 10.205 6.012 9.845 1.232 12.251 0.450 12.915 8.790 3.628 1.071 9.149 2.072 8.178 10.446 8.344 10.681 5.244 9.199 8.333 9.854 1.699 7.748 
17.226 10.517 17.258 12.253 12.712 6.228 5.234 7.294 9.766 10.015 12.932 4.664 12.978 4.162 13.404 11.527 4.048 3.443 11.581 3.908 8.436 12.766 9.107 10.070 8.934 8.769 8.683 9.776 2.371 8.751 
11.774 3.244 12.850 13.336 6.566 5.598 3.945 10.495 0.667 13.292 9.957 10.781 4.599 9.186 4.663 8.142 5.981 10.166 7.367 7.483 1.865 7.735 2.782 1.141 9.863 0.359 1.954 1.005 9.471 3.357 
7.499 1.068 8.552 10.548 2.270 5.280 6.186 9.295 4.314 11.470 6.083 10.869 2.694 9.354 3.575 4.422 7.060 10.721 3.458 7.974 3.172 3.497 2.093 4.810 7.756 4.306 2.893 3.413 10.442 2.293 
0.823 9.090 2.522 10.996 5.821 11.770 13.887 13.246 12.181 13.711 5.882 16.090 8.446 14.990 9.117 6.625 14.001 16.482 6.414 14.248 11.205 5.254 10.064 12.574 10.871 12.347 10.935 11.339 16.659 9.983 
18.360 11.070 18.555 14.026 13.600 7.395 5.595 9.098 9.765 11.866 14.318 6.524 13.378 5.969 13.684 12.801 5.137 5.304 12.736 5.450 8.847 13.847 9.693 9.970 10.608 8.836 9.118 9.948 4.232 9.460 
5.181 4.238 5.689 7.999 1.784 5.857 8.080 8.186 7.453 9.633 2.919 10.594 5.315 9.324 6.263 1.602 8.080 10.811 0.678 8.405 5.815 0.688 4.666 7.982 6.078 7.263 5.586 6.543 10.866 4.364 
8.186 10.063 6.785 2.054 8.177 8.102 11.312 5.963 12.872 5.076 3.744 9.227 11.679 8.859 12.628 4.894 9.943 10.112 5.919 9.146 10.682 6.632 9.795 13.458 3.975 12.317 10.570 12.020 10.797 9.171 
12.506 8.955 11.958 5.770 9.387 4.139 6.720 0.919 10.317 3.965 7.566 2.827 11.458 2.335 12.246 6.791 4.594 3.563 7.351 3.187 8.045 8.659 7.844 10.863 2.715 9.397 8.119 9.762 4.261 7.154 
10.128 2.045 11.406 13.192 5.078 6.364 5.624 11.093 1.680 13.650 9.075 11.922 2.545 10.322 2.629 7.359 7.348 11.471 6.438 8.691 2.563 6.481 2.617 1.992 10.022 2.299 2.397 1.127 10.912 3.329 
11.828 3.289 12.848 13.089 6.603 5.263 3.562 10.162 1.051 12.980 9.845 10.405 4.839 8.811 4.958 8.020 5.598 9.783 7.279 7.106 1.643 7.709 2.660 1.506 9.583 0.037 1.780 1.222 9.086 3.180 
13.584 13.543 3.521 9.019 9.138 9.753 8.515 17.311 12.879 9.999 9.846 11.965 16.405 14.310 12.449 13.096 14.791 5.955 6.888 6.400 8.066 5.884 11.739 4.242 14.222 12.422 12.581 4.965 13.181 11.707 3.471 7.511 10.201 15.636 11.012 6.100 16.417 1.298 11.862 9.931 7.463 9.914 10.010 12.665 8.270 1.847 11.598 7.613 4.322 2.214 2.986 3.995 5.466 15.067 12.597 11.662 11.219 6.547 3.996 16.928 12.548 9.750 13.301 5.254 8.992 8.956 13.408 12.914 13.948 5.349 10.955 2.097 18.089 12.911 6.065 12.144 12.772 4.641 7.028 10.295 7.183 16.926 10.814 6.152 12.334 4.972 14.499 8.101 9.747 12.270 9.068 16.393 6.663 10.698 7.515 4.263 7.127 6.140 3.776 4.436 13.616 13.533 7.299 4.913 7.571 9.040 10.279 10.696 9.969 17.293 11.775 14.088 12.623 6.187 15.976 1.456 15.222 5.600 8.909 7.202 16.369 6.034 9.273 9.173 16.119 7.646 10.964 12.941 8.481 10.311 9.408 11.487 11.385 7.237 9.480 11.745 3.134 3.645 11.581 13.638 8.420 17.365 11.359 10.035 3.193 16.383 17.426 2.914 13.713 4.425 13.862 8.058 9.732 1.875 15.211 8.056 7.843 12.461 14.219 10.840 
5.088 9.698 5.019 8.984 11.038 9.815 2.125 10.015 13.002 3.606 1.541 6.208 10.785 9.401 5.387 7.069 9.356 3.432 2.551 5.793 9.585 8.889 3.264 4.683 6.273 5.095 4.101 3.716 13.498 4.420 7.575 4.085 4.382 7.493 8.473 2.647 10.550 7.990 5.516 8.590 2.590 6.483 8.213 5.502 1.439 7.023 5.348 8.188 4.956 6.843 9.496 4.640 3.720 6.889 4.966 4.913 4.385 6.058 7.754 10.050 10.095 2.073 8.251 4.840 10.633 10.443 5.689 6.129 13.850 9.653 11.196 8.853 11.159 4.552 2.896 12.825 5.203 6.601 3.293 2.651 2.571 10.357 4.724 2.486 4.176 4.207 8.235 9.100 5.096 4.275 3.630 10.881 6.567 3.966 2.211 5.429 1.863 2.449 4.986 9.139 5.433 6.911 1.987 5.088 1.972 1.392 9.571 2.613 7.413 10.669 5.295 11.076 4.546 2.527 9.433 7.744 9.974 9.131 1.842 4.614 9.184 4.461 4.472 8.868 9.495 1.408 3.057 13.580 2.933 6.083 2.817 3.723 4.718 1.417 3.591 4.108 6.222 6.572 9.356 6.260 0.860 10.868 3.092 10.670 5.692 10.201 10.322 5.893 7.375 7.212 5.350 5.404 11.100 8.404 8.706 2.012 1.511 12.816 10.593 10.747 
14.707 12.993 4.800 7.989 7.629 8.610 9.972 17.535 11.488 10.392 10.750 12.001 16.153 13.972 12.797 13.120 14.562 7.540 7.566 6.124 6.772 4.569 12.661 5.861 14.787 13.942 13.721 6.373 11.736 13.216 2.789 7.691 10.431 16.254 10.356 7.008 16.232 3.366 13.533 9.107 8.995 9.606 9.288 13.030 9.617 3.754 13.274 6.650 4.824 2.778 1.157 5.451 6.111 15.717 13.111 13.265 12.792 6.182 3.125 17.023 11.739 10.483 13.060 5.475 7.557 7.561 13.915 14.546 12.550 3.731 9.661 0.868 18.167 13.719 7.511 10.680 13.257 4.233 8.667 11.680 7.803 16.924 11.040 7.438 13.639 6.607 14.507 6.938 9.760 13.627 9.378 16.113 6.136 11.095 8.981 4.524 7.975 7.385 5.358 2.916 14.306 13.693 8.068 6.753 8.301 10.345 9.263 11.469 9.438 17.296 13.423 13.308 13.960 7.118 16.000 3.508 14.924 4.180 9.617 7.248 16.582 7.828 9.396 8.190 16.163 8.516 11.662 11.444 8.934 10.145 10.922 12.106 11.703 8.229 9.827 13.182 3.477 3.503 10.797 14.018 9.331 17.327 12.169 8.730 4.917 16.287 17.580 3.732 13.784 3.767 14.790 7.887 8.289 1.239 15.255 9.501 8.655 11.044 13.576 9.629 
14.960 6.483 9.799 2.255 1.319 1.528 12.981 13.274 2.660 8.914 11.191 8.320 10.196 8.096 10.160 8.995 8.996 11.933 8.832 5.690 2.199 4.349 12.524 11.117 12.528 16.266 14.271 10.713 2.951 15.624 6.850 7.142 8.268 13.910 4.381 9.406 10.524 11.169 16.721 3.172 12.643 5.655 3.696 10.389 12.285 10.827 16.536 3.224 8.019 8.593 7.679 10.457 8.408 13.619 11.083 16.137 15.608 5.394 6.296 12.311 4.508 10.337 7.830 7.243 1.276 1.278 11.623 17.350 3.727 5.119 1.034 8.276 13.215 12.788 11.414 1.935 11.060 6.218 12.869 13.866 8.706 11.836 8.568 10.817 14.974 11.571 9.937 2.374 7.068 15.209 8.116 10.051 4.905 9.312 12.361 7.528 9.557 10.655 10.764 5.920 12.709 9.976 9.316 12.431 9.267 12.588 2.238 11.092 4.619 12.170 16.509 5.832 15.378 9.517 11.179 11.141 9.002 4.671 9.775 6.623 12.437 12.965 7.380 2.416 11.390 9.864 10.901 2.755 8.494 6.469 13.902 10.855 9.334 10.171 8.455 15.246 8.006 7.159 4.014 11.156 10.415 12.034 11.708 0.606 10.948 10.925 13.023 8.772 9.662 6.075 14.131 5.873 0.578 8.372 10.665 12.613 9.717 2.229 6.563 1.373 
8.402 10.332 1.724 7.734 9.238 8.620 3.830 12.534 12.025 5.270 4.624 7.680 12.394 10.576 7.647 8.758 10.814 2.150 2.071 4.129 7.778 6.463 6.509 1.943 9.146 7.773 7.407 1.065 12.469 7.044 4.586 3.618 5.723 10.507 8.345 1.023 12.284 4.797 7.645 7.887 3.086 6.593 7.685 7.834 3.350 3.837 7.408 6.559 2.034 3.561 6.320 1.558 1.413 9.922 7.597 7.240 6.728 4.424 4.895 12.331 10.064 4.625 9.442 2.545 8.892 8.741 8.398 8.543 13.006 6.947 10.051 5.603 13.488 7.704 1.662 11.615 7.798 4.003 3.134 5.407 2.416 12.470 6.288 1.224 7.312 1.996 10.115 7.434 5.745 7.318 4.576 12.435 4.888 5.914 2.923 2.593 2.008 1.117 1.990 6.272 8.459 8.954 2.266 3.037 2.565 4.036 8.685 5.524 7.170 12.819 7.487 11.376 7.642 1.059 11.510 4.564 11.356 6.577 3.837 3.741 11.626 3.243 5.116 7.722 11.619 2.478 5.838 12.428 3.809 6.608 4.827 6.414 6.676 2.011 4.874 6.932 3.062 3.611 9.156 8.757 3.208 12.952 6.160 9.322 2.664 12.096 12.736 2.606 9.265 4.511 8.630 4.836 9.503 5.140 10.741 3.365 2.717 11.734 11.167 9.704 
6.900 4.699 8.031 6.265 8.745 6.815 7.241 6.371 9.252 1.523 4.085 1.117 5.841 4.277 1.901 2.169 4.310 7.998 4.519 5.162 7.601 8.185 4.606 8.523 4.274 9.102 6.414 7.556 9.768 8.630 8.427 3.509 0.867 5.736 4.317 5.579 5.700 11.034 10.065 5.176 7.629 2.687 4.659 2.147 6.565 10.149 9.969 6.315 6.692 8.823 10.510 8.124 5.679 5.364 2.747 9.365 8.904 5.207 8.252 5.920 5.581 3.180 3.125 5.779 8.316 8.098 3.340 10.327 9.872 9.345 7.878 10.297 7.080 4.531 7.340 9.395 2.738 6.990 8.256 7.134 4.174 5.946 0.413 6.671 7.424 8.399 3.544 7.007 1.521 7.766 2.021 5.902 5.484 1.313 7.245 6.777 4.758 6.529 8.565 9.312 4.372 2.536 4.428 9.447 4.141 6.356 6.177 3.396 3.722 6.308 9.818 6.215 7.812 5.574 4.988 10.838 4.902 8.618 3.319 3.917 5.418 9.189 1.768 6.024 5.121 4.533 3.010 10.001 2.786 1.869 7.788 2.706 1.007 5.158 1.733 8.096 7.916 7.670 5.119 3.068 4.365 6.409 3.784 7.732 9.200 5.511 6.434 8.121 2.719 7.557 5.863 3.466 8.469 9.986 4.218 7.130 4.234 9.216 5.591 7.356 
4.465 6.902 9.859 9.483 11.964 10.012 7.200 4.546 12.238 3.355 3.946 3.326 6.197 5.746 1.376 3.217 5.225 8.891 6.315 8.053 10.808 11.244 2.957 9.934 1.099 7.527 4.390 8.923 12.749 7.279 11.111 6.121 3.566 2.599 7.350 7.195 5.809 12.959 8.832 8.356 7.990 5.897 7.834 1.167 6.717 12.009 8.819 9.497 8.961 11.136 13.218 9.719 7.741 2.161 0.608 8.117 7.776 8.159 11.033 4.710 8.323 3.589 4.898 8.246 11.536 11.317 0.215 8.755 12.747 12.357 11.012 12.861 5.757 1.987 8.312 12.475 0.495 9.737 8.724 6.296 6.019 5.161 3.077 7.778 5.658 9.582 3.620 10.216 4.669 6.072 4.405 6.361 8.508 2.670 7.632 9.197 6.177 7.688 10.128 12.216 1.298 2.379 5.947 10.528 5.659 6.166 9.336 2.864 6.909 5.421 8.584 8.534 5.970 7.134 4.343 12.733 5.851 11.652 4.348 6.666 3.755 9.936 4.673 9.239 4.341 5.722 2.430 13.027 4.785 5.069 7.341 1.788 2.280 6.277 3.940 6.670 10.290 10.238 8.065 0.996 5.110 5.675 2.537 10.924 10.827 5.275 4.889 10.299 2.985 10.348 3.065 6.509 11.678 12.492 3.755 7.300 5.469 12.252 7.691 10.487 
11.748 1.512 10.517 4.016 6.002 3.863 11.614 8.413 4.760 6.148 8.817 4.310 5.223 3.120 6.272 4.550 4.035 11.607 7.887 6.127 5.630 7.413 9.503 11.503 8.424 13.957 11.309 10.731 5.252 13.447 9.062 6.076 5.326 9.623 1.415 8.858 5.541 12.942 14.823 2.666 11.715 3.127 2.440 6.449 10.893 12.271 14.702 5.139 8.709 10.300 10.726 10.926 8.329 9.463 7.329 14.141 13.655 5.927 8.629 7.391 0.719 7.877 3.054 7.656 5.676 5.495 7.635 15.168 5.155 8.593 4.102 10.948 8.249 9.296 10.962 5.205 7.220 7.781 12.201 11.856 7.602 6.875 5.277 10.265 12.317 11.663 5.172 5.175 4.426 12.650 5.891 5.088 5.760 6.189 11.352 8.463 8.455 10.097 11.342 9.042 8.896 5.559 8.120 12.699 7.921 10.879 2.962 8.268 2.546 7.201 14.581 1.722 12.708 8.918 6.275 12.820 4.018 7.887 7.706 5.939 7.636 12.805 5.054 3.748 6.488 8.489 7.905 5.600 6.628 3.443 12.327 7.587 5.831 9.027 5.974 12.938 9.435 8.788 1.038 6.963 8.670 7.054 8.682 4.499 11.802 5.951 8.112 9.995 5.106 8.059 10.577 4.845 5.398 10.832 5.840 11.390 8.230 4.873 1.859 3.633 
1.912 10.808 8.181 11.512 13.773 12.267 3.591 8.805 15.178 5.007 2.589 6.980 10.776 10.009 5.346 7.418 9.658 6.062 5.655 8.726 12.372 11.954 1.704 7.617 4.856 2.988 0.909 6.746 15.691 2.670 10.807 6.790 5.794 5.548 10.327 5.895 10.408 11.019 4.222 10.824 4.676 8.411 10.367 5.313 3.524 10.067 4.211 10.953 8.198 10.079 12.744 7.711 6.945 4.968 4.412 3.507 3.181 8.960 10.961 9.212 11.736 3.425 8.978 8.005 13.351 13.147 4.764 4.229 15.903 12.800 13.552 12.098 10.161 2.760 5.724 15.160 4.641 9.767 5.384 2.003 5.575 9.734 5.792 5.535 1.252 7.006 8.160 11.839 6.895 1.589 5.655 10.929 9.450 4.880 4.446 8.659 5.043 5.547 7.999 12.336 3.804 6.829 5.078 7.662 4.957 2.735 11.851 2.807 9.461 9.968 3.974 12.373 1.651 5.775 8.949 10.768 10.299 12.236 4.037 7.389 8.178 6.733 6.440 11.345 8.936 4.523 3.170 15.852 5.299 7.767 3.234 3.594 5.323 4.662 5.360 2.065 9.471 9.805 11.184 5.603 3.728 10.243 2.435 13.171 8.681 9.885 9.258 9.125 7.418 10.391 2.738 7.914 13.725 11.646 8.362 3.930 4.499 15.067 11.681 13.060 
14.659 4.216 11.783 3.910 4.567 3.161 13.893 11.279 1.786 8.824 11.430 7.307 7.695 5.899 9.275 7.598 6.831 13.423 9.871 7.295 4.995 7.185 12.340 12.967 11.467 16.624 14.150 12.359 2.242 16.063 9.439 8.012 8.033 12.671 3.501 10.697 8.112 13.686 17.354 3.445 13.808 5.463 3.717 9.462 13.168 13.189 17.208 5.321 9.921 11.017 10.633 12.333 9.917 12.510 10.319 16.701 16.194 7.021 8.915 10.197 2.335 10.497 6.067 8.957 4.433 4.349 10.664 17.802 2.123 8.154 2.237 11.104 10.931 12.251 12.822 2.474 10.224 8.466 14.188 14.392 9.647 9.595 8.104 12.153 15.079 13.279 8.151 4.832 6.960 15.385 8.342 7.513 6.657 8.990 13.473 9.532 10.534 11.983 12.704 8.854 11.908 8.607 10.229 14.250 10.089 13.283 2.711 11.024 4.481 9.886 17.120 3.001 15.477 10.784 9.120 13.616 6.646 7.589 10.171 7.675 10.562 14.567 7.497 3.799 9.333 10.691 10.708 2.648 8.964 6.060 14.703 10.464 8.737 11.146 8.534 15.594 10.278 9.491 2.647 10.008 11.034 9.686 11.508 3.112 13.031 8.639 10.921 10.973 8.145 8.521 13.555 6.643 3.827 11.118 8.773 13.605 10.471 2.027 3.926 2.136 
11.808 8.604 4.233 4.019 4.813 4.819 8.269 13.327 8.135 6.528 7.682 7.729 11.742 9.556 8.780 8.823 10.157 6.647 4.515 1.843 3.433 1.896 9.482 5.590 10.967 12.046 10.907 5.345 8.506 11.335 1.666 3.773 6.372 12.466 6.003 4.580 11.832 5.758 12.127 4.869 7.652 5.202 4.969 9.024 7.670 5.285 11.904 2.610 2.590 3.088 3.572 4.931 3.436 11.982 9.278 11.657 11.130 1.821 1.304 12.733 7.492 7.126 8.657 2.217 4.525 4.414 10.047 12.948 9.189 2.644 6.141 3.591 13.860 10.287 6.237 7.534 9.383 0.624 7.703 9.591 4.591 12.584 6.953 5.766 11.201 6.122 10.188 3.267 5.522 11.315 5.473 11.698 1.719 7.200 7.451 2.040 5.178 5.628 5.201 2.347 10.671 9.482 5.092 6.897 5.206 8.197 5.252 8.104 5.033 12.957 11.950 9.042 11.580 4.709 11.679 5.688 10.509 2.091 6.301 3.205 12.375 7.551 5.274 4.145 11.850 5.663 8.161 8.357 5.271 5.785 9.262 8.460 7.689 5.686 5.938 11.107 2.407 1.576 6.528 10.003 6.436 12.970 8.823 5.272 5.344 11.912 13.323 3.166 9.508 0.661 11.516 3.579 5.213 3.435 10.949 7.831 5.664 7.763 9.226 5.938 
11.578 1.810 12.946 7.270 9.223 7.115 12.901 6.102 7.244 7.180 9.686 4.606 2.233 1.424 6.094 4.013 1.953 13.490 9.808 8.873 8.892 10.608 9.732 13.731 7.564 14.417 11.410 12.845 7.650 14.040 12.042 8.231 6.428 8.360 4.478 10.866 2.692 15.642 15.542 5.884 13.261 5.397 5.573 6.159 12.224 14.882 15.474 8.318 11.260 13.085 13.831 13.227 10.612 8.406 7.101 14.828 14.402 8.730 11.656 4.951 3.619 8.817 2.539 10.207 8.915 8.742 7.050 15.659 7.230 11.806 7.162 13.968 5.526 9.078 12.827 7.935 6.905 10.677 13.861 12.686 9.477 4.257 6.066 12.134 12.605 13.748 3.634 8.426 6.069 12.995 7.402 2.041 8.674 6.889 12.879 11.120 10.216 11.978 13.663 12.200 8.356 4.736 9.872 14.806 9.613 12.005 6.217 8.843 5.346 4.503 15.292 2.482 12.956 10.894 4.012 15.492 1.439 11.086 8.967 8.299 5.567 14.698 6.717 6.997 4.207 10.088 8.381 8.100 8.218 5.203 13.424 7.854 6.233 10.696 7.276 13.464 12.183 11.634 4.302 6.200 10.011 4.266 9.013 7.689 14.211 3.304 5.654 12.642 4.131 11.039 10.156 7.290 8.584 13.804 3.950 12.786 9.794 7.504 1.578 6.751 
6.060 12.241 4.860 10.930 12.716 11.801 0.640 12.344 15.119 6.194 3.937 8.802 13.363 11.993 7.907 9.655 11.947 2.146 4.322 7.439 11.243 10.110 5.133 3.859 8.456 4.323 5.098 3.282 15.596 3.607 8.237 6.157 6.955 9.482 10.835 3.727 13.114 7.209 3.979 10.762 0.645 8.871 10.443 7.999 1.159 6.318 3.737 9.926 5.710 6.981 9.826 4.190 4.822 8.876 7.363 3.633 3.152 7.732 8.568 12.486 12.506 4.643 10.841 6.064 12.343 12.174 8.015 4.928 16.028 10.625 13.222 9.016 13.563 6.492 2.151 14.836 7.609 7.660 1.199 2.365 4.518 12.844 7.316 2.460 4.454 3.137 10.792 10.833 7.575 4.297 6.113 13.464 8.236 6.557 0.766 6.267 3.630 2.591 4.333 9.938 7.498 9.453 3.929 3.553 4.081 1.664 11.688 5.000 9.721 13.143 3.835 13.572 4.671 3.608 11.939 6.958 12.567 10.245 4.409 6.565 11.565 2.539 6.927 10.861 11.987 3.490 5.483 15.624 5.345 8.561 1.309 6.151 7.301 3.014 6.136 3.679 6.665 7.279 11.711 8.678 3.370 13.359 5.288 12.593 4.920 12.741 12.700 6.072 9.938 8.185 6.891 7.530 12.897 8.541 11.230 0.589 3.741 14.885 13.133 12.813 
10.029 1.746 11.654 6.825 9.040 6.867 11.331 5.322 7.742 5.624 8.093 3.022 2.312 0.181 4.505 2.422 0.903 12.019 8.385 7.811 8.462 9.934 8.137 12.357 6.114 12.819 9.829 11.441 8.202 12.437 11.087 6.916 4.899 7.047 3.932 9.452 2.504 14.456 13.938 5.395 11.726 4.280 4.980 4.581 10.663 13.656 13.870 7.663 10.043 11.974 12.984 11.882 9.292 7.025 5.528 13.224 12.798 7.708 10.749 4.268 3.733 7.233 0.988 9.008 8.684 8.489 5.531 14.060 7.938 11.154 7.235 13.028 5.120 7.521 11.357 8.287 5.340 9.675 12.342 11.084 8.047 3.744 4.500 10.670 11.013 12.329 2.303 7.937 4.676 11.400 5.926 2.251 7.730 5.302 11.342 9.959 8.746 10.519 12.322 11.442 6.844 3.213 8.405 13.387 8.136 10.422 5.974 7.240 4.507 4.075 13.688 3.229 11.367 9.471 3.166 14.293 1.061 10.414 7.419 7.060 4.607 13.223 5.301 6.540 3.380 8.585 6.778 8.600 6.741 3.909 11.836 6.251 4.633 9.201 5.762 11.862 11.058 10.580 4.084 4.702 8.465 3.946 7.412 7.584 12.899 2.832 4.991 11.455 2.621 10.098 8.638 6.126 8.480 12.822 2.832 11.230 8.288 7.917 2.267 6.759 
5.890 12.997 5.705 11.861 13.664 12.728 1.177 12.670 16.032 6.892 4.459 9.465 13.936 12.665 8.422 10.260 12.567 2.908 5.241 8.383 12.191 11.054 5.359 4.606 8.730 3.647 4.992 4.139 16.513 2.969 9.147 7.058 7.678 9.640 11.687 4.675 13.660 7.863 3.096 11.662 1.528 9.711 11.330 8.491 1.895 7.011 2.844 10.870 6.643 7.836 10.685 5.005 5.771 9.041 7.785 2.835 2.404 8.675 9.490 12.892 13.342 5.259 11.523 7.013 13.290 13.120 8.380 4.100 16.932 11.553 14.147 9.854 13.938 6.691 3.034 15.763 8.033 8.601 1.799 2.175 5.421 13.296 7.996 3.398 4.137 3.864 11.336 11.778 8.373 3.900 6.905 14.048 9.181 7.192 1.715 7.202 4.536 3.534 5.100 10.853 7.728 9.982 4.823 4.085 4.954 2.087 12.598 5.470 10.588 13.579 2.976 14.366 4.281 4.556 12.414 7.614 13.195 11.184 5.141 7.484 11.933 2.972 7.735 11.786 12.448 4.352 5.962 16.548 6.163 9.361 0.937 6.616 7.908 3.917 6.889 3.177 7.563 8.198 12.566 9.097 4.130 13.812 5.649 13.527 5.635 13.252 13.059 6.945 10.494 9.120 6.907 8.429 13.840 9.379 11.727 1.444 4.584 15.806 13.892 13.732 
9.985 7.815 3.735 4.368 5.932 5.253 6.745 11.782 8.665 4.764 5.862 6.259 10.590 8.494 7.096 7.383 8.977 5.530 2.764 0.782 4.460 3.589 7.649 4.892 9.211 10.382 9.095 4.346 9.101 9.685 3.023 1.998 4.702 10.705 5.440 3.059 10.614 6.150 10.584 4.687 6.279 4.109 4.588 7.335 6.095 5.434 10.375 3.185 1.882 3.609 5.123 4.257 2.004 10.206 7.520 10.069 9.537 1.063 2.914 11.277 7.107 5.293 7.484 0.881 5.564 5.402 8.303 11.342 9.663 4.470 6.681 4.886 12.425 8.461 5.007 8.236 7.639 1.618 6.466 7.922 2.796 11.204 5.304 4.424 9.439 5.242 8.779 4.074 4.015 9.574 3.715 10.575 1.509 5.452 6.025 1.630 3.466 4.265 4.633 4.152 8.870 7.939 3.334 6.182 3.417 6.546 5.386 6.271 4.306 11.575 10.392 8.560 9.824 3.179 10.270 6.010 9.404 3.871 4.469 1.498 10.830 6.595 3.646 4.375 10.427 3.914 6.335 9.050 3.449 4.499 7.716 6.654 5.998 4.024 4.179 9.416 2.694 2.278 6.150 8.322 4.657 11.623 6.990 5.942 5.009 10.610 11.827 3.164 8.038 2.234 9.683 2.240 6.146 4.592 9.518 6.337 3.883 8.363 8.552 6.350 
6.724 4.663 10.188 7.978 10.449 8.367 8.635 4.116 10.232 3.394 5.275 1.587 4.219 3.474 1.326 0.972 3.021 9.840 6.613 7.386 9.461 10.294 4.936 10.564 2.934 9.619 6.561 9.570 10.735 9.292 10.676 5.764 3.049 4.139 5.492 7.641 3.930 13.230 10.824 6.697 9.230 4.460 6.175 1.328 8.038 12.327 10.780 8.282 8.928 11.071 12.752 10.218 7.868 3.958 2.251 10.106 9.714 7.411 10.486 3.692 6.222 4.568 2.644 8.032 10.034 9.818 2.241 10.859 10.658 11.482 9.198 12.553 4.855 4.220 9.203 10.563 2.047 9.234 9.919 8.085 6.274 3.812 2.438 8.574 7.780 10.359 1.605 8.871 3.702 8.179 4.196 4.346 7.648 2.786 8.850 9.030 6.728 8.448 10.654 11.505 3.555 0.290 6.424 11.382 6.125 7.646 7.598 4.277 5.320 4.157 10.573 6.295 8.120 7.618 2.856 13.028 3.660 10.743 5.041 6.173 3.163 10.989 4.026 7.709 2.957 6.403 3.786 11.051 4.879 3.657 8.979 3.167 2.003 7.024 3.821 8.699 10.168 9.928 6.099 1.470 6.029 4.304 4.286 9.245 11.313 3.561 4.180 10.350 0.783 9.791 5.340 5.653 10.064 12.244 2.097 8.627 6.109 10.294 5.429 8.675 
10.802 2.681 13.135 8.106 10.195 8.048 12.602 4.897 8.425 6.953 9.300 4.329 1.052 1.365 5.493 3.490 1.181 13.422 9.827 9.296 9.744 11.323 9.122 13.814 6.667 13.803 10.722 12.887 8.842 13.475 12.559 8.398 6.274 7.332 5.231 10.896 1.477 15.949 15.004 6.686 13.058 5.766 6.313 5.513 11.954 15.146 14.954 9.038 11.535 13.466 14.433 13.350 10.769 7.432 6.427 14.285 13.885 9.187 12.210 3.740 4.657 8.485 2.435 10.501 9.865 9.681 6.259 15.042 8.442 12.538 8.225 14.498 4.311 8.338 12.761 9.086 6.210 11.153 13.695 12.222 9.486 3.037 5.823 12.081 11.958 13.765 2.744 9.244 6.145 12.361 7.345 0.896 9.194 6.557 12.674 11.452 10.158 11.933 13.791 12.863 7.534 4.007 9.820 14.821 9.544 11.660 7.145 8.378 5.928 3.284 14.753 3.672 12.291 10.910 2.845 15.784 0.545 11.804 8.749 8.552 4.405 14.620 6.758 7.825 3.031 9.967 7.898 9.284 8.155 5.401 13.047 7.317 5.833 10.589 7.147 12.884 12.551 12.067 5.217 5.388 9.792 3.054 8.458 8.688 14.376 2.086 4.438 12.948 3.410 11.565 9.329 7.619 9.587 14.299 2.895 12.530 9.669 8.668 2.722 7.788 
9.231 8.349 3.018 5.350 6.960 6.236 5.734 11.694 9.640 4.451 5.112 6.326 10.858 8.852 6.878 7.457 9.244 4.529 1.887 1.747 5.487 4.497 6.966 4.030 8.842 9.427 8.308 3.391 10.085 8.722 3.416 1.869 4.568 10.315 6.137 2.036 10.833 5.761 9.582 5.544 5.251 4.575 5.383 7.106 5.097 4.946 9.369 4.207 1.347 3.460 5.498 3.427 0.984 9.787 7.164 9.080 8.549 2.043 3.465 11.285 7.841 4.658 7.781 0.491 6.593 6.430 7.967 10.361 10.623 5.262 7.668 5.090 12.445 7.888 3.989 9.238 7.310 2.228 5.444 6.968 2.006 11.284 5.182 3.397 8.565 4.307 8.859 5.101 4.132 8.677 3.461 10.865 2.521 5.156 4.998 1.436 2.540 3.237 3.835 4.813 8.397 7.894 2.464 5.287 2.602 5.580 6.310 5.652 4.969 11.650 9.394 9.232 8.942 2.159 10.333 5.588 9.719 4.728 3.799 1.655 10.747 5.622 3.631 5.337 10.475 3.028 5.784 10.049 2.988 4.801 6.712 6.183 5.794 3.059 3.897 8.477 2.563 2.482 6.904 8.092 3.814 11.728 6.370 6.950 4.301 10.762 11.791 2.781 8.069 2.858 9.051 2.695 7.172 4.724 9.567 5.319 3.046 9.350 9.133 7.319 
8.318 3.100 10.660 7.116 9.517 7.366 9.805 4.581 8.866 4.194 6.503 1.603 3.126 1.889 2.795 0.716 1.628 10.709 7.211 7.262 8.695 9.835 6.434 11.219 4.490 11.121 8.115 10.261 9.356 10.755 10.600 5.986 3.576 5.560 4.378 8.277 3.010 13.596 12.267 5.737 10.281 3.899 5.242 2.866 9.161 12.742 12.206 7.667 9.196 11.251 12.607 10.799 8.288 5.462 3.813 11.550 11.135 7.222 10.333 3.771 4.806 5.687 1.086 8.211 9.122 8.912 3.844 12.362 9.212 11.052 8.021 12.527 4.855 5.808 10.052 9.279 3.626 9.154 10.930 9.447 6.866 3.551 3.071 9.385 9.306 11.112 1.223 8.124 3.718 9.696 4.704 3.190 7.356 3.763 9.897 9.200 7.472 9.243 11.240 11.203 5.159 1.552 7.142 12.160 6.856 8.862 6.529 5.598 4.514 3.923 12.016 4.722 9.657 8.278 2.667 13.413 2.253 10.305 5.980 6.261 3.699 11.896 4.246 6.834 2.854 7.241 5.124 9.704 5.492 3.250 10.251 4.570 3.035 7.867 4.447 10.174 10.332 9.966 4.839 3.043 7.018 3.941 5.725 8.191 11.859 2.921 4.429 10.629 1.016 9.651 6.944 5.500 9.053 12.268 1.995 9.740 6.941 8.970 3.834 7.510 
3.596 8.599 7.109 9.233 11.546 9.968 3.950 7.804 12.843 2.672 0.771 4.813 9.012 7.956 3.470 5.423 7.728 5.719 3.923 6.670 10.176 9.958 1.226 6.932 3.992 5.192 2.808 5.942 13.356 4.719 9.137 4.659 3.467 5.210 7.994 4.509 8.710 10.161 6.180 8.499 4.733 6.075 8.037 3.520 3.457 9.194 6.100 8.760 6.651 8.726 11.179 6.826 5.359 4.608 2.814 5.471 5.029 6.876 9.205 7.936 9.427 1.171 6.866 6.228 11.119 10.911 3.468 6.414 13.567 10.898 11.233 10.648 9.009 2.320 5.183 12.835 3.061 7.946 5.471 3.316 3.739 8.318 3.513 4.732 3.586 6.489 6.391 9.626 4.559 3.893 3.355 9.137 7.342 2.601 4.381 7.028 3.500 4.671 7.199 10.536 3.147 5.031 3.397 7.376 3.181 2.922 9.527 0.535 7.127 8.606 5.930 10.129 3.987 4.415 7.433 9.921 8.367 10.282 1.959 5.272 7.012 6.710 4.117 9.055 7.467 2.965 1.011 13.522 3.112 5.436 4.192 1.639 3.153 3.375 3.035 4.182 7.990 8.164 8.854 4.129 2.179 8.833 0.804 10.878 7.907 8.279 8.148 7.807 5.570 8.580 3.331 5.670 11.460 10.226 6.750 4.039 2.808 12.736 9.486 10.737 
9.603 9.659 1.717 6.383 7.700 7.263 5.409 12.794 10.676 5.474 5.591 7.544 12.132 10.150 7.924 8.669 10.520 3.680 2.419 2.835 6.256 4.847 7.500 2.843 9.733 9.305 8.633 2.401 11.099 8.581 3.052 3.113 5.708 11.172 7.415 1.906 12.091 4.505 9.247 6.737 4.705 5.886 6.617 8.140 4.874 3.657 9.014 5.118 0.425 2.455 4.947 2.204 0.961 10.617 8.089 8.821 8.303 3.110 3.309 12.445 9.109 5.335 9.068 1.176 7.371 7.232 8.900 10.122 11.687 5.340 8.680 4.353 13.608 8.562 3.265 10.201 8.258 2.387 4.729 6.892 2.685 12.482 6.317 2.832 8.694 3.245 10.067 5.957 5.391 8.743 4.561 12.144 3.513 6.172 4.532 0.976 2.819 2.708 2.583 4.697 9.184 9.042 2.905 4.143 3.144 5.497 7.435 6.314 6.255 12.845 9.083 10.522 9.046 2.029 11.526 4.320 11.007 4.958 4.472 2.963 11.856 4.644 4.851 6.408 11.660 3.361 6.530 11.021 3.955 6.098 6.408 7.013 6.864 3.137 4.961 8.424 1.695 2.052 8.161 9.112 4.180 12.937 7.010 7.901 3.002 11.995 12.924 1.612 9.257 2.893 9.627 4.004 8.010 3.926 10.756 4.952 3.492 10.356 10.440 8.372 
4.623 8.515 5.970 8.475 10.703 9.254 3.431 8.634 12.281 2.376 0.499 4.895 9.402 8.097 3.975 5.700 8.001 4.780 2.778 5.669 9.297 8.929 2.364 5.867 4.976 5.605 3.740 4.864 12.788 5.024 8.002 3.714 3.194 6.280 7.557 3.352 9.154 9.038 6.343 7.880 4.000 5.578 7.453 4.090 2.804 8.073 6.218 7.878 5.496 7.566 10.032 5.719 4.203 5.688 3.581 5.672 5.176 5.895 8.088 8.643 9.100 0.687 6.959 5.107 10.282 10.079 4.329 6.765 13.066 9.829 10.576 9.491 9.757 3.463 4.198 12.197 3.813 6.843 4.705 3.374 2.618 8.945 3.441 3.683 4.254 5.476 6.835 8.766 4.097 4.481 2.707 9.504 6.380 2.619 3.623 5.882 2.340 3.604 6.105 9.433 4.222 5.504 2.241 6.413 2.037 2.506 8.895 1.294 6.585 9.258 6.103 9.963 4.657 3.261 8.022 8.801 8.626 9.233 0.962 4.315 7.790 5.852 3.545 8.321 8.083 1.806 1.685 12.916 2.237 5.054 3.936 2.337 3.344 2.249 2.521 4.573 6.832 7.023 8.436 4.863 1.044 9.456 1.913 10.147 6.812 8.795 8.927 6.647 5.979 7.476 4.487 4.861 10.672 9.067 7.296 3.392 1.649 12.137 9.412 10.098 
1.633 11.334 8.615 12.103 14.362 12.858 3.838 9.038 15.761 5.586 3.177 7.503 11.183 10.493 5.815 7.896 10.111 6.383 6.205 9.302 12.959 12.520 2.182 7.984 5.127 2.539 0.767 7.146 16.274 2.335 11.327 7.375 6.367 5.676 10.902 6.400 10.799 11.395 3.885 11.412 4.946 8.993 10.953 5.766 3.870 10.451 3.907 11.540 8.710 10.550 13.244 8.115 7.468 5.119 4.845 3.186 2.933 9.538 11.494 9.508 12.297 4.016 9.480 8.549 13.940 13.736 5.129 3.773 16.480 13.352 14.141 12.580 10.419 3.062 6.092 15.748 5.066 10.313 5.626 2.104 6.136 10.060 6.348 5.954 0.701 7.347 8.581 12.427 7.476 1.089 6.245 11.342 10.030 5.438 4.751 9.181 5.577 5.978 8.384 12.874 4.074 7.266 5.627 7.946 5.517 3.082 12.439 3.377 10.045 10.280 3.644 12.909 1.082 6.277 9.304 11.143 10.750 12.795 4.623 7.972 8.457 6.971 7.028 11.936 9.280 5.065 3.721 16.438 5.888 8.342 3.335 4.107 5.853 5.170 5.947 1.721 9.966 10.325 11.756 5.986 4.281 10.564 2.961 13.762 9.056 10.256 9.514 9.596 7.862 10.934 2.774 8.504 14.315 12.124 8.744 4.218 5.054 15.653 12.202 13.648 
11.385 3.714 8.343 1.932 4.338 2.240 10.183 9.772 4.843 5.368 7.858 4.593 7.217 4.986 6.426 5.337 5.776 9.757 6.160 3.856 3.550 5.085 8.980 9.432 8.792 13.043 10.768 8.750 5.352 12.454 6.668 4.299 4.649 10.179 1.046 7.014 7.432 10.614 13.697 0.567 10.095 1.978 0.052 6.654 9.460 9.985 13.543 2.794 6.496 7.953 8.341 8.822 6.305 9.884 7.363 13.059 12.544 3.625 6.232 8.901 2.517 6.946 4.405 5.468 3.935 3.723 7.889 14.196 5.647 6.290 3.267 8.551 9.904 9.123 9.143 4.832 7.332 5.410 10.488 10.750 5.932 8.533 4.882 8.465 11.590 9.680 6.409 3.011 3.474 11.868 4.733 7.124 3.401 5.679 9.759 6.193 6.819 8.295 9.219 6.681 8.992 6.290 6.514 10.682 6.376 9.599 1.555 7.587 0.910 8.891 13.468 4.039 11.993 7.095 7.767 10.504 5.959 5.564 6.533 3.990 8.888 10.922 3.913 1.648 7.971 6.980 7.337 5.505 5.293 2.758 11.007 7.218 5.629 7.430 4.988 12.012 7.110 6.429 1.549 7.425 7.351 8.812 8.150 3.136 9.621 7.696 9.589 7.711 6.026 5.667 10.464 2.934 3.935 8.437 7.169 9.890 6.766 4.720 4.244 2.751 
1.982 9.851 8.279 10.854 13.179 11.577 4.162 7.856 14.389 4.217 2.149 6.020 9.752 9.009 4.335 6.413 8.642 6.439 5.395 8.282 11.811 11.559 0.695 7.879 3.894 3.998 1.185 6.945 14.904 3.694 10.617 6.284 4.967 4.718 9.497 5.816 9.384 11.233 5.244 10.082 5.175 7.624 9.608 4.295 3.927 10.269 5.228 10.395 8.063 10.055 12.619 7.887 6.778 4.120 3.389 4.528 4.188 8.495 10.721 8.221 10.852 2.804 7.993 7.741 12.752 12.543 3.749 5.238 15.080 12.472 12.823 12.033 9.191 1.802 6.015 14.415 3.617 9.484 5.912 2.832 5.256 8.728 4.901 5.713 2.187 7.329 7.136 11.260 6.113 2.569 4.977 9.905 8.967 4.000 4.891 8.482 4.870 5.694 8.216 12.072 2.854 5.807 4.836 8.086 4.662 3.184 11.111 2.001 8.686 8.969 4.996 11.431 2.558 5.706 7.932 10.985 9.282 11.871 3.550 6.895 7.198 7.244 5.714 10.672 7.923 4.329 2.280 15.086 4.742 6.939 4.004 2.623 4.376 4.601 4.634 3.090 9.379 9.628 10.340 4.582 3.508 9.238 1.491 12.491 8.916 8.864 8.292 9.113 6.398 10.116 2.138 7.303 13.086 11.595 7.340 4.421 4.238 14.299 10.717 12.321 
3.747 8.700 6.839 9.161 11.449 9.910 3.701 8.072 12.830 2.691 0.492 4.941 9.212 8.105 3.678 5.595 7.904 5.436 3.697 6.515 10.067 9.794 1.445 6.650 4.273 5.135 2.912 5.661 13.342 4.632 8.919 4.520 3.502 5.493 8.009 4.251 8.920 9.886 6.064 8.466 4.463 6.070 8.013 3.740 3.190 8.919 5.974 8.648 6.415 8.477 10.952 6.548 5.122 4.892 3.065 5.362 4.905 6.728 8.998 8.188 9.472 1.069 7.003 6.018 11.024 10.817 3.735 6.345 13.571 10.717 11.193 10.409 9.268 2.594 4.899 12.801 3.311 7.747 5.199 3.161 3.528 8.558 3.597 4.449 3.596 6.206 6.597 9.522 4.556 3.880 3.295 9.333 7.202 2.693 4.108 6.802 3.249 4.390 6.920 10.337 3.431 5.240 3.160 7.093 2.955 2.680 9.492 0.720 7.113 8.851 5.816 10.214 4.000 4.154 7.666 9.645 8.541 10.109 1.784 5.130 7.274 6.432 4.083 8.990 7.705 2.710 1.212 13.497 2.987 5.458 3.984 1.866 3.292 3.104 3.006 4.115 7.750 7.941 8.875 4.380 1.915 9.074 1.088 10.815 7.628 8.501 8.411 7.553 5.768 8.381 3.570 5.577 11.381 9.983 6.976 3.775 2.567 12.713 9.590 10.701 
2.759 10.319 7.313 10.711 12.937 11.483 2.977 8.948 14.461 4.346 1.774 6.523 10.581 9.640 5.057 7.079 9.366 5.310 4.748 7.846 11.524 11.060 1.621 6.808 4.992 3.481 1.761 5.909 14.971 3.000 9.896 5.935 5.157 5.894 9.660 4.989 10.247 10.194 4.479 10.079 4.003 7.712 9.637 5.066 2.776 9.236 4.414 10.106 7.290 9.184 11.837 6.867 6.034 5.292 4.236 3.765 3.343 8.085 10.050 9.243 11.127 2.674 8.566 7.096 12.517 12.315 4.726 4.696 15.215 11.895 12.792 11.199 10.251 2.935 4.924 14.408 4.479 8.859 4.736 1.750 4.676 9.706 5.232 4.686 2.017 6.226 7.952 10.998 6.202 2.253 4.894 10.720 8.579 4.320 3.732 7.748 4.132 4.687 7.172 11.426 3.976 6.597 4.171 6.942 4.057 2.013 11.101 2.246 8.746 9.966 4.228 11.849 2.419 4.870 8.870 9.945 10.008 11.336 3.198 6.528 8.248 6.074 5.706 10.553 8.879 3.613 2.686 15.115 4.475 7.112 2.854 3.228 4.858 3.756 4.639 2.464 8.566 8.895 10.528 5.509 2.822 10.220 2.097 12.380 7.863 9.768 9.360 8.232 7.163 9.482 3.292 7.099 12.910 10.748 8.234 3.248 3.595 14.333 11.204 12.307 
9.964 3.529 13.144 8.763 10.966 8.796 12.170 3.782 9.434 6.667 8.822 4.105 0.654 1.907 4.891 3.084 1.108 13.193 9.713 9.559 10.400 11.836 8.442 13.720 5.757 13.088 9.959 12.763 9.866 12.804 12.875 8.441 6.076 6.306 5.870 10.779 0.576 16.049 14.348 7.333 12.709 6.058 6.914 4.866 11.552 15.210 14.314 9.577 11.637 13.649 14.818 13.297 10.771 6.448 5.728 13.629 13.253 9.482 12.564 2.629 5.549 8.068 2.604 10.630 10.615 10.422 5.452 14.320 9.501 13.059 9.101 14.815 3.284 7.550 12.539 10.055 5.496 11.444 13.376 11.646 9.368 1.955 5.555 11.877 11.224 13.611 1.982 9.872 6.164 11.635 7.206 0.793 9.548 6.181 12.326 11.607 9.969 11.737 13.738 13.315 6.682 3.337 9.640 14.658 9.352 11.195 7.899 7.840 6.402 2.237 14.098 4.715 11.539 10.779 1.740 15.872 1.007 12.316 8.433 8.672 3.297 14.373 6.724 8.478 1.919 9.724 7.350 10.295 7.993 5.557 12.542 6.731 5.416 10.351 6.945 12.202 12.729 12.309 5.994 4.580 9.461 2.053 7.835 9.495 14.353 0.995 3.335 13.066 2.791 11.899 8.456 7.825 10.392 14.585 1.907 12.138 9.424 9.654 3.740 8.641 
5.144 7.847 5.918 7.800 10.059 8.568 4.018 8.395 11.573 1.713 1.142 4.297 8.891 7.493 3.596 5.167 7.447 5.070 2.486 5.117 8.668 8.404 2.770 5.981 4.922 6.314 4.316 4.969 12.080 5.737 7.640 3.115 2.516 6.310 6.844 3.253 8.671 9.015 7.053 7.176 4.468 4.864 6.744 3.744 3.350 8.059 6.925 7.249 5.226 7.356 9.705 5.756 3.945 5.739 3.386 6.384 5.886 5.326 7.683 8.314 8.392 0.434 6.345 4.719 9.636 9.430 4.178 7.478 12.354 9.348 9.880 9.218 9.449 3.675 4.449 11.498 3.597 6.413 5.138 4.083 2.254 8.563 2.817 3.861 4.923 5.670 6.369 8.128 3.385 5.167 1.996 8.982 5.798 2.062 4.084 5.562 2.226 3.756 6.165 9.001 4.291 5.070 2.029 6.656 1.764 3.151 8.194 1.427 5.873 8.889 6.814 9.275 5.327 3.184 7.623 8.785 8.064 8.728 0.433 3.726 7.517 6.201 2.832 7.639 7.699 1.759 1.636 12.213 1.586 4.346 4.595 2.188 2.828 2.328 1.811 5.283 6.573 6.683 7.723 4.600 1.238 9.068 2.142 9.466 6.863 8.349 8.648 6.467 5.504 7.049 4.825 4.196 10.008 8.810 6.879 3.923 1.510 11.433 8.743 9.398 
