30 30 40
44.728 41.300 39.072 83.747 83.550 63.137 90.268 26.977 19.463 81.943 57.486 44.515 67.123 90.107 84.708 74.624 26.708 62.051 17.352 56.834 72.429 61.316 57.578 50.860 37.783 33.309 85.903 90.900 55.566 77.790 
55.754 34.554 25.807 96.583 66.027 61.857 34.254 51.050 46.412 18.955 48.900 61.486 36.451 45.196 68.756 75.804 60.059 44.721 38.255 102.983 14.763 60.966 96.763 103.424 62.134 57.830 67.475 98.361 55.397 88.151 
11.855 31.026 27.260 13.275 18.076 10.340 7.849 8.549 30.154 14.235 20.302 12.811 12.590 30.034 27.281 23.858 31.327 27.928 21.071 7.668 15.923 15.572 12.002 27.401 26.799 23.851 29.585 34.283 25.807 29.395 31.573 29.898 27.081 20.334 27.026 23.471 30.149 26.988 11.551 33.385 
1022.501 788.154 717.854 1252.592 1020.868 1026.121 807.953 986.702 831.689 566.818 901.536 964.831 847.562 871.529 1082.285 1065.871 982.717 932.346 749.571 1239.566 540.106 1001.222 1283.775 1266.371 1047.866 996.549 1008.259 1216.055 1006.820 1220.609 
10.646 10.282 4.955 11.137 4.215 4.384 2.423 12.961 1.301 2.101 11.726 10.492 3.823 10.218 9.365 8.134 5.486 12.525 3.998 5.754 8.733 4.310 4.621 2.919 8.655 4.418 9.646 2.503 10.061 4.045 
4.455 6.786 14.508 1.027 11.570 13.944 10.211 12.664 9.924 9.043 12.829 7.675 11.114 8.444 9.965 16.709 7.680 11.387 7.823 7.339 14.260 9.545 12.850 8.232 18.346 7.572 4.834 9.368 4.902 7.232 
2.872 0.849 11.755 8.276 8.714 15.251 8.877 5.397 10.417 9.487 5.872 0.788 13.296 1.674 3.739 12.641 5.572 4.087 7.172 11.041 8.976 7.121 14.875 8.833 14.844 10.194 2.715 10.842 2.488 7.665 
3.009 2.524 9.529 6.708 6.398 11.972 5.939 7.483 7.144 6.190 7.200 3.050 9.933 3.304 4.154 11.154 2.571 6.424 3.924 7.794 8.303 4.466 11.529 5.498 13.078 6.856 1.939 7.488 2.299 4.309 
8.444 7.439 4.224 10.630 1.359 7.929 1.184 9.408 3.719 3.348 8.158 7.447 7.087 7.005 5.883 6.570 2.904 9.035 2.603 7.448 5.644 1.003 8.147 3.481 8.039 5.962 7.375 4.932 7.743 3.574 
13.529 12.171 0.995 15.735 4.125 8.048 5.328 12.158 6.785 7.182 10.535 11.955 9.095 11.288 9.564 2.927 8.072 12.318 7.665 11.313 5.829 6.104 9.174 7.784 3.065 9.896 12.460 8.104 12.800 8.417 
2.746 0.391 11.286 8.069 8.228 14.717 8.350 5.525 9.883 8.954 5.846 0.564 12.773 1.473 3.478 12.253 5.039 4.253 6.638 10.568 8.669 6.605 14.347 8.304 14.430 9.695 2.401 10.316 2.244 7.141 
2.196 4.589 13.547 3.280 10.471 14.244 9.489 10.443 9.782 8.824 10.704 5.473 11.620 6.289 7.959 15.420 6.485 9.149 7.113 8.229 12.588 8.447 13.362 8.001 17.249 8.046 2.753 9.536 2.727 6.832 
13.177 12.698 4.818 13.545 5.649 3.045 4.585 14.819 3.692 4.610 13.437 12.839 4.385 12.484 11.401 7.938 7.897 14.539 6.515 7.591 9.712 6.443 4.148 5.436 7.722 6.485 12.166 4.462 12.578 6.590 
11.353 12.140 10.375 9.113 9.194 5.118 6.991 16.523 4.518 4.749 15.651 12.703 2.252 12.819 12.778 13.558 8.262 15.735 6.582 2.291 13.717 8.326 3.622 4.854 13.964 2.800 10.669 3.180 11.070 5.638 
10.921 10.384 4.178 11.726 3.722 4.669 2.284 12.703 2.025 2.686 11.400 10.529 4.511 10.189 9.188 7.368 5.585 12.343 4.262 6.526 8.157 4.170 5.133 3.465 7.870 5.166 9.896 3.284 10.304 4.492 
2.058 3.944 12.015 3.861 8.950 12.891 7.950 9.782 8.331 7.362 9.823 4.815 10.368 5.497 6.912 13.945 4.965 8.554 5.580 7.233 11.262 6.921 12.094 6.545 15.736 6.841 1.925 8.179 2.139 5.351 
1.104 1.693 11.472 6.026 8.338 13.735 7.904 7.560 8.947 7.974 7.717 2.572 11.510 3.317 4.971 12.942 4.547 6.311 5.796 8.886 9.786 6.437 13.169 7.227 14.947 8.194 0.336 9.131 0.349 5.999 
2.645 3.442 10.427 5.171 7.349 11.811 6.444 8.926 7.097 6.117 8.735 4.188 9.485 4.654 5.708 12.339 3.362 7.798 4.129 6.826 9.742 5.324 11.165 5.330 14.131 6.125 1.802 7.149 2.216 4.099 
12.505 10.527 4.297 16.133 4.794 12.086 6.993 8.573 9.359 9.296 6.888 10.011 12.409 9.152 7.111 2.311 8.002 9.102 8.566 13.515 1.953 6.420 12.933 9.561 4.709 12.023 11.525 10.713 11.752 9.623 
9.058 7.536 3.715 12.083 1.128 9.497 3.149 8.121 5.695 5.397 6.681 7.300 9.014 6.645 5.030 5.094 3.953 8.007 4.392 9.483 3.592 2.243 9.926 5.519 6.982 8.003 8.007 6.959 8.311 5.461 
8.913 6.520 11.297 14.213 9.231 17.467 10.697 0.721 13.061 12.381 1.466 5.631 16.408 4.895 4.098 10.528 8.603 2.052 10.280 15.391 6.359 8.871 17.642 12.051 12.935 14.170 8.495 14.009 8.403 11.235 
6.033 6.985 9.892 5.122 7.320 8.906 5.495 12.008 4.768 3.928 11.478 7.647 6.246 7.934 8.413 12.525 4.273 11.026 3.381 3.227 11.058 5.514 7.986 3.149 13.814 2.686 5.372 4.237 5.765 2.416 
7.503 5.077 10.331 12.718 7.997 16.093 9.293 1.252 11.590 10.876 1.205 4.200 14.913 3.390 2.518 9.987 7.034 1.354 8.731 13.798 5.813 7.430 16.195 10.512 12.387 12.592 7.003 12.492 6.945 9.664 
8.861 9.463 8.837 7.616 7.034 6.068 4.832 13.812 2.843 2.547 12.985 9.997 3.320 10.094 10.073 11.861 5.558 13.008 3.925 1.722 11.413 5.838 5.063 2.330 12.676 0.333 8.095 1.694 8.508 2.927 
7.308 6.872 6.035 8.746 3.387 7.621 1.703 10.117 2.824 2.012 9.119 7.121 6.052 6.925 6.386 8.582 2.105 9.490 0.701 5.592 7.457 1.818 7.430 1.726 9.934 4.145 6.281 3.625 6.689 1.546 
2.298 4.582 13.103 3.139 10.045 13.695 9.001 10.462 9.244 8.289 10.636 5.471 11.072 6.241 7.813 15.041 6.062 9.189 6.615 7.702 12.310 8.014 12.812 7.465 16.833 7.498 2.638 8.987 2.698 6.304 
7.992 8.977 10.183 6.069 8.065 7.582 5.956 13.844 4.344 3.830 13.199 9.620 4.703 9.864 10.175 13.095 5.792 12.916 4.442 1.225 12.221 6.566 6.437 3.325 14.073 1.289 7.367 3.308 7.756 3.333 
15.392 13.832 3.147 17.907 6.084 9.845 7.545 12.952 9.046 9.450 11.274 13.511 11.212 12.762 10.877 2.215 10.069 13.329 9.833 13.575 6.306 8.116 11.118 10.043 0.798 12.163 14.334 10.354 14.648 10.634 
7.141 8.850 12.846 3.417 10.386 10.457 8.476 14.415 7.257 6.609 14.108 9.655 7.504 10.156 11.032 15.574 7.249 13.301 6.461 3.544 14.105 8.596 9.178 5.947 16.769 4.283 6.905 6.298 7.196 5.457 
9.961 10.978 10.889 7.414 9.233 6.655 7.024 15.737 4.845 4.722 15.012 11.611 3.686 11.828 12.032 13.977 7.563 14.851 6.032 0.779 13.617 8.022 5.249 4.531 14.653 2.062 9.364 3.504 9.749 4.966 
13.641 13.150 4.961 13.981 6.007 2.951 5.026 15.195 4.143 5.068 13.794 13.283 4.612 12.918 11.807 8.016 8.351 14.937 6.979 7.953 9.972 6.873 4.200 5.894 7.658 6.884 12.629 4.867 13.041 7.052 
5.264 5.756 8.908 5.871 6.112 9.211 4.566 10.507 4.597 3.632 9.931 6.332 6.857 6.524 6.875 11.332 2.741 9.567 2.205 4.534 9.592 4.180 8.535 2.812 12.793 3.589 4.416 4.526 4.836 1.644 
3.705 1.646 11.924 9.124 8.955 15.819 9.314 4.633 10.995 10.086 5.265 1.081 13.959 1.569 3.536 12.588 6.096 3.303 7.758 11.828 8.770 7.497 15.507 9.466 14.849 10.936 3.581 11.492 3.354 8.328 
1.866 1.307 10.801 6.639 7.670 13.410 7.370 7.000 8.589 7.629 7.050 2.091 11.304 2.707 4.233 12.198 3.990 5.797 5.378 8.915 9.013 5.817 12.927 6.918 14.226 8.106 0.974 8.881 1.115 5.711 
5.210 7.548 13.913 1.446 12.214 8.150 15.695 12.986 5.431 6.550 3.591 9.549 11.060 16.874 4.442 15.075 14.535 0.315 8.998 10.395 11.674 6.248 9.768 8.812 10.076 8.340 5.785 8.000 10.828 5.688 10.217 12.196 12.366 14.662 2.654 12.806 14.573 6.654 12.799 13.628 
7.365 5.133 13.910 2.730 10.184 5.718 14.201 12.357 4.703 4.645 4.998 9.652 9.150 15.166 2.048 15.187 14.210 2.271 8.680 8.547 12.331 6.305 7.772 7.863 7.716 7.867 4.531 7.890 11.391 3.335 9.158 10.328 12.752 13.575 1.824 11.687 15.074 5.931 12.008 13.185 
13.966 9.129 7.611 11.358 4.697 9.851 3.271 3.969 7.194 6.818 11.103 6.921 3.936 4.973 9.913 8.879 6.296 12.637 5.482 3.831 9.881 7.622 4.960 3.972 8.017 5.326 6.778 6.475 9.118 9.033 2.593 3.450 8.847 2.714 9.936 1.287 10.600 6.111 3.057 5.208 
0.844 12.538 13.147 5.116 15.978 13.274 18.044 13.698 8.050 10.600 3.834 9.263 14.636 19.649 9.504 13.929 14.416 5.696 9.735 13.895 9.695 7.165 13.623 10.820 14.782 9.551 9.046 8.585 9.219 10.581 12.190 15.599 10.917 16.190 6.934 14.573 12.594 8.812 13.877 13.863 
11.146 6.831 7.953 8.241 4.883 7.693 6.326 4.996 4.100 3.983 8.160 5.465 3.513 7.742 6.986 9.354 7.335 9.503 3.704 2.867 8.880 4.921 3.525 1.384 6.586 3.083 3.649 4.289 7.943 6.277 1.341 4.032 8.272 5.478 6.804 3.594 10.445 3.123 4.341 6.157 
12.843 15.000 0.542 13.009 12.420 15.918 9.485 3.894 9.811 11.816 11.330 4.907 11.353 11.577 14.212 1.020 1.860 14.701 5.820 10.929 4.405 8.245 11.821 7.511 14.944 6.710 10.427 6.561 4.510 13.973 7.087 11.214 2.913 6.496 12.649 6.611 3.128 8.690 4.807 2.684 
9.597 8.219 6.325 7.524 7.099 9.151 7.639 4.212 3.493 5.012 6.844 3.263 5.731 9.354 7.541 7.720 6.177 9.030 1.494 5.072 6.706 3.257 5.610 0.873 8.501 0.948 3.750 2.158 5.751 7.187 1.818 6.203 6.222 5.922 6.513 4.181 8.489 2.241 3.938 5.086 
13.216 2.367 16.863 8.531 8.060 1.577 13.494 14.194 8.232 5.538 10.579 13.247 7.821 13.632 4.239 18.259 16.500 8.033 11.720 7.656 16.513 10.429 6.513 9.832 4.076 10.798 7.211 11.434 15.506 3.655 10.537 8.889 16.482 14.137 6.963 12.426 18.837 8.973 13.520 15.331 
9.034 10.579 4.302 8.288 9.522 11.528 8.982 3.830 4.997 7.319 6.884 0.877 8.194 10.928 9.448 5.609 4.837 9.955 1.132 7.569 4.176 3.478 8.159 3.422 11.039 2.047 5.719 1.740 3.254 9.331 3.865 8.527 3.699 6.569 7.817 5.311 6.016 3.942 4.134 4.059 
8.205 9.908 5.245 7.308 9.405 10.865 9.444 4.661 4.117 6.646 5.938 1.124 8.032 11.314 8.597 6.520 5.811 8.977 0.883 7.362 4.544 2.499 7.828 3.152 10.569 1.508 4.937 0.780 3.551 8.559 3.946 8.498 4.358 7.221 6.869 5.792 6.720 3.157 4.843 5.002 
13.222 1.255 15.611 8.566 6.375 0.424 11.819 12.774 7.443 4.454 10.372 12.218 6.158 11.948 4.186 17.014 15.124 8.402 10.603 6.032 15.578 9.655 4.888 8.561 2.427 9.691 6.313 10.452 14.569 3.161 9.128 7.210 15.419 12.548 6.804 10.880 17.751 7.996 12.061 13.946 
8.243 4.319 14.212 3.583 9.641 4.859 13.909 12.445 4.929 4.273 5.791 10.031 8.684 14.767 1.334 15.520 14.396 3.122 8.931 8.123 12.854 6.738 7.271 7.885 6.956 8.077 4.536 8.229 11.894 2.629 9.109 9.875 13.190 13.467 2.370 11.582 15.533 6.102 12.036 13.337 
9.966 13.930 2.540 10.667 12.635 14.884 10.988 5.078 8.103 10.666 8.753 2.926 11.373 13.068 12.586 3.177 4.277 12.370 4.510 10.801 1.557 6.157 11.475 6.763 14.408 5.411 8.976 4.761 1.548 12.597 6.932 11.547 0.319 8.126 10.633 7.539 2.682 7.197 5.848 4.365 
8.929 3.410 14.015 4.240 8.768 3.998 13.180 12.039 4.761 3.554 6.300 9.943 7.855 13.966 0.461 15.353 14.079 3.999 8.714 7.323 12.920 6.751 6.428 7.451 6.031 7.828 4.155 8.114 11.940 1.715 8.597 9.051 13.150 12.882 2.709 11.006 15.510 5.844 11.575 12.988 
10.251 1.839 13.258 5.679 6.714 2.728 11.327 10.854 4.490 1.998 7.326 9.516 5.860 11.993 1.637 14.641 13.057 5.860 8.036 5.380 12.764 6.697 4.417 6.326 4.118 7.114 3.468 7.695 11.758 0.374 7.252 7.057 12.755 11.309 3.830 9.472 15.116 5.241 10.280 11.914 
16.348 8.855 10.753 13.078 2.842 9.319 2.820 7.090 9.138 7.627 13.316 10.015 3.217 2.921 10.587 11.964 9.284 14.079 8.444 3.732 13.083 10.138 4.666 6.486 6.889 8.094 8.362 9.304 12.294 9.446 5.383 2.028 12.067 4.885 11.393 4.375 13.789 8.313 6.185 8.279 
7.411 6.206 9.202 4.293 7.877 7.158 10.308 7.585 0.118 3.128 4.312 5.126 6.509 11.694 4.551 10.526 9.408 5.692 3.913 5.763 8.263 2.205 5.615 3.264 7.524 3.068 1.182 3.290 7.260 4.620 4.675 7.455 8.356 9.114 3.132 7.263 10.722 1.141 7.306 8.382 
11.983 2.462 16.417 7.315 8.614 2.140 13.839 13.969 7.475 5.129 9.442 12.609 8.164 14.169 3.178 17.798 16.203 6.726 11.178 7.880 15.774 9.622 6.765 9.475 4.846 10.258 6.566 10.775 14.775 2.948 10.336 9.301 15.850 14.202 5.852 12.419 18.216 8.349 13.358 15.052 
7.267 7.845 7.548 5.266 8.545 8.803 9.972 6.336 1.805 4.643 4.444 3.386 7.136 11.590 6.290 8.843 7.920 6.864 2.355 6.397 6.545 0.969 6.543 2.749 8.885 1.694 2.769 1.557 5.538 6.345 4.119 7.889 6.610 8.317 4.584 6.580 8.976 1.160 6.226 6.972 
6.119 13.041 6.475 7.877 13.591 13.986 13.504 8.026 6.850 9.949 5.616 3.658 12.196 15.456 10.929 7.102 8.019 9.501 5.144 11.495 2.825 4.647 11.814 7.338 14.250 5.639 8.012 4.444 2.428 11.340 8.209 12.737 4.091 10.981 8.464 9.835 5.761 6.525 8.529 7.764 
14.194 4.713 12.295 10.188 1.489 5.130 6.863 8.923 6.959 4.365 11.067 9.991 1.387 7.018 6.869 13.669 11.345 10.835 8.221 1.737 13.429 8.705 1.275 5.857 2.789 7.491 5.848 8.620 12.479 5.615 5.650 2.249 12.822 7.953 8.331 6.540 14.953 6.672 8.073 10.180 
9.160 6.388 8.206 6.254 6.386 7.333 8.344 5.995 2.084 3.142 6.138 4.726 4.977 9.772 5.669 9.593 8.062 7.596 3.069 4.236 8.158 3.107 4.412 1.427 6.968 2.161 1.925 3.078 7.159 5.287 2.759 5.772 7.891 7.211 4.944 5.340 10.217 1.132 5.580 6.951 
11.690 15.159 1.451 12.355 13.219 16.101 10.807 4.975 9.564 11.912 10.485 4.399 12.052 12.907 14.043 1.469 3.376 14.059 5.730 11.552 2.924 7.744 12.344 7.770 15.390 6.653 10.339 6.213 3.255 13.953 7.640 12.059 1.555 7.835 12.224 7.662 1.754 8.559 5.860 3.925 
7.419 9.600 5.967 6.525 9.626 10.559 10.072 5.473 3.593 6.364 5.112 1.647 8.230 11.888 8.071 7.196 6.622 8.205 1.498 7.529 4.769 1.737 7.880 3.387 10.467 1.697 4.544 0.480 3.760 8.139 4.405 8.797 4.827 7.959 6.189 6.454 7.190 2.819 5.615 5.827 
17.855 11.244 10.456 14.972 5.237 11.726 1.074 6.938 10.884 9.796 14.934 10.717 5.563 1.090 12.831 11.490 8.728 16.102 9.380 5.986 13.403 11.522 7.002 7.840 9.291 9.250 10.269 10.396 12.743 11.738 6.507 4.404 12.194 4.054 13.391 4.554 13.583 9.901 6.137 7.933 
6.479 11.776 5.860 7.267 12.102 12.729 12.117 6.821 5.589 8.619 5.211 2.305 10.709 14.039 9.855 6.743 7.157 8.953 3.666 10.011 3.016 3.378 10.354 5.846 12.858 4.147 6.706 2.958 2.174 10.151 6.729 11.245 3.807 9.689 7.550 8.446 5.911 5.131 7.240 6.726 
5.350 6.898 12.996 0.754 11.252 7.583 14.632 11.954 4.365 5.587 3.115 8.639 10.067 15.831 3.812 14.189 13.552 1.219 7.998 9.389 10.943 5.298 8.805 7.745 9.318 7.314 4.724 7.032 10.061 4.972 9.148 11.190 11.549 13.595 1.631 11.736 13.799 5.594 11.749 12.623 
8.358 11.541 4.174 8.344 10.863 12.498 10.261 4.806 5.629 8.282 6.619 0.551 9.521 12.239 10.111 5.286 5.228 10.045 2.322 8.879 2.912 3.703 9.411 4.685 12.202 3.127 6.533 2.306 1.938 10.148 5.232 9.887 2.786 7.723 8.184 6.601 5.151 4.766 5.271 4.717 
5.512 6.913 13.419 1.102 11.465 7.558 14.956 12.358 4.745 5.799 3.457 9.063 10.306 16.123 3.807 14.612 13.970 0.833 8.414 9.640 11.352 5.721 9.018 8.120 9.395 7.722 5.046 7.453 10.474 5.019 9.516 11.441 11.968 13.966 1.903 12.103 14.214 5.981 12.143 13.037 
6.534 8.831 7.196 5.293 9.620 9.785 10.727 6.553 2.656 5.681 3.985 2.851 8.210 12.434 7.040 8.410 7.835 6.972 2.460 7.476 5.676 0.524 7.649 3.635 9.973 2.190 3.760 1.329 4.685 7.237 4.900 8.923 5.933 8.841 5.006 7.209 8.275 2.265 6.595 7.002 
