30 30 160
158.977 219.879 173.270 326.556 259.837 267.015 183.766 167.726 91.706 107.741 333.465 202.758 287.345 206.492 94.702 283.647 115.812 315.741 100.367 329.057 135.658 328.802 295.962 109.666 317.872 313.243 322.600 192.137 77.708 54.229 
279.381 96.903 140.539 324.222 44.120 327.982 157.066 312.803 162.956 259.516 285.998 358.289 277.394 100.824 215.130 261.327 59.897 329.747 373.312 120.731 140.946 79.906 86.499 121.232 206.753 238.652 353.562 143.452 374.655 139.946 
5.082 18.400 30.816 23.246 16.461 13.350 18.161 8.666 12.722 22.669 7.177 23.520 17.372 26.036 26.819 14.417 9.882 14.523 22.442 9.465 21.838 15.416 32.177 20.473 20.020 22.575 6.250 28.998 13.045 26.391 24.551 7.497 31.821 32.689 16.373 33.282 20.200 22.861 27.122 7.424 31.993 10.643 18.817 10.915 28.102 17.579 7.183 23.599 17.966 16.925 17.172 23.130 10.571 29.984 7.158 31.092 21.677 25.686 28.376 27.119 21.769 19.912 26.238 30.172 18.338 22.460 24.581 7.406 8.275 28.160 25.446 6.479 5.960 19.779 22.101 12.979 29.627 20.805 18.296 26.959 23.177 6.900 28.496 32.556 22.909 26.058 14.963 18.503 24.785 26.717 31.212 24.149 26.476 18.402 25.772 21.609 7.710 33.268 8.666 16.990 34.785 18.821 13.585 31.331 17.654 28.600 34.634 21.440 19.390 28.710 28.940 21.576 16.977 33.414 25.589 25.922 9.968 25.797 20.925 17.875 18.783 29.142 13.661 27.005 20.896 11.575 14.412 29.885 31.585 15.246 18.646 13.475 9.479 33.200 8.180 12.443 10.860 6.783 17.464 15.851 13.317 26.480 18.372 15.239 16.890 6.120 5.098 23.488 32.196 26.266 23.182 18.209 24.026 10.457 20.964 11.415 11.750 12.776 14.028 9.118 
1203.420 733.942 882.332 1220.393 489.064 1216.442 855.162 1230.307 893.702 1134.828 1243.317 1311.958 1124.976 721.634 1066.923 1171.734 621.459 1312.057 1322.311 774.955 823.023 624.449 711.246 759.424 1028.778 1143.096 1221.183 867.662 1386.993 835.357 
8.731 7.563 3.252 6.415 11.810 8.325 8.045 7.167 1.885 5.078 4.557 9.856 5.108 8.458 7.133 6.716 9.206 7.167 9.096 1.746 2.886 9.779 6.883 8.777 6.610 12.616 4.120 2.579 3.442 8.682 
7.385 12.483 15.075 12.286 0.384 5.439 4.763 5.006 14.017 17.192 9.818 2.416 17.175 6.589 9.470 5.420 12.846 6.822 9.069 11.160 9.303 13.965 11.846 4.274 18.726 1.946 8.060 14.536 15.543 8.882 
5.313 12.670 13.774 12.283 2.124 5.834 3.121 4.360 12.911 16.006 8.151 2.676 16.149 4.556 9.719 4.591 13.293 4.967 9.753 9.856 8.366 14.405 11.955 2.475 17.642 3.954 6.927 13.556 14.485 6.807 
10.477 3.359 9.634 3.100 8.815 3.785 7.676 5.208 7.882 10.815 8.456 6.884 10.126 9.709 0.705 5.290 4.217 8.572 2.582 7.060 4.614 5.267 2.659 8.231 11.731 8.662 5.386 7.721 8.867 11.332 
11.629 1.903 8.765 1.191 10.735 5.741 9.153 6.835 6.933 9.568 8.929 8.766 8.692 10.941 2.035 6.806 3.358 9.708 3.882 6.966 4.956 4.164 1.088 9.773 10.255 10.635 6.177 6.526 7.633 12.295 
9.229 9.110 13.972 9.139 3.533 2.524 5.862 4.202 12.558 15.756 9.979 2.660 15.423 8.317 6.158 4.756 9.223 7.903 5.350 10.320 7.912 10.330 8.582 5.857 17.036 2.675 7.253 12.803 13.914 10.621 
9.363 8.272 13.424 8.312 4.240 1.867 5.964 4.000 11.955 15.139 9.732 3.037 14.755 8.449 5.325 4.535 8.395 7.908 4.534 9.859 7.384 9.504 7.749 6.061 16.372 3.511 6.866 12.151 13.274 10.704 
6.142 10.907 4.417 9.812 11.397 9.459 6.928 7.325 4.643 6.832 1.895 9.771 7.581 6.223 9.750 6.772 12.473 5.209 11.492 2.185 4.448 13.183 10.151 7.551 8.691 12.664 4.308 5.732 6.056 5.601 
13.895 8.095 4.398 7.120 16.513 12.261 13.135 11.866 3.652 3.083 9.596 14.482 1.631 13.651 9.506 11.504 9.614 12.363 11.440 6.831 7.656 9.599 7.861 13.870 2.833 17.022 9.147 2.642 2.303 13.719 
2.244 13.916 9.166 12.991 9.444 9.849 5.171 7.138 9.323 11.571 3.476 8.551 12.349 2.955 11.875 6.684 15.247 3.107 13.111 6.280 7.128 16.163 13.101 5.382 13.440 11.129 5.859 10.367 10.801 0.955 
8.021 6.665 10.643 6.369 5.549 0.923 4.814 2.273 9.177 12.367 7.358 3.576 12.025 7.154 3.703 2.605 7.306 6.259 4.088 7.139 4.618 8.410 5.974 5.236 13.638 5.655 4.290 9.404 10.517 9.149 
12.953 9.973 2.544 8.891 16.661 12.934 12.811 12.009 2.966 0.597 8.558 14.696 0.933 12.868 10.827 11.566 11.585 11.663 12.833 6.081 7.707 11.720 9.590 13.533 1.810 17.421 8.956 2.668 1.525 12.528 
14.451 11.287 3.942 10.253 18.343 14.602 14.453 13.694 4.648 1.538 10.065 16.381 1.849 14.414 12.368 13.248 12.849 13.237 14.360 7.699 9.393 12.878 10.976 15.171 0.661 19.108 10.628 4.311 3.190 13.936 
11.531 4.482 12.069 4.818 8.133 3.366 8.345 5.805 10.330 13.262 10.298 6.514 12.540 10.676 2.011 6.106 4.406 9.724 0.584 9.292 6.734 5.513 4.133 8.740 14.135 7.488 7.126 10.169 11.313 12.601 
5.096 8.655 9.260 8.013 5.524 3.655 2.309 1.107 8.189 11.357 4.672 3.653 11.378 4.280 6.063 0.553 9.673 3.262 6.981 5.372 3.532 10.712 7.861 2.973 12.910 6.528 2.232 8.757 9.731 6.143 
10.248 7.221 2.879 6.063 13.083 9.254 9.488 8.416 1.040 4.031 6.033 11.088 3.759 9.975 7.415 8.004 8.892 8.681 9.428 3.221 4.116 9.307 6.652 10.222 5.335 13.770 5.517 1.123 2.168 10.167 
6.389 8.619 4.804 7.563 9.992 7.306 5.900 5.523 4.050 7.034 2.375 8.158 7.318 6.117 7.338 5.002 10.142 4.837 9.089 0.879 2.040 10.904 7.841 6.616 8.727 11.023 2.302 4.902 5.648 6.413 
9.324 4.546 9.483 4.166 7.758 2.835 6.470 4.000 7.827 10.906 7.575 5.782 10.370 8.539 1.794 4.085 5.414 7.431 3.140 6.512 3.943 6.473 3.813 7.022 11.989 7.761 4.429 7.839 8.984 10.229 
7.284 10.809 13.841 10.616 1.291 3.765 4.155 3.630 12.670 15.871 8.967 0.947 15.767 6.403 7.796 4.115 11.193 6.303 7.453 9.970 7.921 12.314 10.172 3.903 17.341 1.973 6.821 13.119 14.160 8.751 
3.493 14.387 8.676 13.404 10.673 10.813 6.329 8.134 9.074 11.039 3.622 9.713 11.938 4.197 12.540 7.649 15.791 4.209 13.899 6.263 7.543 16.658 13.580 6.588 12.915 12.339 6.458 10.159 10.465 2.107 
9.085 9.664 14.282 9.676 3.036 2.970 5.764 4.334 12.909 16.115 10.089 2.440 15.820 8.179 6.703 4.889 9.788 7.853 5.915 10.575 8.223 10.895 9.128 5.689 17.429 2.112 7.470 13.190 14.292 10.506 
12.552 0.960 9.567 0.908 11.261 6.212 9.979 7.590 7.727 10.206 9.919 9.345 9.233 11.845 2.220 7.608 2.374 10.630 3.676 7.939 5.946 3.179 0.205 10.575 10.753 11.013 7.139 7.227 8.298 13.251 
2.409 11.674 10.559 10.998 5.261 6.108 0.994 3.472 9.940 12.885 4.681 4.303 13.210 1.495 9.070 3.223 12.693 1.437 9.827 6.726 5.878 13.736 10.876 1.141 14.615 6.884 4.277 10.731 11.538 3.792 
7.544 10.484 13.785 10.318 1.632 3.444 4.343 3.569 12.573 15.780 9.048 0.990 15.640 6.654 7.470 4.079 10.837 6.485 7.077 9.939 7.821 11.956 9.859 4.148 17.222 1.942 6.786 12.991 14.045 8.999 
13.950 3.857 13.236 4.730 10.436 5.839 10.811 8.264 11.414 14.048 12.380 8.934 13.105 13.109 3.265 8.536 2.872 12.112 1.911 10.995 8.577 3.781 3.990 11.218 14.625 9.577 9.254 11.023 12.122 14.967 
11.379 2.720 7.502 1.590 11.333 6.496 9.221 7.109 5.662 8.246 8.269 9.311 7.379 10.766 3.220 6.976 4.361 9.481 5.160 6.042 4.394 4.969 2.051 9.890 8.950 11.420 5.824 5.212 6.313 11.896 
1.772 12.906 8.850 12.007 8.555 8.739 4.157 6.032 8.798 11.267 2.835 7.540 11.929 2.193 10.797 5.574 14.205 2.039 12.006 5.629 6.176 15.137 12.089 4.446 13.115 10.190 4.829 9.797 10.330 1.353 
12.887 1.460 10.726 2.113 10.851 5.818 10.089 7.597 8.890 11.434 10.614 9.033 10.473 12.127 1.868 7.705 1.794 10.976 2.660 8.847 6.656 2.864 1.365 10.630 11.993 10.416 7.666 8.435 9.518 13.703 
5.462 9.698 5.248 8.661 9.846 7.741 5.501 5.635 4.845 7.603 1.248 8.141 8.065 5.302 8.247 5.085 11.191 4.097 9.906 1.612 2.948 11.983 8.910 6.177 9.380 11.035 2.591 5.799 6.420 5.350 
8.558 11.673 2.692 10.518 13.892 11.549 9.464 9.659 3.889 4.887 4.444 12.200 5.974 8.721 11.131 9.116 13.323 7.752 13.030 3.534 6.131 13.863 11.004 10.097 6.749 15.093 6.490 4.952 4.777 7.811 
11.389 12.488 12.491 5.374 7.669 8.567 3.507 12.348 10.814 13.509 3.685 7.361 8.328 12.490 11.274 7.434 8.652 5.262 9.353 1.462 5.687 14.205 3.778 8.858 8.397 9.061 7.565 7.526 12.832 13.134 15.989 7.383 11.357 5.875 3.743 9.414 4.792 3.943 6.755 13.471 6.376 13.390 3.888 9.800 8.980 7.792 6.323 7.663 5.580 4.388 8.479 4.990 9.569 1.310 13.681 11.818 9.356 2.918 1.843 12.385 2.445 15.408 13.719 5.923 11.692 5.528 7.541 8.289 8.559 4.733 10.356 5.719 8.985 8.290 3.201 5.243 8.974 8.567 13.119 5.446 9.560 11.081 9.873 14.435 7.244 6.950 10.216 10.241 9.126 6.999 5.473 12.173 10.051 2.918 14.012 8.681 6.151 1.994 9.926 1.076 14.797 12.985 11.110 10.852 5.836 4.316 12.446 8.895 7.931 8.745 8.041 7.685 2.325 0.329 15.551 3.896 10.004 5.306 9.870 7.699 3.578 7.528 14.159 14.014 7.357 11.766 6.215 11.568 4.355 7.924 8.580 5.830 11.830 12.897 14.317 5.661 7.917 9.777 12.960 7.820 14.133 10.992 4.997 12.573 9.213 7.321 9.324 1.185 13.025 12.291 11.691 12.412 13.645 10.419 10.971 13.498 12.636 9.089 8.640 5.530 
10.615 2.999 3.960 10.568 11.258 10.082 10.971 9.346 4.766 0.674 9.825 7.270 13.027 9.365 6.194 9.516 7.338 8.410 9.344 12.491 12.425 1.904 11.143 11.645 7.319 13.220 12.424 11.425 3.711 2.737 3.464 12.708 8.698 8.211 10.745 4.999 11.342 11.125 9.369 10.057 8.266 4.065 11.894 4.986 11.010 9.078 8.757 8.756 9.176 13.440 5.042 16.697 6.537 13.413 1.295 8.461 6.767 11.941 12.959 3.885 12.712 2.242 1.254 11.374 2.082 12.234 6.080 8.290 6.156 14.735 9.564 8.105 5.610 9.155 10.307 9.627 4.578 9.321 7.012 12.737 6.683 3.037 11.120 2.990 10.624 12.671 3.582 3.290 12.473 6.749 8.049 10.808 11.447 12.958 4.669 7.853 8.357 12.948 3.663 12.872 1.429 1.921 7.444 3.956 10.544 13.793 10.167 6.897 11.443 10.258 5.920 8.213 11.435 13.282 2.657 11.005 6.588 8.331 4.532 5.969 10.430 6.099 1.273 9.324 10.009 4.225 8.704 3.560 9.643 11.216 9.857 12.997 3.162 5.867 3.327 10.355 11.041 8.744 0.572 7.891 3.726 4.629 9.957 3.054 10.265 12.176 11.421 12.362 4.644 7.998 7.326 9.210 6.927 6.008 4.033 1.067 4.298 5.874 4.888 9.805 
0.954 11.648 6.386 5.136 14.440 1.944 7.072 2.149 5.338 9.565 8.368 10.582 16.038 2.282 3.965 12.930 12.035 8.999 1.343 10.642 5.466 11.873 11.312 15.507 3.777 16.626 4.019 3.365 6.762 7.718 13.549 15.217 1.726 6.003 6.871 10.345 12.374 6.569 3.930 3.071 10.651 6.835 12.132 5.472 1.888 2.961 11.192 12.459 10.874 7.179 8.175 10.344 3.797 11.407 9.207 2.241 3.659 7.603 11.451 6.404 11.706 12.258 9.270 4.746 9.842 13.622 6.908 2.979 10.686 8.127 0.530 6.509 10.552 13.306 8.678 5.549 7.491 13.648 4.371 13.912 3.644 10.185 1.312 8.562 3.314 4.669 9.503 8.079 16.213 9.050 7.639 1.701 1.535 12.256 6.880 12.528 10.487 11.558 7.653 10.740 10.493 8.303 2.744 6.211 12.520 7.524 1.969 11.843 14.750 1.787 6.075 11.974 10.047 10.534 12.725 11.271 12.555 8.876 6.029 6.757 10.137 8.668 9.682 3.903 3.155 12.052 4.956 6.525 6.809 2.911 14.065 14.348 6.925 5.066 8.182 4.857 2.830 1.501 9.617 3.774 13.231 11.719 11.181 7.188 14.803 4.013 1.933 9.546 13.278 2.961 3.102 2.281 4.904 12.413 6.093 10.897 6.173 4.866 8.266 11.543 
9.473 3.549 2.915 9.512 11.105 8.927 10.023 8.246 3.605 0.819 9.029 6.912 12.905 8.270 5.059 9.324 7.234 7.747 8.183 11.770 11.341 2.984 10.586 11.607 6.187 13.160 11.288 10.288 2.724 1.848 4.623 12.506 7.565 7.241 9.790 4.796 10.898 10.138 8.269 8.999 7.840 3.181 11.375 3.850 9.851 7.942 8.372 8.569 8.712 12.408 4.354 15.704 5.379 12.706 1.046 7.346 5.611 10.995 12.287 2.824 12.084 3.391 1.065 10.284 2.045 11.869 5.195 7.147 5.916 13.703 8.407 7.179 5.394 9.065 9.519 8.609 3.738 9.268 5.998 12.361 5.525 3.012 9.959 2.555 9.495 11.550 3.264 2.498 12.442 6.172 7.239 9.685 10.287 12.370 3.876 7.781 7.900 12.287 2.786 12.136 2.104 1.004 6.306 2.798 10.190 12.767 9.060 6.808 11.315 9.101 4.923 8.003 10.721 12.501 3.818 10.453 6.688 7.657 3.420 5.061 9.788 5.484 1.460 8.320 8.879 4.609 7.657 2.407 8.714 10.071 9.808 12.651 2.015 4.856 2.776 9.288 9.896 7.584 0.714 6.772 4.641 4.836 9.474 2.014 10.287 11.044 10.261 11.548 5.305 6.910 6.211 8.114 5.967 6.164 2.872 2.037 3.275 4.749 4.218 9.382 
15.728 9.666 13.333 10.436 0.932 13.129 8.712 15.911 12.157 12.463 6.651 5.092 1.263 16.030 13.452 2.585 4.785 5.798 13.434 5.958 11.800 11.756 3.916 1.673 11.283 1.907 13.396 12.904 13.501 13.244 13.052 0.608 14.812 8.774 8.766 7.124 2.705 9.366 11.002 17.088 4.438 14.150 3.464 11.133 13.940 11.848 3.837 3.345 3.944 11.132 8.092 12.295 12.002 6.102 12.930 15.074 11.931 8.955 5.487 13.195 4.877 13.133 12.936 11.464 10.030 1.800 8.491 11.838 5.987 11.848 14.402 8.270 6.516 3.052 6.527 9.517 9.022 3.013 15.410 2.028 12.088 9.063 14.730 14.362 12.243 12.987 8.639 9.739 1.811 6.339 7.154 16.427 15.020 4.470 14.933 4.320 4.514 5.340 9.743 6.264 13.523 12.666 13.975 11.638 2.257 11.205 16.357 5.229 0.938 13.375 9.426 3.901 5.683 7.003 13.007 3.878 5.840 5.925 10.825 8.700 4.924 7.000 13.228 17.165 11.998 8.441 9.852 12.190 8.238 13.144 2.581 1.831 12.219 14.670 14.462 10.576 13.052 13.491 11.731 11.067 10.689 7.747 3.605 12.910 2.720 13.082 14.414 7.144 9.152 15.232 14.410 15.898 15.773 6.471 11.836 11.514 13.643 10.968 8.145 3.240 
12.458 4.752 8.621 8.616 4.226 10.342 7.659 12.167 7.733 7.415 5.508 1.240 6.021 12.263 9.253 2.473 0.473 3.663 10.281 7.078 10.473 6.813 5.011 4.766 7.792 6.290 11.536 10.751 8.727 8.341 8.287 5.663 11.113 6.101 7.561 2.089 4.726 8.183 8.445 13.281 2.087 9.368 5.513 6.842 11.309 8.963 2.227 1.713 2.927 10.570 3.615 12.983 8.120 7.815 7.899 11.241 8.138 8.393 7.207 8.483 6.755 8.183 7.902 9.732 4.976 5.363 4.659 8.631 1.039 11.685 11.095 5.613 1.500 2.203 5.782 7.460 4.523 2.450 11.091 5.875 8.244 4.008 11.920 9.389 9.928 11.375 3.631 4.907 5.599 2.599 4.597 13.039 12.255 6.787 10.159 1.020 2.319 7.134 5.019 7.503 8.468 7.700 10.052 7.048 3.710 10.803 12.770 0.439 4.430 10.595 5.536 1.194 6.139 8.152 8.118 4.864 1.554 3.706 6.409 4.821 4.884 2.897 8.181 13.116 9.477 3.657 7.237 7.490 6.525 10.829 2.982 6.073 7.444 10.194 9.524 8.608 10.688 10.104 6.681 7.844 6.066 2.884 3.649 8.077 3.574 11.211 11.814 7.601 4.717 11.224 10.369 12.114 11.362 1.972 7.255 6.486 8.965 6.979 3.597 3.258 
11.622 9.462 10.778 5.971 4.643 8.882 4.162 12.101 9.265 11.060 2.303 4.128 5.770 12.232 10.184 4.081 5.285 2.590 9.353 1.963 7.237 11.332 0.671 5.866 7.570 6.464 8.873 8.448 11.054 11.122 13.030 4.844 11.015 4.835 4.235 6.363 1.870 4.817 6.763 13.284 3.080 11.674 1.464 8.186 9.603 7.712 2.944 4.264 2.212 6.610 5.965 8.239 8.539 2.689 11.347 11.368 8.397 4.400 2.111 10.653 1.780 12.618 11.375 6.951 8.957 3.044 5.531 7.884 5.378 7.431 10.364 4.417 5.860 4.919 2.043 5.178 6.690 5.212 12.157 3.263 8.585 8.207 10.439 12.394 7.852 8.437 7.424 7.830 6.314 4.184 3.547 12.365 10.703 2.065 12.392 5.286 2.879 2.065 7.621 2.385 12.311 10.791 10.403 9.034 2.614 6.714 12.420 5.558 4.942 9.115 6.314 4.292 1.208 3.077 12.688 0.688 6.654 2.694 8.072 5.734 0.592 4.844 11.775 13.560 7.690 8.603 5.736 9.712 3.886 8.726 5.280 3.705 9.882 11.655 12.363 6.146 8.651 9.547 10.426 7.188 11.013 7.815 1.597 10.636 5.961 8.564 10.054 2.787 9.796 11.669 10.920 12.119 12.613 7.106 9.197 10.738 11.007 7.716 6.099 2.139 
11.162 6.913 8.917 6.405 4.230 8.691 5.136 11.256 7.597 8.720 2.899 1.597 5.907 11.373 8.811 2.770 2.980 1.275 8.879 4.424 8.118 8.810 2.631 5.294 6.634 6.444 9.412 8.749 9.136 9.046 10.486 5.182 10.158 4.267 5.078 3.818 2.907 5.717 6.612 12.430 0.668 9.779 3.364 6.544 9.577 7.352 1.009 2.490 0.759 8.003 3.762 10.273 7.335 5.229 9.066 10.410 7.264 5.777 4.664 8.783 4.298 10.115 9.087 7.514 6.503 4.006 3.854 7.248 2.831 9.059 9.816 3.746 3.308 3.340 3.106 5.319 4.621 3.689 10.781 4.459 7.421 5.702 10.305 10.268 7.992 9.144 4.967 5.597 5.996 1.885 2.600 11.835 10.616 4.465 10.541 3.155 0.422 4.615 5.475 4.848 9.936 8.606 9.307 7.176 2.477 8.207 11.725 3.160 4.537 8.943 4.778 2.218 3.443 5.465 10.163 2.488 4.275 1.382 6.292 4.066 2.203 2.595 9.460 12.498 7.647 6.058 5.405 7.793 4.180 8.911 3.997 4.810 7.890 10.096 10.292 6.464 8.794 8.879 8.050 6.463 8.463 5.272 1.457 8.624 4.754 9.085 10.071 4.879 7.276 10.566 9.746 11.239 11.167 4.657 7.363 8.256 9.195 6.315 3.864 1.501 
2.511 9.841 4.614 5.071 13.270 2.462 6.800 2.226 3.496 7.735 7.625 9.197 14.946 2.352 2.197 11.665 10.562 7.904 1.420 10.186 6.025 10.032 10.489 14.274 2.413 15.491 5.044 4.150 5.003 5.930 11.711 14.177 1.130 5.057 6.565 8.711 11.456 6.429 3.566 3.411 9.404 5.145 11.345 3.684 3.083 2.548 9.974 11.132 9.752 7.645 6.578 11.005 2.050 11.032 7.394 1.518 1.970 7.518 10.972 4.620 11.137 10.428 7.457 5.085 8.027 12.704 5.455 2.046 9.158 8.764 1.317 5.510 8.971 11.957 8.008 5.083 5.821 12.289 3.158 13.043 1.905 8.409 2.936 6.849 3.703 5.572 7.766 6.301 15.017 7.673 6.566 2.974 3.242 11.656 5.301 11.081 9.267 11.060 5.890 10.353 8.692 6.484 1.115 4.372 11.452 8.017 2.698 10.333 13.573 2.504 4.553 10.615 9.447 10.275 10.891 10.427 10.967 7.776 4.241 5.278 9.318 7.209 7.877 3.730 3.256 10.297 4.225 4.687 6.196 3.758 12.737 13.466 5.089 3.543 6.490 4.762 3.611 0.707 7.776 2.699 11.404 10.004 10.159 5.383 13.457 4.925 3.373 9.233 11.495 2.017 1.659 2.234 3.728 10.778 4.252 9.055 4.435 3.181 6.651 10.459 
1.635 12.580 6.572 7.545 16.471 4.359 9.466 1.198 6.121 9.915 10.638 12.404 18.131 1.160 4.462 14.876 13.746 11.078 3.617 13.014 7.820 12.408 13.558 17.484 5.615 18.687 6.223 5.707 6.867 7.875 13.904 17.346 2.163 8.156 9.258 11.806 14.574 8.977 6.273 0.900 12.612 6.710 14.397 6.641 4.174 5.258 13.180 14.343 12.938 9.537 9.720 12.599 5.161 13.797 9.440 2.147 5.136 10.018 13.820 6.640 14.051 12.530 9.502 7.151 10.749 15.825 8.659 5.067 12.323 10.416 2.594 8.637 12.106 15.167 10.978 7.890 8.910 15.498 3.712 16.141 5.032 11.277 3.366 8.391 5.727 6.911 10.733 9.202 18.223 10.883 9.727 0.936 3.378 14.592 6.474 14.272 12.472 13.922 8.836 13.126 10.606 8.616 3.335 7.028 14.626 9.870 0.519 13.503 16.775 4.201 7.747 13.824 12.377 12.940 13.045 13.507 14.088 10.951 7.175 8.479 12.381 10.407 9.844 2.034 5.562 13.194 7.198 7.103 9.118 5.253 15.948 16.571 7.451 4.775 7.970 7.261 5.195 3.399 10.143 5.816 14.000 12.985 13.315 7.471 16.666 6.276 4.043 11.942 14.304 2.524 3.249 1.318 4.060 13.858 6.858 11.466 6.258 6.309 9.779 13.636 
7.024 10.729 8.822 0.998 9.524 4.193 0.980 7.958 7.108 10.621 3.000 6.925 10.824 8.100 7.194 8.448 8.541 4.564 4.958 4.582 2.342 11.984 5.745 10.721 4.338 11.501 3.804 3.407 9.205 9.725 13.851 9.910 6.984 2.634 0.844 8.076 6.935 0.465 2.399 9.076 6.411 9.678 6.446 6.249 4.711 3.422 6.753 8.264 6.157 2.673 6.298 5.904 5.548 5.294 10.625 7.461 5.303 1.556 5.394 8.740 5.723 12.959 10.675 1.876 9.408 8.116 4.870 4.004 7.713 3.955 5.961 2.889 7.908 9.105 3.067 1.203 6.350 9.451 8.913 8.296 5.503 9.127 5.593 10.992 2.933 3.419 8.211 7.600 11.274 5.734 3.612 7.805 5.811 6.292 10.194 8.845 6.176 5.513 7.177 4.637 11.887 9.795 6.844 7.403 7.450 3.005 8.053 8.570 9.837 4.385 4.889 7.973 4.167 4.409 13.235 5.752 9.609 4.494 6.501 4.925 4.669 5.868 11.142 9.640 2.971 10.440 2.235 8.100 1.634 3.731 9.710 8.739 8.439 8.849 10.789 1.270 3.684 5.401 10.236 3.690 12.496 9.785 6.115 9.120 10.461 3.491 5.113 3.426 11.808 7.972 7.436 8.026 9.461 9.780 7.467 11.110 8.886 5.390 6.466 6.620 
13.841 7.966 11.291 8.820 1.545 11.322 7.265 13.941 10.111 10.539 5.063 3.069 3.244 14.057 11.419 0.936 3.064 3.899 11.553 5.195 10.358 10.036 2.883 2.676 9.323 3.756 11.826 11.247 11.465 11.231 11.465 2.619 12.844 6.913 7.274 5.215 1.969 7.903 9.215 15.113 2.397 12.113 2.921 9.089 12.178 10.004 1.798 1.575 2.026 9.925 6.048 11.591 9.995 5.646 10.982 13.088 9.934 7.680 4.990 11.154 4.413 11.408 10.991 9.896 8.134 2.189 6.463 9.931 4.059 10.802 12.499 6.397 4.604 1.782 5.055 7.815 6.977 1.984 13.371 2.695 10.086 7.191 12.934 12.371 10.534 11.482 6.693 7.723 3.323 4.294 5.258 14.520 13.236 4.225 12.895 2.733 2.489 4.871 7.710 5.581 11.643 10.676 11.972 9.592 0.825 10.057 14.414 3.491 1.857 11.571 7.402 2.031 4.592 6.324 11.333 2.778 4.327 4.020 8.777 6.670 3.533 4.952 11.303 15.156 10.236 6.817 8.029 10.149 6.580 11.449 1.927 2.855 10.185 12.623 12.456 8.924 11.343 11.567 9.817 9.148 9.175 6.069 1.960 10.883 2.579 11.504 12.664 6.167 7.715 13.223 12.395 13.922 13.729 4.927 9.789 9.704 11.599 8.944 6.106 1.444 
2.819 11.717 5.497 8.172 16.363 5.120 10.000 1.182 5.380 8.815 10.893 12.144 18.081 1.040 3.722 14.697 13.376 11.085 4.185 13.443 8.746 11.351 13.741 17.313 5.605 18.596 7.311 6.660 5.742 6.739 12.755 17.343 2.160 8.313 9.774 11.278 14.683 9.579 6.751 0.664 12.474 5.494 14.602 6.095 5.188 5.712 13.061 14.112 12.901 10.450 9.297 13.646 4.860 14.277 8.298 1.783 4.912 10.655 14.234 5.583 14.407 11.360 8.358 7.959 9.903 15.926 8.424 5.311 11.915 11.427 3.249 8.751 11.640 14.906 11.278 8.320 8.423 15.224 2.457 16.278 4.762 10.525 4.493 7.116 6.513 7.970 10.076 8.517 18.081 10.658 9.771 2.316 4.586 14.926 5.163 13.922 12.359 14.324 8.199 13.598 9.398 7.528 2.882 6.251 14.618 10.802 1.539 13.094 16.659 5.020 7.485 13.569 12.717 13.489 11.890 13.676 13.577 10.955 6.584 8.227 12.574 10.114 8.666 0.612 6.225 12.442 7.493 6.195 9.462 6.208 15.700 16.697 6.501 3.590 6.689 7.871 6.117 3.728 9.118 5.963 13.035 12.312 13.354 6.403 16.393 7.315 5.167 12.458 13.471 1.688 2.544 1.094 2.699 13.290 6.062 10.437 5.151 5.961 9.332 13.622 
11.394 11.672 11.994 5.373 6.805 8.562 3.414 12.230 10.346 12.836 3.045 6.487 7.552 12.370 10.926 6.523 7.750 4.468 9.271 0.558 5.992 13.430 2.871 8.005 8.082 8.282 7.832 7.678 12.321 12.567 15.196 6.602 11.206 5.446 3.618 8.585 3.918 3.956 6.627 13.377 5.487 12.898 3.040 9.307 9.067 7.664 5.417 6.749 4.676 4.886 7.763 5.859 9.218 0.922 13.037 11.642 9.021 3.065 1.152 11.883 1.689 14.655 13.072 6.070 10.943 4.728 6.926 8.083 7.699 5.407 10.289 5.221 8.139 7.377 2.550 5.044 8.314 7.656 12.818 4.694 9.224 10.298 9.955 13.866 7.298 7.262 9.449 9.561 8.307 6.206 4.827 12.173 10.159 2.227 13.547 7.771 5.265 1.301 9.269 0.284 14.119 12.372 10.859 10.318 4.937 4.875 12.388 8.000 7.075 8.758 7.499 6.776 1.454 0.590 14.781 2.986 9.107 4.524 9.332 7.096 2.690 6.766 13.504 13.852 7.335 10.916 5.940 11.031 3.995 8.047 7.677 5.098 11.271 12.522 13.769 5.637 8.020 9.638 12.264 7.545 13.297 10.138 4.083 12.022 8.317 7.565 9.446 0.957 12.161 12.073 11.429 12.282 13.329 9.532 10.449 12.749 12.161 8.646 7.919 4.616 
10.940 1.588 5.383 9.182 8.245 9.625 9.084 10.100 5.183 3.419 7.521 4.344 10.019 10.160 6.856 6.503 4.327 5.865 9.158 9.955 11.139 3.101 8.365 8.662 6.715 10.229 11.582 10.628 5.352 4.705 4.877 9.694 9.207 6.550 8.891 2.014 8.441 9.384 8.327 11.049 5.384 5.933 9.061 4.746 10.625 8.375 5.831 5.743 6.317 11.831 2.867 14.853 6.410 10.839 3.950 9.146 6.555 10.017 10.328 5.256 10.014 4.381 3.944 10.163 0.973 9.272 4.320 7.730 3.170 13.098 9.681 6.279 2.620 6.151 7.966 8.085 2.977 6.328 8.320 9.779 6.563 0.035 10.972 5.557 9.771 11.667 0.952 2.129 9.493 4.128 5.864 11.331 11.319 10.200 6.697 4.851 5.505 10.298 2.557 10.359 4.437 3.937 7.967 4.290 7.583 12.150 10.848 3.888 8.433 9.848 4.630 5.205 8.904 10.856 4.456 8.221 3.687 5.813 4.189 4.307 7.790 3.599 4.179 10.584 9.188 1.905 7.365 4.408 7.738 10.534 6.866 10.022 4.191 7.247 5.764 9.038 10.364 8.721 2.679 7.103 3.354 1.886 7.108 4.623 7.311 11.290 11.100 10.032 3.071 8.893 8.076 10.000 8.435 3.168 4.476 2.535 5.761 5.378 2.697 6.899 
10.673 7.123 8.697 5.850 4.714 8.170 4.596 10.817 7.313 8.708 2.374 1.973 6.347 10.936 8.460 3.312 3.463 0.737 8.384 4.143 7.566 8.957 2.604 5.806 6.188 6.908 8.858 8.200 8.936 8.905 10.676 5.585 9.718 3.750 4.533 4.024 3.104 5.170 6.081 11.995 1.196 9.574 3.414 6.246 9.046 6.841 1.557 3.044 1.153 7.476 3.653 9.817 6.941 4.995 9.020 9.986 6.856 5.261 4.468 8.566 4.165 10.235 9.045 6.959 6.572 4.277 3.536 6.765 3.134 8.549 9.333 3.232 3.565 3.895 2.616 4.768 4.455 4.244 10.438 4.700 7.020 5.827 9.784 10.150 7.449 8.589 5.039 5.516 6.489 1.814 2.090 11.356 10.092 4.400 10.323 3.676 0.955 4.437 5.350 4.560 9.947 8.511 8.903 6.948 2.859 7.687 11.266 3.605 5.025 8.421 4.435 2.759 3.120 5.135 10.312 2.473 4.716 0.854 6.033 3.749 1.937 2.500 9.433 12.098 7.112 6.343 4.880 7.588 3.625 8.367 4.547 5.078 7.712 9.794 10.151 5.911 8.252 8.408 8.060 5.986 8.725 5.567 1.660 8.456 5.304 8.531 9.538 4.478 7.601 10.167 9.358 10.806 10.840 5.058 7.128 8.353 8.961 5.955 3.774 1.864 
12.277 2.821 5.571 12.084 11.580 11.734 12.346 10.976 6.436 2.229 11.018 7.967 13.278 10.989 7.854 9.928 7.696 9.458 11.010 13.560 13.973 0.771 12.013 11.797 8.942 13.381 14.046 13.048 5.288 4.286 1.794 13.074 10.355 9.633 12.129 5.621 12.059 12.549 10.945 11.645 9.020 5.562 12.703 6.619 12.670 10.702 9.445 9.179 9.957 14.914 6.217 18.110 8.196 14.458 2.730 10.104 8.422 13.308 13.960 5.506 13.658 0.739 2.671 12.932 2.978 12.833 7.435 9.925 6.751 16.206 11.234 9.474 6.205 9.436 11.484 11.097 5.927 9.545 8.573 13.343 8.343 3.680 12.789 4.202 12.237 14.271 4.474 4.658 12.603 7.735 9.282 12.455 13.117 13.848 6.074 8.149 9.148 13.934 5.083 13.958 1.905 3.528 9.106 5.617 11.153 15.259 11.800 7.254 11.726 11.914 7.399 8.685 12.505 14.423 1.005 11.869 6.697 9.395 6.142 7.351 11.420 7.150 2.422 10.865 11.623 4.103 10.215 5.231 11.001 12.852 10.061 13.559 4.831 7.435 4.602 11.885 12.677 10.414 2.177 9.495 2.662 4.730 10.748 4.675 10.360 13.791 13.085 13.554 4.001 9.620 8.970 10.836 8.441 6.072 5.700 1.175 5.891 7.493 6.051 10.519 
10.258 10.617 10.671 4.299 6.787 7.436 2.337 11.007 9.020 11.591 1.767 5.627 7.822 11.145 9.609 6.157 7.036 3.395 8.083 1.319 5.250 12.300 2.754 8.010 6.777 8.534 6.996 6.711 11.001 11.262 14.095 6.878 9.965 4.121 2.495 7.566 3.956 2.956 5.428 12.165 4.718 11.574 3.279 7.983 8.020 6.454 4.781 6.237 4.045 4.477 6.558 6.232 7.903 2.185 11.771 10.387 7.709 2.318 2.121 10.561 2.408 13.493 11.808 5.132 9.777 5.012 5.639 6.824 6.775 5.286 9.105 3.895 7.170 6.963 1.280 3.817 7.058 7.275 11.511 5.113 7.911 9.183 8.895 12.562 6.240 6.493 8.311 8.321 8.434 5.119 3.557 11.030 9.122 2.977 12.221 7.145 4.479 2.225 8.011 1.509 12.878 11.087 9.572 9.002 4.760 4.569 11.203 7.230 7.083 7.646 6.183 6.156 0.975 1.708 13.643 2.814 8.346 3.426 8.016 5.803 2.039 5.623 12.246 12.600 6.208 9.947 4.660 9.716 2.696 7.046 7.386 5.549 9.963 11.200 12.458 4.536 6.999 8.411 11.039 6.256 12.286 9.184 3.632 10.711 8.085 6.705 8.428 0.827 11.235 10.797 10.137 11.052 12.018 8.712 9.130 11.583 10.836 7.319 6.720 4.191 
12.951 1.136 7.257 10.846 7.788 11.555 10.492 12.110 7.188 4.714 8.669 4.776 9.434 12.167 8.859 6.236 4.034 6.855 11.133 10.772 12.809 3.138 8.877 7.923 8.657 9.504 13.401 12.470 7.174 6.408 4.372 9.297 11.222 8.170 10.325 2.699 8.674 10.870 10.134 13.046 5.839 7.708 9.440 6.756 12.560 10.270 6.125 5.523 6.763 13.339 4.499 16.180 8.412 11.586 5.330 11.156 8.550 11.375 11.011 7.137 10.607 4.495 5.304 11.878 2.663 9.274 6.018 9.664 3.526 14.571 11.683 7.826 3.078 5.648 9.061 9.709 4.849 5.719 10.263 9.784 8.565 2.034 12.941 7.035 11.609 13.433 2.745 4.139 8.721 5.182 7.200 13.346 13.288 10.689 8.438 4.405 6.026 10.955 4.554 11.193 5.364 5.577 9.980 6.289 7.648 13.634 12.862 3.617 7.910 11.784 6.481 5.103 9.761 11.776 4.318 8.729 2.862 6.838 6.200 6.049 8.550 4.865 5.393 12.548 11.043 0.300 9.095 6.353 9.177 12.406 6.218 9.947 6.099 9.166 7.316 10.734 12.240 10.717 4.033 9.002 2.124 1.089 7.529 6.436 6.476 13.099 13.042 11.069 1.125 10.890 10.080 12.008 10.341 2.230 6.470 3.197 7.636 7.359 4.346 7.186 
4.879 9.318 6.184 2.096 10.567 2.325 3.568 5.404 4.502 8.425 4.467 6.950 12.131 5.541 4.391 9.128 8.504 5.126 2.592 6.929 3.729 10.178 7.398 11.666 1.603 12.732 3.842 2.895 6.582 7.220 12.024 11.299 4.354 2.111 3.325 7.249 8.449 3.273 0.639 6.573 6.861 7.000 8.229 3.822 3.263 0.981 7.370 8.720 6.997 5.004 5.117 8.424 2.790 7.770 8.317 4.781 2.533 4.359 7.720 6.118 7.909 10.962 8.373 2.664 7.720 9.698 3.621 1.225 7.302 6.266 3.599 2.630 7.298 9.581 4.809 1.824 4.763 9.930 6.103 9.993 2.726 7.710 3.937 8.434 2.035 3.973 6.857 5.812 12.346 5.455 3.775 5.607 4.256 8.440 7.459 8.946 6.677 7.812 5.350 7.091 9.630 7.430 4.053 4.973 8.613 5.382 5.662 8.387 10.879 2.579 3.111 8.279 6.225 7.021 11.315 7.353 9.250 5.007 4.211 3.550 6.221 5.236 8.840 6.991 1.479 9.357 1.032 5.617 2.960 2.855 10.310 10.428 5.994 6.046 8.188 1.808 2.697 2.812 8.172 0.935 11.061 8.847 7.266 6.606 11.061 3.553 3.767 5.975 10.698 5.227 4.641 5.444 6.649 9.237 4.990 9.233 6.201 2.911 5.256 7.646 
6.978 6.902 5.422 3.875 8.521 4.822 4.153 6.951 3.794 6.692 3.572 4.521 10.214 7.066 4.655 6.919 6.004 3.231 4.754 6.427 5.826 8.023 6.056 9.524 2.347 10.746 6.365 5.462 5.751 6.055 9.891 9.471 5.855 1.369 3.917 4.654 6.879 4.281 3.106 8.123 4.652 6.326 6.931 2.738 5.806 3.447 5.223 6.411 5.029 6.634 2.554 9.853 3.064 7.367 6.752 6.103 2.969 5.124 7.101 5.311 7.086 8.983 6.798 4.851 5.462 8.105 1.036 3.099 4.733 7.924 5.615 1.374 4.703 7.252 4.056 2.822 2.396 7.591 6.635 8.488 3.136 5.282 6.384 7.355 4.604 6.384 4.389 3.626 10.265 2.990 1.998 7.608 6.722 7.522 6.986 6.480 4.516 7.146 3.202 6.722 7.973 5.978 5.016 3.761 6.747 6.977 7.443 5.849 8.822 5.072 0.970 5.916 5.468 6.932 9.262 5.967 6.669 3.102 2.780 1.009 4.949 2.668 7.258 8.211 4.074 6.818 2.054 4.478 2.867 5.451 8.019 8.892 4.748 6.119 7.227 3.724 5.295 4.643 6.272 2.307 8.667 6.273 5.503 5.486 8.751 6.058 6.310 5.906 8.174 6.282 5.482 6.932 7.077 6.640 3.883 7.137 5.597 2.176 2.705 5.752 
12.574 3.934 5.785 12.854 12.698 12.270 13.232 11.160 6.893 2.615 11.998 9.066 14.392 11.158 8.169 11.048 8.816 10.487 11.483 14.589 14.706 1.853 13.091 12.905 9.564 14.488 14.662 13.661 5.449 4.448 1.817 14.193 10.634 10.484 13.008 6.722 13.161 13.400 11.642 11.730 10.113 5.599 13.792 7.228 13.173 11.317 10.548 10.299 11.048 15.724 7.191 18.971 8.719 15.496 2.918 10.333 8.959 14.200 15.009 5.745 14.721 0.546 2.854 13.653 3.995 13.947 8.327 10.517 7.859 17.019 11.614 10.360 7.311 10.554 12.471 11.910 6.817 10.660 8.636 14.457 8.860 4.763 13.222 4.026 12.872 14.928 5.519 5.530 13.708 8.777 10.242 12.685 13.541 14.923 5.985 9.268 10.236 14.987 5.926 14.981 1.692 3.824 9.416 6.149 12.266 16.077 11.991 8.374 12.843 12.435 8.203 9.803 13.532 15.428 1.030 12.948 7.810 10.419 6.796 8.226 12.469 8.171 2.462 10.871 12.256 5.208 10.989 5.661 11.896 13.436 11.174 14.676 5.251 7.527 4.452 12.639 13.261 10.852 2.856 10.151 3.542 5.848 11.839 4.940 11.463 14.420 13.565 14.537 5.001 9.793 9.213 11.011 8.433 7.182 6.199 2.204 6.061 8.127 7.028 11.620 
10.107 2.811 3.646 9.788 10.640 9.418 10.159 8.932 4.192 1.001 9.010 6.557 12.426 8.961 5.715 8.877 6.736 7.611 8.722 11.685 11.660 2.344 10.372 11.085 6.610 12.650 11.714 10.716 3.470 2.595 4.090 12.069 8.217 7.404 9.934 4.339 10.605 10.320 8.620 9.713 7.531 3.930 11.134 4.292 10.364 8.370 8.037 8.118 8.430 12.647 4.235 15.892 5.894 12.610 1.532 8.020 6.112 11.128 12.162 3.550 11.924 2.981 1.522 10.614 1.454 11.526 5.264 7.597 5.486 13.942 9.003 7.291 4.948 8.565 9.493 8.832 3.761 8.750 6.731 12.026 6.044 2.442 10.517 3.197 9.904 11.939 2.861 2.472 11.918 5.967 7.233 10.347 10.850 12.180 4.619 7.268 7.612 12.153 2.850 12.064 2.167 1.746 6.952 3.332 9.838 12.998 9.741 6.301 10.837 9.603 5.124 7.563 10.630 12.469 3.337 10.235 6.094 7.531 3.810 5.155 9.638 5.306 1.766 9.053 9.290 3.909 7.921 3.043 8.828 10.523 9.289 12.298 2.674 5.591 3.459 9.581 10.348 8.148 0.280 7.163 3.909 4.191 9.206 2.752 9.736 11.458 10.788 11.546 4.560 7.608 6.888 8.804 6.711 5.546 3.437 1.368 4.011 5.161 4.083 9.074 
12.321 9.928 11.485 6.600 4.329 9.566 4.734 12.826 9.985 11.676 3.011 4.545 5.273 12.958 10.918 4.059 5.540 3.266 10.060 1.948 7.766 11.845 0.437 5.543 8.303 5.986 9.453 9.071 11.755 11.801 13.507 4.329 11.742 5.566 4.832 6.845 1.441 5.386 7.455 14.008 3.473 12.379 0.772 8.906 10.265 8.417 3.220 4.369 2.545 7.014 6.603 8.362 9.274 2.444 11.982 12.099 9.133 4.863 1.799 11.359 1.308 13.150 12.008 7.546 9.521 2.470 6.239 8.606 5.806 7.742 11.074 5.151 6.313 4.926 2.708 5.857 7.358 5.188 12.892 2.620 9.321 8.737 11.110 13.066 8.503 8.989 7.985 8.470 5.912 4.783 4.277 13.069 11.368 1.434 13.102 5.466 3.304 1.706 8.279 2.329 12.915 11.449 11.137 9.738 2.434 7.084 13.136 5.853 4.611 9.796 7.036 4.492 1.577 3.073 13.198 0.583 6.920 3.377 8.781 6.444 1.325 5.463 12.400 14.292 8.364 9.009 6.450 10.411 4.572 9.364 5.180 3.063 10.572 12.385 13.044 6.789 9.296 10.266 11.028 7.916 11.429 8.219 1.799 11.324 5.812 9.150 10.708 3.036 10.154 12.403 11.656 12.846 13.346 7.413 9.904 11.286 11.719 8.447 6.732 2.252 
3.506 13.274 6.991 9.378 17.939 6.211 11.275 2.507 6.989 10.260 12.329 13.746 19.642 2.380 5.339 16.287 14.992 12.621 5.404 14.790 9.695 12.813 15.215 18.903 7.125 20.169 8.081 7.582 7.201 8.177 14.139 18.890 3.602 9.785 11.060 12.897 16.188 10.807 8.050 1.323 14.053 6.882 16.067 7.715 6.048 7.018 14.636 15.711 14.454 11.412 10.915 14.454 6.452 15.594 9.715 3.329 6.488 11.858 15.591 7.088 15.797 12.732 9.774 9.020 11.471 17.436 10.017 6.726 13.533 12.281 4.393 10.242 13.260 16.510 12.693 9.655 10.043 16.830 3.907 17.774 6.347 12.118 5.229 8.409 7.589 8.773 11.686 10.126 19.666 12.253 11.292 2.764 5.217 16.329 6.444 15.536 13.932 15.688 9.813 14.919 10.745 8.991 4.481 7.850 16.164 11.744 2.310 14.712 18.237 6.063 9.080 15.171 14.114 14.759 13.272 15.156 15.197 12.492 8.204 9.822 14.042 11.719 10.049 1.586 7.397 14.031 8.898 7.759 10.849 7.129 17.303 18.198 8.048 5.050 7.981 9.088 7.070 5.077 10.610 7.426 14.545 13.917 14.883 7.892 18.000 8.143 5.901 13.749 15.036 3.308 4.163 2.503 4.006 14.907 7.658 11.921 6.630 7.566 10.951 15.169 
16.659 9.077 13.532 11.712 1.438 14.190 10.118 16.660 12.543 12.212 7.944 5.396 1.624 16.769 13.970 2.817 4.530 6.758 14.381 7.658 13.217 11.146 5.477 0.219 12.077 1.496 14.715 14.142 13.649 13.261 12.242 2.088 15.571 9.770 10.140 6.986 4.309 10.763 12.094 17.817 5.080 14.291 5.171 11.581 15.059 12.858 4.527 3.424 4.903 12.690 8.393 14.046 12.653 7.879 12.736 15.778 12.618 10.469 7.248 13.394 6.637 12.508 12.733 12.783 9.765 3.603 9.087 12.743 5.957 13.484 15.307 9.250 6.419 2.726 7.905 10.709 9.330 2.486 15.876 3.861 12.756 8.776 15.804 14.281 13.427 14.359 8.530 9.829 0.709 6.853 8.105 17.320 16.111 6.265 15.082 3.972 5.233 7.106 9.918 7.990 13.158 12.601 14.630 11.918 3.507 12.792 17.173 4.945 1.141 14.441 10.027 3.994 7.259 8.737 12.311 5.409 5.213 6.874 11.203 9.285 6.336 7.426 12.971 17.782 13.120 7.792 10.899 12.395 9.473 14.342 1.947 3.647 12.363 15.039 14.433 11.819 14.235 14.356 11.472 11.953 9.837 7.198 4.825 13.002 1.538 14.393 15.548 8.783 8.259 15.858 15.013 16.629 16.187 5.829 12.123 11.053 13.869 11.557 8.409 4.334 
7.977 7.624 7.013 3.482 7.419 5.469 3.001 8.223 5.398 8.013 1.971 3.961 9.015 8.348 6.201 5.982 5.572 1.975 5.685 4.828 5.392 9.031 4.543 8.512 3.618 9.599 6.388 5.633 7.332 7.580 10.884 8.210 7.125 1.044 2.810 4.902 5.463 3.331 3.407 9.407 3.729 7.917 5.415 4.337 6.364 4.133 4.221 5.608 3.850 5.799 3.227 8.774 4.549 5.771 8.145 7.440 4.411 3.941 5.496 6.899 5.488 10.113 8.186 4.590 6.448 6.709 2.009 4.085 4.590 7.041 6.648 0.524 4.747 6.472 2.460 2.317 3.500 6.822 8.170 7.056 4.597 6.049 7.083 8.881 4.835 6.230 5.132 4.789 9.196 2.609 0.622 8.672 7.395 5.934 8.587 5.954 3.535 5.542 4.430 5.134 9.304 7.428 6.431 5.325 5.498 6.099 8.621 5.535 7.731 5.721 2.505 5.202 3.863 5.381 10.332 4.468 6.522 1.854 4.338 2.150 3.401 2.695 8.634 9.609 4.448 7.274 2.190 6.036 1.655 5.751 7.181 7.475 6.281 7.705 8.776 3.458 5.623 5.745 7.515 3.324 9.382 6.612 4.176 7.029 7.935 6.062 6.861 4.380 8.640 7.701 6.938 8.225 8.632 6.646 5.458 8.218 7.196 3.763 3.398 4.517 
2.984 9.518 3.815 6.107 13.715 3.571 7.757 1.914 3.051 7.081 8.387 9.504 15.436 1.991 1.449 12.049 10.766 8.460 2.521 11.044 7.134 9.488 11.175 14.665 3.030 15.948 6.142 5.260 4.177 5.154 11.088 14.706 1.056 5.776 7.515 8.743 12.081 7.428 4.570 2.987 9.826 4.224 12.043 3.558 4.131 3.586 10.413 11.469 10.263 8.742 6.700 12.112 2.212 11.915 6.678 0.960 2.269 8.519 11.815 3.847 11.941 9.759 6.741 6.182 7.687 13.319 5.777 2.968 9.317 9.872 2.157 6.184 9.069 12.268 8.798 6.010 5.856 12.589 2.046 13.683 2.114 8.187 3.857 5.953 4.813 6.681 7.641 6.108 15.433 8.012 7.164 3.189 4.127 12.442 4.289 11.306 9.712 11.895 5.743 11.236 7.937 5.795 0.245 3.961 11.983 9.115 2.645 10.499 14.011 3.600 4.839 10.929 10.253 11.203 10.247 11.102 11.035 8.331 4.085 5.581 10.018 7.477 7.135 2.979 4.350 10.103 5.079 4.118 7.043 4.862 13.061 14.097 4.495 2.491 5.571 5.797 4.719 1.818 7.214 3.483 10.989 9.893 10.732 4.657 13.758 6.032 4.370 10.152 11.228 1.070 0.548 1.836 2.616 10.785 3.803 8.525 3.579 3.325 6.747 10.988 
2.150 10.638 4.751 6.580 14.758 3.663 8.366 0.765 4.174 8.075 9.221 10.595 16.459 0.850 2.525 13.116 11.886 9.441 2.651 11.781 7.323 10.531 12.073 15.731 3.949 16.987 6.070 5.301 5.079 6.081 12.081 15.708 0.527 6.642 8.135 9.887 13.024 7.968 5.119 1.884 10.875 5.017 12.932 4.706 3.949 4.084 11.456 12.552 11.270 8.999 7.831 12.284 3.299 12.622 7.634 0.202 3.315 9.052 12.569 4.803 12.736 10.728 7.697 6.464 8.807 14.269 6.854 3.643 10.445 10.046 1.868 7.085 10.206 13.361 9.606 6.667 6.997 13.685 2.276 14.616 3.185 9.327 3.444 6.743 5.029 6.681 8.788 7.253 16.489 9.090 8.117 2.157 3.642 13.255 4.928 12.421 10.751 12.657 6.891 11.943 8.851 6.778 1.392 5.083 12.981 9.362 1.523 11.626 15.057 3.611 5.923 12.019 11.046 11.850 11.230 12.008 12.177 9.312 5.234 6.663 10.904 8.576 8.066 2.142 4.674 11.244 5.823 5.187 7.794 4.864 14.150 15.036 5.548 3.125 6.338 6.275 4.748 2.104 8.258 4.290 12.080 11.040 11.706 5.631 14.855 6.020 4.060 10.813 12.357 0.851 1.336 0.701 2.786 11.932 4.916 9.577 4.468 4.435 7.881 11.987 
10.841 13.442 12.775 5.006 9.150 8.083 3.471 11.982 11.066 14.130 4.481 8.517 9.823 12.125 11.306 8.835 9.902 6.256 8.973 2.905 4.808 15.049 5.205 10.345 8.427 10.556 6.683 6.823 13.139 13.545 16.871 8.879 11.058 6.188 3.725 10.424 6.265 3.675 6.524 13.054 7.592 13.657 5.375 10.115 8.341 7.527 7.609 9.011 6.866 3.272 9.244 3.511 9.633 2.775 14.242 11.554 9.398 2.590 3.338 12.680 3.942 16.192 14.285 5.283 12.490 7.025 8.127 8.140 9.661 3.353 9.935 6.156 10.046 9.678 4.057 5.208 9.618 9.968 13.048 6.939 9.601 11.964 9.226 14.840 6.701 6.018 11.071 10.906 10.623 7.954 6.178 11.622 9.360 4.407 14.224 9.980 7.356 3.489 10.549 2.556 15.421 13.487 10.978 11.225 7.278 3.109 11.981 10.110 9.417 8.228 8.480 8.985 3.593 1.810 16.378 5.312 11.226 6.275 10.263 8.257 4.835 8.404 14.738 13.702 6.933 12.818 6.251 11.940 4.647 7.254 10.009 7.318 12.238 12.957 14.681 5.314 7.278 9.481 13.634 7.798 15.135 12.060 6.350 12.961 10.659 6.482 8.625 2.072 14.116 12.089 11.571 12.064 13.596 11.600 11.321 14.285 12.878 9.324 9.411 6.898 
