30 30 200
246.899 153.954 194.875 239.008 262.082 227.118 151.881 81.771 377.347 125.453 346.831 135.088 70.648 371.991 121.958 408.567 266.587 420.601 302.361 345.075 304.672 329.674 64.875 391.443 418.796 414.828 286.154 345.209 115.951 370.638 
110.412 419.415 361.773 351.753 307.735 69.359 150.313 88.471 236.586 164.614 408.448 428.828 140.410 137.825 305.995 247.708 190.439 317.283 411.232 332.780 306.100 244.784 323.837 142.461 227.630 286.536 404.335 329.406 396.771 49.098 
11.345 24.625 14.215 34.366 29.282 30.766 19.050 20.034 13.397 34.923 34.308 28.961 19.567 24.070 15.195 27.069 17.907 14.276 11.340 13.300 16.023 34.603 34.064 20.988 30.617 27.514 21.070 26.520 14.137 5.997 7.440 25.526 24.169 6.854 10.143 25.431 13.151 32.076 7.010 14.789 22.901 13.492 19.178 10.318 23.578 7.532 7.651 13.471 26.336 5.559 32.358 12.111 5.635 6.704 18.884 33.392 12.218 25.414 34.608 10.265 29.674 32.084 34.046 34.243 32.596 21.656 19.102 24.583 32.701 27.510 11.893 34.204 17.555 9.147 8.706 6.301 14.548 27.249 9.372 12.910 32.950 12.360 30.989 11.392 30.929 8.208 25.103 19.631 34.922 30.253 34.437 31.758 33.707 7.468 12.815 20.883 15.717 10.172 19.956 7.234 27.752 18.428 7.199 30.598 22.513 10.612 33.449 22.622 10.296 11.130 12.407 24.382 9.799 11.748 19.583 16.767 18.297 18.126 12.515 25.668 21.135 31.767 6.761 6.243 12.876 8.787 6.764 20.332 29.156 6.859 20.468 34.205 11.064 21.022 15.428 6.222 20.675 26.320 13.520 15.560 14.221 6.639 22.096 33.784 29.842 18.868 26.892 20.789 21.193 26.046 16.255 8.912 21.006 29.625 27.003 11.203 30.618 18.059 13.985 21.408 29.087 34.317 23.169 28.261 10.564 16.900 21.838 12.846 34.636 7.230 27.321 5.395 8.385 33.630 26.594 10.685 23.414 11.486 34.681 9.206 10.719 33.135 9.978 17.894 17.830 24.728 26.736 13.703 8.898 31.712 15.875 16.498 31.910 14.972 19.444 19.717 32.033 5.092 7.163 12.301 
740.914 1268.179 1197.541 1201.335 1116.598 577.881 815.078 650.385 948.750 873.756 1273.310 1282.369 766.434 734.862 1117.360 992.113 927.535 1157.093 1351.913 1212.744 1152.625 1000.508 1117.366 805.564 1006.057 1167.923 1296.001 1213.756 1219.553 472.443 
14.386 13.354 5.036 11.632 6.466 11.680 8.827 13.510 7.759 11.114 11.163 4.685 12.042 11.885 11.036 9.156 3.330 15.096 9.261 5.692 4.374 11.109 7.648 4.567 5.450 1.706 4.317 6.365 8.625 11.617 
7.388 6.933 4.682 6.421 12.999 11.417 0.766 7.926 11.563 4.945 7.318 12.357 9.442 3.953 11.394 3.816 6.312 14.744 4.316 3.301 4.612 5.260 1.998 12.817 13.393 7.339 5.270 6.836 7.567 4.297 
5.474 4.335 11.090 2.843 11.032 3.792 9.471 3.245 7.750 4.312 1.449 11.944 0.805 6.582 4.340 4.948 11.587 6.284 4.456 8.851 9.427 3.911 10.084 12.932 12.871 10.503 11.151 5.531 3.327 5.680 
11.320 10.402 16.296 9.252 11.526 3.822 15.604 9.057 8.226 10.741 7.849 13.320 5.641 13.003 4.325 11.134 16.252 0.249 10.634 14.262 14.421 10.341 15.976 14.398 13.896 14.473 16.147 9.667 7.755 12.104 
14.501 13.876 3.308 12.853 12.723 15.716 6.561 14.629 13.255 11.650 13.178 11.034 14.872 11.142 15.320 9.895 3.532 19.307 10.280 5.551 5.119 11.858 5.207 10.854 11.775 5.877 3.391 9.884 11.847 11.370 
10.433 9.493 15.462 8.315 11.197 3.046 14.684 8.159 7.805 9.802 6.909 12.899 4.700 12.065 3.657 10.205 15.472 0.809 9.704 13.401 13.599 9.401 15.077 13.980 13.531 13.755 15.332 8.874 6.899 11.165 
5.222 4.267 6.694 2.970 11.184 7.764 4.491 4.779 8.934 1.966 3.569 11.166 5.664 3.174 7.845 0.047 7.687 10.995 0.541 4.451 5.447 2.052 5.167 11.895 12.219 7.503 6.959 4.376 4.168 2.594 
13.104 11.987 15.086 10.353 8.233 3.871 15.405 10.827 5.360 11.588 8.779 10.222 6.894 13.889 3.543 11.321 14.640 3.587 10.858 13.360 13.171 11.208 15.440 11.271 10.640 12.540 14.780 8.469 7.279 13.001 
3.974 3.017 11.839 2.398 12.825 5.424 9.576 1.681 9.574 3.930 2.082 13.654 2.391 5.916 6.065 5.247 12.568 7.292 4.825 9.569 10.341 3.575 10.412 14.618 14.603 11.759 12.002 6.991 4.935 5.070 
11.839 11.213 1.300 10.232 11.933 13.558 4.000 11.986 11.787 8.997 10.643 10.590 12.440 8.501 13.251 7.280 2.837 17.131 7.685 3.106 3.137 9.214 2.600 10.674 11.487 5.025 1.913 7.845 9.598 8.708 
15.990 14.776 10.274 12.775 1.004 9.623 13.095 14.367 4.351 12.979 11.648 1.248 11.428 14.586 8.774 11.387 8.868 12.235 11.226 9.911 8.864 12.793 12.277 2.116 1.422 6.525 9.633 7.121 8.586 13.998 
13.648 12.440 13.288 10.563 5.365 4.783 14.327 11.499 2.876 11.507 9.027 7.397 7.658 13.700 4.012 10.756 12.579 6.194 10.359 11.847 11.413 11.170 14.112 8.431 7.771 10.326 12.882 7.081 6.669 12.868 
7.383 6.784 4.295 6.017 12.096 10.652 1.399 7.651 10.651 4.639 6.755 11.493 8.819 4.099 10.592 3.218 5.789 14.034 3.704 2.584 3.908 4.906 2.043 11.980 12.534 6.593 4.803 5.931 6.752 4.252 
7.318 6.081 8.653 4.072 8.297 3.978 8.114 5.550 5.365 4.734 2.828 8.966 3.231 6.881 3.879 4.008 8.846 7.493 3.573 6.562 6.830 4.428 8.321 9.917 9.934 7.508 8.578 2.452 0.234 6.062 
8.446 7.436 4.388 5.826 8.696 8.175 4.681 7.719 7.262 5.176 5.702 8.284 7.206 6.113 7.905 3.215 4.831 11.742 3.337 2.312 2.645 5.187 4.393 8.900 9.340 4.279 4.377 2.663 4.209 5.732 
9.672 8.734 2.977 7.236 8.765 9.508 4.457 9.123 7.922 6.435 7.195 7.983 8.695 7.007 9.169 4.460 3.340 13.094 4.675 1.330 1.148 6.500 3.730 8.437 9.014 3.176 2.892 3.751 5.605 6.778 
9.449 8.663 2.196 7.454 10.297 10.669 3.045 9.278 9.459 6.370 7.735 9.411 9.490 6.409 10.411 4.506 3.390 14.223 4.859 0.232 1.473 6.528 2.173 9.785 10.422 4.207 2.506 5.106 6.686 6.380 
2.412 1.689 11.895 2.295 14.085 7.028 9.110 0.426 10.948 3.438 2.985 14.752 3.978 4.944 7.645 5.195 12.833 8.827 4.881 9.651 10.585 3.198 10.118 15.673 15.736 12.315 12.152 7.870 6.046 4.212 
7.624 6.441 6.894 4.499 8.082 5.666 6.650 6.282 5.743 4.564 3.779 8.321 4.844 6.343 5.449 3.156 7.125 9.222 2.883 4.823 5.075 4.379 6.698 9.166 9.350 5.958 6.823 1.310 1.687 5.657 
6.648 5.425 8.026 3.421 8.912 4.864 7.185 5.090 6.176 3.859 2.482 9.382 3.569 5.938 4.834 3.019 8.392 8.305 2.588 5.856 6.277 3.586 7.468 10.280 10.385 7.294 8.019 2.479 1.115 5.141 
13.169 11.977 13.484 10.146 6.083 4.134 14.285 10.983 3.303 11.169 8.588 8.067 7.092 13.401 3.418 10.544 12.873 5.397 10.126 11.938 11.589 10.819 14.149 9.115 8.489 10.676 13.114 7.094 6.426 12.551 
12.269 11.290 16.378 9.990 10.774 3.980 16.011 9.982 7.626 11.423 8.512 12.667 6.342 13.718 4.245 11.622 16.195 1.186 11.127 14.434 14.477 11.024 16.279 13.736 13.171 14.289 16.174 9.685 7.969 12.814 
9.152 8.019 12.471 6.392 8.871 0.117 11.996 6.893 5.374 7.682 4.825 10.328 2.947 9.993 0.966 7.654 12.440 3.600 7.166 10.460 10.593 7.293 12.258 11.399 11.074 10.732 12.319 5.845 3.962 9.096 
7.513 6.278 9.457 4.315 8.326 3.160 8.908 5.574 5.180 5.198 2.880 9.184 2.690 7.426 3.108 4.703 9.599 6.671 4.244 7.380 7.619 4.858 9.139 10.174 10.114 8.165 9.364 3.088 0.886 6.574 
4.431 4.313 7.814 4.650 14.557 10.834 3.858 5.573 12.427 3.133 6.039 14.336 8.237 1.004 11.055 3.540 9.326 13.727 3.896 6.057 7.358 3.534 5.208 14.964 15.393 9.931 8.342 7.811 7.581 1.813 
3.326 2.517 8.316 2.075 12.894 8.267 5.296 3.396 10.381 0.522 3.428 13.012 5.624 1.816 8.541 1.961 9.473 11.115 1.989 6.157 7.264 0.922 6.326 13.775 14.059 9.428 8.666 6.086 5.306 0.940 
9.731 8.821 15.243 7.729 11.552 3.052 14.268 7.471 8.107 9.242 6.379 13.174 4.173 11.480 3.786 9.761 15.341 1.527 9.260 13.136 13.405 8.842 14.723 14.253 13.850 13.715 15.148 8.748 6.674 10.585 
14.158 12.922 12.007 10.947 3.257 6.088 13.610 12.164 1.689 11.641 9.517 5.305 8.579 13.681 5.229 10.558 11.090 8.144 10.230 10.841 10.211 11.350 13.201 6.328 5.663 8.746 11.526 6.437 6.728 12.916 
3.462 2.237 10.136 0.648 12.234 5.990 7.797 1.668 9.229 2.212 1.190 12.803 3.069 4.377 6.439 3.484 10.958 8.507 3.086 7.869 8.714 1.832 8.632 13.706 13.800 10.335 10.336 5.876 4.168 3.486 
10.643 9.424 7.869 7.420 4.934 5.558 9.092 9.026 2.849 7.707 6.319 5.466 6.416 9.504 4.909 6.298 7.334 8.980 6.053 6.419 5.977 7.491 8.732 6.432 6.434 5.304 7.507 1.987 3.268 8.829 
11.733 7.735 14.254 5.873 11.304 12.202 4.784 7.883 2.724 14.772 14.552 10.843 13.132 3.074 10.861 11.712 8.401 11.721 9.774 11.093 17.694 11.653 3.492 13.760 13.634 10.208 15.824 1.950 13.756 2.526 11.789 14.453 15.019 15.297 14.460 13.981 10.839 14.175 15.410 7.063 4.018 8.108 13.044 9.218 7.853 15.531 5.059 14.321 3.797 11.894 9.251 12.491 12.762 7.064 10.274 5.205 12.536 12.517 5.536 14.039 12.299 2.984 8.491 7.324 4.148 9.344 0.266 9.986 13.296 10.101 11.778 13.304 15.397 4.458 6.839 14.186 4.440 12.864 9.265 2.305 4.454 3.824 15.286 7.537 2.310 16.808 2.397 9.108 13.391 8.717 13.809 13.975 12.977 9.876 8.168 2.802 5.817 9.393 12.875 10.884 3.865 6.618 8.952 3.636 4.662 9.085 13.599 12.430 5.195 8.974 11.710 9.143 1.913 13.220 11.532 10.522 8.585 14.591 6.560 8.277 8.424 12.179 8.436 14.983 8.682 12.535 7.609 10.008 14.173 8.096 14.862 2.489 1.921 6.655 4.522 14.176 10.830 8.551 12.039 8.093 7.095 7.448 3.620 4.049 12.309 6.517 12.353 6.302 16.094 4.934 7.336 6.599 11.175 8.354 14.439 10.405 6.125 4.455 16.888 10.588 9.772 15.214 9.134 13.133 12.331 14.354 8.067 3.050 14.040 16.632 11.392 8.879 16.805 13.203 12.506 7.657 13.276 5.588 11.921 12.576 3.353 13.992 8.105 13.066 9.336 13.456 11.853 4.187 12.379 5.154 11.257 5.796 7.706 3.771 11.119 11.262 10.255 7.015 5.567 11.910 
10.501 6.510 13.646 4.928 10.172 11.264 3.601 6.742 1.758 13.549 13.316 9.689 11.914 3.257 9.675 10.591 7.246 10.651 8.542 9.927 16.461 10.497 2.336 12.950 12.399 8.980 14.595 3.067 12.695 2.561 10.905 13.686 13.787 14.127 13.237 12.845 9.978 12.952 14.227 6.020 3.757 7.016 11.910 8.739 6.666 14.306 3.946 13.093 3.192 10.656 8.376 11.544 12.157 6.070 9.092 4.246 11.298 11.365 4.677 12.805 11.400 3.365 7.264 6.277 3.008 8.767 1.440 9.039 12.057 8.939 10.800 12.358 14.306 3.493 5.602 12.947 3.241 11.961 8.295 2.245 3.321 2.980 14.093 6.659 1.479 15.649 1.703 7.923 12.176 7.664 12.798 13.166 11.948 9.371 7.269 1.713 4.627 8.226 11.857 9.725 2.969 5.739 7.868 2.401 3.573 8.174 12.367 11.245 3.999 7.766 10.626 7.919 2.181 12.061 10.324 9.590 7.538 13.637 5.500 7.402 7.813 11.013 7.700 13.745 7.734 11.939 6.509 9.078 13.309 7.137 13.883 2.143 2.851 5.425 3.283 13.014 9.791 7.736 11.028 7.045 5.857 6.219 2.436 3.425 11.218 5.589 11.591 5.805 14.944 3.852 6.219 5.361 10.165 7.404 13.458 9.281 4.890 3.260 15.723 9.528 8.565 14.072 7.933 11.930 11.544 13.429 6.834 2.213 13.149 15.490 10.259 8.002 15.615 12.060 11.283 6.663 12.673 4.495 10.684 11.413 2.539 12.771 6.996 12.000 8.119 12.229 11.022 3.354 11.148 4.660 10.603 4.685 6.677 2.947 10.396 10.678 9.293 6.070 4.375 11.290 
10.974 7.922 3.187 6.068 5.567 2.555 8.194 6.127 11.436 13.350 10.827 13.003 8.725 9.273 12.325 14.115 6.177 4.469 10.222 6.303 12.668 6.177 10.748 2.335 10.189 8.207 10.990 11.952 5.113 9.379 1.742 2.894 12.970 8.326 9.713 6.668 1.583 12.953 8.737 5.579 7.853 5.416 6.176 3.294 6.894 10.514 7.490 12.747 7.773 10.248 2.777 2.785 1.990 5.254 12.117 12.310 10.549 14.045 6.176 10.264 2.074 9.739 7.963 12.614 8.312 2.659 11.547 2.909 10.674 12.441 3.017 3.179 6.679 11.976 9.229 11.446 8.557 2.403 3.528 9.448 8.049 12.220 8.969 4.308 9.365 9.093 11.946 11.513 12.866 4.680 4.365 2.528 4.187 2.775 3.828 11.049 7.699 12.014 3.977 12.912 7.871 5.176 4.946 9.500 7.666 3.148 12.000 13.225 8.103 7.277 14.672 10.400 10.037 6.834 7.673 15.593 13.250 4.176 12.153 3.621 3.305 13.545 3.134 12.151 14.233 1.936 5.751 2.714 3.016 13.787 4.670 9.115 11.285 9.686 9.319 7.417 3.890 3.145 3.569 12.982 9.054 9.826 8.939 7.519 5.005 5.422 0.817 5.484 8.362 7.418 11.898 8.770 15.257 3.974 4.390 13.266 8.656 10.391 9.283 4.229 11.220 7.556 11.164 13.136 0.925 3.697 8.308 11.910 3.116 8.584 5.607 3.103 9.937 14.688 8.714 4.801 2.393 6.985 10.596 13.849 8.292 12.977 5.614 4.833 10.771 12.260 1.107 12.429 11.407 6.532 0.979 11.435 12.969 7.881 0.481 1.671 2.951 5.047 7.867 1.388 
8.543 4.501 12.657 3.582 8.298 9.725 1.714 4.880 1.789 11.621 11.305 7.981 9.911 4.207 7.876 8.962 5.350 8.882 6.592 7.997 14.448 8.582 1.241 11.616 10.387 6.969 12.583 4.955 10.928 3.511 9.467 12.420 11.829 12.181 11.229 10.955 8.600 11.026 12.265 4.384 3.972 5.246 10.024 8.091 4.716 12.296 2.252 11.148 2.934 8.663 7.009 9.984 11.195 4.542 7.309 3.345 9.304 9.647 3.559 10.793 9.930 4.528 5.254 4.945 1.344 7.943 3.430 7.516 10.055 7.215 9.195 10.793 12.482 2.716 3.625 10.951 1.317 10.476 6.743 3.194 1.632 2.678 12.118 5.349 1.750 13.718 2.350 6.141 10.280 5.961 11.115 11.834 10.241 8.654 5.890 1.399 2.693 6.498 10.169 8.000 2.112 4.479 6.103 0.390 1.995 6.742 10.407 9.438 2.060 5.777 9.087 6.003 3.500 10.136 8.331 8.426 6.154 12.048 4.173 6.065 6.967 9.262 6.623 11.755 6.590 10.999 4.734 7.588 11.880 5.991 12.249 2.760 4.603 3.498 1.289 11.082 8.086 6.506 9.360 5.676 3.866 4.294 0.712 3.061 9.408 4.233 10.362 5.306 13.027 2.259 4.690 3.355 8.811 5.918 11.821 7.657 2.878 1.635 13.785 7.787 6.705 12.169 6.102 10.070 10.271 11.890 4.820 2.262 11.674 13.583 8.383 6.641 13.642 10.363 9.274 5.109 11.707 2.812 8.703 9.666 2.075 10.854 5.194 10.230 6.232 10.288 9.677 2.965 9.195 4.302 9.588 3.261 5.375 2.284 9.260 9.783 7.740 4.648 2.437 10.319 
4.903 7.824 12.845 10.771 5.487 8.135 10.828 8.102 13.493 4.363 1.481 7.802 2.499 15.301 7.066 8.274 7.543 6.248 6.454 5.120 2.250 4.856 12.470 10.052 2.137 5.352 0.349 17.094 5.878 14.878 8.907 10.842 3.625 2.879 1.139 4.129 9.304 4.417 2.428 9.404 14.085 8.263 4.469 12.908 7.847 0.153 10.755 4.008 13.128 4.195 9.533 7.972 12.379 9.711 7.444 12.228 3.671 7.419 11.370 1.689 8.683 15.804 7.067 10.687 11.529 12.131 15.723 8.543 2.880 7.932 7.631 7.974 5.243 12.549 8.894 2.573 11.138 8.619 8.609 14.692 11.257 13.273 2.011 10.198 13.550 3.670 14.141 8.043 5.098 8.142 6.850 10.131 6.590 12.776 9.750 13.185 9.807 8.206 6.789 7.662 12.331 10.659 7.706 11.936 11.182 9.258 3.854 6.494 10.399 6.640 8.980 7.200 15.245 3.812 4.153 11.290 10.201 7.967 10.930 9.890 11.887 7.126 10.935 2.572 11.236 12.429 8.608 8.726 9.367 11.243 7.557 14.154 16.602 9.226 11.080 3.328 7.094 10.277 7.075 10.366 8.601 8.541 11.966 12.967 5.648 10.444 10.459 12.845 3.703 10.964 10.021 9.016 10.241 9.252 7.438 8.517 9.457 11.493 3.528 6.937 7.151 3.836 7.739 5.687 10.150 8.410 7.511 13.610 8.925 4.125 5.410 9.640 2.553 7.609 3.061 9.317 12.564 10.353 4.402 7.116 12.867 4.630 8.142 5.899 7.251 4.307 9.571 13.176 4.575 13.065 11.558 11.001 10.702 12.573 10.813 12.261 8.290 10.041 10.042 12.014 
3.882 4.599 15.643 7.921 8.022 11.145 6.134 6.413 6.573 6.138 7.353 1.614 7.198 10.669 1.924 2.476 6.308 9.236 2.732 7.250 10.348 7.796 5.789 13.564 6.668 4.955 8.896 11.183 10.803 9.989 11.391 14.512 6.635 10.168 8.033 9.810 10.955 5.585 9.995 7.390 10.157 7.123 9.134 12.549 5.623 8.837 6.687 5.873 8.998 4.633 9.838 11.253 14.438 7.844 1.391 4.344 5.111 3.268 8.375 7.108 11.615 11.014 4.537 2.229 6.729 12.051 9.507 9.595 5.910 0.981 10.417 11.872 11.656 4.976 3.653 6.476 6.115 11.990 8.963 9.679 6.677 5.743 9.652 8.942 8.234 11.669 7.068 1.014 4.662 7.812 11.497 13.755 10.654 12.878 9.065 6.459 5.729 0.609 10.712 1.684 7.976 8.573 7.543 6.166 6.934 9.432 5.396 3.357 5.828 5.295 2.641 2.213 9.979 8.798 6.439 3.174 1.421 12.783 2.831 9.311 11.222 2.977 10.424 7.049 2.473 14.329 6.897 9.779 13.395 2.472 12.711 9.220 10.961 3.392 5.387 9.450 9.082 9.924 10.211 1.663 3.685 2.855 6.672 9.011 9.327 8.200 12.895 10.548 11.234 6.940 1.939 4.186 2.802 8.716 12.341 1.168 4.576 4.911 11.632 8.671 1.722 10.671 1.399 4.226 12.667 12.904 4.180 6.391 13.021 11.829 8.056 9.610 11.002 3.942 6.522 8.028 14.874 6.788 4.385 3.358 8.254 5.346 6.912 10.232 1.909 5.066 11.922 5.481 4.304 9.945 12.918 3.470 2.067 8.245 12.294 13.409 9.614 8.226 5.751 13.658 
11.898 7.670 6.281 4.165 7.704 6.157 6.300 6.064 8.797 14.798 12.928 13.044 10.854 5.379 12.549 14.187 6.462 7.153 10.514 8.135 15.399 8.335 8.416 6.583 12.107 9.144 13.535 8.076 8.617 5.670 5.393 7.001 14.623 11.467 12.104 9.779 4.496 14.290 11.798 4.772 4.114 5.504 9.018 1.140 6.790 13.088 5.593 14.199 4.511 11.430 3.679 6.466 4.822 4.309 12.163 10.401 11.916 14.440 3.828 12.325 5.912 5.780 8.098 11.415 6.041 1.601 8.031 4.720 12.316 12.339 6.196 7.118 10.356 9.860 8.402 13.222 6.529 6.408 4.583 5.830 5.900 9.849 11.912 3.325 6.239 12.566 9.150 11.242 13.927 5.249 8.133 6.765 7.633 1.820 3.553 8.459 6.366 11.740 7.443 12.993 5.080 3.480 5.699 7.193 5.524 3.932 13.388 13.815 6.444 7.770 14.588 10.387 6.341 9.557 9.371 14.810 12.373 8.291 10.765 3.365 1.318 13.951 2.256 14.030 13.146 4.577 5.465 4.566 7.269 12.598 8.740 5.650 7.413 8.725 7.414 10.381 6.182 2.916 6.721 11.985 8.365 9.193 6.524 4.294 7.846 3.851 5.059 1.902 11.794 5.390 10.853 7.869 14.810 4.057 8.396 13.071 7.527 8.445 12.728 6.273 11.283 10.899 10.981 14.021 5.179 7.862 8.180 9.328 7.330 12.143 7.782 3.550 13.159 15.158 10.574 4.348 5.313 5.330 11.696 14.322 5.282 14.237 5.707 8.110 10.757 13.517 5.061 10.146 12.476 3.030 3.565 9.888 11.832 4.953 3.784 3.328 5.009 3.901 6.400 4.047 
9.715 6.120 14.421 5.418 10.117 11.617 3.588 6.725 0.432 12.680 12.729 8.600 11.502 4.628 8.667 9.438 7.170 10.751 7.762 9.766 15.901 10.364 1.382 13.482 11.829 8.522 14.084 4.246 12.794 3.919 11.349 14.271 12.979 13.913 12.783 12.753 10.470 12.086 13.968 6.277 4.968 7.125 11.828 9.683 6.487 13.831 4.144 12.260 4.204 9.975 8.873 11.877 12.944 6.427 8.074 2.916 10.614 10.269 5.313 12.253 11.816 4.756 6.842 5.028 3.220 9.620 2.556 9.406 11.404 7.871 11.088 12.686 14.322 2.165 4.957 12.258 3.187 12.364 8.634 3.594 3.518 1.591 13.795 7.191 2.516 15.466 0.475 6.922 11.266 7.850 13.001 13.700 12.123 10.285 7.752 0.657 4.516 7.172 12.055 8.649 3.683 6.299 7.980 2.170 3.866 8.618 11.572 10.230 3.895 7.458 9.420 7.086 3.573 11.902 9.979 8.252 6.289 13.941 4.268 7.918 8.647 9.948 8.397 13.029 6.404 12.739 6.613 9.474 13.762 5.812 14.140 3.403 4.147 4.677 2.848 12.837 9.971 8.332 11.249 5.797 5.244 5.441 2.575 4.404 11.261 6.079 12.200 6.790 14.793 4.137 5.069 4.839 8.880 7.800 13.712 8.136 4.436 2.384 15.522 9.665 7.639 13.953 6.984 10.972 12.121 13.782 6.354 0.820 13.562 15.359 10.200 8.502 15.320 10.944 10.838 6.998 13.460 4.705 9.958 10.341 3.410 11.889 7.063 12.096 7.238 11.393 11.543 1.965 10.346 5.684 11.353 3.534 5.409 3.758 11.067 11.500 9.632 6.513 4.263 12.070 
1.416 5.125 13.291 8.680 4.965 8.355 8.142 6.057 10.372 2.887 2.101 4.398 2.387 12.901 3.625 5.045 5.562 6.184 3.067 4.207 5.237 4.402 9.370 10.693 1.394 2.863 3.627 14.350 6.932 12.379 8.935 11.609 2.697 5.229 2.811 5.440 8.960 2.446 4.958 7.457 11.862 6.483 5.120 11.959 5.527 3.553 8.252 2.280 10.787 0.778 8.583 8.319 12.458 7.864 3.960 8.867 0.174 4.385 9.285 1.826 8.918 13.371 4.396 7.216 8.871 11.247 12.855 7.818 0.667 4.452 7.671 8.656 7.181 9.255 5.830 1.526 8.384 9.077 7.560 12.147 8.643 10.006 4.563 8.654 10.863 6.598 11.002 4.558 2.466 6.699 7.845 10.834 7.214 12.011 8.391 10.102 7.194 4.709 7.355 4.257 9.867 8.838 6.255 9.036 8.663 8.216 1.496 3.413 7.706 4.327 5.758 3.807 12.643 4.542 2.839 7.906 6.703 9.155 7.506 8.593 10.741 3.986 9.774 2.345 7.744 12.438 6.654 8.026 10.228 7.745 8.906 11.611 13.927 6.075 8.142 4.830 6.620 9.119 7.232 6.871 5.567 5.321 9.198 10.673 5.888 8.541 10.596 11.127 6.297 8.495 6.576 6.074 6.934 7.893 8.634 5.085 6.566 8.369 6.527 6.295 3.663 5.939 4.270 2.895 10.303 9.453 4.688 10.421 9.791 6.862 4.937 8.553 5.786 4.793 1.970 7.648 12.769 7.970 0.906 4.099 10.356 2.470 6.299 6.589 3.806 1.764 9.595 9.872 1.255 11.062 11.267 7.667 7.214 10.134 10.524 11.920 7.663 8.256 7.393 11.882 
9.327 4.919 11.433 2.626 8.087 8.966 1.900 4.703 3.088 12.452 11.765 9.175 10.159 2.967 8.971 10.214 5.244 8.455 7.437 7.939 14.833 8.474 2.789 10.646 10.839 7.356 12.925 4.481 10.486 2.365 8.597 11.392 12.576 12.136 11.512 10.762 7.670 11.863 12.277 3.794 2.449 4.863 9.826 6.677 4.799 12.594 1.893 11.939 1.371 9.303 6.068 9.250 9.951 3.796 8.433 4.908 9.932 10.812 2.377 11.215 9.094 3.387 5.669 6.418 1.171 6.609 3.347 6.743 10.626 8.405 8.520 10.064 12.137 4.273 4.498 11.553 1.733 9.655 6.009 2.114 1.396 4.161 12.184 4.351 0.976 13.620 3.482 7.291 11.189 5.449 10.541 10.863 9.706 7.273 4.961 2.750 2.856 7.698 9.605 9.178 0.680 3.431 5.696 1.725 1.468 5.868 11.162 10.501 2.332 5.997 10.403 6.945 2.620 10.040 8.519 9.916 7.589 11.346 5.662 5.093 5.638 10.395 5.435 12.380 8.098 9.742 4.373 6.777 11.001 7.504 11.605 1.583 3.966 4.524 2.385 11.000 7.559 5.437 8.770 7.124 4.667 5.279 1.110 1.501 9.052 3.284 9.302 3.814 12.893 1.717 6.081 4.087 10.230 5.108 11.181 8.929 3.577 3.119 13.709 7.320 7.735 12.000 7.189 11.046 9.247 11.128 5.347 3.617 10.842 13.418 8.177 5.693 13.690 11.541 9.579 4.389 10.467 2.370 9.402 10.800 0.517 11.715 4.875 9.797 7.226 11.098 8.715 4.476 9.985 2.761 8.372 4.741 6.852 0.757 8.125 8.496 7.004 3.770 2.644 9.078 
7.084 3.441 13.015 4.023 7.608 9.551 1.777 4.357 2.387 10.124 10.011 6.403 8.785 5.752 6.307 7.390 4.715 8.383 5.124 7.176 13.180 7.788 1.363 11.650 9.107 5.802 11.358 6.464 10.394 5.069 9.428 12.513 10.368 11.262 10.059 10.185 8.655 9.527 11.295 4.337 5.355 4.896 9.276 8.829 3.955 11.104 2.512 9.670 4.231 7.283 7.136 9.778 11.602 4.637 5.736 2.436 7.924 8.070 4.231 9.529 9.838 6.094 4.140 3.526 2.058 8.552 4.865 7.430 8.703 5.637 8.944 10.564 11.828 2.109 2.236 9.573 1.519 10.355 6.651 4.758 2.152 2.531 11.106 5.638 3.314 12.826 3.043 4.567 8.756 5.683 10.714 11.866 9.817 9.324 6.064 2.070 2.246 4.921 9.776 6.422 3.255 4.900 5.709 1.246 2.524 6.806 8.950 7.872 1.789 4.803 7.532 4.494 5.078 9.293 7.286 7.026 4.678 11.764 2.794 6.277 7.596 7.686 7.070 10.358 5.235 11.429 4.412 7.541 11.799 4.652 11.901 4.303 6.152 2.005 0.634 10.210 7.715 6.808 9.015 4.216 2.519 2.796 1.803 4.297 8.825 4.575 10.532 6.271 12.173 2.676 3.171 2.124 7.319 5.958 11.476 6.087 1.768 0.519 12.872 7.367 5.156 11.358 4.540 8.524 10.398 11.675 3.638 2.589 11.543 12.749 7.686 6.793 12.629 8.785 8.116 5.118 12.102 2.937 7.288 8.091 3.420 9.347 4.782 9.702 4.699 8.805 9.740 2.638 7.729 5.417 9.984 1.879 3.960 3.497 9.551 10.280 7.604 4.868 2.043 10.737 
6.491 8.342 11.191 10.659 4.942 6.790 11.161 8.138 14.153 6.499 3.452 9.495 3.122 15.265 8.714 10.109 7.591 5.275 7.679 4.907 3.463 4.426 13.132 8.391 3.735 6.030 2.382 17.311 4.284 14.930 7.613 9.098 5.777 1.021 2.298 2.698 8.191 6.498 0.629 9.272 13.944 8.110 3.411 11.975 8.092 2.022 10.946 6.100 13.105 5.640 8.759 6.570 10.908 9.493 9.002 13.228 5.267 9.342 11.227 3.363 7.291 15.782 7.633 11.945 11.811 11.187 16.080 7.708 4.606 9.497 6.429 6.395 3.248 13.442 9.646 4.581 11.514 7.114 7.964 14.786 11.514 14.116 0.666 9.752 13.791 1.544 14.810 9.400 7.090 7.784 5.191 8.439 5.160 11.740 9.213 13.812 10.130 9.651 5.369 9.354 12.429 10.368 7.397 12.414 11.368 8.560 5.827 8.387 10.756 7.011 10.823 8.395 15.374 2.933 4.486 13.002 11.642 6.145 12.067 9.306 11.109 9.000 10.209 4.717 12.725 10.992 8.541 7.862 7.631 12.650 5.685 14.260 16.766 10.048 11.622 2.048 6.254 9.584 5.861 11.735 9.339 9.464 12.326 12.914 4.586 10.221 9.027 12.392 1.553 11.119 11.221 9.650 12.027 8.750 5.639 10.171 10.026 12.206 1.441 6.219 8.546 1.911 9.054 7.658 8.723 6.633 8.148 14.346 7.205 1.958 4.851 8.943 0.861 9.609 3.828 9.008 11.027 10.472 5.936 9.043 12.983 6.693 8.041 4.517 8.530 6.279 8.240 14.071 6.315 12.797 10.304 11.987 12.026 12.643 9.590 11.009 7.419 9.762 10.381 10.660 
6.146 4.048 14.740 6.029 8.321 10.831 3.860 5.577 3.515 8.916 9.455 4.659 8.672 7.847 4.781 5.500 5.750 9.321 4.309 7.715 12.610 8.333 2.771 13.097 8.622 5.805 10.929 8.143 11.209 7.141 10.852 14.005 9.298 11.452 9.796 10.659 10.192 8.332 11.395 6.014 7.552 6.242 9.820 10.864 4.934 10.761 4.560 8.552 6.438 6.607 8.788 11.017 13.384 6.396 4.187 1.495 7.214 6.324 6.326 9.068 11.199 8.142 4.490 1.316 4.255 10.516 6.461 8.878 8.039 3.943 10.159 11.754 12.432 1.976 2.508 8.797 3.683 11.670 8.131 6.817 4.313 2.754 11.132 7.475 5.385 13.023 4.019 3.078 7.463 7.038 11.693 13.307 10.795 11.314 7.798 3.413 3.937 3.260 10.794 4.712 5.465 6.852 6.936 3.391 4.660 8.418 7.935 6.327 3.720 5.315 5.527 3.566 7.051 9.685 7.421 4.817 2.508 12.862 0.614 8.032 9.588 6.013 8.962 9.501 3.030 13.231 5.839 9.023 13.127 2.457 12.916 6.405 7.950 2.014 2.814 10.517 8.844 8.608 10.119 2.029 2.778 2.355 4.002 6.507 9.630 6.498 12.130 8.429 12.453 4.767 1.124 2.856 5.165 7.592 12.506 4.194 2.908 2.012 13.033 8.454 3.894 11.729 3.224 7.116 11.959 12.856 3.946 3.349 12.820 13.049 8.384 8.480 12.612 6.998 7.967 6.777 13.867 4.874 6.499 6.403 5.617 8.117 6.075 10.548 3.598 7.694 11.256 2.549 6.727 7.617 11.779 0.417 1.750 5.708 11.272 12.145 8.995 6.699 3.829 12.537 
11.448 6.925 10.879 3.628 9.374 9.446 4.081 6.256 4.820 14.575 13.624 11.471 11.858 0.994 11.240 12.520 6.816 9.455 9.612 9.401 16.592 9.860 4.867 10.673 12.705 9.244 14.666 3.566 11.387 1.016 8.899 11.279 14.644 13.490 13.219 11.975 7.917 13.994 13.694 5.015 0.548 6.179 11.061 5.778 6.573 14.297 3.797 14.040 1.247 11.333 6.426 9.755 9.394 4.806 10.713 7.024 11.945 13.098 3.063 13.050 9.434 1.515 7.638 8.690 3.396 5.984 3.384 7.337 12.587 10.702 9.157 10.544 13.122 6.327 6.736 13.527 4.000 9.997 6.730 1.186 3.527 6.036 13.661 4.835 2.125 14.886 4.968 9.581 13.366 6.545 11.246 10.880 10.499 6.448 5.476 4.588 4.883 9.998 10.362 11.470 2.208 4.020 6.902 3.993 3.408 6.369 13.246 12.752 4.480 7.807 12.715 9.171 1.689 11.388 10.204 12.177 9.881 11.829 7.922 5.509 5.123 12.672 5.334 14.363 10.342 9.159 5.774 7.304 11.188 9.743 12.171 1.174 2.903 6.804 4.696 12.338 8.469 5.612 9.523 9.410 6.875 7.539 3.418 1.390 10.119 4.094 9.199 2.933 14.128 3.545 8.384 6.287 12.529 5.808 11.765 11.238 5.785 5.376 15.000 8.327 9.988 13.212 9.464 13.258 9.221 11.518 7.400 5.348 11.119 14.607 9.465 6.080 15.121 13.829 11.341 5.333 9.902 4.069 11.470 13.076 1.831 13.862 6.264 10.733 9.470 13.219 8.842 6.392 12.102 1.863 7.957 7.006 9.121 1.930 7.919 7.886 7.637 4.584 4.722 8.565 
3.021 4.380 15.264 7.931 7.437 10.655 6.323 6.164 7.157 5.332 6.490 1.115 6.399 11.005 1.121 2.217 5.988 8.679 2.070 6.643 9.483 7.163 6.310 13.089 5.816 4.331 8.034 11.697 10.158 10.346 10.954 14.039 5.802 9.375 7.193 9.090 10.581 4.768 9.188 7.258 10.389 6.859 8.450 12.419 5.371 7.981 6.808 5.040 9.225 3.794 9.557 10.744 14.107 7.720 0.544 5.054 4.255 2.762 8.425 6.254 11.145 11.377 4.180 3.024 6.967 11.879 10.040 9.228 5.049 0.353 9.923 11.330 10.935 5.639 3.712 5.610 6.359 11.493 8.638 10.045 6.878 6.416 8.836 8.797 8.608 10.861 7.688 0.781 3.858 7.499 10.889 13.274 10.066 12.707 8.860 7.008 5.787 0.414 10.136 1.117 8.200 8.513 7.192 6.540 7.096 9.148 4.540 2.653 5.977 4.869 2.608 1.734 10.386 8.081 5.739 3.778 2.286 12.190 3.546 9.104 11.092 2.383 10.251 6.189 3.316 14.011 6.691 9.420 12.874 3.338 12.092 9.565 11.436 3.559 5.708 8.695 8.604 9.716 9.681 2.517 3.672 2.883 6.988 9.215 8.720 8.143 12.499 10.585 10.445 7.068 2.602 4.228 3.159 8.477 11.733 1.133 4.675 5.377 10.818 8.195 0.999 9.909 1.013 3.461 12.259 12.337 3.909 7.022 12.488 11.037 7.464 9.356 10.167 3.483 5.735 7.841 14.527 6.838 3.533 2.786 8.525 4.535 6.644 9.611 1.367 4.220 11.511 6.178 3.439 10.067 12.623 4.070 2.907 8.475 11.973 13.145 9.221 8.116 5.846 13.351 
8.419 3.862 9.701 0.655 6.273 6.991 1.774 3.044 4.736 11.525 10.421 8.900 8.645 4.163 8.531 10.016 3.605 6.534 6.694 6.227 13.378 6.717 4.110 8.725 9.506 6.065 11.452 6.259 8.549 3.799 6.638 9.501 11.539 10.374 10.006 8.926 5.727 10.957 10.551 1.894 2.981 3.033 7.996 5.294 3.381 11.085 1.072 10.969 1.988 8.217 4.123 7.273 8.244 1.830 8.064 5.936 8.812 10.433 0.699 9.843 7.128 4.672 4.523 6.899 1.641 5.052 5.295 4.767 9.422 8.153 6.544 8.087 10.226 5.463 4.092 10.364 2.031 7.687 4.032 3.669 1.425 5.588 10.496 2.421 2.927 11.817 5.247 7.022 10.397 3.531 8.573 8.942 7.747 5.804 3.006 4.352 2.013 7.495 7.641 8.872 1.384 1.526 3.823 2.848 1.032 3.903 10.163 9.958 1.940 4.612 10.333 6.372 4.272 8.268 6.990 10.330 7.900 9.369 6.239 3.156 4.084 9.972 3.669 11.202 8.631 8.051 2.590 4.803 9.048 8.077 9.629 3.158 5.674 4.331 2.905 9.226 5.611 3.559 6.803 7.493 4.134 4.919 2.246 1.825 7.154 1.321 7.427 2.844 11.073 0.864 6.367 3.571 10.414 3.131 9.205 8.812 3.145 3.964 11.918 5.393 7.247 10.168 6.823 10.355 7.350 9.154 4.368 5.219 8.878 11.580 6.364 3.749 11.976 11.167 8.128 2.421 8.755 0.980 8.384 10.366 1.932 10.844 3.090 7.866 6.712 10.173 6.787 5.836 9.062 2.291 6.634 5.362 7.320 1.544 6.305 6.850 5.026 1.796 1.969 7.368 
10.396 8.053 3.583 7.030 4.802 1.375 8.954 6.381 12.329 12.463 9.726 12.733 7.695 10.730 12.000 13.799 6.270 3.544 9.958 5.613 11.255 5.324 11.542 1.144 9.193 7.782 9.687 13.359 3.564 10.756 1.108 2.079 12.004 6.828 8.516 5.249 1.959 12.125 7.265 6.222 9.283 5.721 4.937 5.071 7.066 9.210 8.305 11.875 9.040 9.585 3.563 1.420 3.061 6.006 11.876 12.880 9.789 13.592 7.268 9.200 0.833 11.217 7.922 12.882 9.203 4.388 12.796 3.105 9.784 12.251 2.092 1.475 4.985 12.641 9.501 10.469 9.343 0.735 3.881 10.785 8.912 12.980 7.544 5.278 10.516 7.441 12.887 11.432 12.160 4.921 2.700 1.351 2.759 4.575 4.679 11.935 8.287 11.914 2.562 12.628 8.972 6.198 5.038 10.339 8.555 3.802 11.178 12.712 8.783 7.141 14.407 10.261 11.393 5.613 6.921 15.602 13.361 2.373 12.514 4.535 4.887 13.102 4.467 11.108 14.404 3.148 6.158 2.992 1.391 14.013 2.870 10.402 12.700 9.985 10.014 6.037 3.372 4.242 2.492 13.152 9.281 9.981 9.847 8.787 3.888 6.364 1.216 6.982 6.737 8.286 12.128 9.103 15.132 4.631 2.606 13.089 9.089 11.048 7.639 3.779 11.009 5.989 11.061 12.499 0.940 1.902 8.352 12.765 1.361 6.906 4.815 3.937 8.369 14.188 7.814 5.457 3.215 7.759 9.954 13.369 9.447 12.182 5.882 3.451 10.613 11.487 0.960 13.147 10.746 7.940 2.748 11.888 13.199 9.028 2.232 3.393 2.962 5.909 8.491 2.891 
6.620 8.165 19.233 11.250 11.518 14.714 9.240 9.978 8.559 7.581 9.807 3.619 10.222 13.278 4.424 3.024 9.895 12.759 6.150 10.723 12.381 11.234 8.098 17.140 9.343 8.411 11.312 13.177 14.219 12.562 14.978 18.089 8.288 13.175 10.779 13.073 14.546 7.204 12.930 10.876 13.043 10.691 12.484 15.996 9.193 11.377 9.886 7.599 11.926 7.524 13.406 14.812 18.018 11.319 4.304 6.057 7.814 3.999 11.640 9.738 15.193 13.534 8.128 4.177 9.715 15.540 11.502 13.185 8.483 3.853 13.984 15.408 14.908 6.811 7.056 8.742 9.122 15.555 12.546 12.232 9.739 7.414 12.542 12.426 10.826 14.578 8.847 4.586 6.324 11.394 14.965 17.329 14.147 16.364 12.595 8.600 9.049 4.104 14.218 3.756 10.943 11.976 11.132 8.877 10.055 13.002 7.476 4.828 9.015 8.879 2.340 5.760 12.397 12.074 9.771 0.715 3.055 16.269 4.942 12.840 14.678 4.190 13.921 9.052 2.568 17.905 10.439 13.368 16.947 3.167 16.164 11.852 13.113 6.696 8.280 12.613 12.655 13.450 13.756 3.487 7.150 6.328 9.493 11.989 12.798 11.605 16.486 13.796 14.249 10.119 4.593 7.580 1.049 12.267 15.809 3.039 7.889 7.488 14.506 12.244 5.077 13.801 4.956 5.729 16.258 16.419 7.764 8.188 16.565 14.825 11.545 13.166 13.731 4.140 9.611 11.550 18.459 10.088 7.186 4.290 11.107 6.947 10.483 13.685 5.418 7.038 15.512 7.055 6.764 13.061 16.487 5.858 3.744 11.191 15.873 16.962 13.205 11.686 9.019 17.231 
8.046 3.492 10.094 1.000 6.227 7.191 1.284 2.887 4.393 11.163 10.166 8.434 8.447 4.373 8.082 9.544 3.442 6.585 6.283 6.116 13.164 6.633 3.705 9.017 9.245 5.779 11.243 6.300 8.620 3.940 6.888 9.816 11.202 10.298 9.807 8.898 6.004 10.590 10.454 1.928 3.298 2.993 7.963 5.773 3.116 10.889 0.571 10.616 2.219 7.883 4.408 7.464 8.648 1.983 7.606 5.470 8.489 9.981 1.197 9.596 7.363 4.867 4.184 6.398 1.260 5.506 5.218 4.968 9.123 7.683 6.706 8.278 10.265 5.020 3.618 10.063 1.568 7.916 4.210 3.771 0.998 5.183 10.379 2.747 2.849 11.767 4.935 6.551 10.006 3.581 8.699 9.235 7.853 6.270 3.288 4.003 1.554 7.019 7.759 8.409 1.407 1.903 3.824 2.449 0.612 4.154 9.814 9.526 1.439 4.348 9.852 5.933 4.352 8.196 6.794 9.829 7.400 9.550 5.742 3.461 4.544 9.524 4.077 10.900 8.131 8.462 2.511 5.024 9.302 7.578 9.787 3.241 5.744 3.842 2.428 9.156 5.700 3.911 6.929 6.992 3.674 4.447 1.897 2.101 7.180 1.632 7.759 3.343 11.034 0.384 5.866 3.103 9.919 3.345 9.361 8.332 2.663 3.497 11.861 5.452 6.800 10.138 6.360 9.947 7.667 9.360 3.986 4.857 9.113 11.555 6.317 4.039 11.874 10.716 7.904 2.571 9.157 0.604 8.035 9.921 1.961 10.470 3.015 7.929 6.267 9.808 7.078 5.416 8.694 2.740 7.033 4.868 6.820 1.634 6.672 7.277 5.211 2.047 1.486 7.775 
9.448 5.885 5.398 3.814 4.607 3.072 5.924 4.071 9.181 12.115 9.947 11.155 7.835 7.415 10.533 12.290 4.238 3.927 8.420 5.157 12.247 5.251 8.480 4.307 9.185 6.626 10.418 10.022 5.405 7.415 2.439 5.048 11.843 8.231 9.018 6.540 1.456 11.656 8.570 3.342 5.962 3.363 5.798 2.839 4.863 9.960 5.220 11.508 5.696 8.833 0.670 3.388 4.035 2.994 10.260 10.053 9.235 12.337 3.971 9.351 2.978 7.911 6.047 10.444 6.052 2.070 9.459 1.528 9.513 10.539 2.987 4.133 7.160 9.708 7.086 10.372 6.287 3.536 1.683 7.440 5.783 9.951 8.700 2.045 7.205 9.327 9.703 9.547 11.431 2.741 5.008 4.522 4.428 2.789 1.567 8.792 5.454 10.054 4.247 11.077 5.678 2.934 3.114 7.235 5.403 1.076 10.718 11.586 5.840 5.470 12.801 8.496 8.049 6.361 6.484 13.532 11.149 5.397 9.949 1.352 1.934 11.837 1.188 11.147 12.096 3.893 3.615 1.350 4.736 11.628 5.780 7.058 9.365 7.525 7.052 7.156 2.987 0.911 3.492 10.853 6.937 7.736 6.683 5.443 4.614 3.161 2.971 3.736 8.555 5.152 9.749 6.604 13.281 1.787 5.395 11.346 6.451 8.125 9.488 3.141 9.355 7.657 9.219 11.623 2.900 5.058 6.318 9.649 4.650 8.914 4.677 0.883 9.922 13.017 7.649 2.577 4.515 4.715 9.147 12.170 6.132 11.641 3.576 4.875 8.872 10.914 2.399 10.159 9.956 4.619 2.451 9.205 10.813 5.714 1.927 2.930 1.792 2.777 5.612 3.205 
9.078 6.074 5.041 4.789 3.794 1.751 6.715 4.311 10.081 11.533 9.142 11.090 7.022 8.686 10.410 12.200 4.305 2.868 8.308 4.476 11.234 4.429 9.303 3.335 8.447 6.298 9.462 11.257 4.126 8.648 1.201 4.193 11.190 7.078 8.111 5.379 0.355 11.116 7.443 3.993 7.231 3.614 4.715 3.912 5.053 8.993 6.059 10.928 6.880 8.372 1.337 2.067 3.906 3.760 10.206 10.696 8.700 12.130 5.054 8.561 1.718 9.189 6.070 10.836 6.955 3.125 10.607 1.008 8.874 10.535 1.707 2.827 5.867 10.429 7.442 9.681 7.101 2.284 1.713 8.652 6.665 10.748 7.609 3.054 8.301 8.093 10.639 9.623 10.992 2.840 3.687 3.552 3.141 3.683 2.439 9.687 6.083 10.121 2.952 10.998 6.749 3.975 3.061 8.094 6.307 1.554 10.165 11.316 6.558 5.368 12.760 8.498 9.267 5.326 5.846 13.729 11.413 4.105 10.418 2.312 3.213 11.631 2.510 10.417 12.419 3.840 4.005 0.831 3.604 11.994 4.469 8.243 10.606 7.912 7.789 6.048 2.088 2.115 2.246 11.165 7.247 7.994 7.598 6.630 3.511 4.123 2.309 5.051 7.325 6.038 10.102 7.008 13.364 2.387 4.079 11.363 6.947 8.834 8.261 2.377 9.311 6.443 9.269 11.246 2.117 3.798 6.436 10.521 3.452 7.657 3.847 1.710 8.755 12.777 6.939 3.220 4.302 5.516 8.714 11.937 7.238 11.129 3.798 3.639 8.867 10.407 1.420 10.923 9.526 5.892 2.597 9.747 11.175 6.819 1.857 3.259 1.037 3.663 6.279 3.234 
9.016 4.661 11.648 2.709 7.992 9.026 1.619 4.579 2.804 12.136 11.521 8.798 9.959 3.324 8.608 9.831 5.107 8.418 7.111 7.805 14.609 8.354 2.425 10.774 10.596 7.118 12.709 4.669 10.458 2.695 8.690 11.540 12.276 12.008 11.307 10.669 7.780 11.545 12.136 3.774 2.849 4.795 9.732 6.964 4.612 12.387 1.750 11.630 1.762 9.019 6.176 9.303 10.173 3.825 8.065 4.526 9.651 10.441 2.545 10.979 9.177 3.725 5.417 6.017 0.898 6.862 3.419 6.801 10.358 8.028 8.554 10.117 12.086 3.904 4.155 11.280 1.397 9.735 6.051 2.423 1.174 3.827 12.030 4.469 1.124 13.508 3.247 6.918 10.858 5.422 10.550 10.992 9.702 7.546 5.060 2.447 2.620 7.319 9.610 8.803 0.944 3.560 5.642 1.326 1.347 5.954 10.858 10.144 2.055 5.789 10.013 6.602 2.886 9.921 8.328 9.516 7.189 11.394 5.262 5.207 5.887 10.028 5.628 12.103 7.699 9.968 4.295 6.846 11.101 7.105 11.636 1.907 4.189 4.160 1.995 10.880 7.547 5.587 8.780 6.724 4.336 4.924 0.713 1.876 8.998 3.375 9.458 4.137 12.788 1.620 5.683 3.764 9.832 5.169 11.210 8.543 3.253 2.720 13.591 7.290 7.380 11.904 6.825 10.704 9.391 11.193 5.071 3.323 10.928 13.322 8.081 5.802 13.542 11.168 9.365 4.416 10.688 2.274 9.107 10.433 0.916 11.393 4.790 9.766 6.876 10.785 8.838 4.132 9.673 3.115 8.582 4.341 6.451 1.097 8.305 8.732 7.051 3.842 2.392 9.298 
11.692 7.763 4.940 4.695 7.010 4.986 6.935 6.017 9.752 14.452 12.347 13.147 10.237 6.721 12.585 14.292 6.316 6.273 10.495 7.551 14.628 7.654 9.259 5.187 11.577 8.880 12.813 9.424 7.527 6.954 4.180 5.586 14.207 10.528 11.419 8.830 3.374 13.976 10.889 4.909 5.391 5.366 8.141 0.462 6.796 12.352 6.202 13.847 5.613 11.131 3.002 5.283 3.459 4.457 12.254 11.127 11.564 14.441 4.522 11.750 4.673 7.143 8.071 11.914 6.809 0.334 9.272 3.926 11.879 12.481 5.138 5.873 9.228 10.650 8.717 12.751 7.221 5.134 4.014 7.085 6.616 10.725 11.043 3.356 7.327 11.523 10.162 11.425 13.701 4.920 6.954 5.365 6.544 0.612 3.318 9.393 6.795 11.931 6.344 13.082 6.016 3.855 5.344 8.005 6.224 3.354 13.048 13.744 6.997 7.611 14.750 10.468 7.627 8.728 8.863 15.206 12.776 6.994 11.319 3.081 1.119 13.943 1.896 13.534 13.627 3.221 5.459 3.739 5.899 13.108 7.463 6.850 8.758 9.094 8.085 9.487 5.372 2.492 5.691 12.423 8.631 9.460 7.359 5.376 6.942 4.213 3.668 3.036 10.761 6.041 11.292 8.195 15.094 3.765 7.140 13.254 7.924 9.154 11.696 5.543 11.355 9.888 11.130 13.855 3.807 6.543 8.246 10.270 5.986 11.068 7.079 3.016 12.207 15.141 10.039 4.304 3.964 5.833 11.429 14.296 6.308 13.948 5.582 7.081 10.845 13.222 3.768 10.996 12.230 4.185 2.150 10.483 12.315 5.938 2.419 1.952 4.175 4.087 6.880 2.653 
7.571 9.262 11.038 11.360 5.600 6.948 12.006 8.923 15.074 7.475 4.483 10.575 4.166 15.960 9.794 11.183 8.389 5.716 8.735 5.691 3.892 5.155 14.057 8.270 4.811 7.015 3.263 18.088 4.365 15.659 7.783 8.894 6.735 1.490 3.374 3.070 8.461 7.510 1.412 9.982 14.606 8.830 3.932 12.290 8.943 2.978 11.749 7.106 13.818 6.718 9.202 6.694 10.900 10.167 10.081 14.229 6.347 10.404 11.909 4.431 7.402 16.479 8.573 12.993 12.636 11.504 16.907 8.142 5.679 10.576 6.691 6.390 2.959 14.420 10.611 5.613 12.370 7.148 8.484 15.531 12.333 15.081 1.682 10.329 14.591 0.612 15.731 10.464 8.134 8.432 5.166 8.290 5.320 12.000 9.760 14.725 10.980 10.722 5.528 10.434 13.189 11.003 8.072 13.293 12.165 9.042 6.873 9.452 11.611 7.912 11.897 9.444 16.128 3.595 5.435 14.082 12.711 5.926 13.096 9.830 11.514 10.069 10.651 5.684 13.796 11.007 9.285 8.276 7.459 13.714 5.425 15.012 17.526 11.026 12.524 2.638 6.726 10.052 6.137 12.797 10.303 10.465 13.172 13.617 5.015 10.884 9.073 12.938 1.131 11.909 12.262 10.588 13.105 9.319 5.462 11.252 10.945 13.148 0.428 6.751 9.615 1.941 10.115 8.709 8.778 6.445 9.099 15.285 7.057 1.193 5.509 9.419 0.663 10.655 4.869 9.653 10.969 11.256 7.016 10.104 13.746 7.714 8.780 4.747 9.588 7.326 8.371 15.049 7.392 13.418 10.451 12.989 13.082 13.392 9.766 11.148 7.840 10.408 11.234 10.737 
7.158 9.333 11.950 11.715 5.998 7.714 12.187 9.184 15.137 6.724 3.866 10.125 4.012 16.320 9.365 10.653 8.635 6.297 8.498 5.958 2.907 5.482 14.114 9.167 4.351 6.976 2.481 18.355 5.159 15.982 8.545 9.820 5.967 1.984 2.959 3.681 9.166 6.814 1.670 10.328 15.001 9.165 4.445 12.970 9.120 2.297 11.986 6.403 14.159 6.359 9.788 7.478 11.756 10.550 9.699 14.135 5.917 9.819 12.283 3.932 8.195 16.837 8.613 12.772 12.843 12.182 17.110 8.734 5.184 10.192 7.396 7.235 3.886 14.376 10.600 4.977 12.535 7.978 9.008 15.836 12.548 15.063 1.692 10.805 14.830 1.591 15.793 10.182 7.504 8.842 6.014 9.197 6.079 12.715 10.262 14.801 11.154 10.400 6.288 9.984 13.477 11.425 8.454 13.424 12.408 9.597 6.257 8.886 11.778 8.018 11.362 9.228 16.422 3.987 5.474 13.629 12.399 6.850 12.933 10.352 12.131 9.514 11.239 4.937 13.464 11.852 9.594 8.882 8.372 13.423 6.360 15.309 17.812 10.989 12.621 3.085 7.286 10.619 6.832 12.521 10.295 10.380 13.351 13.969 5.602 11.278 9.901 13.442 2.048 12.162 12.064 10.628 12.607 9.802 6.370 10.824 11.016 13.176 1.389 7.263 9.310 2.716 9.850 8.092 9.601 7.361 9.118 15.316 7.961 2.179 5.908 9.980 0.345 10.016 4.713 10.065 11.846 11.517 6.622 9.516 14.030 7.032 9.094 5.463 9.336 6.711 9.155 15.007 6.904 13.854 11.231 12.895 12.829 13.693 10.528 11.932 8.440 10.819 11.404 11.553 
8.249 6.690 5.957 6.859 2.722 1.219 8.343 5.320 11.759 10.125 7.336 10.796 5.331 11.165 10.027 11.808 5.018 1.475 8.085 3.537 8.919 3.120 10.858 3.252 6.831 5.833 7.305 13.623 1.399 11.035 2.049 4.157 9.641 4.553 6.119 2.904 2.757 9.814 4.966 5.697 9.723 4.817 2.541 6.590 5.829 6.827 7.816 9.545 9.200 7.393 3.828 1.011 5.416 5.658 9.979 11.851 7.533 11.497 7.270 6.819 1.731 11.681 6.368 11.485 8.765 5.814 12.780 2.846 7.460 10.394 1.056 1.215 3.127 11.743 8.225 8.108 8.746 1.681 3.482 10.992 8.452 12.203 5.210 5.348 10.412 5.403 12.373 9.698 9.912 4.081 1.087 3.384 0.420 6.267 4.705 11.367 7.485 10.149 0.215 10.680 8.865 6.209 3.976 9.766 8.154 3.818 8.876 10.582 8.071 5.533 12.451 8.499 11.612 3.217 4.727 13.882 11.782 2.130 11.237 4.680 5.952 11.019 5.199 8.727 12.869 5.473 5.325 2.899 2.798 12.546 2.224 10.534 12.993 8.719 9.255 3.673 1.966 4.699 0.685 11.641 7.961 8.546 9.398 8.961 1.565 6.237 3.500 7.688 4.648 7.873 10.707 7.921 13.290 4.410 1.799 11.228 8.034 10.193 5.581 2.313 9.157 3.805 9.313 10.288 3.191 2.193 6.870 12.129 2.377 4.939 2.705 4.138 6.175 12.052 5.506 5.065 5.605 7.253 7.770 11.256 9.400 9.886 4.905 1.073 8.823 9.206 2.668 12.308 8.538 8.413 4.736 10.741 11.752 8.991 4.033 5.439 2.543 5.730 7.725 5.098 
10.610 7.818 3.338 6.315 5.106 1.906 8.359 6.059 11.671 12.881 10.282 12.759 8.197 9.774 12.059 13.856 6.043 3.942 9.973 5.875 12.028 5.693 10.937 1.812 9.677 7.888 10.382 12.431 4.423 9.840 1.152 2.539 12.474 7.657 9.134 6.016 1.395 12.504 8.076 5.674 8.338 5.361 5.571 3.980 6.799 9.904 7.677 12.283 8.175 9.851 2.887 2.108 2.399 5.395 11.883 12.405 10.119 13.734 6.486 9.730 1.387 10.251 7.789 12.583 8.538 3.307 11.948 2.747 10.199 12.227 2.452 2.458 5.964 12.112 9.189 10.943 8.736 1.681 3.458 9.889 8.260 12.398 8.321 4.542 9.715 8.388 12.204 11.339 12.461 4.587 3.651 2.023 3.518 3.486 3.996 11.280 7.786 11.834 3.310 12.663 8.193 5.444 4.796 9.706 7.887 3.205 11.552 12.890 8.232 7.062 14.433 10.200 10.488 6.239 7.233 15.463 13.157 3.462 12.160 3.817 3.859 13.237 3.542 11.627 14.166 2.411 5.744 2.579 2.382 13.742 3.951 9.530 11.767 9.659 9.460 6.778 3.485 3.425 2.979 12.912 8.995 9.740 9.175 7.921 4.427 5.654 0.569 5.999 7.662 7.629 11.850 8.753 15.074 4.052 3.666 13.059 8.681 10.519 8.580 3.856 10.995 6.869 10.980 12.756 0.390 2.993 8.170 12.129 2.434 7.873 5.138 3.247 9.252 14.361 8.229 4.893 2.702 7.150 10.208 13.528 8.641 12.540 5.546 4.181 10.564 11.829 0.479 12.589 11.014 7.002 1.697 11.478 12.924 8.225 1.140 2.376 2.713 5.238 7.970 1.987 
4.653 1.641 9.824 4.015 2.679 5.337 4.151 1.331 7.276 7.562 6.104 6.308 4.324 8.484 5.654 7.430 0.814 3.643 3.541 2.224 9.047 2.831 6.278 7.733 5.197 1.899 7.123 10.339 5.543 8.061 5.546 8.677 7.445 6.389 5.685 5.227 5.141 7.041 6.479 2.722 7.300 1.754 4.317 7.405 1.082 6.766 3.967 6.971 6.313 4.185 4.223 5.475 8.680 3.117 5.420 6.889 4.705 7.445 4.623 5.519 5.785 8.985 1.325 6.410 4.804 6.756 9.071 3.791 5.206 5.742 4.622 6.157 6.885 6.889 3.184 6.144 4.508 6.187 3.246 7.882 4.512 7.453 6.352 3.938 6.801 7.929 7.929 4.850 6.677 2.158 6.013 7.929 5.118 7.564 3.760 6.911 3.121 5.342 5.125 6.221 5.517 4.093 1.787 5.436 4.393 3.817 6.155 6.704 3.750 0.581 7.974 3.707 8.446 4.358 2.672 9.004 6.778 7.206 6.168 3.985 6.125 6.944 5.184 6.978 7.841 8.593 1.912 3.986 7.620 7.488 7.239 7.347 9.820 3.674 4.699 5.295 3.279 4.563 4.495 6.598 2.904 3.470 5.316 6.159 3.960 3.807 7.062 6.380 7.249 4.161 5.634 2.958 8.580 3.292 6.832 6.570 3.198 5.445 7.993 2.870 4.521 6.412 4.487 6.804 6.827 7.238 1.796 7.540 7.273 7.815 2.751 4.086 7.871 8.126 3.794 2.919 9.092 3.537 4.441 7.279 6.058 6.982 1.559 4.873 4.074 6.265 6.081 7.493 5.220 6.378 7.233 5.725 6.687 5.755 6.559 7.795 3.782 3.508 3.373 7.946 
4.413 0.668 11.753 4.149 4.909 7.521 3.020 2.449 5.449 7.542 7.013 4.895 5.724 7.848 4.445 6.037 2.452 5.911 2.585 4.333 10.163 4.954 4.424 9.864 6.097 2.740 8.316 9.196 7.793 7.283 7.634 10.795 7.656 8.268 7.000 7.320 7.088 6.957 8.274 3.418 6.957 3.162 6.452 8.583 1.681 8.051 3.263 7.020 5.821 4.404 5.872 7.684 10.497 3.878 4.022 4.677 5.041 6.350 4.686 6.507 7.930 8.295 1.125 4.174 3.749 8.064 7.723 5.731 5.772 4.190 6.825 8.394 9.057 4.763 0.950 6.680 3.236 8.369 5.046 7.033 3.548 5.399 8.067 4.964 5.716 9.840 6.103 3.110 6.326 3.898 8.282 10.067 7.386 8.892 5.072 5.128 2.171 3.615 7.392 4.848 4.838 4.677 3.695 3.904 3.636 5.470 6.241 5.839 2.592 1.912 6.448 2.270 7.507 6.376 4.251 7.030 4.681 9.469 3.900 5.318 7.255 5.877 6.435 7.496 5.692 10.377 2.905 5.902 9.818 5.292 9.508 6.503 8.775 1.422 3.026 7.258 5.490 5.930 6.741 4.438 0.650 1.263 4.044 5.751 6.213 4.309 9.042 6.807 9.218 3.523 3.410 0.950 6.796 4.730 9.100 4.941 1.417 3.476 9.874 5.090 3.161 8.441 2.832 6.248 8.837 9.486 0.586 5.616 9.489 9.805 4.973 5.629 9.586 7.081 5.055 4.034 10.948 3.140 4.485 6.266 5.284 6.819 2.959 7.131 2.628 6.186 8.105 5.386 5.070 6.410 8.952 3.481 4.479 5.114 8.351 9.426 5.796 4.273 2.321 9.698 
10.646 6.160 11.124 3.148 8.893 9.277 3.236 5.651 4.026 13.775 12.934 10.587 11.228 1.619 10.371 11.629 6.209 9.085 8.786 8.854 15.946 9.344 3.995 10.688 12.010 8.533 14.024 3.703 11.066 1.171 8.795 11.353 13.868 12.999 12.589 11.535 7.825 13.190 13.179 4.508 1.161 5.659 10.609 6.119 5.891 13.670 3.031 13.249 0.723 10.570 6.271 9.578 9.632 4.369 9.838 6.152 11.189 12.220 2.659 12.368 9.319 2.094 6.890 7.788 2.531 6.215 3.090 7.104 11.854 9.817 8.925 10.381 12.775 5.467 5.879 12.789 3.125 9.885 6.440 1.072 2.690 5.218 13.122 4.596 1.309 14.433 4.243 8.700 12.541 6.112 11.000 10.900 10.215 6.768 5.243 3.765 4.096 9.110 10.091 10.588 1.416 3.712 6.432 3.089 2.621 6.158 12.462 11.893 3.649 7.120 11.816 8.322 1.693 10.894 9.574 11.278 8.977 11.672 7.022 5.314 5.293 11.799 5.340 13.622 9.445 9.406 5.217 7.096 11.143 8.847 11.983 0.653 3.084 5.927 3.798 11.850 8.126 5.514 9.249 8.507 6.030 6.672 2.516 0.971 9.727 3.706 9.256 3.187 13.686 2.794 7.480 5.445 11.625 5.511 11.568 10.343 4.938 4.475 14.538 7.946 9.126 12.777 8.591 12.417 9.248 11.396 6.619 4.561 11.039 14.184 8.985 5.908 14.604 12.949 10.685 4.934 10.146 3.374 10.691 12.203 0.959 13.051 5.718 10.395 8.612 12.419 8.806 5.566 11.303 2.035 8.127 6.105 8.220 1.156 8.006 8.134 7.393 4.213 3.917 8.780 
