30 30 80
125.274 39.350 181.623 36.572 138.888 60.228 131.162 62.112 48.112 69.733 163.048 75.154 111.041 54.638 124.762 153.624 115.163 157.895 78.279 112.561 141.567 90.050 94.703 163.417 69.366 108.776 150.870 173.369 41.148 65.002 
59.098 169.053 25.167 138.867 48.500 87.335 160.428 168.594 84.440 118.298 25.703 109.313 46.813 183.024 114.959 98.208 93.265 180.683 132.723 148.106 143.197 99.040 94.951 107.595 62.318 175.898 48.926 15.529 48.846 148.609 
30.647 7.303 16.926 28.707 25.389 22.344 11.336 26.199 8.768 9.801 33.637 32.044 12.913 20.350 16.893 30.342 27.865 12.126 14.340 24.613 17.877 14.194 15.813 27.697 12.119 9.252 21.007 23.371 18.560 21.073 23.341 30.508 11.313 9.308 11.616 30.806 11.678 11.460 8.698 6.737 17.100 24.408 31.158 26.332 30.470 6.407 12.095 10.651 15.874 8.182 11.226 22.746 25.411 15.711 21.776 22.886 17.220 11.147 24.695 16.974 18.482 26.581 5.108 18.263 7.933 23.875 34.847 34.553 31.305 19.086 28.571 32.827 8.766 33.105 9.008 18.136 22.369 19.733 29.842 24.909 
804.353 1325.367 532.851 1154.722 699.987 893.342 1258.480 1350.248 995.250 1035.619 569.930 1110.128 652.019 1365.549 1098.329 960.200 1026.690 1351.919 1150.613 1257.535 1185.741 1008.555 1048.470 1006.966 799.972 1372.154 771.187 440.230 706.888 1158.623 
14.415 1.221 19.222 15.203 8.335 6.829 12.603 5.145 10.906 4.595 13.607 14.863 10.268 13.596 11.349 17.512 11.515 8.277 14.247 11.517 13.120 17.618 11.595 9.649 1.550 12.618 11.310 14.637 16.406 13.335 
11.342 2.451 15.672 11.608 5.021 4.032 9.287 3.816 8.608 3.216 10.244 11.229 8.539 10.029 8.454 13.851 9.692 4.920 10.641 8.610 10.774 13.995 9.104 8.482 2.465 9.663 7.638 10.992 12.774 9.880 
13.248 6.219 15.680 9.400 2.661 7.637 10.792 8.434 12.007 2.649 7.071 9.377 12.470 10.408 4.279 13.026 13.460 7.225 10.678 11.150 13.923 13.605 12.218 12.776 5.616 11.984 7.173 10.621 12.390 7.070 
14.400 4.086 17.726 12.042 4.991 7.635 12.096 7.531 12.239 0.614 9.853 11.932 12.293 12.214 7.061 15.335 13.425 7.967 12.630 11.912 14.348 15.772 12.647 12.248 3.340 12.888 9.196 12.728 14.537 9.799 
6.270 8.271 12.504 12.577 9.362 3.184 5.662 3.940 1.870 10.140 12.900 11.819 1.668 7.866 12.884 12.262 2.697 4.180 8.739 3.465 4.057 11.733 2.692 2.548 8.827 4.439 8.027 9.561 10.802 12.172 
14.424 1.229 18.869 14.385 7.386 6.903 12.455 5.651 11.248 3.366 12.626 14.102 10.803 13.226 10.219 16.967 12.033 8.085 13.823 11.601 13.462 17.161 11.867 10.347 0.742 12.684 10.717 14.140 15.935 12.407 
3.818 13.636 4.411 6.328 9.104 8.406 2.852 10.917 7.514 12.986 8.479 5.463 9.295 1.339 10.686 3.869 9.104 6.586 1.305 5.189 7.363 3.221 6.749 10.794 13.752 4.620 4.609 2.058 2.377 7.651 
11.349 3.404 16.874 14.424 8.559 4.108 9.941 1.663 7.352 6.688 13.557 13.891 6.512 11.458 12.142 15.739 7.761 6.052 12.234 8.388 9.531 15.584 8.130 5.827 4.155 9.489 9.968 12.818 14.449 13.069 
13.608 1.728 17.736 13.005 5.981 6.270 11.513 5.549 10.798 2.097 11.213 12.744 10.577 12.101 8.832 15.713 11.770 7.162 12.656 10.881 12.985 15.962 11.333 10.325 1.014 11.935 9.455 12.923 14.729 11.001 
8.311 7.794 10.891 6.355 2.535 4.871 5.816 7.023 8.050 6.301 5.657 5.905 9.063 5.419 5.521 8.650 9.757 3.278 5.795 6.600 9.599 8.973 7.988 9.896 7.668 7.254 2.401 5.921 7.736 5.055 
6.828 14.037 5.112 3.400 8.146 9.636 5.298 12.192 9.975 12.552 5.953 2.585 11.671 2.855 8.708 2.301 11.689 7.614 2.029 7.642 10.196 2.892 9.329 13.062 13.982 7.338 3.968 1.103 1.793 5.198 
7.062 14.279 5.061 3.283 8.313 9.916 5.574 12.471 10.258 12.745 5.929 2.502 11.957 3.134 8.759 2.108 11.969 7.892 2.298 7.923 10.460 2.815 9.608 13.350 14.215 7.608 4.199 1.377 1.797 5.195 
14.858 12.192 14.613 6.635 5.701 12.003 12.429 13.607 15.459 8.636 3.683 7.178 16.475 10.859 2.023 11.305 17.181 10.684 10.635 13.818 16.870 12.350 15.332 17.215 11.621 14.269 7.924 10.079 11.384 4.401 
4.658 10.630 11.223 12.810 10.877 5.241 5.019 6.318 0.647 12.273 13.658 11.981 1.828 7.454 14.178 11.603 1.382 5.538 8.304 2.676 1.688 10.853 0.987 3.388 11.165 3.138 8.581 9.211 10.110 12.866 
9.634 13.128 8.359 0.874 6.246 10.016 7.559 12.394 11.757 10.821 2.573 0.936 13.243 5.377 5.641 5.078 13.554 8.062 4.864 9.601 12.511 6.096 11.310 14.425 12.887 9.643 3.877 4.105 5.164 1.906 
5.441 10.813 7.362 5.262 5.950 6.190 3.059 8.747 7.108 9.852 6.371 4.456 8.654 1.836 7.907 5.558 8.899 4.168 2.265 4.938 7.889 5.600 6.644 9.925 10.842 5.063 1.558 2.639 4.384 5.534 
10.779 5.855 13.630 8.276 1.362 5.402 8.346 6.694 9.594 3.600 6.619 8.038 10.186 8.171 4.917 11.251 11.113 4.754 8.545 8.657 11.459 11.668 9.761 10.645 5.520 9.489 5.092 8.623 10.432 6.320 
6.936 8.771 9.550 5.966 3.948 4.853 4.429 7.278 7.202 7.659 5.985 5.354 8.430 4.004 6.563 7.525 8.973 2.909 4.446 5.483 8.532 7.721 7.005 9.448 8.742 6.014 1.399 4.685 6.488 5.250 
10.132 4.486 13.891 9.551 3.203 3.739 7.868 4.779 8.207 3.663 8.283 9.173 8.572 8.264 6.831 11.897 9.587 3.698 8.806 7.661 10.223 12.115 8.511 8.887 4.368 8.620 5.649 9.081 10.884 7.874 
4.663 9.596 8.475 7.242 6.192 4.417 2.205 6.972 5.187 9.327 7.990 6.460 6.659 2.942 8.911 7.281 6.986 2.523 3.730 3.205 6.256 7.067 4.832 7.903 9.753 3.656 2.900 4.399 5.941 7.187 
7.821 7.839 14.138 14.041 10.214 3.847 7.312 3.432 3.190 10.276 14.158 13.308 1.878 9.493 13.839 13.900 3.116 5.369 10.365 5.096 5.130 13.382 4.099 1.446 8.492 6.028 9.436 11.173 12.445 13.467 
12.472 8.781 13.728 6.732 2.166 8.533 9.965 10.027 12.309 5.509 4.193 6.852 13.157 8.956 1.589 10.780 13.961 7.422 9.009 10.934 13.929 11.539 12.303 13.783 8.279 11.558 5.674 8.736 10.384 4.292 
2.316 13.608 4.874 7.817 9.842 8.075 2.179 10.476 6.406 13.386 9.825 6.946 8.208 2.318 11.801 5.211 7.876 6.480 2.712 4.185 5.978 4.332 5.572 9.751 13.810 3.404 5.509 3.557 3.749 8.986 
3.769 11.416 6.645 6.571 7.391 6.194 1.468 8.727 5.984 10.953 7.992 5.713 7.670 1.231 9.566 5.654 7.723 4.351 2.098 3.671 6.438 5.305 5.381 9.072 11.553 3.556 3.205 2.930 4.239 7.149 
8.085 6.784 14.170 13.451 9.237 2.905 7.223 2.360 3.702 9.162 13.378 12.754 2.807 9.238 12.887 13.662 4.052 4.643 10.096 5.201 5.827 13.244 4.548 2.546 7.417 6.232 8.816 10.854 12.240 12.717 
8.564 14.395 6.322 1.767 7.906 10.551 6.875 13.059 11.449 12.462 4.635 1.157 13.084 4.455 7.721 2.991 13.202 8.521 3.707 9.153 11.836 4.070 10.863 14.409 14.245 8.956 4.435 2.790 3.278 3.999 
14.673 1.318 19.251 14.897 7.921 7.111 12.760 5.670 11.357 3.920 13.169 14.600 10.825 13.610 10.777 17.408 12.064 8.398 14.225 11.817 13.573 17.575 12.007 10.289 1.153 12.909 11.167 14.564 16.353 12.941 
13.893 10.541 14.351 6.694 4.118 10.472 11.413 11.988 14.115 7.034 3.750 7.056 15.040 10.090 0.588 11.177 15.802 9.268 9.990 12.606 15.638 12.102 14.051 15.712 9.982 13.144 6.949 9.556 11.037 4.224 
4.363 9.018 9.633 9.261 7.306 3.294 2.658 5.645 3.242 9.565 9.882 8.477 4.643 4.552 10.440 8.975 5.031 2.218 5.415 1.770 4.664 8.566 3.053 5.897 9.330 2.713 4.837 6.203 7.549 9.103 
13.347 4.523 16.469 10.765 3.698 6.933 10.991 7.245 11.491 0.937 8.645 10.642 11.712 10.991 6.012 14.045 12.791 6.995 11.382 10.970 13.538 14.497 11.826 11.823 3.888 11.905 7.929 11.457 13.263 8.553 
6.389 11.428 6.986 8.972 9.550 5.132 5.444 7.620 10.394 11.465 14.339 2.413 13.682 2.342 8.043 8.178 9.007 10.771 9.813 11.147 6.191 5.092 4.417 11.241 4.791 6.253 3.305 2.441 11.563 6.408 9.719 13.385 9.629 7.361 3.426 4.858 8.970 7.577 6.903 3.060 11.233 13.449 13.679 6.992 10.189 1.890 4.021 2.948 10.796 9.375 8.957 6.500 2.199 9.470 3.534 4.095 14.484 5.619 4.602 6.057 6.725 9.860 4.017 5.978 5.691 13.608 7.522 12.764 12.862 7.621 6.672 3.469 11.599 13.338 5.203 7.529 3.921 7.946 7.560 6.588 
9.548 5.723 11.312 8.133 5.685 10.871 14.091 6.382 8.374 6.668 12.547 11.490 7.003 11.209 7.845 6.791 6.279 8.617 11.242 10.222 15.615 11.458 10.877 6.115 11.039 7.234 11.710 11.687 12.212 11.346 3.770 12.715 12.811 11.787 13.187 11.281 11.745 12.767 16.598 15.098 2.352 10.325 10.443 6.424 12.508 12.720 15.533 13.737 3.606 5.704 14.738 11.467 11.168 3.899 10.574 9.323 3.793 9.985 8.768 16.661 16.755 3.650 12.762 7.730 11.208 8.786 5.854 6.147 5.089 10.609 7.095 13.535 1.836 5.583 11.818 7.167 12.560 14.187 12.562 8.413 
8.735 14.215 13.575 11.083 15.518 7.239 4.227 11.660 12.020 13.805 13.823 8.917 15.786 8.653 14.376 11.496 15.072 12.211 9.811 11.669 2.957 6.687 10.995 13.876 7.028 10.986 6.412 9.002 10.926 12.997 14.283 12.635 8.580 13.928 4.894 6.808 8.730 6.816 2.406 3.574 16.309 13.975 14.165 12.354 9.335 8.454 2.733 4.502 16.305 15.328 6.438 13.084 8.164 14.299 7.640 9.880 17.929 8.143 9.908 1.551 2.018 15.035 10.482 10.380 12.286 14.898 12.452 15.235 15.773 8.536 10.967 4.551 16.512 16.036 11.774 13.641 10.426 5.911 6.972 9.723 
5.546 8.624 15.414 5.878 14.233 5.514 4.873 8.546 5.848 7.837 5.802 10.950 9.177 10.365 14.280 7.544 14.104 5.775 2.857 4.511 5.290 5.205 12.743 8.208 5.736 9.128 6.914 11.215 3.058 14.922 10.904 4.600 1.196 15.963 6.589 5.525 2.280 2.442 5.667 8.203 13.202 6.396 6.542 10.813 1.709 11.451 7.579 7.245 13.936 14.048 1.649 15.064 9.652 11.300 7.565 10.095 12.347 5.779 9.420 6.656 6.053 12.375 13.454 8.423 14.198 7.737 10.216 9.076 9.969 3.789 8.537 6.642 13.110 9.960 14.080 13.112 13.277 2.291 2.516 6.639 
4.638 1.537 12.934 1.992 9.332 6.186 8.795 4.163 1.253 0.796 5.771 10.198 2.886 9.640 10.392 2.994 9.503 1.427 4.244 3.030 10.158 6.589 10.976 1.119 6.507 5.740 7.854 10.491 5.021 12.640 5.033 5.667 5.914 13.527 8.880 6.611 4.998 6.535 11.021 11.103 7.045 3.746 3.941 6.784 5.473 11.288 11.109 9.642 8.212 9.194 8.161 12.794 9.152 5.660 7.312 8.167 5.276 5.407 7.242 11.482 11.291 6.742 12.517 5.469 12.103 2.999 5.770 2.216 2.914 4.509 4.961 9.181 6.756 3.047 12.366 9.169 12.293 7.885 6.337 4.265 
5.343 5.894 6.775 5.684 3.417 6.119 9.244 2.438 6.878 6.507 11.938 5.719 8.357 5.416 4.028 3.700 3.355 7.306 8.672 8.663 10.740 6.702 5.439 5.976 6.157 1.873 6.372 5.931 10.271 6.582 2.408 11.543 9.774 7.353 7.893 6.434 8.641 8.856 11.735 9.562 3.662 10.081 10.287 0.662 9.806 6.956 10.129 8.312 3.543 3.235 10.967 6.730 5.387 1.960 5.139 3.528 7.605 5.396 3.029 11.551 11.809 2.306 7.279 2.585 6.188 9.273 0.639 7.227 6.777 7.029 2.289 8.232 4.013 7.397 6.637 2.801 7.061 10.155 8.679 4.186 
3.889 8.995 7.644 6.464 8.539 2.749 4.226 5.372 7.886 8.986 11.949 2.939 11.201 2.380 7.558 5.768 8.111 8.265 7.466 8.694 5.469 2.862 4.890 8.787 2.432 4.246 1.130 3.193 9.255 7.104 7.730 11.046 7.501 8.145 2.295 2.570 6.711 5.586 6.395 3.665 9.528 10.968 11.198 5.416 7.982 3.484 4.275 2.484 9.372 8.348 7.302 7.234 1.670 7.603 1.054 2.942 12.208 3.128 2.934 5.927 6.360 8.197 5.426 3.796 6.357 11.099 5.666 10.308 10.464 5.236 4.478 2.576 9.809 10.914 6.130 6.709 5.250 6.287 5.523 4.107 
7.840 7.000 6.901 7.744 1.530 8.681 11.802 4.679 8.705 7.818 13.678 7.532 9.236 7.381 3.461 5.795 1.972 9.097 10.896 10.599 13.292 9.264 6.582 7.219 8.720 4.436 8.876 7.679 12.368 6.923 2.915 13.449 12.132 7.392 10.393 8.997 10.993 11.359 14.286 11.944 2.092 11.643 11.827 2.903 12.089 8.706 12.572 10.763 1.110 1.458 13.468 7.044 7.524 2.259 7.631 5.615 7.380 7.944 5.369 14.070 14.351 1.255 8.453 5.145 6.796 10.539 3.070 8.122 7.374 9.447 4.792 10.726 2.669 8.010 7.425 2.758 8.262 12.683 11.176 6.654 
7.164 10.173 3.049 8.907 5.201 6.857 8.952 6.122 10.349 10.597 15.189 2.288 12.657 2.542 3.393 7.254 4.583 10.789 11.105 11.777 10.143 7.224 0.836 10.158 6.657 4.507 5.800 2.277 12.906 2.587 7.009 14.517 11.623 3.611 6.967 6.894 10.637 9.982 11.025 7.607 7.723 13.685 13.910 3.957 11.939 3.171 8.484 6.931 6.859 5.053 11.884 2.737 3.136 6.499 4.846 2.329 12.210 6.684 3.179 10.399 10.941 6.412 2.712 4.840 1.920 13.244 4.935 11.561 11.260 8.955 5.285 7.201 8.221 11.856 2.126 3.163 2.505 10.892 9.873 6.533 
8.469 3.099 13.617 6.227 8.515 10.013 12.997 6.172 5.824 3.832 9.105 12.442 3.342 12.007 10.361 5.815 8.972 5.907 8.811 7.376 14.448 10.528 12.465 3.500 10.276 7.640 11.355 12.697 9.345 13.507 4.654 9.469 10.488 14.163 12.650 10.455 9.572 11.019 15.365 14.797 5.150 6.893 6.971 7.678 10.017 13.666 14.998 13.338 6.643 8.463 12.730 13.648 11.739 5.247 10.462 10.183 0.739 9.124 9.383 15.690 15.600 5.812 14.282 7.816 13.183 5.229 6.730 2.758 1.725 8.899 7.125 12.984 4.592 1.973 13.664 9.368 14.060 12.404 10.816 7.612 
5.964 6.775 16.135 4.886 13.865 6.679 7.293 8.089 4.122 5.860 2.902 12.158 6.680 11.548 14.378 6.863 13.875 3.851 2.021 2.249 8.043 6.625 13.652 6.368 6.993 9.153 8.429 12.448 0.262 15.707 9.945 1.754 2.379 16.716 8.587 6.879 2.744 4.430 8.550 10.527 12.142 3.498 3.617 10.701 1.646 12.901 10.065 9.339 13.139 13.698 4.613 15.859 10.872 10.475 8.685 10.796 10.190 6.525 9.967 9.454 8.923 11.590 14.704 8.547 15.034 5.013 9.885 6.843 7.857 4.239 8.417 8.736 11.924 7.702 15.060 13.147 14.504 5.022 4.361 6.693 
4.861 8.440 14.593 5.527 13.590 4.696 4.038 7.979 5.713 7.713 6.384 10.093 9.229 9.511 13.550 7.053 13.434 5.707 2.811 4.632 4.579 4.359 11.907 8.030 4.902 8.449 6.048 10.355 3.504 14.094 10.423 5.200 1.213 15.137 5.715 4.682 1.954 1.584 5.056 7.366 12.726 6.721 6.887 10.143 1.949 10.579 6.774 6.378 13.388 13.403 1.257 14.235 8.797 10.782 6.730 9.295 12.221 5.022 8.647 5.976 5.429 11.838 12.590 7.733 13.367 7.925 9.596 9.020 9.853 3.192 7.896 5.773 12.667 9.900 13.235 12.398 12.415 1.543 1.679 5.998 
8.523 10.708 1.942 9.930 4.157 8.426 10.703 6.866 11.308 11.261 16.285 4.062 13.182 4.344 1.992 8.105 3.500 11.750 12.416 12.890 11.926 8.842 2.102 10.761 8.260 5.393 7.525 4.011 14.184 1.801 7.077 15.705 13.083 2.524 8.746 8.512 12.049 11.560 12.817 9.400 7.233 14.624 14.842 4.290 13.339 4.795 10.283 8.730 6.101 4.058 13.522 1.938 4.927 6.465 6.493 3.819 12.211 8.140 4.501 12.201 12.738 6.071 3.646 5.901 1.664 13.995 5.336 12.056 11.602 10.349 6.186 8.987 7.790 12.226 2.355 2.420 3.508 12.545 11.438 7.727 
3.207 8.789 10.082 5.785 10.415 1.643 1.937 6.023 6.987 8.521 10.264 5.363 10.650 4.820 9.742 5.886 10.074 7.283 5.728 7.279 3.390 1.190 7.331 8.490 1.392 5.498 1.332 5.603 7.403 9.546 8.664 9.245 5.380 10.587 1.142 1.201 4.796 3.322 4.382 3.351 10.753 9.659 9.880 7.029 5.965 5.736 3.358 1.933 10.895 10.220 4.877 9.677 4.113 8.722 2.439 5.129 12.393 2.534 4.801 4.264 4.456 9.531 7.791 4.835 8.799 10.141 6.951 9.939 10.342 3.695 5.373 1.411 10.920 10.677 8.568 8.768 7.628 3.858 3.304 4.095 
6.950 4.753 16.398 4.669 13.010 8.208 9.833 7.680 3.225 3.832 2.219 13.156 3.679 12.561 14.025 6.421 13.178 2.784 4.014 2.232 10.864 8.388 14.241 4.442 8.554 9.143 10.043 13.455 3.225 16.060 8.687 2.605 5.356 16.993 10.643 8.544 5.096 7.018 11.515 12.789 10.584 0.158 0.376 10.368 4.625 14.117 12.519 11.433 11.830 12.872 7.788 16.215 11.973 9.327 9.887 11.352 7.422 7.699 10.436 12.285 11.862 10.395 15.616 8.732 15.474 1.800 9.383 4.220 5.301 5.811 8.348 10.871 10.230 4.955 15.657 12.792 15.398 7.983 6.879 7.134 
6.749 11.772 14.184 8.623 14.823 5.576 2.488 10.014 9.293 11.214 10.490 9.348 13.014 8.898 14.148 9.516 14.495 9.406 6.741 8.619 1.307 4.984 11.437 11.394 5.517 9.801 5.675 9.530 7.645 13.622 12.679 9.293 5.333 14.639 4.406 5.240 5.691 3.896 1.025 4.752 14.889 10.827 11.002 11.401 6.084 9.336 3.829 4.593 15.185 14.628 3.052 13.738 8.243 12.847 6.858 9.518 15.581 6.393 9.225 2.168 1.421 13.750 11.485 9.099 12.873 11.912 11.213 12.615 13.296 5.952 9.543 4.200 14.980 13.464 12.522 13.192 11.367 2.693 4.089 7.912 
8.958 11.662 1.258 10.621 5.402 8.644 10.602 7.701 12.043 12.157 16.937 3.648 14.147 4.077 3.211 8.891 4.745 12.484 12.897 13.526 11.717 8.995 1.538 11.684 8.435 6.137 7.505 3.510 14.694 0.798 8.184 16.289 13.421 1.812 8.572 8.666 12.436 11.761 12.559 8.932 8.461 15.377 15.600 5.271 13.739 4.086 9.863 8.444 7.349 5.305 13.637 0.952 4.750 7.597 6.614 4.125 13.356 8.484 4.952 11.848 12.442 7.271 2.555 6.547 0.419 14.854 6.308 13.031 12.637 10.753 6.931 8.776 9.012 13.252 1.144 3.643 2.459 12.636 11.657 8.293 
3.326 5.365 7.657 4.143 5.410 4.114 7.289 1.268 5.521 5.710 10.502 5.146 7.822 4.672 5.591 2.354 5.262 5.963 6.857 7.121 8.802 4.704 5.646 5.303 4.180 0.403 4.604 5.419 8.547 7.328 3.365 9.968 7.835 8.251 6.106 4.452 6.716 6.828 9.799 7.969 5.318 8.847 9.068 1.973 7.928 6.346 8.425 6.618 5.498 5.221 8.938 7.483 4.385 3.307 3.445 2.938 8.030 3.365 2.061 9.694 9.896 4.087 7.263 0.615 6.769 8.340 1.526 6.760 6.616 5.062 0.395 6.453 5.523 7.165 7.027 4.367 7.038 8.121 6.654 2.210 
3.630 9.141 10.929 6.047 11.254 2.174 1.101 6.672 7.126 8.791 9.988 6.176 10.857 5.649 10.614 6.404 10.925 7.380 5.503 7.183 2.608 1.596 8.174 8.817 2.026 6.275 2.195 6.405 7.072 10.388 9.335 8.918 4.914 11.427 1.474 1.769 4.494 2.800 3.606 3.392 11.473 9.571 9.785 7.844 5.560 6.467 3.141 2.175 11.674 11.059 4.114 10.517 4.948 9.433 3.309 6.004 12.828 3.069 5.661 3.639 3.722 10.280 8.558 5.592 9.640 10.198 7.713 10.220 10.700 3.686 6.090 1.566 11.613 10.994 9.388 9.631 8.403 3.095 2.831 4.654 
5.253 9.288 5.306 7.404 6.634 4.663 6.606 5.231 8.880 9.519 13.454 1.180 11.698 0.718 5.334 6.095 6.121 9.304 9.160 10.071 7.819 4.968 2.584 9.181 4.426 3.662 3.460 1.467 10.977 4.786 6.963 12.677 9.495 5.830 4.638 4.642 8.575 7.743 8.719 5.510 8.315 12.164 12.394 4.084 9.878 2.371 6.314 4.663 7.835 6.454 9.587 4.923 0.880 6.639 2.597 1.179 11.954 4.652 1.920 8.151 8.653 6.940 3.587 3.633 4.049 11.975 4.732 10.676 10.588 6.943 4.270 4.885 8.707 11.127 3.929 4.654 3.373 8.584 7.649 4.907 
8.303 12.067 3.272 10.421 7.304 7.597 8.952 7.968 11.895 12.395 16.508 2.064 14.527 2.665 5.288 8.981 6.663 12.324 12.191 13.125 9.890 7.815 1.414 12.007 7.323 6.332 6.110 1.793 14.007 2.700 9.154 15.723 12.431 3.594 6.876 7.505 11.561 10.567 10.655 6.837 9.939 15.198 15.427 6.088 12.858 1.893 7.804 6.590 9.051 7.171 12.257 2.770 3.367 8.674 5.534 3.795 14.337 7.680 4.719 9.839 10.494 8.626 0.558 6.494 2.054 14.939 7.009 13.462 13.251 9.962 7.054 7.017 10.437 13.827 1.447 5.313 0.333 11.238 10.497 7.938 
6.912 12.226 13.382 9.069 14.485 5.545 2.322 10.049 9.903 11.750 11.562 8.555 13.663 8.157 13.629 9.710 14.108 10.066 7.577 9.445 0.811 4.955 10.666 11.868 5.407 9.623 5.216 8.709 8.663 12.811 12.714 10.377 6.317 13.808 3.778 5.150 6.500 4.601 0.379 3.621 14.853 11.730 11.918 11.141 7.073 8.407 2.652 3.760 15.021 14.290 4.212 12.919 7.547 12.814 6.456 9.003 15.996 6.426 8.830 0.868 0.345 13.649 10.546 8.955 12.069 12.698 11.073 13.173 13.774 6.448 9.469 3.502 14.995 13.997 11.666 12.747 10.444 3.648 4.768 8.002 
6.866 10.364 3.609 8.827 6.050 6.374 8.236 6.268 10.292 10.713 15.012 1.387 12.830 1.723 4.306 7.310 5.447 10.726 10.801 11.609 9.370 6.686 0.866 10.313 6.142 4.631 5.146 1.359 12.615 3.075 7.473 14.281 11.197 4.119 6.212 6.360 10.257 9.461 10.229 6.728 8.389 13.614 13.842 4.410 11.562 2.274 7.621 6.119 7.619 5.895 11.296 3.210 2.383 7.016 4.313 2.146 12.641 6.312 3.070 9.564 10.128 7.046 2.267 4.832 2.334 13.289 5.306 11.759 11.539 8.604 5.366 6.425 8.861 12.116 2.239 3.999 2.042 10.291 9.366 6.375 
9.643 11.107 2.327 10.752 3.446 9.720 12.159 7.556 12.054 11.759 17.096 5.631 13.531 5.894 1.338 8.831 2.842 12.491 13.447 13.745 13.422 10.174 3.655 11.216 9.584 6.265 8.965 5.583 15.173 2.578 7.202 16.604 14.244 2.709 10.240 9.846 13.173 12.837 14.328 10.964 6.850 15.313 15.523 4.856 14.442 6.351 11.839 10.260 5.522 3.416 14.847 2.645 6.451 6.537 7.873 5.163 12.121 9.344 5.714 13.740 14.260 5.895 5.021 6.870 2.858 14.528 5.850 12.395 11.819 11.473 7.024 10.494 7.436 12.455 3.594 2.466 4.917 13.890 12.702 8.733 
9.538 5.310 11.962 7.928 6.385 10.923 14.118 6.486 8.036 6.239 12.014 11.905 6.380 11.593 8.511 6.747 6.962 8.246 10.959 9.836 15.635 11.500 11.404 5.717 11.112 7.488 11.872 12.114 11.833 11.974 3.989 12.240 12.564 12.450 13.324 11.343 11.524 12.647 16.609 15.293 2.969 9.788 9.894 6.834 12.220 13.141 15.683 13.905 4.317 6.393 14.573 12.098 11.508 4.240 10.773 9.700 3.034 10.026 9.090 16.727 16.783 4.172 13.288 7.928 11.804 8.205 6.171 5.588 4.513 10.479 7.268 13.671 2.402 4.963 12.396 7.773 13.081 14.068 12.441 8.442 
5.647 10.130 5.697 8.011 7.689 4.762 6.155 6.143 9.481 10.290 13.846 0.869 12.492 0.493 6.257 6.893 7.154 9.890 9.432 10.513 7.225 4.942 2.955 9.993 4.471 4.642 3.222 1.100 11.240 5.136 8.021 12.998 9.574 6.161 4.097 4.638 8.741 7.683 8.069 4.599 9.420 12.699 12.930 5.185 10.028 1.556 5.468 3.956 8.938 7.512 9.380 5.256 0.597 7.720 2.746 2.274 12.944 4.956 2.913 7.396 7.963 8.045 3.333 4.505 4.387 12.640 5.796 11.505 11.485 7.192 5.177 4.287 9.807 12.003 4.082 5.679 3.153 8.361 7.617 5.520 
0.930 5.667 11.097 2.543 9.611 1.851 4.330 4.046 3.683 5.286 7.459 7.092 7.367 6.482 9.672 3.302 9.469 3.986 3.074 4.194 5.771 2.120 8.567 5.328 2.197 4.492 3.683 7.386 4.890 10.650 6.608 6.610 3.675 11.670 4.437 2.216 2.605 2.742 6.698 6.656 8.893 6.508 6.736 6.177 3.893 7.911 6.600 5.220 9.452 9.424 4.828 10.800 5.825 6.896 3.649 5.735 9.415 1.443 4.950 7.028 6.924 7.917 9.632 3.790 9.964 6.853 5.617 6.715 7.224 0.902 3.915 4.716 8.901 7.496 9.970 8.488 9.428 4.137 2.547 2.017 
3.885 9.190 11.839 6.041 11.960 2.654 0.854 7.105 6.967 8.750 9.389 7.101 10.730 6.569 11.422 6.679 11.661 7.172 5.003 6.780 2.241 2.064 9.087 8.840 2.613 6.891 3.088 7.333 6.447 11.301 9.774 8.279 4.195 12.342 2.352 2.334 3.944 2.096 3.191 4.012 11.970 9.150 9.357 8.512 4.886 7.394 3.560 2.975 12.265 11.765 3.191 11.431 5.865 9.928 4.132 6.842 12.948 3.475 6.437 3.519 3.396 10.827 9.488 6.184 10.554 9.918 8.294 10.178 10.743 3.479 6.619 2.374 12.071 10.987 10.312 10.405 9.333 2.174 2.177 5.016 
5.681 10.994 12.692 7.839 13.435 4.347 1.120 8.846 8.702 10.530 10.628 7.857 12.466 7.405 12.693 8.479 13.086 8.879 6.482 8.332 0.426 3.752 9.945 10.638 4.232 8.490 4.220 8.042 7.694 12.131 11.515 9.463 5.348 13.150 2.914 3.967 5.400 3.480 1.403 3.477 13.676 10.653 10.848 10.047 6.096 7.871 2.662 3.124 13.889 13.240 3.524 12.248 6.751 11.634 5.428 8.058 14.760 5.216 7.805 1.796 1.581 12.492 10.020 7.806 11.382 11.553 9.927 11.954 12.544 5.232 8.296 2.709 13.803 12.773 11.037 11.759 9.897 2.752 3.631 6.785 
5.176 6.552 15.362 4.340 13.264 5.840 6.501 7.470 3.799 5.679 3.673 11.332 6.771 10.723 13.691 6.278 13.246 3.606 1.250 2.124 7.317 5.780 12.854 6.137 6.153 8.452 7.585 11.621 0.728 14.926 9.462 2.571 1.655 15.940 7.750 6.036 1.898 3.626 7.874 9.709 11.700 3.908 4.063 10.035 0.900 12.063 9.269 8.506 12.632 13.092 4.036 15.077 10.044 9.961 7.856 10.011 10.123 5.712 9.196 8.735 8.239 11.073 13.879 7.826 14.246 5.251 9.255 6.792 7.756 3.420 7.736 7.904 11.516 7.669 14.257 12.466 13.680 4.327 3.545 5.964 
