30 30 40
73.766 79.238 57.259 38.268 82.066 86.894 42.547 37.222 30.867 54.562 77.318 14.951 76.434 31.902 15.876 13.421 38.947 18.518 34.309 39.175 90.013 76.118 71.399 31.954 56.204 82.313 67.412 68.026 59.399 43.259 
87.193 85.723 89.684 77.851 93.157 32.963 57.901 10.997 56.986 6.797 41.202 59.742 13.743 63.902 36.544 71.074 10.163 90.567 24.852 12.995 21.039 22.869 85.946 74.172 80.634 51.731 18.540 58.276 89.019 63.374 
25.721 14.409 28.957 16.021 28.223 21.265 26.820 13.345 11.221 24.120 23.245 8.162 14.799 15.557 16.406 11.276 13.061 32.028 15.181 33.004 28.865 32.538 12.437 22.516 19.650 29.573 30.796 5.427 16.032 22.798 24.374 8.984 24.038 30.184 16.303 25.696 7.677 20.549 10.174 13.389 
1272.037 1301.101 1363.401 1300.405 1265.712 785.563 1081.127 477.401 1130.516 457.065 903.699 1086.451 503.969 1144.905 844.461 1208.052 542.806 1328.902 697.701 542.411 700.362 697.942 1397.534 1214.280 1236.035 969.140 639.096 1105.751 1319.332 1131.645 
16.761 11.638 6.255 3.693 8.853 9.221 10.877 10.975 6.514 9.957 10.726 3.369 9.265 11.850 11.488 7.681 3.397 4.714 6.276 5.986 13.141 10.107 10.197 10.353 14.406 9.610 13.617 15.029 5.094 11.625 
10.843 6.847 3.327 12.528 3.067 0.616 13.316 1.964 12.089 3.599 2.856 11.613 13.659 3.222 6.494 3.099 12.410 11.178 10.733 11.379 14.310 2.541 1.921 12.712 8.732 4.078 8.953 10.639 4.474 10.855 
15.787 10.737 6.501 3.233 8.722 10.037 8.534 11.655 4.064 11.378 10.805 1.959 6.813 12.105 10.658 9.094 4.083 2.286 3.903 3.535 10.880 11.276 11.193 8.038 13.494 11.160 12.496 13.745 6.577 9.770 
8.639 3.946 2.633 11.737 0.180 3.817 10.379 4.352 9.982 6.768 2.330 10.534 11.091 3.771 3.631 5.704 12.060 9.478 8.489 9.310 11.183 5.739 5.064 9.793 6.322 7.173 6.159 7.843 5.747 7.665 
4.587 4.445 10.245 16.050 8.333 11.866 7.975 11.664 11.522 14.865 8.877 14.534 10.481 9.832 4.807 13.953 17.122 12.363 10.205 11.226 6.660 13.704 12.916 7.776 3.951 15.349 2.675 1.735 13.582 3.870 
15.672 10.665 6.761 3.320 8.865 10.373 8.008 11.954 3.472 11.822 10.977 1.885 6.230 12.309 10.606 9.548 4.382 1.697 3.379 2.955 10.384 11.675 11.558 7.526 13.404 11.629 12.353 13.552 7.061 9.421 
12.478 8.304 8.167 8.160 8.761 11.798 2.717 12.841 2.972 14.199 10.793 6.671 2.537 12.261 8.433 12.224 9.592 4.257 2.030 2.853 5.003 13.578 13.137 2.174 10.578 14.281 9.166 9.844 10.334 4.781 
3.159 2.073 8.048 16.032 5.506 8.462 10.601 7.859 12.638 11.374 5.193 14.619 12.520 5.838 2.170 10.932 16.727 12.887 11.114 12.136 10.091 10.128 9.296 10.199 0.816 11.957 1.610 2.961 11.254 6.451 
12.203 8.478 4.634 13.229 4.764 1.082 14.911 2.059 13.372 1.954 4.242 12.467 15.110 4.096 8.120 2.378 12.899 12.310 12.088 12.656 15.977 0.853 0.618 14.302 10.197 2.535 10.536 12.210 4.611 12.548 
13.101 8.945 3.979 11.856 4.990 1.882 14.440 3.492 12.428 2.093 5.119 11.182 14.367 5.326 8.604 0.886 11.442 11.229 11.240 11.714 15.727 1.921 2.160 13.824 10.966 2.216 11.106 12.797 3.126 12.491 
6.196 3.545 8.308 13.650 6.809 10.480 6.219 10.612 9.224 13.455 7.865 12.135 8.454 9.069 3.881 12.268 14.723 9.985 7.858 8.888 5.590 12.387 11.657 5.893 4.648 13.858 3.101 3.473 11.593 1.970 
3.568 2.381 8.592 15.564 6.379 9.754 8.984 9.423 11.627 12.739 6.651 14.090 11.138 7.539 2.712 12.001 16.443 12.137 10.166 11.205 8.228 11.544 10.738 8.643 1.912 13.262 0.386 1.533 11.920 4.735 
7.583 6.046 10.494 14.414 9.253 12.934 5.196 13.128 9.395 15.887 10.389 12.892 7.884 11.590 6.390 14.584 15.688 10.553 8.296 9.242 3.660 14.851 14.138 5.115 6.637 16.259 5.134 4.709 13.678 1.941 
13.104 8.757 3.409 11.140 4.762 2.190 13.854 3.940 11.729 2.777 5.200 10.455 13.706 5.598 8.427 0.882 10.754 10.510 10.561 11.015 15.211 2.634 2.778 13.237 10.911 2.793 10.949 12.640 2.451 12.054 
13.411 8.676 2.534 9.371 4.790 3.580 12.575 5.377 10.082 4.484 5.909 8.672 12.192 6.665 8.385 2.241 9.047 8.788 8.994 9.373 14.131 4.412 4.471 11.960 11.111 4.352 10.897 12.560 1.009 11.234 
8.451 3.499 4.543 10.536 3.859 7.384 6.719 8.037 7.247 10.197 5.695 9.093 7.739 7.146 3.506 8.694 11.360 7.339 5.697 6.683 7.535 9.296 8.686 6.146 6.191 10.485 5.158 6.496 7.740 4.226 
7.295 3.781 4.763 14.067 2.197 4.029 11.982 3.502 12.174 6.918 0.739 12.872 13.041 1.880 3.418 6.621 14.345 11.774 10.651 11.522 12.386 5.677 4.851 11.433 5.221 7.506 5.640 7.283 7.437 8.661 
13.515 8.414 4.163 5.670 6.259 7.854 8.129 9.376 4.950 9.578 8.357 4.420 7.208 9.683 8.306 7.374 6.257 3.745 3.964 4.244 10.155 9.283 9.087 7.546 11.187 9.485 10.293 11.651 5.115 8.265 
14.534 9.663 6.752 4.693 8.448 10.512 6.375 11.948 2.241 12.324 10.605 3.168 4.784 12.012 9.652 10.115 5.954 1.209 1.744 1.569 8.736 12.007 11.777 5.883 12.335 12.225 11.177 12.265 7.795 7.887 
8.078 3.812 3.506 12.768 0.900 3.619 11.149 3.715 10.995 6.618 1.319 11.578 12.010 2.785 3.458 5.911 13.054 10.524 9.490 10.330 11.780 5.475 4.715 10.578 5.842 7.114 5.932 7.622 6.371 8.149 
14.837 10.417 8.937 6.125 10.155 12.712 4.419 13.994 0.645 14.759 12.289 4.753 2.208 13.746 10.497 12.607 7.708 2.439 1.498 1.097 6.944 14.334 14.020 4.095 12.847 14.716 11.492 12.262 10.380 7.244 
10.918 7.520 9.240 10.638 9.111 12.546 1.569 13.291 5.370 15.221 10.896 9.147 3.826 12.319 7.743 13.457 12.056 6.735 4.494 5.325 2.748 14.428 13.871 1.158 9.318 15.414 7.797 8.116 11.898 2.827 
2.632 3.681 9.943 16.864 7.657 10.914 9.730 10.436 12.761 13.872 7.715 15.378 12.062 8.447 3.985 13.250 17.778 13.369 11.338 12.376 8.642 12.649 11.827 9.456 2.073 14.424 1.460 0.372 13.261 5.483 
12.090 9.759 12.273 12.856 11.954 15.484 2.361 16.113 7.377 18.219 13.590 11.450 4.882 14.962 10.044 16.497 14.410 9.049 6.987 7.578 0.851 17.385 16.796 2.856 10.974 18.434 9.428 9.211 14.946 4.537 
9.196 5.820 4.558 14.039 2.932 2.229 13.460 1.439 12.958 4.910 1.357 13.004 14.192 1.275 5.455 4.982 14.067 12.275 11.504 12.267 14.116 3.642 2.803 12.881 7.241 5.541 7.721 9.360 6.380 10.466 
11.291 7.593 4.264 13.273 3.973 0.498 14.306 1.392 13.041 2.863 3.325 12.419 14.646 3.246 7.232 3.011 13.061 12.085 11.701 12.329 15.274 1.668 0.946 13.703 9.280 3.451 9.632 11.302 4.904 11.785 
7.264 3.734 4.760 14.054 2.182 4.064 11.940 3.547 12.144 6.957 0.779 12.855 13.005 1.926 3.371 6.649 14.337 11.750 10.621 11.493 12.341 5.717 4.892 11.392 5.185 7.543 5.597 7.241 7.450 8.615 
11.224 6.429 0.658 9.986 2.608 3.131 11.080 4.615 9.429 5.411 4.126 8.987 11.139 5.208 6.142 3.686 10.035 8.481 8.116 8.715 12.377 4.780 4.428 10.465 8.902 5.579 8.649 10.311 3.170 9.240 
0.667 5.333 11.255 19.271 8.630 11.141 12.911 10.166 15.611 13.870 7.841 17.838 15.151 8.013 5.458 13.778 20.003 16.015 14.126 15.161 11.853 12.586 11.744 12.609 2.563 14.522 3.780 3.494 14.375 8.650 
2.330 2.801 8.904 16.724 6.379 9.315 10.802 8.655 13.148 12.209 6.029 15.293 12.862 6.595 2.959 11.803 17.466 13.491 11.644 12.674 10.085 10.955 10.120 10.438 0.084 12.801 1.504 2.360 12.124 6.573 
5.721 16.606 14.335 5.734 10.425 9.684 13.214 11.833 10.925 19.688 9.327 6.344 10.508 13.387 13.124 9.023 12.285 14.072 14.345 12.256 6.539 8.609 8.826 5.972 7.398 5.219 5.353 7.257 12.532 10.872 11.077 0.165 19.695 5.701 12.175 16.177 8.056 14.032 16.366 1.266 
2.844 11.656 10.519 2.164 6.946 5.481 10.865 7.333 7.189 14.613 5.756 3.380 8.445 8.401 9.731 4.145 7.958 9.017 10.334 7.135 3.262 5.771 5.213 4.842 4.940 2.977 1.115 2.476 7.930 6.087 8.856 5.260 14.631 3.563 7.054 11.098 5.248 9.737 11.243 3.875 
7.912 7.910 5.848 7.209 8.784 6.770 13.102 6.742 8.463 9.772 4.180 5.680 11.620 2.209 6.072 4.693 2.920 5.120 5.332 2.472 7.640 5.489 4.147 10.025 9.063 8.407 6.674 3.945 6.730 0.736 11.737 11.317 9.874 6.570 2.877 5.160 5.518 8.793 5.830 9.939 
13.763 2.551 13.198 13.449 10.685 9.990 12.919 7.852 9.964 1.151 13.659 14.852 13.406 7.867 14.339 9.978 11.323 4.949 12.471 7.291 13.030 14.985 13.642 15.048 13.326 14.374 13.640 12.508 7.082 10.210 13.078 19.136 0.971 15.705 7.149 5.541 15.003 6.973 4.044 17.787 
6.254 9.996 6.665 5.491 8.570 6.578 12.930 7.405 8.467 12.266 2.649 3.024 10.989 4.902 6.159 4.367 3.971 7.132 6.404 4.583 6.238 3.560 2.286 8.427 7.890 6.626 4.691 1.523 7.669 2.257 11.239 8.730 12.345 3.907 4.782 7.856 3.362 9.778 8.430 7.374 
9.904 11.509 3.103 9.138 12.034 10.001 16.411 10.378 11.834 12.850 2.009 4.969 14.606 4.915 2.507 7.780 1.580 8.819 3.034 6.222 9.919 3.132 2.487 12.070 11.571 10.240 8.273 5.085 10.446 3.101 14.822 11.381 12.995 5.687 6.651 7.641 3.535 12.536 8.818 10.156 
6.819 8.128 16.309 7.148 2.143 3.984 2.773 3.932 2.087 11.631 13.199 12.079 3.045 11.104 16.377 6.189 13.370 7.684 15.779 8.720 6.070 13.907 12.792 6.580 4.964 7.206 8.067 9.778 4.350 10.959 2.607 12.521 11.488 12.526 8.217 11.822 13.535 3.552 10.731 11.566 
9.971 13.100 4.058 9.215 12.749 10.757 17.103 11.448 12.643 14.601 1.577 4.221 15.091 6.642 2.697 8.540 3.381 10.336 4.277 7.687 10.133 1.825 2.081 12.076 11.842 10.210 8.246 5.245 11.614 4.486 15.371 10.475 14.739 4.732 8.070 9.430 2.372 13.729 10.567 9.366 
9.540 3.212 14.187 9.461 5.543 5.528 7.464 3.368 4.832 6.603 12.612 12.667 8.005 8.379 14.765 6.568 11.519 4.082 13.531 6.373 8.729 13.704 12.377 10.322 8.535 10.109 9.989 10.110 2.732 9.473 7.638 15.356 6.449 13.377 5.916 7.923 13.514 1.531 6.502 14.129 
12.892 12.889 0.521 12.126 14.738 12.703 19.094 12.776 14.467 13.464 4.819 7.788 17.434 6.195 1.227 10.519 3.122 10.507 1.212 8.182 12.878 5.550 5.353 15.061 14.506 13.237 11.272 8.080 12.717 5.537 17.613 14.156 13.651 8.404 8.675 8.133 6.075 14.727 9.614 12.994 
7.209 12.116 6.368 6.460 10.334 8.421 14.622 9.473 10.322 14.233 1.363 1.662 12.477 6.526 5.345 6.288 4.396 9.253 6.346 6.653 7.420 1.509 0.832 9.295 9.139 7.428 5.472 2.641 9.782 3.824 12.796 8.071 14.327 2.442 6.895 9.526 1.209 11.879 10.300 6.847 
12.260 1.028 12.665 11.962 9.178 8.466 11.575 6.327 8.457 2.546 12.626 13.613 11.939 7.055 13.668 8.516 10.539 3.599 11.946 6.111 11.520 13.919 12.563 13.524 11.800 12.869 12.185 11.207 5.557 9.177 11.628 17.689 2.432 14.449 5.902 5.207 13.896 5.556 3.596 16.349 
8.946 6.019 16.197 9.097 4.251 5.271 4.768 3.869 3.723 9.319 13.882 13.339 5.846 10.554 16.555 7.087 13.370 6.492 15.588 8.304 8.137 14.803 13.557 9.133 7.402 9.428 9.864 10.848 3.754 11.105 5.367 14.812 9.145 13.924 7.800 10.552 14.517 1.783 9.216 13.732 
8.386 13.455 6.180 7.662 11.753 9.864 16.009 10.942 11.762 15.414 1.617 2.253 13.801 7.552 4.848 7.749 4.871 10.601 6.326 7.966 8.677 0.335 1.508 10.395 10.398 8.536 6.635 4.055 11.246 4.952 14.143 8.329 15.522 2.613 8.245 10.519 0.316 13.346 11.427 7.251 
3.185 11.616 10.165 2.487 7.168 5.634 11.143 7.417 7.382 14.517 5.391 3.041 8.751 8.161 9.368 4.170 7.625 8.939 9.987 6.977 3.566 5.413 4.848 5.203 5.260 3.337 1.440 2.160 7.990 5.798 9.151 5.420 14.541 3.272 6.920 10.897 4.893 9.840 11.089 4.029 
11.781 10.605 1.892 11.033 13.010 11.000 17.308 10.815 12.669 11.219 4.732 7.605 15.845 3.954 3.039 8.905 1.665 8.282 1.210 6.087 11.637 5.888 5.158 13.947 13.166 12.203 10.304 7.155 10.683 3.916 15.967 13.983 11.400 8.377 6.592 5.878 6.292 12.634 7.331 12.708 
14.768 3.942 12.599 14.385 12.053 11.163 14.527 9.118 11.339 0.621 13.689 15.197 14.873 7.738 13.884 10.862 11.055 5.739 11.874 7.688 14.074 15.046 13.740 16.203 14.527 15.380 14.468 12.992 8.366 10.301 14.576 19.911 0.874 16.072 7.658 5.000 15.129 8.516 3.818 18.538 
10.184 1.435 12.911 9.972 6.789 6.258 9.223 4.052 6.066 4.967 11.911 12.390 9.517 7.074 13.645 6.700 10.404 2.785 12.226 5.387 9.409 13.104 11.748 11.280 9.525 10.784 10.330 9.870 3.281 8.586 9.208 15.817 4.844 13.169 5.009 6.219 12.986 3.164 4.733 14.520 
8.122 3.636 13.045 7.994 4.527 4.123 7.308 1.906 3.804 7.198 11.165 11.126 7.316 7.333 13.508 5.018 10.282 3.270 12.416 5.149 7.323 12.223 10.909 9.073 7.303 8.706 8.478 8.570 1.201 8.128 7.045 13.886 7.088 11.830 4.660 7.389 12.015 1.461 6.162 12.638 
9.159 2.906 13.476 9.033 5.425 5.157 7.765 2.944 4.702 6.423 11.919 12.037 8.069 7.674 14.049 6.009 10.803 3.394 12.822 5.657 8.359 13.024 11.692 10.074 8.296 9.742 9.507 9.483 2.234 8.762 7.747 14.924 6.291 12.763 5.201 7.314 12.844 1.698 5.941 13.672 
6.294 10.595 17.585 6.851 3.076 5.043 1.982 5.925 3.587 14.124 13.909 12.275 0.761 12.813 17.426 7.182 14.633 9.852 17.124 10.443 5.735 14.398 13.442 5.268 4.144 6.483 7.887 10.285 6.509 12.196 0.163 11.396 13.988 12.556 9.968 13.915 13.955 6.060 12.957 10.663 
11.800 12.780 1.626 11.034 13.924 11.888 18.298 12.153 13.702 13.694 3.576 6.525 16.526 6.040 0.637 9.674 2.620 10.237 1.993 7.758 11.835 4.263 4.117 13.959 13.492 12.118 10.145 6.975 12.165 4.833 16.736 12.876 13.865 7.123 8.226 8.360 4.789 14.225 9.735 11.725 
11.056 12.683 2.427 10.291 13.355 11.325 17.732 11.716 13.166 13.814 2.753 5.686 15.890 5.989 1.262 9.100 2.506 10.050 2.677 7.493 11.121 3.427 3.298 13.206 12.795 11.357 9.382 6.235 11.776 4.424 16.120 12.034 13.973 6.281 7.937 8.517 3.948 13.861 9.809 10.884 
6.460 7.707 15.694 6.738 1.698 3.413 3.368 3.332 1.513 11.238 12.616 11.556 3.288 10.494 15.768 5.602 12.756 7.129 15.162 8.109 5.686 13.344 12.215 6.403 4.717 6.881 7.625 9.224 3.781 10.346 2.933 12.237 11.103 12.024 7.607 11.257 12.980 3.190 10.195 11.236 
4.021 14.370 12.321 3.792 8.780 7.732 12.112 9.789 9.185 17.380 7.314 4.362 9.467 11.031 11.244 6.798 10.092 11.775 12.266 9.897 4.788 6.812 6.786 5.061 6.039 3.684 3.172 4.912 10.448 8.551 9.984 2.497 17.395 3.921 9.827 13.810 6.244 12.093 14.008 1.105 
13.316 12.668 0.408 12.554 14.946 12.919 19.280 12.865 14.643 13.058 5.420 8.404 17.705 6.063 1.976 10.766 3.311 10.391 0.901 8.179 13.264 6.230 5.942 15.490 14.863 13.684 11.732 8.534 12.761 5.747 17.861 14.796 13.254 9.050 8.681 7.761 6.743 14.731 9.286 13.611 
2.495 13.264 12.617 2.378 7.268 6.344 10.566 8.471 7.702 16.409 7.720 4.968 7.931 10.581 11.714 5.695 10.143 10.791 12.473 9.162 3.286 7.479 7.174 3.599 4.488 2.133 2.050 4.688 9.164 8.309 8.441 3.528 16.406 4.779 9.021 13.203 6.919 10.706 13.236 2.319 
3.147 14.394 14.298 3.423 7.648 7.150 10.337 9.361 8.195 17.660 9.375 6.551 7.633 12.180 13.364 6.948 11.835 12.069 14.162 10.639 3.945 9.057 8.831 3.093 4.553 2.562 3.513 6.372 10.098 9.974 8.198 3.042 17.640 6.252 10.455 14.724 8.491 11.416 14.661 2.449 
11.230 8.081 4.445 10.539 11.517 9.606 15.650 8.984 11.072 8.657 6.037 8.436 14.504 1.799 5.577 7.759 2.894 5.950 3.725 4.186 10.912 7.380 6.287 13.316 12.247 11.737 10.015 7.176 8.716 3.519 14.540 14.485 8.831 9.303 4.686 3.318 7.637 10.522 4.742 13.128 
2.618 10.024 14.306 3.096 2.376 2.672 5.652 4.722 2.987 13.528 10.287 8.510 3.264 10.178 13.966 4.103 11.395 8.315 13.917 7.975 1.974 10.684 9.797 2.590 0.801 2.950 4.120 6.624 5.494 9.004 3.637 8.267 13.455 8.784 7.585 11.925 10.224 6.342 11.342 7.306 
