30 30 80
160.696 112.588 134.576 145.288 44.228 39.115 93.808 141.924 167.195 100.576 110.887 129.396 44.272 28.991 87.291 60.826 155.819 147.589 111.911 121.390 52.298 160.495 136.568 131.112 136.363 119.044 28.625 121.031 64.267 98.070 
163.001 71.745 132.603 33.164 91.049 60.339 37.916 145.708 159.431 183.575 84.519 104.511 177.338 102.725 61.921 136.163 109.962 22.110 16.109 152.520 105.486 45.762 94.512 17.515 80.457 164.126 139.220 163.630 151.969 177.158 
20.270 22.233 31.909 8.589 6.739 6.524 26.756 20.877 30.930 34.081 22.483 25.472 21.541 31.073 33.299 34.445 25.970 13.582 23.667 6.586 30.149 14.038 26.554 21.810 19.708 13.161 12.361 34.969 27.943 10.639 13.256 24.519 25.749 11.328 31.683 23.342 25.357 24.125 21.076 14.621 23.941 31.858 5.151 34.231 16.322 20.603 12.231 10.159 23.151 16.289 8.710 14.529 32.511 11.151 24.490 16.342 25.870 13.037 15.080 7.935 16.357 22.864 12.961 20.388 10.829 14.830 10.832 30.548 5.128 27.199 15.828 14.311 22.348 17.898 31.119 6.872 9.071 24.484 24.250 17.998 
1242.703 919.253 1116.610 590.806 995.687 757.680 687.796 1254.756 1257.705 1350.722 957.845 1048.264 1323.486 1084.785 800.146 1192.926 1026.765 474.671 448.045 1266.999 1061.709 705.904 1047.639 479.583 931.526 1275.209 1231.154 1289.433 1233.088 1302.009 
9.836 5.230 7.692 12.941 12.414 2.946 10.879 8.800 11.886 7.159 2.250 10.097 11.056 11.856 7.887 10.434 11.426 2.885 2.984 8.271 10.643 10.575 5.023 10.411 6.018 10.099 6.935 10.483 3.762 7.931 
8.201 3.756 7.224 12.319 10.585 3.998 9.337 7.004 10.163 5.604 3.833 8.360 9.910 10.976 8.839 9.497 10.128 1.989 4.425 7.885 10.101 8.971 3.152 8.551 7.414 8.858 7.305 8.627 2.283 6.061 
4.307 6.909 5.470 4.404 7.422 14.558 3.138 6.422 5.271 5.415 14.047 5.380 0.802 2.282 11.491 2.153 0.935 8.923 11.823 5.527 4.332 3.801 9.176 7.900 12.852 1.765 8.715 10.040 11.402 8.563 
2.684 5.738 5.495 5.818 6.002 13.485 1.619 4.801 3.898 4.042 13.093 3.776 1.573 3.639 11.614 2.856 0.749 7.967 11.241 5.755 5.227 2.231 7.764 6.301 12.632 1.070 8.765 8.425 10.064 6.960 
10.623 7.259 11.500 16.394 11.625 4.046 11.985 8.741 12.014 8.600 5.169 10.303 13.418 14.818 12.977 13.317 13.344 6.341 8.080 12.187 14.275 11.440 4.868 9.346 11.085 12.253 11.696 8.335 2.645 6.810 
1.223 5.419 6.491 7.459 4.403 13.087 0.231 3.404 2.374 3.505 12.860 2.178 3.210 5.280 12.512 4.384 2.279 7.848 11.479 6.881 6.729 0.589 6.922 4.689 13.213 2.395 9.657 6.844 9.312 5.632 
9.182 6.107 10.588 15.302 10.131 4.914 10.558 7.260 10.523 7.279 5.793 8.824 12.138 13.632 12.740 12.135 11.998 5.628 8.086 11.291 13.257 9.997 3.517 7.853 11.126 10.956 11.164 6.921 1.696 5.311 
3.814 6.261 9.893 12.186 2.259 12.073 4.924 2.333 3.405 4.962 12.365 2.672 7.965 10.024 15.139 8.913 7.110 8.442 12.470 10.488 11.092 4.245 5.543 0.164 14.970 6.940 12.483 2.088 7.643 2.697 
4.231 4.248 8.626 11.983 4.786 9.425 5.638 2.061 5.144 3.690 9.722 3.560 8.050 9.949 13.208 8.600 7.522 6.079 10.054 9.300 10.452 4.983 2.913 2.569 12.714 6.869 10.738 2.854 5.009 0.183 
10.264 6.936 11.224 16.087 11.276 4.166 11.627 8.380 11.654 8.254 5.227 9.942 13.079 14.494 12.844 12.994 12.996 6.093 7.993 11.914 13.981 11.081 4.515 8.998 11.013 11.911 11.497 8.017 2.328 6.456 
5.301 7.629 5.561 3.541 8.375 15.167 4.130 7.403 6.220 6.258 14.586 6.378 1.390 1.583 11.395 2.128 1.930 9.500 12.153 5.489 3.889 4.797 10.013 8.897 12.955 2.577 8.701 11.037 12.185 9.525 
6.136 3.926 8.689 12.884 7.222 7.051 7.529 4.184 7.458 4.517 7.465 5.748 9.371 11.040 12.231 9.577 9.099 4.745 8.390 9.402 11.034 6.947 1.222 4.983 11.270 8.169 10.097 4.615 2.601 2.360 
10.156 7.042 11.443 16.227 10.990 4.707 11.535 8.212 11.458 8.256 5.766 9.776 13.111 14.584 13.270 13.086 12.979 6.380 8.465 12.141 14.156 10.970 4.495 8.709 11.493 11.931 11.847 7.630 2.502 6.213 
4.421 7.285 5.934 4.590 7.335 14.962 3.162 6.574 5.180 5.731 14.470 5.446 1.268 2.547 11.944 2.595 1.045 9.341 12.281 5.982 4.707 3.846 9.486 7.948 13.318 2.143 9.174 10.112 11.740 8.749 
11.739 8.055 5.654 9.727 15.426 9.152 12.052 11.990 13.999 9.412 7.842 12.592 10.332 9.852 1.085 9.016 11.290 6.462 4.021 5.619 7.652 12.148 10.003 14.116 2.213 10.034 2.406 15.115 10.041 12.359 
4.001 6.005 4.526 4.381 7.481 13.597 3.094 5.980 5.381 4.638 13.061 5.146 0.245 2.211 10.599 1.427 1.213 7.947 10.814 4.643 3.784 3.670 8.386 7.661 11.880 0.980 7.794 9.731 10.552 8.026 
1.424 3.483 5.284 7.641 5.237 11.181 2.166 2.634 3.693 1.589 10.927 2.397 3.671 5.568 11.035 4.272 3.303 5.914 9.606 5.814 6.338 1.951 5.213 4.610 11.488 2.480 8.221 6.484 7.547 4.573 
4.868 7.195 5.324 3.811 8.023 14.764 3.731 6.957 5.873 5.803 14.203 5.958 0.945 1.722 11.248 1.903 1.530 9.103 11.837 5.305 3.893 4.388 9.560 8.481 12.725 2.121 8.515 10.611 11.740 9.071 
7.538 3.289 3.847 9.103 10.927 6.794 8.220 7.344 9.797 4.926 5.944 8.189 7.615 8.135 5.832 6.780 8.205 1.818 3.495 4.426 6.799 8.119 5.213 9.403 5.453 6.838 3.756 10.280 5.740 7.520 
12.396 8.126 7.176 11.836 15.811 7.097 12.967 12.204 14.664 9.815 5.735 13.078 11.775 11.651 3.305 10.607 12.593 5.974 2.279 7.350 9.630 12.934 9.438 14.209 0.764 11.257 4.354 14.860 8.892 12.117 
8.671 6.534 2.049 5.404 12.549 11.259 8.579 9.613 10.777 7.031 10.209 9.725 6.265 5.500 4.557 4.843 7.346 6.399 6.718 1.575 3.265 8.856 9.225 11.770 6.454 6.258 2.082 13.282 10.301 10.720 
12.586 8.885 6.444 10.305 16.275 9.533 12.887 12.834 14.844 10.260 8.192 13.441 11.109 10.550 0.793 9.771 12.087 7.224 4.454 6.367 8.303 12.990 10.775 14.957 2.041 10.844 3.169 15.933 10.711 13.174 
9.269 6.763 2.640 6.174 13.132 10.877 9.259 10.077 11.418 7.461 9.769 10.290 7.052 6.327 3.733 5.646 8.113 6.316 6.160 2.302 4.080 9.501 9.357 12.245 5.675 6.986 1.358 13.665 10.247 11.045 
7.588 8.237 4.365 0.960 11.123 14.961 6.738 9.408 9.007 7.518 14.132 8.750 3.552 1.565 9.150 2.508 4.666 9.412 11.076 3.908 1.494 7.314 10.976 11.238 11.176 4.455 6.795 13.239 12.799 11.269 
7.847 4.153 2.843 8.056 11.471 7.991 8.305 8.022 10.120 5.446 7.023 8.649 7.159 7.344 4.837 6.117 7.917 3.191 3.958 3.300 5.733 8.320 6.436 10.156 5.100 6.571 2.440 11.243 7.122 8.510 
13.265 9.185 7.572 11.827 16.801 8.421 13.724 13.242 15.539 10.770 7.052 14.020 12.250 11.895 2.487 10.987 13.151 7.174 3.651 7.619 9.733 13.750 10.689 15.297 0.618 11.852 4.434 16.054 10.246 13.298 
5.581 6.649 10.917 13.843 4.187 11.060 6.841 3.590 5.513 5.906 11.565 4.545 9.710 11.723 15.608 10.490 8.968 8.405 12.315 11.570 12.519 6.150 5.011 2.195 15.052 8.601 13.133 0.502 6.628 2.298 
9.546 5.744 3.997 8.850 13.169 7.989 9.969 9.695 11.818 7.139 6.826 10.351 8.600 8.498 3.267 7.425 9.445 4.278 3.176 4.217 6.577 10.007 7.771 11.813 3.477 8.126 1.716 12.810 8.050 10.056 
7.907 9.571 6.255 1.640 11.002 16.691 6.775 9.957 8.847 8.506 15.939 9.007 3.789 2.011 11.194 3.512 4.573 11.056 13.030 5.880 3.531 7.437 12.174 11.531 13.228 4.961 8.846 13.654 14.184 12.013 
1.707 6.346 7.817 8.533 3.267 13.830 1.224 3.446 1.125 4.410 13.711 1.903 4.332 6.366 13.817 5.619 3.246 8.823 12.586 8.211 7.984 1.037 7.421 4.081 14.439 3.673 10.966 6.281 9.831 5.624 
5.320 3.289 2.577 7.300 4.290 3.287 9.874 5.346 2.794 7.117 5.924 8.312 11.675 3.314 5.590 7.355 8.836 9.133 8.496 1.647 8.721 7.221 11.198 4.703 1.879 6.232 11.051 12.573 11.978 11.938 8.174 10.543 5.716 2.136 3.701 12.695 2.199 7.310 11.197 6.030 8.308 10.077 2.302 8.125 5.833 7.979 4.551 7.159 8.185 9.091 5.085 11.389 9.951 4.540 6.142 9.247 4.582 12.000 7.348 3.672 7.647 6.241 1.970 5.530 0.498 3.842 12.719 4.937 3.636 7.459 13.737 7.365 0.457 12.798 9.002 12.817 5.079 2.389 4.506 1.706 
2.414 5.795 6.684 4.835 5.022 2.137 5.895 8.355 5.135 7.144 1.744 9.887 7.031 5.377 2.816 8.057 5.591 6.724 6.166 4.470 5.008 7.166 6.769 3.512 3.790 6.844 7.365 8.573 7.447 7.603 6.098 6.134 5.720 6.740 7.055 8.166 4.390 6.375 8.187 1.532 3.746 7.880 6.919 7.550 4.161 7.319 3.046 9.437 7.482 4.576 3.814 7.564 6.639 1.748 7.085 5.646 7.152 8.028 2.797 2.849 3.978 7.124 5.433 4.853 4.227 4.752 9.232 7.031 7.093 9.631 9.670 6.880 4.206 8.856 5.950 9.321 7.394 4.491 2.867 4.893 
7.176 9.348 7.018 9.559 9.260 6.332 9.729 6.741 8.678 3.067 6.200 6.431 8.562 4.481 1.964 4.274 10.031 2.496 1.859 5.239 3.304 3.017 9.678 1.943 7.143 3.419 5.048 6.821 7.661 10.641 10.835 9.197 2.352 8.523 6.342 8.255 4.709 1.797 12.576 5.672 6.847 3.474 8.626 2.980 8.905 2.736 2.198 6.733 2.859 5.426 8.483 5.519 3.705 3.096 11.423 3.483 10.787 6.267 6.262 3.046 2.734 3.833 8.384 9.483 6.545 3.371 6.376 5.002 10.174 6.777 7.984 2.484 6.431 6.936 10.451 13.330 11.178 4.598 7.509 5.495 
11.461 11.658 6.944 13.933 12.350 9.946 14.783 4.477 11.121 2.201 10.887 1.527 13.789 5.060 6.863 1.144 14.779 5.967 5.726 6.764 8.335 2.244 14.914 5.697 9.826 2.382 9.331 11.104 12.688 15.873 15.136 14.411 3.478 9.286 5.496 13.207 6.277 3.571 17.373 10.474 12.001 5.847 9.278 2.686 12.909 2.873 6.161 2.872 2.901 10.672 12.304 9.869 7.965 7.484 14.402 8.288 12.936 10.640 11.312 6.448 7.969 2.204 10.328 13.136 8.602 4.845 9.877 3.599 11.820 2.660 12.133 2.826 8.464 11.090 15.145 18.355 13.445 6.074 11.381 6.669 
7.215 2.337 4.932 8.176 4.152 5.689 11.558 7.929 2.783 10.839 8.390 11.415 14.421 6.913 9.322 10.890 9.986 13.002 12.364 5.438 12.359 10.955 13.342 8.570 3.916 9.878 14.731 16.146 15.126 13.895 8.515 12.694 9.517 2.536 6.430 15.843 6.006 11.162 11.806 8.732 10.868 13.958 2.585 11.914 6.663 11.785 8.385 9.980 11.992 12.276 6.022 15.025 13.714 8.156 4.588 12.928 2.121 15.582 9.967 7.505 11.273 9.810 2.288 5.748 3.981 7.645 16.470 8.202 0.807 10.311 17.283 11.165 4.087 16.399 9.962 13.732 2.605 6.177 6.081 5.342 
7.023 11.853 14.403 6.386 10.170 8.915 2.747 16.020 11.406 13.683 6.227 16.932 3.065 13.039 9.117 14.842 4.694 10.996 10.815 12.218 8.056 13.644 0.998 10.540 10.701 13.795 8.833 8.406 5.231 0.378 6.847 1.619 12.600 14.054 14.796 5.474 12.136 12.407 5.082 6.228 4.072 11.967 14.248 13.535 7.666 13.295 10.139 16.838 13.376 5.422 8.200 8.522 9.411 8.943 11.131 8.448 12.719 8.253 4.974 10.352 8.028 14.163 12.225 8.765 11.666 12.243 10.310 14.551 13.396 16.977 8.739 13.119 11.686 8.756 5.000 4.109 12.648 12.227 8.116 12.640 
6.639 4.446 1.172 8.695 5.653 4.597 11.148 4.007 4.055 6.482 7.095 7.187 12.628 2.549 5.982 6.505 10.195 9.100 8.473 1.446 9.142 6.602 12.354 4.798 3.292 5.499 11.382 13.006 12.733 13.133 9.585 11.706 5.237 1.984 2.360 13.440 1.927 6.950 12.588 7.122 9.386 9.932 2.046 7.596 7.240 7.485 4.783 5.912 7.691 9.871 6.494 11.768 10.180 5.145 7.397 9.606 5.580 12.429 8.429 3.970 8.108 5.422 3.048 6.937 1.890 3.417 12.933 3.867 4.390 6.226 14.184 6.864 1.805 13.199 10.378 14.176 6.111 2.034 5.887 1.136 
3.729 1.804 4.722 5.314 2.139 2.027 8.269 7.523 1.121 8.746 4.762 10.353 10.784 5.248 6.056 9.180 6.979 9.978 9.352 3.545 8.908 8.830 9.867 5.690 0.449 7.986 11.293 12.611 11.468 10.501 6.076 9.210 7.254 3.427 5.882 12.184 3.987 8.639 9.202 5.076 7.247 11.039 3.624 9.611 3.787 9.431 5.380 9.289 9.632 8.628 3.037 11.544 10.391 4.803 4.147 9.512 3.239 12.056 6.329 4.563 7.830 8.068 1.483 3.361 1.771 5.479 13.100 6.986 3.017 9.580 13.726 8.847 1.895 12.881 7.080 10.929 3.602 4.189 2.688 3.754 
7.005 3.104 2.778 8.558 4.814 5.110 11.567 5.796 3.070 8.793 7.879 9.260 13.792 4.861 7.852 8.775 10.267 11.271 10.637 3.553 10.992 8.914 13.097 6.873 3.305 7.803 13.313 14.847 14.204 13.769 9.186 12.439 7.538 0.383 4.276 14.922 4.109 9.235 12.405 8.080 10.337 12.157 0.482 9.907 7.010 9.793 6.768 7.837 9.999 11.316 6.276 13.658 12.191 6.815 6.020 11.512 3.787 14.273 9.387 5.899 9.920 7.709 1.954 6.364 2.598 5.694 14.959 6.059 2.381 8.167 16.012 9.172 2.648 15.070 10.345 14.193 4.334 4.255 5.993 3.370 
3.248 4.435 4.811 5.636 4.258 1.505 7.523 6.798 3.753 6.634 3.388 8.864 8.967 3.926 3.425 7.308 6.835 7.370 6.749 2.679 6.335 6.693 8.623 3.222 2.233 6.067 8.716 10.110 9.294 9.417 6.765 7.977 5.118 4.827 5.357 10.012 2.744 6.261 9.373 3.386 5.653 8.452 5.002 7.329 4.477 7.126 2.849 8.148 7.317 6.407 3.862 8.994 7.770 2.174 6.422 6.921 5.870 9.546 4.695 2.139 5.250 6.254 3.753 4.730 2.316 3.638 10.495 5.707 5.516 8.384 11.251 6.584 2.283 10.363 7.105 10.753 6.216 2.893 2.946 3.089 
7.155 12.090 14.126 6.986 10.513 8.887 3.491 15.510 11.587 12.839 6.116 16.156 1.712 12.554 8.410 14.029 5.468 9.901 9.772 11.896 6.980 12.790 1.280 9.892 10.719 13.040 7.557 7.051 3.867 1.670 7.643 1.790 11.854 14.006 14.384 4.104 11.752 11.504 6.289 5.979 3.705 10.822 14.196 12.596 8.093 12.360 9.523 16.179 12.425 4.399 8.535 7.221 8.223 8.415 11.697 7.314 13.075 6.917 4.664 9.841 7.086 13.424 12.308 9.227 11.547 11.682 8.977 13.967 13.617 16.296 7.367 12.232 11.552 7.398 5.846 5.468 13.060 11.823 8.294 12.320 
5.207 2.167 3.339 6.878 3.428 3.306 9.778 6.302 1.764 8.282 6.080 9.416 12.023 4.472 6.472 8.517 8.538 10.164 9.526 2.814 9.535 8.385 11.291 5.737 1.503 7.400 11.898 13.350 12.517 11.965 7.611 10.632 6.872 1.878 4.656 13.237 3.363 8.441 10.761 6.300 8.545 11.141 2.076 9.280 5.346 9.130 5.535 8.197 9.336 9.637 4.598 12.205 10.862 5.325 5.100 10.093 3.418 12.781 7.600 4.657 8.451 7.404 0.805 4.843 1.135 5.002 13.621 6.051 2.508 8.507 14.498 8.518 1.252 13.593 8.644 12.492 3.921 3.555 4.223 2.856 
8.116 7.447 2.880 10.504 8.303 6.286 12.145 2.225 6.944 3.458 7.981 4.184 12.445 0.963 5.037 3.319 11.676 6.860 6.298 2.625 7.834 3.591 12.841 3.510 5.763 2.408 9.731 11.499 12.001 13.734 11.600 12.242 2.569 5.097 1.737 12.655 2.243 4.294 14.236 7.752 9.767 7.453 5.111 4.653 9.265 4.591 3.808 3.275 4.787 9.368 8.583 10.200 8.380 4.898 10.272 8.121 8.695 10.941 8.894 3.488 6.991 2.262 6.095 9.286 4.440 1.622 10.979 0.842 7.572 3.521 12.666 3.994 4.305 11.619 11.966 15.534 9.210 2.053 7.749 2.456 
9.681 9.500 4.811 12.133 10.266 8.016 13.357 2.762 8.978 2.028 9.296 2.342 12.980 2.913 5.642 1.348 13.134 6.117 5.677 4.625 7.836 2.168 13.760 4.229 7.729 1.145 9.337 11.145 12.194 14.695 13.292 13.206 2.221 7.124 3.414 12.789 4.166 3.377 15.725 8.960 10.737 6.409 7.122 3.210 11.006 3.245 4.659 2.199 3.400 9.834 10.364 9.851 7.938 5.953 12.283 7.961 10.764 10.622 9.951 4.716 7.213 0.729 8.160 11.142 6.462 2.898 10.276 1.459 9.641 2.264 12.264 2.785 6.325 11.202 13.467 16.862 11.276 3.964 9.475 4.505 
10.896 14.634 13.133 12.633 13.997 11.080 10.893 12.627 13.953 8.071 9.445 11.192 7.150 10.601 6.886 9.197 12.191 3.940 4.446 11.241 3.969 7.943 9.562 7.874 12.461 8.931 1.672 2.004 5.071 10.397 13.839 9.455 8.210 14.480 12.434 5.138 10.748 6.678 14.207 8.829 8.255 3.845 14.603 7.075 12.692 6.946 7.931 12.095 6.856 5.597 12.583 1.733 2.505 8.067 16.020 3.338 16.046 1.954 8.408 8.797 5.022 9.330 13.954 13.627 12.254 9.493 0.264 10.910 15.739 12.025 2.622 7.287 12.162 1.770 12.676 14.060 16.333 10.660 11.730 11.541 
8.199 8.374 4.299 10.658 8.976 6.587 11.863 3.314 7.806 2.066 7.795 3.834 11.642 1.873 4.234 2.282 11.636 5.448 4.911 3.480 6.703 2.190 12.313 2.768 6.463 1.109 8.443 10.234 10.992 13.241 11.832 11.748 1.147 6.388 3.201 11.617 2.953 2.831 14.228 7.463 9.274 5.994 6.425 3.220 9.567 3.142 3.181 3.537 3.342 8.509 8.944 8.931 7.066 4.461 11.047 6.917 9.704 9.687 8.471 3.217 5.967 1.179 7.094 9.758 5.296 1.464 9.598 1.574 8.698 3.670 11.387 2.536 5.158 10.331 11.972 15.363 10.195 2.753 8.035 3.469 
7.970 6.617 1.708 10.258 7.668 6.015 12.230 2.069 6.176 4.639 8.055 4.985 12.949 1.216 5.676 4.437 11.572 7.928 7.345 2.142 8.652 4.773 13.117 4.199 5.169 3.587 10.667 12.406 12.680 13.976 11.277 12.496 3.688 3.999 0.739 13.355 2.013 5.434 14.081 7.915 10.051 8.577 3.995 5.834 8.917 5.769 4.400 3.764 5.966 9.950 8.200 11.116 9.346 5.284 9.528 8.996 7.782 11.839 9.136 3.866 7.737 3.418 5.228 8.799 3.764 2.318 12.001 1.690 6.578 4.066 13.581 5.168 3.640 12.546 11.822 15.501 8.311 1.894 7.446 1.816 
3.507 8.030 9.057 5.163 6.917 4.400 4.496 10.387 7.406 8.169 2.014 11.315 4.559 7.422 3.501 9.274 5.056 6.356 5.960 6.810 3.781 8.149 4.679 4.871 6.190 8.175 5.826 6.658 5.049 5.603 6.404 4.111 6.980 9.224 9.252 5.764 6.632 7.031 7.478 1.456 1.649 7.499 9.403 8.214 5.237 7.970 4.465 11.164 8.086 2.281 5.233 5.875 5.533 3.289 8.747 4.415 9.295 6.168 1.078 4.713 3.113 8.529 7.843 6.244 6.711 6.579 7.730 8.882 9.426 11.308 7.654 7.691 6.689 6.982 5.521 8.098 9.455 6.696 4.508 7.232 
7.401 12.061 12.540 8.447 10.896 8.423 6.014 13.235 11.436 9.780 5.941 13.184 2.176 10.471 6.008 11.014 7.581 6.318 6.311 10.310 3.571 9.704 4.501 7.523 10.185 10.201 3.718 3.423 1.046 5.335 9.505 4.439 9.087 13.065 12.416 1.764 10.002 8.337 9.307 5.459 3.873 7.126 13.234 9.308 8.963 9.088 7.279 13.499 9.116 1.842 9.104 3.390 4.481 6.559 12.609 3.719 13.316 3.170 4.454 7.878 4.096 10.613 11.834 10.055 10.562 9.436 5.207 11.551 13.449 13.556 4.076 9.083 10.521 3.784 8.057 9.010 13.459 10.010 8.478 10.712 
7.889 9.939 7.289 10.273 9.918 7.009 10.393 6.704 9.276 2.612 6.912 6.019 9.031 4.710 2.679 3.848 10.733 2.123 1.532 5.657 3.614 2.537 10.268 2.502 7.747 3.159 5.064 6.867 7.993 11.234 11.549 9.805 2.261 8.936 6.481 8.553 5.107 1.198 13.271 6.379 7.490 2.951 9.028 2.332 9.613 2.089 2.820 6.480 2.192 5.924 9.183 5.567 3.675 3.797 12.082 3.670 11.375 6.333 6.935 3.628 3.222 3.578 8.929 10.178 7.071 3.639 6.210 4.971 10.708 6.490 8.006 1.934 6.952 6.946 11.156 13.995 11.779 4.975 8.208 5.876 
9.559 10.544 6.656 12.021 10.933 8.267 12.589 5.109 9.938 0.348 8.826 3.623 11.467 4.227 4.666 1.477 12.718 3.868 3.522 5.731 6.030 0.206 12.627 3.711 8.504 1.409 7.193 8.993 10.398 13.588 13.263 12.137 1.698 8.753 5.458 10.935 5.173 1.261 15.300 8.365 9.756 4.048 8.794 0.877 11.135 0.876 4.171 4.336 1.043 8.351 10.594 7.723 5.801 5.454 13.064 6.019 11.919 8.498 9.111 4.659 5.648 1.711 9.327 11.505 7.479 3.535 7.975 3.564 10.991 4.277 10.074 0.518 7.344 9.015 13.109 16.180 12.388 4.984 9.636 5.780 
6.136 3.760 1.800 8.108 4.971 4.099 10.683 4.699 3.363 6.978 6.703 7.848 12.382 3.061 6.019 7.080 9.653 9.352 8.719 1.633 9.179 7.092 11.977 4.967 2.661 6.028 11.468 13.044 12.601 12.729 8.963 11.324 5.664 1.667 3.052 13.314 2.191 7.337 12.007 6.782 9.058 10.237 1.787 8.055 6.631 7.929 4.886 6.597 8.136 9.721 5.881 11.831 10.313 5.068 6.705 9.675 4.923 12.469 8.099 4.031 8.121 5.983 2.365 6.283 1.315 3.800 13.079 4.505 3.787 6.909 14.217 7.309 1.262 13.254 9.817 13.634 5.449 2.345 5.322 1.482 
0.518 5.268 8.305 2.026 3.730 2.550 4.116 10.548 4.790 9.925 1.583 12.514 7.085 7.683 5.587 10.786 3.086 9.345 8.831 6.369 7.177 9.954 5.775 6.290 4.164 9.556 9.354 10.201 8.252 6.358 3.289 5.127 8.471 7.540 9.061 8.929 6.498 9.184 5.612 2.205 3.568 10.512 7.737 10.360 1.683 10.129 5.827 11.892 10.292 5.756 1.804 9.425 8.917 4.555 5.286 7.829 6.279 9.720 2.870 5.490 6.301 9.804 5.617 2.734 5.320 7.287 11.262 9.452 6.801 12.119 11.164 9.686 5.374 10.530 3.344 7.046 6.314 6.652 1.494 6.753 
5.153 0.388 5.728 5.903 1.878 3.981 9.339 8.760 1.053 10.699 6.462 11.939 12.453 6.972 8.226 11.006 7.719 12.144 11.516 5.281 11.038 10.794 11.195 7.822 2.591 9.862 13.420 14.686 13.346 11.702 6.244 10.555 9.243 3.634 7.128 14.055 5.803 10.714 9.533 6.887 8.889 13.197 3.789 11.635 4.406 11.468 7.531 10.698 11.672 10.569 3.799 13.653 12.549 6.969 2.711 11.651 1.069 14.140 8.037 6.696 9.966 9.890 1.740 3.468 3.462 7.404 15.245 8.576 1.473 11.012 15.782 10.869 3.600 14.967 7.685 11.452 1.465 6.003 4.003 5.366 
10.146 14.516 14.074 11.423 13.547 10.847 9.034 14.143 13.859 9.967 8.654 13.291 4.760 11.712 7.425 11.177 10.619 5.882 6.179 11.963 4.286 9.858 7.356 8.759 12.481 10.658 2.517 0.840 2.590 8.082 12.516 7.396 9.724 15.015 13.647 2.435 11.552 8.488 12.306 8.100 6.844 6.221 15.164 9.164 11.814 8.990 8.663 13.961 8.948 4.388 11.872 1.981 3.900 8.354 15.389 3.935 15.850 1.209 7.297 9.436 5.296 11.076 14.090 12.866 12.596 10.603 2.840 12.404 15.802 13.945 1.041 9.190 12.530 1.074 11.097 11.858 16.051 11.510 11.151 12.325 
6.928 6.408 2.600 9.305 7.152 5.082 11.033 3.210 5.866 4.052 6.857 5.347 11.592 0.244 4.314 4.223 10.502 6.813 6.205 1.509 7.324 4.168 11.826 2.854 4.612 3.114 9.396 11.111 11.315 12.700 10.396 11.213 2.788 4.436 2.105 11.992 1.055 4.518 13.052 6.667 8.753 7.566 4.492 5.146 8.061 5.032 3.035 4.476 5.238 8.584 7.380 9.830 8.104 3.939 9.162 7.692 7.714 10.541 7.853 2.515 6.388 3.108 5.101 8.094 3.347 1.057 10.802 2.046 6.689 4.725 12.290 4.412 3.209 11.265 10.784 14.382 8.212 0.858 6.545 1.460 
8.656 11.962 10.279 10.685 11.488 8.519 9.674 9.917 11.279 5.588 7.307 8.913 6.986 7.760 4.120 6.795 10.594 1.548 1.800 8.387 1.817 5.477 8.879 5.018 9.762 6.319 1.879 3.686 5.420 9.819 11.949 8.583 5.472 11.637 9.619 5.839 7.890 4.115 12.892 6.685 6.765 2.284 11.756 4.801 10.482 4.618 5.092 9.598 4.588 4.357 10.261 2.405 0.482 5.356 13.581 1.271 13.392 3.181 6.617 5.966 2.576 6.734 11.199 11.311 9.456 6.648 3.118 8.182 12.993 9.572 4.803 4.809 9.358 3.741 11.068 13.144 13.713 7.801 9.347 8.684 
5.411 2.513 7.924 5.167 2.073 5.050 8.804 10.947 2.957 12.601 6.891 14.060 12.544 9.019 9.589 13.010 6.944 13.590 12.982 7.309 12.093 12.685 10.876 9.461 4.303 11.829 14.432 15.508 13.756 11.216 5.054 10.281 11.109 5.811 9.308 14.437 7.794 12.459 8.261 7.435 9.073 14.696 5.956 13.456 3.989 13.272 9.110 12.863 13.472 11.162 3.709 14.594 13.723 8.314 0.612 12.735 1.864 14.991 8.360 8.343 11.068 11.894 3.913 2.847 5.471 9.329 16.313 10.685 3.289 13.173 16.537 12.694 5.608 15.816 6.777 10.282 1.440 7.997 4.389 7.445 
2.904 7.454 10.690 2.027 5.727 4.944 1.769 12.811 7.057 11.649 2.881 14.498 5.702 9.882 7.027 12.629 1.124 10.283 9.869 8.687 7.662 11.655 3.756 8.065 6.566 11.434 9.475 9.903 7.361 4.144 2.897 3.177 10.284 9.938 11.376 7.946 8.761 10.697 3.639 3.300 2.869 11.430 10.135 11.893 3.212 11.652 7.602 14.025 11.791 5.526 3.774 9.408 9.393 6.277 6.736 8.271 8.267 9.513 2.863 7.461 7.044 11.727 7.965 4.314 7.728 9.351 11.327 11.600 8.998 14.229 10.687 11.290 7.778 10.258 1.594 4.740 8.194 8.899 3.845 9.085 
2.714 2.529 6.956 3.339 0.820 2.447 6.714 9.724 2.248 10.462 4.162 12.399 9.991 7.283 6.981 11.050 5.131 10.984 10.393 5.631 9.351 10.529 8.595 7.068 2.545 9.821 11.678 12.747 11.069 9.081 3.907 7.962 8.946 5.483 8.092 11.762 5.997 10.113 7.127 4.686 6.454 12.115 5.674 11.187 1.803 10.984 6.671 11.428 11.175 8.421 1.177 11.834 11.002 5.721 2.721 9.996 3.377 12.229 5.677 5.997 8.339 9.959 3.330 1.127 3.969 7.320 13.564 9.068 4.065 11.708 13.781 10.441 4.082 13.054 5.137 8.961 3.407 6.194 1.634 5.896 
