30 30 120
123.571 198.951 87.384 177.424 77.815 142.964 112.590 225.094 216.074 187.865 159.517 171.824 33.890 113.123 100.882 128.391 157.379 79.709 166.474 148.812 178.004 220.330 164.060 185.949 222.822 138.411 32.698 217.717 162.863 143.307 
113.399 231.045 242.555 244.885 45.810 66.936 31.836 221.674 185.258 242.046 207.208 84.425 111.912 171.278 215.270 127.297 87.252 238.724 231.287 123.180 116.232 243.725 115.287 113.310 32.539 151.631 206.535 43.247 99.486 130.622 
13.088 34.050 23.969 17.046 19.935 30.858 9.563 10.302 14.600 6.492 17.539 14.607 14.820 23.459 17.412 16.878 22.871 21.790 10.870 30.282 29.194 24.025 6.762 13.967 8.446 5.896 23.586 5.013 19.630 31.302 19.699 26.278 15.711 24.932 26.922 14.473 7.821 15.551 24.034 31.926 6.235 5.333 10.802 23.560 15.544 12.176 27.880 28.254 12.393 29.862 19.032 34.528 25.404 5.506 34.083 11.617 28.097 34.367 25.507 32.994 22.654 14.018 11.383 24.291 6.919 7.723 9.651 29.063 20.879 11.466 17.893 20.649 21.955 6.883 13.084 28.989 33.624 5.789 10.497 9.494 28.779 34.697 10.945 9.637 9.578 15.416 10.133 10.815 20.636 18.894 15.617 30.205 14.211 8.336 7.377 6.004 33.656 10.655 9.599 23.282 25.243 14.943 19.669 16.163 15.421 23.752 29.179 9.091 13.028 15.843 30.383 27.248 34.474 24.411 34.213 11.396 15.813 20.996 26.902 5.625 
927.894 1317.508 1419.657 1299.694 608.067 701.827 543.555 1210.229 1229.935 1426.641 1216.401 807.894 979.404 1155.502 1211.781 1031.790 819.607 1320.666 1309.433 1031.120 950.368 1328.058 949.006 948.573 566.488 1128.462 1309.898 560.072 899.486 997.650 
6.132 5.984 6.736 9.432 6.709 11.435 8.727 10.348 6.926 8.709 12.459 10.283 11.176 5.598 2.893 6.336 3.357 6.097 5.471 5.040 2.996 4.270 5.804 6.951 2.573 3.400 0.951 3.430 4.742 5.062 
2.039 10.079 10.879 13.359 8.207 12.289 6.436 10.918 11.058 10.910 14.015 13.959 12.243 7.986 4.928 9.422 6.441 5.622 6.696 3.735 3.956 6.231 9.832 10.630 3.274 7.467 3.393 4.531 6.368 9.158 
3.892 8.267 9.243 11.271 5.822 10.116 5.848 8.814 9.336 8.476 11.684 11.707 10.009 5.547 2.533 7.044 4.159 3.764 4.320 2.242 1.514 6.574 8.642 8.421 3.817 6.244 1.979 2.092 6.905 7.835 
15.016 3.555 3.748 0.182 8.641 11.496 15.126 11.532 3.251 7.223 10.408 2.087 10.886 7.038 8.799 5.108 7.071 11.551 9.132 12.085 9.922 11.247 6.060 2.944 11.577 6.939 9.859 9.646 11.806 5.785 
8.008 6.790 8.087 8.487 1.475 6.206 6.714 5.206 7.926 3.992 7.334 8.288 5.939 1.446 2.397 3.401 2.546 3.148 0.711 4.151 3.009 9.473 8.677 5.486 7.519 6.818 4.845 2.404 9.968 7.743 
4.625 8.766 9.898 11.306 4.484 8.420 4.468 7.066 9.897 7.328 10.174 11.432 8.369 4.754 2.516 6.557 4.196 1.906 3.002 0.880 1.555 8.350 9.697 8.321 5.667 7.380 3.509 1.589 8.711 8.820 
15.545 3.984 4.040 0.477 9.148 11.897 15.661 11.975 3.561 7.649 10.723 2.154 11.281 7.563 9.338 5.626 7.610 12.085 9.662 12.626 10.461 11.641 6.346 3.479 12.052 7.359 10.374 10.187 12.195 6.135 
3.276 12.985 14.057 15.595 8.052 10.567 2.419 9.093 14.098 10.929 12.871 15.651 10.761 8.849 6.772 10.748 8.480 4.466 6.820 3.418 5.697 10.809 13.567 12.602 7.830 11.169 6.874 5.874 10.980 12.752 
9.550 11.856 13.176 12.794 4.286 3.610 4.946 2.218 12.957 5.936 6.152 11.989 3.964 6.122 7.020 7.786 7.738 4.008 4.641 5.837 6.876 14.039 13.886 10.029 11.534 11.974 9.116 6.387 14.457 12.953 
0.655 12.374 13.271 15.440 9.077 12.440 5.017 10.983 13.408 11.954 14.513 15.827 12.527 9.357 6.613 11.056 8.303 5.774 7.631 4.015 5.496 8.729 12.367 12.571 5.825 9.979 5.743 5.922 8.804 11.655 
9.522 9.009 10.334 9.847 1.459 3.518 6.434 2.439 10.085 3.250 5.142 9.114 3.360 3.294 5.055 4.841 5.255 3.634 2.486 5.428 5.356 12.205 11.233 7.079 10.085 9.524 7.449 4.755 12.686 10.309 
11.885 1.142 2.383 3.330 6.652 10.526 12.488 10.165 2.057 6.324 10.177 4.409 9.995 4.826 5.826 3.322 4.123 8.953 6.702 9.198 6.923 8.397 4.094 1.621 8.432 4.057 6.682 6.729 8.971 3.425 
9.849 12.675 13.994 13.594 5.107 3.922 4.919 2.685 13.777 6.675 6.529 12.758 4.369 6.942 7.749 8.603 8.528 4.569 5.423 6.315 7.539 14.702 14.685 10.844 12.134 12.748 9.776 7.075 15.106 13.751 
4.994 13.998 15.140 16.324 8.238 9.955 1.442 8.509 15.134 11.001 12.414 16.185 10.242 9.347 7.752 11.302 9.386 4.763 7.234 4.385 6.771 12.440 14.850 13.310 9.464 12.478 8.263 6.812 12.636 13.999 
4.925 7.518 8.175 11.023 7.766 12.377 8.455 11.181 8.407 10.023 13.629 11.889 12.183 6.907 3.910 7.845 4.803 6.415 6.384 4.950 3.541 3.866 6.969 8.555 1.225 4.640 1.472 4.117 4.189 6.336 
14.316 3.111 3.554 0.835 7.908 10.882 14.374 10.867 3.044 6.588 9.908 2.111 10.280 6.290 8.069 4.367 6.343 10.799 8.381 11.342 9.194 10.810 5.834 2.192 10.994 6.472 9.195 8.909 11.376 5.452 
6.473 7.749 8.986 9.862 2.666 6.951 5.378 5.718 8.900 5.478 8.478 9.802 6.812 2.996 1.976 4.897 3.136 1.849 1.161 2.558 1.926 9.007 9.205 6.848 6.684 7.084 4.116 1.357 9.448 8.282 
12.634 1.736 0.665 4.589 9.212 13.336 14.313 12.885 1.176 9.179 13.044 6.329 12.821 7.362 7.422 6.123 5.970 10.939 8.965 10.752 8.366 7.182 1.661 4.424 8.226 3.275 7.343 8.367 7.706 1.654 
4.337 7.716 8.519 11.046 6.926 11.448 7.399 10.212 8.693 9.341 12.817 11.744 11.284 6.258 3.158 7.418 4.360 5.344 5.490 3.862 2.581 4.952 7.570 8.399 2.229 5.176 1.050 3.185 5.279 6.850 
14.731 12.221 13.451 11.380 6.296 2.179 10.705 3.643 13.056 4.809 1.088 9.850 2.013 7.526 10.165 7.927 9.857 8.794 7.708 10.673 10.629 17.140 14.992 9.603 15.282 13.827 12.611 10.017 17.659 14.147 
14.239 5.446 6.365 3.543 6.178 8.062 13.073 8.313 5.880 3.981 6.789 2.150 7.433 5.121 7.863 3.354 6.345 9.610 7.158 10.654 8.937 12.558 8.434 2.835 12.003 8.318 9.699 8.478 13.136 7.820 
9.178 6.308 6.192 9.982 10.547 15.293 12.853 14.346 6.632 11.958 15.922 11.454 14.952 9.067 7.002 9.037 6.757 10.365 9.515 9.224 7.263 1.642 4.068 8.576 3.968 3.089 5.124 7.667 2.110 4.041 
7.049 5.944 6.377 9.621 8.264 13.015 10.293 11.977 6.679 10.032 13.891 10.748 12.725 6.981 4.538 7.381 4.650 7.788 7.103 6.643 4.691 2.673 4.919 7.529 2.233 2.722 2.534 5.126 3.196 4.378 
9.159 10.830 12.150 11.829 3.267 3.572 5.060 2.099 11.933 5.112 5.919 11.087 3.769 5.098 6.086 6.787 6.731 3.360 3.646 5.259 6.029 13.169 12.869 9.032 10.746 10.981 8.260 5.508 13.602 11.936 
7.539 4.590 5.658 7.607 4.887 9.633 8.685 8.704 5.692 6.539 10.395 8.225 9.301 3.484 1.806 4.071 1.151 5.430 3.956 5.111 2.729 6.160 5.548 4.882 4.839 3.413 2.489 2.740 6.694 4.637 
9.141 5.889 7.210 7.260 1.706 6.227 7.976 5.490 6.991 3.143 6.886 7.002 5.843 0.171 3.060 2.131 2.377 4.424 1.956 5.397 3.945 9.673 8.089 4.287 8.060 6.500 5.411 3.394 10.202 7.169 
2.215 12.181 13.201 14.963 7.882 10.887 3.315 9.418 13.273 10.783 13.061 15.148 11.016 8.444 6.065 10.274 7.793 4.388 6.529 2.909 4.950 9.650 12.589 12.004 6.672 10.183 5.867 5.226 9.813 11.799 
7.149 5.057 5.744 8.599 6.889 11.644 9.601 10.652 5.956 8.592 12.461 9.570 11.335 5.549 3.296 5.967 3.215 6.773 5.804 5.901 3.693 4.094 4.790 6.280 3.166 2.384 1.936 4.019 4.630 4.040 
3.612 9.314 10.379 12.054 5.501 9.352 4.392 7.970 10.423 8.340 11.168 12.282 9.329 5.703 3.154 7.446 4.882 2.673 4.017 0.853 2.043 7.998 9.961 9.103 5.162 7.584 3.410 2.334 8.305 9.121 
7.739 4.299 5.107 7.759 6.321 11.060 9.700 10.141 5.267 7.830 11.745 8.685 10.718 4.851 3.029 5.114 2.525 6.647 5.372 6.024 3.684 4.846 4.481 5.387 4.051 2.151 2.425 3.879 5.401 3.637 
11.876 14.303 6.159 5.582 9.000 5.976 9.536 11.819 7.692 9.983 5.498 9.566 9.020 15.218 9.241 9.785 10.177 10.335 10.923 6.872 12.158 1.875 6.566 11.965 4.640 2.600 12.884 10.654 7.019 11.179 12.319 7.207 13.294 5.219 12.316 11.040 2.438 7.911 14.032 9.291 10.466 10.255 8.683 6.668 8.326 12.328 5.486 6.216 3.736 16.641 12.507 16.770 6.984 8.264 4.379 12.753 8.360 13.748 10.840 10.022 5.241 7.029 7.956 5.196 16.595 12.726 16.334 11.801 14.883 11.951 7.547 7.462 9.810 4.010 5.520 7.897 6.727 11.654 7.726 2.115 9.596 12.806 8.390 11.881 1.511 0.940 9.281 4.091 1.267 12.749 11.859 6.563 10.828 7.297 11.987 4.141 12.737 5.432 6.302 14.225 13.399 11.139 14.635 8.928 8.784 8.174 11.433 9.023 14.655 4.495 14.788 1.250 12.558 14.148 14.666 8.757 5.353 1.953 11.253 14.177 
0.302 11.545 6.068 6.409 4.091 11.812 3.144 0.833 5.529 9.451 7.204 4.275 8.953 6.944 5.201 12.624 5.057 12.625 3.195 11.889 1.236 12.095 7.397 2.131 8.907 10.290 2.478 11.583 13.222 1.110 1.745 6.043 10.385 7.435 3.146 0.968 10.068 12.691 2.044 8.303 4.504 2.536 5.006 8.099 4.933 11.846 8.035 7.448 9.908 5.081 0.868 5.501 12.411 7.563 8.120 10.670 12.227 5.571 2.214 2.156 11.917 6.103 10.318 6.792 5.336 2.880 5.062 10.380 13.757 2.310 10.178 4.849 12.138 8.023 6.470 12.472 8.317 10.164 8.174 13.196 2.639 0.826 6.809 4.121 10.481 11.095 3.078 8.498 10.875 0.845 2.799 6.005 9.011 11.066 2.557 13.399 1.320 7.735 11.791 9.858 6.529 2.572 13.533 6.677 10.906 6.849 13.202 12.770 13.278 10.608 3.177 11.044 7.506 2.160 7.742 11.640 12.114 11.755 10.229 11.918 
1.618 12.777 6.764 7.317 4.344 13.041 4.421 2.112 6.773 10.775 7.781 5.595 10.275 7.834 5.165 13.943 6.378 13.949 4.502 13.151 2.384 13.092 7.717 1.487 9.413 10.970 3.433 12.908 14.472 2.424 2.843 6.412 11.635 8.536 4.285 1.962 11.056 13.976 1.617 8.116 5.820 3.848 6.303 9.354 5.207 13.152 8.487 8.657 10.467 5.030 0.460 5.605 13.671 8.873 8.781 11.949 13.527 6.588 2.240 2.823 13.113 6.508 11.621 7.680 5.459 3.915 5.202 11.682 15.021 3.509 11.471 5.476 13.459 8.954 7.344 13.759 9.578 11.468 8.240 14.176 3.259 0.919 8.119 5.339 11.353 11.979 4.298 9.152 11.684 1.424 4.013 6.570 10.325 12.348 1.851 14.511 0.137 8.235 13.034 11.040 7.647 3.875 14.801 6.592 12.221 6.904 14.526 14.079 14.540 11.771 3.306 11.971 8.730 1.698 8.779 12.951 13.313 12.760 11.542 13.166 
3.665 10.746 9.570 9.625 7.818 13.763 5.620 3.485 7.803 10.115 10.781 5.988 9.982 4.705 8.895 13.558 6.072 13.389 4.472 13.609 3.047 14.938 11.101 5.401 12.512 13.724 2.316 12.138 14.987 4.102 2.821 9.741 9.806 10.152 3.199 4.618 12.987 14.176 2.418 11.955 5.512 4.889 6.940 10.071 8.656 11.844 11.681 9.736 13.464 1.503 3.853 1.776 14.127 9.005 11.607 10.352 13.551 4.081 5.877 5.838 14.052 9.789 11.692 10.025 1.609 2.643 1.335 10.402 13.157 3.246 11.682 8.443 13.018 11.130 9.738 13.945 10.232 10.223 11.897 16.060 6.315 3.203 8.330 4.208 13.633 14.211 5.859 11.986 14.127 2.900 3.481 9.613 9.329 12.645 5.780 15.858 4.057 11.357 13.658 8.790 5.395 4.082 12.979 10.363 12.030 10.570 13.686 13.947 12.668 12.944 0.630 14.076 6.943 2.388 6.041 12.809 14.227 14.587 10.449 11.236 
7.298 5.716 7.033 5.818 8.317 5.387 4.635 6.853 3.019 1.984 8.076 3.321 1.376 6.664 9.647 5.059 2.663 5.041 4.545 5.046 6.777 8.015 9.455 9.186 9.371 9.183 6.546 4.061 6.411 6.488 6.533 8.577 4.527 4.377 5.514 7.158 6.678 5.511 9.047 12.179 3.254 5.078 2.813 2.437 8.514 4.764 9.159 3.055 9.695 9.996 8.449 9.751 5.545 0.845 8.021 4.264 4.883 5.536 8.383 7.194 5.871 8.448 3.028 6.035 9.601 6.091 9.410 3.517 7.196 5.819 3.064 7.130 4.559 6.100 6.057 5.280 2.407 3.300 11.059 9.037 7.198 8.229 1.129 4.466 7.921 8.238 4.958 8.263 8.671 7.833 5.391 7.681 2.103 4.034 9.521 8.011 8.892 8.744 5.206 5.180 4.715 5.150 6.937 10.671 3.400 10.260 5.668 5.315 6.796 5.230 8.668 7.854 3.524 9.145 5.761 4.170 6.005 7.691 3.126 5.796 
11.310 2.011 11.759 10.489 13.013 7.203 9.067 10.797 7.772 2.942 12.743 7.672 3.950 7.586 14.369 3.943 6.635 3.380 8.419 6.370 10.561 11.130 14.169 13.486 13.902 13.380 9.873 2.257 7.225 10.604 10.174 13.328 1.909 8.811 8.821 11.416 10.439 5.895 12.613 16.933 7.137 9.321 7.441 6.529 13.254 0.578 13.797 7.464 14.071 12.423 12.468 11.912 6.599 5.389 12.558 1.144 5.093 7.434 12.832 11.695 7.965 13.197 4.720 10.661 11.809 9.343 11.709 1.273 2.451 9.452 5.121 11.883 3.528 10.487 10.726 5.738 6.352 1.498 15.790 11.910 11.773 12.092 5.883 7.671 11.800 11.942 9.471 12.755 12.574 11.621 8.950 12.422 2.736 5.559 13.861 10.147 12.923 13.389 6.874 3.415 6.124 9.040 2.190 15.424 3.983 15.015 2.884 4.845 2.089 8.198 11.686 11.474 4.513 12.689 6.082 4.317 7.976 10.882 1.639 1.642 
12.851 10.460 8.948 7.663 11.646 1.537 9.976 12.568 7.575 6.629 9.072 9.230 6.017 13.554 12.469 4.868 9.193 5.483 10.741 2.182 12.702 3.654 10.564 13.922 9.147 7.542 12.908 6.277 1.575 12.011 12.637 10.568 9.761 5.868 12.004 12.304 4.556 2.773 14.948 13.635 9.713 10.677 8.301 5.124 11.300 8.048 9.651 5.626 8.643 16.621 13.831 16.484 1.936 6.325 8.194 9.021 3.484 12.441 12.840 11.710 1.157 10.376 4.235 7.478 16.324 12.550 16.107 8.083 10.337 12.028 3.996 9.963 5.101 6.335 7.784 2.864 4.961 8.020 12.096 3.906 11.442 13.867 6.912 11.131 5.596 5.299 9.994 8.124 6.182 13.613 11.721 9.627 7.702 3.154 14.108 1.727 14.197 9.395 1.780 11.066 11.604 11.217 10.119 12.743 4.642 12.049 6.515 3.962 10.230 2.548 15.054 4.814 10.234 15.060 12.518 4.208 0.968 3.622 7.555 10.165 
10.897 3.392 10.671 9.351 12.162 5.732 8.421 10.409 6.828 1.874 11.583 7.050 2.774 8.097 13.477 2.689 6.138 2.220 8.019 4.908 10.238 9.665 13.050 12.942 12.653 12.027 9.713 0.895 5.820 10.135 9.902 12.294 2.883 7.574 8.642 10.884 9.031 4.500 12.403 15.901 6.695 8.777 6.657 5.267 12.326 1.119 12.609 6.251 12.761 12.616 12.062 12.181 5.159 4.334 11.321 2.059 3.684 7.652 12.194 11.019 6.492 12.151 3.264 9.489 12.062 9.198 11.931 1.309 3.721 9.170 3.672 10.916 2.201 9.210 9.584 4.329 5.068 1.400 14.691 10.437 11.042 11.754 4.937 7.488 10.398 10.517 8.778 11.495 11.171 11.310 8.684 11.357 2.222 4.085 13.295 8.682 12.515 12.209 5.405 4.371 6.405 8.648 3.464 14.447 2.508 13.992 2.182 3.527 3.446 6.742 11.668 10.043 4.734 12.489 6.679 2.874 6.506 9.421 1.072 3.096 
1.401 12.383 6.976 7.441 4.686 12.962 4.292 1.825 6.680 10.510 8.041 5.386 10.049 7.343 5.583 13.727 6.101 13.712 4.203 13.037 2.010 13.177 8.058 1.969 9.701 11.198 2.972 12.643 14.372 2.249 2.434 6.734 11.255 8.555 3.869 1.987 11.144 13.832 1.191 8.573 5.530 3.667 6.144 9.249 5.550 12.830 8.790 8.597 10.739 4.574 0.521 5.126 13.559 8.686 9.013 11.592 13.359 6.122 2.603 3.008 13.064 6.819 11.448 7.814 4.977 3.469 4.717 11.356 14.650 3.129 11.316 5.708 13.235 9.070 7.484 13.613 9.466 11.144 8.647 14.271 3.470 0.480 7.933 4.953 11.500 12.121 4.226 9.387 11.860 0.978 3.635 6.830 10.020 12.209 2.349 14.527 0.627 8.522 12.942 10.620 7.207 3.575 14.433 7.026 12.020 7.310 14.260 13.894 14.166 11.749 2.812 12.092 8.336 1.288 8.314 12.760 13.262 12.840 11.234 12.783 
7.142 4.135 9.016 8.036 9.512 8.086 5.323 6.614 4.970 3.267 10.211 4.003 3.615 4.013 10.922 6.651 2.841 6.371 4.309 7.590 6.328 10.914 11.409 9.429 11.701 11.807 5.569 5.050 8.884 6.509 5.912 10.319 2.944 6.996 4.526 7.383 9.515 7.779 8.314 13.793 3.175 5.378 4.213 5.315 9.939 4.660 11.324 5.777 12.182 8.266 8.279 7.838 8.041 3.711 10.380 3.270 7.020 3.313 8.919 7.880 8.650 10.229 5.455 8.333 7.716 5.038 7.582 3.207 6.318 5.205 5.635 8.740 6.099 8.677 8.267 7.553 5.303 3.028 12.900 11.937 8.058 7.855 3.594 3.390 10.707 11.065 5.796 10.670 11.438 7.371 4.699 9.556 2.271 6.550 9.827 10.842 8.732 10.904 7.858 2.763 2.132 4.899 6.099 12.166 5.425 11.901 6.532 7.228 5.837 8.118 7.392 10.703 0.625 8.387 2.901 6.172 8.763 10.588 3.278 4.479 
11.019 0.654 12.777 11.656 13.496 9.570 9.321 10.483 8.670 4.680 13.899 7.980 5.643 5.905 14.903 6.547 6.824 5.994 8.266 8.793 10.141 13.272 15.200 13.361 15.255 15.035 9.198 4.806 9.756 10.446 9.682 14.189 1.381 10.262 8.244 11.340 12.316 8.436 11.909 17.719 7.176 9.371 8.065 8.142 13.891 3.189 14.999 8.922 15.585 11.045 12.120 10.426 9.077 6.698 13.908 1.964 7.621 6.271 12.903 11.879 10.302 14.085 6.922 11.900 10.352 8.674 10.305 2.925 2.955 9.020 7.283 12.638 6.106 11.984 11.894 8.265 8.023 3.036 16.748 14.140 12.059 11.636 6.947 7.196 13.637 13.866 9.788 14.155 14.406 11.135 8.521 13.370 3.881 7.891 13.768 12.531 12.565 14.579 9.257 1.541 4.998 8.830 2.840 16.115 6.339 15.812 5.456 7.433 2.495 10.317 10.681 13.430 3.818 11.965 4.387 6.800 10.340 12.995 3.476 1.207 
5.006 9.248 10.470 10.276 9.136 13.460 6.152 4.663 7.973 9.283 11.737 6.076 9.338 2.933 10.337 12.729 5.786 12.483 4.675 13.182 4.149 15.166 12.266 7.076 13.477 14.465 2.962 11.171 14.550 5.176 3.734 10.911 8.426 10.436 3.286 5.904 13.313 13.609 4.276 13.454 5.323 5.498 7.013 9.920 9.929 10.638 12.721 9.782 14.348 2.271 5.497 1.722 13.684 8.633 12.444 9.060 12.918 2.810 7.369 7.080 13.847 10.931 11.146 10.674 1.614 2.938 1.534 9.257 11.678 3.795 11.203 9.476 12.179 11.647 10.425 13.377 10.042 9.102 13.234 16.283 7.530 4.832 8.050 3.860 14.121 14.658 6.511 12.816 14.689 4.422 3.769 10.632 8.373 12.172 7.480 15.811 5.779 12.363 13.312 7.253 4.081 4.528 11.520 11.814 11.342 11.933 12.643 13.227 11.195 12.890 2.517 14.460 5.741 4.264 4.394 12.118 14.006 14.814 9.392 9.769 
10.790 1.659 11.500 10.264 12.634 7.427 8.626 10.271 7.461 2.812 12.523 7.231 3.829 6.947 14.005 4.382 6.162 3.852 7.905 6.628 10.019 11.245 13.921 12.997 13.741 13.312 9.298 2.621 7.568 10.101 9.622 13.035 1.290 8.661 8.253 10.929 10.442 6.248 12.042 16.631 6.644 8.846 7.063 6.416 12.909 1.168 13.593 7.307 13.959 11.796 11.942 11.279 6.898 5.163 12.393 0.505 5.433 6.809 12.374 11.254 8.173 12.910 4.840 10.457 11.177 8.767 11.079 0.973 2.770 8.905 5.223 11.560 3.926 10.359 10.503 6.077 6.257 1.176 15.527 12.068 11.351 11.551 5.594 7.109 11.792 11.968 9.045 12.605 12.566 11.075 8.401 12.147 2.381 5.757 13.379 10.386 12.398 13.181 7.107 2.810 5.497 8.521 2.521 15.097 4.188 14.711 3.462 5.254 2.341 8.295 11.083 11.511 3.900 12.116 5.444 4.616 8.200 10.983 1.484 1.459 
5.452 6.886 5.909 4.922 6.717 6.684 2.815 5.015 1.855 3.778 7.092 1.471 3.217 5.972 8.095 6.892 1.056 6.890 2.764 6.525 4.966 8.506 8.316 7.354 8.590 8.805 4.863 5.892 7.902 4.638 4.757 7.278 5.644 4.085 3.891 5.314 6.836 7.155 7.250 10.818 1.578 3.228 1.161 3.080 7.025 6.419 8.206 3.082 9.106 8.490 6.600 8.342 7.045 1.935 7.277 5.610 6.600 4.562 6.587 5.417 7.021 7.175 4.694 5.229 8.181 4.454 7.965 5.042 8.689 4.065 4.631 5.732 6.402 5.682 5.151 6.927 3.202 4.817 9.841 9.600 5.465 6.393 1.241 2.993 7.895 8.329 3.177 7.577 8.584 6.009 3.678 6.473 3.580 5.582 7.697 8.974 7.042 7.785 6.571 5.850 4.155 3.345 8.439 9.235 5.196 8.906 7.506 7.090 8.252 6.059 7.014 8.031 3.617 7.352 5.477 5.948 7.186 8.159 4.755 7.085 
6.054 9.577 3.216 1.948 5.123 5.771 3.313 5.845 1.331 5.637 4.207 3.170 4.682 8.926 6.265 7.685 3.883 7.929 4.550 6.053 6.074 6.034 5.613 7.044 5.551 5.694 6.600 7.382 7.272 5.241 6.131 4.856 8.371 1.248 5.944 5.432 4.108 7.046 8.210 8.455 4.098 4.052 2.316 2.461 5.061 8.483 5.291 1.471 5.999 10.402 6.969 10.457 6.545 3.167 4.213 8.133 6.814 7.404 5.986 4.828 5.752 4.706 5.105 2.182 10.284 6.386 10.031 7.356 11.007 5.663 4.802 3.609 7.343 2.590 2.187 6.859 2.713 7.145 7.242 7.156 4.594 7.065 2.774 5.489 4.950 5.458 3.203 4.491 5.581 6.869 5.512 3.905 5.971 5.463 7.253 7.152 7.320 4.875 5.822 8.834 7.214 4.831 10.746 7.057 5.958 6.557 8.834 7.490 10.627 4.380 8.628 5.246 6.716 8.325 8.574 6.507 5.956 5.683 6.917 9.665 
4.095 7.253 6.605 5.964 6.547 8.646 2.362 3.583 3.195 5.205 7.883 1.395 4.904 4.466 7.959 8.559 0.923 8.469 1.207 8.461 3.382 10.309 8.856 6.323 9.535 10.102 2.994 7.323 9.840 3.409 3.056 7.639 6.053 5.669 1.965 4.269 8.526 9.035 5.574 10.946 0.425 2.278 2.203 5.027 7.072 7.458 8.979 4.893 10.219 6.531 5.253 6.379 8.978 3.856 8.313 6.286 8.432 2.904 5.805 4.795 8.983 7.582 6.554 6.333 6.218 2.540 6.001 5.987 9.388 2.325 6.533 6.037 8.038 7.075 6.162 8.805 5.160 5.773 10.215 11.419 5.013 4.904 3.200 1.045 9.457 9.948 2.858 8.655 10.091 4.454 1.860 7.016 4.646 7.495 6.717 10.910 5.709 8.572 8.526 5.747 2.986 1.824 9.159 9.282 6.948 9.105 8.932 8.866 8.914 7.987 5.117 9.701 3.312 5.665 4.412 7.721 9.149 9.958 5.859 7.585 
4.420 9.220 3.651 2.901 4.482 7.186 1.594 4.165 0.965 5.808 4.893 1.669 5.016 7.528 5.822 8.469 2.677 8.600 2.874 7.322 4.363 7.761 6.020 5.724 6.498 7.059 4.877 7.809 8.626 3.585 4.405 4.944 7.979 2.976 4.265 3.906 5.819 8.203 6.543 8.483 2.693 2.331 1.185 3.526 4.714 8.592 6.004 2.809 7.157 8.676 5.413 8.745 7.838 3.434 5.255 7.915 7.834 5.952 4.767 3.559 7.277 4.846 5.975 3.272 8.571 4.682 8.316 7.285 10.960 3.940 5.761 3.395 8.049 4.107 3.100 7.995 3.761 7.061 7.515 8.883 3.463 5.437 2.753 3.944 6.572 7.113 1.563 5.593 7.150 5.202 3.811 4.166 5.823 6.575 5.995 8.825 5.797 5.588 7.183 8.149 5.977 3.110 10.706 6.911 6.706 6.569 9.374 8.447 10.536 5.984 6.901 6.934 5.825 6.658 7.390 7.367 7.474 7.410 6.940 9.407 
9.363 8.367 6.383 4.978 8.717 2.214 6.468 9.051 4.069 4.059 6.939 5.658 3.135 10.225 9.761 4.501 5.643 4.909 7.167 2.414 9.158 4.566 8.489 10.633 7.653 6.755 9.332 4.871 3.657 8.516 9.075 8.096 7.385 2.970 8.431 8.884 3.699 3.446 11.422 11.545 6.148 7.149 4.736 1.550 8.552 6.450 7.817 2.208 7.584 13.050 10.388 12.927 2.907 2.871 6.398 6.818 3.352 8.999 9.602 8.423 2.437 7.919 2.134 4.947 12.765 8.975 12.545 5.864 9.042 8.457 1.718 7.117 4.318 4.233 5.168 3.277 1.389 5.720 10.138 5.519 8.219 10.376 3.375 7.581 5.067 5.195 6.535 6.492 5.840 10.096 8.146 7.108 4.967 1.966 10.864 4.447 10.775 7.460 2.208 8.419 8.283 7.649 8.787 10.348 3.047 9.746 5.963 4.072 8.778 1.660 11.480 4.731 7.090 11.533 9.345 3.304 2.610 4.271 5.315 8.240 
7.213 7.155 5.794 4.492 7.453 4.573 4.345 6.841 2.150 3.067 6.743 3.311 2.104 7.852 8.702 5.364 3.174 5.517 4.782 4.475 6.881 6.633 8.183 8.796 7.945 7.679 6.932 4.840 5.843 6.367 6.742 7.420 5.994 2.894 5.994 6.878 5.194 5.218 9.171 11.026 3.693 4.950 2.471 1.026 7.522 5.909 7.799 1.552 8.219 10.605 8.308 10.464 4.999 0.674 6.596 5.659 4.771 6.561 7.870 6.661 4.900 7.275 2.882 4.663 10.303 6.548 10.086 4.830 8.449 6.087 2.707 6.087 4.955 4.615 4.728 4.998 1.098 4.627 9.818 7.690 6.567 8.206 0.906 5.113 6.417 6.749 4.533 6.818 7.164 7.875 5.742 6.479 3.515 3.598 9.084 6.890 8.725 7.390 4.475 6.691 5.936 5.309 8.188 9.595 3.601 9.121 6.346 5.356 8.082 3.999 9.086 6.379 4.937 9.278 7.104 4.263 5.065 6.299 4.367 7.189 
9.446 10.226 5.273 3.964 7.946 2.998 6.670 9.230 4.374 5.899 5.537 6.232 4.926 11.462 8.787 6.247 6.554 6.710 7.727 3.659 9.439 2.988 7.075 10.304 5.969 4.884 9.861 6.771 4.505 8.632 9.460 6.929 9.200 2.234 9.091 8.806 1.790 4.802 11.600 10.167 6.958 7.403 5.278 2.641 7.608 8.360 6.273 2.490 5.775 13.660 10.346 13.645 4.013 4.244 4.810 8.675 4.950 10.096 9.203 8.107 2.661 6.740 4.031 3.794 13.475 9.585 13.234 7.731 10.952 8.935 3.613 6.263 6.134 2.743 4.092 4.693 2.663 7.576 8.682 4.067 7.808 10.456 4.495 8.423 3.157 3.306 6.592 4.836 3.930 10.259 8.717 5.968 6.732 3.641 10.467 3.760 10.684 5.959 3.201 10.139 9.568 8.100 10.697 9.143 4.928 8.478 7.789 5.676 10.687 1.189 11.946 2.862 8.573 11.715 10.755 5.088 2.868 2.649 7.188 10.122 
7.109 10.078 3.288 1.880 5.688 5.053 4.427 6.927 2.389 5.926 3.980 4.271 4.919 9.950 6.669 7.472 4.897 7.796 5.674 5.473 7.176 4.911 5.500 7.922 5.037 4.834 7.726 7.438 6.585 6.313 7.248 5.002 8.911 0.155 7.068 6.436 2.983 6.544 9.278 8.503 5.164 5.165 3.380 2.386 5.463 8.722 4.971 1.403 5.303 11.527 7.976 11.584 5.931 3.589 3.692 8.579 6.436 8.456 6.826 5.721 4.916 4.828 4.919 1.901 11.411 7.513 11.158 7.733 11.303 6.789 4.559 4.045 7.199 1.714 2.081 6.379 2.605 7.536 7.158 6.033 5.430 8.111 3.411 6.581 3.885 4.365 4.285 3.899 4.554 7.940 6.639 4.014 6.438 5.051 8.093 6.125 8.305 4.577 5.158 9.525 8.184 5.957 11.041 7.253 5.829 6.669 8.776 7.146 10.956 3.476 9.746 4.132 7.543 9.394 9.509 6.269 5.124 4.561 7.250 10.107 
7.811 16.513 3.949 5.317 3.662 11.812 7.566 8.133 7.942 12.787 3.281 8.711 11.843 13.999 2.563 14.635 9.861 14.958 9.075 12.424 8.649 9.374 1.740 6.298 3.457 5.511 9.889 14.525 13.310 7.654 9.091 2.368 15.275 7.276 10.036 6.892 7.775 13.550 9.330 1.354 9.676 7.865 8.492 9.494 2.919 15.634 2.691 8.461 4.443 12.700 7.651 13.187 12.815 10.305 4.110 15.158 13.547 12.420 5.563 5.725 11.414 2.486 12.083 5.268 13.026 10.088 12.754 14.449 18.126 9.239 11.723 3.931 14.362 6.074 5.096 13.412 9.731 14.232 0.559 10.112 5.298 8.254 9.804 10.420 7.073 7.625 7.070 4.230 6.865 8.523 9.509 3.261 13.018 12.161 6.051 11.588 7.591 2.904 12.005 15.434 12.879 8.796 17.866 1.231 12.987 0.863 15.924 14.268 17.728 9.981 10.848 7.940 13.058 9.419 14.294 13.430 11.611 9.175 14.041 16.673 
3.251 14.317 5.724 6.664 2.870 13.117 5.151 3.771 7.136 11.739 6.460 6.528 11.076 9.929 3.176 14.627 7.541 14.727 5.876 13.382 4.224 12.426 6.013 0.876 7.908 9.698 5.461 13.834 14.620 3.697 4.735 4.856 13.119 8.297 6.109 2.800 10.416 14.328 3.897 5.899 7.065 4.856 6.977 9.641 3.628 14.341 6.935 8.775 9.010 7.307 2.450 7.908 13.883 9.543 7.554 13.316 13.996 8.559 1.406 2.615 13.051 4.997 12.147 6.958 7.765 5.871 7.510 12.911 16.430 5.250 11.926 4.447 14.191 8.260 6.616 14.127 9.886 12.688 6.222 13.446 2.759 3.114 8.812 6.996 10.439 11.076 4.819 7.897 10.631 3.555 5.712 5.312 11.479 12.709 0.464 14.134 2.186 6.767 13.170 12.724 9.475 5.310 16.195 4.481 12.866 4.917 15.435 14.617 15.963 11.618 5.619 11.162 10.323 3.963 10.722 13.538 13.258 12.119 12.685 14.650 
2.467 8.932 7.149 6.934 6.125 10.763 2.810 1.945 4.815 7.422 8.427 2.976 7.150 4.324 7.447 10.801 3.141 10.697 1.462 10.639 1.514 11.994 9.056 4.869 10.162 11.120 0.750 9.522 12.016 2.182 1.029 7.720 7.818 7.217 0.414 3.084 10.081 11.257 3.409 10.574 2.558 2.155 3.929 7.059 6.846 9.512 9.437 6.731 11.012 4.478 3.487 4.483 11.160 6.048 9.104 8.194 10.669 2.856 4.722 4.082 11.039 7.719 8.781 7.332 4.310 0.415 4.060 8.035 11.220 0.525 8.741 6.218 10.277 8.333 7.080 11.027 7.224 7.832 10.156 13.116 4.473 2.979 5.350 1.539 10.822 11.375 3.167 9.475 11.369 2.479 0.470 7.354 6.782 9.696 5.293 12.849 3.923 9.067 10.668 7.169 3.792 1.185 11.008 8.896 9.193 8.903 11.120 11.111 10.734 9.932 2.898 11.202 4.888 3.490 5.006 9.966 11.216 11.642 7.974 9.340 
8.106 14.700 2.319 3.186 4.312 8.985 6.767 8.251 6.232 10.662 1.028 7.544 9.663 13.314 4.158 12.066 8.584 12.448 8.376 9.659 8.713 6.399 1.351 7.425 0.810 2.718 9.780 12.183 10.451 7.648 9.044 2.254 13.495 4.834 9.604 7.159 4.820 10.799 10.054 4.285 8.573 7.304 7.028 7.142 3.489 13.475 0.289 6.152 1.902 13.164 8.374 13.497 10.015 8.246 1.195 13.244 10.880 11.712 6.391 5.957 8.532 2.123 9.587 2.953 13.325 9.824 13.049 12.438 16.046 8.953 9.199 3.292 11.852 3.336 2.949 10.680 7.354 12.233 2.731 7.170 5.475 8.843 7.899 9.654 4.102 4.670 6.324 1.254 3.957 8.952 9.073 2.122 11.083 9.512 7.336 8.610 8.477 0.378 9.203 13.909 11.872 8.301 15.785 3.714 10.512 2.960 13.468 11.608 15.688 7.136 11.245 4.967 11.682 10.162 13.291 10.865 8.723 6.196 11.974 14.777 
3.469 13.165 3.333 4.271 0.709 10.865 3.766 3.787 5.197 10.069 4.182 5.127 9.292 9.791 1.963 12.687 6.268 12.852 5.032 11.196 4.305 10.020 4.070 2.506 5.764 7.415 5.557 12.086 12.387 3.333 4.756 2.751 11.929 5.987 5.797 2.545 8.011 12.192 5.172 5.086 5.924 3.818 5.296 7.548 1.566 12.814 4.828 6.612 6.834 8.443 3.470 8.884 11.684 7.708 5.239 11.991 11.930 8.251 1.436 1.406 10.748 2.847 10.142 4.555 8.719 5.788 8.445 11.453 15.090 4.964 9.881 2.043 12.290 5.855 4.214 12.002 7.799 11.228 4.798 11.041 1.059 4.007 7.027 6.349 8.048 8.686 3.304 5.597 8.271 4.218 5.288 2.989 9.990 10.598 2.498 11.749 3.531 4.590 10.943 11.796 8.880 4.638 14.842 3.409 10.927 3.486 13.648 12.584 14.646 9.298 6.555 8.761 9.361 5.273 10.256 11.549 10.957 9.713 11.151 13.425 
6.593 12.025 1.155 0.518 3.963 7.061 4.559 6.582 3.586 8.029 1.779 5.067 7.045 10.921 4.675 9.709 6.027 10.035 6.118 7.589 6.962 5.702 3.267 6.718 3.150 3.761 7.834 9.648 8.591 5.941 7.187 2.831 10.818 2.350 7.452 5.734 3.697 8.694 8.732 6.267 6.090 5.213 4.440 4.595 3.516 10.862 2.845 3.572 3.759 11.486 7.192 11.695 8.014 5.588 1.861 10.576 8.642 9.337 5.585 4.710 6.780 2.647 7.159 0.344 11.520 7.769 11.250 9.783 13.413 6.931 6.797 2.288 9.439 1.547 0.298 8.543 4.825 9.575 4.923 6.733 4.293 7.501 5.222 7.304 3.821 4.449 4.200 2.195 4.186 7.470 6.944 1.854 8.414 7.254 6.786 7.496 7.426 2.430 7.215 11.247 9.361 6.178 13.152 5.074 8.067 4.456 11.011 9.358 13.045 5.307 9.594 4.470 9.056 8.847 10.764 8.505 6.987 5.396 9.330 12.108 
6.986 9.464 3.738 2.345 5.945 4.853 4.202 6.762 1.977 5.328 4.527 3.873 4.325 9.444 7.010 7.009 4.401 7.304 5.328 5.183 6.971 5.223 6.025 7.981 5.642 5.436 7.431 6.889 6.367 6.166 7.002 5.441 8.296 0.613 6.713 6.377 3.392 6.212 9.134 8.988 4.711 4.937 2.946 1.837 5.799 8.136 5.544 0.815 5.918 11.236 7.913 11.255 5.664 2.974 4.293 7.968 6.041 7.975 6.913 5.766 4.810 5.275 4.436 2.433 11.084 7.183 10.836 7.127 10.709 6.499 4.096 4.356 6.710 2.325 2.566 6.035 2.070 6.928 7.680 6.344 5.518 7.999 2.807 6.152 4.402 4.845 4.127 4.509 5.097 7.792 6.309 4.459 5.824 4.666 8.181 6.224 8.265 5.144 4.921 8.916 7.648 5.663 10.448 7.683 5.330 7.128 8.262 6.737 10.358 3.434 9.494 4.572 6.957 9.249 8.956 5.812 5.015 4.871 6.649 9.497 
8.379 17.036 4.418 5.757 4.237 12.129 8.135 8.705 8.456 13.269 3.638 9.267 12.315 14.576 3.103 15.038 10.414 15.376 9.649 12.767 9.222 9.526 2.088 6.820 3.549 5.563 10.464 14.975 13.613 8.230 9.666 2.900 15.800 7.687 10.614 7.464 8.009 13.900 9.870 1.129 10.238 8.440 9.029 9.932 3.497 16.116 2.904 8.902 4.451 13.249 8.198 13.744 13.145 10.789 4.364 15.670 13.923 12.996 6.115 6.300 11.704 3.003 12.500 5.680 13.584 10.665 13.313 14.948 18.620 9.816 12.133 4.481 14.780 6.407 5.531 13.768 10.165 14.732 0.458 10.214 5.875 8.807 10.305 10.994 7.224 7.750 7.639 4.439 6.957 9.084 10.086 3.752 13.523 12.541 6.560 11.776 8.126 3.178 12.333 15.980 13.448 9.373 18.361 1.696 13.410 1.438 16.354 14.647 18.227 10.288 11.404 8.093 13.611 9.958 14.865 13.833 11.898 9.344 14.533 17.188 
2.624 13.473 5.016 5.855 2.296 12.212 4.236 3.104 6.203 10.818 5.871 5.621 10.147 9.320 3.000 13.694 6.656 13.795 5.049 12.464 3.597 11.649 5.624 0.818 7.416 9.107 4.873 12.908 13.711 2.920 4.105 4.368 12.266 7.419 5.411 1.997 9.626 13.402 3.771 5.993 6.197 3.979 6.048 8.715 3.135 13.438 6.462 7.858 8.500 7.164 2.120 7.697 12.967 8.610 6.934 12.440 13.066 7.890 0.472 1.681 12.162 4.485 11.214 6.168 7.543 5.234 7.277 12.015 15.556 4.542 10.994 3.715 13.258 7.472 5.825 13.201 8.959 11.791 6.076 12.688 1.848 2.762 7.881 6.225 9.724 10.361 3.892 7.290 9.962 3.120 4.977 4.683 10.577 11.782 0.837 13.298 2.028 6.250 12.259 11.922 8.736 4.509 15.319 4.436 11.933 4.741 14.508 13.685 15.092 10.739 5.362 10.419 9.505 3.858 10.023 12.605 12.369 11.335 11.779 13.793 
