30 30 80
146.218 42.166 158.572 84.894 55.230 31.924 85.663 148.965 85.147 37.707 170.767 141.745 146.553 129.249 57.723 173.223 133.338 178.522 120.570 137.912 34.536 29.958 172.091 110.430 187.308 186.885 48.287 80.734 175.357 28.760 
64.527 110.886 96.541 124.186 14.261 68.704 186.413 20.184 120.718 195.761 162.740 186.973 94.683 117.162 82.140 152.912 121.898 43.841 93.913 51.072 56.327 56.448 159.234 187.112 112.532 189.159 17.459 152.600 144.380 135.667 
5.511 7.634 24.668 28.102 16.716 31.149 22.091 20.989 34.264 26.136 11.113 16.992 25.215 22.755 12.206 19.900 14.533 34.286 13.068 20.411 7.003 18.122 33.403 10.061 32.609 23.442 23.122 13.858 21.717 10.214 22.101 28.651 6.054 14.582 5.606 27.467 14.587 27.383 12.001 28.581 26.483 28.400 34.899 26.591 26.560 18.846 32.593 6.899 9.600 24.775 7.390 17.859 20.269 23.033 13.533 10.570 9.259 30.609 32.789 6.367 26.644 12.432 13.926 25.442 30.880 31.623 20.161 12.265 8.133 20.380 25.501 27.626 34.659 31.911 25.914 26.570 23.502 13.814 20.738 32.470 
830.649 1006.473 977.545 1037.799 385.858 862.005 1396.662 443.720 1091.985 1290.910 1292.221 1350.337 925.420 1095.505 910.001 1215.144 1111.432 609.860 939.077 752.106 821.870 720.825 1215.120 1397.146 1082.953 1322.804 463.187 1202.060 1210.464 1139.125 
9.389 8.201 6.517 4.785 6.032 3.809 1.923 8.150 7.614 7.965 6.075 1.227 8.093 3.603 8.587 7.772 6.788 7.614 11.244 5.603 8.149 6.998 5.168 4.099 10.734 4.162 11.756 6.473 6.228 1.962 
9.325 9.608 4.447 7.023 3.822 10.588 9.736 7.520 9.412 3.246 12.747 9.289 5.311 7.475 10.040 5.879 9.117 13.286 3.825 4.827 8.637 7.773 6.614 9.773 14.464 8.252 4.557 8.951 6.359 10.121 
13.827 14.031 8.873 7.444 4.768 13.962 11.737 12.014 8.304 2.817 16.264 11.996 9.815 11.254 8.515 4.414 13.407 13.344 1.739 5.430 7.071 6.817 6.872 13.424 13.234 8.926 1.515 8.418 10.722 12.380 
13.880 13.291 9.159 1.811 3.347 10.380 6.598 12.159 2.303 4.344 12.655 7.712 10.791 9.005 3.015 2.018 12.129 6.935 7.745 2.450 1.843 0.696 1.438 10.454 7.375 3.010 7.861 2.033 10.236 7.434 
3.235 2.184 3.587 9.679 8.702 4.949 7.963 2.382 12.879 9.933 6.140 6.146 3.855 2.559 13.826 11.338 1.175 13.776 11.776 9.028 12.947 11.740 9.768 3.606 16.743 9.760 12.503 11.849 1.660 7.579 
6.137 5.373 2.862 6.505 5.661 4.767 5.657 4.626 9.710 7.123 6.861 4.284 4.365 1.599 10.649 8.224 4.231 11.099 9.559 5.882 9.752 8.545 6.576 3.884 13.770 6.706 10.222 8.704 2.622 5.576 
11.411 9.699 11.738 11.749 13.310 4.435 6.973 11.328 13.929 15.220 2.956 6.065 12.681 7.759 14.820 14.983 8.558 11.170 18.340 12.889 14.823 13.813 12.230 5.571 15.107 10.660 18.909 12.815 10.302 6.116 
7.578 7.012 3.250 5.056 3.910 6.000 5.492 5.902 8.240 5.426 8.248 4.683 4.964 3.229 9.150 6.486 5.951 10.305 8.109 4.162 8.154 6.962 5.035 5.363 12.602 5.537 8.729 7.308 3.936 5.687 
4.083 2.892 3.763 9.041 8.305 4.165 7.119 3.191 12.225 9.663 5.544 5.289 4.367 1.748 13.182 10.889 1.589 12.954 11.745 8.547 12.357 11.146 9.165 2.840 15.976 9.038 12.453 11.173 2.006 6.722 
1.939 2.113 3.211 10.690 9.166 6.827 9.604 0.506 13.887 10.076 7.918 7.873 2.606 4.206 14.802 11.861 2.383 15.298 11.353 9.673 13.789 12.606 10.688 5.484 18.055 10.986 12.108 12.927 1.717 9.299 
12.635 12.192 7.765 2.245 1.741 10.014 6.837 10.867 3.947 2.808 12.342 7.555 9.343 8.164 4.612 1.437 11.127 8.309 6.349 1.028 3.290 2.314 1.670 9.879 9.015 3.726 6.564 3.574 9.013 7.588 
10.920 9.328 9.782 8.374 10.182 3.065 3.568 10.292 10.523 12.129 3.787 3.012 11.061 5.894 11.423 11.664 7.935 8.189 15.424 9.664 11.410 10.408 8.872 4.388 12.039 7.250 15.938 9.405 8.783 2.726 
6.185 6.572 1.601 8.269 5.710 8.804 9.372 4.391 11.199 6.015 10.695 8.321 2.179 5.477 11.986 8.286 6.276 14.073 6.851 6.522 10.725 9.668 8.041 7.730 15.988 9.120 7.607 10.475 3.503 9.485 
12.065 11.804 7.053 3.516 1.053 10.392 7.738 10.253 5.287 1.414 12.729 8.162 8.516 8.140 5.868 1.804 10.864 9.703 5.004 1.410 4.458 3.639 2.968 10.075 10.380 4.979 5.283 4.983 8.520 8.414 
11.312 11.167 6.257 4.300 1.125 10.309 8.108 9.486 6.320 0.901 12.629 8.288 7.638 7.794 6.916 2.792 10.317 10.575 4.354 2.030 5.507 4.674 3.795 9.860 11.405 5.708 4.755 5.961 7.845 8.711 
8.169 6.460 8.806 10.649 11.460 2.088 6.442 8.102 13.351 13.246 0.330 4.789 9.582 4.979 14.309 13.539 5.310 11.866 16.044 11.256 13.990 12.856 11.029 2.669 15.607 9.895 16.676 12.201 7.214 5.596 
15.778 14.931 11.441 3.284 6.172 10.843 6.356 14.181 1.096 7.322 12.909 8.029 13.140 10.362 1.728 4.850 13.627 4.274 10.676 5.183 2.453 2.445 3.490 11.276 4.494 3.049 10.737 1.056 12.183 7.232 
11.443 11.231 6.411 3.852 0.763 10.113 7.753 9.625 5.894 1.199 12.442 8.011 7.850 7.707 6.511 2.485 10.332 10.122 4.757 1.590 5.118 4.250 3.343 9.718 10.971 5.268 5.126 5.513 7.928 8.378 
9.406 7.840 8.310 7.960 9.317 1.611 3.479 8.745 10.472 11.223 3.095 2.102 9.542 4.375 11.416 11.077 6.429 8.931 14.371 8.924 11.204 10.115 8.399 2.878 12.625 7.050 14.927 9.326 7.247 2.616 
7.437 6.656 3.706 5.209 4.666 5.000 4.744 5.894 8.412 6.317 7.267 3.736 5.360 2.439 9.356 7.108 5.460 9.922 9.108 4.744 8.488 7.277 5.300 4.428 12.490 5.416 9.719 7.402 3.883 4.835 
15.713 14.481 12.404 5.625 8.865 9.019 4.578 14.440 5.418 10.537 10.575 6.521 14.092 9.925 5.974 8.597 13.046 1.352 14.122 7.891 6.738 6.342 6.159 9.911 5.164 4.236 14.337 4.733 12.476 5.189 
10.546 8.956 9.440 8.294 9.997 2.693 3.530 9.918 10.536 11.936 3.533 2.775 10.704 5.535 11.449 11.549 7.561 8.389 15.196 9.508 11.388 10.362 8.779 4.014 12.209 7.218 15.722 9.409 8.419 2.663 
9.554 9.040 4.890 3.294 2.057 7.355 5.435 7.829 6.375 3.871 9.684 5.354 6.573 5.080 7.246 4.486 7.969 9.175 7.088 2.139 6.172 4.999 3.150 6.986 11.004 4.151 7.596 5.540 5.912 5.921 
0.919 2.299 5.929 13.518 11.992 8.559 12.049 2.700 16.720 12.805 8.967 10.196 4.812 6.658 17.641 14.688 3.706 17.875 13.734 12.520 16.638 15.454 13.530 7.252 20.788 13.750 14.497 15.743 4.561 11.627 
12.425 12.359 7.359 4.953 2.218 11.564 9.158 10.593 6.362 0.477 13.889 9.473 8.633 9.070 6.797 2.451 11.550 11.058 3.588 2.855 5.330 4.744 4.394 11.134 11.450 6.426 3.829 6.232 9.027 9.809 
14.200 12.837 11.485 6.188 9.124 7.018 3.094 13.104 7.039 10.986 8.380 4.833 13.096 8.463 7.768 9.519 11.387 3.559 14.582 8.259 8.231 7.554 6.765 8.049 7.460 4.711 14.907 6.109 11.226 3.403 
9.254 8.248 5.796 3.972 4.843 4.742 2.759 7.841 7.019 6.765 7.066 2.416 7.454 3.633 7.992 6.713 6.905 7.868 10.036 4.473 7.383 6.193 4.267 4.754 10.639 3.697 10.547 5.915 5.848 3.055 
12.045 11.369 7.519 0.698 2.627 8.431 4.983 10.374 3.770 4.364 10.729 5.836 9.208 7.015 4.677 3.198 10.171 6.964 7.970 1.658 3.779 2.567 0.583 8.458 8.403 2.020 8.268 2.905 8.408 5.753 
13.933 14.214 9.047 8.069 5.312 14.397 12.302 12.135 8.953 3.353 16.685 12.501 9.889 11.613 9.154 5.066 13.649 13.994 1.304 6.019 7.714 7.469 7.499 13.814 13.872 9.550 0.895 9.069 10.930 12.927 
12.310 11.480 8.077 0.817 3.788 7.891 4.015 10.725 3.633 5.561 10.126 5.160 9.792 6.952 4.605 4.216 10.199 5.896 9.167 2.847 4.065 2.928 1.368 8.099 7.732 0.856 9.464 2.553 8.723 4.842 
0.662 9.205 3.476 13.346 12.044 0.522 3.556 0.818 6.101 5.416 11.137 5.470 18.610 9.840 5.937 12.408 13.452 14.833 4.368 7.892 10.367 15.100 12.892 14.271 18.762 9.909 12.214 8.550 11.698 4.658 11.473 12.940 1.751 11.718 11.737 11.982 13.217 7.524 16.749 13.078 14.438 9.996 10.459 18.043 11.063 10.498 6.542 10.578 9.137 12.683 2.164 8.980 16.634 11.484 9.043 16.203 4.868 7.702 8.530 13.641 9.844 13.230 13.356 8.974 1.859 5.100 10.980 14.525 11.543 18.448 11.629 12.945 13.449 15.449 13.285 14.119 7.195 12.765 14.962 6.939 
1.909 7.518 2.577 11.712 10.583 1.864 1.846 1.251 4.509 3.855 10.191 5.085 17.685 9.931 6.181 11.927 12.853 13.476 4.485 6.970 10.636 14.093 11.419 14.078 17.845 8.394 11.651 6.912 11.308 3.225 10.876 11.865 1.060 10.817 10.117 12.135 11.515 6.357 15.760 12.408 12.982 8.405 10.430 16.984 9.365 10.246 7.097 9.334 7.908 11.087 3.090 9.271 15.914 9.877 8.790 14.941 4.739 5.992 8.095 12.130 9.482 13.087 12.178 8.218 1.615 5.085 9.367 13.373 10.863 17.375 10.939 11.367 11.795 14.283 11.929 12.492 6.857 12.051 13.495 7.502 
5.729 9.223 3.182 12.303 9.974 4.564 6.023 4.475 6.069 5.506 7.269 1.483 14.366 4.804 1.062 7.583 8.757 12.048 0.703 4.456 5.470 11.153 10.801 9.219 14.495 8.417 7.503 8.170 6.792 4.633 6.843 9.294 4.108 7.689 10.726 6.988 13.052 5.022 12.698 8.505 12.138 8.976 5.393 14.126 11.023 5.500 2.348 7.731 6.465 11.386 3.152 4.112 12.050 10.395 4.075 12.977 0.734 8.474 3.816 11.703 4.957 8.169 10.002 4.867 3.582 0.341 9.996 11.014 7.049 14.560 7.151 11.493 12.587 11.937 10.608 12.949 2.463 8.278 12.686 2.704 
13.214 9.969 9.299 9.860 6.740 12.188 11.500 11.822 9.082 9.192 2.243 7.201 6.216 5.893 7.945 1.945 1.431 6.408 8.690 4.958 6.926 3.419 7.077 4.754 6.341 7.323 1.345 9.015 2.632 9.122 1.469 2.882 11.043 1.609 9.025 6.395 11.815 5.998 4.698 0.729 7.434 8.275 5.107 6.203 10.767 3.805 8.771 4.636 5.178 8.872 11.144 7.101 4.052 8.729 4.528 6.233 7.979 10.685 4.358 7.866 3.592 4.635 3.941 3.648 10.758 7.943 8.726 4.183 1.112 6.648 1.008 8.651 10.351 4.866 5.776 10.049 5.695 0.248 7.841 8.721 
11.753 11.133 8.264 12.140 9.045 10.619 10.942 10.411 9.262 9.118 4.315 5.709 9.029 2.664 5.570 1.697 3.049 9.446 6.790 4.933 3.650 6.679 9.585 3.355 9.118 8.883 2.003 10.041 0.774 8.716 1.933 5.894 9.810 4.106 10.998 3.307 13.805 6.307 7.816 3.155 10.271 9.808 1.835 9.335 12.360 0.680 6.024 6.531 6.337 11.112 9.283 3.951 6.299 10.664 2.060 9.478 6.229 11.359 2.732 10.468 1.319 2.519 6.944 3.545 9.393 6.028 10.518 7.397 2.501 9.777 2.595 10.985 12.591 8.128 8.542 12.484 3.936 3.225 10.736 5.882 
8.169 1.935 4.998 5.501 4.550 7.785 4.751 7.125 1.761 2.453 6.373 5.967 13.126 10.190 8.185 9.655 9.962 7.654 7.117 4.505 11.341 9.467 5.327 12.560 13.309 2.294 9.105 0.848 9.502 3.316 8.352 7.204 6.207 7.056 3.880 12.161 5.777 3.125 11.081 9.305 6.899 2.142 10.151 11.996 3.702 9.204 9.605 4.339 3.414 4.825 8.016 10.360 12.219 3.622 8.172 9.362 6.593 2.095 7.063 5.941 8.242 11.892 7.068 5.852 6.422 6.997 3.120 8.263 8.013 12.319 8.028 5.105 5.645 9.060 6.175 6.264 6.751 8.835 7.378 9.907 
11.678 5.488 7.756 5.160 2.048 10.945 8.863 10.382 5.849 6.285 2.760 6.977 8.493 8.890 8.817 6.476 6.253 3.695 8.615 3.972 10.113 4.854 2.658 9.476 8.678 2.721 5.825 4.748 6.735 6.702 5.287 2.657 9.450 3.245 4.199 10.269 7.000 3.717 6.446 5.543 3.753 3.615 8.443 7.378 5.993 7.145 10.120 0.690 2.084 4.139 10.521 9.645 7.840 3.901 6.823 5.026 7.869 6.616 5.875 3.582 6.340 9.134 2.435 4.163 9.414 8.094 3.919 3.641 4.758 7.717 4.714 3.990 5.627 4.482 2.195 5.489 6.515 5.068 4.296 10.267 
2.495 8.941 2.387 12.803 11.125 1.330 3.959 1.345 5.639 4.931 9.644 3.760 17.053 8.009 4.113 10.653 11.738 13.721 2.539 6.441 8.561 13.621 11.982 12.446 17.198 9.129 10.491 8.111 9.918 4.017 9.770 11.535 1.512 10.186 11.174 10.159 12.987 6.317 15.247 11.399 13.481 9.382 8.626 16.589 10.834 8.690 4.812 9.378 7.950 12.039 0.754 7.175 14.963 10.887 7.240 14.961 3.078 7.667 6.784 12.794 8.064 11.401 12.046 7.381 1.015 3.280 10.407 13.178 9.878 17.006 9.969 12.253 12.972 14.110 12.189 13.544 5.430 11.109 14.020 5.216 
16.418 12.499 12.502 11.424 8.539 15.385 14.641 15.026 12.084 12.261 5.095 10.383 3.425 8.246 10.946 3.946 2.604 6.958 11.828 8.126 9.026 2.866 8.578 5.057 3.496 9.742 3.811 11.665 4.868 12.261 4.422 4.414 14.248 4.406 10.980 7.958 13.602 9.066 2.809 2.760 8.338 10.648 7.353 4.169 12.961 6.305 11.606 7.102 8.009 10.551 14.305 9.573 0.866 10.739 7.397 5.881 11.135 13.452 7.449 9.144 6.439 5.609 5.112 6.852 13.962 11.070 10.865 4.508 4.264 4.569 4.174 10.235 11.934 4.600 7.042 11.402 8.812 3.036 8.577 11.496 
12.612 12.994 9.485 14.099 11.000 11.445 12.291 11.342 10.919 10.700 6.251 6.853 9.978 2.249 6.078 3.013 4.216 11.271 7.583 6.705 2.565 8.177 11.528 2.480 10.035 10.816 3.576 11.888 2.329 10.192 3.779 7.708 10.865 5.987 12.952 1.482 15.756 8.089 9.081 4.586 12.164 11.732 1.492 10.578 14.278 2.004 6.072 8.491 8.256 13.071 9.961 3.518 7.038 12.617 3.235 11.141 7.170 13.113 4.243 12.403 2.965 1.388 8.771 5.401 10.388 6.873 12.462 9.104 4.353 11.008 4.434 12.942 14.551 9.760 10.444 14.438 5.140 4.805 12.616 5.814 
8.591 1.255 6.341 5.499 5.855 8.522 4.933 7.850 3.066 3.673 8.616 7.914 15.003 12.425 10.087 11.981 12.244 8.977 8.805 6.821 13.547 11.409 6.453 14.896 15.190 3.878 11.423 1.851 11.839 4.612 10.677 9.217 7.047 9.286 4.165 14.443 4.811 5.437 12.958 11.574 7.921 3.148 12.434 13.722 2.715 11.523 11.476 6.414 5.687 5.226 9.159 12.498 14.348 4.082 10.449 10.820 8.403 0.757 9.348 6.790 10.562 14.228 8.912 8.187 7.418 8.834 3.610 10.050 10.324 14.005 10.334 5.619 5.428 10.757 7.655 6.293 8.924 11.099 8.308 11.809 
9.819 4.073 5.985 5.333 2.855 9.148 6.912 8.559 3.896 4.334 3.660 5.662 10.355 8.630 7.724 7.188 7.311 5.468 7.213 2.978 9.849 6.681 3.703 10.180 10.535 1.639 6.587 3.122 7.200 4.794 5.893 4.402 7.617 4.320 3.913 10.334 6.638 2.137 8.316 6.628 5.159 2.553 8.373 9.312 5.107 7.219 9.111 1.537 0.934 4.345 8.875 9.134 9.414 3.566 6.511 6.947 6.509 4.883 5.429 4.577 6.297 9.644 4.368 3.844 7.631 6.805 3.323 5.582 5.473 9.660 5.467 4.392 5.698 6.435 3.920 5.895 5.661 6.150 5.701 9.322 
4.703 10.190 3.583 13.603 11.459 3.547 6.036 3.703 6.895 6.243 8.980 3.044 16.069 5.954 2.106 9.186 10.400 13.673 1.401 6.081 6.348 12.871 12.301 10.581 16.196 9.748 9.150 9.210 8.359 5.299 8.515 10.998 3.711 9.406 11.994 8.012 14.148 6.470 14.413 10.179 13.689 10.208 6.676 15.844 12.051 7.002 2.474 9.325 8.001 12.730 1.914 4.966 13.707 11.675 5.637 14.658 2.147 9.197 5.502 13.184 6.560 9.504 11.684 6.580 3.139 1.990 11.242 12.714 8.745 16.278 8.848 12.872 13.848 13.639 12.207 14.285 4.167 9.969 14.237 2.873 
6.295 5.247 2.336 8.436 6.483 5.524 4.078 4.971 2.340 2.046 5.593 2.646 13.069 7.253 4.859 7.848 8.562 9.087 3.844 2.468 8.319 9.460 7.339 10.432 13.232 4.602 7.449 4.176 7.419 1.707 6.650 7.231 4.050 6.241 6.825 9.372 9.059 1.739 11.129 8.034 8.826 5.041 7.395 12.350 7.026 6.718 6.277 4.791 3.349 7.578 5.214 7.214 11.441 6.507 5.436 10.414 3.273 4.721 4.420 8.173 5.794 9.588 7.579 3.883 3.993 3.670 6.075 8.761 6.519 12.742 6.577 7.741 8.680 9.680 7.547 9.126 3.703 7.633 9.366 6.583 
17.343 13.440 13.446 12.225 9.404 16.300 15.610 15.953 13.059 13.235 6.070 11.286 3.025 8.882 11.761 4.670 3.381 7.629 12.702 9.087 9.576 3.562 9.395 5.263 3.046 10.679 4.627 12.620 5.576 13.230 5.290 5.323 15.185 5.382 11.849 8.381 14.431 10.039 3.050 3.647 9.051 11.576 7.978 4.172 13.857 7.021 12.357 8.055 8.981 11.379 15.189 10.223 0.125 11.618 8.192 6.377 12.021 14.416 8.315 9.915 7.240 5.967 5.953 7.794 14.889 11.940 11.762 5.235 5.179 4.518 5.094 11.049 12.734 5.190 7.846 12.163 9.684 3.964 9.250 12.226 
14.448 13.026 10.906 13.258 10.130 13.315 13.510 13.103 11.583 11.527 5.450 8.387 7.324 4.768 8.207 1.798 2.129 9.672 9.483 7.207 5.294 6.045 10.484 1.359 7.367 10.514 2.393 11.995 2.150 11.221 3.103 6.245 12.487 4.930 12.365 4.034 15.173 8.509 6.649 2.774 10.792 11.468 3.871 8.094 14.005 3.319 8.499 7.894 8.137 12.262 11.969 6.110 4.343 12.057 4.755 9.165 8.925 13.501 5.356 11.269 3.970 1.649 7.279 5.740 12.080 8.722 12.014 7.287 3.507 8.508 3.521 12.052 13.746 7.773 9.166 13.457 6.619 3.192 11.173 8.297 
3.317 6.260 1.620 10.358 9.138 2.951 1.301 2.279 3.113 2.435 8.863 4.248 16.341 9.279 5.786 10.841 11.688 12.027 4.126 5.685 10.111 12.724 9.977 13.162 16.505 6.961 10.516 5.565 10.286 1.777 9.728 10.477 1.431 9.506 8.748 11.494 10.299 4.962 14.394 11.205 11.537 7.011 9.676 15.592 8.139 9.333 6.919 7.903 6.484 9.698 3.611 8.794 14.669 8.496 7.905 13.500 4.144 4.861 7.096 10.698 8.506 12.214 10.758 7.008 1.842 4.554 7.992 11.958 9.667 15.978 9.736 9.965 10.466 12.863 10.480 11.130 5.965 10.827 12.052 7.312 
17.512 10.674 13.526 7.889 6.050 16.706 14.774 16.181 11.738 12.195 6.288 12.249 3.994 12.176 13.632 8.106 6.944 3.034 13.902 9.276 13.224 2.937 5.553 10.208 4.171 8.147 7.605 10.262 8.907 12.598 7.713 4.248 15.266 5.974 8.186 12.593 10.168 9.478 2.665 6.528 4.433 8.757 11.404 2.215 10.338 10.089 14.695 6.462 7.889 7.349 16.088 13.337 5.611 8.093 10.599 1.135 13.138 12.144 10.092 5.593 9.740 10.513 3.647 8.689 15.173 13.253 8.446 2.531 7.211 2.310 7.101 6.933 8.357 1.604 4.252 7.546 11.220 6.360 4.361 14.718 
13.637 15.987 11.343 17.527 14.472 12.478 14.227 12.569 13.497 13.138 9.790 8.834 13.105 3.923 7.222 6.592 7.698 14.876 8.921 9.670 2.859 11.706 15.046 4.838 13.133 14.058 7.176 14.860 5.933 12.455 7.369 11.313 12.341 9.572 16.289 2.171 19.058 11.010 12.470 8.144 15.746 14.932 4.049 13.928 17.434 5.285 6.467 11.916 11.488 16.498 10.847 4.150 10.101 15.947 5.964 14.721 8.798 15.841 7.078 15.937 6.146 4.189 12.375 8.578 11.793 8.393 15.743 12.700 7.944 14.343 8.029 16.399 17.961 13.334 14.019 17.913 7.456 8.394 16.206 6.078 
12.259 10.818 8.603 11.492 8.368 11.152 11.159 10.893 9.228 9.162 3.585 6.153 8.063 3.673 6.318 0.816 2.105 8.549 7.393 4.850 4.657 5.669 8.853 3.389 8.158 8.424 0.990 9.757 0.407 8.859 1.063 4.986 10.230 3.268 10.436 4.171 13.255 6.172 6.808 2.146 9.441 9.368 2.847 8.327 11.924 1.621 6.901 5.933 5.944 10.470 9.899 4.943 5.409 10.111 2.741 8.502 6.772 11.196 3.088 9.712 1.812 2.830 6.047 3.388 9.851 6.625 10.007 6.433 1.632 8.769 1.708 10.314 11.958 7.142 7.725 11.789 4.421 2.215 9.890 6.787 
16.358 13.232 12.547 12.504 9.524 15.281 14.868 14.975 12.494 12.597 5.583 10.255 4.483 7.487 10.541 3.411 2.274 8.202 11.589 8.324 8.135 4.143 9.648 3.813 4.513 10.513 3.509 12.330 4.276 12.496 4.256 5.355 14.250 4.900 11.940 6.910 14.631 9.408 4.162 2.758 9.539 11.445 6.581 5.468 13.845 5.708 11.051 7.822 8.546 11.593 14.091 8.834 1.480 11.678 6.966 7.220 10.939 14.050 7.219 10.275 6.035 4.494 6.183 6.939 13.918 10.821 11.759 5.728 4.280 5.848 4.216 11.300 13.012 5.910 8.145 12.535 8.583 3.183 9.810 10.899 
15.169 12.137 11.341 11.654 8.607 14.101 13.656 13.784 11.301 11.394 4.437 9.075 5.073 6.609 9.452 2.351 1.090 7.610 10.439 7.113 7.378 3.737 8.807 3.638 5.143 9.446 2.343 11.208 3.261 11.284 3.064 4.468 13.051 3.767 10.986 6.340 13.724 8.208 4.242 1.550 8.859 10.389 5.713 5.699 12.831 4.706 10.038 6.748 7.393 10.711 12.937 7.942 2.267 10.710 5.878 6.882 9.776 12.901 6.057 9.497 4.931 4.042 5.395 5.728 12.725 9.674 10.759 5.148 3.068 6.119 3.004 10.443 12.158 5.507 7.357 11.744 7.425 1.989 9.181 9.911 
13.237 10.394 9.375 10.409 7.283 12.186 11.673 11.848 9.357 9.427 2.684 7.170 6.418 5.468 7.754 1.381 1.007 6.981 8.601 5.131 6.459 3.867 7.638 4.189 6.530 7.784 0.824 9.415 2.127 9.303 1.204 3.459 11.096 2.102 9.544 5.858 12.342 6.254 5.033 0.469 8.010 8.739 4.651 6.550 11.249 3.391 8.503 5.115 5.556 9.415 11.080 6.712 4.034 9.242 4.256 6.762 7.911 11.045 4.224 8.434 3.300 4.058 4.517 3.746 10.785 7.844 9.223 4.731 1.087 6.994 1.020 9.202 10.898 5.385 6.349 10.610 5.586 0.426 8.418 8.431 
6.862 3.070 3.675 6.847 5.676 6.443 3.574 5.786 0.485 1.117 6.600 4.929 13.735 9.499 7.118 9.535 10.020 8.691 5.920 4.122 10.596 10.055 6.493 12.319 13.912 3.447 9.043 2.131 9.256 1.971 8.257 7.761 4.863 7.291 5.224 11.569 7.057 2.799 11.708 9.407 8.066 3.464 9.569 12.737 4.936 8.760 8.519 4.937 3.715 6.152 6.679 9.518 12.552 4.959 7.587 10.304 5.459 2.424 6.512 7.173 7.806 11.561 7.795 5.575 5.074 5.882 4.461 9.009 7.999 13.087 8.033 6.414 6.992 9.859 7.167 7.607 5.968 8.957 8.566 8.843 
20.449 14.471 16.431 11.839 9.872 19.527 18.069 19.072 15.146 15.514 8.749 14.713 1.698 13.299 15.658 8.967 7.614 6.974 16.290 11.989 14.120 4.782 9.454 9.983 1.680 11.831 8.709 13.953 9.887 15.774 9.155 7.013 18.206 8.200 12.103 13.044 14.115 12.527 3.137 7.558 8.385 12.531 12.418 1.959 14.258 11.294 16.476 9.750 11.073 11.294 18.668 14.605 4.702 11.991 12.227 5.085 15.550 15.846 12.053 9.543 11.275 10.659 6.898 11.031 18.023 15.568 12.316 5.693 8.824 1.678 8.716 10.880 12.304 4.918 8.051 11.475 13.357 7.649 8.294 16.407 
13.421 9.080 9.421 8.530 5.452 12.467 11.332 12.036 8.662 8.883 1.735 7.632 5.776 7.162 8.723 3.425 2.737 4.927 9.225 4.963 8.257 2.385 5.705 6.188 5.931 6.345 2.807 8.215 4.058 8.967 2.715 1.415 11.195 1.121 7.820 7.839 10.565 5.716 3.948 2.057 5.968 7.274 6.434 5.354 9.681 5.089 9.701 3.666 4.555 7.568 11.585 8.292 4.315 7.544 5.553 4.850 8.478 9.990 5.123 6.454 4.689 6.114 2.464 3.950 10.978 8.517 7.600 2.762 2.179 5.788 2.072 7.317 9.029 3.527 4.338 8.669 6.351 1.658 6.366 9.701 
14.399 16.582 12.067 17.991 14.911 13.240 14.952 13.326 14.157 13.814 10.183 9.539 13.055 4.567 7.969 6.836 7.856 15.174 9.667 10.252 3.567 11.867 15.457 4.771 13.071 14.587 7.447 15.458 6.252 13.149 7.713 11.616 13.089 9.921 16.790 2.616 19.574 11.607 12.537 8.351 16.096 15.475 4.593 13.968 17.992 5.753 7.230 12.375 12.015 16.961 11.609 4.887 10.054 16.450 6.550 14.928 9.528 16.484 7.664 16.336 6.653 4.279 12.681 9.108 12.543 9.128 16.263 12.940 8.286 14.374 8.364 16.847 18.433 13.535 14.379 18.352 8.118 8.636 16.544 6.841 
15.432 11.354 11.483 10.395 7.455 14.423 13.553 14.040 10.956 11.148 3.973 9.454 3.983 7.789 10.177 3.469 2.147 6.099 10.950 7.069 8.684 2.117 7.540 5.268 4.099 8.600 3.162 10.516 4.374 11.176 3.631 3.300 13.241 3.290 9.887 7.810 12.544 7.959 2.730 2.010 7.418 9.510 6.928 4.238 11.844 5.755 10.939 5.953 6.867 9.498 13.402 9.077 1.999 9.638 6.692 5.261 10.238 12.303 6.609 8.153 5.736 5.607 4.070 5.852 12.976 10.203 9.749 3.623 3.368 4.675 3.266 9.196 10.904 3.898 6.027 10.413 7.954 2.143 7.699 10.862 
4.281 7.813 1.287 11.325 9.374 3.216 4.083 2.907 4.517 3.871 7.634 1.833 15.047 6.607 3.002 8.776 9.808 11.832 1.367 4.443 7.368 11.612 10.228 10.774 15.193 7.518 8.571 6.845 8.091 2.934 7.830 9.537 2.310 8.176 9.703 8.817 11.785 4.443 13.236 9.439 11.685 7.907 7.093 14.580 9.679 6.954 4.180 7.467 6.060 10.487 2.390 6.030 12.999 9.393 5.493 13.007 1.409 6.839 4.899 11.078 6.242 9.767 10.073 5.378 1.872 1.789 8.944 11.191 7.908 14.998 7.996 10.658 11.547 12.124 10.316 12.029 3.589 9.134 12.229 4.565 
11.248 4.613 7.415 4.541 1.606 10.582 8.272 9.993 5.208 5.703 3.504 6.939 9.313 9.343 8.907 7.223 7.078 4.040 8.535 4.050 10.570 5.699 2.396 10.236 9.499 1.846 6.580 3.907 7.416 6.213 5.995 3.534 9.051 4.047 3.425 10.844 6.243 3.489 7.265 6.369 3.764 2.733 8.963 8.131 5.134 7.706 10.258 1.087 1.949 3.512 10.285 10.003 8.721 3.109 7.240 5.579 7.811 5.790 6.228 3.314 6.852 9.841 3.224 4.532 9.064 8.077 3.078 4.402 5.490 8.452 5.456 3.435 4.980 5.194 2.492 4.964 6.702 5.891 4.310 10.436 
