30 30 40
64.693 20.644 60.764 52.365 49.369 61.787 43.446 75.164 23.078 19.803 67.792 19.310 110.836 84.288 26.986 45.872 28.353 88.672 72.440 36.231 25.151 57.347 77.550 70.756 39.068 58.801 32.712 73.149 26.785 97.938 
48.401 47.088 50.484 16.757 69.600 72.337 106.862 66.709 28.872 25.727 43.563 91.290 89.352 14.696 101.537 90.779 12.760 21.488 73.406 70.091 94.343 6.842 33.928 9.401 89.276 37.968 50.600 36.090 31.127 79.781 
34.950 15.048 20.298 22.529 6.652 17.188 31.289 23.312 18.073 22.636 10.799 6.134 27.393 10.914 32.067 15.525 30.041 5.734 17.820 15.322 8.606 19.275 30.476 14.045 27.084 34.030 30.517 25.290 22.357 9.784 24.511 26.342 8.355 22.229 9.825 23.464 24.950 28.478 16.348 15.885 
943.177 944.445 879.088 558.621 1036.912 1171.085 1314.313 1007.558 710.223 726.200 918.303 1283.351 1242.887 553.368 1280.066 1256.584 498.196 605.141 1165.827 1136.594 1277.394 392.165 781.165 490.371 1215.440 900.660 884.749 824.762 824.255 1163.692 
9.129 6.239 1.360 4.184 2.696 8.468 13.786 3.814 7.369 10.771 10.404 0.505 13.376 13.699 7.482 3.041 6.265 6.520 9.798 13.546 2.324 3.462 4.205 6.662 2.884 7.927 4.674 4.905 6.786 3.720 
5.157 3.689 11.166 10.627 8.270 1.438 4.098 8.592 2.884 2.143 2.055 10.123 4.208 3.875 5.010 9.023 8.249 4.379 5.176 4.043 7.701 9.995 5.672 4.595 9.731 9.111 9.797 5.593 3.173 6.156 
3.665 7.236 13.664 14.916 10.196 6.043 4.770 12.956 5.986 3.653 7.704 13.086 3.368 5.390 10.493 13.096 13.378 9.440 10.962 7.826 11.134 14.137 8.997 9.769 13.702 14.540 14.356 7.796 6.786 9.391 
7.730 7.366 14.831 13.913 11.932 5.113 1.929 11.916 6.484 3.864 3.651 13.758 3.213 1.217 7.719 12.444 11.095 7.606 6.774 1.487 11.313 13.360 9.336 7.710 13.165 11.543 12.978 9.229 6.847 9.819 
4.328 3.687 5.756 8.270 2.290 5.566 10.131 6.776 4.054 6.944 8.337 5.428 9.373 10.252 7.474 6.486 8.458 5.988 9.464 10.975 4.261 7.425 3.122 6.347 6.855 10.137 8.177 1.679 4.000 3.094 
12.453 8.039 7.095 2.377 8.026 9.366 14.261 2.787 9.246 12.097 9.525 5.894 14.473 13.872 5.458 3.306 2.083 5.924 6.954 12.514 5.357 2.840 6.740 5.678 3.376 2.489 1.578 8.386 8.445 6.560 
4.072 5.690 12.922 13.309 9.612 3.892 2.691 11.282 4.445 1.161 5.006 12.106 1.693 3.098 8.177 11.572 11.298 7.341 8.351 5.196 9.873 12.595 7.692 7.620 12.239 12.280 12.600 6.924 5.157 8.150 
4.390 4.081 11.562 11.440 8.465 1.962 3.471 9.402 2.997 0.993 3.111 10.610 3.269 3.441 6.088 9.765 9.253 5.318 6.324 4.382 8.255 10.766 6.127 5.574 10.457 10.192 10.669 5.731 3.532 6.607 
7.138 4.628 3.003 5.545 0.849 6.882 12.081 4.444 5.632 8.988 9.139 2.459 11.571 12.053 6.871 3.921 6.620 5.628 9.154 12.173 1.963 4.717 2.753 5.869 4.118 8.356 5.687 3.003 5.151 2.310 
12.549 8.085 7.676 3.018 8.421 9.270 14.035 3.164 9.257 11.987 9.234 6.444 14.308 13.619 5.187 3.778 1.852 5.809 6.512 12.158 5.717 3.423 6.928 5.531 3.930 1.870 2.132 8.591 8.460 6.791 
5.863 3.440 4.335 6.334 1.183 5.670 10.791 4.878 4.351 7.677 8.088 3.706 10.251 10.786 6.308 4.554 6.724 4.923 8.500 11.037 2.333 5.489 1.851 5.224 4.922 8.441 6.259 1.674 3.936 1.560 
13.037 8.674 11.145 6.951 10.874 8.855 12.426 6.220 9.501 11.242 7.543 9.800 13.077 11.863 4.503 7.043 3.753 5.909 4.131 9.795 8.251 7.118 8.462 5.518 7.475 2.275 5.881 10.012 8.820 8.562 
12.958 8.459 9.561 5.090 9.796 9.148 13.375 4.737 9.481 11.749 8.454 8.262 13.847 12.878 4.717 5.499 2.434 5.816 5.287 11.085 7.080 5.379 7.776 5.457 5.813 0.724 4.092 9.422 8.723 7.764 
9.041 4.836 9.482 6.839 8.061 4.811 8.853 5.103 5.516 7.271 3.962 8.140 9.302 8.386 0.718 5.859 3.589 2.179 1.656 6.859 5.913 6.512 5.205 1.825 6.541 4.004 5.765 6.501 4.889 5.471 
2.705 3.147 7.349 9.354 3.871 4.481 8.597 7.649 2.982 5.419 7.370 6.889 7.769 8.769 7.334 7.515 8.957 5.844 9.050 9.735 5.322 8.517 3.587 6.231 7.987 10.537 9.091 1.938 3.238 3.778 
10.650 6.144 7.994 4.309 7.676 7.007 11.613 3.085 7.205 9.684 6.794 6.633 11.932 11.186 2.758 3.925 0.789 3.580 4.195 9.734 5.022 4.221 5.469 3.250 4.456 1.616 3.178 7.102 6.432 5.489 
15.704 11.235 12.104 7.368 12.629 11.698 15.427 7.467 12.189 14.174 10.541 10.870 16.069 14.862 7.257 8.166 5.294 8.522 7.132 12.748 9.904 7.849 10.644 8.144 8.360 3.594 6.561 12.285 11.458 10.637 
8.460 4.324 9.418 7.082 7.787 4.205 8.322 5.251 4.944 6.671 3.472 8.098 8.732 7.874 0.668 5.964 3.985 1.794 1.794 6.471 5.787 6.691 4.870 1.498 6.665 4.553 6.042 6.073 4.342 5.176 
4.158 5.561 12.842 13.151 9.556 3.710 2.607 11.121 4.329 0.977 4.762 12.007 1.729 2.968 7.962 11.424 11.101 7.148 8.112 4.989 9.753 12.444 7.576 7.422 12.096 12.066 12.430 6.854 5.023 8.038 
8.539 6.997 14.172 12.644 11.599 4.910 3.924 10.720 6.428 4.808 2.426 12.991 5.056 3.234 6.263 11.338 9.576 6.493 4.935 0.870 10.528 12.177 8.769 6.504 12.060 9.820 11.637 9.033 6.553 9.234 
2.165 6.125 12.209 13.699 8.733 5.331 5.561 11.784 4.938 3.491 7.473 11.684 4.248 6.075 9.739 11.861 12.413 8.551 10.507 8.213 9.827 12.901 7.738 8.906 12.438 13.687 13.207 6.427 5.733 8.102 
14.715 10.217 10.802 6.076 11.377 10.862 14.904 6.185 11.233 13.425 9.981 9.569 15.449 14.376 6.412 6.871 4.093 7.565 6.666 12.424 8.651 6.547 9.493 7.200 7.058 2.470 5.259 11.148 10.478 9.457 
7.867 3.396 6.373 4.688 5.060 4.837 10.034 2.656 4.591 7.563 5.787 5.055 10.048 9.755 2.460 3.171 2.990 1.694 4.779 8.982 2.766 4.083 2.541 1.707 3.894 4.545 3.892 4.160 3.790 2.624 
12.447 7.946 9.170 4.812 9.307 8.672 12.981 4.303 8.977 11.290 8.070 7.855 13.421 12.498 4.259 5.085 1.942 5.317 4.988 10.773 6.597 5.035 7.259 4.962 5.438 0.207 3.767 8.903 8.216 7.251 
5.964 3.131 10.287 9.289 7.696 1.491 5.475 7.270 2.871 3.591 1.595 9.147 5.706 5.148 3.498 7.769 6.764 2.977 3.859 4.598 6.686 8.702 4.853 3.148 8.488 7.599 8.408 5.206 2.752 5.320 
5.860 2.494 9.517 8.562 6.984 1.464 6.167 6.535 2.504 4.008 2.289 8.370 6.295 5.876 3.035 7.012 6.170 2.281 3.863 5.367 5.908 7.957 4.103 2.500 7.729 7.126 7.708 4.573 2.197 4.565 
13.231 9.408 13.683 9.975 12.704 8.756 10.885 8.845 9.850 10.563 6.503 12.314 11.826 10.228 5.412 9.684 6.504 6.876 3.532 7.755 10.357 9.988 9.902 6.529 10.236 5.434 8.855 11.188 9.356 10.147 
5.481 6.178 13.635 13.494 10.469 4.051 1.419 11.456 5.049 1.777 4.177 12.706 1.370 1.629 7.852 11.846 11.139 7.279 7.611 3.722 10.359 12.838 8.225 7.495 12.543 11.927 12.687 7.734 5.629 8.704 
11.327 7.177 4.983 0.630 6.186 8.901 14.118 1.462 8.446 11.607 9.703 3.798 14.124 13.823 5.785 1.465 2.959 5.701 7.760 12.853 3.692 0.730 5.503 5.582 1.297 4.226 0.609 7.036 7.662 5.206 
0.534 4.989 10.566 12.311 7.087 4.801 6.609 10.461 3.965 3.875 7.388 10.095 5.447 7.003 8.955 10.463 11.330 7.631 10.062 8.763 8.357 11.494 6.352 8.008 11.003 12.724 11.902 4.913 4.701 6.672 
9.146 9.353 3.114 10.460 14.960 11.409 9.127 6.130 6.207 12.698 8.942 7.450 5.264 10.497 6.405 4.259 12.380 7.810 10.956 3.079 6.501 6.884 7.873 7.967 7.665 1.640 8.228 8.141 8.949 3.185 12.529 5.500 8.557 9.687 1.789 11.337 8.860 5.852 6.506 7.647 
5.165 7.827 2.766 7.332 10.696 10.135 5.266 2.899 3.013 8.591 5.013 6.981 6.932 9.412 2.406 0.602 9.147 6.858 9.733 1.439 6.832 5.748 5.903 5.033 5.732 2.985 7.411 5.511 4.555 5.253 11.132 5.405 4.933 5.289 6.255 6.832 7.456 5.721 6.276 6.575 
10.273 14.939 6.972 13.250 13.207 17.209 10.593 4.606 4.493 12.238 10.295 14.443 14.230 16.608 8.809 8.103 14.593 14.235 16.853 8.255 14.332 13.147 2.265 11.649 12.867 8.618 14.793 12.270 5.810 12.287 18.086 5.260 10.787 8.875 11.090 7.873 2.466 13.225 13.775 3.304 
7.665 13.249 8.849 10.595 8.814 15.295 8.039 5.726 5.670 8.402 7.794 13.538 14.469 14.921 7.600 8.234 11.450 13.082 15.030 9.023 13.888 12.147 6.063 9.823 11.424 10.142 13.608 10.475 3.456 12.948 15.957 8.734 8.543 5.825 13.290 3.791 7.118 12.759 13.139 7.533 
8.712 12.421 3.510 11.438 13.036 14.729 8.954 2.047 1.961 11.489 8.656 11.552 10.933 14.023 6.529 5.165 13.063 11.468 14.334 5.020 11.255 10.356 1.370 9.413 10.320 5.168 12.019 9.966 5.237 8.923 15.703 2.345 8.909 7.867 7.650 7.931 2.841 10.194 10.792 2.076 
4.762 5.759 4.306 6.040 10.645 8.046 4.698 5.151 5.264 8.306 4.542 4.729 4.991 7.270 2.284 1.673 7.953 4.646 7.626 2.202 4.613 3.533 8.143 3.548 3.723 3.561 5.193 3.835 6.091 3.735 9.088 7.307 4.085 5.674 6.231 7.813 9.667 3.488 4.025 8.728 
8.343 4.309 8.695 7.443 13.639 5.492 8.063 10.430 10.542 11.212 8.106 2.009 1.739 4.556 7.144 6.948 8.998 2.807 5.069 6.864 0.878 3.010 13.245 5.858 4.243 7.202 2.757 5.434 11.273 3.582 6.572 11.730 7.282 9.976 7.639 12.465 14.637 1.967 1.734 13.560 
5.939 11.359 7.135 8.940 8.302 13.469 6.302 4.084 4.055 7.353 6.034 11.537 12.434 13.043 5.580 6.232 10.009 11.106 13.181 7.079 11.858 10.148 5.359 7.923 9.475 8.299 11.639 8.577 1.452 10.941 14.189 7.561 6.722 4.232 11.520 2.963 6.760 10.726 11.116 6.837 
5.674 7.278 2.784 7.391 11.437 9.559 5.696 4.004 4.114 9.210 5.484 6.110 5.711 8.768 2.889 0.789 9.280 6.108 9.135 0.697 5.787 5.001 6.821 4.939 5.246 2.254 6.644 5.295 5.786 3.982 10.608 5.792 5.207 6.157 5.323 7.937 8.282 4.719 5.323 7.291 
7.030 5.579 5.508 7.368 12.849 7.553 6.866 7.408 7.517 10.427 6.790 3.579 2.317 6.633 4.948 4.029 9.235 3.974 7.099 3.729 2.719 3.154 10.107 5.050 4.172 4.040 4.366 4.978 8.815 1.290 8.676 8.549 6.129 8.250 5.171 10.505 11.465 1.983 2.636 10.377 
3.417 3.190 7.163 3.345 8.932 5.482 3.143 7.354 7.463 6.488 3.181 3.301 5.513 4.855 2.959 4.279 5.253 2.759 5.108 5.083 4.051 1.955 10.482 1.011 1.128 6.441 3.278 0.975 6.915 5.357 6.432 10.080 2.360 5.106 8.812 7.646 12.095 3.131 3.191 11.280 
8.938 13.740 6.454 11.929 11.879 15.990 9.265 3.698 3.591 10.871 8.969 13.368 13.394 15.419 7.608 7.132 13.241 13.115 15.645 7.445 13.346 12.043 2.420 10.405 11.688 8.036 13.672 11.036 4.444 11.532 16.842 5.363 9.488 7.511 10.780 6.539 3.370 12.223 12.745 3.828 
8.896 5.557 7.937 8.413 14.445 6.887 8.656 10.014 10.123 12.001 8.653 3.189 0.404 5.947 7.277 6.631 10.083 3.945 6.459 6.308 1.833 3.817 12.654 6.537 5.096 6.349 4.017 6.220 11.302 2.515 7.974 10.885 7.876 10.375 6.365 12.775 13.956 2.416 2.568 12.830 
7.835 3.596 8.826 6.785 13.019 4.829 7.540 10.362 10.475 10.602 7.601 1.329 2.350 3.886 6.835 6.865 8.307 2.126 4.398 6.907 0.656 2.477 13.256 5.319 3.654 7.402 2.044 4.855 10.979 3.978 5.924 11.892 6.764 9.522 8.108 12.040 14.692 1.746 1.299 13.648 
1.451 6.838 6.904 4.447 6.476 8.893 1.777 5.316 5.391 4.405 1.486 7.365 9.062 8.506 2.190 4.302 5.813 6.812 8.618 5.516 7.980 5.997 8.209 3.429 5.097 7.149 7.308 4.075 3.205 8.157 9.604 8.994 2.138 1.223 10.320 3.611 9.865 6.924 7.150 9.399 
6.692 12.004 7.008 9.704 9.109 14.150 7.050 3.889 3.839 8.193 6.774 12.061 12.763 13.693 6.090 6.467 10.820 11.668 13.850 7.202 12.306 10.678 4.697 8.572 10.073 8.295 12.209 9.226 2.102 11.173 14.898 7.100 7.428 5.036 11.444 3.771 6.021 11.169 11.591 6.187 
4.359 10.086 8.453 7.158 5.849 11.999 4.732 5.768 5.781 4.963 4.530 10.742 12.290 11.716 5.199 6.689 7.924 10.179 11.771 7.783 11.331 9.373 7.691 6.755 8.455 9.264 10.666 7.381 2.174 11.146 12.583 9.544 5.351 2.461 12.560 0.569 9.170 10.253 10.512 9.134 
2.719 7.192 5.408 5.472 7.939 9.402 2.943 3.965 4.052 5.905 2.646 7.227 8.370 8.881 1.298 2.924 7.051 6.807 9.074 4.120 7.593 5.838 6.990 3.801 5.216 5.732 7.346 4.442 2.864 7.184 10.232 7.539 2.949 2.525 8.960 4.364 8.653 6.474 6.827 8.086 
0.876 5.286 8.683 2.224 5.537 7.051 0.654 7.536 7.620 3.111 0.935 6.485 8.943 6.839 3.519 5.792 3.502 5.778 6.847 6.955 7.434 5.285 10.503 2.447 4.089 8.571 6.170 2.887 5.433 8.577 7.614 11.076 1.200 2.551 11.488 4.965 12.163 6.563 6.571 11.650 
6.146 0.894 9.650 4.364 10.688 2.702 5.795 10.394 10.505 8.344 5.945 1.505 4.886 1.850 6.140 7.064 5.689 0.916 2.256 7.552 2.859 1.938 13.486 3.690 2.073 8.537 0.662 3.059 10.094 5.949 3.812 12.706 5.101 8.009 10.050 10.569 15.055 2.939 2.359 14.151 
6.670 11.281 4.822 9.608 10.405 13.539 6.972 1.701 1.636 9.029 6.672 10.924 11.129 12.958 5.148 4.794 11.034 10.656 13.190 5.295 10.952 9.589 3.124 7.967 9.225 6.201 11.212 8.592 2.583 9.373 14.406 4.997 7.121 5.472 9.271 5.219 4.726 9.821 10.324 4.508 
7.348 12.814 8.014 10.330 9.085 14.914 7.715 4.889 4.831 8.444 7.454 12.980 13.777 14.497 7.014 7.497 11.311 12.558 14.631 8.243 13.271 11.592 5.297 9.378 10.931 9.327 13.093 10.033 2.907 12.207 15.620 7.910 8.161 5.578 12.457 3.856 6.440 12.136 12.541 6.779 
5.796 9.568 3.074 8.461 10.601 11.868 6.015 0.970 1.077 8.807 5.721 8.948 8.956 11.208 3.561 2.649 10.112 8.759 11.488 3.124 8.867 7.663 4.104 6.457 7.471 4.185 9.316 7.027 3.302 7.190 12.808 4.516 5.934 5.207 7.401 5.967 5.740 7.748 8.285 5.052 
2.422 7.173 5.792 5.264 7.549 9.350 2.675 4.249 4.330 5.529 2.374 7.336 8.618 8.863 1.521 3.306 6.785 6.880 9.035 4.506 7.765 5.945 7.225 3.750 5.247 6.121 7.410 4.401 2.779 7.493 10.149 7.878 2.770 2.135 9.343 4.053 8.887 6.657 6.980 8.359 
7.376 12.724 7.488 10.382 9.489 14.863 7.737 4.365 4.301 8.718 7.464 12.781 13.443 14.412 6.810 7.126 11.452 12.391 14.566 7.814 13.015 11.399 4.699 9.290 10.796 8.840 12.932 9.944 2.811 11.820 15.603 7.310 8.132 5.678 11.937 4.191 5.873 11.877 12.306 6.184 
4.577 10.203 10.042 6.896 4.221 11.889 4.908 7.471 7.489 3.843 4.799 11.219 13.159 11.742 6.221 8.022 7.242 10.574 11.721 9.177 11.979 9.907 9.413 7.114 8.842 10.725 11.011 7.678 3.892 12.233 12.332 11.269 5.651 2.906 14.008 1.177 10.866 10.966 11.130 10.864 
6.583 12.217 8.578 9.488 7.807 14.230 6.958 5.508 5.473 7.288 6.722 12.607 13.717 13.881 6.729 7.605 10.320 12.121 13.975 8.496 13.026 11.217 6.431 8.806 10.439 9.741 12.638 9.454 2.638 12.298 14.870 8.861 7.491 4.723 12.966 2.672 7.669 11.906 12.254 7.921 
6.973 9.872 1.424 9.356 12.126 12.176 7.132 1.752 1.828 10.211 6.856 8.853 8.238 11.426 4.369 2.544 11.128 8.813 11.765 2.288 8.520 7.701 4.097 7.106 7.786 2.775 9.358 7.592 4.969 6.281 13.189 3.345 6.897 6.683 5.839 7.626 5.532 7.466 8.073 4.560 
5.131 7.392 2.924 7.107 10.796 9.696 5.194 3.439 3.552 8.624 4.960 6.464 6.390 8.953 2.325 0.064 8.958 6.367 9.287 1.190 6.288 5.255 6.408 4.736 5.308 2.825 6.917 5.174 4.986 4.745 10.710 5.739 4.787 5.451 6.022 7.153 7.940 5.181 5.744 7.024 
6.102 10.028 3.264 8.832 10.714 12.324 6.339 0.569 0.658 9.000 6.041 9.431 9.420 11.673 3.984 3.129 10.447 9.237 11.948 3.547 9.351 8.142 3.672 6.882 7.934 4.505 9.795 7.463 3.208 7.631 13.256 4.343 6.301 5.379 7.666 5.927 5.321 8.233 8.770 4.691 
