30 30 120
62.444 68.863 71.647 224.325 257.378 200.663 135.979 231.888 119.165 74.758 58.091 156.277 76.846 71.809 251.690 138.539 212.598 72.819 243.728 259.822 71.303 137.560 92.737 288.807 298.483 45.416 210.985 133.704 174.862 148.171 
249.718 241.556 223.360 183.771 237.875 28.313 63.773 135.899 162.557 66.010 82.006 229.540 82.836 116.982 267.450 236.785 90.951 67.184 210.249 139.355 78.129 236.741 140.053 128.903 139.002 151.519 167.546 259.414 85.574 88.307 
23.699 30.636 28.398 9.603 12.648 31.644 26.443 5.310 12.769 17.233 16.112 25.321 25.712 27.884 27.112 16.530 23.681 5.823 25.821 15.608 5.420 14.588 9.515 12.305 30.205 33.237 17.993 33.275 28.581 17.992 5.965 17.560 6.430 7.940 28.414 12.826 27.429 27.330 24.755 23.622 21.667 18.432 24.792 13.673 7.120 8.242 11.929 34.804 26.030 8.461 9.294 24.643 33.194 12.084 22.498 5.424 13.300 33.417 20.145 20.663 24.741 8.904 21.768 24.055 21.877 19.390 30.965 12.761 25.506 11.107 6.739 19.144 21.000 6.734 6.618 29.943 5.356 33.586 9.979 22.611 21.438 27.760 20.528 12.531 12.286 21.973 9.500 12.529 24.461 16.885 33.041 18.413 10.601 16.384 30.172 21.280 14.613 26.785 15.789 18.894 34.158 6.101 10.739 17.530 28.658 6.455 31.130 13.197 8.469 28.187 33.392 21.273 14.303 28.660 11.267 19.728 22.175 19.444 22.384 6.606 
1252.671 1116.848 1074.093 1039.293 1238.616 432.536 650.058 907.766 955.166 675.295 691.627 1200.973 740.711 858.697 1268.697 1199.287 789.921 676.046 1111.394 912.100 664.084 1140.029 928.143 893.758 930.577 947.684 1011.030 1208.518 756.150 726.004 
6.596 8.558 13.212 11.892 4.206 13.269 11.860 6.723 11.373 8.123 5.120 3.733 9.036 10.371 7.882 1.295 8.102 10.626 14.000 5.654 9.039 6.312 6.329 14.840 12.423 11.694 10.315 9.903 10.907 16.191 
13.921 5.413 2.259 6.779 12.494 11.491 12.123 7.300 3.595 9.438 8.474 9.740 10.435 14.256 9.159 12.253 7.080 10.533 11.356 8.815 12.794 9.552 10.211 10.076 1.141 5.262 12.886 7.502 4.087 7.407 
3.646 7.484 9.845 7.399 1.770 8.430 7.116 6.459 10.005 3.293 5.002 4.239 4.202 6.306 3.096 4.668 8.190 5.784 9.150 1.955 4.705 1.602 1.477 10.029 10.038 11.068 5.836 5.330 9.719 11.776 
12.658 1.563 6.737 9.349 10.459 13.613 13.482 2.987 1.992 9.510 4.664 6.056 10.859 14.464 9.110 8.415 1.876 11.700 13.824 7.228 12.785 8.578 9.269 13.240 4.248 2.083 13.401 8.780 1.434 11.857 
10.434 1.925 4.581 6.278 8.610 10.510 10.449 3.321 3.200 6.673 4.226 5.457 7.966 11.699 6.295 7.968 3.863 8.674 10.715 4.994 10.058 6.095 6.800 10.181 3.319 4.697 10.535 5.693 3.072 9.192 
10.965 1.722 4.565 6.661 9.107 10.975 10.957 3.379 2.655 7.215 4.472 5.762 8.503 12.242 6.838 8.282 3.665 9.186 11.156 5.513 10.603 6.635 7.340 10.554 2.969 4.174 11.073 6.180 2.535 9.376 
7.820 4.286 5.332 4.502 6.363 8.032 7.729 4.570 6.045 3.817 4.357 4.980 5.123 8.843 3.439 7.144 5.888 5.947 8.376 2.721 7.208 3.427 4.111 8.254 5.530 7.529 7.688 3.203 5.926 8.407 
7.864 3.286 6.671 6.420 5.866 9.691 9.141 2.875 5.744 4.892 2.437 3.172 6.276 9.692 4.481 5.523 4.431 7.390 10.115 2.391 8.001 3.740 4.425 10.130 6.062 6.851 8.731 4.980 5.456 10.272 
15.031 4.836 4.706 8.961 13.253 13.666 14.102 6.758 2.113 10.927 8.259 9.641 12.081 15.911 10.593 12.134 5.964 12.422 13.612 9.631 14.348 10.652 11.349 12.458 2.042 3.158 14.619 9.323 2.661 9.895 
2.936 8.193 10.094 7.261 1.720 7.831 6.416 7.260 10.636 2.927 5.839 5.097 3.606 5.452 2.831 5.404 8.988 5.200 8.588 2.546 3.867 1.638 1.148 9.604 10.506 11.773 5.030 5.189 10.377 11.628 
8.916 9.669 6.205 1.634 9.181 3.143 4.184 10.308 10.387 4.546 10.024 10.353 4.296 7.179 4.693 12.006 11.484 3.217 3.032 7.002 6.332 6.226 6.369 2.507 8.547 12.198 5.717 2.725 10.524 4.506 
5.482 11.451 10.048 5.486 6.854 2.724 0.935 11.334 13.052 3.601 10.396 10.119 2.231 2.782 4.010 10.886 12.892 1.416 3.608 6.650 2.404 5.236 4.858 5.322 11.818 14.664 1.364 4.494 13.018 8.809 
10.113 1.064 6.657 7.912 7.921 11.731 11.361 1.240 3.859 7.204 2.443 3.819 8.581 12.056 6.794 6.318 2.188 9.587 12.060 4.709 10.367 6.102 6.780 11.790 5.049 4.616 11.072 6.892 3.443 11.180 
4.548 14.905 14.908 10.540 7.156 7.371 5.568 14.186 17.040 7.247 12.802 11.990 6.170 2.420 7.589 11.632 15.901 6.437 8.209 9.296 3.828 7.892 7.209 10.196 16.282 18.412 3.887 9.154 16.882 13.933 
9.263 6.443 12.133 12.056 6.647 14.522 13.445 4.500 9.100 9.229 3.450 2.710 10.436 12.662 8.883 2.280 5.399 11.927 15.125 6.177 11.122 7.405 7.728 15.540 10.684 9.015 12.276 10.336 8.573 16.033 
12.568 12.559 7.405 4.702 13.048 4.970 6.808 13.565 12.544 8.426 13.553 14.044 8.016 10.139 8.583 15.835 14.484 6.650 4.166 10.820 9.719 10.114 10.256 2.144 10.235 14.405 8.797 6.511 12.824 2.577 
9.694 3.629 3.670 4.547 8.234 8.843 8.907 4.707 4.558 5.449 5.155 6.138 6.635 10.451 5.114 8.527 5.532 7.154 9.014 4.563 8.872 5.306 5.981 8.451 3.662 6.248 9.196 4.091 4.572 7.663 
11.816 2.276 4.078 6.855 10.013 11.341 11.465 4.131 2.000 7.904 5.351 6.666 9.146 12.931 7.542 9.187 4.094 9.713 11.454 6.393 11.317 7.456 8.159 10.691 2.086 3.738 11.715 6.645 2.060 9.145 
8.609 7.540 4.708 0.801 8.261 4.988 5.461 8.238 8.339 3.807 8.082 8.558 4.242 7.851 3.763 10.437 9.366 3.929 5.068 5.452 6.610 5.052 5.407 4.563 6.675 10.125 6.409 1.383 8.445 5.131 
2.266 10.723 13.397 10.515 1.832 10.238 8.501 9.364 13.390 6.085 7.707 6.505 6.320 6.214 6.080 5.359 11.053 7.799 11.085 5.512 5.275 4.966 4.463 12.429 13.597 14.269 6.585 8.461 13.054 14.846 
5.464 11.430 10.037 5.478 6.830 2.740 0.958 11.310 13.033 3.577 10.371 10.094 2.206 2.780 3.986 10.861 12.869 1.403 3.624 6.625 2.387 5.211 4.833 5.332 11.802 14.644 1.357 4.478 12.998 8.812 
13.578 2.502 7.221 10.141 11.349 14.478 14.389 3.762 2.034 10.443 5.458 6.829 11.789 15.402 10.044 9.112 2.346 12.608 14.664 8.160 13.724 9.516 10.206 14.013 4.543 1.291 14.335 9.661 1.543 12.437 
6.118 5.632 9.679 8.548 3.605 10.655 9.576 4.160 8.401 5.357 2.510 1.512 6.562 9.036 5.020 2.697 5.851 8.052 11.277 2.374 7.419 3.529 3.880 11.805 9.082 9.113 8.500 6.666 8.009 12.759 
8.478 3.422 5.167 5.110 6.831 8.858 8.595 3.852 5.230 4.665 3.894 4.729 5.985 9.681 4.279 7.058 5.072 6.813 9.172 3.151 8.033 4.102 4.803 8.944 4.940 6.673 8.545 4.008 5.085 8.770 
5.264 8.993 13.083 11.294 2.995 12.261 10.762 7.288 11.803 7.268 5.605 4.215 8.044 9.092 7.077 2.277 8.813 9.638 13.027 5.187 7.826 5.548 5.435 14.001 12.591 12.318 9.122 9.250 11.375 15.650 
4.387 9.639 13.327 11.182 2.416 11.760 10.174 8.024 12.426 6.973 6.329 4.975 7.597 8.286 6.834 3.269 9.610 9.176 12.557 5.304 7.120 5.386 5.146 13.656 13.043 13.049 8.432 9.112 12.022 15.559 
15.153 4.081 6.909 10.592 13.048 15.161 15.305 5.652 1.849 11.629 7.333 8.724 12.918 16.652 11.249 11.059 4.323 13.548 15.236 9.676 15.005 10.936 11.639 14.332 4.045 0.727 15.488 10.487 1.887 12.203 
11.529 5.693 1.153 3.864 10.467 8.582 9.211 7.165 5.300 6.832 7.801 8.809 7.688 11.465 6.608 11.183 7.635 7.653 8.483 6.915 10.076 7.304 7.895 7.347 3.123 7.162 10.062 4.693 5.585 5.444 
6.242 6.846 6.463 3.385 5.635 5.649 5.175 6.913 8.498 1.515 6.281 6.428 2.630 6.446 1.285 8.018 8.370 3.395 6.117 3.012 4.895 2.416 2.799 6.430 7.560 10.061 5.197 1.334 8.429 7.760 
11.948 5.337 0.993 4.536 10.764 9.254 9.853 6.926 4.699 7.319 7.699 8.783 8.237 12.037 7.072 11.210 7.256 8.270 9.161 7.152 10.615 7.659 8.277 8.014 2.452 6.557 10.649 5.266 5.016 5.949 
4.406 13.786 8.456 6.950 7.164 12.830 5.503 11.419 9.604 14.496 5.291 2.682 10.987 2.429 3.258 6.883 2.244 9.121 4.240 12.027 12.799 10.163 10.685 7.082 6.487 2.340 3.268 8.350 11.855 7.806 5.665 4.807 4.622 5.424 7.528 10.803 8.281 7.522 7.575 14.772 9.890 1.028 7.074 6.320 9.073 8.533 5.959 8.578 7.202 5.581 6.995 7.948 3.119 3.943 5.076 8.149 13.820 4.077 5.684 5.303 5.616 11.404 5.403 7.332 14.907 10.881 8.019 8.013 10.004 10.631 6.808 13.182 13.581 11.995 12.405 7.342 10.974 4.462 12.764 0.306 7.324 12.886 9.254 3.065 8.771 7.755 11.832 9.786 10.063 1.310 9.819 4.832 2.505 4.201 3.935 11.806 6.946 6.747 9.110 14.009 3.679 3.927 4.994 7.941 6.055 11.294 9.329 4.643 14.872 11.230 8.940 10.414 4.228 5.112 9.808 8.348 0.797 14.125 10.535 14.546 
9.453 11.671 2.665 7.926 4.047 12.328 6.681 2.181 1.826 3.545 6.747 13.363 2.744 9.972 14.144 4.385 12.744 6.550 12.120 9.216 2.297 0.967 7.982 5.848 8.651 13.371 8.008 9.462 12.731 3.590 8.014 7.401 13.220 6.888 8.295 8.554 2.883 4.036 7.455 3.699 4.089 10.089 12.262 6.460 5.232 6.438 6.744 6.102 10.985 9.270 8.620 3.267 10.316 13.846 9.619 8.784 11.951 13.014 5.697 6.919 6.814 4.909 10.487 3.947 4.296 10.026 4.770 5.004 8.300 11.466 5.359 12.803 2.574 7.326 8.531 8.487 5.958 14.674 1.887 10.816 4.460 10.834 6.698 8.502 2.826 12.093 11.718 9.099 10.804 11.069 4.121 9.806 10.745 7.548 13.769 5.510 4.771 6.337 3.862 6.207 14.291 11.632 14.096 6.819 5.618 12.252 7.610 6.491 3.976 6.680 5.281 9.382 6.946 8.143 9.389 6.137 11.889 6.218 1.042 5.164 
8.986 5.839 6.653 12.746 7.968 7.009 10.662 4.084 5.508 6.088 7.406 13.970 8.970 12.730 14.818 6.813 13.361 12.191 11.443 3.736 4.878 6.168 3.353 5.604 13.258 14.381 9.546 6.390 7.951 8.120 12.282 11.105 12.499 10.874 13.310 3.814 6.433 8.577 5.516 6.730 10.039 11.781 10.003 6.356 10.902 4.268 11.041 11.584 8.574 13.481 13.421 6.392 13.406 13.742 13.602 13.965 6.159 12.565 7.441 7.375 7.060 1.578 9.178 6.536 5.393 5.321 4.838 10.213 4.166 7.089 9.884 7.431 5.997 1.677 2.743 13.422 1.738 14.604 7.444 12.441 9.052 5.200 12.370 11.284 8.011 9.428 6.749 5.067 6.667 13.265 3.255 13.674 13.526 10.838 13.640 0.968 9.156 5.932 9.513 1.648 14.643 11.104 13.401 12.052 6.891 7.657 13.241 8.736 6.064 1.805 10.903 4.925 9.640 7.787 5.336 4.372 13.448 1.791 5.444 3.423 
4.921 4.888 6.840 11.644 7.365 4.648 9.223 6.586 6.521 9.730 4.622 9.879 10.274 9.992 10.705 5.757 9.316 12.046 7.017 2.844 8.042 7.515 1.606 3.351 11.889 10.446 6.604 1.714 4.648 7.909 10.763 9.350 8.007 9.392 12.320 1.619 6.475 8.196 1.729 10.307 10.634 8.488 5.321 3.588 10.983 1.814 9.776 11.335 3.894 11.737 12.209 6.162 10.809 9.387 11.654 13.070 5.019 8.152 5.474 4.450 4.136 4.352 4.704 5.800 9.405 2.196 3.764 9.937 0.821 3.317 9.082 5.118 9.251 3.304 3.311 12.340 3.163 10.223 9.931 9.017 8.549 3.921 12.241 8.806 8.350 4.762 3.810 1.010 2.641 10.088 4.102 11.625 10.700 8.824 9.280 4.267 8.453 3.232 9.841 6.327 10.409 6.755 8.882 11.461 4.886 4.128 12.954 6.560 9.871 2.877 10.927 1.528 7.494 4.094 1.266 2.178 9.874 6.470 7.122 7.853 
5.041 13.835 6.376 4.448 4.922 13.206 2.889 9.628 7.660 12.462 4.427 5.302 8.505 1.120 5.876 5.094 4.822 6.509 6.116 11.752 10.867 8.052 10.270 6.137 4.117 4.931 2.384 8.621 12.503 5.471 3.152 2.180 6.802 2.800 5.079 10.523 6.280 5.121 7.249 12.666 7.312 1.841 8.435 5.540 6.452 7.852 3.332 5.953 8.123 3.398 4.612 6.018 1.845 6.453 3.049 5.763 13.932 6.314 4.182 4.559 4.888 10.176 6.409 5.507 13.004 10.978 6.777 5.415 9.750 11.152 4.244 13.616 11.512 11.264 11.909 4.928 10.025 7.049 10.480 2.344 4.854 12.880 6.647 0.480 6.408 8.940 12.222 9.778 10.493 2.127 8.482 2.906 1.927 1.606 6.427 10.675 4.477 5.968 6.565 12.745 6.302 5.673 7.352 5.339 4.723 11.914 6.777 2.899 12.866 10.431 6.318 10.403 2.102 5.052 9.878 7.574 3.233 12.845 8.536 12.953 
4.337 6.953 10.278 13.267 10.166 5.405 10.906 11.025 10.445 14.306 6.407 7.522 13.853 10.015 8.180 8.670 7.166 14.458 4.287 6.455 12.554 11.432 6.033 6.469 13.216 8.355 7.251 3.023 4.032 10.873 12.096 10.686 4.772 10.999 13.967 5.685 9.911 10.983 4.799 14.852 13.742 8.002 1.265 6.052 13.690 5.976 11.525 13.744 1.369 12.691 13.655 9.513 10.878 6.400 12.391 14.722 6.837 5.188 7.721 6.163 6.048 9.050 2.938 8.928 14.070 4.604 7.475 12.510 5.187 3.276 11.370 5.606 13.735 7.822 7.378 13.896 7.880 7.052 14.110 8.182 11.177 6.347 14.646 9.421 11.599 0.441 4.528 4.321 3.138 9.445 8.506 12.250 10.472 9.990 6.297 8.984 10.942 6.025 12.865 10.994 7.625 4.391 5.404 13.571 7.358 3.588 15.158 8.177 14.486 7.555 13.598 4.644 8.848 4.902 4.088 6.201 8.593 11.137 11.231 12.571 
3.036 8.628 9.773 11.933 9.381 7.206 9.669 11.112 10.189 14.474 5.588 5.609 13.284 8.347 6.280 8.035 5.251 13.362 2.372 7.743 12.674 11.130 6.997 6.178 11.794 6.439 5.910 3.820 5.911 10.121 10.706 9.347 2.930 9.733 12.622 6.776 9.425 10.151 4.907 14.971 12.948 6.294 0.696 5.569 12.727 6.231 10.284 12.665 1.632 11.178 12.257 9.011 9.196 4.540 10.830 13.363 8.549 3.301 6.906 5.359 5.345 9.542 1.633 8.366 14.389 6.015 7.315 11.530 6.128 4.997 10.325 7.447 13.801 8.762 8.548 12.525 8.505 5.244 13.903 6.396 10.271 7.924 13.542 7.925 10.942 1.482 6.276 5.406 4.686 7.659 8.668 10.664 8.739 8.628 4.435 9.603 9.993 5.682 12.061 11.761 5.749 2.501 3.660 12.389 6.673 5.431 13.970 7.081 14.706 8.329 12.623 5.876 7.611 4.031 5.245 6.354 6.729 11.902 11.057 13.125 
9.197 12.961 2.263 6.069 2.963 13.400 5.131 3.949 2.549 5.281 6.467 12.519 1.328 8.622 13.250 3.986 11.923 4.604 11.734 10.466 4.237 1.730 9.094 6.089 6.825 12.405 7.225 10.006 13.603 2.279 6.295 5.894 12.791 5.320 6.395 9.642 2.629 2.592 7.910 5.287 2.182 9.074 12.361 6.509 3.285 7.147 5.077 4.161 11.211 7.525 6.753 3.029 8.849 13.200 7.924 6.856 13.217 12.511 5.214 6.681 6.670 6.422 10.409 3.650 6.156 10.999 5.243 3.137 9.252 12.261 3.717 13.881 4.317 8.745 9.910 6.597 7.289 13.986 2.824 9.778 2.903 12.069 4.753 7.234 1.313 12.327 12.691 9.948 11.562 9.839 5.244 8.136 9.353 6.176 13.134 7.055 3.266 6.516 1.924 8.044 13.489 11.228 13.621 4.902 5.349 13.081 5.665 5.646 5.731 8.007 3.335 10.327 5.859 7.997 10.219 6.796 10.818 8.069 2.467 7.107 
11.277 11.158 5.222 10.736 6.732 12.205 9.463 2.363 3.968 1.011 8.745 15.632 5.098 12.640 16.445 6.689 15.002 9.223 13.984 8.922 0.805 3.597 8.057 7.415 11.468 15.741 10.350 10.332 12.937 6.361 10.829 10.162 15.102 9.673 11.085 8.622 5.326 6.824 8.598 1.546 6.693 12.546 13.582 8.166 7.930 7.342 9.553 8.837 12.198 12.087 11.427 5.629 13.040 15.930 12.427 11.544 11.475 14.975 7.937 8.866 8.681 4.575 12.079 6.239 1.476 10.192 6.235 7.807 8.628 11.849 8.169 12.651 0.715 6.835 8.015 11.284 5.847 16.784 2.634 13.276 7.263 10.473 9.355 11.144 5.643 13.250 11.796 9.534 11.279 13.655 4.821 12.608 13.430 10.254 15.843 4.962 7.560 7.917 6.611 4.555 16.510 13.528 16.007 9.594 7.698 12.547 10.263 8.935 1.313 6.470 7.995 9.638 9.519 9.921 9.833 7.150 14.358 4.507 3.061 2.858 
1.479 9.230 5.543 8.048 5.041 8.570 5.642 7.515 6.178 10.854 1.273 6.065 8.982 5.596 6.913 3.756 5.443 9.162 4.157 7.275 9.049 7.039 5.881 2.544 8.087 6.426 2.264 3.991 7.935 5.784 6.946 5.506 5.269 5.751 8.750 6.041 5.217 5.813 2.767 11.268 8.609 4.060 4.787 1.738 8.435 3.735 6.257 8.450 3.940 7.712 8.492 4.802 6.436 6.109 7.521 9.511 9.312 5.121 2.569 1.067 1.179 6.823 2.708 4.128 11.002 6.351 3.684 7.244 5.246 6.555 6.079 8.984 10.060 7.179 7.593 8.702 6.230 6.974 9.844 4.627 5.950 8.287 9.349 4.549 6.622 4.974 7.590 5.168 5.877 5.654 5.417 7.443 6.277 4.854 6.018 7.144 5.688 2.096 7.722 9.392 6.826 3.684 6.164 8.277 2.403 7.342 9.862 2.881 11.157 6.431 8.337 5.798 3.613 0.431 5.251 3.588 5.559 9.517 7.107 10.218 
8.203 13.250 2.129 4.495 1.771 13.457 3.443 5.082 3.201 6.921 5.572 11.076 2.429 6.971 11.774 3.261 10.499 3.501 10.593 10.761 5.710 2.833 9.290 5.667 5.212 10.897 5.906 9.647 13.462 1.037 4.615 4.212 11.605 3.628 4.900 9.796 2.449 1.076 7.553 6.964 1.837 7.571 11.572 5.888 2.240 7.058 3.383 2.899 10.548 5.857 5.191 2.704 7.166 11.867 6.239 5.447 13.476 11.278 4.248 5.808 5.875 7.135 9.521 3.091 7.732 11.006 5.106 1.607 9.288 12.072 2.022 13.935 5.948 9.265 10.355 5.077 7.775 12.621 4.518 8.255 1.252 12.314 3.682 5.626 0.696 11.648 12.662 9.866 11.354 8.227 5.672 6.446 7.686 4.537 11.809 7.774 1.629 6.006 0.989 9.112 12.062 10.082 12.395 3.474 4.552 12.909 4.548 4.350 7.365 8.458 2.224 10.324 4.380 7.132 10.113 6.686 9.270 9.157 3.583 8.450 
7.918 13.963 3.122 3.130 2.000 14.000 2.200 6.373 4.393 8.322 5.501 10.201 3.546 5.790 10.849 3.597 9.655 2.693 10.093 11.507 7.092 4.178 9.993 6.031 3.821 9.933 5.308 9.920 13.853 1.654 3.222 2.978 11.042 2.356 3.593 10.461 3.348 1.222 7.887 8.357 2.296 6.654 11.426 6.066 1.790 7.618 2.027 1.982 10.537 4.458 3.829 3.462 5.895 11.128 4.851 4.204 14.167 10.665 4.206 5.746 5.889 8.198 9.313 3.602 9.130 11.544 5.725 0.606 9.879 12.443 0.789 14.472 7.350 10.179 11.207 3.746 8.695 11.835 5.876 7.296 0.806 13.006 2.888 4.561 2.027 11.604 13.150 10.356 11.719 7.114 6.622 5.066 6.460 3.427 11.080 8.828 0.964 6.277 1.539 10.326 11.200 9.585 11.776 2.281 4.660 13.282 3.627 3.881 8.767 9.343 1.692 10.865 3.617 7.017 10.579 7.244 8.257 10.381 4.903 9.783 
0.230 9.166 6.926 9.042 6.396 8.245 6.711 8.765 7.527 12.127 2.657 5.240 10.361 5.971 6.081 5.140 4.654 10.357 2.868 7.499 10.316 8.406 6.265 3.716 8.983 5.761 3.018 3.729 7.383 7.143 7.863 6.457 3.986 6.791 9.740 6.300 6.598 7.148 3.282 12.562 9.946 4.110 3.534 2.956 9.706 4.507 7.329 9.656 2.950 8.479 9.421 6.183 6.838 5.008 8.206 10.493 9.199 3.911 3.937 2.450 2.522 7.792 1.400 5.511 12.214 6.263 4.893 8.509 5.509 6.086 7.308 8.616 11.360 7.775 7.991 9.665 7.034 5.876 11.210 4.503 7.255 8.273 10.540 5.216 7.996 3.859 7.246 5.194 5.479 5.690 6.535 8.084 6.538 5.757 4.909 8.034 6.973 3.223 9.058 10.290 5.873 2.434 4.897 9.410 3.787 6.803 10.996 4.065 12.413 7.111 9.602 5.815 4.647 1.204 5.198 4.460 5.249 10.422 8.445 11.289 
3.650 11.876 10.348 10.627 9.473 10.525 8.753 12.544 11.151 15.883 6.181 2.332 13.524 6.323 2.948 8.552 2.117 12.542 1.108 10.721 14.079 11.953 9.724 7.527 10.275 3.220 5.260 6.702 9.246 10.213 9.332 8.204 0.681 8.741 11.259 9.627 10.063 10.083 6.998 16.289 12.777 4.361 3.968 6.741 12.225 8.289 9.313 11.916 4.775 9.446 10.776 9.660 7.063 1.275 8.976 11.932 11.820 0.133 7.246 6.035 6.204 11.611 3.417 8.975 16.021 9.138 8.694 11.061 8.888 8.300 9.799 10.778 15.079 11.378 11.397 11.102 10.791 2.104 14.744 4.102 10.044 11.115 12.699 6.496 11.153 4.809 9.579 8.330 7.925 5.235 10.368 8.747 6.451 7.497 1.167 11.823 9.697 7.043 11.916 14.072 2.426 1.414 1.240 11.422 7.296 8.765 12.921 6.808 16.187 10.792 12.101 8.882 6.922 4.996 8.232 8.274 3.982 14.207 12.093 15.123 
1.887 9.285 5.132 7.779 4.644 8.702 5.356 7.152 5.780 10.480 0.862 6.351 8.573 5.552 7.196 3.345 5.724 8.820 4.552 7.254 8.678 6.634 5.821 2.240 7.852 6.669 2.169 4.152 8.133 5.384 6.709 5.265 5.660 5.475 8.480 6.020 4.807 5.423 2.729 10.886 8.217 4.139 5.170 1.433 8.067 3.574 5.967 8.105 4.274 7.523 8.243 4.392 6.374 6.460 7.360 9.242 9.381 5.498 2.168 0.657 0.805 6.560 3.109 3.717 10.648 6.430 3.348 6.880 5.233 6.739 5.731 9.127 9.677 7.040 7.516 8.442 6.028 7.321 9.439 4.746 5.571 8.331 9.008 4.420 6.215 5.327 7.733 5.227 6.047 5.713 5.108 7.297 6.261 4.635 6.370 6.908 5.318 1.828 7.330 9.145 7.139 4.073 6.551 7.958 1.992 7.540 9.541 2.571 10.788 6.270 7.971 5.852 3.359 0.739 5.332 3.392 5.717 9.268 6.712 9.911 
8.783 16.015 5.587 0.622 4.236 15.856 2.148 8.893 6.899 10.727 6.887 9.763 5.555 4.797 10.262 5.639 9.315 2.114 10.461 13.621 9.585 6.692 12.083 7.895 1.411 9.284 5.874 11.515 15.519 4.114 1.465 2.473 11.246 2.057 1.124 12.504 5.768 3.636 9.627 10.704 3.908 6.350 12.361 7.719 2.636 9.617 1.533 1.780 11.713 2.323 1.315 5.806 4.533 10.963 2.866 1.841 16.192 10.783 5.785 7.118 7.350 10.615 10.229 5.779 11.587 13.427 7.852 2.310 11.853 14.105 2.314 16.314 9.763 12.467 13.428 1.236 11.004 11.542 8.139 6.822 3.152 15.046 2.215 4.157 4.537 12.697 14.949 12.207 13.389 6.215 8.982 3.147 5.229 3.198 10.937 11.235 3.039 8.023 3.592 12.819 10.753 9.982 11.843 0.926 6.356 14.932 2.272 4.931 11.177 11.615 2.512 12.766 4.205 8.209 12.397 9.254 7.570 12.878 7.423 12.303 
10.794 13.621 3.779 7.418 4.686 14.264 6.781 4.076 3.522 4.159 8.053 14.246 1.315 10.316 14.980 5.575 13.648 5.542 13.379 11.165 3.691 2.520 9.917 7.456 8.216 14.136 8.937 11.240 14.627 4.010 7.819 7.554 14.450 6.959 7.635 10.486 4.112 4.311 9.183 3.995 3.015 10.805 13.834 7.969 4.331 8.260 6.664 5.278 12.621 9.009 8.072 4.527 10.504 14.904 9.451 7.984 13.901 14.187 6.849 8.255 8.210 6.849 11.948 5.194 5.199 11.940 6.474 4.562 10.205 13.338 5.347 14.740 3.291 9.272 10.478 7.865 7.908 15.697 1.379 11.509 4.590 12.784 5.650 8.949 3.044 13.737 13.636 10.980 12.664 11.554 6.039 9.681 11.032 7.876 14.836 7.440 4.962 7.918 3.230 7.946 15.213 12.877 15.292 6.125 6.919 14.136 6.538 7.361 4.608 8.630 4.422 11.288 7.590 9.549 11.266 7.938 12.548 7.940 2.951 6.616 
1.719 8.055 8.015 10.621 7.701 6.935 8.266 9.355 8.407 12.723 3.898 5.949 11.547 7.501 6.739 6.300 5.446 11.857 2.913 6.713 10.918 9.350 5.713 4.396 10.575 6.633 4.608 2.705 5.933 8.432 9.452 8.040 3.895 8.356 11.320 5.606 7.663 8.493 3.230 13.210 11.282 5.561 2.106 3.793 11.140 4.567 8.885 11.148 1.363 10.071 11.010 7.251 8.370 5.294 9.792 12.075 8.044 4.046 5.225 3.660 3.610 7.915 0.617 6.615 12.672 5.214 5.538 9.950 4.870 4.716 8.781 7.270 12.035 7.401 7.377 11.250 6.956 6.118 12.120 5.857 8.648 7.226 12.042 6.806 9.223 2.288 5.942 4.323 4.186 7.093 6.939 9.664 8.025 7.345 5.187 8.034 8.392 3.899 10.397 10.242 6.368 2.704 4.780 10.944 4.944 5.369 12.532 5.560 12.966 6.869 11.042 4.894 6.206 2.343 4.245 4.650 6.457 10.381 9.274 11.494 
5.106 6.261 10.677 13.972 10.678 4.630 11.584 11.158 10.737 14.376 6.982 8.407 14.252 10.841 9.057 9.140 8.055 15.068 5.176 6.025 12.658 11.734 5.809 6.840 13.952 9.243 7.989 3.077 3.195 11.367 12.824 11.402 5.633 11.687 14.673 5.396 10.305 11.507 5.061 14.942 14.235 8.846 2.142 6.511 14.250 6.123 12.201 14.351 2.035 13.461 14.381 9.919 11.707 7.262 13.178 15.431 6.119 6.062 8.273 6.738 6.589 9.013 3.751 9.366 14.070 4.143 7.769 13.083 5.006 2.615 11.974 4.796 13.855 7.571 7.004 14.611 7.797 7.893 14.351 9.046 11.729 5.730 15.258 10.195 12.049 1.330 3.808 4.093 2.644 10.307 8.636 13.046 11.317 10.716 7.160 8.885 11.513 6.431 13.367 10.796 8.491 5.280 6.229 14.218 7.866 2.795 15.801 8.824 14.529 7.399 14.163 4.305 9.539 5.533 3.826 6.388 9.476 10.938 11.479 12.466 
4.449 11.084 3.009 5.399 2.020 10.846 2.978 6.001 4.125 9.014 1.968 7.700 6.067 4.795 8.474 1.432 7.086 6.124 6.845 8.762 7.329 4.708 7.223 2.947 5.657 7.704 2.344 6.525 10.519 2.770 4.548 3.189 7.880 3.152 6.080 7.595 2.805 2.727 4.613 9.296 5.523 4.456 7.898 2.704 5.330 4.723 3.530 5.405 6.996 5.616 5.964 2.466 5.397 8.283 5.641 6.835 11.242 7.586 0.774 2.212 2.387 6.554 5.804 1.869 9.450 8.427 3.239 4.146 6.902 9.104 3.031 11.302 8.101 7.902 8.712 6.094 6.550 9.083 7.402 5.186 2.838 10.111 6.316 3.296 3.689 8.062 9.935 7.203 8.384 5.618 4.843 5.679 5.605 2.812 8.215 7.086 2.581 3.018 4.635 9.092 8.642 6.335 8.698 5.344 1.370 9.935 6.905 0.843 9.392 7.046 5.235 7.773 1.612 3.475 7.386 4.380 6.268 9.188 5.053 9.279 
2.176 11.188 8.658 9.228 7.788 10.036 7.215 10.926 9.480 14.246 4.520 2.880 11.840 5.208 3.709 6.863 2.332 11.011 1.277 9.744 12.449 10.270 8.595 5.958 8.955 3.505 3.607 5.798 8.930 8.530 7.945 6.724 2.133 7.223 9.886 8.580 8.375 8.411 5.672 14.638 11.128 3.144 3.976 5.158 10.624 6.898 7.796 10.365 4.260 8.213 9.445 7.973 6.027 2.686 7.799 10.590 11.177 1.807 5.555 4.387 4.579 10.156 2.535 7.289 14.421 8.334 7.106 9.447 7.803 7.801 8.187 10.349 13.427 10.153 10.310 9.750 9.426 3.551 13.056 3.138 8.389 10.351 11.175 5.087 9.466 4.687 9.050 7.377 7.307 4.394 8.826 7.602 5.515 6.003 2.596 10.417 8.048 5.491 10.260 12.674 3.480 0.851 2.918 9.923 5.621 8.393 11.455 5.133 14.560 9.502 10.503 7.974 5.308 3.452 7.332 6.837 3.466 12.805 10.425 13.614 
3.034 10.683 4.388 6.206 3.502 10.209 3.788 7.058 5.352 10.231 1.184 6.373 7.550 4.340 7.176 2.635 5.747 7.331 5.363 8.526 8.487 6.048 7.029 2.899 6.285 6.474 1.128 5.697 9.693 4.251 5.141 3.697 6.399 3.903 6.907 7.305 4.133 4.184 4.071 10.560 6.966 3.411 6.565 2.289 6.668 4.597 4.402 6.625 5.794 5.994 6.671 3.750 5.098 6.850 5.869 7.669 10.802 6.113 1.339 1.348 1.663 7.092 4.439 3.081 10.566 7.881 3.673 5.471 6.545 8.293 4.269 10.644 9.352 8.019 8.656 6.868 6.820 7.666 8.800 4.121 4.243 9.718 7.516 3.027 5.170 6.811 9.252 6.659 7.594 4.817 5.457 5.831 5.112 3.086 6.778 7.543 3.945 2.714 6.082 9.694 7.282 4.853 7.223 6.424 1.663 9.101 8.010 1.032 10.585 7.194 6.563 7.271 1.789 2.275 6.793 4.323 5.190 9.804 6.301 10.153 
2.698 10.974 5.068 6.300 4.097 10.388 3.957 7.761 6.055 10.937 1.654 5.670 8.148 3.891 6.471 3.333 5.045 7.641 4.808 8.901 9.193 6.739 7.436 3.451 6.286 5.769 0.509 5.820 9.770 4.838 5.152 3.725 5.811 4.037 7.000 7.670 4.824 4.725 4.389 11.263 7.472 2.754 6.278 2.759 7.077 5.069 4.575 6.951 5.645 5.879 6.706 4.446 4.696 6.183 5.686 7.757 11.073 5.495 2.044 1.738 2.071 7.719 4.142 3.781 11.270 8.124 4.314 5.882 6.892 8.391 4.643 10.808 10.056 8.527 9.099 6.935 7.383 6.990 9.478 3.450 4.732 10.018 7.820 2.727 5.777 6.605 9.413 6.919 7.710 4.221 6.110 5.613 4.629 3.046 6.114 8.150 4.408 3.195 6.596 10.325 6.586 4.298 6.610 6.665 2.347 9.178 8.249 1.453 11.291 7.718 6.965 7.543 1.893 2.265 7.026 4.824 4.509 10.438 7.004 10.834 
6.296 4.212 10.614 14.719 10.913 2.576 12.281 10.446 10.407 13.470 7.517 10.241 14.120 12.090 10.939 9.306 9.835 15.506 6.993 4.332 11.852 11.406 4.543 6.866 14.809 11.034 8.959 2.916 1.287 11.535 13.666 12.222 7.581 12.413 15.417 4.022 10.242 11.756 4.979 14.071 14.349 10.200 4.076 6.775 14.554 5.667 12.881 14.785 3.388 14.445 15.199 9.895 12.957 9.202 14.233 16.180 4.059 7.968 8.688 7.286 7.059 7.990 5.171 9.440 13.021 2.513 7.553 13.438 3.907 0.740 12.439 2.783 13.067 6.158 5.375 15.390 6.719 9.875 13.831 10.507 12.049 3.751 15.700 11.240 12.086 3.217 1.755 3.013 1.269 11.743 7.996 14.137 12.651 11.585 9.097 7.734 11.889 6.566 13.519 9.403 10.415 7.009 8.234 14.776 8.183 0.765 16.331 9.488 13.566 6.186 14.482 2.930 10.316 6.305 2.714 6.004 11.070 9.542 11.026 11.228 
10.336 8.694 5.763 11.855 7.299 9.856 10.145 2.359 4.391 3.229 8.150 15.081 6.995 12.871 15.922 6.672 14.451 10.778 12.987 6.571 2.295 4.610 5.924 6.505 12.496 15.336 10.084 8.601 10.722 7.180 11.678 10.741 14.093 10.364 12.316 6.458 5.697 7.669 7.189 3.873 8.369 12.364 12.083 7.312 9.454 5.854 10.382 10.272 10.655 12.936 12.553 5.845 13.413 15.131 13.177 12.879 9.017 14.057 7.702 8.205 7.948 2.575 10.873 6.270 2.566 8.021 5.401 9.038 6.617 9.750 9.061 10.286 3.250 4.477 5.603 12.477 3.785 16.000 4.958 13.077 8.151 8.063 10.935 11.361 6.743 11.629 9.541 7.544 9.249 13.677 3.632 13.309 13.681 10.659 15.036 2.732 8.363 6.965 8.052 2.046 15.873 12.578 15.009 10.906 7.294 10.384 11.843 8.903 3.201 4.282 9.488 7.536 9.670 9.007 7.836 5.775 14.145 2.019 3.850 1.197 
12.792 12.989 6.245 11.019 7.614 14.063 10.127 4.050 5.208 1.128 10.162 16.914 4.941 13.519 17.704 7.912 16.290 9.162 15.493 10.778 2.538 4.538 9.915 8.995 11.804 16.945 11.568 12.119 14.797 7.097 11.324 10.875 16.606 10.324 11.261 10.482 6.438 7.507 10.316 0.538 6.646 13.672 15.284 9.705 7.963 9.098 10.106 8.909 13.922 12.547 11.684 6.802 13.819 17.331 12.955 11.615 13.309 16.441 9.212 10.309 10.159 6.436 13.690 7.465 2.210 12.051 7.828 8.119 10.474 13.700 8.737 14.508 1.339 8.688 9.860 11.487 7.706 18.171 2.267 14.399 7.884 12.321 9.262 12.066 6.228 14.992 13.657 11.374 13.122 14.644 6.569 13.167 14.280 11.080 17.250 6.821 8.227 9.499 6.811 6.234 17.828 15.021 17.500 9.750 9.063 14.404 10.138 10.068 1.389 8.332 8.053 11.492 10.528 11.448 11.673 8.881 15.474 6.165 4.259 4.320 
2.425 10.453 9.388 10.478 8.679 9.159 8.387 11.335 10.070 14.698 5.127 3.569 12.716 6.525 4.296 7.585 3.170 12.173 0.362 9.253 12.887 10.925 8.259 6.283 10.234 4.366 4.674 5.234 7.944 9.430 9.205 7.942 1.432 8.412 11.145 8.157 9.077 9.361 5.589 15.132 12.126 4.460 2.782 5.527 11.710 6.900 8.982 11.509 3.364 9.514 10.719 8.665 7.344 2.745 9.109 11.858 10.409 1.496 6.313 4.947 5.065 10.244 1.952 7.983 14.775 7.686 7.462 10.520 7.420 6.922 9.268 9.435 13.928 9.924 9.928 11.018 9.380 3.568 13.729 4.440 9.388 9.674 12.342 6.352 10.335 3.564 8.196 6.862 6.510 5.688 9.074 8.915 6.826 7.216 2.637 10.428 9.065 5.786 11.247 12.667 3.854 0.466 2.348 11.113 6.265 7.437 12.663 6.107 14.983 9.355 11.594 7.417 6.412 3.773 6.767 6.911 4.667 12.804 10.997 13.784 
3.232 6.956 5.518 9.696 5.700 6.550 7.256 6.299 5.591 9.652 2.563 8.238 9.086 7.925 9.083 4.097 7.640 10.308 5.725 4.872 7.857 6.581 3.453 1.686 9.892 8.707 4.534 2.308 6.235 6.332 8.757 7.330 6.811 7.413 10.383 3.638 5.145 6.543 0.349 10.158 9.170 6.486 4.950 1.605 9.341 1.517 7.830 9.588 3.610 9.695 10.234 4.768 8.737 7.989 9.594 11.140 7.074 6.832 3.542 2.380 2.074 4.862 3.549 4.258 9.572 4.168 2.621 8.229 2.853 4.821 7.262 7.001 8.999 4.804 5.165 10.385 4.028 8.853 9.261 7.054 6.838 5.993 10.502 6.730 6.933 4.708 5.627 2.941 4.097 8.075 3.844 9.558 8.642 6.779 7.887 5.050 6.688 1.353 8.326 7.299 8.885 5.360 7.724 9.624 2.997 5.658 11.159 4.532 9.881 4.107 9.270 3.546 5.451 2.139 3.097 1.551 7.966 7.434 6.382 8.422 
11.184 11.515 4.901 10.262 6.377 12.502 9.062 2.370 3.717 1.189 8.598 15.434 4.553 12.303 16.239 6.451 14.807 8.699 13.891 9.231 0.881 3.230 8.295 7.355 11.004 15.514 10.121 10.439 13.180 5.965 10.394 9.775 15.006 9.270 10.595 8.867 5.037 6.418 8.638 1.525 6.164 12.286 13.611 8.083 7.414 7.417 9.127 8.328 12.245 11.648 10.950 5.365 12.676 15.784 12.003 11.040 11.826 14.860 7.725 8.733 8.565 4.833 12.043 6.000 1.959 10.430 6.182 7.330 8.826 12.056 7.743 12.954 0.342 7.160 8.355 10.798 6.092 16.633 2.078 13.016 6.844 10.802 8.827 10.816 5.207 13.312 12.057 9.719 11.467 13.352 4.888 12.190 13.085 9.897 15.700 5.268 7.153 7.859 6.112 5.036 16.328 13.426 15.906 9.098 7.525 12.773 9.734 8.670 1.600 6.742 7.481 9.856 9.214 9.834 10.018 7.201 14.097 4.995 2.778 3.403 
8.979 0.591 10.544 15.900 11.391 2.041 13.511 9.041 9.821 11.385 8.997 13.654 13.608 14.348 14.429 9.845 13.156 16.046 10.505 1.909 10.100 10.713 3.394 7.593 16.195 14.340 10.968 5.054 3.493 11.823 15.082 13.688 11.290 13.690 16.559 2.951 10.215 12.180 6.106 12.027 14.317 12.756 7.922 7.942 14.882 5.839 14.039 15.356 6.825 16.092 16.492 9.989 15.174 12.853 16.023 17.296 0.874 11.587 9.772 8.828 8.512 6.234 8.322 9.786 10.654 2.505 7.662 13.938 3.647 3.530 13.221 2.334 11.261 3.814 2.604 16.599 5.128 13.608 12.542 13.232 12.585 0.486 16.239 13.183 12.067 7.093 2.409 3.601 3.703 14.361 7.127 15.999 15.038 13.185 12.745 5.712 12.548 7.561 13.615 6.523 14.005 10.385 12.047 15.589 9.169 3.542 17.014 10.913 11.352 4.405 14.846 2.969 11.855 8.385 3.562 6.202 14.006 6.641 10.114 8.560 
