30 30 200
101.634 158.383 358.639 336.613 414.323 94.882 163.134 384.798 239.772 200.178 193.841 192.979 281.974 370.033 259.546 115.064 222.037 223.965 256.053 364.667 87.615 382.859 202.291 391.621 248.326 387.154 389.434 258.402 317.289 354.930 
572.471 126.497 396.071 351.174 86.898 67.994 429.919 302.212 93.985 424.695 120.328 438.837 487.404 43.337 58.575 298.103 59.323 99.054 405.824 525.786 230.891 128.092 520.500 322.535 208.530 282.355 368.847 156.503 233.718 111.976 
32.106 9.746 27.212 31.171 19.696 27.846 26.357 5.298 15.609 25.648 29.333 28.650 23.026 16.309 13.800 12.658 26.187 9.539 8.462 32.085 27.788 7.703 16.235 5.298 6.025 32.919 31.540 25.913 27.788 20.500 10.767 17.154 6.991 5.111 19.011 19.640 7.668 22.761 9.839 7.860 5.515 29.508 12.277 11.661 28.758 17.366 19.149 15.368 19.446 31.767 20.173 5.879 7.464 7.098 21.171 30.149 29.212 12.597 15.926 33.707 30.242 31.448 32.590 30.256 5.873 28.396 5.735 13.657 31.858 34.134 8.423 8.056 8.233 29.044 15.255 25.699 28.220 28.488 26.794 19.668 31.274 28.845 9.287 7.230 11.263 25.869 34.813 34.975 18.356 31.454 33.039 17.826 28.414 11.227 28.675 29.120 28.046 8.865 5.344 16.035 23.818 33.028 13.459 8.206 18.128 18.277 10.326 28.906 22.728 31.374 9.001 12.779 31.393 10.090 24.881 29.847 34.569 25.124 21.629 11.968 34.378 25.566 24.002 26.562 21.978 25.545 7.003 23.436 32.258 19.710 16.439 29.058 29.864 34.497 18.670 6.459 25.099 11.336 28.613 7.708 16.181 32.406 22.098 33.287 13.221 27.300 11.157 9.623 13.871 7.469 10.104 27.988 29.254 29.410 17.376 32.096 31.794 9.195 23.927 8.097 8.583 14.486 13.831 6.841 17.634 9.532 5.797 9.690 32.988 16.159 8.534 29.473 6.042 27.285 15.593 8.969 5.823 23.558 30.813 22.891 19.017 24.675 6.718 23.591 30.663 18.803 8.808 9.168 10.046 9.547 22.006 25.373 20.976 21.821 21.182 10.000 29.818 21.754 33.757 14.937 
1325.881 646.011 1087.436 1047.406 513.025 437.987 1169.699 978.469 542.545 1179.908 616.517 1143.636 1199.242 436.897 481.416 1014.192 465.354 600.470 1170.073 1289.704 879.842 592.654 1220.531 1032.855 894.743 953.251 1071.613 780.356 914.316 662.317 
6.822 14.650 10.518 8.520 7.804 2.549 8.252 4.254 11.985 13.551 7.683 11.831 9.671 10.714 14.493 8.486 12.710 13.678 3.573 4.977 9.620 12.636 10.370 12.440 9.936 3.757 3.854 4.418 5.499 14.403 
7.026 14.933 2.697 1.470 11.434 7.247 7.527 4.559 14.065 11.228 2.452 7.088 8.426 10.547 12.118 7.014 13.898 11.486 4.411 12.376 7.257 6.367 12.401 13.864 10.275 8.178 11.338 6.285 2.993 12.062 
3.008 8.393 11.164 9.031 1.998 3.940 3.893 8.742 5.716 8.397 7.563 8.836 4.891 4.923 9.227 4.585 6.395 8.430 6.277 6.153 5.722 10.728 4.059 6.121 4.056 2.567 5.855 3.326 6.550 9.131 
5.414 7.614 13.736 11.629 0.677 6.142 5.895 11.170 4.189 9.218 10.149 10.781 6.454 5.540 9.883 6.654 5.388 9.167 8.797 6.243 7.617 12.894 3.053 5.002 4.746 4.703 6.421 5.932 9.185 9.789 
10.273 11.897 8.229 8.703 14.195 14.004 9.157 14.265 13.702 6.788 8.706 4.314 8.338 9.669 6.921 8.493 12.519 7.034 12.755 18.751 7.327 3.753 12.855 12.795 10.245 13.880 18.070 12.014 10.814 6.954 
8.381 15.911 1.584 2.124 12.914 8.869 8.706 5.856 15.323 11.849 3.571 7.353 9.442 11.613 12.686 8.116 15.042 12.122 6.018 13.994 8.156 6.085 13.698 15.041 11.432 9.781 12.950 7.852 4.590 12.639 
8.913 16.598 2.258 2.794 13.363 9.070 9.320 5.633 15.912 12.599 4.174 8.125 10.111 12.271 13.442 8.756 15.677 12.870 6.128 14.113 8.851 6.839 14.267 15.664 12.059 10.066 13.047 8.207 4.903 13.394 
6.145 14.710 6.471 4.654 9.435 4.160 7.270 1.554 12.935 12.174 4.254 9.157 8.578 10.315 13.133 7.113 13.189 12.375 1.211 8.886 7.919 9.313 11.207 13.039 9.760 5.447 7.797 4.215 2.258 13.057 
2.030 10.595 7.294 5.119 5.966 3.096 3.255 5.619 8.951 8.450 3.705 6.634 4.647 6.219 9.410 3.290 9.098 8.613 3.072 8.075 4.354 7.831 7.230 8.968 5.644 3.224 7.263 1.156 2.622 9.325 
8.832 9.499 8.963 8.843 12.303 12.897 7.553 14.000 11.431 4.415 8.437 3.409 6.505 7.527 4.519 6.993 10.193 4.651 12.144 17.316 5.774 4.342 10.702 10.486 8.185 12.552 16.738 10.869 10.322 4.552 
6.583 13.369 1.927 1.360 11.311 8.380 6.539 7.061 13.145 9.111 2.107 4.580 7.020 9.208 9.930 5.853 12.692 9.389 6.127 13.604 5.644 3.615 11.612 12.739 9.151 8.919 12.669 6.839 4.194 9.885 
3.407 5.158 10.838 9.075 4.312 7.244 2.514 11.053 4.246 4.497 7.650 6.397 2.034 0.945 5.272 3.089 3.857 4.495 8.491 10.110 3.461 8.752 2.890 3.845 0.235 6.178 9.845 5.661 7.785 5.176 
10.190 18.397 4.912 4.946 14.195 9.164 10.898 4.565 17.264 14.788 5.985 10.547 11.903 13.975 15.676 10.454 17.236 15.046 6.150 13.742 10.790 9.455 15.559 17.166 13.630 10.405 12.627 8.879 5.748 15.619 
7.219 2.732 14.925 13.171 5.029 10.155 6.590 14.648 0.960 6.389 11.737 10.020 6.007 3.861 6.631 7.188 0.620 6.196 12.080 11.243 7.434 12.477 2.184 0.284 3.864 8.804 11.387 9.071 11.689 6.557 
0.444 8.541 8.743 6.678 4.336 4.080 1.737 7.679 6.870 6.976 5.186 6.413 3.107 4.248 7.907 2.235 6.993 7.090 5.107 8.097 3.451 8.184 5.160 6.862 3.594 3.376 7.524 2.286 4.656 7.815 
4.354 12.908 6.979 4.863 7.602 2.704 5.578 3.307 11.059 10.681 3.901 8.224 6.946 8.552 11.644 5.532 11.335 10.861 0.737 7.851 6.477 8.859 9.331 11.176 7.956 3.777 6.840 2.339 1.756 11.562 
7.858 12.839 14.612 12.435 5.327 5.023 9.060 9.436 9.393 13.702 11.195 13.833 10.192 10.131 14.504 9.661 10.620 13.720 7.945 1.023 10.864 15.399 8.246 10.236 9.260 4.423 1.678 6.500 9.365 14.409 
6.324 2.741 13.879 12.155 4.809 9.542 5.595 13.860 1.661 5.458 10.735 8.949 4.947 2.788 5.792 6.164 0.787 5.287 11.285 11.115 6.368 11.403 1.879 0.797 2.850 8.247 11.154 8.310 10.783 5.712 
8.995 10.753 7.826 7.980 12.863 12.819 7.848 13.387 12.417 5.605 7.794 3.094 7.006 8.352 5.844 7.198 11.267 5.866 11.732 17.489 6.018 3.176 11.537 11.531 8.917 12.636 16.832 10.813 9.826 5.866 
5.116 5.917 13.453 11.449 1.647 7.033 5.166 11.837 2.689 7.681 9.957 9.786 5.372 4.056 8.286 5.919 3.711 7.604 9.336 7.920 6.690 12.046 1.328 3.347 3.360 5.620 8.013 6.324 9.361 8.194 
8.177 16.594 5.089 4.095 11.964 6.850 9.045 2.478 15.201 13.395 4.607 9.590 10.182 12.151 14.323 8.699 15.283 13.632 3.842 11.486 9.223 9.031 13.481 15.182 11.722 8.103 10.378 6.654 3.715 14.257 
8.633 10.851 7.278 7.423 12.618 12.379 7.534 12.849 12.354 5.696 7.258 2.673 6.770 8.234 6.021 6.860 11.255 5.968 11.224 17.109 5.706 2.626 11.407 11.502 8.756 12.239 16.430 10.383 9.308 6.035 
3.254 10.065 5.453 3.745 7.958 6.368 2.993 7.450 9.602 6.458 2.456 3.426 3.579 5.753 7.390 2.309 9.205 6.695 5.390 11.288 2.352 4.618 8.065 9.228 5.624 6.391 10.521 4.412 3.685 7.323 
3.684 6.762 12.055 10.012 1.372 5.648 3.968 10.350 4.014 7.456 8.520 8.820 4.493 3.795 8.192 4.731 4.705 7.436 7.834 7.328 5.659 10.959 2.347 4.417 2.944 4.279 7.222 4.814 7.849 8.097 
7.436 15.921 5.421 4.073 11.102 5.949 8.380 1.831 14.415 12.916 4.285 9.338 9.573 11.483 13.857 8.085 14.546 13.143 2.947 10.618 8.696 9.013 12.690 14.430 11.016 7.209 9.516 5.805 3.028 13.788 
6.317 9.073 14.418 12.259 1.954 5.966 7.040 11.059 5.531 10.713 10.815 11.991 7.769 7.033 11.398 7.777 6.836 10.672 8.869 4.913 8.829 13.993 4.563 6.434 6.216 4.610 5.263 6.267 9.574 11.304 
5.299 13.683 8.253 6.213 7.674 2.102 6.649 2.996 11.491 11.883 5.362 9.682 8.060 9.454 12.842 6.723 11.950 12.043 1.280 6.757 7.759 10.349 9.784 11.745 8.774 3.502 5.686 2.931 3.175 12.757 
7.689 13.795 1.922 2.695 12.423 9.783 7.439 8.382 13.924 9.204 3.511 4.430 7.690 9.844 9.938 6.706 13.334 9.493 7.556 14.999 6.260 2.736 12.470 13.422 9.902 10.266 14.077 8.180 5.626 9.906 
6.504 2.870 12.484 11.112 7.110 10.564 5.252 14.060 4.719 2.492 9.864 6.775 3.986 2.403 2.719 5.473 3.332 2.277 11.549 13.265 5.062 9.227 4.548 3.672 3.226 9.518 13.091 8.887 10.538 2.640 
3.291 7.846 7.453 5.998 7.233 7.448 2.080 9.559 7.875 4.182 4.787 2.918 1.628 3.743 5.134 1.453 7.233 4.403 7.273 11.785 0.251 5.129 6.538 7.324 3.871 7.015 11.197 5.429 5.825 5.060 
7.156 4.269 8.330 7.568 6.792 1.350 3.956 6.396 5.955 6.112 3.630 6.518 8.579 7.086 6.106 6.289 10.288 5.346 10.762 4.974 8.591 8.120 6.193 6.312 3.214 2.157 7.362 5.397 3.536 9.031 7.362 3.487 6.762 6.179 7.571 2.345 2.979 6.894 4.877 5.839 6.177 5.875 8.808 5.966 7.995 7.390 9.180 3.852 5.014 6.789 7.015 6.513 3.633 4.772 4.954 5.698 7.370 8.194 4.682 4.579 3.169 8.657 4.244 8.101 8.478 1.773 9.593 1.988 7.599 7.013 7.842 3.734 7.262 5.644 6.175 5.471 4.835 9.201 2.598 3.691 6.257 9.317 8.033 5.803 1.129 6.692 7.562 6.416 6.312 8.197 2.633 6.650 3.431 3.054 5.949 8.121 0.788 7.838 5.768 4.515 7.129 4.625 8.127 0.546 8.372 8.526 3.730 3.982 6.619 4.763 4.801 5.869 5.280 7.227 7.757 6.405 4.288 3.842 5.810 7.901 6.040 6.923 8.004 6.612 8.881 5.350 5.746 5.963 3.334 1.859 6.358 5.893 2.963 3.596 5.346 4.919 9.750 6.127 2.399 7.846 9.285 4.578 5.921 8.205 7.527 7.469 8.384 6.700 5.129 7.276 7.382 2.837 6.429 8.463 4.263 7.891 5.974 6.592 5.297 2.423 6.568 6.908 5.574 8.007 7.490 2.361 7.170 1.011 7.034 3.347 5.793 3.138 2.339 5.916 7.188 1.478 7.260 8.140 5.204 4.089 9.612 9.681 2.220 2.482 4.774 5.454 5.325 3.673 4.282 4.145 7.048 3.466 5.715 7.221 7.243 5.931 5.177 7.684 6.079 6.418 
15.562 11.493 14.308 12.410 13.184 9.898 12.133 7.569 14.045 2.825 8.971 10.379 16.995 15.390 12.325 5.713 11.982 12.160 11.552 11.751 14.885 13.553 8.383 14.875 11.708 9.070 8.781 5.404 6.261 1.481 4.099 11.924 12.045 8.719 14.632 7.282 7.004 15.427 9.971 13.938 2.793 14.071 17.272 10.248 16.216 4.074 11.795 12.393 5.664 14.024 15.364 8.060 12.061 9.896 12.132 11.442 4.761 12.838 9.962 11.403 6.769 16.424 4.740 13.189 12.673 9.323 9.257 6.614 4.161 15.578 16.040 11.667 1.850 3.094 3.749 13.350 13.375 2.138 10.507 5.800 14.726 14.778 12.781 7.315 9.548 8.034 16.040 11.739 13.889 15.765 5.981 7.400 5.434 9.194 14.456 13.561 8.403 2.464 4.515 5.162 13.661 10.305 15.544 9.073 15.427 15.947 11.996 6.351 2.746 12.046 10.558 13.505 5.796 3.348 13.516 6.297 11.894 5.760 5.599 9.715 5.689 6.297 12.519 2.036 16.456 6.335 11.899 11.750 5.236 7.894 6.316 13.169 11.137 6.567 9.076 13.469 10.149 5.347 9.716 5.450 17.345 4.094 13.427 7.083 14.951 8.049 13.692 3.399 13.216 8.939 13.537 6.334 14.925 16.055 4.860 12.587 2.624 2.041 11.578 8.282 9.699 15.154 14.130 13.379 7.688 7.292 15.672 8.975 15.494 11.724 14.358 10.680 8.123 9.223 15.498 10.042 1.441 6.173 7.578 11.164 2.762 12.152 7.768 10.104 11.591 9.247 4.238 11.535 11.984 10.131 4.528 11.607 6.005 1.913 15.803 5.052 6.612 1.004 14.482 12.420 
4.771 10.478 14.116 14.493 2.147 7.411 8.745 14.737 9.487 13.633 11.579 14.223 5.237 9.165 2.989 14.615 8.154 3.196 9.297 3.613 13.960 2.914 7.719 6.368 6.115 6.650 8.205 10.066 11.858 16.252 15.432 7.868 3.740 7.363 0.817 8.249 8.357 5.846 5.381 9.419 13.706 9.133 5.712 13.631 3.932 15.455 6.850 7.184 13.321 1.624 8.928 8.255 7.902 12.408 3.440 12.607 15.562 15.084 5.352 11.060 11.533 2.398 12.166 14.713 4.760 6.719 10.084 9.951 15.677 6.847 3.790 9.248 14.622 13.091 11.692 9.844 7.144 16.623 5.783 11.928 5.150 15.305 4.014 14.155 8.299 8.407 5.390 3.905 2.330 1.652 10.480 15.006 11.423 10.866 7.625 14.455 9.096 15.478 10.937 12.686 1.658 12.005 1.226 8.233 0.343 1.327 5.172 12.335 14.254 3.616 4.732 2.734 9.686 12.510 13.930 9.791 9.957 12.089 14.123 7.739 14.364 10.133 15.020 13.773 1.917 13.717 12.307 12.739 10.866 7.803 14.723 11.105 8.661 11.957 13.370 7.026 9.401 14.412 9.772 11.515 3.743 11.394 2.569 10.543 1.350 9.014 14.751 14.582 9.230 7.968 2.027 11.090 7.836 1.787 10.467 4.123 13.152 13.294 3.703 7.210 6.567 3.916 6.948 3.044 9.367 8.232 5.522 8.926 8.299 5.654 6.495 9.722 10.599 6.660 9.182 7.472 13.841 11.221 13.527 10.582 17.160 7.101 10.562 5.916 11.156 6.390 11.062 4.769 4.140 11.537 15.205 5.167 14.064 14.602 6.450 14.170 13.549 14.277 4.738 12.843 
3.395 8.293 11.996 12.310 2.039 5.284 6.581 12.637 7.459 11.914 9.419 12.036 4.385 7.319 2.387 12.620 8.650 1.827 9.682 2.166 11.874 3.756 7.029 4.594 3.923 4.842 7.788 8.855 9.861 14.654 13.561 5.691 3.664 6.713 1.388 6.571 6.800 4.268 4.387 7.382 11.987 7.117 4.843 11.444 3.112 13.586 7.268 5.027 11.337 0.616 7.091 7.585 5.732 10.223 1.678 10.418 13.642 12.903 4.274 8.873 9.503 2.639 10.315 12.543 5.360 4.791 9.959 8.044 13.804 5.208 2.917 7.067 12.963 11.383 10.393 7.749 5.081 14.971 3.740 9.972 3.418 13.181 4.569 12.064 6.161 7.766 4.092 3.624 0.246 1.966 8.613 12.916 9.541 8.701 5.707 12.299 7.024 13.750 9.675 10.761 1.873 9.815 1.809 6.142 2.100 2.216 2.982 10.316 12.513 1.761 3.629 0.544 8.502 11.304 11.780 8.865 7.783 10.130 12.136 7.563 12.370 9.282 12.835 12.152 2.662 11.682 10.125 10.554 9.082 6.037 12.690 8.980 6.469 9.931 11.206 4.976 9.462 12.443 7.597 10.649 3.753 9.787 0.415 9.950 1.201 8.494 12.595 12.770 7.132 7.563 2.518 9.122 5.988 2.254 8.945 4.588 11.514 11.776 2.639 5.541 6.136 2.508 4.998 3.790 8.793 6.558 4.067 6.808 6.524 3.465 4.601 7.530 8.492 6.002 7.351 5.328 12.368 10.485 11.422 8.392 15.476 7.635 8.482 3.959 8.973 5.598 9.678 2.667 2.053 9.349 13.298 3.005 12.050 12.937 4.913 12.224 11.498 12.811 2.953 10.670 
11.031 4.677 6.776 4.903 11.528 5.678 6.056 1.678 7.530 4.768 1.995 2.956 12.342 9.031 10.831 2.413 14.232 10.083 14.447 9.711 7.374 12.811 9.858 9.640 7.314 6.784 10.923 7.711 1.955 7.176 4.240 6.360 11.395 9.979 12.251 6.000 6.428 10.413 9.346 7.448 4.785 7.690 12.443 2.728 12.089 4.277 13.325 7.093 1.878 11.455 9.089 9.977 6.444 2.457 9.674 3.975 3.857 5.381 9.180 4.358 1.871 13.074 3.304 5.673 12.979 6.495 12.768 3.834 4.394 10.133 11.970 5.412 5.710 4.696 7.395 6.703 7.908 6.992 7.284 2.331 10.060 7.252 12.623 1.125 4.820 10.107 11.239 11.041 10.904 12.722 3.750 1.970 3.196 2.625 8.684 6.024 3.978 5.584 7.497 2.520 11.864 2.972 12.708 4.828 13.036 13.093 8.108 1.496 4.808 9.475 9.419 10.459 7.841 8.202 5.979 9.088 5.271 2.244 2.184 11.679 2.255 9.510 5.076 5.656 13.380 1.354 4.495 4.269 4.153 5.983 2.105 6.096 5.331 1.609 1.555 8.046 13.217 2.556 3.707 9.830 13.476 5.334 10.550 10.858 12.124 10.714 6.164 4.299 6.816 10.917 12.116 2.663 9.060 12.969 5.966 12.466 5.304 6.308 10.012 6.704 10.636 11.039 8.675 12.688 10.579 6.025 10.802 4.152 9.460 7.645 9.095 4.372 2.467 9.955 9.138 5.651 6.849 10.398 0.467 4.332 7.112 13.817 2.517 7.216 4.504 9.593 6.789 8.302 8.928 2.980 3.737 7.974 1.817 5.647 10.532 2.676 1.034 7.097 10.041 4.942 
6.092 1.110 4.646 4.941 8.879 3.646 0.859 7.059 1.924 9.392 3.670 5.193 7.181 3.387 8.525 8.036 13.999 7.520 14.650 7.322 4.672 10.588 10.274 4.367 3.663 5.841 11.437 9.722 5.997 12.241 9.728 1.769 9.619 10.190 8.822 6.660 7.293 5.203 8.349 1.827 9.441 2.036 7.171 4.645 7.308 9.764 12.745 2.421 7.125 8.049 3.431 10.664 1.711 3.666 6.916 3.177 9.450 5.508 8.127 1.671 5.467 8.736 7.421 5.110 11.543 5.247 13.753 5.787 9.918 4.680 7.246 0.604 10.535 9.059 10.372 1.206 2.743 12.223 4.999 6.417 5.165 5.804 10.909 6.678 3.226 10.854 6.084 9.335 7.278 8.671 6.335 7.408 6.722 3.138 3.162 4.862 4.034 10.775 10.042 7.186 9.009 3.086 8.822 3.819 9.447 9.130 4.600 6.095 9.713 6.689 7.951 6.899 9.611 11.408 4.350 10.724 0.443 6.493 7.716 11.835 7.846 11.244 5.476 10.115 9.206 6.936 2.761 3.234 7.118 6.100 7.766 1.719 1.439 5.770 4.973 2.892 13.788 8.099 2.436 12.172 8.719 8.542 7.115 12.506 8.355 11.661 5.157 9.478 1.155 11.316 9.510 5.817 3.470 8.847 8.464 10.821 9.545 10.366 7.929 6.490 10.362 6.421 3.371 10.536 11.724 6.673 5.648 3.467 3.810 4.172 3.876 1.471 4.045 9.780 3.496 3.433 11.028 12.469 5.994 1.402 12.473 13.231 4.385 5.334 1.685 9.270 9.535 5.394 5.903 2.810 9.265 4.814 7.411 10.481 5.148 8.106 6.631 11.407 5.338 3.246 
8.013 5.667 9.668 8.740 6.604 2.510 5.373 6.795 7.367 5.360 4.618 7.474 9.447 8.447 5.821 6.283 9.182 5.257 9.561 4.847 9.964 7.679 4.938 7.419 4.196 1.783 6.092 3.966 3.601 8.195 7.001 4.841 6.209 4.973 7.672 0.950 1.571 7.913 4.109 7.251 5.432 7.271 9.725 6.962 8.703 7.024 8.168 5.109 4.988 6.944 8.361 5.204 4.989 5.841 5.014 6.937 7.137 9.358 3.950 5.937 3.423 9.101 3.738 9.325 7.737 1.831 8.255 1.558 7.246 8.157 8.533 5.169 6.454 4.843 4.836 6.903 6.077 8.451 3.001 3.569 7.184 10.613 7.403 6.188 2.554 5.374 8.497 5.852 6.620 8.537 2.047 6.994 2.992 4.173 7.218 9.392 1.925 7.179 4.376 4.275 7.007 5.794 8.395 1.960 8.490 8.803 4.451 4.128 5.940 4.867 4.248 6.197 3.845 5.888 9.060 4.979 5.717 3.732 5.782 6.709 6.033 5.495 9.142 5.704 9.234 5.514 7.049 7.220 2.504 0.742 6.486 7.316 4.391 3.799 6.171 6.144 8.478 6.039 3.737 6.413 9.896 3.462 6.182 6.789 7.787 6.124 9.644 6.182 6.547 6.029 7.136 2.785 7.704 8.818 2.954 7.241 5.056 5.521 4.984 1.466 5.493 7.629 6.775 7.543 6.118 0.970 8.136 2.377 8.328 4.177 6.929 4.546 3.181 4.817 8.546 2.699 6.174 6.705 5.690 5.465 8.926 8.666 2.906 2.658 6.137 4.408 3.985 4.078 4.602 5.340 6.775 4.077 5.789 6.422 8.329 5.770 5.417 6.612 6.934 7.720 
2.457 6.196 8.247 9.506 7.735 6.335 4.581 12.120 3.639 13.667 8.652 10.210 2.627 2.466 7.900 12.927 14.223 6.997 15.177 7.088 7.836 9.462 11.718 1.440 4.656 7.789 12.721 12.451 10.547 16.596 14.469 4.408 9.223 11.486 6.704 9.388 9.917 1.441 9.124 3.654 13.727 3.318 2.396 9.692 3.499 14.503 12.841 3.831 11.872 6.227 2.243 12.239 4.291 8.760 6.445 8.075 14.282 9.951 8.930 6.717 10.034 5.305 11.711 9.388 11.037 7.305 15.058 9.602 14.680 0.662 3.572 5.235 14.830 13.235 13.603 4.424 2.862 16.696 6.276 10.885 2.331 9.384 10.253 11.702 6.683 12.438 1.892 9.095 5.464 5.705 10.242 12.465 10.918 8.019 1.954 8.942 7.852 15.277 13.055 11.720 7.573 8.177 6.060 7.137 6.935 6.172 4.788 10.782 14.109 6.304 8.426 5.367 12.201 14.644 8.391 13.003 5.532 10.999 12.551 12.746 12.714 13.503 10.024 14.236 5.916 11.828 7.537 8.036 10.974 8.712 12.728 5.675 5.374 10.410 10.066 2.755 14.745 12.928 7.017 14.728 4.612 12.209 5.655 14.505 5.906 13.253 9.210 14.037 4.030 12.528 8.224 10.122 1.634 5.724 11.757 10.256 13.606 14.238 7.775 8.677 11.207 3.326 2.087 9.499 13.461 9.389 1.706 7.310 1.546 4.829 1.882 6.264 8.606 10.854 2.423 6.177 14.905 14.789 11.007 6.497 17.039 13.245 8.845 6.767 6.679 10.354 12.761 5.682 5.689 7.899 14.048 5.259 12.293 14.784 0.796 12.870 11.541 15.331 2.804 7.785 
14.195 8.797 10.999 8.962 13.147 8.389 9.858 3.955 11.577 1.862 6.092 6.899 15.600 13.035 12.324 2.105 13.768 11.864 13.622 11.449 11.630 13.976 9.568 13.126 10.253 8.412 10.339 6.635 3.764 2.945 0.530 9.903 12.439 9.824 14.303 6.856 6.905 13.808 10.235 11.483 1.806 11.681 15.791 6.861 15.072 0.528 13.231 10.526 2.544 13.580 13.058 9.442 10.020 6.757 11.648 8.270 1.135 9.335 10.147 8.567 4.279 15.676 2.900 9.746 13.562 8.427 11.517 5.188 0.734 13.735 14.920 9.282 1.938 2.323 5.444 10.792 11.460 2.694 9.536 3.452 13.266 11.339 13.452 3.797 7.762 9.495 14.546 12.092 13.235 15.150 4.602 3.751 3.685 6.522 12.411 10.168 6.605 1.339 5.969 2.607 13.578 7.257 15.024 7.460 15.122 15.431 10.806 3.568 1.305 11.502 10.615 12.804 6.949 5.763 10.195 7.951 9.318 3.325 2.137 11.249 2.144 8.182 9.011 2.495 15.845 2.962 8.796 8.559 4.200 7.252 2.688 10.337 8.957 3.917 5.724 11.580 12.242 1.802 7.347 7.878 16.360 4.128 12.806 9.338 14.415 9.814 10.267 0.556 10.798 10.426 13.631 4.275 12.841 15.427 5.175 13.266 2.685 3.453 11.497 7.875 10.722 13.985 12.245 13.819 9.539 6.875 14.133 7.076 13.327 10.424 12.580 8.227 5.718 10.105 13.143 8.465 3.649 8.587 4.205 8.450 2.834 13.668 5.466 9.260 8.732 9.936 5.325 10.636 11.199 7.204 0.845 10.517 2.538 1.882 14.057 1.625 3.276 3.669 13.128 9.231 
12.404 10.849 14.640 13.323 8.766 7.714 10.670 9.730 12.660 5.264 9.160 11.632 13.775 13.682 7.937 8.272 6.868 8.074 6.561 7.716 15.027 8.760 3.385 12.288 9.095 5.936 3.629 1.333 6.837 6.532 7.648 10.096 7.345 3.745 10.391 4.475 3.874 12.613 5.567 12.543 5.316 12.551 14.143 11.255 12.739 7.646 6.641 10.265 7.381 9.936 13.578 2.975 10.244 10.383 8.250 11.751 8.176 13.894 5.640 11.030 7.089 12.496 5.568 14.012 7.650 6.440 4.399 5.556 7.843 13.064 12.546 10.459 5.549 4.877 1.676 12.200 11.188 7.119 7.457 6.440 11.759 15.455 7.864 9.218 7.853 2.919 13.010 7.090 10.028 11.738 5.260 9.747 5.582 8.971 12.342 14.195 7.068 6.632 1.280 6.461 9.255 10.531 11.435 7.259 11.122 11.813 8.986 7.277 5.828 8.241 6.289 9.728 1.526 1.830 13.952 1.197 10.974 6.534 7.874 4.561 8.097 1.147 13.624 4.713 12.388 8.189 11.994 12.058 4.661 5.122 8.784 12.545 9.690 7.204 10.191 11.231 5.161 7.872 8.869 1.132 13.623 3.475 9.570 2.229 10.892 2.898 14.413 6.574 11.844 3.796 8.988 6.287 12.827 12.024 2.855 7.672 4.434 3.788 7.333 5.050 4.713 11.782 11.812 8.581 2.551 4.467 12.728 7.604 13.472 8.897 11.864 9.762 7.787 4.362 13.777 7.921 3.955 1.627 9.071 10.606 7.757 6.996 7.402 6.969 11.235 4.539 2.000 8.220 8.466 10.155 7.794 8.523 8.150 5.572 13.131 7.488 8.307 4.266 11.399 12.643 
3.680 7.037 10.904 11.041 2.623 3.810 5.427 11.155 6.594 10.497 7.976 10.648 4.968 6.734 2.446 11.128 8.670 1.450 9.592 1.494 10.848 4.382 6.305 4.262 2.631 3.440 7.219 7.729 8.370 13.278 12.091 4.506 3.731 6.032 2.787 5.210 5.505 4.215 3.632 6.503 10.569 6.282 5.370 10.057 3.892 12.116 7.296 3.937 9.846 1.983 6.528 6.851 4.571 8.828 0.855 9.123 12.160 11.647 3.463 7.600 8.011 3.963 8.855 11.326 5.642 3.329 9.516 6.572 12.333 4.994 3.699 5.842 11.566 9.971 9.192 6.750 4.231 13.572 2.250 8.487 3.291 12.074 4.906 10.580 4.696 7.044 4.350 3.552 1.483 3.396 7.153 11.431 8.073 7.265 5.085 11.123 5.533 12.324 8.505 9.280 2.735 8.446 3.290 4.655 3.560 3.693 1.678 8.824 11.085 0.714 2.890 1.051 7.400 10.147 10.621 7.919 6.579 8.644 10.645 7.171 10.879 8.374 11.558 10.774 4.092 10.189 8.875 9.281 7.649 4.637 11.198 7.901 5.172 8.439 9.767 4.157 9.159 10.954 6.179 9.706 4.875 8.428 1.078 9.196 2.687 7.828 11.418 11.317 6.140 7.013 3.246 7.635 5.455 3.675 7.638 4.866 10.131 10.448 2.184 4.206 5.647 2.958 4.365 4.355 8.082 5.199 4.172 5.331 6.065 2.134 4.092 6.192 7.011 5.358 6.787 3.868 11.058 9.626 9.941 7.101 14.062 7.723 6.993 2.495 7.717 4.886 8.438 1.177 0.561 7.970 11.819 1.577 10.558 11.538 4.841 10.738 10.006 11.503 2.839 9.452 
8.718 10.022 14.165 13.549 4.113 6.112 9.043 11.617 10.773 8.704 9.538 12.417 9.924 11.337 3.362 10.773 4.321 3.841 4.928 3.609 14.330 3.959 1.492 9.203 6.532 3.947 2.173 4.241 8.353 10.842 10.927 8.199 2.551 1.136 5.811 4.150 3.777 9.256 1.488 10.662 8.775 10.541 10.356 11.890 8.715 10.939 3.212 7.998 9.549 5.513 11.166 2.029 8.325 10.729 4.253 11.664 11.265 14.175 1.700 10.433 8.289 8.084 7.886 14.067 3.121 4.516 4.465 6.324 11.163 9.968 8.518 9.143 9.448 8.176 5.900 10.620 8.685 11.332 4.833 8.183 8.334 15.214 3.137 11.016 6.767 2.188 9.399 2.329 5.828 7.275 6.540 11.774 7.387 9.020 9.747 14.054 6.712 10.459 5.130 8.679 4.591 10.606 6.919 6.283 6.472 7.263 5.960 8.892 9.353 4.347 2.173 5.650 3.850 6.541 13.656 3.632 9.845 8.336 10.282 2.188 10.538 3.926 13.985 8.546 7.869 10.210 11.665 11.920 6.502 4.254 11.103 11.436 8.304 8.618 11.131 8.666 4.203 10.450 8.338 5.301 9.334 6.340 5.420 4.358 6.441 2.869 14.326 9.905 10.094 1.959 4.238 7.547 10.185 7.547 5.291 2.943 8.020 7.839 3.005 3.579 0.645 7.931 9.073 3.781 3.186 4.126 9.229 6.975 10.834 6.122 8.929 8.910 8.125 0.445 11.410 6.316 8.260 4.995 10.582 9.915 11.936 3.712 7.865 4.424 10.613 0.558 5.478 4.989 4.906 10.127 10.869 5.517 10.392 9.446 9.869 10.111 10.176 8.661 7.891 12.331 
9.154 7.017 10.935 9.846 6.949 3.901 6.796 7.240 8.791 4.698 5.654 8.400 10.580 9.860 6.108 6.366 8.376 5.762 8.611 5.345 11.269 7.726 4.002 8.716 5.478 2.570 5.088 2.549 3.979 7.337 6.690 6.257 6.193 4.125 8.243 0.782 0.661 9.157 3.989 8.674 4.772 8.694 10.889 7.934 9.733 6.707 7.512 6.494 5.134 7.585 9.769 4.152 6.405 6.900 5.663 8.125 6.953 10.450 3.895 7.245 3.989 9.926 3.514 10.476 7.443 2.893 7.094 2.062 6.933 9.470 9.553 6.579 5.677 4.154 3.476 8.320 7.449 7.681 4.057 3.775 8.379 11.831 7.250 6.645 3.974 4.298 9.683 5.844 7.395 9.288 2.144 7.380 2.972 5.322 8.598 10.589 3.230 6.542 2.967 4.271 7.399 6.938 9.091 3.381 9.055 9.497 5.591 4.515 5.331 5.562 4.372 7.004 2.454 4.519 10.292 3.639 7.107 3.927 5.872 5.822 6.128 4.145 10.212 4.840 9.983 5.803 8.294 8.420 2.118 1.439 6.688 8.693 5.811 4.274 7.017 7.509 7.429 6.053 5.052 4.999 10.839 2.465 6.937 5.471 8.490 4.976 10.829 5.740 7.970 5.069 7.403 3.200 9.084 9.577 1.686 7.071 4.211 4.468 5.296 1.782 4.834 8.685 8.126 7.571 4.912 0.790 9.346 3.741 9.716 5.386 8.246 5.911 4.207 4.159 9.958 4.099 5.083 5.320 6.263 6.794 8.213 7.996 3.862 3.625 7.447 3.865 2.636 5.044 5.477 6.513 6.565 5.170 5.977 5.656 9.609 5.726 5.784 5.528 8.089 8.959 
11.119 7.722 11.214 9.737 9.124 5.501 7.993 6.095 9.974 2.539 5.659 7.978 12.553 11.216 8.277 4.798 9.726 7.950 9.726 7.533 11.666 9.813 5.414 10.474 7.280 4.678 6.290 2.717 3.172 5.164 4.700 7.655 8.271 5.646 10.431 2.920 2.792 11.001 6.076 9.861 2.612 9.947 12.831 7.627 11.788 4.711 9.079 8.052 3.764 9.767 11.163 5.357 7.798 6.839 7.841 8.284 5.065 10.289 6.008 7.787 3.472 12.077 1.932 10.453 9.342 4.891 7.829 2.381 4.935 11.193 11.614 7.620 3.489 1.995 2.383 9.367 9.035 5.493 6.076 2.762 10.287 11.945 9.244 5.562 5.255 5.439 11.601 7.931 9.554 11.457 1.851 6.142 1.918 5.601 10.147 10.681 4.183 4.371 2.404 2.831 9.578 7.060 11.269 4.731 11.243 11.676 7.555 3.598 3.183 7.732 6.525 9.153 2.937 3.336 10.486 4.119 7.988 2.854 4.350 7.163 4.592 4.488 10.009 2.661 12.153 4.556 8.599 8.598 1.095 3.485 5.248 9.448 6.978 3.543 6.536 9.118 8.403 4.424 5.778 4.740 12.945 0.381 9.099 5.812 10.666 5.894 10.881 3.679 9.135 6.346 9.561 2.711 10.625 11.744 1.010 9.058 2.025 2.418 7.474 3.956 6.518 10.720 9.770 9.651 5.689 2.934 11.236 4.769 11.222 7.283 9.968 6.740 4.407 5.890 11.321 5.659 3.078 5.308 5.391 7.432 6.026 9.533 4.013 5.687 7.990 5.716 1.698 7.121 7.597 6.737 4.667 7.170 4.573 3.468 11.395 4.053 4.649 3.512 10.040 9.219 
13.338 11.756 15.496 14.118 9.552 8.673 11.618 10.329 13.610 5.626 9.984 12.375 14.700 14.641 8.739 8.778 7.010 8.934 6.543 8.587 15.900 9.423 4.035 13.246 10.057 6.895 4.030 2.286 7.569 6.456 7.966 11.053 8.061 4.400 11.204 5.433 4.835 13.563 6.399 13.494 5.669 13.505 15.074 12.022 13.647 7.960 6.970 11.227 7.983 10.780 14.539 3.554 11.201 11.194 9.138 12.591 8.535 14.678 6.488 11.920 7.858 13.351 6.209 14.820 8.186 7.402 4.258 6.423 8.142 14.022 13.453 11.395 5.720 5.309 2.116 13.141 12.150 7.082 8.413 7.150 12.705 16.285 8.474 9.843 8.797 3.454 13.949 7.828 10.905 12.581 6.082 10.319 6.315 9.830 13.305 15.023 7.986 6.789 2.033 7.084 10.040 11.368 12.267 8.204 11.916 12.637 9.937 7.980 6.132 9.139 7.137 10.618 2.487 1.731 14.796 1.906 11.898 7.231 8.412 4.919 8.621 1.596 14.401 4.958 13.221 8.797 12.855 12.902 5.435 6.083 9.318 13.460 10.633 7.940 10.933 12.193 5.140 8.371 9.774 0.452 14.501 4.141 10.451 2.074 11.735 3.205 15.233 6.911 12.792 4.230 9.736 7.073 13.789 12.865 3.676 8.284 4.797 3.999 8.173 6.010 5.330 12.702 12.774 9.244 2.814 5.425 13.673 8.529 14.435 9.855 12.824 10.679 8.638 5.066 14.737 8.879 4.004 1.184 9.747 11.506 7.721 7.276 8.249 7.924 12.125 5.305 2.703 9.160 9.390 11.006 8.168 9.473 8.715 5.752 14.085 7.987 8.939 4.233 12.340 13.498 
7.670 6.097 10.171 9.356 5.886 2.561 5.584 7.557 7.546 5.923 5.290 8.166 9.098 8.521 5.089 7.027 8.514 4.572 8.943 4.157 10.427 6.923 4.355 7.246 4.010 1.152 5.522 3.844 4.361 8.689 7.678 4.949 5.447 4.353 7.017 0.723 1.290 7.673 3.348 7.429 5.995 7.415 9.404 7.641 8.274 7.700 7.463 5.104 5.735 6.311 8.415 4.673 5.096 6.493 4.374 7.514 7.842 9.979 3.188 6.420 4.185 8.553 4.412 9.914 6.980 1.406 7.756 2.307 7.923 8.006 8.097 5.466 6.978 5.391 4.947 7.156 6.037 8.985 2.577 4.315 6.892 11.153 6.640 6.950 2.854 4.853 8.195 5.091 6.041 7.953 2.750 7.756 3.697 4.797 7.191 9.950 2.495 7.760 4.392 4.997 6.301 6.405 7.788 2.276 7.836 8.196 4.105 4.889 6.526 4.244 3.490 5.632 3.652 5.982 9.594 4.679 6.073 4.478 6.525 6.083 6.778 5.201 9.774 6.185 8.651 6.273 7.582 7.786 3.107 0.049 7.241 7.689 4.650 4.562 6.890 6.087 7.912 6.773 4.237 6.241 9.413 3.857 5.592 6.438 7.180 5.636 10.210 6.821 6.748 5.440 6.405 3.543 7.677 8.238 3.169 6.479 5.541 5.902 4.253 0.706 4.805 7.217 6.688 6.786 5.670 0.724 7.859 2.850 8.318 3.901 6.786 4.964 3.875 4.137 8.616 2.773 6.533 6.455 6.448 5.927 9.484 7.962 3.624 2.162 6.614 3.704 4.116 3.593 4.065 5.937 7.473 3.688 6.542 6.950 8.132 6.495 6.179 6.977 6.603 8.254 
14.258 9.522 12.127 10.190 12.618 8.459 10.349 5.335 12.188 1.011 6.906 8.151 15.686 13.591 11.771 3.483 12.592 11.428 12.361 11.010 12.721 13.273 8.537 13.368 10.324 8.077 9.200 5.515 4.277 1.977 2.037 10.258 11.732 8.825 13.904 6.376 6.286 13.990 9.549 12.086 0.941 12.250 15.918 8.038 15.037 2.022 12.161 10.807 3.475 13.224 13.588 8.345 10.387 7.752 11.289 9.295 2.677 10.609 9.491 9.375 4.805 15.467 2.925 10.971 12.682 8.202 10.189 5.125 2.171 14.028 14.873 9.830 0.401 1.535 4.137 11.449 11.774 2.093 9.366 3.853 13.367 12.562 12.650 5.078 7.964 8.374 14.672 11.397 12.966 14.879 4.485 5.175 3.720 7.210 12.799 11.355 6.789 0.895 4.754 3.106 13.071 8.193 14.712 7.565 14.719 15.120 10.756 4.271 0.562 11.168 10.017 12.552 5.865 4.312 11.329 6.742 9.975 3.778 3.362 10.129 3.452 6.913 10.288 1.094 15.577 4.110 9.777 9.598 3.872 6.881 4.087 11.153 9.387 4.538 6.869 11.881 10.965 3.112 7.864 6.471 16.260 3.278 12.519 7.991 14.105 8.605 11.479 1.171 11.376 9.310 13.053 4.531 13.252 15.164 4.302 12.460 1.543 2.030 10.967 7.417 9.764 13.954 12.549 13.108 8.302 6.392 14.278 7.325 13.785 10.421 12.833 8.803 6.228 9.187 13.700 8.571 2.123 7.192 5.360 9.183 2.558 12.575 5.909 9.027 9.556 9.085 4.186 10.449 10.967 8.060 2.381 10.416 3.769 0.341 14.304 2.815 4.395 2.123 13.178 10.271 
12.638 10.939 14.691 13.336 9.049 7.874 10.806 9.652 12.801 5.101 9.190 11.619 14.013 13.843 8.218 8.159 7.116 8.343 6.779 7.981 15.090 9.053 3.679 12.492 9.289 6.140 3.907 1.489 6.815 6.276 7.477 10.251 7.635 4.039 10.670 4.635 4.046 12.830 5.845 12.684 5.151 12.699 14.378 11.253 12.989 7.474 6.915 10.437 7.303 10.208 13.743 3.266 10.398 10.406 8.510 11.791 8.017 13.901 5.913 11.106 7.086 12.765 5.503 14.033 7.941 6.632 4.585 5.613 7.667 13.266 12.796 10.579 5.338 4.734 1.508 12.326 11.367 6.870 7.667 6.407 11.982 15.490 8.158 9.150 7.984 3.208 13.238 7.379 10.290 12.010 5.286 9.659 5.559 9.023 12.521 14.228 7.168 6.420 1.248 6.390 9.538 10.569 11.710 7.391 11.403 12.089 9.202 7.241 5.650 8.497 6.562 9.986 1.731 1.551 13.995 1.490 11.080 6.495 7.772 4.836 7.990 1.410 13.628 4.517 12.662 8.114 12.048 12.101 4.658 5.290 8.681 12.643 9.820 7.184 10.176 11.413 5.376 7.756 8.957 1.097 13.884 3.415 9.831 2.392 11.164 3.161 14.441 6.406 11.980 4.078 9.275 6.293 13.006 12.296 2.877 7.965 4.269 3.580 7.608 5.250 5.007 12.024 12.000 8.874 2.804 4.628 12.952 7.712 13.650 9.102 12.062 9.862 7.833 4.654 13.940 8.079 3.713 1.696 9.024 10.690 7.509 7.265 7.446 7.181 11.311 4.827 1.948 8.449 8.708 10.202 7.639 8.741 8.058 5.363 13.342 7.372 8.242 4.012 11.627 12.693 
3.059 4.115 7.198 7.912 6.734 3.804 2.298 9.778 2.517 11.092 6.277 8.204 4.192 2.599 6.625 10.450 12.729 5.615 13.567 5.566 6.997 8.518 9.695 1.416 2.316 5.479 10.776 10.071 8.000 14.021 11.937 1.880 7.890 9.510 6.255 6.953 7.517 2.218 7.267 2.446 11.153 2.171 4.238 7.643 4.282 11.970 11.378 1.256 9.354 5.558 2.417 10.183 1.784 6.580 4.995 6.207 11.777 8.447 7.053 4.697 7.493 5.787 9.138 7.983 9.816 4.941 13.144 7.032 12.153 1.973 4.229 2.961 12.255 10.661 11.133 2.918 0.318 14.125 4.059 8.326 2.146 8.389 9.086 9.320 4.108 10.383 3.084 7.681 4.740 5.826 7.670 10.114 8.343 5.602 1.002 7.648 5.277 12.710 10.622 9.165 6.734 6.031 6.039 4.572 6.765 6.302 2.805 8.258 11.537 4.798 6.659 4.449 9.851 12.181 7.103 10.745 3.466 8.444 10.055 10.940 10.230 11.258 8.447 11.664 6.297 9.359 5.764 6.249 8.408 6.283 10.289 4.231 2.896 7.880 7.832 0.183 12.956 10.428 4.539 12.418 5.689 9.665 4.714 12.350 5.650 11.211 7.939 11.477 2.323 10.605 7.326 7.554 1.469 5.968 9.259 9.042 11.035 11.683 6.257 6.342 9.392 3.448 0.488 8.508 11.374 6.957 2.643 4.737 2.126 2.646 0.877 3.895 6.082 8.942 2.666 3.633 12.351 12.544 8.622 4.354 14.474 11.827 6.300 4.542 4.718 8.423 10.285 3.785 4.035 5.678 11.529 3.236 9.817 12.209 2.316 10.351 9.083 12.774 2.380 6.178 
10.933 4.530 1.104 1.452 14.088 8.413 6.089 6.542 5.679 11.077 5.390 3.517 11.742 6.787 13.688 8.318 18.760 12.700 19.266 12.470 1.796 15.769 14.685 9.070 8.873 10.500 15.849 13.320 7.937 13.352 10.209 6.997 14.709 14.682 14.043 10.718 11.318 9.882 13.196 5.701 11.094 6.040 11.594 3.588 12.181 10.245 17.595 7.639 8.176 13.276 6.993 14.973 6.943 4.183 12.108 2.837 9.661 1.253 12.981 4.038 7.561 13.771 9.486 0.673 16.598 9.955 18.018 9.019 10.294 9.077 12.158 5.664 11.995 10.987 13.403 5.079 7.757 13.073 10.018 8.401 10.104 0.943 16.011 6.614 7.679 15.144 10.739 14.403 12.498 13.799 9.293 6.824 9.138 5.638 7.677 0.387 7.853 11.744 13.339 8.796 14.233 4.030 13.985 8.159 14.648 14.270 9.820 7.654 11.094 11.881 12.918 12.126 13.337 14.313 0.888 14.573 4.921 8.370 8.299 16.405 8.266 15.060 1.552 11.964 14.285 7.516 2.776 2.550 9.948 10.345 7.771 3.757 6.403 7.569 4.762 7.892 18.238 8.611 6.111 15.668 13.540 11.332 12.345 16.408 13.545 15.887 0.145 10.518 5.665 15.772 14.721 8.312 7.733 13.951 11.703 15.908 11.588 12.581 13.038 10.924 15.046 11.430 8.175 15.706 15.858 10.738 10.342 7.494 7.676 9.378 8.697 5.572 6.784 14.406 6.851 8.232 13.144 16.135 6.263 4.564 13.067 18.092 7.158 10.266 3.877 13.929 12.682 10.566 11.105 4.447 9.690 10.003 7.890 11.931 9.603 8.842 7.228 13.404 10.368 2.118 
8.213 7.311 11.390 10.553 5.536 3.661 6.720 8.467 8.650 6.119 6.447 9.302 9.612 9.542 4.689 7.730 7.353 4.409 7.742 3.998 11.643 6.293 3.139 8.032 4.852 1.682 4.304 3.009 5.210 8.684 8.124 6.028 4.762 3.151 6.890 0.986 0.796 8.365 2.561 8.534 6.192 8.497 9.958 8.792 8.662 8.141 6.358 6.094 6.470 6.267 9.421 3.455 6.172 7.667 4.381 8.724 8.376 11.173 2.460 7.639 5.125 8.690 4.925 11.121 6.084 2.215 6.541 3.163 8.367 8.807 8.474 6.644 7.064 5.574 4.387 8.305 6.982 9.058 3.201 5.074 7.525 12.371 5.847 7.864 4.052 3.637 8.795 4.411 6.154 8.012 3.431 8.636 4.328 5.987 8.133 11.165 3.699 7.958 3.719 5.643 5.994 7.603 7.787 3.484 7.694 8.189 4.737 5.749 6.756 4.308 2.941 5.790 2.735 5.361 10.812 3.605 7.269 5.232 7.231 4.885 7.487 4.123 10.962 6.206 8.701 7.092 8.800 8.999 3.534 1.203 8.015 8.886 5.817 5.463 7.987 7.015 6.694 7.434 5.456 5.270 9.680 3.829 5.690 5.300 7.194 4.426 11.424 7.176 7.871 4.226 5.975 4.397 8.614 8.302 2.907 5.671 5.591 5.743 3.889 0.812 3.674 7.652 7.577 6.139 4.477 0.962 8.496 4.069 9.266 4.640 7.611 6.177 5.011 2.995 9.633 3.878 6.318 5.402 7.417 7.145 9.606 6.854 4.727 2.715 7.833 2.609 3.632 4.022 4.354 7.140 7.990 4.279 7.305 7.047 8.876 7.119 7.040 6.760 7.183 9.472 
8.339 11.371 15.474 15.159 2.951 7.493 10.083 13.784 11.546 11.157 11.370 14.257 9.298 11.805 2.665 13.083 3.698 3.628 4.756 3.667 15.536 1.835 3.754 9.304 7.306 5.583 3.824 6.696 10.547 13.309 13.347 9.170 1.348 3.399 4.532 6.327 6.070 9.132 2.896 11.446 11.228 11.260 9.766 13.700 7.984 13.360 2.319 8.775 11.828 4.580 11.602 4.183 9.272 12.491 4.238 13.228 13.658 15.787 3.073 11.855 10.416 6.896 10.239 15.596 0.740 6.040 5.453 8.484 13.585 10.002 7.798 10.330 11.918 10.626 8.344 11.571 9.245 13.802 5.886 10.429 8.231 16.590 0.754 13.178 8.292 4.277 9.039 1.554 5.194 6.069 8.788 13.969 9.680 10.775 10.157 15.506 8.520 12.924 7.579 10.992 3.290 12.280 5.650 7.914 4.966 5.905 6.498 11.084 11.807 4.430 2.986 5.208 6.307 8.925 15.059 5.941 11.070 10.588 12.585 3.179 12.842 6.139 15.631 11.016 6.524 12.443 13.134 13.452 8.845 6.257 13.373 12.574 9.528 10.779 13.064 9.187 4.748 12.779 9.931 7.454 8.241 8.790 4.924 6.207 5.335 4.684 15.791 12.339 10.988 3.593 2.696 9.729 10.533 6.295 7.743 0.579 10.486 10.309 2.990 5.535 2.424 7.459 9.440 1.669 5.072 6.303 8.983 8.657 11.141 6.817 9.166 10.326 10.033 2.876 11.860 7.665 10.720 7.011 12.689 11.330 14.407 2.688 9.827 5.628 12.015 2.948 7.948 5.560 5.200 11.788 13.265 6.153 12.663 11.916 9.778 12.454 12.378 11.115 7.758 13.777 
12.478 7.176 9.712 7.819 11.660 6.682 8.155 3.230 9.912 1.867 4.512 5.809 13.880 11.354 10.857 1.637 12.912 10.330 12.903 9.919 10.300 12.606 8.580 11.397 8.541 6.855 9.477 5.867 2.040 4.322 1.974 8.179 11.085 8.794 12.735 5.424 5.579 12.080 8.889 9.815 1.873 10.002 14.066 5.651 13.371 2.002 12.235 8.798 1.063 11.993 11.369 8.543 8.297 5.327 10.074 6.870 2.068 8.266 8.779 6.992 2.561 14.022 1.405 8.596 12.351 6.816 10.948 3.562 2.212 12.008 13.222 7.593 2.773 1.929 5.052 9.144 9.734 4.241 7.892 1.727 11.545 10.181 12.168 2.836 6.038 8.626 12.822 10.732 11.611 13.521 3.028 3.175 2.081 4.874 10.693 8.960 4.887 2.792 5.382 0.882 12.074 5.773 13.413 5.750 13.553 13.818 9.118 1.901 1.873 9.917 9.196 11.176 6.115 5.664 8.917 7.258 7.666 1.597 1.250 10.346 1.461 7.581 7.951 2.766 14.213 1.791 7.354 7.174 2.800 5.738 2.155 8.770 7.241 2.221 4.477 9.853 11.566 1.245 5.644 7.571 14.672 3.244 11.191 8.852 12.805 9.067 9.095 1.489 9.121 9.531 12.172 2.562 11.126 13.795 4.197 11.989 2.528 3.530 10.022 6.403 9.628 12.285 10.518 12.457 8.845 5.445 12.408 5.350 11.621 8.726 10.851 6.543 4.006 8.977 11.463 6.752 3.997 8.225 2.995 6.832 4.491 12.696 3.743 7.645 7.167 8.743 4.670 8.992 9.570 5.657 1.702 8.845 1.582 2.711 12.329 0.867 2.037 4.202 11.414 7.846 
14.160 9.247 11.765 9.806 12.686 8.348 10.134 4.919 11.945 1.046 6.604 7.760 15.583 13.364 11.846 3.064 12.865 11.467 12.664 11.050 12.367 13.395 8.757 13.221 10.218 8.079 9.457 5.758 4.026 2.231 1.625 10.077 11.854 9.035 13.936 6.413 6.366 13.860 9.660 11.845 0.973 12.018 15.805 7.662 14.967 1.612 12.399 10.646 3.125 13.242 13.367 8.587 10.203 7.412 11.306 8.952 2.257 10.216 9.593 9.081 4.557 15.446 2.772 10.588 12.859 8.172 10.515 5.032 1.775 13.869 14.806 9.599 0.830 1.590 4.446 11.194 11.606 2.229 9.324 3.623 13.258 12.181 12.802 4.677 7.816 8.624 14.558 11.515 12.959 14.875 4.400 4.753 3.582 6.938 12.613 10.980 6.641 0.837 5.029 2.838 13.134 7.867 14.719 7.442 14.753 15.127 10.684 3.977 0.408 11.177 10.102 12.540 6.096 4.682 10.965 7.020 9.718 3.535 2.962 10.381 3.041 7.214 9.895 1.422 15.573 3.727 9.444 9.252 3.841 6.888 3.667 10.859 9.185 4.266 6.497 11.717 11.273 2.699 7.635 6.825 16.209 3.409 12.516 8.322 14.112 8.887 11.099 0.750 11.141 9.560 13.137 4.347 13.061 15.158 4.452 12.613 1.752 2.380 11.033 7.453 9.962 13.882 12.385 13.232 8.593 6.430 14.158 7.162 13.582 10.335 12.682 8.563 5.994 9.371 13.473 8.451 2.530 7.542 4.982 8.906 2.608 12.821 5.689 9.002 9.258 9.247 4.430 10.414 10.947 7.751 1.953 10.358 3.371 0.771 14.157 2.414 4.019 2.549 13.082 9.926 
10.692 6.902 10.345 8.867 9.132 4.955 7.269 5.365 9.232 2.613 4.788 7.124 12.125 10.514 8.304 4.227 10.296 7.874 10.370 7.457 10.803 9.968 5.928 9.928 6.789 4.468 6.885 3.460 2.325 5.467 4.449 6.993 8.436 6.123 10.335 2.837 2.903 10.497 6.232 9.121 2.685 9.223 12.379 6.764 11.432 4.467 9.563 7.443 3.085 9.634 10.473 5.939 7.133 5.966 7.698 7.413 4.713 9.422 6.135 6.946 2.602 11.845 1.312 9.581 9.654 4.578 8.558 1.670 4.693 10.627 11.265 6.863 3.714 2.096 3.255 8.598 8.425 5.704 5.745 1.942 9.826 11.073 9.487 4.809 4.604 6.041 11.138 8.086 9.351 11.266 1.062 5.442 1.071 4.747 9.514 9.808 3.480 4.440 3.248 2.161 9.567 6.191 11.109 4.121 11.153 11.517 7.159 2.778 3.204 7.567 6.593 8.934 3.625 4.197 9.615 4.853 7.195 2.050 3.750 7.721 4.002 5.255 9.143 3.005 11.964 3.842 7.734 7.728 0.285 3.280 4.619 8.627 6.259 2.692 5.682 8.517 9.079 3.884 4.981 5.591 12.641 1.204 8.907 6.597 10.501 6.562 10.008 3.524 8.394 6.918 9.610 1.839 9.987 11.550 1.708 9.306 2.362 3.015 7.479 3.866 6.936 10.353 9.178 9.814 6.388 2.856 10.758 4.061 10.567 6.845 9.408 5.950 3.558 6.281 10.620 5.094 3.685 6.138 4.587 6.604 6.179 10.031 3.165 5.404 7.148 6.043 2.555 6.825 7.345 5.873 4.323 6.806 3.921 3.679 10.858 3.536 3.901 4.095 9.610 8.352 
7.274 0.603 4.613 4.228 9.344 3.514 1.968 5.630 3.325 8.113 2.233 4.000 8.454 4.815 8.873 6.603 13.886 7.914 14.434 7.651 4.859 10.964 9.910 5.656 4.226 5.619 11.081 8.957 4.679 10.914 8.319 2.588 9.839 9.877 9.532 6.055 6.682 6.477 8.298 3.238 8.157 3.469 8.483 3.421 8.448 8.355 12.702 3.360 5.726 8.734 4.868 10.243 2.611 2.318 7.349 2.295 8.023 4.846 8.083 0.867 4.155 9.743 6.168 4.601 11.712 5.063 13.326 4.792 8.503 6.045 8.366 1.301 9.237 7.816 9.417 2.525 3.951 10.866 5.148 5.120 6.315 5.648 11.143 5.239 2.800 10.424 7.346 9.526 8.017 9.582 5.268 5.978 5.523 1.751 4.546 4.513 3.215 9.417 9.169 5.851 9.541 1.780 9.681 3.320 10.221 10.019 5.179 4.725 8.393 7.122 8.022 7.604 8.896 10.430 4.093 10.075 1.057 5.180 6.293 11.580 6.417 10.586 4.736 8.875 10.165 5.505 2.133 2.477 6.038 5.590 6.326 2.329 1.678 4.421 3.586 4.099 13.465 6.677 1.395 11.395 9.866 7.486 7.783 11.895 9.166 11.202 4.794 8.114 2.594 10.986 9.977 4.604 4.885 9.784 7.545 11.034 8.332 9.201 8.186 6.107 10.182 7.490 4.659 10.890 11.218 6.072 6.905 2.738 5.249 4.705 5.135 0.675 2.794 9.556 4.922 3.336 9.851 11.760 4.553 0.356 11.094 13.199 3.169 5.372 1.050 9.067 8.605 5.799 6.380 1.419 7.848 5.273 5.980 9.181 6.489 6.697 5.197 10.211 6.417 2.782 
9.846 3.742 0.437 1.993 13.175 7.668 5.140 6.878 4.578 11.091 5.125 3.869 10.630 5.664 12.813 8.556 18.074 11.813 18.631 11.604 1.035 14.882 14.098 7.978 7.959 9.810 15.267 12.937 7.803 13.526 10.459 6.063 13.878 14.071 13.055 10.189 10.806 8.784 12.463 4.605 11.115 4.941 10.476 3.765 11.094 10.496 16.873 6.664 8.244 12.299 5.870 14.417 5.996 4.024 11.210 2.504 9.954 2.120 12.244 3.335 7.378 12.704 9.380 1.461 15.787 9.245 17.489 8.646 10.569 7.965 11.075 4.780 12.074 10.946 13.156 4.016 6.716 13.297 9.207 8.277 9.032 1.508 15.175 6.852 6.996 14.594 9.636 13.583 11.511 12.757 8.988 7.190 8.946 5.232 6.581 0.903 7.315 11.923 13.029 8.767 13.298 3.720 12.955 7.514 13.639 13.231 8.894 7.590 11.173 10.984 12.139 11.150 12.922 14.104 0.470 14.138 4.034 8.268 8.472 15.777 8.473 14.637 2.336 11.959 13.228 7.658 2.211 2.188 9.688 9.764 8.049 2.716 5.565 7.450 4.884 6.847 17.654 8.810 5.513 15.331 12.443 11.109 11.378 15.971 12.531 15.359 1.129 10.657 4.616 15.177 13.805 8.075 6.623 12.901 11.384 15.080 11.535 12.506 12.195 10.301 14.376 10.364 7.100 14.827 15.356 10.208 9.242 6.898 6.555 8.468 7.619 4.848 6.421 13.752 5.727 7.475 13.099 15.758 6.405 3.845 13.345 17.367 6.810 9.488 3.148 13.263 12.399 9.682 10.199 4.053 9.939 9.107 8.070 12.012 8.492 9.001 7.353 13.389 9.311 1.562 
5.715 2.390 6.500 6.314 7.257 1.620 1.527 6.938 3.524 8.126 3.479 5.927 7.038 4.688 6.794 7.454 12.013 5.829 12.638 5.572 6.618 8.883 8.245 4.411 2.199 3.815 9.409 7.810 4.972 11.048 8.909 1.180 7.790 8.162 7.492 4.697 5.326 5.140 6.373 3.407 8.184 3.447 7.162 5.335 6.788 8.942 10.782 1.810 6.332 6.689 4.635 8.637 1.310 4.126 5.262 4.381 8.759 6.931 6.152 2.902 4.464 7.897 6.154 6.664 9.685 3.223 11.725 4.175 9.125 5.000 6.678 1.431 9.291 7.721 8.598 3.081 2.726 11.125 3.102 5.305 4.744 7.606 9.093 6.435 1.305 8.828 5.941 7.486 5.999 7.654 4.789 7.260 5.376 2.758 3.721 6.534 2.363 9.701 8.201 6.140 7.458 3.701 7.716 1.891 8.204 8.072 3.132 5.233 8.544 5.036 6.027 5.575 7.672 9.648 6.076 8.749 2.126 5.419 7.046 9.815 7.228 9.271 6.822 8.748 8.271 6.375 4.191 4.560 5.558 4.107 7.330 3.721 0.590 4.853 5.203 2.846 11.762 7.415 1.623 10.252 8.188 6.910 5.739 10.512 7.177 9.637 6.822 8.457 2.701 9.288 7.891 4.551 4.179 7.875 6.683 8.990 8.136 8.857 6.123 4.466 8.353 5.756 3.510 8.812 9.707 4.709 5.509 1.785 4.735 2.651 3.862 1.432 3.061 7.762 4.793 1.408 9.528 10.513 5.742 2.383 11.459 11.273 3.271 3.378 3.047 7.255 7.749 3.713 4.298 3.238 8.504 3.194 6.824 9.242 5.335 7.328 6.112 9.934 4.735 4.813 
2.689 5.261 8.880 9.262 4.779 3.138 3.490 10.199 4.416 10.565 6.779 9.171 4.118 4.554 4.644 10.527 10.784 3.635 11.652 3.598 8.767 6.558 7.970 2.332 1.276 4.090 9.001 8.756 7.861 13.469 11.782 2.637 5.912 7.752 4.486 5.786 6.264 2.617 5.427 4.329 10.632 4.094 4.375 8.582 3.577 11.812 9.424 1.926 9.315 3.731 4.356 8.485 2.656 7.401 3.016 7.407 11.731 9.843 5.223 5.851 7.410 4.591 8.714 9.457 7.836 3.666 11.356 6.445 12.013 3.113 3.442 4.021 11.705 10.082 10.005 4.642 2.037 13.662 2.553 8.094 1.832 10.065 7.105 9.671 3.824 8.685 3.144 5.709 2.940 4.391 7.085 10.510 7.901 6.054 2.910 9.196 4.934 12.308 9.410 8.935 4.813 6.933 4.501 4.066 5.100 4.830 1.025 8.226 11.086 2.823 4.772 2.585 8.487 11.029 8.672 9.247 4.711 8.234 10.081 9.091 10.288 9.743 9.792 11.011 4.982 9.490 7.072 7.519 7.737 5.116 10.479 5.864 3.530 7.832 8.510 1.958 11.105 10.429 4.915 10.985 4.937 8.814 2.826 10.740 4.012 9.503 9.492 11.163 4.026 8.816 5.383 7.254 3.310 4.595 8.229 7.062 10.365 10.874 4.293 4.981 7.542 2.503 2.200 6.541 9.702 5.783 2.792 4.528 3.945 1.176 2.015 4.630 6.152 7.141 4.612 3.065 11.526 11.029 8.989 5.398 14.082 9.866 6.256 3.037 5.933 6.632 9.181 1.935 2.077 6.497 11.433 1.495 9.913 11.666 3.128 10.282 9.255 11.965 1.609 7.591 
13.271 11.663 15.401 14.022 9.513 8.587 11.529 10.237 13.522 5.544 9.888 12.280 14.635 14.556 8.697 8.690 7.042 8.883 6.590 8.533 15.805 9.401 4.010 13.170 9.978 6.818 4.033 2.200 7.474 6.406 7.888 10.967 8.031 4.375 11.161 5.348 4.751 13.491 6.352 13.405 5.588 13.418 15.008 11.926 13.587 7.882 6.984 11.143 7.891 10.731 14.454 3.536 11.115 11.098 9.082 12.495 8.455 14.582 6.437 11.826 7.762 13.301 6.116 14.724 8.179 7.322 4.312 6.328 8.066 13.946 13.392 11.305 5.650 5.223 2.025 13.050 12.069 7.029 8.338 7.055 12.634 16.190 8.458 9.750 8.708 3.440 13.880 7.795 10.851 12.533 5.986 10.229 6.220 9.735 13.223 14.927 7.893 6.721 1.937 6.992 10.001 11.273 12.220 8.114 11.876 12.592 9.864 7.885 6.054 9.080 7.087 10.561 2.408 1.669 14.700 1.865 11.806 7.136 8.322 4.928 8.533 1.577 14.305 4.883 13.175 8.705 12.759 12.806 5.339 5.999 9.229 13.368 10.544 7.845 10.837 12.112 5.186 8.283 9.681 0.521 14.446 4.046 10.396 2.121 11.687 3.215 15.138 6.832 12.703 4.230 9.702 6.977 13.708 12.818 3.580 8.268 4.715 3.924 8.125 5.933 5.310 12.638 12.694 9.221 2.826 5.340 13.602 8.438 14.353 9.779 12.746 10.587 8.543 5.035 14.653 8.794 3.941 1.248 9.653 11.412 7.668 7.296 8.154 7.849 12.031 5.266 2.607 9.091 9.326 10.911 8.087 9.401 8.624 5.682 14.011 7.900 8.847 4.176 12.271 13.402 
