25 50 100
68.857 37.809 94.116 125.500 46.713 140.606 30.077 84.826 146.959 29.049 53.541 110.545 35.174 47.399 66.069 136.029 121.630 43.205 126.136 44.144 26.427 46.330 114.315 41.038 107.415 
143.150 106.552 176.716 34.856 213.232 136.130 108.751 113.697 68.480 38.753 99.714 89.552 169.934 64.832 189.355 18.699 177.073 186.846 86.310 33.707 192.477 159.025 99.561 145.968 131.508 171.211 175.944 149.228 215.306 74.260 34.392 53.235 80.385 160.710 211.210 110.429 62.201 179.274 15.477 19.561 155.209 97.389 18.837 164.820 103.253 125.146 95.267 64.588 80.921 111.450 
7.511 21.457 25.848 19.215 18.930 28.685 20.177 22.384 5.008 22.884 14.374 6.073 15.373 26.206 14.364 13.992 27.795 29.531 15.541 12.841 20.778 22.307 18.117 22.497 9.421 21.071 29.990 13.453 25.542 5.015 33.518 18.771 21.650 6.309 6.877 26.011 14.977 24.466 25.844 21.167 20.115 8.681 23.319 26.450 29.494 9.281 30.143 5.724 19.277 13.009 8.433 28.331 28.661 19.675 7.531 33.275 20.726 13.411 13.948 18.219 5.222 26.757 31.970 15.111 16.090 10.355 15.820 29.485 10.716 6.227 23.765 19.840 28.977 22.073 34.335 16.549 31.456 5.779 21.458 14.118 30.339 5.567 17.821 25.938 24.093 5.850 11.075 28.063 6.420 34.968 6.888 29.622 17.441 29.390 23.733 21.043 7.976 8.544 17.610 32.703 
1126.638 1016.064 1254.034 608.155 1365.448 1169.954 957.520 1018.412 794.080 654.671 913.823 941.293 1172.351 727.850 1264.140 437.171 1289.517 1277.594 921.837 586.568 1235.502 1217.919 976.986 1089.204 1143.504 1158.536 1186.512 1134.499 1318.612 823.681 511.806 676.764 825.269 1270.065 1345.062 936.328 744.853 1220.182 422.460 471.697 1148.059 933.882 489.107 1141.200 969.301 1063.562 937.721 735.034 850.491 1050.839 
6.761 4.057 7.861 5.314 1.973 6.846 7.055 8.155 6.864 3.009 7.323 1.097 4.826 6.093 4.375 8.122 1.669 5.008 8.712 4.975 2.795 4.060 5.099 5.300 3.013 1.532 3.259 4.594 7.918 5.885 3.285 8.820 3.480 2.248 5.962 7.576 4.559 5.329 6.757 7.942 1.698 4.659 7.998 3.795 5.644 7.651 3.152 2.581 1.760 3.242 
4.102 4.818 5.532 2.916 2.486 4.725 5.385 5.723 4.196 1.019 5.521 1.595 4.524 3.477 2.395 5.456 2.111 2.808 6.040 2.293 0.554 1.489 4.585 2.668 3.152 3.306 3.795 1.923 5.358 3.855 2.855 6.241 1.039 1.634 3.292 5.560 2.504 5.081 4.176 5.342 1.858 6.001 5.371 1.436 4.528 5.735 1.646 2.797 3.150 0.769 
2.669 8.439 6.136 3.546 7.572 6.684 8.159 0.797 3.654 6.732 7.901 7.790 9.736 4.472 6.669 2.056 7.529 3.928 2.144 4.424 6.091 4.875 9.560 4.706 7.240 9.669 9.796 4.566 4.755 3.407 6.587 4.791 6.124 6.777 4.022 2.610 6.531 10.185 4.571 1.324 7.358 12.128 1.532 6.118 8.755 7.690 7.224 8.886 8.410 6.199 
3.259 4.425 5.804 1.574 2.648 5.290 6.256 4.414 3.786 2.378 6.295 2.691 5.954 3.378 3.382 4.604 2.490 1.321 5.211 1.949 1.060 0.751 5.969 2.642 2.779 4.691 5.316 1.460 5.254 2.340 2.228 6.047 2.027 1.736 2.959 4.054 3.411 6.503 4.106 4.274 2.286 7.509 4.371 2.342 5.731 6.411 3.032 4.318 3.485 1.876 
7.399 1.703 9.513 5.528 1.543 8.681 9.166 8.107 7.893 4.773 9.369 2.803 7.276 7.337 6.255 8.725 1.872 5.020 9.332 5.972 3.721 4.794 7.523 6.533 1.676 3.959 5.745 5.495 9.245 5.524 2.313 10.093 5.012 2.493 7.021 6.976 6.401 7.793 8.062 8.288 2.125 6.963 8.429 5.402 7.939 9.634 5.162 5.023 0.866 4.740 
5.796 3.039 7.608 4.116 0.605 6.763 7.278 6.904 6.132 2.862 7.467 1.043 5.669 5.501 4.343 7.155 0.189 3.723 7.760 4.193 1.888 3.085 5.861 4.691 1.645 2.915 4.351 3.741 7.402 4.507 1.813 8.270 3.098 0.867 5.239 6.164 4.486 6.213 6.217 6.848 0.289 6.053 6.944 3.486 6.141 7.722 3.288 3.471 1.073 2.827 
6.395 8.655 4.633 6.424 6.205 3.380 2.645 8.680 5.593 3.216 3.063 4.591 0.792 4.658 2.444 7.366 5.756 6.604 7.761 4.806 4.769 5.100 0.499 4.367 7.137 3.955 2.236 4.899 5.538 7.664 6.988 6.343 3.549 5.646 5.045 9.214 2.551 1.126 4.849 7.767 5.559 3.959 7.636 3.308 0.868 3.518 2.572 2.416 6.500 3.684 
1.720 6.555 3.751 1.816 4.634 3.459 4.687 3.827 1.730 2.527 4.611 4.092 5.495 1.260 2.433 3.015 4.373 2.257 3.577 0.209 2.516 1.403 5.361 0.665 4.903 5.627 5.518 0.684 3.124 3.129 4.358 3.932 1.910 3.684 0.846 4.444 2.329 5.975 1.979 3.084 4.132 7.855 3.041 1.837 4.721 4.620 2.951 4.641 5.427 2.055 
5.052 3.068 8.511 3.133 3.353 8.182 9.239 4.696 6.057 5.269 9.251 4.623 8.795 5.995 6.387 6.077 3.620 2.568 6.627 4.653 3.723 3.660 8.862 5.406 2.459 6.692 7.859 4.233 7.677 2.228 2.012 8.314 5.012 3.190 5.449 3.133 6.416 9.354 6.662 5.346 3.629 9.797 5.582 5.344 8.719 9.329 5.915 6.878 3.959 4.830 
4.796 3.763 6.600 3.237 1.404 5.807 6.432 6.074 5.087 2.002 6.585 1.073 5.228 4.454 3.451 6.160 1.048 2.931 6.761 3.149 0.841 2.071 5.355 3.644 2.130 3.167 4.180 2.703 6.357 3.846 1.951 7.222 2.121 0.606 4.192 5.558 3.572 5.787 5.172 5.907 0.796 6.173 5.983 2.518 5.457 6.810 2.539 3.204 2.104 1.850 
5.319 5.803 5.586 4.502 3.352 4.509 4.693 7.219 5.064 1.075 4.952 1.756 2.983 4.169 2.074 6.600 2.903 4.463 7.140 3.429 2.200 3.039 3.126 3.466 4.293 2.123 2.121 3.231 5.831 5.523 4.193 6.742 1.692 2.834 4.216 7.216 2.273 3.541 4.738 6.661 2.706 4.378 6.637 1.822 3.392 5.281 0.844 1.131 3.692 1.597 
5.084 2.666 8.360 3.101 2.779 7.952 8.946 4.989 6.008 4.853 8.983 4.082 8.340 5.856 6.042 6.195 3.054 2.511 6.766 4.469 3.294 3.394 8.424 5.216 1.892 6.137 7.349 4.021 7.608 2.418 1.440 8.290 4.645 2.656 5.337 3.560 6.087 8.900 6.547 5.523 3.073 9.252 5.739 4.996 8.336 9.086 5.491 6.375 3.388 4.445 
7.869 0.566 10.690 5.865 3.020 10.042 10.751 7.929 8.641 6.323 10.891 4.636 9.252 8.295 7.764 9.065 3.467 5.278 9.650 6.865 4.942 5.662 9.459 7.548 2.228 6.101 7.820 6.377 10.162 5.358 2.690 10.928 6.390 3.738 7.859 6.395 7.874 9.789 9.022 8.440 3.678 9.136 8.643 6.788 9.727 11.093 6.833 7.021 2.835 6.129 
6.477 1.121 9.441 4.472 2.343 8.874 9.695 6.541 7.289 5.337 9.795 3.965 8.549 6.998 6.710 7.659 2.765 3.881 8.243 5.570 3.843 4.387 8.705 6.278 1.302 5.772 7.292 5.088 8.838 3.956 1.487 9.580 5.302 2.769 6.535 5.077 6.797 9.102 7.718 7.031 2.908 8.906 7.234 5.691 8.827 9.961 5.908 6.397 2.577 5.057 
7.193 5.516 7.515 6.071 3.372 6.374 6.288 8.896 7.042 3.008 6.619 1.992 3.605 6.163 4.031 8.513 3.006 5.882 9.072 5.311 3.510 4.664 3.934 5.438 4.428 0.131 1.906 5.032 7.830 6.862 4.623 8.741 3.607 3.416 6.175 8.581 4.236 4.058 6.741 8.487 2.960 3.236 8.494 3.801 4.688 7.003 2.834 1.534 3.221 3.444 
4.322 7.927 3.071 4.594 5.536 1.917 2.269 6.637 3.508 2.178 2.432 4.178 2.818 2.569 0.724 5.279 5.118 4.881 5.685 2.866 3.591 3.458 2.589 2.325 6.269 4.559 3.516 3.070 3.643 5.892 5.948 4.515 2.137 4.745 2.968 7.327 0.667 3.216 2.806 5.685 4.876 5.711 5.549 1.761 1.825 2.707 1.820 3.032 6.074 2.377 
4.251 10.461 0.302 5.736 8.274 1.379 2.414 6.405 3.013 5.118 1.987 7.187 5.503 2.818 3.735 4.320 7.913 6.259 4.377 4.196 6.109 5.350 5.132 3.463 8.774 7.815 6.665 4.662 1.624 6.963 8.298 1.967 4.779 7.364 3.382 7.831 3.544 5.668 2.193 5.138 7.660 8.670 4.874 4.399 3.948 1.581 4.972 6.283 8.949 5.051 
7.699 4.159 8.740 6.207 2.534 7.689 7.796 9.037 7.808 3.919 8.091 2.038 5.287 7.030 5.235 9.062 2.357 5.870 9.654 5.920 3.723 4.990 5.605 6.240 3.472 1.683 3.589 5.536 8.842 6.698 3.874 9.748 4.412 3.042 6.907 8.362 5.426 5.744 7.688 8.866 2.460 4.508 8.928 4.715 6.286 8.441 3.999 3.131 2.008 4.179 
2.846 4.783 6.400 0.966 3.838 6.211 7.409 2.993 3.863 4.069 7.356 4.363 7.611 3.895 4.800 3.937 3.853 0.544 4.514 2.680 2.826 2.047 7.585 3.415 3.471 6.424 7.079 2.363 5.489 0.569 2.818 6.107 3.612 3.132 3.320 2.287 4.773 8.149 4.521 3.302 3.717 9.281 3.500 3.839 7.195 7.372 4.708 6.083 4.663 3.528 
8.392 7.142 7.956 7.525 5.076 6.725 6.253 10.290 8.033 4.157 6.653 3.665 3.018 7.097 4.730 9.646 4.713 7.408 10.166 6.507 5.034 6.073 3.427 6.470 6.130 1.613 1.442 6.315 8.541 8.427 6.329 9.430 4.773 5.099 7.231 10.145 4.932 3.281 7.566 9.744 4.663 1.529 9.712 4.852 4.487 7.092 3.750 2.048 4.868 4.681 
3.767 4.487 7.489 2.079 4.168 7.343 8.548 3.201 4.882 5.080 8.493 5.043 8.650 5.000 5.911 4.665 4.301 1.670 5.192 3.818 3.698 3.128 8.646 4.550 3.524 7.149 7.996 3.498 6.509 0.850 2.920 7.065 4.670 3.671 4.415 1.781 5.893 9.195 5.599 3.890 4.223 10.123 4.139 4.926 8.305 8.504 5.730 6.995 4.921 4.559 
6.395 9.301 4.151 6.665 6.847 2.931 1.956 8.731 5.475 3.702 2.397 5.263 1.412 4.585 2.653 7.250 6.400 6.907 7.595 4.966 5.262 5.430 0.999 4.430 7.742 4.740 3.017 5.132 5.196 7.945 7.548 5.944 3.935 6.229 5.041 9.423 2.703 1.474 4.656 7.736 6.191 4.592 7.578 3.636 0.299 2.865 3.093 3.184 7.192 4.109 
5.329 8.467 3.562 5.562 6.025 2.308 1.949 7.650 4.470 2.744 2.278 4.519 1.927 3.551 1.558 6.248 5.587 5.814 6.628 3.861 4.279 4.349 1.636 3.339 6.857 4.420 3.012 4.030 4.398 6.846 6.610 5.218 2.894 5.329 3.974 8.317 1.598 2.256 3.707 6.686 5.361 5.011 6.542 2.569 0.837 2.681 2.198 2.817 6.459 3.091 
1.515 7.163 5.436 2.023 6.096 5.728 7.157 0.941 2.729 5.241 6.961 6.256 8.381 3.344 5.314 1.823 6.028 2.451 2.300 2.990 4.556 3.344 8.238 3.391 5.845 8.139 8.327 3.073 4.180 2.156 5.191 4.506 4.641 5.273 2.803 2.183 5.197 8.856 3.643 0.982 5.848 10.650 1.245 4.670 7.524 6.824 5.761 7.398 6.939 4.699 
7.384 4.662 8.164 6.030 2.736 7.080 7.127 8.875 7.394 3.416 7.433 1.775 4.578 6.575 4.652 8.736 2.454 5.751 9.317 5.552 3.475 4.722 4.897 5.803 3.757 0.992 2.889 5.205 8.342 6.651 4.062 9.251 3.954 3.030 6.500 8.349 4.849 5.039 7.207 8.607 2.486 3.979 8.647 4.223 5.591 7.794 3.416 2.431 2.403 3.741 
5.679 4.870 1.131 7.760 2.332 3.419 4.558 5.719 5.253 5.260 6.045 6.046 5.878 3.549 3.825 6.320 8.067 5.577 4.839 0.643 3.001 3.784 4.157 6.947 5.917 3.273 5.072 8.317 4.518 4.010 8.068 4.047 2.525 6.857 3.178 4.194 6.205 5.838 4.625 3.073 6.475 5.407 2.931 5.029 5.557 0.883 5.896 7.470 3.996 7.015 5.002 1.041 6.820 5.325 5.503 3.422 6.041 4.960 7.838 1.172 3.628 1.080 7.438 2.774 2.690 6.085 5.053 5.321 5.946 5.588 4.925 0.917 5.500 5.470 0.673 6.456 5.740 4.997 7.084 2.008 6.867 1.841 3.878 3.339 6.158 1.748 7.082 5.944 1.566 7.272 4.967 3.150 4.340 2.182 6.023 1.717 3.661 5.652 4.245 7.823 
4.365 10.967 7.939 5.674 6.274 10.356 8.703 8.946 7.365 2.424 1.495 6.136 7.535 4.256 3.623 1.582 8.857 2.327 7.649 7.116 10.103 8.786 10.932 5.351 1.680 5.005 8.943 7.914 11.287 6.375 8.380 3.403 8.652 9.303 5.610 9.143 10.325 4.746 4.289 4.381 1.732 2.041 4.707 2.911 2.460 8.214 2.547 1.935 9.267 1.410 8.083 8.484 3.376 4.936 3.137 10.448 3.250 10.651 8.129 8.309 9.216 7.648 1.784 9.378 6.584 1.380 6.406 6.172 7.818 5.106 3.728 6.738 3.252 7.842 6.861 12.570 4.230 2.482 9.568 8.931 0.755 5.609 3.912 7.107 11.410 5.728 2.448 4.757 8.815 2.513 9.225 5.595 10.346 6.697 10.101 8.808 10.637 1.837 5.324 6.631 
6.777 0.910 4.707 8.036 6.292 1.322 2.524 3.602 4.389 8.466 9.026 6.006 4.881 5.928 6.860 9.459 6.546 7.907 3.773 3.754 1.736 1.723 1.141 7.354 8.963 7.077 2.848 7.423 1.357 4.243 6.840 7.001 1.607 4.732 4.593 1.671 3.117 6.679 6.154 6.280 8.734 8.251 5.572 7.300 7.811 3.192 7.941 9.490 1.320 9.284 3.552 3.407 8.251 6.162 9.049 1.527 7.668 1.105 6.714 2.825 6.866 4.847 9.518 1.212 3.598 8.969 4.943 5.333 4.744 6.257 6.685 4.011 7.299 4.226 4.083 2.548 6.902 8.028 4.834 2.014 9.779 5.243 7.376 3.252 2.339 5.300 8.911 6.760 4.237 9.060 2.457 7.068 0.422 6.143 3.044 2.355 1.431 8.360 5.210 7.579 
4.356 6.334 2.574 6.608 1.748 5.213 5.119 6.039 5.054 3.266 4.040 5.255 5.612 1.899 1.833 4.324 7.769 3.709 4.852 1.791 4.864 4.647 5.896 5.810 3.912 1.762 5.579 7.681 6.264 3.601 7.621 2.065 3.832 7.004 2.391 5.083 6.928 4.624 3.249 1.072 4.591 3.416 1.283 3.219 3.718 2.822 4.114 5.624 5.017 5.111 5.160 3.046 5.223 4.197 3.638 5.258 4.421 6.251 7.363 2.992 4.515 2.306 5.575 4.372 2.619 4.084 4.504 4.641 5.771 4.503 3.369 1.456 3.854 5.413 1.484 7.982 4.376 2.993 7.266 3.740 4.862 0.192 1.965 3.452 7.330 0.291 5.314 4.728 3.391 5.510 5.630 2.016 5.736 2.001 6.714 3.535 5.479 3.679 3.307 6.913 
1.943 8.737 6.668 3.684 5.486 8.364 6.320 6.499 4.913 2.600 2.178 3.726 5.085 2.366 2.504 2.762 6.522 0.536 5.214 5.431 8.185 6.497 8.862 3.158 2.309 4.499 6.528 5.717 9.202 3.990 6.087 2.267 6.570 6.855 3.413 6.824 7.894 2.344 1.897 3.171 0.763 1.655 2.976 0.887 0.429 6.530 0.101 1.576 6.984 1.291 5.648 6.879 1.466 2.486 3.801 8.484 0.913 8.364 5.825 6.535 8.490 6.408 1.565 7.345 4.414 1.928 3.953 3.719 5.367 2.672 1.336 5.057 0.800 5.389 5.249 10.296 1.816 2.114 7.122 7.025 2.453 4.201 3.434 4.812 9.044 4.394 1.213 2.373 7.428 1.410 6.829 5.116 8.124 5.867 7.671 6.969 8.645 1.347 2.929 4.500 
5.804 1.612 5.155 6.879 6.429 2.484 1.284 2.356 3.191 8.025 8.478 4.858 3.651 5.350 6.427 8.959 5.295 7.190 2.583 3.822 2.794 0.717 2.395 6.231 8.441 7.004 1.594 6.171 2.581 3.282 5.585 6.531 1.707 3.508 3.902 0.447 2.113 5.657 5.320 5.951 7.965 7.682 5.112 6.594 7.075 3.616 7.142 8.633 0.251 8.500 2.322 3.948 7.292 5.166 8.749 2.695 6.775 1.155 5.459 3.232 7.514 5.228 8.677 1.907 2.978 8.387 3.836 4.224 3.501 5.221 5.875 3.976 6.466 2.992 4.125 3.087 5.937 7.535 3.630 2.586 9.185 5.084 7.109 2.402 2.066 5.195 8.024 5.730 4.889 8.158 1.215 7.105 1.095 6.361 1.982 2.920 2.645 7.740 4.316 6.369 
6.138 2.243 6.622 6.720 7.797 3.774 1.507 1.666 3.116 8.987 9.326 4.816 3.346 6.253 7.432 9.848 4.426 7.869 2.637 5.209 4.160 1.889 3.466 6.200 9.317 8.259 1.282 5.531 3.524 3.821 4.835 7.499 3.176 2.509 4.761 1.460 0.664 5.899 5.909 7.054 8.556 8.522 6.135 7.306 7.735 5.089 7.714 9.082 1.666 9.059 2.224 5.429 7.599 5.487 9.823 3.980 7.213 1.584 4.774 4.707 8.996 6.683 9.148 3.364 3.992 9.201 3.997 4.346 3.107 5.456 6.474 5.316 7.007 2.734 5.494 3.021 6.280 8.457 2.538 4.067 9.970 6.328 8.235 3.235 1.362 6.467 8.436 5.950 6.371 8.543 0.972 8.419 2.096 7.761 0.615 4.402 3.873 8.525 4.873 6.020 
7.199 7.015 1.439 9.440 1.374 5.309 6.917 8.058 7.451 5.223 6.147 7.972 8.061 4.739 4.332 6.205 10.260 6.353 7.099 2.901 4.811 6.145 6.069 8.636 5.966 2.652 7.429 10.354 6.398 6.091 10.198 4.578 4.842 9.174 5.026 6.551 8.565 7.457 6.092 3.641 7.178 5.755 4.129 5.946 6.396 2.967 6.835 8.239 6.339 7.645 7.303 2.748 8.030 7.009 4.926 5.240 7.229 7.201 9.954 3.348 1.683 1.319 8.166 4.933 4.844 6.286 7.096 7.300 8.163 7.308 6.206 2.960 6.661 7.720 2.704 8.503 7.221 5.222 9.409 4.131 6.936 2.835 3.732 5.589 8.425 2.596 8.021 7.561 2.144 8.218 7.331 2.120 6.546 0.959 8.386 3.790 5.490 6.092 6.045 9.688 
5.739 3.632 2.111 7.611 3.566 2.290 3.579 4.799 4.633 6.156 6.858 5.729 5.258 4.017 4.612 7.202 7.384 6.112 4.128 1.135 1.948 2.708 2.992 6.816 6.755 4.426 4.091 7.819 3.358 3.630 7.467 4.804 1.339 5.982 3.169 3.087 5.102 5.813 4.796 3.917 7.005 6.151 3.483 5.522 6.061 0.595 6.327 7.929 2.846 7.560 4.200 1.011 7.045 5.272 6.551 2.334 6.314 3.728 7.260 0.261 4.528 2.188 7.919 1.541 2.357 6.858 4.653 4.980 5.272 5.489 5.204 1.481 5.820 4.757 1.455 5.228 5.827 5.813 6.186 0.819 7.663 2.736 4.886 2.738 4.937 2.730 7.462 5.915 1.993 7.640 3.922 4.362 3.102 3.419 4.936 0.631 2.554 6.344 4.165 7.509 
1.907 5.512 5.333 3.579 5.253 5.518 2.963 3.242 1.785 4.833 5.001 1.814 2.216 2.210 3.477 5.559 4.285 3.445 1.912 3.606 5.480 3.236 5.868 2.782 5.024 5.030 3.179 4.190 6.172 0.647 4.109 3.451 3.688 3.863 1.146 3.517 4.569 1.852 1.475 3.437 4.121 4.208 2.453 2.905 3.305 4.456 3.281 4.714 3.721 4.633 2.341 4.897 3.383 1.313 5.859 5.680 2.848 5.076 3.850 4.281 7.729 5.184 4.764 4.493 1.677 4.844 1.010 1.135 2.435 1.476 2.038 3.360 2.579 2.244 3.633 7.005 2.032 4.258 4.139 4.442 5.581 3.443 4.526 1.625 5.690 3.678 4.096 1.945 5.752 4.230 3.471 5.453 4.923 5.456 4.343 4.524 5.787 4.154 0.445 3.579 
6.370 1.790 6.381 7.067 7.649 3.370 1.645 2.056 3.415 9.036 9.417 5.129 3.698 6.315 7.461 9.925 4.869 8.011 2.893 5.046 3.776 1.779 3.030 6.519 9.398 8.178 1.552 5.953 3.077 3.975 5.268 7.542 2.937 2.956 4.828 1.344 1.088 6.153 6.070 7.042 8.727 8.614 6.152 7.436 7.882 4.839 7.888 9.295 1.455 9.241 2.502 5.156 7.845 5.718 9.829 3.574 7.423 1.133 5.199 4.455 8.714 6.460 9.355 3.035 3.997 9.303 4.254 4.616 3.473 5.709 6.634 5.183 7.187 3.065 5.343 2.636 6.511 8.519 2.990 3.771 10.083 6.250 8.216 3.290 1.084 6.375 8.657 6.210 6.079 8.772 1.165 8.306 1.675 7.590 1.066 4.113 3.456 8.635 5.035 6.399 
0.296 7.582 6.618 2.452 5.911 7.516 4.961 4.970 3.364 3.960 3.747 2.079 3.471 2.369 3.223 4.340 4.892 1.994 3.744 5.084 7.428 5.306 7.910 1.738 3.846 5.220 5.094 4.180 8.224 2.713 4.481 3.056 5.679 5.235 2.620 5.574 6.404 0.707 1.041 3.628 2.342 3.084 2.972 1.748 1.825 6.101 1.548 2.708 5.790 2.767 4.171 6.509 1.317 0.899 5.150 7.665 0.855 7.135 4.215 6.010 8.767 6.404 2.780 6.484 3.536 3.519 2.412 2.127 3.757 1.033 0.955 4.750 0.916 3.831 4.994 9.058 0.184 3.392 5.498 6.326 4.097 4.279 4.335 3.684 7.680 4.513 2.061 0.753 7.230 2.177 5.436 5.784 6.994 6.228 6.186 6.349 7.790 2.865 1.735 3.053 
4.331 5.513 8.198 3.863 8.627 6.627 2.974 1.824 1.898 8.287 8.284 2.557 1.361 5.778 7.037 8.871 1.126 6.562 2.233 6.458 6.866 3.933 6.554 3.633 8.350 8.570 2.577 2.193 6.701 3.350 1.474 6.990 5.269 0.939 4.584 3.792 2.928 3.946 4.738 7.005 6.960 7.541 6.013 6.158 6.397 6.898 6.172 7.123 4.159 7.343 2.128 7.334 5.496 3.812 9.378 6.836 5.443 4.859 1.430 6.581 10.700 8.138 7.231 5.857 4.482 8.080 2.587 2.653 1.179 3.599 5.199 6.359 5.502 1.603 6.619 6.350 4.464 7.700 1.090 6.283 8.711 6.843 8.101 3.739 4.623 7.060 6.459 3.939 8.311 6.501 2.968 8.949 5.189 8.757 2.815 6.534 6.808 7.397 3.943 2.946 
4.963 3.408 2.908 6.731 3.997 2.575 2.719 3.907 3.675 5.971 6.575 4.810 4.300 3.550 4.372 6.981 6.431 5.616 3.173 1.392 2.404 1.941 3.135 5.946 6.498 4.619 3.233 6.864 3.494 2.717 6.509 4.528 0.910 5.073 2.445 2.361 4.362 4.995 4.099 3.767 6.488 5.821 3.116 5.011 5.543 1.518 5.753 7.349 2.199 7.045 3.261 1.958 6.334 4.451 6.533 2.690 5.642 3.334 6.302 1.219 5.391 2.917 7.355 1.579 1.518 6.539 3.722 4.060 4.316 4.645 4.561 1.555 5.186 3.804 1.693 5.059 5.063 5.556 5.287 1.284 7.352 2.740 4.861 1.788 4.460 2.817 6.836 5.094 2.931 7.006 3.118 4.682 2.806 3.942 4.177 1.355 2.857 5.966 3.356 6.582 
3.329 4.079 5.140 4.572 5.619 4.344 1.494 2.052 1.258 6.061 6.348 2.553 1.887 3.327 4.561 6.881 4.058 4.882 0.854 3.390 4.407 1.812 4.579 3.856 6.347 5.732 1.778 4.444 4.854 0.841 4.095 4.596 2.608 2.994 1.860 2.051 3.200 3.186 2.935 4.308 5.593 5.545 3.325 4.316 4.751 3.919 4.755 6.193 2.285 6.110 1.147 4.367 4.818 2.690 6.978 4.527 4.324 3.611 3.883 3.641 7.638 5.070 6.245 3.367 1.434 6.215 1.454 1.840 1.936 2.755 3.500 3.290 4.058 1.469 3.548 5.534 3.464 5.512 3.252 3.535 6.980 3.885 5.479 0.672 4.214 4.084 5.570 3.262 5.322 5.698 2.018 6.033 3.512 5.718 2.972 3.714 4.593 5.536 1.901 4.256 
7.034 4.912 0.879 9.083 2.901 3.132 5.349 6.575 6.358 6.393 7.231 7.309 6.986 4.901 5.066 7.449 9.137 6.899 5.879 1.954 2.626 4.453 3.888 8.272 7.087 4.117 5.859 9.505 4.209 5.231 9.195 5.300 3.033 7.759 4.507 4.806 6.802 7.181 5.988 4.301 7.794 6.646 4.275 6.366 6.889 1.194 7.242 8.804 4.529 8.326 5.971 0.773 8.184 6.661 6.459 3.050 7.404 5.176 8.979 1.533 2.816 1.160 8.766 2.902 3.907 7.298 6.275 6.570 7.018 6.915 6.289 2.275 6.861 6.511 2.037 6.339 7.099 6.198 7.962 2.129 8.055 3.098 4.934 4.438 6.414 2.953 8.433 7.287 0.224 8.624 5.669 3.808 4.500 2.573 6.649 1.786 3.299 6.915 5.569 9.093 
1.501 8.363 6.547 3.357 5.489 8.055 5.904 6.058 4.468 2.897 2.570 3.283 4.636 2.185 2.553 3.160 6.091 0.832 4.779 5.225 7.896 6.111 8.532 2.780 2.685 4.585 6.100 5.319 8.866 3.578 5.666 2.332 6.246 6.406 3.080 6.428 7.459 1.907 1.501 3.152 1.193 1.971 2.816 0.866 0.669 6.311 0.355 1.859 6.599 1.692 5.213 6.677 1.288 2.037 4.103 8.182 0.565 7.975 5.403 6.294 8.467 6.298 1.878 7.030 4.078 2.331 3.508 3.270 4.918 2.225 0.957 4.857 0.363 4.944 5.064 9.907 1.378 2.369 6.673 6.745 2.892 4.091 3.567 4.431 8.631 4.298 1.362 1.941 7.272 1.546 6.408 5.191 7.754 5.855 7.236 6.707 8.335 1.705 2.519 4.124 
4.123 6.849 3.102 6.399 1.925 5.787 5.463 6.304 5.198 2.672 3.449 5.203 5.722 1.628 1.268 3.730 7.833 3.218 5.063 2.374 5.447 5.068 6.460 5.619 3.320 1.494 5.901 7.639 6.827 3.739 7.641 1.509 4.350 7.207 2.495 5.500 7.279 4.429 3.034 0.504 4.083 2.843 1.119 2.773 3.244 3.415 3.666 5.130 5.462 4.588 5.403 3.638 4.851 4.051 3.093 5.837 4.052 6.733 7.377 3.579 4.865 2.822 5.072 4.924 2.925 3.500 4.557 4.646 5.904 4.364 3.059 2.025 3.484 5.589 2.073 8.501 4.125 2.405 7.475 4.314 4.273 0.773 1.420 3.746 7.779 0.856 4.861 4.529 3.950 5.058 5.987 1.913 6.243 2.263 7.061 4.118 6.055 3.120 3.277 6.788 
7.619 4.942 1.378 9.642 3.379 3.077 5.686 6.926 6.817 6.968 7.817 7.837 7.443 5.508 5.665 8.021 9.569 7.507 6.314 2.535 2.564 4.758 3.806 8.833 7.669 4.637 6.189 9.991 4.097 5.748 9.652 5.900 3.327 8.121 5.077 5.080 7.039 7.756 6.581 4.899 8.401 7.242 4.883 6.974 7.497 1.650 7.849 9.412 4.777 8.932 6.375 1.199 8.785 7.231 6.989 2.959 8.006 5.276 9.444 1.927 2.717 1.675 9.374 3.052 4.432 7.889 6.787 7.094 7.458 7.480 6.890 2.869 7.465 6.942 2.637 6.269 7.686 6.788 8.311 2.346 8.640 3.702 5.496 4.910 6.508 3.552 9.040 7.862 0.454 9.231 5.966 4.284 4.592 3.018 6.901 2.030 3.199 7.515 6.134 9.623 
3.864 4.760 2.982 5.880 3.264 3.988 3.354 4.320 3.525 4.570 5.149 4.161 4.130 2.132 2.964 5.565 6.329 4.216 3.216 1.256 3.767 2.899 4.566 5.069 5.076 3.531 3.822 6.470 4.924 2.170 6.274 3.109 2.312 5.347 1.306 3.332 5.159 3.986 2.873 2.414 5.100 4.391 1.688 3.616 4.153 2.215 4.398 6.001 3.296 5.657 3.476 2.629 5.119 3.460 5.212 4.089 4.378 4.592 6.033 2.140 5.416 2.849 5.995 3.008 0.929 5.109 3.198 3.444 4.241 3.712 3.266 1.013 3.882 3.819 1.287 6.410 3.940 4.137 5.599 2.599 5.922 1.606 3.563 1.737 5.613 1.771 5.524 4.091 3.419 5.702 3.862 3.743 4.142 3.357 4.946 2.541 4.270 4.537 2.366 5.934 
1.785 6.590 4.915 4.038 4.275 6.186 4.347 4.782 3.344 3.272 3.484 2.898 3.732 0.777 1.973 4.025 5.670 2.089 3.448 3.433 6.023 4.387 6.679 3.247 3.490 3.754 4.640 5.317 7.019 2.067 5.402 1.914 4.388 5.419 1.235 4.744 6.055 2.058 0.678 2.113 2.907 2.682 1.296 1.490 1.984 4.491 2.136 3.727 4.869 3.459 3.867 4.878 2.838 1.675 4.311 6.311 2.076 6.254 5.132 4.446 7.073 4.697 3.735 5.165 2.234 3.349 2.492 2.459 3.970 1.990 0.960 3.083 1.575 3.806 3.315 8.177 1.813 2.698 5.696 4.873 4.121 2.583 3.073 2.708 7.026 2.820 3.222 2.160 5.552 3.398 4.880 4.263 5.972 4.566 5.828 4.843 6.467 2.674 1.144 4.413 
3.017 5.891 3.651 5.214 3.212 5.200 4.104 4.846 3.690 3.464 3.972 3.792 4.214 0.923 1.869 4.418 6.339 3.015 3.576 2.192 4.972 3.867 5.770 4.406 3.913 3.003 4.505 6.217 6.126 2.231 6.171 1.972 3.497 5.710 0.987 4.278 5.913 3.237 1.926 1.513 3.906 3.200 0.557 2.422 2.960 3.277 3.236 4.836 4.311 4.461 3.933 3.644 4.094 2.775 4.244 5.300 3.317 5.662 5.910 3.275 5.866 3.440 4.822 4.215 1.598 3.918 3.064 3.183 4.395 3.073 2.199 1.830 2.784 4.086 2.053 7.531 3.061 2.987 5.980 3.801 4.730 1.419 2.690 2.356 6.597 1.660 4.396 3.343 4.288 4.581 4.642 3.396 5.269 3.448 5.689 3.720 5.481 3.331 1.844 5.464 
4.531 5.122 8.012 4.222 8.533 6.287 2.656 1.460 1.850 8.383 8.425 2.784 1.415 5.813 7.081 9.007 1.493 6.723 2.075 6.290 6.543 3.622 6.188 3.943 8.481 8.540 2.230 2.610 6.325 3.307 1.885 7.048 4.990 0.534 4.551 3.453 2.512 4.161 4.850 7.004 7.164 7.667 6.005 6.291 6.560 6.672 6.361 7.378 3.819 7.566 1.898 7.102 5.758 3.979 9.449 6.497 5.655 4.466 1.847 6.344 10.514 7.965 7.481 5.547 4.359 8.230 2.652 2.775 1.170 3.789 5.335 6.213 5.676 1.474 6.467 5.935 4.668 7.798 0.726 6.006 8.883 6.768 8.122 3.582 4.207 6.978 6.711 4.163 8.083 6.762 2.605 8.894 4.815 8.644 2.401 6.269 6.460 7.542 3.996 3.332 
4.171 4.017 3.175 6.009 3.837 3.372 2.705 3.764 3.210 5.311 5.862 4.146 3.837 2.786 3.703 6.294 6.022 4.829 2.798 1.430 3.214 2.166 3.897 5.213 5.797 4.236 3.196 6.318 4.248 2.051 6.035 3.838 1.610 4.859 1.635 2.602 4.483 4.221 3.289 3.168 5.693 5.092 2.408 4.221 4.750 2.051 4.949 6.543 2.548 6.249 2.986 2.500 5.527 3.678 5.965 3.495 4.831 3.838 5.811 1.852 5.673 3.108 6.550 2.358 0.754 5.810 3.091 3.400 3.900 3.888 3.750 1.381 4.376 3.427 1.618 5.665 4.266 4.863 5.097 2.086 6.622 2.306 4.314 1.293 4.865 2.442 6.026 4.322 3.412 6.195 3.189 4.401 3.397 3.869 4.277 2.117 3.654 5.216 2.575 5.930 
2.957 9.278 6.533 4.726 5.085 8.702 7.039 7.346 5.793 1.677 1.122 4.732 6.024 2.585 2.168 1.704 7.554 0.697 6.030 5.537 8.467 7.099 9.262 4.216 1.265 3.945 7.298 6.774 9.615 4.719 7.132 1.924 6.976 7.792 3.921 7.459 8.695 3.369 2.661 2.928 0.815 0.770 3.079 1.232 0.859 6.643 1.158 1.842 7.578 1.196 6.463 6.944 2.446 3.443 2.838 8.801 1.971 8.962 6.869 6.709 8.101 6.254 1.745 7.713 4.895 0.870 4.844 4.651 6.300 3.663 2.117 5.156 1.757 6.271 5.304 10.880 2.840 1.324 8.062 7.295 1.471 4.110 2.822 5.422 9.735 4.262 1.860 3.406 7.366 2.034 7.565 4.568 8.656 5.494 8.469 7.190 8.984 0.398 3.682 5.557 
1.909 8.070 8.370 0.445 7.914 8.479 5.232 4.724 3.309 5.993 5.640 1.613 3.020 4.383 5.329 6.219 3.426 3.934 3.897 6.696 8.510 5.894 8.710 0.392 5.772 7.308 5.154 2.341 8.971 3.583 2.883 5.165 6.699 4.481 4.145 6.023 6.170 1.582 2.977 5.692 3.947 5.074 4.933 3.820 3.773 7.588 3.366 3.763 6.327 4.167 4.224 8.027 2.201 2.023 7.197 8.658 2.555 7.508 2.660 7.415 10.661 8.190 3.895 7.485 4.810 5.385 2.687 2.302 3.277 1.739 3.057 6.415 2.934 3.633 6.680 9.321 1.940 5.446 4.691 7.534 5.811 6.194 6.444 4.593 7.723 6.434 3.148 1.481 8.859 3.127 5.570 7.857 7.559 8.200 5.988 7.641 8.731 4.800 3.077 1.056 
3.049 6.801 8.343 2.110 8.350 7.578 4.002 3.173 2.193 7.252 7.085 1.400 1.641 5.069 6.240 7.678 1.584 5.332 2.795 6.581 7.716 4.848 7.658 1.985 7.183 8.028 3.773 1.095 7.865 3.214 1.146 6.137 5.959 2.663 4.247 4.853 4.525 2.632 3.780 6.392 5.567 6.409 5.466 5.040 5.163 7.265 4.851 5.570 5.201 5.881 2.968 7.715 3.949 2.714 8.415 7.776 4.060 6.182 0.878 7.010 10.790 8.222 5.691 6.672 4.536 6.854 2.176 1.968 1.791 2.422 4.113 6.386 4.254 2.295 6.660 7.856 3.157 6.670 2.844 6.917 7.397 6.542 7.360 4.012 6.173 6.779 4.922 2.588 8.645 4.935 4.202 8.497 6.373 8.559 4.372 7.102 7.799 6.203 3.310 1.209 
3.501 5.217 3.208 5.596 3.179 4.479 3.634 4.509 3.552 4.112 4.669 3.979 4.130 1.643 2.504 5.095 6.314 3.730 3.322 1.586 4.253 3.277 5.053 4.782 4.600 3.266 4.076 6.350 5.411 2.122 6.213 2.638 2.791 5.473 1.035 3.702 5.451 3.660 2.467 2.005 4.617 3.906 1.209 3.132 3.670 2.625 3.926 5.529 3.698 5.173 3.627 3.018 4.698 3.152 4.801 4.579 3.943 5.021 5.963 2.588 5.563 3.036 5.521 3.497 1.100 4.625 3.096 3.296 4.271 3.423 2.825 1.264 3.432 3.892 1.522 6.863 3.567 3.664 5.734 3.084 5.437 1.404 3.177 1.929 6.006 1.613 5.066 3.766 3.742 5.247 4.159 3.549 4.596 3.333 5.233 3.013 4.760 4.048 2.094 5.726 
6.793 2.214 3.381 8.384 5.118 0.681 3.354 4.572 4.956 7.746 8.410 6.384 5.532 5.444 6.175 8.781 7.444 7.521 4.359 2.761 0.569 2.392 1.364 7.635 8.318 6.046 3.797 8.144 1.730 4.382 7.653 6.352 1.248 5.763 4.336 2.583 4.390 6.781 5.986 5.509 8.396 7.677 4.974 6.917 7.450 1.945 7.661 9.257 2.230 8.953 4.265 2.071 8.202 6.239 8.177 0.781 7.530 2.513 7.489 1.629 5.462 3.553 9.263 0.478 3.365 8.391 5.278 5.652 5.459 6.399 6.461 3.090 7.087 4.921 3.083 3.698 6.901 7.374 5.909 0.810 9.202 4.354 6.509 3.356 3.746 4.357 8.736 6.874 2.841 8.903 3.482 5.950 1.829 4.918 4.281 1.085 0.959 7.842 5.177 8.089 
5.083 7.570 3.023 7.361 1.238 6.309 6.433 7.329 6.265 2.642 3.551 6.257 6.794 2.622 1.815 3.665 8.906 3.824 6.111 2.924 5.911 5.958 7.026 6.599 3.378 0.446 6.890 8.691 7.392 4.805 8.709 2.050 5.078 8.261 3.564 6.395 8.244 5.415 4.023 1.295 4.607 3.146 2.180 3.498 3.890 3.798 4.355 5.669 6.319 5.053 6.438 3.904 5.645 5.069 2.612 6.327 4.864 7.525 8.444 4.047 4.244 2.725 5.587 5.549 3.920 3.678 5.630 5.714 6.974 5.384 3.968 2.653 4.308 6.649 2.595 9.209 5.069 2.610 8.527 4.853 4.354 1.488 1.138 4.750 8.626 1.376 5.507 5.512 3.949 5.703 6.946 0.870 6.985 1.658 8.030 4.602 6.561 3.488 4.342 7.805 
2.998 8.820 5.886 4.982 4.436 8.159 6.701 7.108 5.601 1.273 1.135 4.717 5.895 2.078 1.518 1.704 7.571 0.812 5.777 4.935 7.905 6.686 8.741 4.391 1.175 3.317 6.996 6.897 9.097 4.418 7.188 1.276 6.467 7.645 3.500 7.063 8.409 3.416 2.462 2.280 1.407 0.368 2.508 1.019 0.961 6.039 1.422 2.464 7.158 1.844 6.204 6.327 2.808 3.386 2.478 8.250 2.187 8.537 6.920 6.120 7.453 5.605 2.377 7.185 4.442 0.994 4.678 4.532 6.159 3.643 1.978 4.555 1.812 6.076 4.691 10.441 2.903 0.776 7.919 6.733 1.785 3.476 2.203 5.031 9.363 3.621 2.389 3.471 6.726 2.576 7.236 3.940 8.197 4.843 8.181 6.613 8.439 0.362 3.424 5.733 
7.694 2.424 3.615 9.294 5.523 0.552 4.163 5.348 5.839 8.443 9.149 7.291 6.403 6.257 6.904 9.492 8.258 8.346 5.235 3.408 0.366 3.220 1.159 8.546 9.047 6.568 4.573 9.008 1.432 5.293 8.494 7.094 2.160 6.519 5.213 3.349 4.989 7.688 6.866 6.206 9.229 8.438 5.753 7.746 8.283 2.417 8.513 10.112 2.984 9.786 5.116 2.374 9.093 7.146 8.787 0.355 8.410 2.905 8.340 2.202 5.362 3.840 10.114 1.374 4.256 9.147 6.186 6.561 6.317 7.308 7.330 3.768 7.955 5.780 3.710 3.611 7.800 8.104 6.645 1.533 9.953 5.008 7.139 4.267 4.070 4.978 9.605 7.782 2.883 9.775 4.224 6.397 2.258 5.266 4.910 1.665 0.552 8.622 6.078 8.988 
2.353 5.220 4.716 4.178 4.700 5.054 2.887 3.399 2.128 4.655 4.936 2.428 2.648 1.932 3.189 5.467 4.792 3.517 2.080 2.989 4.979 2.973 5.456 3.374 4.933 4.570 3.193 4.780 5.776 0.684 4.658 3.205 3.217 4.173 0.587 3.308 4.613 2.373 1.645 3.031 4.278 4.132 2.031 2.933 3.396 3.854 3.458 4.979 3.460 4.815 2.475 4.293 3.776 1.829 5.605 5.205 3.156 4.841 4.404 3.693 7.120 4.570 5.013 4.022 1.106 4.808 1.536 1.728 2.829 2.038 2.191 2.743 2.793 2.540 3.016 6.772 2.461 4.101 4.446 3.904 5.581 2.891 4.170 1.288 5.571 3.121 4.397 2.473 5.138 4.547 3.421 4.955 4.613 4.885 4.385 3.964 5.328 4.134 0.738 4.197 
1.690 7.842 5.790 3.842 4.756 7.419 5.520 5.819 4.279 2.548 2.472 3.362 4.545 1.437 1.872 3.056 6.219 0.857 4.501 4.495 7.236 5.625 7.928 3.167 2.533 3.908 5.770 5.598 8.270 3.194 5.850 1.675 5.634 6.303 2.491 5.970 7.164 2.100 1.135 2.418 1.652 1.727 2.064 0.342 0.734 5.589 0.922 2.524 6.109 2.206 4.933 5.945 2.000 2.027 3.725 7.537 1.208 7.494 5.580 5.588 7.721 5.540 2.516 6.404 3.489 2.284 3.340 3.177 4.813 2.292 0.618 4.123 0.653 4.756 4.323 9.421 1.616 1.970 6.576 6.074 2.991 3.333 2.947 3.940 8.227 3.541 2.096 2.168 6.522 2.287 6.043 4.502 7.225 5.114 6.939 6.019 7.701 1.593 2.152 4.488 
4.839 3.981 2.468 6.745 3.409 2.984 3.221 4.365 3.948 5.464 6.108 4.904 4.576 3.166 3.879 6.489 6.749 5.258 3.503 0.819 2.730 2.506 3.607 5.944 6.019 4.025 3.731 7.077 3.972 2.813 6.780 4.051 1.480 5.502 2.267 2.934 4.916 4.920 3.893 3.238 6.145 5.373 2.672 4.661 5.199 1.293 5.448 7.051 2.789 6.701 3.650 1.740 6.142 4.382 5.977 3.070 5.414 3.928 6.560 1.130 4.970 2.435 7.045 2.053 1.501 6.088 3.853 4.159 4.625 4.607 4.308 0.958 4.926 4.136 1.103 5.628 4.925 5.075 5.729 1.558 6.899 2.163 4.302 2.023 5.057 2.228 6.571 5.023 2.652 6.748 3.653 4.085 3.387 3.370 4.725 1.492 3.263 5.542 3.274 6.689 
6.801 8.451 3.093 9.077 1.267 6.915 7.778 8.780 7.850 3.807 4.735 7.957 8.407 4.341 3.463 4.658 10.553 5.397 7.634 3.875 6.448 7.168 7.672 8.319 4.535 1.426 8.264 10.392 8.022 6.397 10.383 3.677 6.063 9.784 5.178 7.601 9.549 7.135 5.743 3.015 6.100 4.544 3.873 5.144 5.485 4.399 5.964 7.146 7.462 6.485 7.925 4.324 7.297 6.787 3.216 6.881 6.531 8.524 10.121 4.739 3.139 2.850 7.047 6.352 5.368 4.926 7.280 7.390 8.567 7.102 5.678 3.740 5.986 8.205 3.571 10.028 6.784 3.985 10.042 5.574 5.454 2.910 2.494 6.194 9.702 2.707 7.068 7.231 3.959 7.260 8.260 0.850 7.917 1.427 9.347 5.261 7.130 4.912 6.026 9.524 
3.503 3.900 4.994 4.778 5.536 4.137 1.392 2.077 1.434 6.114 6.428 2.760 2.060 3.375 4.592 6.954 4.214 4.995 0.973 3.254 4.200 1.627 4.377 4.060 6.422 5.695 1.726 4.633 4.655 0.984 4.269 4.638 2.402 3.075 1.892 1.886 3.147 3.372 3.064 4.306 5.722 5.625 3.334 4.420 4.867 3.745 4.888 6.345 2.104 6.245 1.204 4.192 4.990 2.869 7.006 4.321 4.479 3.446 4.061 3.460 7.495 4.933 6.394 3.161 1.354 6.303 1.660 2.045 2.090 2.944 3.627 3.173 4.196 1.603 3.426 5.373 3.635 5.572 3.327 3.336 7.075 3.826 5.483 0.542 4.090 4.017 5.727 3.450 5.153 5.858 1.927 5.977 3.326 5.621 2.920 3.520 4.387 5.629 2.037 4.462 
4.875 5.617 8.638 4.269 9.133 6.862 3.259 2.036 2.418 8.847 8.840 3.095 1.911 6.332 7.593 9.427 1.060 7.115 2.691 6.913 7.133 4.226 6.730 4.107 8.907 9.107 2.812 2.367 6.849 3.877 1.582 7.548 5.606 0.897 5.117 4.036 2.887 4.485 5.297 7.551 7.499 8.099 6.556 6.715 6.949 7.299 6.717 7.635 4.400 7.873 2.525 7.728 6.006 4.366 9.937 7.072 5.980 4.957 1.633 6.970 11.140 8.589 7.746 6.147 4.968 8.635 3.143 3.212 1.708 4.147 5.756 6.831 6.051 2.078 7.087 6.317 5.005 8.260 0.896 6.623 9.260 7.359 8.652 4.201 4.579 7.572 6.973 4.473 8.710 7.008 3.166 9.475 5.348 9.252 2.814 6.889 7.026 7.953 4.498 3.301 
5.629 2.803 3.037 7.303 4.430 1.845 2.748 3.988 4.042 6.670 7.293 5.336 4.651 4.281 5.078 7.689 6.699 6.347 3.484 1.862 1.704 1.828 2.412 6.535 7.212 5.183 3.251 7.255 2.773 3.278 6.836 5.241 0.413 5.186 3.151 2.182 4.189 5.635 4.803 4.450 7.218 6.545 3.838 5.741 6.273 1.501 6.478 8.072 1.923 7.775 3.484 1.858 7.025 5.092 7.187 1.966 6.347 2.831 6.648 1.119 5.422 3.117 8.079 0.853 2.189 7.262 4.231 4.591 4.624 5.266 5.276 2.119 5.902 4.092 2.189 4.439 5.734 6.269 5.373 0.698 8.075 3.365 5.512 2.277 4.023 3.411 7.551 5.732 2.829 7.718 3.044 5.183 2.235 4.313 4.029 0.927 2.126 6.694 4.015 7.081 
6.899 5.744 0.259 9.049 2.055 4.019 5.868 7.057 6.642 5.735 6.611 7.398 7.267 4.591 4.538 6.776 9.455 6.473 6.222 2.024 3.521 5.033 4.779 8.235 6.453 3.330 6.383 9.695 5.109 5.387 9.456 4.782 3.667 8.213 4.486 5.419 7.435 7.096 5.812 3.779 7.351 6.088 3.953 5.981 6.483 1.756 6.874 8.389 5.177 7.862 6.371 1.478 7.928 6.601 5.685 3.950 7.131 5.957 9.225 2.140 2.248 0.460 8.337 3.679 4.073 6.704 6.427 6.683 7.333 6.879 6.039 2.228 6.571 6.854 1.955 7.216 6.947 5.604 8.433 2.880 7.430 2.669 4.242 4.725 7.189 2.475 8.074 7.202 0.913 8.270 6.241 2.958 5.293 1.692 7.267 2.534 4.201 6.385 5.551 9.166 
1.356 8.110 6.346 3.346 5.342 7.804 5.661 5.836 4.253 2.932 2.682 3.125 4.441 1.974 2.443 3.275 5.955 0.929 4.550 4.997 7.648 5.860 8.279 2.723 2.782 4.481 5.864 5.230 8.613 3.333 5.546 2.235 5.993 6.211 2.828 6.179 7.229 1.771 1.250 3.004 1.425 2.031 2.610 0.783 0.760 6.079 0.582 2.111 6.347 1.937 4.984 6.449 1.414 1.846 4.133 7.932 0.626 7.725 5.280 6.055 8.304 6.101 2.131 6.779 3.825 2.456 3.294 3.070 4.721 2.056 0.703 4.632 0.150 4.730 4.843 9.657 1.246 2.382 6.480 6.498 3.061 3.898 3.494 4.179 8.387 4.111 1.600 1.817 7.058 1.780 6.168 5.079 7.501 5.699 7.006 6.464 8.084 1.801 2.273 4.063 
4.928 8.704 10.680 2.969 10.627 9.719 6.063 5.002 4.445 9.118 8.782 3.624 3.835 7.235 8.321 9.360 2.138 7.073 5.007 8.919 9.907 6.982 9.708 3.464 8.914 10.212 5.726 1.246 9.873 5.552 1.732 8.185 8.198 4.055 6.556 6.909 6.072 4.533 5.865 8.570 7.067 8.209 7.692 6.920 6.910 9.587 6.508 6.746 7.273 7.236 5.086 10.037 5.296 4.792 10.317 9.924 5.697 8.052 1.862 9.323 13.122 10.557 6.889 8.871 6.873 8.526 4.512 4.281 3.888 4.478 6.080 8.722 6.050 4.427 8.995 9.506 4.995 8.561 4.091 9.181 8.927 8.829 9.449 6.326 7.769 9.068 6.190 4.454 10.974 6.132 6.136 10.714 8.360 10.855 5.983 9.386 9.920 7.941 5.572 2.124 
6.939 5.476 0.337 9.059 2.326 3.733 5.697 6.900 6.546 5.947 6.811 7.366 7.173 4.683 4.703 6.994 9.352 6.608 6.106 1.964 3.232 4.841 4.492 8.245 6.657 3.582 6.211 9.634 4.819 5.329 9.371 4.944 3.455 8.066 4.481 5.218 7.230 7.120 5.863 3.939 7.493 6.266 4.046 6.102 6.611 1.543 6.990 8.523 4.965 8.012 6.238 1.224 8.009 6.616 5.936 3.660 7.216 5.705 9.145 1.923 2.400 0.632 8.475 3.425 4.006 6.895 6.373 6.642 7.228 6.886 6.115 2.211 6.661 6.740 1.944 6.934 6.992 5.794 8.281 2.631 7.633 2.790 4.463 4.623 6.939 2.612 8.189 7.226 0.625 8.383 6.054 3.232 5.036 1.976 7.067 2.284 3.910 6.554 5.549 9.141 
2.677 4.831 4.664 4.370 4.818 4.726 2.498 3.072 1.921 5.015 5.321 2.513 2.490 2.280 3.519 5.846 4.674 3.916 1.779 2.907 4.676 2.577 5.101 3.580 5.314 4.788 2.821 4.777 5.415 0.483 4.589 3.550 2.891 3.912 0.828 2.909 4.243 2.654 2.035 3.301 4.675 4.517 2.306 3.331 3.794 3.689 3.853 5.365 3.065 5.211 2.150 4.135 4.126 2.111 5.937 4.883 3.529 4.444 4.345 3.495 7.110 4.541 5.401 3.696 0.895 5.198 1.506 1.775 2.639 2.284 2.586 2.705 3.183 2.294 2.978 6.376 2.793 4.469 4.181 3.634 5.974 3.026 4.461 0.897 5.174 3.245 4.775 2.749 5.018 4.922 3.035 5.138 4.226 4.972 4.016 3.721 4.996 4.526 1.075 4.298 
4.876 3.928 7.191 5.068 7.946 5.143 1.611 0.381 1.796 8.330 8.503 3.309 1.763 5.636 6.897 9.066 2.686 6.888 1.629 5.538 5.427 2.561 5.008 4.638 8.531 8.125 1.121 3.750 5.136 3.031 3.062 6.907 3.979 0.852 4.225 2.329 1.438 4.566 4.927 6.693 7.453 7.715 5.702 6.387 6.736 5.769 6.618 7.823 2.689 7.910 1.250 6.179 6.252 4.252 9.311 5.353 6.001 3.272 2.993 5.418 9.678 7.179 7.909 4.462 3.784 8.337 2.756 3.021 1.483 4.142 5.466 5.522 5.910 1.320 5.757 4.794 5.019 7.760 1.015 4.990 9.051 6.258 7.858 2.954 3.087 6.447 7.159 4.594 7.163 7.239 1.445 8.410 3.629 8.006 1.280 5.277 5.303 7.645 3.947 4.293 
6.669 1.327 6.195 7.464 7.564 2.992 1.929 2.499 3.784 9.152 9.574 5.501 4.106 6.453 7.561 10.067 5.337 8.221 3.234 4.957 3.423 1.826 2.598 6.893 9.545 8.163 1.932 6.408 2.624 4.218 5.730 7.656 2.786 3.426 4.982 1.420 1.537 6.472 6.304 7.102 8.963 8.773 6.247 7.636 8.098 4.650 8.129 9.569 1.410 9.486 2.867 4.938 8.152 6.019 9.900 3.190 7.698 0.679 5.656 4.267 8.473 6.293 9.623 2.767 4.098 9.471 4.585 4.956 3.892 6.029 6.867 5.126 7.436 3.462 5.266 2.237 6.808 8.650 3.461 3.536 10.261 6.245 8.265 3.450 0.908 6.354 8.940 6.534 5.834 9.061 1.516 8.256 1.285 7.479 1.533 3.882 3.054 8.813 5.276 6.823 
2.147 5.305 5.777 3.390 5.841 5.538 2.595 2.680 1.152 5.462 5.589 1.432 1.562 2.864 4.130 6.156 3.658 3.976 1.388 4.021 5.560 3.047 5.807 2.644 5.622 5.669 2.725 3.668 6.087 0.670 3.518 4.099 3.749 3.223 1.723 3.260 4.066 1.963 2.009 4.086 4.585 4.805 3.098 3.468 3.826 4.772 3.743 5.078 3.514 5.071 1.821 5.221 3.629 1.496 6.504 5.714 3.209 4.814 3.266 4.554 8.217 5.651 5.144 4.536 1.991 5.419 0.398 0.682 1.781 1.526 2.553 3.815 3.032 1.623 4.089 6.720 2.287 4.883 3.499 4.600 6.134 4.031 5.180 1.645 5.307 4.261 4.434 2.034 6.121 4.547 3.063 6.078 4.746 6.023 3.844 4.728 5.794 4.727 1.054 3.212 
2.138 6.505 7.465 1.977 7.379 7.048 3.660 3.124 1.732 6.287 6.166 0.400 1.419 4.068 5.241 6.759 2.473 4.418 2.338 5.716 7.130 4.384 7.218 1.475 6.254 7.030 3.555 2.051 7.459 2.372 2.122 5.142 5.332 2.998 3.301 4.474 4.578 1.732 2.787 5.393 4.737 5.466 4.473 4.087 4.249 6.472 3.976 4.871 4.794 5.100 2.636 6.922 3.245 1.732 7.440 7.237 3.216 5.928 1.851 6.246 9.882 7.329 4.978 6.089 3.695 5.945 1.335 1.039 1.684 1.456 3.145 5.496 3.340 2.030 5.770 7.722 2.260 5.703 3.235 6.240 6.529 5.576 6.360 3.280 6.119 5.814 4.206 1.709 7.824 4.250 3.975 7.505 6.015 7.600 4.391 6.392 7.288 5.279 2.326 1.534 
2.207 9.387 7.514 3.411 6.311 9.113 6.861 6.910 5.304 3.178 2.550 3.914 5.384 3.196 3.323 3.079 6.571 1.302 5.677 6.256 8.955 7.124 9.584 3.054 2.724 5.285 7.021 5.619 9.916 4.559 6.086 3.081 7.301 7.134 4.135 7.425 8.342 2.542 2.527 4.009 0.730 2.249 3.813 1.733 1.249 7.350 0.846 0.809 7.611 0.893 6.106 7.706 1.087 2.839 4.338 9.241 1.089 8.980 5.837 7.342 9.321 7.255 0.852 8.087 5.131 2.279 4.352 4.063 5.673 2.946 2.006 5.884 1.384 5.769 6.081 10.911 2.064 2.776 7.391 7.803 2.554 5.047 4.193 5.453 9.588 5.241 0.382 2.534 8.269 0.577 7.350 5.906 8.782 6.698 8.124 7.762 9.393 1.887 3.512 4.342 
2.113 5.492 4.825 4.014 4.696 5.309 3.137 3.595 2.251 4.445 4.697 2.349 2.732 1.748 3.016 5.235 4.834 3.253 2.266 3.125 5.223 3.244 5.720 3.203 4.701 4.489 3.426 4.743 6.042 0.866 4.667 3.015 3.472 4.318 0.600 3.576 4.842 2.160 1.373 2.914 4.008 3.895 1.921 2.674 3.130 4.032 3.187 4.708 3.731 4.544 2.674 4.465 3.518 1.620 5.422 5.457 2.888 5.111 4.408 3.890 7.196 4.665 4.741 4.276 1.335 4.563 1.557 1.691 2.933 1.852 1.920 2.856 2.521 2.685 3.126 7.043 2.215 3.884 4.593 4.135 5.330 2.885 4.029 1.560 5.831 3.121 4.127 2.262 5.286 4.279 3.668 4.901 4.885 4.901 4.615 4.181 5.584 3.885 0.512 4.093 
