25 50 150
178 97 133 163 69 54 39 133 141 162 167 37 144 64 49 43 169 98 174 63 98 189 170 140 168 
230 287 228 116 196 175 275 55 99 143 133 91 80 95 167 209 87 256 243 167 273 218 271 278 262 141 132 117 196 104 202 246 279 165 265 111 75 111 121 64 174 260 158 67 180 116 162 274 238 224 
5 11 22 5 9 14 20 32 7 16 29 17 9 35 24 14 6 29 30 35 10 19 30 10 26 23 19 17 11 10 14 10 31 23 34 20 27 21 24 12 6 29 26 27 11 6 20 9 6 25 12 29 24 31 12 20 6 25 29 15 21 16 5 20 35 21 18 20 11 18 9 27 15 27 14 10 11 34 14 32 8 20 19 7 35 15 25 13 32 29 18 15 22 9 23 28 19 30 7 16 15 13 7 23 5 6 27 15 22 21 15 15 33 25 24 5 15 17 26 29 26 32 19 31 28 16 30 24 24 31 32 8 23 22 16 25 31 33 27 16 19 30 10 31 5 32 17 7 21 10 
1195.384 1366.063 1234.649 919.320 1063.728 1085.828 1378.079 603.043 794.894 966.014 924.952 807.049 724.427 742.723 983.635 1171.184 754.864 1228.266 1250.994 1025.587 1243.127 1184.525 1338.335 1347.383 1181.807 911.582 888.400 927.479 1109.551 784.197 1212.897 1257.613 1346.338 1024.162 1337.621 799.074 691.726 822.424 861.831 631.184 1089.037 1190.779 999.690 646.198 1094.415 904.236 1039.642 1273.890 1138.126 1202.820 
8.714 7.213 5.614 5.372 9.423 9.833 7.227 8.917 5.674 4.709 5.020 7.134 4.808 4.864 6.829 9.084 10.157 3.327 7.358 1.861 9.167 6.734 2.964 1.344 6.314 9.705 7.156 2.753 8.972 6.060 1.596 5.856 4.904 5.883 8.873 3.226 2.513 1.780 5.025 9.364 7.331 3.648 2.876 7.637 2.952 4.567 5.135 3.590 7.900 2.522 
2.213 4.404 4.694 8.120 0.431 2.621 5.696 8.814 3.634 9.008 6.624 7.658 8.378 4.316 2.323 7.843 1.981 9.150 2.015 7.715 5.194 2.960 9.424 8.630 2.805 2.680 1.878 6.887 4.207 5.302 9.536 5.391 4.450 3.228 6.429 6.624 10.997 8.419 6.061 6.564 4.363 8.722 6.574 4.361 6.227 4.539 4.670 9.528 1.430 6.503 
7.374 8.282 6.709 2.246 8.760 8.376 4.759 5.823 4.817 1.575 2.444 4.130 1.642 4.243 6.128 6.143 8.977 0.711 7.344 1.776 6.863 7.094 1.044 1.832 5.681 8.216 6.798 4.631 6.958 7.487 2.071 7.316 5.548 5.926 6.221 1.914 3.216 1.408 2.764 6.711 8.382 0.535 2.231 8.677 2.789 4.145 3.793 1.110 7.731 3.293 
2.039 6.151 5.348 4.540 3.862 3.008 2.078 5.299 1.813 5.560 3.150 3.981 4.898 2.493 2.039 4.492 3.656 6.026 3.779 5.279 2.628 4.281 6.410 6.161 2.081 2.851 2.914 5.909 2.063 6.291 6.958 6.254 4.269 3.330 3.276 3.916 8.375 5.818 2.658 3.601 6.184 5.509 4.146 6.359 4.098 2.845 1.877 6.351 3.758 4.783 
6.854 10.221 8.893 1.445 8.856 7.500 3.148 2.266 5.707 2.308 2.599 1.226 2.002 5.642 6.740 2.935 8.385 3.741 8.411 5.156 4.911 8.575 4.257 5.461 6.506 7.323 7.619 7.683 5.502 9.819 5.654 9.696 7.611 7.371 3.695 4.332 6.490 5.021 3.115 4.089 10.293 3.243 4.885 10.544 5.375 5.783 4.633 3.727 8.563 6.175 
3.401 3.514 2.592 5.831 3.623 4.499 4.563 7.724 1.135 6.434 4.304 6.098 5.890 1.315 1.193 7.094 4.546 6.252 1.801 4.562 5.353 1.768 6.446 5.463 0.771 4.422 1.361 3.809 4.629 3.534 6.378 3.498 1.619 0.599 5.999 3.638 7.831 5.292 3.734 6.350 3.567 5.914 3.471 3.788 3.057 1.413 2.179 6.655 2.214 3.281 
6.623 2.105 0.930 7.986 6.049 7.641 7.677 10.638 4.310 8.127 6.670 8.854 7.785 3.877 4.448 10.191 7.432 7.342 3.610 5.099 8.709 2.664 7.290 5.694 4.128 7.597 4.047 2.470 7.999 0.842 6.510 0.637 1.836 2.878 9.243 5.092 7.717 5.794 6.212 9.630 2.225 7.261 4.604 2.514 4.040 3.617 4.941 7.744 4.196 3.465 
6.013 3.556 1.930 6.163 6.089 7.123 6.218 8.994 3.162 6.261 4.916 7.169 5.932 2.489 3.823 8.663 7.164 5.493 3.786 3.278 7.560 3.045 5.470 3.956 3.360 7.039 3.815 1.225 6.997 2.604 4.824 2.428 1.238 2.443 7.868 3.239 6.138 4.000 4.508 8.295 3.669 5.396 2.739 3.976 2.179 2.156 3.447 5.899 4.371 1.622 
2.369 3.708 3.380 6.633 2.231 3.359 4.704 7.933 1.900 7.405 5.098 6.511 6.806 2.503 0.660 7.126 3.237 7.412 1.152 5.886 4.910 1.855 7.657 6.799 1.022 3.318 0.294 5.153 4.030 4.193 7.708 4.222 2.795 1.523 5.850 4.842 9.168 6.598 4.518 6.113 3.717 7.019 4.756 3.845 4.393 2.707 3.013 7.802 1.163 4.671 
0.684 5.966 5.889 7.229 1.696 0.868 4.401 7.312 3.567 8.272 5.862 6.399 7.608 4.379 2.545 6.259 0.959 8.695 3.351 7.675 3.478 4.258 9.052 8.591 3.032 0.881 2.753 7.531 2.493 6.654 9.447 6.702 5.283 4.018 4.807 6.400 10.897 8.300 5.360 4.877 5.946 8.196 6.505 5.996 6.299 4.693 4.294 9.035 2.910 6.789 
3.019 3.059 2.759 6.910 2.563 3.980 5.212 8.439 2.104 7.595 5.369 6.947 7.025 2.524 1.148 7.678 3.775 7.476 0.640 5.790 5.544 1.197 7.680 6.685 1.266 3.949 0.381 4.750 4.678 3.545 7.603 3.582 2.319 1.096 6.438 4.867 9.051 6.525 4.789 6.719 3.073 7.123 4.707 3.213 4.285 2.650 3.237 7.876 0.977 4.445 
6.741 1.994 1.010 8.207 6.099 7.745 7.871 10.845 4.489 8.349 6.887 9.065 8.007 4.075 4.581 10.389 7.511 7.560 3.669 5.314 8.874 2.718 7.504 5.900 4.277 7.706 4.145 2.659 8.151 0.684 6.710 0.479 2.023 3.018 9.428 5.314 7.904 6.006 6.426 9.811 2.113 7.481 4.826 2.393 4.262 3.822 5.143 7.961 4.247 3.683 
5.697 6.598 5.092 2.719 6.937 6.756 3.786 5.861 2.973 2.892 1.709 4.005 2.491 2.383 4.285 5.809 7.268 2.571 5.490 1.594 5.733 5.282 2.818 2.410 3.828 6.607 4.938 3.607 5.610 5.949 3.180 5.800 3.858 4.092 5.450 0.262 4.604 2.044 1.591 5.938 6.690 2.232 0.813 6.975 1.297 2.302 2.019 2.969 5.871 2.096 
8.712 9.552 7.953 2.878 10.150 9.685 5.843 6.268 6.212 1.707 3.625 4.813 2.225 5.635 7.523 6.815 10.322 0.687 8.728 2.806 7.955 8.447 0.633 2.386 7.078 9.521 8.193 5.622 8.156 8.677 2.018 8.496 6.843 7.296 7.145 3.293 2.499 2.146 4.039 7.619 9.656 1.183 3.548 9.956 4.082 5.525 5.178 0.345 9.124 4.452 
7.745 4.929 3.405 6.520 7.924 8.868 7.369 9.770 4.761 6.261 5.605 7.912 6.119 3.985 5.597 9.642 8.967 5.143 5.607 2.936 8.974 4.819 4.945 3.203 5.111 8.773 5.646 0.614 8.528 3.701 3.874 3.495 3.063 4.276 9.064 3.652 4.934 3.448 5.352 9.525 5.049 5.245 3.101 5.349 2.724 3.632 4.727 5.502 6.198 1.872 
8.105 8.857 7.262 2.644 9.487 9.101 5.402 6.175 5.536 1.658 3.116 4.586 1.987 4.942 6.849 6.606 9.708 0.196 8.030 2.145 7.514 7.743 0.358 1.862 6.396 8.941 7.504 4.996 7.649 7.998 1.751 7.820 6.142 6.593 6.800 2.595 2.642 1.546 3.474 7.284 8.960 0.740 2.844 9.258 3.379 4.825 4.523 0.514 8.431 3.774 
1.890 4.993 4.302 5.330 3.062 3.019 3.231 6.461 1.172 6.214 3.827 5.056 5.581 1.990 0.857 5.674 3.351 6.432 2.600 5.268 3.652 3.115 6.748 6.186 0.982 2.906 1.738 5.301 2.895 5.221 7.052 5.203 3.340 2.255 4.443 4.022 8.508 5.906 3.264 4.744 5.021 5.975 4.097 5.188 3.888 2.322 1.946 6.796 2.617 4.413 
1.157 5.701 5.757 7.657 1.209 1.218 4.889 7.829 3.763 8.672 6.258 6.889 8.014 4.558 2.621 6.780 0.774 9.037 3.138 7.913 3.997 4.075 9.376 8.833 3.130 1.289 2.654 7.582 3.013 6.473 9.704 6.536 5.259 3.987 5.329 6.676 11.162 8.560 5.739 5.396 5.672 8.552 6.742 5.699 6.498 4.853 4.585 9.386 2.639 6.935 
1.816 4.233 3.931 6.549 1.972 2.815 4.393 7.607 2.000 7.394 5.033 6.270 6.774 2.716 0.702 6.751 2.757 7.510 1.624 6.121 4.428 2.397 7.787 7.041 1.211 2.769 0.828 5.599 3.523 4.746 7.938 4.775 3.296 2.028 5.434 4.994 9.401 6.811 4.460 5.671 4.237 7.085 4.967 4.349 4.652 2.969 3.035 7.889 1.461 5.010 
6.728 2.784 1.368 7.482 6.380 7.789 7.420 10.279 4.167 7.549 6.230 8.466 7.241 3.621 4.516 9.902 7.670 6.703 3.944 4.446 8.606 3.033 6.629 5.007 4.134 7.730 4.250 1.758 7.956 1.556 5.810 1.351 1.745 2.962 9.034 4.550 7.005 5.125 5.807 9.442 2.904 6.651 4.037 3.201 3.485 3.322 4.650 7.101 4.545 2.841 
5.339 9.394 8.235 2.267 7.429 5.898 1.615 1.892 4.751 3.479 2.359 0.441 2.924 4.910 5.574 1.785 6.815 4.711 7.309 5.486 3.245 7.624 5.231 6.028 5.439 5.721 6.470 7.576 3.858 9.193 6.445 9.098 6.974 6.480 2.085 4.329 7.518 5.579 2.621 2.523 9.451 4.136 4.863 9.674 5.233 5.135 3.835 4.823 7.370 6.085 
6.357 9.760 8.456 1.279 8.351 7.020 2.665 2.297 5.221 2.355 2.178 0.841 1.917 5.183 6.239 2.761 7.896 3.718 7.917 4.924 4.496 8.096 4.242 5.306 6.012 6.843 7.120 7.353 5.045 9.390 5.579 9.271 7.175 6.896 3.345 4.001 6.513 4.859 2.665 3.767 9.830 3.181 4.557 10.077 5.023 5.337 4.160 3.760 8.062 5.841 
3.822 2.856 3.596 8.877 2.050 4.367 6.899 10.111 4.086 9.594 7.337 8.757 9.017 4.524 2.923 9.234 3.706 9.470 1.423 7.706 6.757 2.007 9.658 8.578 3.214 4.418 2.061 6.243 5.790 3.965 9.497 4.097 3.825 2.904 7.880 6.856 10.925 8.452 6.755 8.076 2.790 9.125 6.664 2.727 6.208 4.626 5.220 9.872 1.101 6.251 
1.109 6.022 5.459 5.447 3.060 2.108 2.756 5.874 2.262 6.486 4.079 4.739 5.822 3.054 1.887 4.945 2.726 6.948 3.472 6.104 2.580 4.146 7.325 7.002 2.153 1.959 2.625 6.440 1.737 6.359 7.822 6.352 4.527 3.412 3.587 4.768 9.252 6.677 3.587 3.808 6.037 6.436 4.949 6.174 4.836 3.402 2.674 7.277 3.310 5.450 
1.201 5.369 5.421 7.573 1.010 1.510 4.892 7.900 3.527 8.559 6.145 6.888 7.906 4.310 2.341 6.877 1.096 8.873 2.800 7.685 4.143 3.737 9.199 8.606 2.854 1.559 2.325 7.278 3.154 6.135 9.486 6.198 4.939 3.667 5.437 6.472 10.946 8.344 5.613 5.533 5.341 8.400 6.517 5.372 6.254 4.594 4.398 9.230 2.306 6.666 
6.793 7.465 7.303 5.695 2.095 3.626 7.570 4.528 4.227 3.081 5.974 8.290 1.813 4.449 4.858 5.857 6.316 4.729 8.342 4.634 7.441 2.155 2.529 7.853 3.751 6.928 6.448 4.298 6.954 7.029 7.153 6.119 1.585 2.532 7.218 6.688 3.148 6.155 7.423 8.050 5.237 3.818 6.424 6.468 4.891 7.164 1.623 5.863 5.445 3.261 3.180 7.633 8.123 1.019 5.973 7.335 9.946 7.704 4.321 1.144 2.632 2.449 4.097 4.940 8.136 5.435 1.362 4.127 5.662 0.943 6.323 6.529 6.366 8.887 0.789 2.688 9.616 5.425 3.319 4.443 3.522 4.943 7.338 7.240 5.851 6.332 5.251 7.516 2.611 2.486 2.718 4.665 2.514 0.750 3.817 6.166 2.027 3.730 6.496 7.793 9.652 5.425 5.356 2.344 6.833 3.606 1.477 6.393 6.457 3.970 1.756 2.709 7.080 5.057 6.133 5.132 6.735 3.229 7.783 6.905 1.978 6.728 5.871 1.721 7.062 1.952 6.659 5.686 8.100 7.037 1.238 8.607 6.346 7.366 1.266 7.777 3.409 2.056 3.492 4.202 3.941 3.674 6.923 3.086 9.602 7.256 5.123 4.206 1.170 9.063 
8.355 7.388 6.726 7.647 7.284 8.989 5.527 3.376 1.794 3.048 9.630 5.612 7.814 2.157 9.814 5.934 8.591 6.308 6.445 7.353 6.173 4.879 6.323 2.829 7.616 4.681 11.175 4.151 7.235 11.533 9.719 3.140 5.467 3.496 3.779 4.647 6.479 5.915 3.978 8.691 3.524 6.939 0.461 1.602 10.185 6.756 4.522 0.236 8.526 8.089 8.216 5.540 9.633 5.271 10.093 3.121 9.109 9.779 1.683 5.232 3.514 5.942 5.253 1.386 4.938 9.166 7.217 2.279 2.591 5.777 7.635 6.359 5.187 7.256 6.050 4.762 9.038 5.544 7.104 1.732 5.923 1.533 12.056 1.458 0.509 8.506 10.100 4.489 6.436 4.709 5.082 4.745 6.661 5.432 7.819 7.316 6.005 8.452 0.525 6.226 8.733 10.468 7.689 5.174 4.348 5.549 5.220 10.797 9.453 9.364 7.559 5.010 8.091 4.645 3.573 8.727 11.552 5.148 8.158 4.099 4.810 5.765 9.436 6.743 11.413 4.086 11.514 6.931 6.803 10.665 7.194 7.392 9.521 8.896 5.941 1.816 8.325 4.728 2.888 8.217 8.282 3.108 1.398 6.663 9.493 9.535 6.305 9.352 6.573 7.938 
6.842 5.773 5.103 6.218 7.386 8.212 3.930 2.013 2.201 3.316 8.378 4.098 7.481 1.291 8.862 4.375 7.159 4.927 4.860 6.071 4.549 4.119 5.406 2.131 6.541 3.074 10.106 2.804 5.642 10.395 8.283 1.523 5.645 3.520 2.309 3.026 5.427 4.327 2.529 7.093 1.969 5.778 1.633 0.750 9.328 5.137 4.123 1.406 7.225 7.206 7.382 3.947 8.081 4.832 8.917 1.885 7.496 8.280 1.908 5.245 3.106 5.033 3.946 0.991 3.496 7.951 7.066 3.036 0.971 5.774 6.123 4.761 3.566 5.666 5.996 5.258 7.416 4.017 6.067 1.447 4.760 0.878 10.959 1.812 1.118 7.063 9.104 2.978 5.506 3.865 4.124 3.311 6.992 5.329 6.756 5.801 5.202 7.513 1.992 4.613 7.120 9.516 6.315 4.317 2.747 4.356 5.350 9.659 8.093 8.578 7.055 4.061 6.532 3.138 1.948 7.510 10.497 4.047 6.553 2.523 5.071 4.142 8.176 6.064 10.242 3.804 10.470 5.448 5.186 9.368 6.809 5.779 8.187 7.362 6.022 2.505 7.448 4.034 3.429 7.124 7.259 2.202 1.376 5.639 7.867 8.068 4.861 8.481 6.027 6.327 
1.387 3.452 4.027 1.483 8.378 4.649 5.677 5.740 8.157 7.907 1.631 6.513 6.624 6.995 3.869 3.583 0.567 2.806 5.684 2.013 4.817 5.206 4.053 8.836 2.862 5.846 3.868 4.960 3.017 3.692 0.645 6.629 8.020 7.391 7.059 5.646 3.473 3.818 7.099 2.744 5.765 2.779 9.277 8.269 4.654 3.829 6.245 8.877 1.149 3.872 4.157 5.738 1.907 5.979 2.440 7.836 5.262 1.211 7.973 7.418 6.555 4.250 3.885 7.752 7.020 1.780 7.259 8.751 6.828 7.460 1.862 3.627 4.792 5.581 7.334 8.850 4.806 3.778 3.231 7.560 3.512 7.586 4.359 9.444 8.651 0.693 3.711 6.695 3.956 5.108 4.617 4.390 9.047 7.061 2.873 2.143 4.590 3.572 9.590 5.194 5.177 4.193 1.449 4.805 6.089 3.761 7.800 3.146 0.644 4.733 5.746 4.683 2.095 4.584 6.234 1.733 4.225 4.270 2.967 6.410 8.124 4.493 1.485 4.907 3.391 6.629 4.272 2.320 4.958 2.006 6.225 5.017 0.903 1.489 7.807 10.148 3.926 5.441 8.449 2.624 3.054 6.172 8.988 3.480 4.332 0.733 2.840 4.207 5.473 5.102 
8.335 8.552 8.213 7.272 2.556 5.818 8.005 4.711 3.059 1.815 8.007 8.563 3.711 3.995 7.050 6.833 8.030 6.076 8.891 6.349 8.131 3.243 4.326 7.205 5.721 7.222 8.637 4.854 8.114 9.206 8.984 6.021 0.799 1.677 7.118 7.025 4.879 7.059 7.343 9.397 5.419 5.572 5.244 5.743 7.080 8.118 2.184 4.720 7.322 5.416 5.360 8.057 9.722 2.383 8.089 6.963 10.935 9.434 3.287 1.056 2.497 4.100 5.161 4.152 8.212 7.465 2.837 2.551 5.424 1.396 7.756 7.501 6.967 9.563 1.702 0.512 10.672 6.353 5.227 3.674 4.964 4.242 9.529 6.201 4.813 8.019 7.440 7.597 4.435 3.455 3.898 5.426 1.891 1.460 5.827 7.535 3.787 5.883 5.197 8.412 10.602 7.621 7.019 3.614 7.030 4.878 0.734 8.553 8.363 6.158 3.913 3.849 8.478 5.714 6.193 7.118 8.929 4.380 9.033 6.996 0.231 7.450 7.881 3.828 9.224 1.966 8.854 7.039 8.835 9.094 3.328 9.404 8.289 8.933 1.349 6.595 5.580 3.023 1.903 6.238 6.035 3.666 5.995 4.897 10.801 9.019 6.387 6.401 3.326 9.917 
7.745 8.540 8.406 6.649 1.031 3.790 8.701 5.638 5.040 3.806 6.598 9.418 1.362 5.461 5.124 6.959 7.193 5.775 9.469 5.544 8.564 3.284 3.479 8.865 4.509 8.055 6.710 5.427 8.018 7.345 7.945 7.211 1.617 3.344 8.317 7.817 4.099 7.264 8.525 9.058 6.352 4.732 7.274 7.451 4.980 8.262 2.688 6.718 6.232 3.759 3.592 8.763 9.036 2.147 6.469 8.396 11.026 8.553 5.180 1.613 3.643 3.470 5.205 5.884 9.255 6.076 0.425 4.777 6.731 1.080 7.321 7.628 7.495 10.007 0.787 2.794 10.686 6.536 4.152 5.381 4.568 5.909 7.561 8.145 6.740 7.223 5.535 8.633 3.540 3.616 3.833 5.792 1.801 1.418 4.531 7.185 3.029 4.209 7.304 8.919 10.740 5.609 6.276 3.457 7.955 4.690 1.730 6.774 7.201 4.077 1.868 3.828 8.081 6.186 7.242 5.828 6.947 4.339 8.820 8.021 2.258 7.850 6.524 2.461 7.428 2.935 6.859 6.716 9.217 7.612 1.249 9.717 7.060 8.301 1.070 8.639 3.845 3.185 4.113 4.870 4.538 4.748 7.857 3.998 10.641 8.091 6.184 4.435 1.904 10.167 
3.934 5.451 5.671 2.977 5.329 1.716 6.778 5.114 6.632 5.947 2.252 7.653 3.481 5.957 1.817 4.465 3.145 2.965 7.203 1.902 6.204 3.259 1.767 8.798 0.625 6.524 3.118 4.396 4.886 3.545 3.672 6.572 5.308 5.350 7.414 6.268 1.633 4.817 7.545 5.424 5.528 1.493 8.367 7.775 2.404 5.474 4.041 7.856 2.015 0.720 1.021 6.848 5.001 3.500 2.281 7.943 7.798 4.369 6.555 4.782 4.761 2.140 3.359 6.703 7.868 1.722 4.188 6.963 6.461 4.675 3.797 4.951 5.554 7.437 4.484 6.326 7.378 4.287 0.994 6.338 2.376 6.596 4.012 8.860 7.712 3.220 2.047 7.352 1.648 3.370 2.985 4.198 6.120 4.385 0.429 3.822 2.202 0.587 8.589 6.621 7.606 2.465 2.508 2.913 6.619 2.788 5.154 2.833 2.884 1.953 2.617 3.056 4.487 4.601 6.329 1.491 3.488 3.014 5.386 6.854 5.584 5.591 2.169 2.012 3.494 4.518 3.448 3.517 6.659 3.305 3.146 6.971 2.720 4.379 4.982 9.533 0.828 3.459 6.483 0.537 0.229 4.974 8.434 1.420 7.102 3.889 3.375 1.600 2.568 7.262 
4.951 6.990 7.494 4.611 7.834 3.251 9.009 8.116 9.855 9.168 2.035 9.880 5.800 9.099 1.900 6.719 4.030 5.433 9.158 4.164 8.229 6.486 4.993 11.674 3.623 9.000 0.457 7.344 6.508 0.328 3.551 9.408 8.275 8.568 10.085 8.766 4.759 7.027 10.172 6.295 8.403 4.339 11.514 10.801 2.280 7.289 7.254 11.021 3.196 3.470 3.521 9.076 5.213 6.666 1.270 10.742 8.799 4.339 9.768 7.823 7.989 5.361 6.215 9.860 10.281 2.265 6.728 10.191 9.416 7.611 5.291 6.964 7.945 9.128 7.367 9.380 8.340 6.737 4.142 9.523 5.359 9.738 0.860 11.929 10.858 4.168 1.487 9.863 4.873 6.580 6.166 6.983 8.815 7.419 3.423 5.501 5.427 3.011 11.757 8.629 8.738 1.547 4.249 6.130 9.178 5.761 8.175 0.477 2.934 3.026 5.155 6.239 5.661 7.320 9.091 2.682 0.676 6.103 6.544 9.465 8.652 7.782 2.236 5.069 0.491 7.736 0.751 5.472 8.465 1.804 5.781 8.574 2.676 5.031 7.863 12.618 3.298 6.688 9.700 3.020 3.003 8.130 11.489 4.584 7.797 3.981 5.706 2.593 5.551 8.678 
4.483 4.597 4.323 3.496 5.137 4.621 4.517 1.787 3.397 3.129 5.036 5.264 4.414 2.513 5.242 2.898 4.371 2.178 5.280 2.852 4.390 0.907 1.789 5.490 2.971 3.919 6.539 1.291 4.145 6.886 5.448 3.394 3.952 2.665 4.412 3.670 1.835 3.160 4.591 5.438 2.381 2.313 4.928 4.356 5.707 4.205 1.817 4.430 4.010 3.586 3.774 4.581 5.881 2.062 5.453 4.743 7.025 5.733 3.252 3.327 1.770 1.424 1.191 3.270 5.189 4.548 4.366 3.946 3.131 3.644 3.849 3.575 3.304 5.840 3.696 4.412 6.736 2.433 2.469 2.943 1.333 3.153 7.413 5.416 4.272 4.326 5.496 4.584 1.885 0.582 0.520 1.605 5.298 3.123 3.177 3.601 1.677 3.889 5.166 4.734 6.708 5.896 3.364 0.826 3.866 1.046 3.654 6.150 5.013 4.980 3.765 0.471 4.542 1.996 3.284 4.115 6.921 0.541 5.063 3.991 3.776 3.678 4.852 2.618 6.769 2.024 6.887 3.109 5.062 6.104 3.725 5.590 5.031 5.085 4.006 6.085 3.828 1.041 3.662 3.571 3.657 1.540 4.996 2.031 6.834 5.378 2.437 4.859 2.774 6.070 
1.136 2.903 3.605 2.023 9.496 5.885 5.361 6.130 8.737 8.644 2.784 6.125 7.803 7.452 5.082 3.632 1.281 3.359 5.168 2.963 4.439 6.055 5.068 8.838 4.013 5.709 4.917 5.398 2.637 4.626 1.020 6.741 9.010 8.171 6.980 5.549 4.458 3.766 6.980 1.810 6.008 3.777 9.599 8.469 5.863 3.434 7.116 9.252 2.350 5.082 5.373 5.414 0.680 6.940 3.557 7.820 4.250 0.346 8.521 8.392 7.286 5.210 4.449 8.178 6.733 3.004 8.394 9.405 7.049 8.484 1.856 3.443 4.715 4.905 8.382 9.761 3.791 3.960 4.322 8.056 4.323 7.998 5.277 9.637 9.004 1.264 4.898 6.509 4.983 5.905 5.424 4.760 10.108 8.055 4.051 2.177 5.590 4.799 9.936 4.760 4.224 5.366 2.258 5.667 5.997 4.485 8.770 4.185 1.754 5.968 6.920 5.483 1.592 4.849 6.312 2.968 5.242 5.007 2.209 6.332 9.052 4.293 2.670 6.014 4.298 7.457 5.303 2.567 4.405 2.820 7.371 4.327 2.021 0.685 8.840 10.334 5.148 6.286 9.173 3.835 4.273 6.730 9.184 4.508 3.227 0.596 3.229 5.440 6.570 4.296 
1.673 3.167 3.492 0.648 7.130 4.032 4.866 4.300 6.627 6.369 2.192 5.744 5.546 5.507 3.704 2.553 1.156 1.371 5.115 0.556 4.142 3.688 2.659 7.615 1.807 4.833 4.314 3.508 2.612 4.383 2.184 5.359 6.596 5.858 5.945 4.601 2.045 2.869 6.021 3.120 4.417 1.372 7.836 6.908 4.456 3.286 4.738 7.413 0.988 3.017 3.329 4.934 2.938 4.528 2.898 6.647 5.471 2.560 6.450 5.980 5.015 2.796 2.393 6.272 6.116 1.911 6.052 7.211 5.474 6.071 1.471 2.858 3.777 5.233 5.975 7.368 5.050 2.585 1.981 6.055 1.976 6.113 5.024 8.075 7.199 1.151 3.713 5.696 2.579 3.574 3.084 2.997 7.702 5.641 1.924 1.530 3.176 2.883 8.135 4.555 5.284 4.220 0.185 3.291 5.019 2.222 6.358 3.692 1.808 4.229 4.661 3.149 2.165 3.263 5.004 1.533 4.712 2.729 3.057 5.314 6.651 3.636 1.981 3.657 4.156 5.107 4.724 1.342 4.490 3.089 5.052 4.731 1.893 2.204 6.428 8.779 3.155 3.922 6.910 1.902 2.335 4.654 7.621 2.108 4.792 2.153 1.556 3.786 4.198 4.977 
3.235 5.212 5.675 2.767 7.262 2.994 7.156 6.370 8.329 7.788 0.357 8.030 5.322 7.436 1.977 4.861 2.291 3.597 7.332 2.342 6.390 5.026 3.580 9.859 2.125 7.143 2.035 5.584 4.707 2.079 2.175 7.593 7.307 7.208 8.238 6.910 3.198 5.170 8.322 4.677 6.605 2.655 9.838 9.044 2.748 5.468 5.925 9.367 1.341 2.562 2.767 7.223 3.804 5.450 0.589 8.912 7.194 2.990 8.209 6.772 6.520 3.906 4.443 8.205 8.423 0.431 6.117 8.761 7.637 6.674 3.483 5.118 6.087 7.347 6.481 8.308 6.740 4.885 2.658 7.907 3.668 8.069 2.714 10.190 9.185 2.423 1.773 8.006 3.459 5.056 4.600 5.178 8.100 6.378 1.983 3.671 4.085 2.132 10.103 6.794 7.091 2.247 2.392 4.639 7.325 4.049 7.147 1.382 1.372 2.983 4.510 4.674 3.933 5.496 7.263 0.872 2.425 4.448 4.846 7.614 7.566 5.928 0.462 4.012 1.876 6.383 2.449 3.617 6.657 1.305 5.085 6.805 1.108 3.434 6.980 10.886 2.510 5.248 8.333 1.562 1.794 6.494 9.743 3.072 6.279 2.541 3.853 2.437 4.567 6.952 
0.867 2.911 3.540 1.444 8.826 5.260 5.247 5.669 8.208 8.059 2.290 6.057 7.136 6.968 4.523 3.305 0.614 2.811 5.174 2.304 4.356 5.431 4.406 8.566 3.344 5.498 4.512 4.913 2.531 4.302 0.819 6.408 8.356 7.572 6.744 5.315 3.800 3.492 6.765 2.093 5.610 3.115 9.177 8.100 5.310 3.351 6.488 8.807 1.701 4.427 4.722 5.305 1.295 6.291 3.096 7.554 4.609 0.805 8.004 7.742 6.701 4.558 3.909 7.708 6.609 2.432 7.724 8.849 6.666 7.824 1.504 3.236 4.465 5.013 7.718 9.126 4.152 3.573 3.652 7.558 3.703 7.534 4.966 9.274 8.568 0.616 4.372 6.328 4.320 5.295 4.810 4.298 9.442 7.400 3.386 1.821 4.931 4.159 9.505 4.713 4.534 4.855 1.616 5.039 5.763 3.891 8.121 3.786 1.281 5.360 6.252 4.871 1.535 4.433 5.994 2.346 4.862 4.412 2.355 6.092 8.412 4.105 2.147 5.344 3.990 6.842 4.913 2.123 4.430 2.555 6.701 4.443 1.549 0.832 8.179 9.975 4.501 5.664 8.594 3.183 3.626 6.204 8.818 3.844 3.670 0.498 2.740 4.841 5.901 4.494 
4.035 3.877 3.548 3.157 5.954 5.165 3.704 1.324 3.614 3.616 5.071 4.465 5.194 2.433 5.624 2.154 4.085 1.787 4.461 2.777 3.577 1.726 2.347 4.993 3.251 3.133 6.795 0.595 3.464 7.070 5.202 2.791 4.724 3.238 3.733 2.880 2.186 2.387 3.897 4.826 1.745 2.457 4.794 4.009 6.164 3.443 2.582 4.349 3.948 4.074 4.300 3.769 5.414 2.879 5.592 4.164 6.264 5.376 3.409 4.107 2.305 2.033 0.691 3.199 4.430 4.630 5.180 4.289 2.656 4.447 3.351 2.822 2.486 5.028 4.509 5.093 5.993 1.674 2.816 2.984 1.448 3.046 7.639 5.137 4.146 4.016 5.833 3.838 2.416 1.398 1.241 0.790 6.089 3.924 3.470 3.070 2.373 4.312 5.077 3.917 5.938 6.270 3.133 1.603 3.107 1.037 4.420 6.333 4.881 5.510 4.506 1.222 3.985 1.179 2.608 4.189 7.189 0.868 4.409 3.261 4.497 2.867 4.873 3.325 6.917 2.714 7.167 2.600 4.254 6.090 4.510 4.791 4.943 4.625 4.806 5.830 4.314 1.850 4.116 3.818 3.992 1.609 4.695 2.416 6.138 5.070 1.915 5.322 3.543 5.281 
5.770 5.882 5.559 4.752 4.140 4.832 5.520 2.339 2.574 1.947 5.986 6.178 3.895 2.309 5.730 4.165 5.588 3.472 6.357 3.978 5.534 0.833 2.316 5.679 3.746 4.811 7.181 2.259 5.446 7.620 6.626 3.906 2.734 1.410 5.010 4.585 2.671 4.400 5.218 6.750 3.060 3.302 4.530 4.341 6.045 5.457 0.632 3.980 5.080 3.982 4.080 5.578 7.167 1.247 6.278 5.123 8.278 6.973 2.537 2.136 0.687 1.960 2.501 2.914 5.964 5.464 3.577 2.904 3.448 2.544 5.152 4.835 4.392 6.981 2.670 3.101 8.006 3.687 3.210 2.456 2.474 2.873 8.082 5.226 3.902 5.555 6.048 5.341 2.437 0.875 1.365 2.778 4.125 2.024 3.919 4.910 1.899 4.381 4.684 5.844 7.950 6.377 4.569 1.224 4.682 2.294 2.423 6.900 6.115 5.207 3.472 1.300 5.852 3.099 3.941 5.056 7.538 1.775 6.371 4.727 2.484 4.836 5.822 2.582 7.553 0.712 7.488 4.416 6.228 7.081 3.216 6.781 6.097 6.372 2.882 5.827 4.210 0.619 2.495 4.343 4.304 1.462 4.865 2.786 8.132 6.595 3.748 5.222 2.452 7.282 
5.245 7.178 7.585 4.664 6.685 2.118 8.953 7.632 9.103 8.316 2.338 9.835 4.650 8.490 0.826 6.617 4.302 5.202 9.222 3.947 8.252 5.739 4.266 11.290 3.064 8.829 0.810 6.894 6.652 1.490 4.123 9.042 7.232 7.711 9.820 8.582 4.163 6.950 9.932 6.697 8.007 3.893 10.897 10.303 1.091 7.379 6.399 10.381 3.247 2.563 2.538 9.022 5.787 5.758 1.561 10.405 9.214 4.943 9.047 6.816 7.217 4.646 5.812 9.232 10.152 2.286 5.596 9.363 8.971 6.563 5.435 6.968 7.803 9.298 6.305 8.366 8.761 6.548 3.523 8.857 4.868 9.128 1.663 11.394 10.242 4.431 0.489 9.681 4.152 5.881 5.515 6.630 7.691 6.413 2.844 5.587 4.632 2.149 11.112 8.665 9.107 0.359 4.234 5.417 8.967 5.282 7.154 1.175 3.366 1.858 4.056 5.585 5.936 7.007 8.769 2.586 1.057 5.544 6.856 9.229 7.650 7.727 2.483 4.129 1.670 6.888 0.984 5.452 8.580 2.630 4.684 8.769 3.096 5.453 6.793 12.068 2.352 5.920 8.834 2.518 2.332 7.505 10.967 3.955 8.296 4.521 5.543 1.482 4.562 8.944 
8.408 9.012 8.801 7.311 0.912 4.787 8.902 5.698 4.599 3.331 7.490 9.559 2.358 5.282 6.113 7.362 7.929 6.313 9.725 6.250 8.868 3.602 4.146 8.631 5.324 8.193 7.703 5.627 8.515 8.331 8.747 7.185 0.905 2.993 8.299 7.969 4.765 7.641 8.517 9.649 6.424 5.434 6.826 7.182 5.986 8.674 2.757 6.286 7.035 4.685 4.542 8.960 9.740 2.458 7.409 8.271 11.479 9.314 4.789 1.288 3.534 4.058 5.604 5.586 9.314 6.960 1.384 4.186 6.646 0.847 7.929 8.039 7.750 10.320 0.837 1.933 11.165 6.911 4.917 5.086 5.112 5.643 8.561 7.753 6.348 7.948 6.523 8.690 4.227 3.908 4.225 6.082 0.899 1.372 5.371 7.762 3.642 5.145 6.808 9.198 11.174 6.610 6.973 3.865 8.053 5.161 1.165 7.746 8.033 5.080 2.851 4.203 8.684 6.443 7.279 6.683 7.947 4.743 9.366 8.077 1.577 8.160 7.403 3.265 8.405 2.838 7.860 7.278 9.547 8.527 2.225 10.078 7.909 8.983 0.506 8.188 4.791 3.447 3.526 5.736 5.433 4.718 7.510 4.701 11.181 8.862 6.695 5.427 2.694 10.555 
1.344 1.720 2.473 2.399 10.060 6.923 4.223 5.698 8.447 8.568 4.099 4.902 8.550 7.045 6.297 3.021 2.197 3.391 3.873 3.542 3.288 6.229 5.550 7.898 4.805 4.723 6.311 5.067 1.706 6.063 2.458 5.968 9.322 8.168 6.006 4.610 4.930 3.021 5.968 0.373 5.412 4.323 8.978 7.739 7.084 2.350 7.281 8.700 3.372 5.987 6.295 4.266 1.003 7.255 4.904 6.883 2.811 1.770 8.197 8.689 7.242 5.596 4.350 7.712 5.578 4.209 9.015 9.197 6.382 8.868 1.726 2.591 3.848 3.511 8.816 9.924 2.352 3.460 4.979 7.678 4.556 7.520 6.720 8.877 8.431 2.093 6.166 5.449 5.491 6.011 5.571 4.396 10.536 8.395 4.899 1.930 6.021 5.787 9.338 3.544 2.765 6.655 2.823 5.879 5.044 4.588 9.053 5.582 3.086 7.062 7.666 5.616 0.986 4.353 5.520 4.062 6.653 5.085 0.901 5.380 9.257 3.331 3.951 6.625 5.740 7.546 6.708 2.426 3.107 4.269 8.036 2.937 3.355 0.980 9.235 9.553 6.099 6.443 9.067 4.788 5.237 6.477 8.435 5.045 1.874 2.022 3.089 6.562 7.144 2.852 
7.139 6.831 6.351 6.207 4.760 6.507 5.814 2.587 0.879 0.680 7.691 6.274 5.175 1.587 7.464 5.126 7.102 4.852 6.739 5.583 6.101 2.571 4.062 4.784 5.482 4.981 8.928 3.016 6.491 9.368 8.186 3.649 2.981 0.880 4.721 4.816 4.382 5.266 4.948 7.903 3.216 4.976 3.067 3.327 7.745 6.299 1.943 2.507 6.726 5.714 5.793 5.857 8.524 2.682 8.015 4.522 9.039 8.445 0.964 2.643 1.066 3.701 3.769 1.728 5.850 7.178 4.591 1.207 3.024 3.187 6.463 5.736 4.934 7.472 3.443 2.621 8.839 4.647 4.946 1.237 4.056 1.804 9.829 3.928 2.522 7.050 7.789 5.249 4.183 2.527 2.999 3.680 4.312 2.805 5.659 6.182 3.642 6.122 3.135 6.321 8.683 8.107 6.100 2.945 4.747 3.783 2.697 8.647 7.743 6.881 4.955 2.927 7.092 3.835 3.879 6.760 9.283 3.277 7.452 4.666 2.391 5.478 7.519 4.244 9.297 1.475 9.232 5.711 6.808 8.778 4.562 7.402 7.748 7.733 3.394 4.427 5.937 2.366 1.043 6.081 6.052 1.605 3.657 4.516 9.097 8.105 5.026 6.936 4.001 7.942 
2.369 0.593 0.325 2.600 9.195 7.077 2.033 3.757 6.538 6.886 5.136 2.822 8.056 5.066 6.875 1.260 3.180 2.543 1.988 3.477 1.121 5.019 4.889 5.631 4.764 2.456 7.385 3.296 0.705 7.333 4.055 3.743 8.111 6.590 3.740 2.344 4.352 1.033 3.709 1.960 3.324 3.989 6.799 5.515 7.619 0.119 5.972 6.566 4.030 5.978 6.284 2.087 3.169 6.162 5.929 4.616 2.866 3.673 6.261 7.485 5.660 4.778 3.014 5.661 3.405 5.002 8.286 7.352 4.209 7.782 1.882 0.584 1.620 2.071 7.804 8.489 2.589 1.732 4.687 5.706 3.680 5.464 7.998 6.634 6.287 3.042 6.881 3.206 4.879 4.727 4.396 2.668 9.449 7.267 4.940 1.680 5.220 5.951 7.168 1.483 2.555 7.388 3.034 4.763 2.776 3.507 7.812 6.707 4.328 7.318 7.227 4.416 1.741 2.457 3.292 4.677 7.772 3.879 1.400 3.112 7.902 1.070 4.937 6.047 7.055 6.118 7.799 1.859 1.318 5.716 7.435 1.614 4.550 2.643 8.148 7.303 6.161 5.190 7.334 5.024 5.427 4.687 6.199 4.549 2.809 3.680 2.101 6.915 6.459 1.988 
6.047 7.475 7.613 5.067 3.810 0.776 8.507 6.225 6.924 5.927 4.021 9.355 1.775 6.696 2.129 6.294 5.252 4.810 9.049 3.949 8.054 3.823 2.733 9.912 2.623 8.112 3.688 5.656 6.909 4.344 5.678 7.827 4.452 5.333 8.806 7.853 3.076 6.647 8.970 7.533 6.796 3.338 8.974 8.691 1.950 7.425 4.105 8.422 4.100 1.405 1.095 8.577 7.095 3.369 3.673 9.182 9.873 6.422 6.943 4.118 5.085 3.044 4.853 7.351 9.449 3.578 2.716 6.995 7.561 3.786 5.877 6.856 7.247 9.370 3.505 5.624 9.462 6.023 2.642 6.900 3.873 7.296 4.526 9.650 8.345 5.331 2.542 8.880 2.678 4.087 3.920 5.675 4.812 3.731 2.498 5.872 2.768 1.648 9.118 8.463 9.664 2.573 4.604 3.654 8.141 4.221 4.420 3.830 4.858 1.038 1.240 3.969 6.586 6.108 7.679 3.493 3.911 4.206 7.472 8.323 4.944 7.391 4.013 1.880 4.459 4.576 3.822 5.518 8.575 4.888 1.850 8.941 4.650 6.491 3.975 10.266 1.300 3.922 6.395 2.620 2.174 5.741 9.269 2.848 9.209 5.941 5.250 1.437 2.049 9.272 
7.004 6.427 5.875 6.164 5.701 7.110 5.124 2.108 0.681 1.583 7.922 5.501 6.001 0.821 7.959 4.783 7.093 4.795 6.065 5.702 5.521 3.012 4.478 3.833 5.819 4.268 9.353 2.734 6.151 9.740 8.207 2.833 3.931 1.816 3.861 4.132 4.685 4.865 4.089 7.599 2.601 5.200 2.259 2.376 8.312 5.850 2.663 1.704 6.873 6.224 6.343 5.160 8.357 3.411 8.329 3.596 8.498 8.375 0.411 3.572 1.640 4.099 3.699 0.778 5.019 7.434 5.479 1.535 2.186 4.112 6.300 5.336 4.382 6.829 4.356 3.530 8.337 4.328 5.295 0.289 4.209 0.857 10.243 3.038 1.654 7.024 8.256 4.436 4.594 2.866 3.273 3.399 5.261 3.703 6.014 5.998 4.136 6.599 2.404 5.695 8.132 8.612 6.130 3.327 4.001 3.871 3.644 9.008 7.850 7.484 5.698 3.200 6.863 3.449 3.122 7.002 9.724 3.416 7.112 3.879 3.341 4.953 7.737 4.862 9.639 2.255 9.681 5.558 6.217 8.985 5.361 6.819 7.888 7.581 4.334 3.587 6.458 2.852 1.755 6.423 6.456 1.405 2.736 4.854 8.663 8.077 4.886 7.481 4.702 7.367 
1.826 1.605 2.338 2.835 10.448 7.417 4.028 5.810 8.584 8.778 4.623 4.643 8.985 7.151 6.814 3.132 2.710 3.709 3.577 3.982 3.106 6.534 5.942 7.770 5.267 4.605 6.834 5.227 1.764 6.579 2.971 5.936 9.645 8.403 5.876 4.519 5.327 3.072 5.819 0.362 5.464 4.744 8.985 7.708 7.601 2.253 7.574 8.737 3.880 6.463 6.773 4.064 1.428 7.590 5.429 6.765 2.292 2.255 8.323 9.012 7.472 5.964 4.603 7.789 5.355 4.729 9.420 9.359 6.391 9.214 2.098 2.614 3.811 3.135 9.174 10.201 1.832 3.598 5.415 7.789 4.899 7.595 7.235 8.825 8.461 2.600 6.688 5.281 5.890 6.299 5.876 4.558 10.888 8.731 5.372 2.249 6.396 6.277 9.352 3.312 2.263 7.178 3.277 6.199 4.938 4.896 9.369 6.105 3.610 7.564 8.104 5.917 1.338 4.465 5.485 4.573 7.174 5.377 0.811 5.269 9.550 3.260 4.475 7.039 6.254 7.815 7.230 2.738 2.823 4.780 8.455 2.572 3.880 1.504 9.582 9.489 6.582 6.742 9.264 5.277 5.726 6.644 8.391 5.455 1.360 2.535 3.367 7.069 7.546 2.420 
2.652 0.648 0.822 3.191 10.104 7.812 2.293 4.610 7.376 7.777 5.584 2.887 8.921 5.890 7.498 2.182 3.569 3.392 1.836 4.195 1.404 5.939 5.756 6.071 5.513 2.950 7.854 4.196 1.210 7.727 4.254 4.394 9.032 7.496 4.187 2.908 5.199 1.944 4.110 1.669 4.119 4.783 7.475 6.142 8.262 0.885 6.894 7.287 4.569 6.738 7.049 2.324 3.036 7.079 6.397 5.081 1.945 3.714 7.092 8.407 6.569 5.665 3.932 6.444 3.600 5.528 9.180 8.205 4.921 8.701 2.385 1.506 2.344 1.548 8.720 9.404 1.677 2.653 5.488 6.527 4.561 6.246 8.395 7.216 7.001 3.431 7.463 3.557 5.738 5.648 5.312 3.580 10.369 8.187 5.673 2.286 6.108 6.671 7.851 1.560 1.641 7.970 3.655 5.678 3.292 4.410 8.733 7.150 4.679 8.031 8.079 5.334 1.943 3.345 3.948 5.250 8.228 4.794 1.170 3.612 8.821 1.761 5.398 6.912 7.428 7.036 8.265 2.594 1.072 6.018 8.312 0.979 4.927 2.725 9.067 7.859 6.908 6.111 8.214 5.711 6.133 5.570 6.797 5.385 1.987 3.838 2.956 7.600 7.341 1.165 
5.365 5.389 5.052 4.376 4.628 4.943 5.012 1.875 2.639 2.251 5.792 5.681 4.252 2.070 5.739 3.667 5.243 3.060 5.844 3.685 5.019 0.813 2.255 5.352 3.618 4.315 7.133 1.745 4.964 7.533 6.308 3.476 3.249 1.784 4.569 4.085 2.497 3.894 4.772 6.291 2.586 3.073 4.411 4.071 6.116 4.952 1.133 3.878 4.822 4.012 4.147 5.070 6.762 1.646 6.145 4.737 7.772 6.611 2.542 2.650 0.893 1.876 2.042 2.754 5.490 5.285 4.012 3.108 3.062 3.046 4.726 4.334 3.877 6.466 3.159 3.582 7.506 3.187 3.088 2.345 2.159 2.681 8.025 5.028 3.764 5.200 6.033 4.868 2.371 0.646 1.096 2.267 4.639 2.523 3.807 4.473 1.934 4.378 4.602 5.329 7.442 6.393 4.230 1.103 4.197 1.918 2.938 6.803 5.842 5.315 3.749 1.023 5.410 2.584 3.480 4.863 7.502 1.399 5.898 4.255 2.986 4.321 5.618 2.747 7.443 1.201 7.458 3.983 5.713 6.877 3.562 6.268 5.844 5.966 3.389 5.659 4.249 0.715 2.788 4.222 4.236 1.122 4.642 2.649 7.646 6.250 3.305 5.278 2.719 6.770 
7.580 8.395 8.270 6.484 1.197 3.626 8.591 5.554 5.044 3.823 6.421 9.316 1.235 5.417 4.957 6.824 7.022 5.624 9.351 5.377 8.439 3.171 3.318 8.824 4.335 7.955 6.544 5.323 7.870 7.177 7.770 7.138 1.710 3.342 8.240 7.715 3.937 7.131 8.447 8.899 6.264 4.566 7.274 7.418 4.824 8.124 2.622 6.717 6.057 3.583 3.417 8.654 8.867 2.047 6.294 8.337 10.882 8.381 5.175 1.642 3.596 3.318 5.073 5.860 9.165 5.899 0.379 4.812 6.668 1.129 7.162 7.491 7.378 9.881 0.823 2.897 10.539 6.405 3.981 5.358 4.419 5.880 7.399 8.133 6.731 7.054 5.368 8.545 3.377 3.505 3.706 5.674 1.974 1.407 4.355 7.029 2.876 4.033 7.313 8.798 10.598 5.447 6.109 3.330 7.862 4.549 1.795 6.603 7.025 3.917 1.698 3.703 7.922 6.072 7.159 5.652 6.785 4.208 8.666 7.933 2.331 7.726 6.347 2.289 7.258 2.893 6.697 6.562 9.089 7.435 1.077 9.585 6.884 8.135 1.172 8.638 3.670 3.082 4.150 4.693 4.361 4.682 7.838 3.832 10.487 7.917 6.036 4.269 1.735 10.030 
6.513 6.416 6.011 5.533 4.275 5.647 5.714 2.420 1.726 1.094 6.876 6.277 4.432 1.873 6.598 4.690 6.399 4.208 6.605 4.826 5.869 1.728 3.210 5.266 4.642 4.932 8.066 2.624 6.026 8.513 7.460 3.786 2.614 0.679 4.897 4.734 3.561 4.878 5.118 7.391 3.128 4.179 3.818 3.850 6.881 5.933 1.107 3.258 5.948 4.847 4.927 5.765 7.909 1.856 7.174 4.852 8.730 7.768 1.742 2.137 0.268 2.856 3.164 2.302 5.954 6.356 3.940 2.008 3.228 2.650 5.864 5.336 4.700 7.290 2.862 2.623 8.494 4.204 4.106 1.804 3.305 2.312 8.968 4.604 3.224 6.358 6.924 5.334 3.332 1.726 2.213 3.245 4.018 2.193 4.815 5.602 2.779 5.257 3.928 6.136 8.387 7.241 5.385 2.114 4.746 3.075 2.302 7.794 6.977 6.022 4.143 2.143 6.532 3.483 3.923 5.945 8.420 2.555 6.975 4.726 2.163 5.202 6.710 3.384 8.448 0.687 8.367 5.116 6.576 7.969 3.791 7.155 6.968 7.114 2.922 5.156 5.071 1.513 1.634 5.239 5.195 1.375 4.285 3.681 8.686 7.407 4.434 6.070 3.165 7.679 
5.084 3.414 2.663 4.897 9.127 8.451 1.078 2.656 4.870 5.685 7.443 1.268 8.593 3.444 8.667 2.730 5.720 4.035 1.972 5.301 1.901 5.042 5.717 2.777 6.289 0.438 9.545 2.889 3.517 9.643 6.742 1.423 7.620 5.639 0.884 0.659 5.419 2.468 0.842 4.805 1.930 5.418 4.345 2.957 9.310 2.781 5.619 4.274 6.243 7.323 7.585 1.080 6.034 6.125 8.155 1.777 4.672 6.480 4.560 7.077 4.861 5.434 3.607 3.717 1.011 7.161 8.491 5.746 2.075 7.523 4.444 2.705 1.499 2.784 7.657 7.586 4.652 2.695 5.981 3.988 4.609 3.532 10.282 3.950 3.982 5.592 8.788 0.446 5.769 4.706 4.653 2.773 9.031 7.008 6.505 4.145 5.791 7.470 4.728 1.823 4.296 9.272 5.194 5.001 0.313 4.234 7.304 8.948 6.833 8.770 7.924 4.627 4.553 2.343 1.128 6.756 9.946 4.269 4.242 0.378 7.194 1.846 7.232 6.743 9.411 5.527 9.950 4.012 2.410 8.227 7.904 2.969 7.009 5.460 7.849 4.571 7.552 5.098 5.974 6.750 7.045 3.665 3.554 5.656 5.200 6.415 3.722 8.499 6.951 3.501 
6.208 7.403 7.443 5.157 2.988 1.689 8.147 5.594 6.026 4.984 4.596 8.964 1.050 5.919 3.007 6.053 5.510 4.636 8.770 4.010 7.791 3.102 2.329 9.218 2.762 7.669 4.598 5.108 6.844 5.227 6.102 7.219 3.468 4.398 8.247 7.412 2.827 6.396 8.425 7.642 6.216 3.275 8.128 7.940 2.926 7.267 3.217 7.571 4.428 1.748 1.525 8.216 7.379 2.469 4.387 8.547 9.861 6.787 6.065 3.129 4.229 2.551 4.457 6.535 8.981 4.100 1.850 6.049 6.894 2.801 5.927 6.665 6.884 9.168 2.525 4.636 9.473 5.722 2.583 6.067 3.550 6.496 5.460 8.849 7.513 5.568 3.418 8.391 2.317 3.402 3.333 5.232 3.917 2.744 2.712 5.867 2.180 2.159 8.251 8.188 9.621 3.514 4.722 3.014 7.660 3.835 3.431 4.658 5.312 2.006 0.257 3.369 6.670 5.666 7.118 3.918 4.847 3.706 7.509 7.810 3.955 7.100 4.549 1.228 5.310 3.671 4.763 5.458 8.365 5.561 0.884 8.782 5.137 6.709 3.003 9.443 1.782 3.159 5.437 2.967 2.572 4.996 8.485 2.634 9.299 6.310 5.079 2.321 1.171 9.159 
7.684 6.466 5.760 7.114 8.097 9.158 4.385 2.964 2.666 3.903 9.324 4.366 8.335 2.178 9.824 5.188 8.050 5.850 5.269 7.015 5.121 5.049 6.363 1.552 7.505 3.581 11.069 3.750 6.393 11.354 9.170 2.133 6.312 4.212 2.534 3.596 6.391 5.100 2.716 7.822 2.834 6.738 1.067 0.362 10.284 5.820 4.969 1.216 8.161 8.163 8.334 4.388 8.878 5.698 9.873 1.806 7.981 9.127 2.428 5.971 3.937 5.987 4.893 1.630 3.657 8.903 7.864 3.378 1.773 6.512 6.968 5.508 4.259 6.082 6.754 5.780 7.949 4.867 7.031 2.134 5.721 1.620 11.921 0.857 0.987 7.949 10.067 3.257 6.464 4.807 5.081 4.225 7.606 6.097 7.720 6.645 6.145 8.474 1.444 5.116 7.605 10.478 7.233 5.264 3.237 5.317 6.034 10.617 9.010 9.526 7.950 5.016 7.329 4.015 2.584 8.462 11.460 5.011 7.270 2.949 5.697 4.812 9.120 6.990 11.197 4.611 11.433 6.319 5.702 10.302 7.674 6.274 9.113 8.183 6.731 1.559 8.404 4.951 3.894 8.087 8.222 3.135 0.413 6.602 8.460 8.937 5.758 9.438 6.927 6.809 
2.969 1.387 1.741 3.736 10.939 8.415 3.009 5.528 8.291 8.696 5.915 3.438 9.682 6.802 7.978 3.072 3.912 4.169 2.332 4.823 2.214 6.809 6.533 6.792 6.151 3.754 8.169 5.112 1.918 7.967 4.384 5.247 9.916 8.410 4.939 3.744 5.954 2.854 4.836 1.599 5.026 5.481 8.325 6.972 8.757 1.798 7.782 8.159 5.015 7.377 7.690 3.025 2.914 7.939 6.731 5.829 1.112 3.718 8.005 9.288 7.481 6.470 4.801 7.344 4.207 5.938 9.989 9.122 5.797 9.566 2.912 2.403 3.244 1.732 9.574 10.311 0.771 3.550 6.184 7.438 5.365 7.145 8.630 8.016 7.871 3.783 7.901 4.267 6.505 6.526 6.173 4.490 11.239 9.057 6.293 2.901 6.914 7.266 8.704 2.253 0.904 8.403 4.208 6.533 4.098 5.247 9.619 7.447 4.941 8.607 8.825 6.198 2.287 4.263 4.808 5.712 8.526 5.655 1.361 4.403 9.720 2.664 5.746 7.681 7.651 7.938 8.573 3.291 1.675 6.194 9.092 1.227 5.204 2.850 9.934 8.641 7.530 6.988 9.133 6.281 6.718 6.490 7.608 6.125 1.130 3.950 3.747 8.147 8.133 0.945 
7.528 6.282 5.572 6.977 8.163 9.118 4.183 2.868 2.774 3.993 9.213 4.160 8.352 2.171 9.759 5.028 7.910 5.726 5.065 6.905 4.926 5.023 6.310 1.416 7.426 3.383 10.985 3.647 6.219 11.259 9.027 1.953 6.388 4.278 2.328 3.404 6.319 4.932 2.510 7.642 2.695 6.649 1.273 0.190 10.231 5.635 4.987 1.394 8.045 8.110 8.287 4.186 8.710 5.708 9.774 1.604 7.778 8.971 2.522 6.031 3.959 5.937 4.787 1.685 3.451 8.800 7.903 3.513 1.632 6.569 6.814 5.334 4.078 5.877 6.805 5.889 7.749 4.717 6.959 2.187 5.635 1.650 11.831 0.985 1.149 7.807 9.995 3.051 6.409 4.771 5.028 4.101 7.697 6.144 7.642 6.491 6.109 8.413 1.651 4.916 7.402 10.412 7.106 5.223 3.039 5.228 6.105 10.523 8.882 9.484 7.947 4.965 7.162 3.875 2.403 8.359 11.377 4.938 7.089 2.747 5.783 4.628 9.009 6.967 11.098 4.643 11.352 6.174 5.503 10.183 7.685 6.072 8.989 8.022 6.796 1.688 8.352 4.934 4.009 8.004 8.149 3.105 0.528 6.533 8.264 8.789 5.622 9.384 6.920 6.607 
5.615 4.725 4.118 4.949 6.856 7.097 3.297 0.744 2.500 3.226 7.101 3.726 6.641 1.012 7.664 3.198 5.892 3.647 4.235 4.793 3.704 3.119 4.262 3.017 5.312 2.447 8.864 1.526 4.522 9.135 7.018 1.155 5.245 3.201 2.268 2.302 4.218 3.204 2.487 5.983 0.817 4.526 2.858 1.941 8.167 4.117 3.393 2.507 5.943 6.051 6.248 3.335 6.891 4.019 7.651 2.347 6.688 7.044 2.200 4.744 2.498 3.901 2.669 1.520 3.334 6.679 6.362 3.366 0.675 5.229 4.894 3.662 2.592 4.998 5.403 5.133 6.546 2.801 4.856 1.621 3.515 1.323 9.708 3.080 2.254 5.799 7.889 2.720 4.353 2.821 2.993 2.036 6.649 4.734 5.530 4.575 4.128 6.330 3.187 3.865 6.319 8.315 5.035 3.241 2.200 3.106 4.932 8.399 6.813 7.456 6.114 2.937 5.351 1.902 1.331 6.238 9.257 2.840 5.464 2.125 4.774 3.172 6.898 5.039 8.975 3.200 9.234 4.200 4.394 8.087 5.952 4.997 6.905 6.153 5.528 3.779 6.294 3.087 3.530 5.885 6.043 1.333 2.633 4.438 6.915 6.815 3.594 7.320 5.087 5.546 
5.797 5.348 4.857 4.943 5.586 6.198 4.381 1.103 1.838 2.128 6.739 4.913 5.465 0.807 6.932 3.657 5.871 3.574 5.290 4.496 4.615 2.079 3.441 4.109 4.700 3.578 8.264 1.559 5.028 8.617 6.985 2.426 3.979 1.983 3.540 3.390 3.563 3.780 3.758 6.458 1.777 4.031 3.206 2.799 7.348 4.807 2.148 2.700 5.669 5.232 5.386 4.429 7.161 2.818 7.181 3.569 7.544 7.158 1.623 3.471 1.226 3.061 2.477 1.542 4.582 6.263 5.124 2.575 1.905 3.958 5.099 4.252 3.445 6.004 4.137 3.944 7.344 3.186 4.192 1.225 3.023 1.439 9.142 3.764 2.550 5.803 7.203 3.962 3.549 1.848 2.177 2.231 5.387 3.467 4.905 4.803 3.183 5.571 3.436 4.850 7.189 7.587 4.909 2.312 3.379 2.668 3.665 7.880 6.636 6.568 5.009 2.107 5.686 2.348 2.551 5.827 8.643 2.238 5.991 3.354 3.531 3.984 6.550 4.021 8.499 1.928 8.607 4.353 5.323 7.792 4.784 5.915 6.680 6.380 4.256 4.408 5.472 1.986 2.538 5.301 5.374 0.192 3.371 3.751 7.610 6.856 3.676 6.505 3.980 6.452 
5.345 7.048 7.323 4.516 5.242 0.660 8.474 6.686 7.858 6.989 2.859 9.350 3.208 7.393 0.700 6.155 4.454 4.659 8.882 3.537 7.886 4.548 3.159 10.397 2.322 8.217 2.263 6.008 6.490 2.911 4.642 8.201 5.782 6.383 9.080 7.961 3.233 6.506 9.217 6.852 7.154 3.189 9.766 9.300 0.763 7.122 5.087 9.232 3.279 1.359 1.213 8.545 6.196 4.407 2.356 9.575 9.308 5.436 7.830 5.385 5.972 3.534 5.021 8.106 9.562 2.522 4.141 8.048 8.042 5.113 5.339 6.621 7.252 9.084 4.850 6.927 8.872 5.985 2.626 7.697 4.022 8.021 3.121 10.341 9.117 4.559 1.111 9.040 3.060 4.740 4.441 5.865 6.234 4.985 2.117 5.410 3.422 1.125 9.952 8.303 9.145 1.183 4.046 4.274 8.305 4.425 5.715 2.411 3.815 0.490 2.596 4.505 5.970 6.277 7.982 2.591 2.509 4.577 6.892 8.533 6.219 7.283 2.906 2.777 3.029 5.575 2.427 5.154 8.317 3.583 3.223 8.600 3.573 5.695 5.336 10.993 1.117 4.704 7.492 1.990 1.595 6.407 9.931 2.999 8.518 4.967 5.063 0.098 3.157 8.859 
1.924 1.668 1.671 1.544 7.884 5.717 2.895 3.123 5.839 5.964 4.112 3.774 6.676 4.466 5.609 0.629 2.388 1.152 3.194 2.164 2.202 3.789 3.510 5.889 3.406 2.918 6.283 2.455 1.163 6.324 3.463 3.714 6.910 5.586 4.107 2.705 2.962 0.905 4.154 2.475 2.950 2.606 6.543 5.418 6.329 1.485 4.800 6.210 2.927 4.606 4.909 2.963 3.195 4.899 4.855 4.884 4.155 3.366 5.595 6.278 4.654 3.422 1.804 5.164 4.162 3.878 6.940 6.581 3.992 6.530 1.207 0.931 1.855 3.432 6.527 7.403 3.818 0.904 3.300 5.091 2.317 4.978 6.974 6.589 5.956 2.268 5.656 3.778 3.495 3.527 3.140 1.786 8.207 6.027 3.591 0.884 3.865 4.606 6.885 2.619 3.878 6.159 1.875 3.491 3.143 2.195 6.622 5.648 3.482 5.972 5.840 3.172 1.679 1.802 3.302 3.503 6.680 2.626 2.070 3.459 6.769 1.666 3.903 4.667 6.078 5.013 6.694 0.660 2.643 4.874 6.065 3.003 3.655 2.449 6.899 7.289 4.796 3.982 6.456 3.715 4.096 3.861 6.135 3.157 3.848 3.191 0.711 5.592 5.095 3.371 
4.082 2.838 3.179 5.001 12.377 9.658 4.170 6.951 9.692 10.140 6.905 4.374 11.066 8.198 9.098 4.535 4.991 5.588 3.322 6.129 3.520 8.267 7.938 7.842 7.447 4.992 9.095 6.564 3.343 8.804 5.203 6.531 11.377 9.865 6.072 5.027 7.346 4.312 5.936 2.576 6.415 6.835 9.579 8.200 9.885 3.254 9.244 9.457 6.152 8.664 8.976 4.168 3.555 9.392 7.706 6.938 0.590 4.430 9.401 10.748 8.938 7.894 6.260 8.703 5.168 7.015 11.409 10.535 7.117 11.021 4.196 3.865 4.630 2.536 11.024 11.772 0.694 5.013 7.530 8.828 6.792 8.506 9.449 9.181 9.166 4.877 8.975 5.362 7.903 7.986 7.628 5.949 12.696 10.514 7.571 4.244 8.338 8.511 9.961 3.446 0.956 9.465 5.466 7.985 5.330 6.692 11.081 8.364 5.886 9.821 10.199 7.654 3.485 5.711 6.107 6.849 9.425 7.110 2.603 5.606 11.183 4.062 6.760 9.077 8.472 9.400 9.485 4.674 2.867 6.991 10.493 2.282 6.156 3.789 11.390 9.769 8.799 8.448 10.569 7.513 7.959 7.930 8.797 7.505 0.957 4.775 5.176 9.336 9.545 1.747 
2.207 0.241 0.828 2.750 9.792 7.389 2.528 4.510 7.292 7.623 5.134 3.202 8.557 5.821 7.054 1.949 3.119 3.034 2.200 3.774 1.597 5.665 5.400 6.254 5.097 3.091 7.404 4.031 0.798 7.280 3.825 4.457 8.776 7.312 4.360 3.013 4.830 1.770 4.305 1.351 4.077 4.387 7.526 6.224 7.820 0.779 6.646 7.307 4.121 6.324 6.635 2.568 2.681 6.793 5.946 5.249 2.247 3.315 7.016 8.147 6.380 5.328 3.658 6.413 3.876 5.079 8.847 8.104 4.945 8.421 1.939 1.301 2.348 1.988 8.427 9.195 1.915 2.433 5.092 6.462 4.222 6.216 7.948 7.327 7.026 2.981 7.016 3.770 5.376 5.386 5.027 3.390 10.094 7.912 5.252 1.854 5.772 6.246 7.898 1.841 1.983 7.523 3.217 5.386 3.425 4.099 8.482 6.700 4.234 7.603 7.707 5.053 1.500 3.201 4.006 4.803 7.778 4.509 0.804 3.756 8.593 1.777 4.948 6.552 6.983 6.815 7.815 2.191 1.435 5.579 7.959 1.426 4.479 2.309 8.789 7.985 6.489 5.847 8.077 5.279 5.704 5.430 6.897 5.008 2.061 3.415 2.606 7.165 6.996 1.598 
2.101 3.268 3.470 1.004 6.677 3.914 4.675 3.786 6.055 5.787 2.605 5.557 5.184 4.961 3.787 2.336 1.722 0.939 5.027 0.343 4.033 3.116 2.172 7.199 1.605 4.546 4.590 2.992 2.701 4.735 2.766 4.934 6.064 5.279 5.593 4.303 1.550 2.678 5.686 3.450 3.958 0.940 7.312 6.427 4.498 3.272 4.171 6.876 1.432 2.829 3.140 4.745 3.438 3.990 3.234 6.252 5.675 3.121 5.882 5.443 4.433 2.268 1.858 5.729 5.862 2.236 5.625 6.631 5.003 5.557 1.721 2.762 3.513 5.235 5.476 6.809 5.276 2.265 1.626 5.497 1.396 5.574 5.354 7.586 6.669 1.702 3.858 5.403 2.106 2.995 2.506 2.529 7.204 5.114 1.775 1.669 2.669 2.786 7.603 4.451 5.457 4.355 0.703 2.722 4.701 1.643 5.819 4.018 2.357 4.153 4.307 2.570 2.472 2.836 4.603 1.812 4.991 2.148 3.302 4.979 6.098 3.458 2.398 3.236 4.535 4.532 4.992 1.317 4.460 3.576 4.650 4.769 2.413 2.673 5.919 8.288 3.002 3.350 6.328 1.883 2.266 4.091 7.135 1.655 5.093 2.727 1.253 3.761 3.755 5.072 
5.833 7.542 7.813 5.010 5.158 0.759 8.948 7.082 8.130 7.210 3.284 9.822 3.132 7.736 0.987 6.635 4.936 5.136 9.367 4.027 8.370 4.869 3.533 10.796 2.796 8.675 2.365 6.422 6.983 3.050 5.086 8.618 5.852 6.607 9.516 8.418 3.659 6.986 9.657 7.339 7.571 3.657 10.087 9.669 0.546 7.612 5.331 9.547 3.763 1.753 1.549 9.018 6.660 4.625 2.715 9.990 9.799 5.888 8.118 5.499 6.254 3.900 5.461 8.435 10.021 2.980 4.097 8.275 8.438 5.184 5.833 7.108 7.720 9.575 4.907 7.019 9.363 6.455 3.069 8.013 4.458 8.358 3.157 10.692 9.444 5.043 1.346 9.492 3.442 5.081 4.811 6.305 6.193 5.105 2.595 5.904 3.748 1.589 10.261 8.787 9.638 1.220 4.540 4.619 8.756 4.856 5.811 2.647 4.263 0.389 2.638 4.872 6.461 6.722 8.410 3.072 2.543 4.979 7.384 8.977 6.329 7.762 3.346 3.021 3.216 5.816 2.448 5.645 8.806 3.930 3.253 9.092 4.015 6.174 5.379 11.335 1.514 5.010 7.699 2.482 2.081 6.754 10.288 3.422 9.003 5.422 5.544 0.590 3.334 9.352 
8.446 7.495 6.836 7.731 7.247 9.015 5.644 3.462 1.776 3.018 9.695 5.732 7.808 2.223 9.853 6.033 8.674 6.388 6.563 7.423 6.287 4.913 6.364 2.935 7.668 4.798 11.224 4.232 7.337 11.587 9.801 3.255 5.430 3.481 3.899 4.762 6.531 6.017 4.098 8.795 3.624 6.999 0.528 1.721 10.217 6.864 4.531 0.337 8.596 8.125 8.247 5.658 9.730 5.280 10.151 3.240 9.225 9.869 1.685 5.208 3.531 5.984 5.328 1.453 5.058 9.228 7.199 2.219 2.701 5.752 7.727 6.463 5.296 7.374 6.028 4.704 9.153 5.639 7.154 1.774 5.985 1.608 12.107 1.537 0.621 8.590 10.142 4.609 6.478 4.750 5.130 4.832 6.609 5.415 7.870 7.409 6.038 8.492 0.504 6.342 8.849 10.507 7.767 5.215 4.465 5.614 5.187 10.851 9.529 9.390 7.567 5.058 8.189 4.739 3.686 8.789 11.599 5.206 8.263 4.217 4.769 5.875 9.502 6.766 11.470 4.089 11.560 7.021 6.918 10.734 7.193 7.508 9.594 8.990 5.909 1.856 8.360 4.758 2.838 8.270 8.328 3.163 1.501 6.712 9.605 9.622 6.391 9.385 6.586 8.055 
0.773 1.850 2.571 1.856 9.535 6.338 4.336 5.451 8.157 8.205 3.543 5.079 7.992 6.795 5.718 2.820 1.614 2.954 4.107 2.988 3.406 5.782 5.028 7.900 4.233 4.740 5.775 4.775 1.648 5.557 1.981 5.876 8.850 7.780 6.022 4.599 4.406 2.887 6.006 0.831 5.233 3.782 8.824 7.632 6.505 2.412 6.841 8.516 2.787 5.408 5.715 4.386 0.892 6.777 4.354 6.881 3.349 1.406 7.919 8.220 6.864 5.094 3.968 7.488 5.707 3.633 8.478 8.880 6.240 8.378 1.273 2.507 3.791 3.846 8.315 9.492 2.893 3.217 4.424 7.419 4.081 7.301 6.219 8.788 8.255 1.507 5.595 5.515 4.963 5.581 5.127 4.110 10.040 7.914 4.323 1.533 5.511 5.203 9.175 3.712 3.271 6.086 2.262 5.420 5.043 4.148 8.588 5.049 2.544 6.476 7.107 5.177 0.661 4.120 5.435 3.478 6.125 4.657 1.149 5.380 8.813 3.324 3.388 6.084 5.240 7.129 6.176 2.015 3.343 3.785 7.489 3.268 2.810 0.439 8.744 9.476 5.517 6.002 8.715 4.204 4.654 6.166 8.339 4.510 2.455 1.551 2.699 5.977 6.611 3.265 
2.401 1.620 1.375 2.100 8.029 6.142 2.365 2.804 5.572 5.808 4.664 3.246 6.939 4.149 6.104 0.121 2.933 1.515 2.742 2.657 1.743 3.849 3.780 5.360 3.844 2.363 6.823 2.226 1.253 6.875 3.992 3.218 6.944 5.477 3.560 2.151 3.279 0.362 3.602 2.697 2.531 3.010 6.122 4.951 6.810 1.230 4.809 5.817 3.475 5.018 5.315 2.434 3.590 4.991 5.402 4.350 4.035 3.843 5.313 6.318 4.543 3.641 1.843 4.812 3.611 4.419 7.133 6.349 3.543 6.611 1.704 0.595 1.300 3.072 6.633 7.351 3.744 0.597 3.685 4.784 2.558 4.621 7.523 6.116 5.554 2.809 6.167 3.222 3.781 3.557 3.226 1.565 8.278 6.097 4.040 1.387 4.079 5.052 6.473 2.158 3.726 6.668 2.422 3.594 2.591 2.352 6.647 6.195 4.035 6.413 6.127 3.245 2.042 1.456 2.794 4.037 7.221 2.709 2.215 2.911 6.749 1.141 4.455 4.934 6.631 4.970 7.233 1.215 2.270 5.428 6.304 2.706 4.210 2.883 6.977 6.811 5.219 4.021 6.277 4.196 4.559 3.642 5.664 3.491 3.886 3.701 1.091 6.055 5.322 3.134 
8.731 7.798 7.141 8.002 7.253 9.174 5.950 3.738 1.854 3.054 9.933 6.030 7.892 2.473 10.040 6.327 8.945 6.653 6.868 7.671 6.594 5.093 6.557 3.165 7.881 5.105 11.428 4.502 7.636 11.803 10.071 3.562 5.436 3.551 4.195 5.069 6.745 6.316 4.392 9.095 3.921 7.229 0.706 2.008 10.386 7.168 4.655 0.641 8.845 8.304 8.418 5.963 10.021 5.402 10.376 3.520 9.532 10.150 1.812 5.248 3.676 6.178 5.587 1.708 5.350 9.461 7.253 2.176 3.007 5.790 8.012 6.763 5.601 7.679 6.073 4.654 9.460 5.929 7.363 1.981 6.219 1.875 12.315 1.692 0.928 8.862 10.336 4.908 6.673 4.944 5.338 5.110 6.574 5.475 8.081 7.695 6.215 8.680 0.488 6.649 9.156 10.692 8.029 5.406 4.771 5.855 5.206 11.068 9.786 9.549 7.683 5.266 8.481 5.027 3.994 9.024 11.801 5.435 8.564 4.522 4.767 6.180 9.743 6.917 11.692 4.201 11.759 7.301 7.226 10.978 7.290 7.815 9.846 9.277 5.929 1.903 8.537 4.928 2.821 8.484 8.531 3.390 1.724 6.921 9.912 9.897 6.667 9.558 6.715 8.361 
2.963 2.042 1.610 2.577 7.854 6.311 2.102 2.289 5.071 5.381 5.096 2.973 6.896 3.625 6.386 0.457 3.450 1.730 2.659 2.972 1.697 3.630 3.782 4.823 4.056 1.925 7.202 1.791 1.764 7.294 4.530 2.656 6.669 5.088 3.059 1.691 3.347 0.475 3.120 3.224 1.970 3.193 5.557 4.383 7.064 1.524 4.527 5.259 3.895 5.177 5.462 2.172 4.157 4.786 5.806 3.820 4.333 4.407 4.804 6.052 4.161 3.591 1.693 4.270 3.234 4.812 7.013 5.868 2.975 6.381 2.258 0.946 0.885 3.128 6.428 6.999 4.085 0.399 3.826 4.264 2.568 4.077 7.933 5.549 4.993 3.332 6.481 2.787 3.801 3.317 3.048 1.177 8.031 5.860 4.263 1.937 4.013 5.261 5.909 2.081 4.000 6.973 2.848 3.424 2.112 2.285 6.364 6.599 4.527 6.602 6.119 3.055 2.607 0.958 2.238 4.411 7.602 2.547 2.719 2.417 6.428 0.992 4.885 4.915 7.064 4.641 7.608 1.701 2.336 5.909 6.240 2.853 4.688 3.452 6.742 6.245 5.392 3.779 5.832 4.465 4.796 3.186 5.096 3.574 4.306 4.252 1.379 6.280 5.254 3.337 
4.011 3.678 3.298 3.202 6.275 5.493 3.364 1.114 3.628 3.750 5.253 4.116 5.545 2.346 5.913 1.951 4.143 1.849 4.138 2.946 3.274 2.057 2.686 4.704 3.526 2.781 7.044 0.322 3.299 7.295 5.268 2.478 5.000 3.416 3.394 2.528 2.492 2.148 3.553 4.699 1.432 2.705 4.645 3.782 6.471 3.207 2.863 4.226 4.103 4.393 4.626 3.428 5.370 3.202 5.807 3.851 6.021 5.389 3.401 4.391 2.484 2.380 0.821 3.097 4.077 4.832 5.520 4.350 2.393 4.749 3.309 2.600 2.160 4.725 4.823 5.312 5.767 1.466 3.112 2.935 1.723 2.931 7.876 4.928 4.008 4.064 6.109 3.485 2.752 1.724 1.593 0.511 6.378 4.224 3.746 3.012 2.725 4.615 4.944 3.602 5.687 6.555 3.230 1.952 2.754 1.310 4.692 6.561 4.999 5.834 4.859 1.572 3.900 0.849 2.273 4.391 7.440 1.212 4.256 2.912 4.741 2.570 5.051 3.677 7.130 2.954 7.422 2.565 3.961 6.248 4.861 4.511 5.078 4.590 5.104 5.627 4.631 2.167 4.230 4.078 4.275 1.632 4.481 2.725 5.948 5.108 1.895 5.632 3.895 5.012 
3.383 3.775 3.654 2.369 5.778 4.239 4.273 2.399 4.495 4.260 4.019 5.109 4.676 3.455 4.587 2.216 3.237 1.102 4.888 1.758 3.918 1.736 1.558 6.034 2.196 3.866 5.723 1.639 3.267 5.995 4.317 3.798 4.843 3.779 4.657 3.606 1.207 2.544 4.798 4.443 2.756 1.383 5.846 5.084 5.162 3.500 2.790 5.384 2.931 3.117 3.372 4.343 4.779 2.802 4.519 5.169 6.258 4.601 4.328 4.210 2.901 1.369 0.607 4.225 5.207 3.565 4.857 5.076 3.718 4.432 2.783 2.871 3.009 5.323 4.420 5.440 5.926 1.844 1.800 3.962 0.402 4.083 6.564 6.212 5.194 3.192 4.779 4.654 1.587 1.531 1.077 1.449 6.110 3.938 2.417 2.566 1.802 3.306 6.117 4.309 5.970 5.226 2.231 1.399 3.914 0.096 4.567 5.258 3.908 4.565 3.890 1.125 3.508 1.873 3.559 3.124 6.117 0.616 4.124 4.122 4.765 3.220 3.825 2.686 5.845 3.084 6.096 2.070 4.521 5.059 4.031 4.983 3.944 3.985 4.802 6.904 3.351 1.951 4.795 2.750 2.948 2.547 5.771 1.444 5.934 4.243 1.448 4.330 3.047 5.410 
1.609 2.096 2.848 2.699 10.378 7.116 4.582 6.111 8.857 8.967 4.169 5.233 8.826 7.458 6.422 3.434 2.371 3.762 4.182 3.827 3.650 6.598 5.870 8.283 5.056 5.108 6.334 5.476 2.116 6.043 2.440 6.373 9.679 8.560 6.389 5.003 5.248 3.432 6.345 0.706 5.825 4.623 9.389 8.145 7.209 2.735 7.654 9.113 3.547 6.216 6.521 4.622 0.817 7.608 4.959 7.270 2.851 1.677 8.608 9.048 7.636 5.932 4.741 8.126 5.927 4.330 9.320 9.604 6.792 9.214 2.083 3.000 4.251 3.764 9.154 10.301 2.395 3.872 5.262 8.091 4.910 7.934 6.691 9.279 8.844 2.283 6.267 5.819 5.806 6.387 5.941 4.805 10.878 8.747 5.137 2.310 6.352 5.992 9.749 3.886 2.860 6.746 3.098 6.243 5.433 4.959 9.414 5.603 3.142 7.236 7.941 5.988 1.371 4.766 5.925 4.222 6.662 5.462 1.268 5.768 9.629 3.725 4.038 6.926 5.713 7.928 6.722 2.804 3.422 4.233 8.329 3.198 3.412 1.124 9.580 9.954 6.316 6.815 9.468 4.997 5.446 6.884 8.839 5.352 1.807 2.012 3.475 6.725 7.453 3.052 
7.470 7.291 6.843 6.496 4.240 6.359 6.380 3.120 1.273 0.129 7.805 6.860 4.824 2.187 7.395 5.571 7.365 5.166 7.299 5.787 6.632 2.649 4.100 5.355 5.548 5.556 8.902 3.471 6.925 9.376 8.424 4.246 2.437 0.511 5.322 5.384 4.492 5.734 5.549 8.312 3.776 5.125 3.511 3.893 7.617 6.780 1.813 2.962 6.901 5.649 5.697 6.425 8.864 2.492 8.072 5.119 9.547 8.732 1.458 2.169 1.230 3.762 4.110 2.299 6.448 7.280 4.166 1.158 3.625 2.714 6.813 6.201 5.461 8.020 2.990 2.019 9.333 5.088 5.012 1.821 4.268 2.390 9.806 4.421 3.015 7.323 7.739 5.845 4.222 2.682 3.171 4.120 3.735 2.389 5.711 6.545 3.632 6.079 3.529 6.866 9.195 8.026 6.351 3.046 5.330 4.040 2.170 8.667 7.933 6.730 4.696 3.102 7.470 4.314 4.466 6.875 9.244 3.521 7.881 5.258 1.818 5.992 7.643 4.114 9.327 1.325 9.186 6.063 7.340 8.901 4.250 7.930 7.919 8.069 2.885 4.876 5.862 2.423 0.672 6.137 6.063 2.097 4.180 4.598 9.561 8.372 5.379 6.831 3.799 8.465 
3.635 2.252 1.590 3.386 8.371 7.121 1.319 2.284 5.004 5.509 5.933 2.160 7.560 3.510 7.234 1.218 4.221 2.577 2.042 3.825 1.236 4.149 4.511 4.112 4.889 1.080 8.053 2.068 2.182 8.136 5.265 2.093 7.059 5.302 2.278 0.861 4.123 0.976 2.312 3.597 1.729 4.021 5.140 3.865 7.904 1.614 4.938 4.915 4.735 5.987 6.266 1.388 4.700 5.298 6.652 3.094 4.179 5.059 4.713 6.462 4.409 4.282 2.371 4.048 2.380 5.660 7.599 5.848 2.553 6.838 2.966 1.304 0.065 2.662 6.918 7.257 4.015 1.230 4.634 4.143 3.324 3.850 8.779 4.999 4.633 4.095 7.333 1.943 4.542 3.818 3.632 1.645 8.451 6.313 5.099 2.658 4.684 6.090 5.509 1.518 3.818 7.824 3.684 4.005 1.302 2.997 6.746 7.445 5.325 7.422 6.817 3.625 3.168 1.247 1.643 5.262 8.453 3.167 3.046 1.626 6.746 0.635 5.722 5.613 7.901 4.974 8.460 2.501 1.945 6.717 6.888 2.533 5.498 4.060 7.190 5.678 6.206 4.263 5.908 5.312 5.635 3.304 4.558 4.355 4.382 4.956 2.232 7.113 5.907 3.071 
