25 50 150
200 77 95 187 178 91 111 93 213 207 165 41 78 115 166 158 92 64 49 42 59 175 191 41 173 
230 305 134 317 263 163 294 34 42 141 194 93 72 47 223 106 263 331 233 43 27 35 320 128 172 119 240 179 201 326 242 132 151 84 245 167 260 171 224 243 285 202 39 278 254 95 322 148 161 199 
20 28 24 16 9 24 33 13 19 19 10 8 23 20 30 11 11 24 20 34 31 17 17 11 24 27 21 8 7 23 12 24 28 24 23 33 33 34 21 13 26 22 18 7 16 30 35 28 24 31 10 27 35 31 6 22 24 32 10 17 11 31 30 30 18 12 25 17 32 12 21 7 20 14 33 24 32 27 16 18 34 15 20 5 5 19 35 29 18 6 27 16 10 25 27 5 11 18 27 21 33 14 17 35 13 25 25 12 12 30 16 29 7 20 15 34 9 19 5 33 7 11 34 20 19 12 17 20 8 6 25 23 29 10 33 5 27 17 22 27 25 26 7 19 14 30 23 6 29 15 
1164.610 1311.702 895.441 1330.026 1123.685 935.184 1254.430 486.261 498.963 874.604 1126.062 725.295 681.455 527.601 1124.740 804.647 1187.809 1314.444 1104.445 565.909 440.322 426.577 1324.639 839.771 964.214 811.792 1171.351 976.127 1079.583 1356.985 1115.341 862.807 957.465 746.104 1256.666 1016.291 1226.595 1003.876 1068.560 1163.970 1279.281 1013.251 472.585 1246.190 1182.850 760.962 1370.133 899.189 919.448 1108.025 
5.917 7.800 2.376 2.524 8.129 5.173 7.078 4.035 6.518 3.824 1.179 5.117 7.115 5.370 10.445 7.189 0.833 2.459 7.393 6.870 4.970 6.129 3.710 7.881 0.623 2.879 7.740 2.433 3.964 7.068 7.817 7.137 6.580 6.727 6.090 3.572 1.195 3.585 1.068 4.508 6.882 3.428 5.505 3.911 6.287 8.226 8.448 6.228 2.853 1.869 
3.275 1.199 8.765 6.541 0.964 5.209 1.605 3.529 2.787 9.415 6.197 2.364 8.333 6.358 6.710 1.006 8.036 8.593 4.613 5.740 2.271 10.707 7.317 4.572 7.015 8.546 2.516 5.048 4.011 0.970 0.605 0.446 0.899 2.139 1.576 4.924 6.426 4.255 8.135 2.732 1.325 6.503 9.997 3.674 5.948 3.912 6.807 4.944 4.713 7.233 
3.346 6.144 3.645 1.481 6.810 1.581 5.202 2.944 4.079 3.549 3.046 3.917 3.325 1.394 6.829 5.626 4.294 3.342 4.014 3.068 4.674 4.496 1.193 4.560 4.381 6.811 7.942 4.326 2.320 6.609 6.647 6.380 5.323 6.959 4.647 5.665 2.838 5.078 4.065 4.027 6.640 0.632 3.788 2.829 2.401 5.223 4.552 2.683 4.540 5.570 
4.701 5.878 4.524 3.345 6.061 4.819 5.315 2.619 5.116 5.746 1.817 3.361 7.614 5.495 9.552 5.279 3.187 4.499 6.492 6.456 2.854 7.815 4.685 6.882 1.978 3.578 5.385 0.073 2.928 4.817 5.719 4.956 4.610 4.380 4.260 1.455 2.177 1.235 3.412 2.569 4.595 4.027 7.117 2.560 6.062 6.964 8.070 5.624 0.493 2.182 
1.802 4.665 5.653 3.334 5.436 0.451 3.720 2.788 2.447 5.527 4.479 3.178 3.294 1.368 4.894 4.259 6.071 5.357 1.990 1.341 4.241 6.057 3.156 2.535 5.854 8.241 7.224 5.114 2.253 5.702 5.364 5.344 4.175 6.367 3.527 6.213 4.395 5.470 5.905 3.705 5.843 2.634 5.412 2.762 1.034 3.234 2.962 0.669 5.171 6.881 
3.124 3.639 6.147 4.201 3.807 4.146 3.167 1.543 3.289 7.038 3.440 1.404 7.367 5.161 7.904 3.052 5.215 6.024 5.011 5.451 0.598 8.715 5.290 5.280 4.151 5.771 3.658 2.194 2.179 2.694 3.470 2.747 2.369 2.626 2.112 2.424 3.716 1.628 5.349 0.586 2.555 4.474 7.989 1.627 5.295 5.125 6.952 4.541 1.892 4.412 
6.891 9.750 3.419 3.765 10.442 4.904 8.800 6.504 7.608 1.935 5.280 7.547 3.599 3.924 9.164 9.253 5.191 3.178 7.017 5.634 8.213 0.852 2.594 7.544 6.097 8.133 11.495 7.099 5.914 10.228 10.289 10.018 8.968 10.485 8.291 8.502 4.925 8.120 4.796 7.561 10.235 3.420 0.179 6.374 4.949 8.396 6.478 5.759 7.439 7.351 
2.178 1.431 8.795 6.377 2.240 4.070 1.084 3.845 1.451 9.034 6.709 2.908 6.670 5.098 4.203 1.537 8.588 8.550 2.470 3.875 3.699 9.792 6.698 2.247 7.859 9.846 5.014 6.221 3.963 3.473 2.393 2.952 2.108 4.601 2.089 6.606 6.818 5.821 8.569 3.731 3.806 5.995 9.136 3.964 4.317 1.432 4.567 3.326 6.011 8.441 
4.545 5.172 5.608 4.207 5.238 5.122 4.750 2.591 4.814 6.776 2.860 2.938 8.153 5.965 9.397 4.603 4.289 5.568 6.419 6.636 2.125 8.759 5.500 6.741 3.051 4.272 4.295 1.035 3.093 3.850 4.877 4.056 3.910 3.305 3.697 0.894 3.210 0.154 4.519 2.084 3.592 4.767 8.049 2.592 6.350 6.667 8.211 5.751 0.614 2.984 
8.281 9.709 4.211 5.150 9.866 7.770 9.131 6.249 8.801 5.745 3.694 7.157 9.698 8.004 12.972 9.111 2.502 4.451 9.895 9.475 6.672 8.119 6.262 10.356 2.324 0.739 8.725 3.891 6.342 8.501 9.513 8.710 8.441 7.830 8.082 4.217 3.805 4.703 2.870 6.395 8.227 6.053 7.604 6.151 8.909 10.598 11.066 8.794 4.198 1.676 
5.113 6.179 4.662 3.676 6.319 5.249 5.656 3.035 5.510 5.953 2.056 3.724 8.016 5.910 9.970 5.588 3.192 4.667 6.915 6.887 3.130 8.081 5.026 7.300 1.918 3.237 5.444 0.446 3.358 4.997 5.967 5.175 4.909 4.465 4.597 1.215 2.416 1.253 3.458 2.909 4.750 4.395 7.393 2.980 6.491 7.362 8.502 6.055 0.651 1.875 
1.008 1.953 7.246 4.856 2.660 2.995 1.014 2.185 0.652 7.622 5.058 1.317 6.064 4.133 5.241 1.469 6.942 7.019 2.561 3.503 2.305 8.644 5.362 2.697 6.199 8.215 4.594 4.600 2.351 3.008 2.561 2.590 1.412 3.881 0.866 5.117 5.181 4.315 6.937 2.170 3.219 4.596 7.953 2.306 3.678 2.428 4.714 2.680 4.420 6.804 
3.519 6.381 3.922 1.973 7.085 1.564 5.429 3.417 4.239 3.591 3.609 4.311 2.739 0.955 6.561 5.894 4.755 3.604 3.898 2.779 5.139 4.212 1.250 4.446 4.926 7.350 8.384 4.912 2.779 7.004 6.948 6.743 5.648 7.418 4.969 6.246 3.384 5.647 4.499 4.500 7.058 1.070 3.530 3.312 2.073 5.191 4.163 2.565 5.122 6.132 
7.418 10.248 3.144 3.976 10.913 5.468 9.303 6.858 8.144 1.598 5.334 7.946 4.335 4.548 9.877 9.731 4.980 2.957 7.659 6.305 8.537 0.783 2.968 8.192 5.999 7.888 11.809 7.195 6.297 10.602 10.741 10.421 9.407 10.786 8.735 8.584 4.973 8.265 4.580 7.890 10.586 3.787 0.569 6.723 5.609 9.022 7.198 6.377 7.558 7.219 
1.664 2.687 8.149 5.734 3.519 3.097 2.006 3.721 1.246 8.190 6.393 3.133 5.394 3.998 3.383 2.602 8.210 7.877 1.146 2.588 4.163 8.715 5.819 0.967 7.662 9.839 6.114 6.288 3.618 4.522 3.618 4.025 2.971 5.556 2.651 6.936 6.434 6.130 8.131 3.982 4.810 5.203 8.090 3.805 3.097 0.656 3.262 2.167 6.161 8.422 
4.536 5.342 5.286 3.927 5.449 4.984 4.872 2.523 4.851 6.463 2.542 3.000 7.960 5.785 9.401 4.761 3.969 5.247 6.393 6.537 2.285 8.465 5.233 6.736 2.742 4.072 4.607 0.712 2.977 4.111 5.093 4.292 4.074 3.610 3.812 0.991 2.894 0.463 4.197 2.153 3.867 4.516 7.757 2.506 6.221 6.709 8.127 5.664 0.291 2.746 
2.411 1.655 9.048 6.627 2.426 4.231 1.420 4.157 1.703 9.245 7.009 3.242 6.705 5.223 3.930 1.839 8.883 8.798 2.448 3.899 4.041 9.933 6.896 2.155 8.174 10.178 5.273 6.554 4.249 3.755 2.617 3.232 2.435 4.898 2.431 6.948 7.110 6.162 8.856 4.069 4.096 6.212 9.288 4.273 4.386 1.256 4.470 3.419 6.349 8.771 
7.134 8.376 4.309 4.539 8.502 6.871 7.839 5.063 7.604 5.837 2.865 5.884 9.155 7.272 11.921 7.785 2.461 4.466 8.839 8.575 5.325 8.190 5.802 9.271 1.569 1.058 7.341 2.576 5.243 7.113 8.145 7.332 7.106 6.439 6.782 2.828 3.086 3.316 2.859 5.092 6.836 5.425 7.593 4.980 8.069 9.433 10.190 7.826 2.846 0.365 
4.981 7.252 1.891 1.092 7.711 3.900 6.427 3.409 5.653 2.921 1.017 4.584 5.660 3.962 9.232 6.652 1.741 1.767 6.242 5.559 4.764 5.016 2.268 6.757 1.966 4.333 7.870 2.892 3.124 6.926 7.443 6.888 6.125 6.832 5.542 4.268 0.656 4.003 1.573 4.184 6.813 1.992 4.338 3.267 4.936 7.220 7.100 4.999 3.273 3.237 
3.824 1.556 9.175 6.995 1.000 5.750 2.122 3.979 3.331 9.876 6.557 2.838 8.881 6.899 7.132 1.512 8.368 9.015 5.138 6.285 2.578 11.216 7.812 5.076 7.300 8.709 2.072 5.294 4.491 0.722 0.649 0.410 1.437 1.888 2.108 5.027 6.803 4.413 8.486 3.107 1.099 6.994 10.503 4.123 6.496 4.375 7.330 5.493 4.935 7.433 
5.819 4.164 9.515 7.762 3.576 7.436 4.545 5.033 5.541 10.550 6.743 4.257 10.695 8.542 9.711 3.985 8.254 9.440 7.451 8.374 3.308 12.297 8.873 7.489 6.999 7.683 0.685 5.000 5.668 2.037 3.262 2.557 3.579 1.060 4.055 4.069 7.070 3.848 8.485 3.949 1.729 8.055 11.571 5.145 8.423 6.897 9.627 7.498 4.579 6.672 
4.226 5.679 4.155 2.745 5.949 4.198 5.036 2.154 4.700 5.276 1.384 3.054 6.966 4.850 9.039 5.070 3.042 4.092 5.964 5.853 2.764 7.268 4.072 6.378 1.997 3.965 5.603 0.672 2.371 4.855 5.626 4.926 4.431 4.573 4.002 2.055 1.722 1.654 3.199 2.348 4.677 3.392 6.561 2.071 5.439 6.523 7.471 5.039 0.955 2.549 
2.171 1.168 8.739 6.330 1.990 4.122 0.829 3.711 1.437 9.026 6.590 2.725 6.818 5.179 4.486 1.254 8.475 8.502 2.669 4.038 3.466 9.851 6.707 2.483 7.712 9.662 4.733 6.035 3.872 3.190 2.124 2.669 1.839 4.318 1.865 6.378 6.712 5.599 8.468 3.531 3.523 5.986 9.187 3.836 4.446 1.704 4.797 3.440 5.813 8.262 
2.858 4.980 7.592 5.392 5.815 2.546 4.202 4.645 3.050 7.203 6.611 4.618 3.337 2.762 2.877 4.813 8.174 7.279 1.190 0.906 5.746 7.145 4.930 1.445 7.986 10.366 8.239 7.141 4.227 6.639 5.884 6.177 5.034 7.554 4.538 8.123 6.523 7.342 7.987 5.348 6.879 4.600 6.621 4.659 1.617 2.419 1.044 1.537 7.146 8.996 
3.977 1.768 9.201 7.050 1.194 5.882 2.315 4.037 3.505 9.932 6.559 2.916 9.033 7.031 7.344 1.708 8.354 9.048 5.329 6.457 2.572 11.309 7.896 5.275 7.266 8.623 1.859 5.247 4.566 0.570 0.855 0.440 1.577 1.701 2.236 4.927 6.813 4.335 8.482 3.128 0.933 7.075 10.594 4.179 6.653 4.583 7.522 5.654 4.879 7.363 
5.068 3.031 7.117 4.268 2.360 7.109 6.327 6.501 2.883 2.624 2.497 6.968 2.851 3.376 5.465 2.621 6.380 2.624 2.589 3.551 7.169 3.537 1.706 3.468 5.615 3.844 5.609 2.746 6.258 1.770 5.377 5.920 1.766 6.127 1.625 2.697 5.401 2.786 1.442 2.643 2.692 7.178 5.189 1.960 6.260 3.118 4.701 2.691 5.104 9.124 2.855 2.166 7.018 7.021 4.833 4.384 2.472 6.654 4.634 6.526 4.490 5.887 5.806 3.520 5.354 5.068 1.473 0.339 1.133 4.295 2.024 3.859 1.675 3.478 4.210 4.602 1.443 4.219 3.223 2.884 5.538 1.697 8.259 0.969 6.965 5.734 3.087 5.870 3.210 4.517 4.080 2.295 7.160 5.176 6.634 5.762 4.518 3.946 1.090 4.078 3.453 3.467 3.222 2.167 6.393 5.456 4.363 6.465 2.643 3.402 3.758 6.946 5.291 5.959 3.949 2.215 1.357 5.010 4.398 5.797 3.173 2.559 2.477 1.405 3.658 5.593 4.850 2.401 4.461 1.854 6.687 2.994 3.052 4.794 5.498 5.100 3.293 4.963 7.124 7.418 2.815 4.193 7.028 4.421 2.307 4.579 1.916 6.708 2.947 3.674 
3.291 5.868 8.210 6.671 3.775 8.643 9.203 6.887 0.610 5.287 5.383 8.897 5.544 5.873 8.350 4.571 8.380 2.221 4.086 4.489 9.033 6.222 1.523 5.179 8.247 1.967 8.392 5.568 7.820 2.810 7.957 7.694 1.463 8.771 4.464 3.079 4.353 4.077 3.831 5.020 5.575 10.058 5.130 2.218 9.128 2.951 2.446 4.394 5.140 10.365 5.521 5.049 9.901 8.418 3.299 5.694 3.571 8.783 5.324 9.133 2.856 8.097 7.927 4.148 2.959 7.907 3.841 3.154 2.773 6.610 2.351 6.538 2.111 6.346 6.471 2.631 2.389 6.933 5.272 5.463 6.857 1.909 9.712 3.843 9.169 5.643 2.569 8.318 5.515 7.160 5.954 1.017 10.042 4.827 7.403 8.587 6.364 6.696 1.845 5.869 2.884 3.787 5.833 4.940 7.491 7.965 7.017 8.700 3.874 6.280 2.861 9.402 7.248 6.803 2.342 0.771 1.662 7.048 5.028 7.268 4.235 2.693 0.808 4.265 6.451 4.216 7.618 3.776 4.570 3.975 9.269 2.868 1.685 3.704 8.332 6.818 3.621 7.788 9.323 9.467 5.572 6.579 9.255 6.633 0.654 4.615 4.619 7.572 0.749 4.423 
9.280 4.050 4.705 7.347 8.274 3.462 3.649 6.219 8.761 6.298 4.928 2.153 6.174 6.855 4.109 4.547 1.885 9.242 5.156 5.373 2.421 3.205 8.310 4.171 1.384 8.820 2.313 5.571 3.293 8.205 1.388 2.707 7.620 1.205 5.875 9.102 8.424 5.286 6.977 4.081 4.974 4.082 6.806 6.972 5.060 6.978 9.668 8.131 6.633 5.198 3.817 5.237 4.129 3.848 8.856 9.486 5.745 1.382 5.483 0.927 8.830 1.323 1.659 9.560 10.286 3.003 5.299 6.302 7.600 2.479 6.868 6.250 6.997 4.965 2.633 9.276 6.697 2.688 3.861 3.757 4.013 8.337 4.132 5.800 1.111 6.968 7.362 0.772 3.567 2.261 3.423 8.125 4.203 7.282 5.392 2.708 3.170 3.016 7.645 8.624 7.399 9.706 3.432 5.971 4.551 1.202 6.440 0.972 8.568 4.801 7.786 0.325 2.423 5.119 8.591 8.634 7.460 2.391 10.190 3.586 5.371 9.080 8.969 5.398 3.394 8.990 5.874 5.456 6.481 5.108 0.784 9.509 8.153 8.267 2.853 3.147 9.571 5.402 1.184 1.857 3.968 2.504 1.039 2.510 8.428 6.597 6.274 5.185 9.414 9.581 
7.374 1.851 4.776 5.501 5.924 4.025 3.533 5.509 6.465 4.150 2.705 3.267 4.084 4.840 3.323 2.358 2.662 6.819 3.051 3.609 3.538 0.901 5.894 2.329 1.554 6.705 2.113 3.464 3.360 5.795 1.227 2.736 5.288 2.073 3.539 6.702 6.787 3.254 4.615 1.721 2.819 4.329 5.436 4.719 4.457 4.958 7.593 5.843 5.266 6.154 1.406 2.960 4.261 4.193 6.973 7.316 3.633 2.702 4.137 2.403 6.865 1.911 1.994 7.218 8.243 2.156 2.909 3.879 5.183 0.698 4.631 4.432 4.699 3.095 0.860 7.254 4.379 0.877 1.782 1.334 3.400 5.914 5.095 3.383 2.896 5.761 5.293 1.655 1.302 0.640 1.867 5.817 4.390 5.811 4.983 2.512 1.954 1.063 5.233 6.532 5.410 7.334 1.014 3.733 4.278 1.244 4.757 2.395 6.223 2.897 5.817 2.729 1.979 4.456 6.538 6.247 5.091 1.654 7.903 3.247 3.471 6.666 6.573 2.990 1.363 7.288 4.454 3.316 4.916 2.776 2.532 7.097 5.975 6.487 2.395 2.412 7.192 4.109 3.052 3.500 1.613 0.474 2.933 1.010 6.084 5.052 3.991 4.878 7.026 7.261 
2.716 6.558 8.295 7.505 4.601 8.850 9.914 6.804 0.823 6.103 6.126 9.220 6.357 6.703 9.089 5.028 8.734 2.967 4.466 4.690 9.334 6.839 2.358 5.542 8.821 1.537 9.035 6.357 8.053 3.641 8.513 7.992 2.029 9.345 5.244 3.854 3.956 4.406 4.655 5.566 6.329 10.775 4.995 2.604 9.898 3.017 1.748 5.224 5.034 10.456 6.141 5.803 10.623 8.588 2.815 6.485 3.906 9.171 5.398 9.689 2.381 8.523 8.326 4.903 2.182 8.587 4.440 3.882 3.605 7.095 2.715 7.356 2.588 7.116 6.943 2.039 2.910 7.553 5.721 6.057 7.044 2.742 9.876 4.575 9.578 5.471 2.594 8.822 6.025 7.748 6.329 1.476 10.765 4.623 7.415 9.254 6.717 7.334 2.643 6.692 2.824 4.518 6.429 5.739 7.596 8.495 7.838 9.125 4.689 7.040 2.682 9.898 7.611 6.856 1.963 1.605 2.334 7.440 5.756 7.488 4.491 3.466 1.609 4.983 7.113 3.718 8.424 4.155 4.525 4.511 9.813 3.593 1.633 3.343 9.007 7.121 4.361 8.579 9.728 9.820 6.227 7.088 9.671 7.087 1.332 4.544 5.426 7.606 1.384 5.183 
6.779 1.188 6.981 3.125 3.073 6.589 4.320 6.962 4.876 1.437 0.476 6.078 1.494 2.274 3.444 2.632 5.464 4.267 3.096 4.145 6.329 2.012 3.641 3.396 3.980 5.683 3.749 1.018 5.795 3.120 3.833 5.287 3.702 4.453 0.676 3.960 6.796 3.381 1.787 2.028 0.689 5.164 6.099 3.602 4.267 4.506 6.578 2.957 5.969 8.723 1.552 0.204 5.001 6.633 6.477 4.467 3.367 5.577 5.149 4.884 6.199 4.780 4.811 4.358 7.246 3.127 1.804 1.772 2.594 3.262 3.603 2.309 3.398 1.513 3.267 6.406 3.072 2.547 2.840 1.767 5.390 3.504 7.729 1.082 5.782 6.591 4.632 4.470 2.469 2.945 3.651 4.259 5.142 6.252 6.801 3.836 4.024 2.228 3.091 3.759 4.931 4.512 1.928 0.908 6.325 4.006 2.799 5.281 3.365 1.405 5.306 5.475 4.544 6.148 5.705 4.225 3.332 4.212 5.017 5.474 3.798 4.000 4.462 0.729 1.872 7.113 3.049 3.114 5.391 2.160 5.073 4.409 4.872 6.272 3.559 4.639 4.385 3.056 5.938 6.374 1.275 3.073 5.816 3.504 4.320 5.530 1.109 6.796 4.930 4.385 
3.697 4.920 7.715 5.848 3.118 8.025 8.250 6.588 1.052 4.389 4.430 8.172 4.641 5.020 7.398 3.774 7.633 1.970 3.372 3.945 8.327 5.301 0.854 4.456 7.343 2.342 7.456 4.635 7.185 2.147 7.065 7.000 0.755 7.866 3.524 2.663 4.490 3.413 2.961 4.147 4.625 9.105 4.930 1.616 8.184 2.647 3.051 3.699 4.908 9.847 4.600 4.099 8.948 7.837 3.595 5.152 2.922 8.004 4.888 8.237 3.173 7.294 7.144 3.746 3.651 6.960 2.944 2.202 1.954 5.769 1.759 5.644 1.408 5.401 5.642 3.100 1.607 6.008 4.472 4.558 6.276 1.277 9.127 2.889 8.374 5.471 2.356 7.458 4.664 6.250 5.209 0.733 9.089 4.718 6.994 7.643 5.633 5.763 0.924 5.196 2.732 3.461 4.924 4.016 6.984 7.089 6.131 7.894 3.274 5.332 2.845 8.544 6.501 6.360 2.609 0.450 0.766 6.278 4.670 6.651 3.642 2.312 0.819 3.313 5.511 4.482 6.703 3.072 4.290 3.123 8.379 2.611 1.736 3.829 7.386 6.127 3.279 6.857 8.530 8.714 4.636 5.722 8.454 5.817 0.428 4.361 3.707 7.136 1.208 3.999 
4.507 2.864 5.036 5.677 4.420 5.095 6.091 4.522 3.499 3.925 2.951 5.124 4.055 4.783 5.485 0.724 4.576 4.521 0.530 1.581 5.290 2.750 3.370 1.443 4.569 3.705 4.945 3.644 4.243 3.838 4.238 3.981 2.386 5.089 2.793 4.750 4.253 0.785 3.308 1.344 3.208 6.956 3.479 1.715 6.510 2.080 4.604 4.670 3.355 7.063 2.127 2.830 6.838 4.973 4.142 6.370 0.775 4.948 2.651 5.408 3.960 4.251 4.089 5.603 5.264 4.662 0.857 1.838 3.211 2.783 1.619 4.934 1.742 4.003 2.634 4.298 1.463 3.439 1.425 1.941 3.465 3.551 6.234 1.961 5.326 3.984 2.345 4.511 1.726 3.541 2.159 2.868 6.979 3.627 4.570 5.246 2.591 3.296 2.716 5.921 2.540 5.539 2.294 3.356 4.310 4.194 5.425 4.854 4.711 3.837 2.946 5.586 3.446 3.895 3.574 3.496 2.306 3.220 6.476 3.752 1.209 4.566 3.856 1.990 3.191 4.640 5.616 0.489 2.766 0.469 5.520 4.991 2.960 3.796 5.040 3.122 5.363 5.533 5.480 5.656 2.368 2.781 5.410 2.788 3.200 2.904 3.320 4.634 4.266 5.754 
4.740 3.760 7.552 4.623 2.211 7.644 7.035 6.755 2.313 3.106 3.190 7.586 3.354 3.769 6.152 3.177 7.009 1.984 3.009 3.863 7.775 4.267 0.974 3.988 6.343 3.441 6.342 3.346 6.791 1.384 6.100 6.497 1.364 6.857 2.242 2.236 5.267 3.157 1.715 3.311 3.369 7.881 5.300 1.871 6.906 3.087 4.243 2.687 5.237 9.609 3.581 2.845 7.717 7.525 4.557 4.305 2.758 7.309 4.922 7.253 4.176 6.553 6.454 3.192 4.874 5.794 2.101 1.062 0.879 4.971 1.977 4.360 1.562 4.126 4.874 4.211 1.473 4.952 3.824 3.597 6.005 1.020 8.785 1.695 7.635 5.852 2.956 6.576 3.871 5.245 4.655 1.802 7.858 5.213 6.984 6.491 5.094 4.679 0.379 4.165 3.343 3.052 3.942 2.724 6.820 6.170 4.851 7.139 2.448 4.067 3.586 7.656 5.902 6.318 3.615 1.511 0.937 5.635 4.111 6.304 3.500 2.020 1.751 2.134 4.392 5.380 5.412 2.769 4.590 2.424 7.412 2.441 2.697 4.628 6.224 5.655 2.869 5.568 7.794 8.062 3.549 4.881 7.703 5.077 1.702 4.693 2.418 7.083 2.221 3.389 
10.216 3.920 6.221 6.620 8.106 5.003 2.300 7.621 9.313 5.906 4.722 3.699 5.728 6.296 3.006 5.237 3.404 9.345 5.922 6.364 3.964 3.336 8.565 5.091 1.328 9.586 1.435 5.182 4.778 8.220 1.681 4.156 8.119 0.817 5.766 9.057 9.518 6.109 6.872 4.580 4.687 2.584 8.006 7.591 3.775 7.822 10.472 7.848 7.832 6.719 4.035 5.076 2.657 5.379 9.807 9.003 6.509 2.927 6.670 0.673 9.722 2.714 3.057 9.346 11.118 2.201 5.709 6.531 7.669 3.275 7.508 5.558 7.555 4.422 3.467 10.125 7.228 2.640 4.627 4.085 5.386 8.515 5.664 5.927 2.638 8.232 8.167 1.782 4.183 2.389 4.442 8.661 2.713 8.445 6.846 1.620 4.303 2.920 7.930 8.076 8.268 9.559 3.715 5.707 6.014 1.832 5.637 2.503 8.378 4.304 8.671 1.457 3.725 6.513 9.413 9.003 7.887 3.593 9.861 5.006 6.283 9.101 9.307 5.491 3.242 10.052 4.938 6.194 7.591 5.633 0.762 9.510 8.857 9.280 1.869 4.438 9.447 4.428 2.685 3.356 4.045 3.188 2.550 3.439 8.898 7.718 6.056 6.655 9.771 9.320 
6.525 3.332 3.061 7.018 6.849 2.511 5.161 3.838 6.290 5.487 4.060 2.245 5.481 6.268 5.053 2.186 1.690 7.327 2.615 2.622 2.433 2.448 6.227 1.530 2.764 6.156 3.652 4.882 1.728 6.487 2.378 1.220 5.251 3.158 4.630 7.420 5.656 2.670 5.567 2.176 4.240 5.895 4.082 4.493 6.185 4.288 6.971 6.912 3.907 4.646 2.559 4.214 5.856 2.574 6.098 8.517 3.167 2.099 2.747 3.287 6.093 1.515 1.266 8.124 7.569 3.858 3.266 4.421 5.845 1.048 4.370 5.997 4.588 4.692 0.923 6.557 4.339 2.619 1.520 2.315 1.665 6.363 3.656 4.160 2.517 4.305 4.693 2.177 1.636 2.316 0.744 5.692 5.974 4.536 3.249 4.097 0.399 2.782 5.560 7.837 4.686 8.150 2.247 4.985 2.536 2.125 6.371 2.096 7.154 4.488 5.060 3.084 0.561 2.754 5.893 6.382 5.192 0.388 8.912 1.517 2.669 7.297 6.743 3.887 3.024 6.219 6.150 2.926 3.714 2.920 3.306 7.732 5.551 5.497 4.036 0.669 7.987 5.831 2.663 2.773 2.907 1.285 2.617 0.734 6.060 3.833 5.156 3.136 7.149 8.220 
3.608 3.753 5.785 5.938 4.046 6.044 7.088 4.871 2.320 4.216 3.601 6.213 4.404 5.032 6.392 1.898 5.689 3.691 1.399 2.027 6.359 3.825 2.473 2.492 5.727 2.624 6.038 4.134 5.203 3.270 5.405 5.026 1.255 6.249 3.092 4.103 3.694 1.432 3.203 2.472 3.849 7.957 3.442 0.540 7.350 1.381 3.535 4.440 3.368 7.896 3.153 3.377 7.826 5.864 3.297 6.117 0.950 6.090 3.054 6.578 3.032 5.413 5.235 5.078 4.205 5.687 1.501 1.708 2.721 3.964 0.469 5.376 0.587 4.678 3.813 3.289 0.429 4.533 2.596 3.018 4.307 2.751 7.151 2.207 6.480 3.992 1.453 5.691 2.901 4.677 3.262 1.697 7.969 3.411 5.141 6.309 3.675 4.354 1.899 5.844 1.770 4.927 3.386 3.684 5.051 5.371 5.883 6.016 4.305 4.544 2.130 6.766 4.556 4.484 2.568 2.432 1.294 4.355 5.997 4.671 1.691 3.848 2.801 2.454 4.195 3.955 6.225 1.093 2.721 1.430 6.695 4.243 1.839 3.125 6.084 4.151 4.742 6.229 6.633 6.775 3.321 3.960 6.568 3.962 2.059 2.832 3.527 5.258 3.174 5.273 
10.023 3.154 9.381 1.936 4.682 8.617 2.933 9.837 7.917 2.540 2.880 7.681 2.278 2.186 1.999 5.661 7.126 6.496 6.245 7.243 7.971 3.892 6.357 6.251 4.611 8.877 3.691 2.326 7.977 5.334 4.752 7.347 6.821 4.808 3.438 5.811 10.048 6.533 4.019 4.878 2.623 3.404 9.233 6.839 1.790 7.766 9.751 4.140 9.090 10.715 4.048 3.063 3.204 8.807 9.732 4.590 6.590 6.967 8.149 5.211 9.441 6.282 6.480 5.568 10.409 2.971 5.047 4.901 5.102 5.283 6.850 1.331 6.613 1.831 5.400 9.619 6.301 3.774 5.607 4.331 7.924 6.071 9.636 4.265 6.953 9.691 7.891 5.508 5.071 4.185 6.204 7.351 3.300 9.439 9.477 3.384 6.446 3.554 5.983 3.611 8.193 5.940 4.202 2.896 8.840 5.080 0.980 6.546 4.834 2.011 8.566 6.108 6.596 8.882 8.932 7.065 6.413 6.271 5.726 7.840 6.930 6.045 7.206 3.984 3.301 10.374 0.213 6.314 8.553 5.358 5.428 6.325 8.070 9.533 3.168 6.985 5.907 0.573 7.075 7.693 3.685 5.045 6.928 5.597 7.314 8.695 3.199 9.408 7.642 5.421 
7.906 1.077 7.444 2.632 3.703 6.856 3.296 7.702 6.016 1.458 0.699 6.133 1.305 1.997 2.354 3.461 5.532 5.179 4.034 5.039 6.407 1.996 4.697 4.098 3.528 6.829 3.024 0.732 6.128 3.991 3.492 5.547 4.849 3.926 1.590 4.730 7.855 4.322 2.573 2.703 0.460 4.111 7.026 4.739 3.121 5.592 7.725 3.400 6.885 8.997 1.929 0.981 3.937 6.974 7.594 4.619 4.386 5.522 5.968 4.371 7.328 4.751 4.863 4.908 8.394 2.299 2.860 2.914 3.554 3.435 4.734 1.589 4.543 0.384 3.504 7.548 4.214 2.222 3.470 2.210 5.912 4.512 7.952 2.228 5.638 7.491 5.745 4.218 2.972 2.675 4.155 5.404 4.075 7.228 7.418 2.996 4.457 1.906 4.190 3.752 6.029 5.149 2.171 1.310 6.846 3.744 1.985 5.162 3.960 0.257 6.412 5.102 4.782 6.796 6.842 5.322 4.474 4.444 5.413 5.901 4.721 4.841 5.536 1.869 1.538 8.200 2.002 4.106 6.342 3.151 4.579 5.217 6.018 7.356 2.711 5.041 5.051 1.933 5.784 6.309 1.556 3.207 5.648 3.729 5.451 6.484 1.683 7.376 6.000 4.872 
8.844 6.426 11.941 3.802 2.516 11.785 8.479 11.350 6.085 4.180 5.546 11.397 4.338 3.803 7.447 7.383 10.784 3.359 7.452 8.414 11.640 7.334 4.369 8.247 9.151 7.488 8.627 4.912 10.952 3.240 9.077 10.518 5.773 9.561 4.707 2.552 9.701 7.654 3.736 7.127 5.491 9.092 9.916 6.464 7.526 7.671 8.020 2.393 9.856 13.873 6.875 5.263 8.892 11.759 8.790 1.148 7.321 10.914 9.493 10.006 8.358 10.117 10.140 1.470 8.485 7.868 6.205 5.098 3.787 8.580 6.581 4.645 6.159 5.640 8.565 8.200 6.092 7.777 7.871 7.057 10.342 3.960 12.940 5.164 11.113 10.469 7.477 9.763 7.664 8.212 8.744 5.948 9.001 9.804 11.500 8.523 9.164 7.449 4.693 2.126 7.867 1.792 7.259 4.501 11.227 9.291 4.783 10.615 2.225 5.761 8.037 10.712 9.807 10.825 7.803 4.969 5.425 9.487 0.551 10.546 8.038 2.917 4.781 5.412 7.070 9.690 5.652 7.268 9.209 6.637 10.213 2.715 6.950 9.041 8.243 9.776 1.961 6.124 11.267 11.711 6.612 8.402 11.143 8.800 5.564 9.311 4.229 11.569 4.921 1.235 
3.126 5.368 7.628 6.456 3.715 8.039 8.722 6.359 0.444 4.977 4.937 8.285 5.225 5.623 7.898 3.967 7.769 2.415 3.475 3.891 8.422 5.674 1.427 4.568 7.681 1.766 7.860 5.191 7.213 2.740 7.384 7.083 0.873 8.205 4.073 3.187 4.018 3.466 3.563 4.440 5.143 9.584 4.635 1.607 8.716 2.403 2.442 4.303 4.632 9.779 4.974 4.618 9.431 7.819 3.055 5.728 2.960 8.174 4.751 8.560 2.624 7.492 7.319 4.273 3.039 7.400 3.280 2.692 2.565 6.014 1.740 6.231 1.504 5.935 5.873 2.510 1.793 6.387 4.669 4.903 6.256 1.852 9.113 3.384 8.563 5.161 2.047 7.729 4.925 6.599 5.344 0.411 9.573 4.369 6.842 8.071 5.752 6.160 1.517 5.799 2.391 3.958 5.274 4.585 6.905 7.383 6.722 8.095 3.859 5.855 2.430 8.811 6.637 6.231 2.069 0.770 1.142 6.439 5.185 6.663 3.630 2.818 1.043 3.791 5.930 3.959 7.276 3.164 4.042 3.390 8.692 3.071 1.261 3.357 7.821 6.206 3.781 7.413 8.716 8.856 5.046 5.990 8.649 6.032 0.185 4.096 4.287 7.003 1.226 4.535 
8.157 4.664 2.864 8.299 8.576 1.618 5.319 4.515 8.160 6.955 5.505 0.454 6.897 7.655 5.575 4.070 0.199 9.183 4.493 4.348 0.737 3.712 8.104 3.401 2.781 7.936 3.837 6.278 1.520 8.295 2.530 1.084 7.138 2.878 6.254 9.226 7.109 4.526 7.272 3.947 5.631 5.855 5.386 6.369 6.630 6.066 8.710 8.569 5.219 3.521 4.088 5.734 5.880 1.998 7.725 10.099 5.030 0.485 4.139 2.735 7.779 0.955 0.826 9.866 9.276 4.364 5.110 6.247 7.657 2.381 6.243 7.218 6.474 5.879 2.410 8.270 6.228 3.518 3.389 3.907 2.433 8.225 2.432 5.913 0.926 5.448 6.485 1.836 3.379 3.076 2.627 7.571 5.967 5.900 3.625 4.286 2.218 3.802 7.435 9.338 6.431 9.928 3.709 6.515 2.783 2.187 7.509 0.884 8.881 5.686 6.779 2.033 1.332 3.451 7.641 8.271 7.081 1.570 10.610 1.938 4.468 9.127 8.632 5.589 4.148 7.704 7.099 4.804 5.207 4.789 2.626 9.563 7.378 7.067 4.353 1.857 9.771 6.685 1.007 0.889 4.372 2.563 1.050 2.180 7.946 5.300 6.744 3.399 9.039 9.939 
9.177 3.747 4.848 7.020 7.980 3.645 3.370 6.281 8.570 5.983 4.622 2.370 5.856 6.532 3.796 4.368 2.033 8.980 4.998 5.275 2.648 2.920 8.067 4.046 1.057 8.674 1.999 5.254 3.406 7.930 1.079 2.792 7.416 0.908 5.581 8.822 8.365 5.142 6.686 3.860 4.663 3.842 6.780 6.790 4.763 6.846 9.532 7.826 6.606 5.449 3.550 4.936 3.880 4.011 8.756 9.169 5.590 1.586 5.449 0.709 8.715 1.358 1.703 9.263 10.158 2.679 5.070 6.050 7.330 2.300 6.689 5.923 6.803 4.641 2.467 9.151 6.496 2.380 3.694 3.505 4.055 8.083 4.374 5.532 1.382 6.967 7.222 0.570 3.364 1.962 3.321 7.929 3.959 7.244 5.484 2.405 3.104 2.708 7.405 8.303 7.275 9.415 3.169 5.664 4.649 0.932 6.112 1.146 8.272 4.478 7.666 0.568 2.421 5.175 8.457 8.409 7.243 2.343 9.884 3.653 5.251 8.807 8.740 5.124 3.085 8.922 5.548 5.293 6.423 4.899 0.634 9.234 7.992 8.183 2.540 3.145 9.283 5.078 1.473 2.138 3.684 2.299 1.325 2.368 8.221 6.543 5.972 5.288 9.189 9.279 
6.638 3.615 8.865 2.892 0.637 8.709 6.367 8.374 4.065 1.828 2.770 8.374 2.088 2.161 5.367 4.303 7.765 2.213 4.414 5.417 8.607 4.438 2.268 5.168 6.411 5.315 6.093 2.420 7.874 1.062 6.271 7.453 3.274 6.874 1.763 1.622 7.174 4.636 0.676 4.060 2.809 7.136 7.074 3.744 5.859 4.947 6.066 0.803 6.991 10.792 3.895 2.426 6.949 8.677 6.470 2.498 4.353 7.938 6.502 7.310 6.082 7.143 7.135 1.931 6.666 5.400 3.129 2.061 1.073 5.572 3.833 2.954 3.438 3.286 5.539 6.084 3.275 4.983 4.790 4.046 7.263 1.899 9.865 2.084 8.176 7.620 4.855 6.899 4.607 5.383 5.664 3.658 7.081 7.043 8.459 6.105 6.087 4.661 2.170 2.249 5.238 2.077 4.289 1.807 8.155 6.440 3.376 7.672 0.937 3.323 5.497 7.912 6.755 7.783 5.517 3.022 2.852 6.441 2.677 7.463 5.037 1.785 3.066 2.361 4.296 7.297 4.109 4.258 6.347 3.566 7.502 2.123 4.601 6.541 5.820 6.698 1.958 4.407 8.334 8.731 3.682 5.411 8.218 5.771 3.444 6.463 1.440 8.515 3.457 1.992 
7.619 2.670 8.675 1.715 1.964 8.296 4.967 8.537 5.260 0.408 1.800 7.747 0.630 0.822 3.947 4.228 7.135 3.700 4.568 5.630 8.006 3.606 3.590 5.042 5.369 6.367 4.883 1.134 7.503 2.528 5.299 6.992 4.272 5.784 1.269 3.073 7.920 4.836 1.258 3.715 1.715 5.703 7.496 4.503 4.377 5.610 7.192 1.559 7.384 10.432 3.245 1.577 5.512 8.341 7.388 2.815 4.699 7.207 6.684 6.228 7.042 6.415 6.474 3.079 7.828 4.144 3.196 2.526 2.326 4.944 4.553 1.481 4.227 1.930 4.961 7.133 3.970 4.002 4.522 3.473 7.077 3.280 9.433 2.106 7.374 8.018 5.624 5.997 4.176 4.442 5.351 4.753 5.640 7.569 8.448 4.827 5.731 3.674 3.299 2.053 5.978 3.361 3.603 0.801 8.008 5.523 1.936 6.882 2.179 2.017 6.301 6.931 6.245 7.785 6.497 4.322 3.844 5.911 3.549 7.177 5.261 3.269 4.431 2.097 3.295 8.139 2.626 4.509 6.768 3.622 6.433 3.584 5.591 7.330 4.542 6.346 3.286 2.920 7.526 8.003 2.932 4.743 7.397 5.198 4.641 6.899 0.732 8.458 4.855 3.022 
2.788 4.583 5.153 7.047 5.132 5.641 7.816 3.948 2.521 5.313 4.574 6.050 5.489 6.141 7.212 2.265 5.596 4.552 1.560 1.482 6.148 4.459 3.332 2.489 6.155 2.171 6.627 5.177 4.844 4.306 5.799 4.810 1.907 6.662 4.177 5.081 2.610 1.377 4.330 3.041 4.829 8.678 2.372 1.093 8.227 0.353 3.015 5.551 2.320 7.308 3.855 4.391 8.564 5.388 2.414 7.216 0.991 6.071 2.272 6.939 2.258 5.489 5.253 6.100 3.646 6.383 2.405 2.832 3.798 4.237 0.967 6.442 1.390 5.648 4.058 2.647 1.479 5.131 2.854 3.658 3.837 3.675 6.679 3.286 6.502 2.924 0.708 5.948 3.316 5.186 3.264 2.075 8.704 2.293 4.368 6.949 3.607 5.010 2.865 6.968 0.813 5.909 3.999 4.769 4.435 5.700 6.947 6.081 5.380 5.497 1.222 6.979 4.497 3.752 1.941 3.069 2.155 4.370 7.028 4.278 1.324 4.789 3.426 3.480 4.919 2.937 7.234 1.315 1.679 2.159 7.025 5.154 1.600 2.092 6.752 3.949 5.722 7.195 6.645 6.674 4.096 4.295 6.604 4.150 2.538 1.771 4.634 4.524 3.699 6.311 
11.846 4.731 8.562 6.036 8.324 7.372 1.421 9.833 10.482 5.980 5.263 6.076 5.738 6.046 2.421 6.808 5.759 9.895 7.520 8.179 6.342 4.603 9.369 6.903 3.264 11.020 2.464 5.367 7.098 8.705 3.647 6.455 9.272 2.945 6.291 9.404 11.354 7.757 7.284 6.018 5.115 0.717 9.994 8.921 2.386 9.410 11.929 7.907 9.822 9.085 5.248 5.621 0.917 7.738 11.464 8.664 8.068 5.301 8.677 3.020 11.309 5.017 5.350 9.419 12.597 2.715 6.920 7.440 8.267 5.164 8.868 5.169 8.812 4.499 5.357 11.647 8.470 3.930 6.329 5.411 7.601 9.215 8.037 6.758 5.014 10.287 9.697 4.041 5.790 3.943 6.390 9.835 0.831 10.383 9.120 2.109 6.357 4.057 8.811 7.684 9.870 9.727 5.061 6.008 8.304 3.924 5.027 4.871 8.547 4.484 10.280 3.822 5.934 8.729 10.921 9.941 8.958 5.741 9.727 7.268 8.018 9.543 10.189 6.329 4.207 11.841 4.169 7.743 9.490 6.985 3.139 9.903 10.236 11.025 2.315 6.611 9.654 3.679 5.054 5.719 5.090 5.002 4.922 5.406 9.976 9.626 6.384 8.945 10.658 9.322 
8.407 1.549 6.070 4.640 5.750 5.203 2.247 6.862 7.138 3.626 2.357 4.242 3.481 4.141 1.972 3.376 3.686 6.979 4.089 4.811 4.531 1.163 6.238 3.567 1.353 7.594 1.081 2.894 4.617 5.847 1.365 3.967 5.928 1.761 3.395 6.685 7.963 4.333 4.502 2.578 2.344 3.086 6.713 5.510 3.105 5.971 8.501 5.526 6.546 7.281 1.830 2.706 2.992 5.425 8.027 6.796 4.629 3.542 5.442 2.204 7.869 2.841 3.045 7.006 9.166 0.819 3.529 4.218 5.301 2.049 5.449 3.542 5.423 2.248 2.214 8.210 5.083 0.518 2.951 1.973 4.745 6.165 6.199 3.585 3.574 7.066 6.257 2.122 2.388 0.779 3.202 6.485 3.128 7.057 6.329 1.334 3.307 0.626 5.621 5.916 6.432 7.202 1.620 3.366 5.607 1.666 3.766 3.136 6.029 2.087 6.841 2.931 3.244 5.809 7.484 6.720 5.652 2.943 7.567 4.564 4.618 6.728 7.007 3.146 0.881 8.429 3.304 4.304 6.150 3.556 2.408 7.137 6.818 7.605 1.137 3.748 7.086 2.894 3.709 4.292 1.739 1.827 3.566 2.355 6.674 6.290 3.704 6.217 7.475 6.996 
6.654 4.161 9.279 3.176 0.164 9.172 6.889 8.697 3.990 2.326 3.318 8.876 2.579 2.541 5.882 4.729 8.269 1.821 4.782 5.751 9.104 4.976 2.151 5.593 6.958 5.307 6.639 2.950 8.331 0.835 6.814 7.929 3.345 7.422 2.306 1.114 7.297 4.986 1.203 4.541 3.355 7.647 7.323 3.918 6.333 5.133 6.006 0.752 7.250 11.238 4.420 2.973 7.458 9.125 6.519 2.258 4.665 8.456 6.833 7.857 6.114 7.662 7.645 1.413 6.577 5.943 3.549 2.428 1.171 6.084 4.021 3.383 3.609 3.812 6.044 6.068 3.492 5.528 5.249 4.561 7.685 1.739 10.329 2.556 8.701 7.873 4.998 7.436 5.097 5.925 6.124 3.660 7.588 7.255 8.830 6.647 6.552 5.206 2.219 2.233 5.386 1.531 4.814 2.348 8.562 6.979 3.772 8.197 0.448 3.857 5.614 8.454 7.243 8.155 5.547 2.893 2.945 6.934 2.221 7.906 5.374 1.339 2.872 2.866 4.843 7.375 4.545 4.601 6.604 3.976 8.049 1.627 4.640 6.650 6.362 7.157 1.410 4.871 8.860 9.246 4.217 5.929 8.745 6.274 3.384 6.713 1.985 8.899 3.216 1.509 
6.950 4.689 1.860 8.382 8.180 1.137 6.106 3.244 7.206 6.866 5.436 1.382 6.857 7.643 6.167 3.383 1.170 8.534 3.637 3.265 1.420 3.777 7.387 2.575 3.557 6.837 4.576 6.256 0.384 7.764 3.217 0.294 6.277 3.804 6.000 8.694 5.844 3.602 6.914 3.523 5.611 6.747 4.103 5.459 7.279 4.987 7.567 8.269 3.939 3.267 3.936 5.593 6.742 1.216 6.519 9.887 4.105 1.756 2.895 3.775 6.605 1.737 1.399 9.443 8.106 4.942 4.533 5.695 7.123 2.336 5.323 7.348 5.608 6.030 2.258 7.110 5.406 3.830 2.795 3.694 1.138 7.564 2.291 5.493 2.219 4.149 5.414 2.708 3.003 3.455 1.923 6.656 6.845 4.624 2.405 5.035 1.491 4.043 6.734 9.216 5.315 9.447 3.615 6.364 1.568 2.889 7.707 2.043 8.485 5.827 5.637 3.230 1.000 2.161 6.514 7.454 6.285 1.329 10.251 0.637 3.454 8.547 7.822 5.243 4.325 6.445 7.433 3.934 3.972 4.148 3.713 8.979 6.344 5.840 5.036 0.900 9.279 7.082 2.308 2.068 4.281 2.571 2.342 2.034 7.065 4.056 6.530 2.207 8.198 9.551 
7.904 7.120 1.218 10.813 10.459 1.383 8.261 3.154 8.870 9.279 7.859 2.592 9.279 10.067 8.460 5.586 2.986 10.599 5.653 4.946 2.328 6.207 9.401 4.725 5.709 8.181 6.764 8.681 2.071 9.953 5.426 2.656 8.135 5.823 8.373 10.869 6.530 5.530 9.229 5.876 8.039 8.797 4.813 7.277 9.542 6.499 8.741 10.600 4.703 0.958 6.356 8.002 8.825 1.226 7.499 12.248 5.990 3.373 4.111 5.659 7.714 3.826 3.563 11.692 9.159 7.235 6.765 7.909 9.319 4.764 7.135 9.780 7.488 8.459 4.689 8.247 7.356 6.219 5.098 6.106 2.656 9.636 0.818 7.798 3.666 4.567 6.917 4.773 5.390 5.817 4.234 8.413 8.911 5.333 2.234 7.218 3.837 6.451 8.783 11.611 6.702 11.653 6.043 8.765 1.919 5.081 10.134 3.814 10.761 8.256 6.924 4.865 3.419 2.673 7.792 9.336 8.233 3.754 12.534 2.414 5.252 10.680 9.705 7.589 6.746 7.130 9.837 5.909 5.051 6.346 5.530 11.101 7.877 6.766 7.267 3.220 11.478 9.466 3.647 3.023 6.706 4.997 3.766 4.465 8.862 5.070 8.912 1.988 10.025 11.822 
0.500 7.824 7.011 9.792 7.226 7.953 11.096 5.091 3.130 8.165 7.704 8.728 8.383 8.913 10.465 5.537 8.394 5.845 4.825 4.363 8.750 7.742 4.948 5.609 9.381 1.768 9.903 8.192 7.312 6.254 9.013 7.501 3.833 9.875 7.102 6.680 1.675 4.605 6.892 6.324 7.949 11.959 3.395 3.675 11.448 2.930 1.240 7.797 3.525 9.057 7.131 7.466 11.843 7.579 0.885 9.248 4.272 8.936 4.452 10.120 1.074 8.479 8.196 7.760 1.153 9.665 5.587 5.638 6.007 7.419 3.671 9.385 3.908 8.779 7.231 1.011 4.213 8.411 6.078 6.940 6.244 5.373 8.759 6.250 9.396 3.640 2.680 9.075 6.576 8.449 6.317 3.424 11.983 2.865 5.959 10.231 6.572 8.293 4.910 9.295 2.470 7.412 7.282 7.680 6.443 8.881 9.892 9.037 7.379 8.648 2.061 10.051 7.401 5.600 1.595 4.259 4.264 7.358 8.652 6.755 4.409 6.300 4.423 6.545 8.195 1.116 10.302 4.597 3.374 5.411 10.185 6.495 2.502 1.507 10.035 6.737 7.243 10.328 9.522 9.407 7.357 7.507 9.510 7.285 3.704 3.295 7.457 6.207 4.324 8.030 
4.906 4.484 2.478 7.940 7.009 2.855 6.917 2.202 5.305 6.243 4.979 3.424 6.313 7.092 6.668 2.224 3.086 6.987 2.083 1.330 3.469 3.813 5.780 1.426 4.623 4.812 5.449 5.789 2.082 6.410 4.235 2.190 4.510 5.033 5.186 7.307 3.868 1.922 5.865 2.824 5.211 7.692 2.216 3.654 7.797 2.993 5.522 7.238 2.042 4.586 3.593 5.002 7.636 2.601 4.474 8.930 2.364 3.641 0.896 5.162 4.554 3.278 2.962 8.189 6.055 5.539 3.352 4.427 5.792 2.727 3.512 7.038 3.860 5.855 2.541 5.061 3.732 4.218 2.038 3.309 1.047 6.030 3.894 4.459 4.107 2.429 3.422 4.048 2.564 4.021 1.524 4.810 7.761 2.694 2.005 5.876 1.516 4.285 5.174 8.418 3.288 8.110 3.444 5.682 1.744 3.998 7.481 3.789 7.302 5.657 3.595 4.889 2.172 1.336 4.476 5.711 4.607 2.225 9.067 1.510 1.624 7.095 6.080 4.358 4.416 4.456 7.441 2.309 1.948 2.910 5.173 7.509 4.373 3.807 5.779 1.460 7.930 7.210 4.226 4.097 3.962 2.921 4.224 2.464 5.251 2.046 5.735 2.047 6.410 8.344 
5.124 2.225 5.268 5.136 4.175 5.164 5.482 4.975 3.904 3.396 2.332 5.023 3.504 4.255 4.852 0.706 4.444 4.544 1.058 2.107 5.218 2.176 3.477 1.569 4.095 4.259 4.387 3.056 4.316 3.718 3.788 3.963 2.726 4.619 2.294 4.649 4.894 1.345 2.969 0.841 2.588 6.349 4.064 2.189 5.871 2.708 5.167 4.346 3.932 7.210 1.519 2.240 6.226 5.098 4.766 6.028 1.416 4.753 3.131 4.964 4.568 4.011 3.896 5.414 5.833 4.062 0.487 1.649 3.076 2.456 2.119 4.346 2.142 3.372 2.338 4.885 1.818 2.881 1.267 1.366 3.665 3.584 6.318 1.548 5.094 4.552 2.949 4.142 1.348 3.031 2.125 3.255 6.368 4.242 4.919 4.667 2.562 2.711 2.805 5.505 3.165 5.402 1.734 2.827 4.562 3.785 4.830 4.605 4.476 3.204 3.569 5.228 3.341 4.248 4.159 3.731 2.552 3.071 6.249 3.877 1.760 4.514 4.073 1.466 2.578 5.279 4.990 1.120 3.364 0.222 5.093 4.948 3.487 4.435 4.450 3.150 5.233 4.897 5.253 5.499 1.737 2.405 5.168 2.529 3.527 3.505 2.838 4.952 4.512 5.537 
1.178 6.447 6.859 8.205 5.632 7.571 9.781 5.210 1.596 6.601 6.236 8.126 6.826 7.332 9.083 4.375 7.706 4.333 3.694 3.549 8.199 6.486 3.367 4.649 8.284 0.192 8.690 6.670 6.828 4.664 7.936 6.880 2.241 8.797 5.564 5.133 2.245 3.535 5.300 5.090 6.474 10.650 3.386 2.203 10.021 1.846 0.861 6.198 3.449 9.002 5.832 5.974 10.520 7.260 1.141 7.670 3.104 8.202 4.016 9.086 0.698 7.642 7.397 6.219 1.519 8.373 4.195 4.097 4.405 6.391 2.231 7.833 2.391 7.302 6.215 0.625 2.719 7.182 5.000 5.675 5.773 3.792 8.521 4.737 8.641 3.823 1.455 8.107 5.430 7.282 5.419 1.823 10.663 2.966 5.906 8.980 5.747 7.025 3.309 7.696 1.467 5.892 6.035 6.132 6.196 7.851 8.338 8.230 5.793 7.184 1.161 9.141 6.628 5.403 0.285 2.707 2.672 6.519 7.125 6.255 3.466 4.761 2.914 5.063 6.883 2.058 8.785 3.418 3.025 4.094 9.178 4.989 0.927 1.631 8.764 6.041 5.718 8.841 8.781 8.771 6.015 6.439 8.745 6.311 2.127 3.013 5.893 6.119 2.898 6.483 
2.393 6.412 7.933 7.550 4.719 8.508 9.776 6.427 0.679 6.090 6.025 8.905 6.339 6.726 8.976 4.769 8.429 3.177 4.183 4.356 9.013 6.646 2.437 5.248 8.601 1.166 8.852 6.302 7.717 3.747 8.284 7.673 1.869 9.124 5.183 4.042 3.592 4.107 4.668 5.342 6.237 10.641 4.617 2.346 9.815 2.665 1.487 5.330 4.657 10.093 5.953 5.713 10.493 8.239 2.464 6.657 3.612 8.876 5.038 9.459 2.026 8.240 8.036 5.109 2.000 8.429 4.249 3.781 3.647 6.839 2.447 7.345 2.367 7.036 6.682 1.719 2.700 7.360 5.455 5.854 6.701 2.843 9.525 4.471 9.289 5.092 2.239 8.569 5.783 7.538 6.036 1.304 10.636 4.244 7.045 9.086 6.416 7.152 2.627 6.813 2.455 4.742 6.226 5.699 7.237 8.254 7.835 8.842 4.829 6.951 2.305 9.640 7.310 6.491 1.589 1.689 2.220 7.148 5.983 7.150 4.170 3.657 1.772 4.866 6.945 3.374 8.390 3.874 4.153 4.289 9.577 3.819 1.281 2.973 8.844 6.804 4.578 8.523 9.438 9.513 6.058 6.841 9.384 6.818 1.285 4.170 5.402 7.238 1.633 5.385 
1.692 6.190 7.102 7.770 5.137 7.738 9.546 5.546 1.073 6.198 5.920 8.213 6.431 6.907 8.811 4.268 7.764 3.809 3.621 3.629 8.303 6.300 2.860 4.635 8.166 0.334 8.513 6.308 6.967 4.166 7.830 6.970 1.821 8.685 5.193 4.614 2.733 3.498 4.861 4.931 6.151 10.416 3.731 1.949 9.718 1.904 1.120 5.712 3.776 9.258 5.628 5.641 10.279 7.449 1.661 7.162 3.031 8.238 4.220 8.993 1.219 7.642 7.415 5.699 1.783 8.156 3.953 3.732 3.934 6.321 2.007 7.441 2.083 6.973 6.152 1.081 2.423 7.007 4.925 5.492 5.930 3.285 8.726 4.394 8.666 4.200 1.478 8.049 5.315 7.137 5.419 1.351 10.422 3.351 6.189 8.783 5.773 6.830 2.843 7.211 1.621 5.370 5.859 5.749 6.418 7.767 7.943 8.238 5.290 6.865 1.424 9.101 6.664 5.652 0.714 2.188 2.246 6.530 6.604 6.396 3.492 4.240 2.390 4.744 6.663 2.578 8.422 3.326 3.292 3.903 9.096 4.465 0.639 2.098 8.557 6.114 5.196 8.501 8.811 8.841 5.784 6.350 8.766 6.266 1.617 3.301 5.493 6.389 2.382 5.964 
2.759 5.104 6.942 6.601 4.069 7.381 8.469 5.667 0.788 5.019 4.776 7.675 5.252 5.733 7.698 3.441 7.174 2.997 2.890 3.222 7.801 5.304 1.875 3.974 7.254 1.456 7.512 5.136 6.564 3.116 6.940 6.460 0.642 7.778 4.018 3.694 3.458 2.849 3.695 3.996 5.001 9.337 3.955 1.018 8.578 1.709 2.296 4.614 3.947 9.096 4.613 4.486 9.194 7.150 2.607 6.136 2.344 7.599 4.060 8.115 2.205 6.941 6.750 4.774 2.952 7.105 2.911 2.564 2.809 5.509 1.134 6.262 1.021 5.818 5.357 2.225 1.358 6.017 4.135 4.509 5.591 2.290 8.444 3.236 8.001 4.486 1.364 7.236 4.443 6.191 4.759 0.317 9.337 3.710 6.148 7.755 5.155 5.814 1.711 6.110 1.723 4.496 4.881 4.571 6.222 6.914 6.763 7.544 4.251 5.717 1.811 8.311 6.047 5.540 1.639 1.378 1.069 5.865 5.700 6.008 2.978 3.346 1.702 3.603 5.617 3.474 7.248 2.578 3.351 2.942 8.235 3.643 0.728 2.797 7.517 5.584 4.314 7.337 8.152 8.262 4.731 5.504 8.092 5.501 0.784 3.408 4.313 6.311 1.921 5.022 
0.599 6.861 6.134 9.034 6.651 7.005 10.099 4.312 2.756 7.360 6.793 7.730 7.565 8.140 9.495 4.519 7.379 5.476 3.806 3.325 7.762 6.736 4.441 4.571 8.346 1.378 8.883 7.329 6.335 5.701 7.977 6.496 3.158 8.839 6.263 6.243 1.078 3.578 6.168 5.318 7.044 10.960 2.527 2.828 10.499 1.936 1.475 7.184 2.633 8.228 6.140 6.576 10.847 6.648 0.168 8.721 3.267 7.915 3.466 9.082 0.509 7.446 7.166 7.329 1.823 8.664 4.646 4.818 5.370 6.382 2.798 8.554 3.094 7.871 6.193 0.982 3.369 7.397 5.046 5.940 5.265 4.863 7.860 5.391 8.374 2.868 1.747 8.037 5.551 7.424 5.279 2.859 10.987 2.028 5.113 9.218 5.538 7.288 4.279 8.674 1.479 7.022 6.275 6.851 5.529 7.843 9.062 8.008 6.836 7.731 1.081 9.014 6.373 4.696 1.000 3.834 3.578 6.324 8.247 5.771 3.372 5.880 4.069 5.654 7.205 0.895 9.425 3.590 2.391 4.438 9.147 6.133 1.859 0.574 9.027 5.717 6.844 9.423 8.502 8.403 6.380 6.472 8.486 6.247 3.231 2.328 6.656 5.349 4.081 7.585 
3.282 4.425 6.655 6.043 3.699 6.986 7.791 5.558 1.388 4.416 4.107 7.187 4.640 5.160 7.021 2.857 6.664 2.941 2.373 2.885 7.330 4.640 1.724 3.466 6.611 2.060 6.844 4.492 6.152 2.797 6.304 5.994 0.306 7.135 3.381 3.505 3.761 2.384 3.157 3.357 4.335 8.658 3.954 0.555 7.908 1.671 2.938 4.195 3.916 8.789 3.946 3.823 8.515 6.787 3.067 5.791 1.883 7.064 3.832 7.481 2.706 6.381 6.208 4.552 3.603 6.429 2.242 1.916 2.381 4.909 0.698 5.646 0.393 5.155 4.765 2.812 0.699 5.354 3.558 3.850 5.225 2.085 8.079 2.575 7.452 4.502 1.468 6.629 3.826 5.539 4.237 0.740 8.658 3.796 5.938 7.081 4.650 5.145 1.330 5.674 1.859 4.330 4.222 3.946 5.924 6.291 6.151 6.984 3.915 5.050 2.079 7.709 5.532 5.301 2.159 1.505 0.594 5.330 5.484 5.611 2.589 3.195 1.874 2.932 4.942 3.874 6.607 2.064 3.283 2.302 7.606 3.549 1.260 3.120 6.841 5.118 4.144 6.682 7.605 7.750 4.055 4.891 7.538 4.922 1.084 3.366 3.708 6.078 2.216 4.780 
4.194 5.787 2.519 9.091 7.794 3.464 8.323 1.066 5.326 7.356 6.193 4.400 7.457 8.215 8.058 3.344 4.201 7.446 2.953 1.904 4.367 5.180 6.220 2.690 6.012 4.486 6.855 6.976 2.917 7.072 5.626 3.271 4.817 6.406 6.247 7.910 2.896 2.699 6.769 4.069 6.438 9.098 1.124 3.976 9.183 2.957 5.015 8.109 0.990 4.638 4.894 6.167 9.043 3.072 3.781 9.810 2.967 4.783 0.830 6.508 3.987 4.551 4.216 8.880 5.439 6.942 4.325 5.256 6.498 4.134 3.839 8.252 4.248 7.133 3.948 4.520 4.232 5.616 3.340 4.613 1.914 6.538 4.249 5.438 5.252 1.104 3.339 5.389 3.898 5.427 2.927 4.967 9.168 1.661 1.537 7.283 2.909 5.669 5.698 9.398 3.064 8.735 4.788 6.786 1.929 5.376 8.715 5.004 8.069 6.940 3.234 6.155 3.461 1.086 4.084 5.981 5.029 3.571 9.792 2.413 2.283 7.646 6.336 5.424 5.778 3.507 8.741 3.062 1.361 3.893 6.503 8.030 4.277 3.052 7.185 2.736 8.550 8.539 5.350 5.093 5.255 4.327 5.374 3.868 5.436 1.357 6.785 1.751 6.586 9.066 
6.831 3.151 3.317 6.846 6.833 2.640 4.818 4.188 6.490 5.363 3.921 2.179 5.340 6.122 4.740 2.319 1.586 7.404 2.817 2.923 2.399 2.234 6.333 1.762 2.404 6.417 3.303 4.733 1.917 6.521 2.019 1.329 5.419 2.797 4.560 7.453 5.994 2.902 5.538 2.175 4.085 5.544 4.436 4.689 5.869 4.558 7.247 6.863 4.261 4.784 2.434 4.101 5.507 2.759 6.406 8.440 3.388 1.912 3.100 2.933 6.388 1.245 1.052 8.118 7.853 3.535 3.330 4.468 5.881 0.793 4.571 5.807 4.764 4.486 0.723 6.843 4.499 2.330 1.624 2.214 1.994 6.446 3.760 4.155 2.297 4.665 4.955 1.829 1.611 2.000 0.985 5.880 5.624 4.885 3.573 3.751 0.736 2.518 5.662 7.731 4.967 8.164 2.091 4.880 2.834 1.764 6.163 1.845 7.139 4.284 5.347 2.768 0.568 3.097 6.168 6.527 5.335 0.233 8.884 1.792 2.940 7.348 6.883 3.851 2.786 6.551 5.904 3.128 4.053 3.017 2.958 7.784 5.789 5.818 3.698 0.984 8.005 5.567 2.449 2.638 2.763 1.030 2.388 0.492 6.233 4.174 5.074 3.448 7.300 8.202 
3.810 5.160 3.081 8.357 6.990 3.805 7.886 1.872 4.613 6.612 5.502 4.540 6.725 7.472 7.540 2.648 4.237 6.653 2.188 1.126 4.558 4.636 5.427 2.108 5.702 3.892 6.465 6.265 3.123 6.265 5.314 3.326 4.036 6.136 5.492 7.106 2.707 1.922 5.978 3.422 5.751 8.690 1.085 3.188 8.652 2.230 4.515 7.312 0.912 5.239 4.276 5.451 8.620 3.470 3.381 9.012 2.164 4.799 0.268 6.289 3.511 4.438 4.125 8.074 5.004 6.473 3.560 4.460 5.692 3.749 3.049 7.550 3.454 6.476 3.555 4.035 3.428 5.137 2.757 4.002 2.054 5.739 4.724 4.667 5.266 1.420 2.635 5.182 3.331 5.001 2.523 4.216 8.750 1.535 2.226 6.874 2.622 5.151 4.896 8.614 2.404 7.930 4.217 6.043 2.400 5.100 8.023 4.952 7.264 6.288 2.638 6.048 3.333 1.637 3.516 5.213 4.234 3.367 8.985 2.563 1.500 6.845 5.571 4.675 5.220 3.299 8.095 2.273 0.821 3.137 6.311 7.231 3.591 2.686 6.750 2.624 7.745 7.923 5.382 5.223 4.625 3.915 5.384 3.519 4.682 0.898 6.024 2.396 5.839 8.260 
8.352 4.446 3.257 8.042 8.448 2.018 4.936 4.861 8.229 6.748 5.303 0.779 6.677 7.424 5.221 4.078 0.456 9.134 4.552 4.498 1.070 3.499 8.083 3.470 2.414 8.072 3.467 6.057 1.881 8.210 2.184 1.370 7.174 2.486 6.098 9.137 7.351 4.610 7.139 3.872 5.416 5.460 5.651 6.430 6.263 6.200 8.866 8.413 5.481 3.884 3.929 5.550 5.488 2.397 7.921 9.912 5.107 0.161 4.376 2.335 7.955 0.688 0.711 9.741 9.446 4.019 5.064 6.182 7.576 2.248 6.308 6.954 6.516 5.618 2.308 8.437 6.256 3.244 3.382 3.770 2.728 8.183 2.797 5.809 0.623 5.741 6.613 1.466 3.304 2.794 2.683 7.627 5.573 6.156 3.990 3.912 2.305 3.540 7.411 9.129 6.581 9.820 3.541 6.327 3.147 1.846 7.228 0.483 8.751 5.429 6.940 1.644 1.414 3.783 7.792 8.286 7.094 1.579 10.463 2.252 4.587 9.054 8.642 5.465 3.898 7.940 6.789 4.864 5.430 4.769 2.225 9.490 7.485 7.278 3.989 2.040 9.668 6.364 0.746 0.916 4.191 2.404 0.741 2.092 7.987 5.530 6.573 3.771 9.059 9.804 
3.440 3.946 4.969 6.556 4.869 5.312 7.165 4.019 2.864 4.807 3.979 5.600 4.968 5.651 6.569 1.621 5.114 4.534 0.930 1.198 5.721 3.807 3.311 1.938 5.524 2.752 5.979 4.618 4.486 4.118 5.173 4.379 1.995 6.035 3.664 4.957 3.193 0.796 3.944 2.390 4.235 8.027 2.655 1.140 7.592 1.004 3.625 5.231 2.565 7.099 3.205 3.818 7.913 5.101 3.065 6.921 0.343 5.563 2.201 6.322 2.905 4.944 4.727 5.927 4.268 5.731 1.812 2.416 3.555 3.629 0.998 5.897 1.353 5.046 3.456 3.278 1.282 4.481 2.236 3.007 3.538 3.602 6.394 2.779 5.980 3.197 1.317 5.352 2.676 4.542 2.726 2.318 8.053 2.695 4.294 6.298 3.101 4.358 2.752 6.598 1.465 5.781 3.347 4.251 4.237 5.087 6.397 5.542 5.135 4.889 1.874 6.398 3.995 3.642 2.563 3.195 2.120 3.839 6.842 3.936 0.903 4.701 3.564 2.923 4.270 3.559 6.646 0.666 1.925 1.528 6.415 5.095 2.091 2.714 6.100 3.504 5.596 6.588 6.127 6.200 3.453 3.675 6.077 3.563 2.744 2.047 4.150 4.417 3.899 6.117 
0.912 6.499 6.568 8.413 5.915 7.324 9.808 4.874 1.945 6.779 6.339 7.927 6.998 7.531 9.141 4.325 7.526 4.674 3.628 3.376 7.989 6.482 3.672 4.530 8.224 0.565 8.673 6.811 6.598 4.954 7.868 6.681 2.466 8.732 5.717 5.458 1.864 3.444 5.519 5.073 6.582 10.675 3.052 2.300 10.103 1.730 0.999 6.467 3.124 8.702 5.846 6.092 10.551 6.999 0.785 7.969 3.047 8.035 3.759 9.007 0.355 7.501 7.245 6.544 1.585 8.388 4.250 4.253 4.662 6.303 2.305 8.000 2.524 7.412 6.122 0.577 2.834 7.169 4.923 5.673 5.536 4.096 8.250 4.870 8.480 3.472 1.391 8.005 5.380 7.245 5.286 2.102 10.693 2.614 5.597 8.979 5.595 7.028 3.565 7.964 1.303 6.228 6.027 6.295 5.918 7.768 8.506 8.082 6.087 7.285 0.935 9.024 6.466 5.113 0.215 3.038 2.895 6.375 7.457 6.027 3.331 5.090 3.262 5.174 6.905 1.698 8.923 3.368 2.737 4.110 9.090 5.331 1.133 1.253 8.771 5.857 6.051 8.958 8.617 8.582 6.049 6.365 8.587 6.206 2.444 2.713 6.072 5.816 3.266 6.805 
7.581 1.035 5.646 4.607 5.257 4.929 3.045 6.238 6.341 3.326 1.914 4.147 3.236 3.974 2.621 2.559 3.549 6.337 3.269 4.029 4.424 0.336 5.525 2.815 1.819 6.769 1.881 2.618 4.252 5.245 1.648 3.635 5.134 2.318 2.860 6.120 7.161 3.519 3.967 1.752 1.988 3.896 5.962 4.691 3.743 5.146 7.676 5.112 5.799 7.058 1.021 2.216 3.794 5.089 7.203 6.514 3.804 3.540 4.722 2.732 7.042 2.764 2.881 6.540 8.340 1.604 2.725 3.491 4.667 1.549 4.627 3.533 4.613 2.194 1.668 7.383 4.274 0.400 2.179 1.147 4.213 5.484 5.998 2.897 3.678 6.339 5.430 2.303 1.605 0.761 2.554 5.688 3.932 6.285 5.785 2.161 2.738 0.232 4.890 5.696 5.606 6.695 0.794 2.959 5.116 1.833 3.853 3.192 5.549 1.998 6.016 3.290 2.875 5.223 6.657 5.970 4.874 2.544 7.173 4.106 3.818 6.127 6.269 2.466 0.459 7.618 3.566 3.480 5.375 2.732 2.910 6.548 5.997 6.790 1.959 3.254 6.565 3.243 3.828 4.330 1.009 1.310 3.698 1.862 5.893 5.517 3.254 5.699 6.734 6.559 
11.121 4.036 7.953 5.632 7.751 6.800 0.863 9.161 9.781 5.415 4.607 5.534 5.182 5.554 1.896 6.082 5.175 9.272 6.795 7.457 5.808 3.879 8.706 6.183 2.593 10.301 1.743 4.771 6.478 8.086 2.968 5.827 8.570 2.325 5.649 8.813 10.631 7.031 6.669 5.293 4.474 0.704 9.282 8.206 2.177 8.685 11.210 7.363 9.111 8.589 4.529 4.969 0.805 7.148 10.738 8.219 7.343 4.750 7.969 2.468 10.584 4.401 4.727 8.882 11.877 2.006 6.208 6.756 7.628 4.456 8.150 4.698 8.101 3.907 4.648 10.925 7.759 3.204 5.606 4.688 6.936 8.565 7.525 6.079 4.501 9.583 8.973 3.419 5.065 3.222 5.682 9.133 0.838 9.667 8.471 1.384 5.662 3.335 8.136 7.245 9.145 9.172 4.336 5.399 7.664 3.261 4.614 4.309 7.986 3.872 9.555 3.337 5.274 8.060 10.199 9.263 8.263 5.067 9.239 6.620 7.294 8.936 9.519 5.647 3.494 11.116 3.785 7.018 8.771 6.265 2.618 9.306 9.519 10.300 1.597 5.938 9.091 3.273 4.558 5.232 4.380 4.288 4.420 4.705 9.283 8.908 5.775 8.304 9.988 8.800 
4.632 2.763 4.963 5.652 4.477 4.992 5.968 4.508 3.643 3.903 2.886 4.997 4.024 4.762 5.374 0.584 4.446 4.628 0.526 1.589 5.167 2.619 3.487 1.336 4.426 3.844 4.810 3.597 4.139 3.919 4.094 3.863 2.526 4.945 2.779 4.836 4.347 0.805 3.341 1.208 3.142 6.831 3.520 1.860 6.408 2.200 4.742 4.709 3.391 6.975 2.006 2.781 6.716 4.879 4.262 6.406 0.876 4.812 2.644 5.263 4.088 4.111 3.953 5.673 5.401 4.537 0.851 1.896 3.287 2.639 1.764 4.888 1.884 3.928 2.491 4.432 1.602 3.305 1.285 1.813 3.383 3.657 6.134 1.968 5.187 4.016 2.475 4.366 1.581 3.401 2.035 3.011 6.856 3.688 4.525 5.115 2.469 3.167 2.828 5.937 2.660 5.619 2.162 3.333 4.241 4.050 5.375 4.714 4.771 3.759 3.068 5.441 3.317 3.850 3.708 3.628 2.437 3.087 6.539 3.656 1.227 4.660 3.987 1.965 3.071 4.744 5.545 0.568 2.815 0.425 5.375 5.088 3.103 3.902 4.911 3.009 5.444 5.451 5.342 5.524 2.260 2.636 5.271 2.646 3.340 2.955 3.313 4.581 4.400 5.818 
7.710 2.015 8.195 1.883 2.626 7.739 4.291 8.203 5.519 0.313 1.183 7.125 0.250 1.038 3.284 3.873 6.516 4.255 4.305 5.363 7.390 2.964 3.977 4.639 4.662 6.518 4.164 0.421 6.967 3.061 4.604 6.429 4.442 5.069 1.100 3.704 7.874 4.586 1.668 3.262 1.046 5.051 7.293 4.537 3.812 5.562 7.378 2.270 7.169 9.881 2.681 1.063 4.864 7.811 7.445 3.495 4.522 6.559 6.382 5.514 7.128 5.773 5.850 3.787 8.031 3.426 2.964 2.556 2.740 4.347 4.566 1.192 4.288 1.224 4.382 7.271 3.996 3.313 4.073 2.932 6.614 3.718 8.864 1.985 6.707 7.796 5.630 5.313 3.670 3.759 4.864 4.962 4.996 7.415 8.041 4.111 5.220 2.987 3.583 2.669 5.961 4.052 3.014 0.514 7.551 4.838 1.700 6.221 2.863 1.300 6.311 6.229 5.672 7.390 6.602 4.673 4.027 5.335 4.269 6.675 5.008 3.863 4.829 1.827 2.609 8.144 2.198 4.293 6.576 3.357 5.721 4.207 5.719 7.316 3.827 5.829 3.967 2.395 6.857 7.353 2.341 4.136 6.725 4.616 4.915 6.712 0.802 8.032 5.274 3.738 
6.039 4.840 9.396 4.146 1.046 9.428 7.754 8.602 3.298 3.239 4.050 9.264 3.499 3.515 6.765 4.940 8.669 0.848 4.849 5.721 9.473 5.570 1.511 5.782 7.613 4.679 7.391 3.806 8.576 0.567 7.433 8.237 2.910 8.098 2.993 0.380 6.839 5.009 1.907 4.914 4.129 8.535 7.092 3.631 7.270 4.825 5.293 1.678 7.041 11.431 4.953 3.689 8.350 9.333 5.956 2.832 4.616 8.912 6.778 8.524 5.530 8.130 8.075 1.396 5.822 6.729 3.788 2.628 1.204 6.535 3.755 4.345 3.332 4.674 6.469 5.416 3.308 6.179 5.538 5.048 7.834 1.095 10.578 2.982 9.195 7.643 4.616 8.007 5.482 6.546 6.398 3.094 8.483 6.955 8.843 7.438 6.836 5.868 1.857 3.061 5.005 1.196 5.344 3.169 8.666 7.565 4.745 8.691 1.046 4.697 5.172 9.056 7.595 8.175 4.969 2.169 2.577 7.306 2.328 8.109 5.358 0.374 2.059 3.369 5.522 6.845 5.506 4.621 6.398 4.173 8.706 0.754 4.098 6.180 7.155 7.420 1.012 5.816 9.355 9.689 4.807 6.406 9.250 6.689 2.735 6.492 2.794 8.940 2.337 1.638 
8.824 4.174 10.294 1.125 2.210 9.891 5.793 10.129 6.254 1.900 3.345 9.288 1.941 1.218 4.766 5.838 8.679 4.080 6.144 7.201 9.554 5.125 4.435 6.659 6.710 7.507 6.066 2.560 9.108 3.143 6.696 8.584 5.450 7.071 2.876 3.226 9.291 6.404 2.456 5.335 3.206 6.390 9.016 5.844 4.827 7.015 8.259 1.572 8.913 12.031 4.831 3.173 6.189 9.949 8.642 1.566 6.225 8.711 8.267 7.513 8.262 7.929 8.013 2.670 8.853 5.295 4.772 3.957 3.267 6.510 5.917 1.968 5.548 3.116 6.541 8.277 5.339 5.429 6.143 5.071 8.697 4.040 11.022 3.659 8.842 9.548 6.970 7.426 5.788 5.881 6.968 5.851 6.297 9.049 10.063 5.914 7.343 5.110 4.360 0.590 7.344 3.097 5.174 2.414 9.628 6.952 2.080 8.362 2.212 3.272 7.630 8.289 7.830 9.398 7.700 5.187 5.023 7.494 2.692 8.793 6.826 3.558 5.189 3.704 4.737 9.450 2.950 6.061 8.285 5.207 7.727 3.707 6.783 8.673 5.642 7.957 3.113 3.421 8.989 9.502 4.500 6.300 8.854 6.776 5.634 8.411 2.327 10.076 5.536 2.473 
6.759 2.282 7.899 2.614 1.965 7.607 5.128 7.667 4.503 0.930 1.433 7.165 1.165 1.709 4.162 3.389 6.552 3.347 3.683 4.742 7.410 3.132 2.967 4.226 5.077 5.536 4.764 1.214 6.793 2.157 4.945 6.320 3.448 5.537 0.474 2.918 7.017 3.946 0.740 2.961 1.486 5.929 6.589 3.615 4.790 4.705 6.383 1.845 6.480 9.726 2.641 1.090 5.751 7.620 6.514 3.416 3.793 6.684 5.805 5.974 6.179 5.888 5.906 3.242 7.031 4.086 2.310 1.628 1.753 4.347 3.659 2.175 3.348 2.067 4.336 6.296 3.078 3.652 3.750 2.827 6.294 2.728 8.757 1.203 6.898 7.114 4.731 5.589 3.468 4.059 4.604 3.956 5.887 6.658 7.617 4.794 5.004 3.328 2.563 2.808 5.079 3.414 3.027 0.559 7.216 5.125 2.674 6.397 2.252 2.065 5.410 6.588 5.593 6.949 5.642 3.654 3.027 5.267 3.901 6.431 4.369 3.010 3.818 1.262 2.961 7.248 3.219 3.610 5.861 2.744 6.167 3.394 4.746 6.433 4.510 5.622 3.295 3.401 7.054 7.481 2.389 4.168 6.934 4.572 3.896 5.991 0.224 7.640 4.269 3.265 
4.493 4.667 2.693 8.030 6.934 3.208 7.233 2.057 5.000 6.309 5.101 3.836 6.396 7.165 6.940 2.275 3.507 6.802 2.000 1.086 3.873 4.056 5.584 1.570 4.989 4.441 5.785 5.896 2.466 6.288 4.601 2.606 4.268 5.411 5.224 7.168 3.448 1.793 5.833 2.960 5.341 8.022 1.815 3.408 8.064 2.653 5.130 7.197 1.640 4.837 3.773 5.095 7.959 2.921 4.062 8.896 2.181 4.062 0.482 5.554 4.153 3.691 3.378 8.083 5.653 5.837 3.337 4.357 5.683 3.060 3.265 7.163 3.635 6.020 2.869 4.664 3.539 4.506 2.217 3.492 1.406 5.856 4.207 4.454 4.528 2.069 3.080 4.443 2.773 4.337 1.837 4.533 8.086 2.281 2.057 6.204 1.891 4.550 5.000 8.425 2.919 7.981 3.663 5.743 1.965 4.375 7.618 4.207 7.221 5.826 3.211 5.301 2.586 1.386 4.094 5.467 4.398 2.625 8.974 1.894 1.433 6.939 5.834 4.395 4.654 4.035 7.623 2.181 1.528 2.895 5.571 7.344 4.038 3.389 6.094 1.879 7.799 7.416 4.647 4.512 4.136 3.241 4.645 2.814 4.983 1.625 5.769 2.151 6.146 8.249 
6.782 5.850 0.586 9.524 9.052 0.910 7.378 2.386 7.524 7.943 6.545 2.146 7.958 8.749 7.441 4.177 2.250 9.187 4.237 3.565 2.001 4.972 7.992 3.313 4.823 6.921 5.849 7.373 0.899 8.536 4.490 1.562 6.745 5.044 7.003 9.452 5.500 4.120 7.832 4.506 6.739 8.005 3.730 5.891 8.555 5.175 7.545 9.206 3.593 2.366 5.045 6.665 8.005 0.472 6.362 10.865 4.587 2.789 2.818 4.977 6.531 2.967 2.643 10.280 8.010 6.217 5.356 6.496 7.904 3.549 5.749 8.516 6.092 7.216 3.444 7.059 5.951 5.082 3.714 4.784 1.240 8.222 1.691 6.401 3.204 3.607 5.599 3.949 4.045 4.720 2.864 7.044 8.106 4.266 1.412 6.309 2.493 5.279 7.370 10.251 5.415 10.237 4.759 7.417 0.680 4.158 8.895 3.163 9.353 7.012 5.671 4.336 2.256 1.526 6.551 7.945 6.830 2.567 11.126 1.038 3.855 9.264 8.315 6.207 5.541 6.111 8.663 4.496 3.833 4.934 4.893 9.685 6.559 5.640 6.313 1.890 10.062 8.327 3.248 2.792 5.406 3.787 3.324 3.237 7.486 3.876 7.546 1.155 8.647 10.412 
