25 50 100
105 107 63 46 116 64 126 101 51 67 104 40 105 71 111 56 85 120 106 42 54 57 95 113 53 
183 91 136 189 118 185 172 120 52 139 183 184 143 143 95 162 72 107 145 123 64 144 76 30 124 169 137 46 200 175 70 128 74 169 21 38 63 54 88 74 155 189 166 128 96 173 192 113 146 120 
29 18 14 32 35 20 21 10 21 26 9 26 24 15 13 26 10 28 21 19 7 20 8 29 30 7 19 24 22 35 23 18 29 8 23 13 32 22 14 22 10 34 31 15 16 25 35 29 16 7 34 10 9 35 22 19 29 22 20 29 14 31 14 7 20 13 35 28 35 6 7 17 9 28 20 7 7 25 6 11 27 19 10 26 14 19 35 8 16 29 15 22 12 32 16 33 34 26 25 20 
1300.810 950.436 1143.722 1262.859 1063.111 1350.522 1210.959 1039.978 690.810 1183.517 1329.090 1303.786 1188.058 1209.252 977.971 1184.312 820.051 1059.982 1207.014 1025.167 733.146 1230.721 853.619 563.152 1115.878 1259.223 1122.445 706.056 1458.976 1335.327 879.757 1028.181 840.099 1272.282 431.198 586.739 815.480 685.948 888.890 818.361 1204.693 1370.936 1199.372 1119.612 967.415 1281.946 1285.897 982.814 1207.466 1108.220 
7.169 7.482 2.156 3.181 2.109 4.369 4.754 5.305 2.831 8.036 0.929 4.295 5.932 3.921 4.237 1.420 0.538 9.131 8.231 7.128 2.836 2.814 5.682 3.767 3.949 6.738 3.213 1.146 2.706 4.132 2.863 3.083 4.957 1.963 5.032 2.026 7.177 6.626 7.855 2.407 6.700 6.489 4.472 4.252 4.361 6.245 4.397 7.563 2.970 7.281 
4.384 7.695 7.075 9.604 5.764 3.853 7.264 7.621 3.909 4.160 6.546 8.546 0.937 7.685 4.389 7.423 6.007 4.904 5.458 9.152 5.247 9.269 6.472 8.443 2.700 3.296 4.644 6.556 8.453 5.387 5.821 5.352 2.450 8.353 2.940 8.028 5.817 9.401 2.486 8.703 2.749 0.270 4.493 9.223 2.095 0.867 2.984 6.293 7.228 2.524 
7.633 10.207 7.219 8.560 6.196 5.844 8.697 9.198 4.580 7.722 6.176 9.248 2.816 8.550 1.468 6.949 5.390 8.580 8.821 11.020 6.166 8.031 8.583 8.896 2.532 1.354 2.425 6.305 8.220 7.021 3.372 6.408 1.552 6.951 5.434 7.581 8.733 10.936 6.223 7.951 6.154 3.990 1.340 9.555 3.202 4.366 1.562 9.231 7.761 6.158 
1.061 4.163 7.439 10.671 6.385 3.857 5.742 5.733 5.571 0.773 7.733 7.661 5.659 6.852 8.484 8.401 7.689 1.203 0.745 6.358 5.563 10.631 4.154 7.931 6.286 8.149 8.245 7.603 8.824 4.560 9.195 5.411 6.829 10.098 3.392 8.781 2.134 7.068 2.774 9.630 2.198 4.601 8.678 8.659 5.392 4.066 7.104 2.338 7.028 2.381 
2.290 5.935 8.242 11.356 7.032 4.388 7.056 7.155 5.757 1.168 8.269 8.872 4.644 8.012 7.893 9.041 8.045 1.242 2.597 8.034 6.245 11.212 5.607 9.039 5.817 6.992 7.878 8.180 9.685 5.542 8.957 6.170 6.044 10.528 3.554 9.513 3.838 8.656 1.266 10.333 1.877 3.477 8.045 9.809 4.933 3.118 6.457 4.129 7.996 1.399 
9.612 8.969 3.322 0.498 4.292 6.917 5.945 6.393 5.648 10.604 3.009 4.500 8.846 4.708 6.735 2.269 3.380 11.687 10.542 7.859 5.112 0.160 7.364 3.871 6.849 9.439 5.752 3.100 2.292 6.191 4.952 5.261 7.792 1.244 7.731 1.974 9.257 7.054 10.664 1.153 9.411 9.404 6.925 3.790 7.281 9.138 7.198 9.553 3.991 10.047 
9.682 8.979 3.365 0.367 4.368 7.000 5.953 6.392 5.757 10.682 3.104 4.469 8.977 4.706 6.887 2.342 3.499 11.763 10.601 7.833 5.185 0.314 7.391 3.844 6.983 9.588 5.903 3.186 2.279 6.245 5.106 5.328 7.933 1.399 7.824 2.008 9.303 7.015 10.766 1.168 9.503 9.526 7.078 3.732 7.406 9.253 7.341 9.592 4.011 10.145 
6.910 7.821 3.097 4.286 2.552 4.141 5.365 5.921 2.366 7.642 1.902 5.253 4.918 4.747 3.058 2.586 1.105 8.729 8.050 7.796 3.044 3.842 5.999 4.783 2.905 5.558 2.037 2.078 3.870 4.336 1.907 3.327 3.826 2.847 4.590 3.208 7.189 7.412 7.188 3.583 6.185 5.599 3.299 5.341 3.459 5.439 3.243 7.621 3.823 6.682 
7.358 9.917 6.976 8.394 5.935 5.554 8.418 8.917 4.300 7.465 5.951 8.991 2.592 8.285 1.376 6.735 5.170 8.335 8.549 10.735 5.890 7.877 8.294 8.647 2.244 1.437 2.272 6.075 8.001 6.735 3.281 6.130 1.272 6.802 5.147 7.371 8.447 10.658 5.997 7.762 5.890 3.767 1.300 9.314 2.914 4.122 1.277 8.945 7.505 5.912 
3.194 1.858 4.104 7.285 3.569 2.679 1.757 1.708 4.091 4.375 4.885 3.710 6.650 2.984 7.921 5.260 5.223 5.226 3.583 2.818 2.926 7.414 0.141 4.077 5.960 8.924 7.232 4.690 5.266 1.641 7.747 2.647 7.025 7.188 3.416 5.437 2.043 3.235 5.662 6.274 4.206 6.150 8.176 4.741 5.363 5.535 6.938 2.206 3.441 4.940 
9.640 9.251 3.521 1.163 4.325 6.890 6.250 6.726 5.491 10.586 2.969 4.946 8.520 5.058 6.226 2.371 3.184 11.677 10.618 8.278 5.145 0.512 7.586 4.312 6.509 8.969 5.268 3.101 2.715 6.304 4.398 5.325 7.393 0.759 7.645 2.250 9.396 7.514 10.521 1.556 9.325 9.147 6.404 4.319 7.008 8.920 6.784 9.719 4.265 9.931 
10.208 9.628 3.964 0.992 4.883 7.486 6.605 7.053 6.142 11.180 3.561 5.147 9.213 5.368 6.896 2.877 3.842 12.267 11.157 8.510 5.705 0.648 8.015 4.521 7.202 9.650 5.948 3.672 2.949 6.815 5.049 5.867 8.086 1.453 8.270 2.625 9.891 7.694 11.171 1.813 9.951 9.829 7.069 4.406 7.693 9.593 7.477 10.194 4.647 10.570 
6.463 9.536 7.728 9.670 6.517 5.340 8.597 9.034 4.656 6.306 6.896 9.537 1.410 8.739 3.118 7.750 6.191 7.035 7.577 10.728 6.238 9.217 8.115 9.301 2.653 1.152 3.801 6.972 8.944 6.763 4.940 6.423 1.559 8.184 4.638 8.389 7.795 10.824 4.578 8.913 4.855 2.416 3.104 10.035 2.765 2.951 2.156 8.286 8.096 4.671 
2.570 3.913 3.906 7.085 2.765 0.453 3.122 3.440 2.209 3.556 4.102 4.675 4.417 3.793 5.863 4.790 4.089 4.632 3.613 4.996 1.947 7.012 2.361 4.752 3.787 6.678 5.303 3.975 5.341 1.297 6.021 1.833 4.801 6.469 1.264 5.210 2.741 5.213 4.075 6.048 2.610 4.021 6.107 5.538 3.128 3.436 4.763 3.204 3.658 3.354 
0.836 4.524 6.518 9.681 5.351 2.716 5.296 5.423 4.291 0.999 6.640 7.097 4.310 6.236 7.066 7.375 6.502 2.094 1.890 6.449 4.545 9.578 3.906 7.265 4.869 6.815 6.843 6.534 7.952 3.770 7.817 4.445 5.422 8.960 2.057 7.816 2.443 6.992 1.967 8.649 0.836 3.320 7.259 8.033 3.974 2.741 5.686 2.860 6.235 1.316 
4.500 3.783 2.077 5.305 1.644 2.443 1.264 1.796 2.866 5.628 2.869 2.405 6.229 1.521 6.592 3.218 3.299 6.639 5.254 3.675 1.288 5.393 2.019 2.496 4.972 8.148 5.756 2.666 3.347 1.004 6.056 1.034 6.150 5.145 3.458 3.429 3.875 3.495 6.349 4.277 4.876 6.094 6.856 3.273 4.648 5.562 5.893 4.155 1.523 5.626 
5.350 6.626 3.112 5.350 1.986 2.626 4.581 5.112 0.810 6.061 2.327 5.047 3.815 4.337 3.274 3.204 1.755 7.148 6.509 6.983 2.034 5.033 4.834 4.734 1.972 5.110 2.471 2.372 4.336 3.150 3.025 2.306 3.140 4.176 3.009 3.829 5.747 6.788 5.667 4.458 4.611 4.273 3.538 5.438 2.172 4.016 2.729 6.202 3.564 5.130 
4.459 7.696 6.903 9.395 5.596 3.767 7.170 7.540 3.729 4.294 6.349 8.412 0.728 7.556 4.156 7.227 5.797 5.069 5.558 9.101 5.102 9.054 6.428 8.294 2.463 3.161 4.404 6.363 8.271 5.293 5.580 5.217 2.220 8.130 2.888 7.835 5.853 9.325 2.679 8.501 2.838 0.447 4.264 9.071 1.881 0.933 2.747 6.335 7.077 2.669 
2.850 5.788 5.524 8.388 4.215 1.934 5.337 5.670 2.598 3.115 5.258 6.745 2.364 5.868 4.846 6.098 4.903 4.129 4.048 7.180 3.559 8.160 4.502 6.716 2.658 4.821 4.670 5.213 6.962 3.471 5.703 3.603 3.238 7.381 0.971 6.647 4.037 7.441 2.437 7.408 1.518 1.792 5.039 7.506 1.758 1.210 3.468 4.531 5.529 1.907 
8.696 7.381 2.411 1.648 3.711 6.268 4.389 4.744 5.496 9.792 2.940 2.647 9.058 3.100 7.683 2.091 3.664 10.830 9.463 5.990 4.419 2.164 5.970 2.073 7.194 10.156 6.658 2.881 0.963 5.165 6.155 4.462 8.298 2.842 7.219 1.450 8.034 5.118 10.228 1.256 8.838 9.373 7.913 1.787 7.387 8.988 7.780 8.251 2.692 9.546 
1.085 2.708 6.264 9.515 5.357 3.141 4.296 4.239 4.958 2.062 6.737 6.240 6.033 5.467 8.353 7.314 6.829 2.728 1.040 4.840 4.550 9.542 2.668 6.560 6.160 8.528 7.936 6.581 7.584 3.375 8.749 4.347 6.935 9.122 3.097 7.624 0.613 5.539 3.832 8.478 2.697 5.153 8.577 7.259 5.328 4.541 7.079 0.946 5.755 3.229 
1.954 5.418 6.334 9.353 5.068 2.487 5.628 5.860 3.669 1.939 6.238 7.261 3.141 6.379 6.007 7.041 5.969 2.922 3.059 7.132 4.323 9.175 4.474 7.329 3.845 5.646 5.876 6.166 7.786 3.878 6.914 4.297 4.293 8.454 1.531 7.548 3.435 7.550 1.497 8.346 0.344 2.172 6.188 8.117 2.944 1.577 4.600 3.895 6.201 0.807 
0.930 4.666 6.929 10.100 5.770 3.137 5.635 5.735 4.705 0.587 7.062 7.462 4.526 6.608 7.396 7.794 6.923 1.676 1.726 6.675 4.962 9.999 4.194 7.647 5.212 7.019 7.207 6.955 8.360 4.160 8.199 4.858 5.707 9.382 2.467 8.232 2.559 7.260 1.851 9.066 1.071 3.479 7.583 8.410 4.312 2.934 6.001 2.929 6.632 1.312 
5.572 6.662 2.835 5.006 1.786 2.807 4.481 5.023 1.034 6.322 1.995 4.825 4.150 4.148 3.398 2.870 1.412 7.413 6.713 6.903 1.966 4.691 4.853 4.484 2.275 5.372 2.528 2.051 4.020 3.165 2.945 2.248 3.422 3.844 3.272 3.498 5.886 6.661 5.986 4.117 4.899 4.616 3.662 5.171 2.514 4.355 2.978 6.331 3.338 5.437 
4.773 3.308 2.451 5.504 2.396 3.122 0.421 0.975 3.719 5.942 3.463 1.948 7.024 1.152 7.439 3.637 3.998 6.891 5.356 2.856 2.140 5.687 1.760 2.247 5.821 8.991 6.589 3.248 3.460 1.585 6.840 1.888 6.996 5.591 4.113 3.708 3.860 2.640 6.881 4.518 5.392 6.821 7.703 2.946 5.472 6.264 6.747 4.046 1.681 6.149 
7.505 7.181 5.024 6.252 8.565 5.123 3.921 5.981 7.417 6.404 10.656 6.158 10.230 1.700 0.818 4.787 2.699 2.601 6.731 6.766 6.128 2.851 5.647 8.542 5.598 6.245 7.747 5.059 9.340 5.855 2.155 3.218 6.516 4.308 4.803 3.355 4.301 6.041 4.987 6.319 7.749 4.838 5.486 8.192 2.298 6.704 6.930 2.514 3.802 6.253 3.391 2.634 5.800 7.311 0.730 3.002 2.110 6.578 6.698 6.148 4.356 6.391 5.178 6.354 5.440 6.121 7.209 5.941 5.315 7.252 0.946 8.520 8.445 3.864 2.318 3.116 6.404 5.957 7.402 6.872 3.784 7.893 2.017 7.544 8.109 3.410 4.930 1.400 8.306 4.647 8.254 6.009 7.292 10.466 5.993 6.849 6.007 2.356 5.884 8.760 
5.937 4.530 7.935 7.577 9.137 3.117 1.769 7.210 4.684 4.340 10.374 6.565 10.106 2.424 3.377 6.044 4.609 5.541 3.760 6.337 6.846 3.059 8.380 7.430 5.330 3.967 8.128 6.949 8.329 5.743 5.008 5.567 6.828 7.380 7.952 0.461 6.508 7.886 6.025 6.262 8.105 7.305 2.204 7.885 2.312 4.202 7.694 5.681 3.722 6.326 6.818 5.482 3.063 6.194 3.602 3.094 2.030 4.263 3.408 9.202 7.016 3.404 6.945 5.269 4.299 2.560 6.669 8.301 6.658 9.314 4.674 7.527 9.272 5.620 4.462 4.308 3.624 6.432 7.028 9.671 6.372 7.716 1.953 6.273 9.602 6.792 2.788 2.655 8.028 3.228 8.878 7.627 4.588 10.014 4.976 9.120 7.718 5.007 7.349 9.887 
1.777 3.574 6.354 3.542 3.738 2.837 3.978 3.232 3.806 2.425 4.637 1.779 4.360 6.701 6.849 3.008 4.176 8.991 4.133 0.625 2.334 3.614 6.271 2.174 0.869 2.817 2.720 4.156 2.947 0.900 5.302 4.611 1.751 6.377 6.856 5.945 4.530 4.490 2.675 1.007 2.680 5.235 4.695 2.139 4.468 3.209 2.828 5.873 2.611 1.215 6.869 5.330 3.677 1.091 6.941 3.469 6.653 2.860 4.847 7.450 5.444 4.122 3.963 0.763 1.473 5.451 0.926 5.557 3.224 5.714 7.007 2.129 4.082 3.759 4.509 3.464 3.716 1.845 1.289 7.252 5.103 2.001 6.436 1.416 5.107 6.746 3.143 6.655 2.283 2.522 3.561 4.007 3.710 4.310 0.850 5.918 4.195 5.031 3.646 4.903 
3.015 5.296 8.623 5.185 3.425 5.682 7.038 5.077 5.398 4.667 1.996 3.881 2.105 9.942 10.098 5.568 7.238 12.206 6.174 2.859 4.260 6.865 8.309 1.401 4.021 5.120 3.076 6.391 0.571 3.795 8.325 7.456 3.550 8.873 9.241 9.040 7.038 6.238 5.230 3.400 3.028 7.520 7.289 1.713 7.714 5.219 4.014 8.797 5.860 3.531 9.632 8.252 6.156 2.587 10.185 6.721 9.876 4.955 6.969 9.460 7.896 6.333 6.161 3.533 4.534 7.863 2.411 7.409 5.459 6.939 10.181 1.258 4.036 6.536 7.603 6.593 5.907 4.080 2.280 8.943 7.743 2.081 9.661 2.540 5.661 9.497 6.014 9.904 1.686 5.602 3.534 5.774 5.373 1.469 3.860 7.386 5.960 8.039 5.505 4.874 
3.023 4.377 5.086 2.657 3.754 2.991 3.690 2.294 4.638 3.156 5.373 1.194 4.991 5.879 5.868 1.751 2.924 7.893 4.717 1.480 1.587 2.733 5.059 3.433 0.487 3.431 2.754 2.952 4.121 0.536 4.034 3.296 1.446 5.072 5.563 5.485 3.240 3.451 1.444 1.005 2.735 3.981 4.856 2.873 3.670 3.925 2.369 4.576 1.761 0.989 5.553 4.030 4.034 2.408 5.931 2.610 5.907 3.588 5.319 6.226 4.152 4.609 2.782 1.788 1.734 5.693 1.931 4.422 2.087 4.800 5.851 3.344 3.908 2.442 3.278 2.262 4.261 1.096 2.080 6.118 3.789 2.592 5.685 2.729 4.520 5.429 3.214 5.786 2.992 2.402 3.496 3.002 4.523 5.150 1.577 4.901 3.174 3.757 2.640 4.591 
5.302 5.761 3.719 3.575 5.772 3.721 3.298 3.264 6.030 4.682 7.879 3.362 7.440 3.795 3.474 2.034 0.379 5.296 5.668 4.125 3.326 1.421 4.067 6.038 3.008 4.713 4.943 2.639 6.762 3.181 1.476 1.302 3.724 3.327 3.908 4.239 2.144 3.619 2.197 3.597 4.945 2.956 5.010 5.457 2.064 5.247 4.140 2.145 1.650 3.506 3.302 1.656 4.741 4.898 3.484 1.469 3.978 5.002 5.968 5.007 2.736 5.410 2.678 4.039 3.339 5.849 4.576 3.936 2.611 5.005 3.221 5.971 5.684 1.294 0.644 0.408 5.235 3.159 4.710 5.350 2.114 5.140 3.771 5.183 5.545 3.208 3.708 3.611 5.562 3.022 5.463 3.453 5.899 7.715 3.700 4.766 3.502 1.239 3.250 6.074 
2.976 2.413 7.005 5.405 6.413 0.312 1.302 5.029 2.672 1.579 7.375 3.982 7.136 4.515 5.002 4.121 3.788 7.334 2.261 3.411 4.401 2.201 7.211 4.410 2.585 1.414 5.382 5.293 5.307 3.009 4.759 4.667 4.163 6.710 7.283 3.298 5.207 6.036 3.949 3.486 5.350 6.058 2.041 4.924 2.548 1.908 5.170 5.486 1.842 3.603 6.682 5.046 1.368 3.167 5.162 2.077 4.337 1.742 2.662 8.273 5.999 2.029 5.196 2.249 1.323 2.885 3.698 6.803 4.654 7.459 5.689 4.500 6.656 4.215 3.916 3.090 1.822 3.907 4.083 8.425 5.435 4.795 4.142 3.257 7.329 6.598 0.401 4.569 5.070 0.449 6.192 5.649 2.542 6.999 1.978 7.449 5.794 4.587 5.306 7.386 
3.299 2.288 7.429 5.949 6.962 0.495 1.064 5.573 2.523 1.736 7.852 4.539 7.631 4.373 4.965 4.637 4.140 7.308 1.931 3.936 4.956 2.458 7.667 4.807 3.140 1.432 5.930 5.791 5.706 3.563 5.046 5.056 4.718 7.096 7.674 2.958 5.661 6.559 4.478 4.036 5.898 6.515 1.487 5.429 2.606 1.826 5.727 5.781 2.288 4.157 6.988 5.371 0.980 3.594 5.142 2.356 4.146 1.761 2.206 8.707 6.425 1.644 5.703 2.723 1.850 2.337 4.202 7.294 5.182 7.988 5.782 4.917 7.211 4.668 4.227 3.482 1.540 4.464 4.597 8.897 5.842 5.315 3.966 3.648 7.882 6.911 0.171 4.462 5.575 0.981 6.743 6.180 2.398 7.459 2.480 7.961 6.321 4.897 5.841 7.942 
4.918 6.105 3.192 1.760 4.042 4.377 4.523 1.448 6.374 4.897 6.377 1.936 5.893 5.611 5.263 0.260 1.848 6.902 6.287 3.162 1.689 2.864 3.208 5.163 2.382 5.092 3.319 1.177 5.724 2.295 2.698 1.680 2.286 3.200 3.674 5.871 1.348 1.990 0.581 2.487 3.332 2.098 6.055 4.146 3.726 5.618 2.411 3.034 2.377 2.314 3.824 2.504 5.472 4.267 5.254 2.826 5.780 5.304 6.775 4.356 2.262 6.112 1.086 3.677 3.416 6.921 3.578 2.691 0.795 3.433 4.794 5.026 3.898 0.764 2.230 1.678 5.827 1.733 3.560 4.347 1.960 3.791 5.568 4.597 3.754 3.691 4.498 5.428 4.221 3.669 3.727 1.710 6.251 6.296 3.437 3.347 1.801 2.411 1.457 4.257 
8.641 8.364 5.053 6.896 9.330 6.305 5.097 6.668 8.600 7.579 11.567 7.043 11.117 2.460 1.417 5.543 3.500 1.614 7.905 7.782 6.943 3.986 5.742 9.616 6.629 7.427 8.580 5.585 10.391 6.850 2.636 3.753 7.406 4.285 4.683 4.349 4.765 6.520 5.789 7.287 8.588 5.131 6.628 9.152 3.480 7.887 7.700 2.671 4.898 7.201 3.143 3.003 6.979 8.406 1.189 4.137 2.905 7.759 7.850 6.019 4.591 7.563 5.740 7.464 6.575 7.227 8.230 6.210 6.008 7.587 0.497 9.580 9.147 4.550 3.112 4.058 7.583 6.836 8.392 6.868 4.120 8.836 2.886 8.651 8.622 3.210 6.113 2.173 9.258 5.817 9.014 6.572 8.475 11.411 7.104 7.113 6.537 2.906 6.504 9.369 
2.834 4.806 5.662 2.492 2.565 3.948 4.909 2.245 5.035 3.660 3.997 0.807 3.608 7.261 7.239 2.454 4.155 9.216 5.363 0.734 1.317 4.114 5.461 2.551 1.321 4.045 1.534 3.405 3.038 0.917 5.215 4.326 0.593 5.821 6.235 6.791 3.962 3.518 2.111 0.393 1.500 4.535 5.835 1.532 5.046 4.445 1.619 5.669 3.130 0.420 6.514 5.125 4.864 1.992 7.295 3.989 7.282 4.096 6.066 6.644 4.850 5.340 3.184 1.999 2.562 6.621 0.991 4.654 2.441 4.616 7.146 2.380 2.862 3.407 4.532 3.568 4.940 0.982 0.873 6.318 4.639 1.221 7.061 2.317 3.890 6.381 4.230 7.168 1.637 3.506 2.360 3.024 4.941 3.795 2.043 4.889 3.219 4.928 2.686 3.670 
1.194 1.416 8.041 5.627 5.798 1.745 3.206 5.290 1.646 0.475 6.045 3.899 5.925 6.469 6.938 4.780 5.214 9.256 2.086 2.704 4.440 3.933 8.086 2.800 2.606 0.920 4.816 5.999 3.682 2.901 6.300 5.934 3.909 7.908 8.445 5.135 6.176 6.500 4.496 3.158 4.770 6.974 3.094 3.872 4.458 1.109 4.988 6.987 3.205 3.356 8.127 6.487 1.958 1.786 7.090 3.788 6.281 0.787 2.862 9.235 7.062 2.173 5.838 1.403 1.524 3.675 2.754 7.482 5.148 7.803 7.524 2.966 6.198 5.252 5.440 4.453 1.742 3.928 3.180 9.177 6.596 3.884 6.090 1.694 7.267 8.023 2.049 6.523 4.014 2.074 5.657 6.037 1.550 5.591 1.495 7.948 6.216 6.080 5.672 7.041 
8.557 9.591 0.487 3.973 6.413 7.662 7.310 4.036 9.864 8.421 9.159 5.334 8.611 6.724 5.869 3.804 3.680 6.249 9.623 6.725 4.874 5.432 1.056 8.690 6.021 8.548 6.163 2.739 9.134 5.916 3.154 2.723 5.614 0.774 0.320 7.908 2.298 2.995 4.142 6.029 6.200 1.607 9.032 7.397 5.875 9.086 5.150 2.574 5.526 5.830 1.863 2.664 8.722 7.889 5.721 5.491 7.084 8.799 9.976 1.085 1.400 9.389 2.965 7.313 6.954 9.867 7.106 1.967 3.701 3.247 4.596 8.521 5.960 3.217 3.719 4.289 9.175 5.166 7.000 1.898 1.930 7.029 6.938 8.222 4.732 1.778 7.691 6.437 7.431 6.941 6.129 3.392 9.736 9.240 7.059 2.633 3.227 3.136 3.617 5.742 
1.701 2.024 7.219 5.003 5.524 1.193 2.591 4.648 2.290 0.806 6.182 3.351 5.983 5.748 6.148 4.014 4.333 8.447 2.398 2.405 3.859 3.073 7.298 3.129 1.957 1.083 4.504 5.237 4.028 2.322 5.417 5.067 3.432 7.057 7.601 4.584 5.357 5.809 3.754 2.687 4.464 6.171 2.942 3.810 3.658 1.563 4.506 6.105 2.322 2.857 7.248 5.607 1.892 1.907 6.290 2.926 5.596 1.228 3.075 8.432 6.230 2.350 5.091 1.086 0.677 3.671 2.597 6.739 4.432 7.160 6.671 3.232 5.853 4.413 4.557 3.572 1.959 3.340 3.011 8.423 5.746 3.738 5.396 1.973 6.765 7.147 1.525 5.777 3.957 1.274 5.342 5.364 2.170 5.778 0.949 7.258 5.535 5.197 5.002 6.654 
7.759 9.527 3.142 2.532 3.812 8.082 8.363 2.882 9.781 8.312 6.532 4.274 5.975 9.054 8.445 3.771 5.259 9.410 9.889 5.660 3.723 6.669 2.433 7.236 5.579 8.605 4.093 2.781 7.355 5.256 5.481 4.458 4.342 3.874 3.778 9.639 3.373 1.852 3.907 5.051 4.145 2.819 9.852 5.565 7.465 9.091 3.358 5.275 6.205 4.839 5.134 5.015 9.163 6.920 8.361 6.647 9.309 8.750 10.463 3.079 3.354 9.766 2.782 6.771 6.907 10.714 5.868 1.737 3.203 0.411 7.481 6.999 3.218 4.125 5.537 5.420 9.431 4.230 5.573 2.157 3.861 5.247 9.116 7.241 1.598 5.011 8.249 8.816 5.531 7.409 3.629 2.206 9.671 6.772 6.672 0.861 2.066 5.291 2.553 2.642 
2.256 4.461 6.538 3.299 2.739 4.007 5.162 3.085 4.662 3.425 3.473 1.684 3.176 7.790 7.860 3.323 4.923 9.918 5.137 0.608 2.170 4.659 6.324 1.684 1.769 3.855 1.801 4.280 2.172 1.491 6.011 5.165 1.424 6.699 7.114 7.120 4.838 4.346 2.977 1.090 1.751 5.412 5.839 0.956 5.555 4.173 2.286 6.497 3.651 1.240 7.374 5.951 4.785 1.391 7.934 4.522 7.769 3.835 5.888 7.504 5.728 5.173 4.058 1.816 2.656 6.567 0.315 5.497 3.318 5.359 7.876 1.503 3.181 4.253 5.289 4.286 4.751 1.860 0.112 7.143 5.508 0.838 7.550 1.667 4.460 7.242 4.319 7.724 1.098 3.707 2.624 3.854 4.584 3.181 2.010 5.678 4.049 5.727 3.528 4.055 
3.638 5.565 5.040 1.725 2.098 4.542 5.351 1.524 5.801 4.394 4.083 0.499 3.619 7.402 7.265 2.051 3.998 9.109 6.078 1.537 0.663 4.296 4.778 3.249 1.823 4.757 1.136 2.795 3.611 1.403 4.976 3.988 0.252 5.275 5.647 7.139 3.451 2.774 1.744 1.003 1.129 3.927 6.431 1.890 5.245 5.183 0.833 5.342 3.380 0.828 6.078 4.811 5.517 2.794 7.297 4.188 7.471 4.834 6.754 5.953 4.299 6.030 2.566 2.753 3.181 7.244 1.758 3.931 1.862 3.818 7.010 3.048 2.255 3.069 4.387 3.526 5.643 0.683 1.528 5.570 4.175 1.523 7.250 3.116 3.112 5.940 4.799 7.278 1.945 4.022 1.832 2.283 5.703 3.988 2.745 4.110 2.478 4.686 1.967 2.990 
9.643 9.217 5.919 7.969 10.419 7.203 5.911 7.749 9.442 8.506 12.661 8.138 12.212 2.881 1.994 6.636 4.596 0.523 8.690 8.857 8.038 4.990 6.628 10.668 7.698 8.321 9.675 6.638 11.455 7.930 3.711 4.822 8.501 5.143 5.473 4.854 5.808 7.553 6.883 8.373 9.683 6.114 7.322 10.241 4.386 8.758 8.791 3.667 5.934 8.291 3.923 4.048 7.790 9.445 1.798 5.141 3.298 8.655 8.559 6.771 5.560 8.340 6.801 8.491 7.578 7.842 9.304 7.171 7.092 8.564 1.587 10.639 10.228 5.637 4.207 5.144 8.401 7.931 9.475 7.684 5.134 9.927 3.351 9.681 9.658 4.015 6.986 2.654 10.348 6.765 10.103 7.628 9.321 12.503 8.130 8.063 7.585 3.987 7.574 10.429 
8.183 7.524 6.190 7.427 9.682 5.582 4.213 7.144 7.737 6.910 11.664 7.214 11.261 1.069 0.438 5.932 3.856 2.085 6.944 7.686 7.231 3.644 6.831 9.354 6.514 6.682 8.828 6.264 10.189 6.811 3.368 4.428 7.565 5.455 5.921 3.041 5.514 7.249 6.108 7.299 8.827 6.048 5.533 9.166 2.859 7.085 8.052 3.686 4.649 7.256 4.442 3.843 6.069 8.096 0.490 3.790 1.495 7.015 6.771 7.271 5.559 6.589 6.377 7.117 6.150 6.031 8.118 7.151 6.479 8.466 1.677 9.359 9.591 5.043 3.487 4.179 6.680 7.019 8.348 8.036 4.995 8.885 1.537 8.297 9.309 4.482 5.335 0.848 9.286 5.233 9.374 7.205 7.620 11.442 6.758 8.060 7.209 3.569 7.067 9.938 
4.554 2.555 9.108 7.832 8.768 2.272 2.107 7.455 2.628 2.903 9.389 6.406 9.233 4.689 5.558 6.491 5.732 7.810 1.644 5.676 6.835 3.980 9.409 6.165 4.993 2.448 7.739 7.616 7.043 5.411 6.474 6.693 6.567 8.697 9.281 2.773 7.413 8.417 6.348 5.862 7.703 8.264 0.401 7.088 3.724 2.412 7.594 7.205 4.086 5.998 8.409 6.870 1.423 5.088 5.773 3.922 4.323 2.625 1.110 10.396 8.116 1.342 7.542 4.370 3.647 0.465 5.881 9.103 7.050 9.853 6.700 6.329 9.050 6.428 5.734 5.166 1.716 6.338 6.296 10.665 7.504 7.022 4.219 5.048 9.764 8.352 2.035 4.886 7.234 2.865 8.565 8.051 2.565 8.949 4.202 9.803 8.187 6.381 7.715 9.802 
3.552 4.504 4.717 2.900 4.432 2.793 3.174 2.523 4.774 3.305 6.187 1.843 5.794 5.090 5.050 1.579 2.166 7.075 4.681 2.281 2.070 1.959 4.802 4.179 1.149 3.483 3.470 2.781 4.907 1.352 3.293 2.676 2.158 4.591 5.120 4.832 2.853 3.485 1.399 1.823 3.458 3.669 4.550 3.695 2.907 4.013 2.922 3.882 1.059 1.782 4.928 3.345 3.885 3.064 5.111 1.848 5.139 3.704 5.190 5.929 3.734 4.515 2.663 2.273 1.827 5.410 2.730 4.296 2.104 4.909 5.042 4.112 4.510 1.927 2.501 1.463 4.220 1.682 2.900 5.957 3.281 3.408 4.917 3.362 4.889 4.812 2.944 4.985 3.812 2.104 4.153 3.102 4.650 5.970 1.970 4.904 3.243 3.025 2.765 5.111 
3.412 5.749 8.242 4.768 2.828 5.933 7.230 4.698 5.871 5.019 1.486 3.629 1.492 10.006 10.093 5.312 7.099 12.138 6.597 2.828 3.943 6.886 7.888 1.826 4.000 5.475 2.601 6.041 1.163 3.717 8.156 7.233 3.277 8.538 8.877 9.223 6.732 5.805 4.985 3.266 2.558 7.157 7.622 1.422 7.770 5.627 3.587 8.585 5.877 3.362 9.360 8.045 6.499 2.848 10.167 6.747 9.968 5.341 7.390 9.021 7.564 6.730 5.809 3.723 4.700 8.241 2.409 6.968 5.137 6.415 10.082 1.614 3.443 6.309 7.474 6.494 6.300 3.836 2.170 8.457 7.458 1.773 9.750 2.874 5.084 9.223 6.262 9.948 1.343 5.776 2.965 5.357 5.835 1.033 4.020 6.888 5.537 7.867 5.112 4.260 
4.597 3.865 6.493 5.775 7.329 1.885 0.613 5.406 4.094 3.217 8.699 4.748 8.396 2.864 3.389 4.265 3.099 5.732 3.409 4.624 5.024 1.373 6.852 5.942 3.558 2.983 6.327 5.243 6.825 3.960 3.788 4.073 5.021 6.039 6.623 1.915 4.898 6.146 4.222 4.484 6.307 5.731 2.337 6.181 1.083 3.404 5.872 4.520 1.901 4.533 5.724 4.191 2.471 4.673 3.564 1.362 2.701 3.316 3.462 7.781 5.521 3.078 5.216 3.701 2.696 3.125 4.990 6.660 4.873 7.585 4.236 6.000 7.452 3.952 3.063 2.635 3.073 4.612 5.321 8.132 4.891 5.984 2.500 4.814 7.796 5.667 1.638 2.920 6.320 1.648 7.065 5.857 3.971 8.374 3.370 7.437 5.959 3.701 5.565 8.065 
0.623 1.981 7.853 5.233 5.220 2.205 3.652 4.913 2.182 1.086 5.412 3.474 5.290 6.842 7.236 4.534 5.222 9.525 2.713 2.175 4.027 4.117 7.843 2.185 2.302 1.542 4.257 5.735 3.077 2.528 6.336 5.862 3.439 7.780 8.297 5.625 5.993 6.155 4.227 2.703 4.210 6.759 3.705 3.252 4.745 1.733 4.506 6.994 3.280 2.912 8.096 6.476 2.573 1.158 7.374 3.967 6.685 1.421 3.494 9.010 6.896 2.808 5.558 1.004 1.546 4.306 2.170 7.186 4.841 7.408 7.713 2.340 5.642 5.114 5.485 4.459 2.377 3.530 2.591 8.884 6.473 3.282 6.486 1.061 6.780 7.985 2.529 6.872 3.393 2.368 5.093 5.679 2.103 4.961 1.233 7.594 5.864 6.098 5.316 6.499 
6.857 8.208 1.532 1.963 4.418 6.479 6.491 2.060 8.476 6.994 7.149 3.454 6.603 6.864 6.237 2.174 3.126 7.276 8.399 4.896 2.948 4.686 1.207 6.801 4.377 7.202 4.152 0.952 7.185 4.186 3.273 2.266 3.695 2.016 2.203 7.569 1.204 0.998 2.457 4.201 4.189 0.660 8.102 5.420 5.397 7.726 3.144 3.103 4.419 3.990 3.177 2.811 7.573 6.119 6.153 4.690 7.134 7.408 8.874 2.390 1.227 8.219 1.121 5.676 5.517 8.966 5.241 0.608 1.859 1.828 5.298 6.615 3.996 2.101 3.369 3.418 7.939 3.311 5.088 2.236 1.659 5.054 6.946 6.455 2.971 3.041 6.585 6.620 5.446 5.765 4.127 1.379 8.354 7.226 5.476 1.454 1.213 3.085 1.626 3.891 
9.980 11.405 2.607 4.768 6.584 9.648 9.527 5.012 11.673 10.191 9.329 6.489 8.771 9.223 8.376 5.371 5.948 8.622 11.583 7.946 5.942 7.662 2.183 9.731 7.550 10.397 6.729 4.148 9.969 7.326 5.609 4.975 6.663 3.269 2.784 10.325 4.181 3.737 5.643 7.270 6.778 3.328 11.199 8.163 8.226 10.922 5.850 5.072 7.550 7.053 4.310 5.105 10.739 9.201 8.227 7.695 9.575 10.605 12.031 1.436 3.520 11.391 4.301 8.840 8.714 12.054 8.240 2.659 5.003 2.894 7.086 9.516 6.004 5.172 6.066 6.429 11.124 6.380 8.016 0.962 4.161 7.819 9.423 9.536 4.401 4.246 9.734 8.939 8.152 8.928 6.375 4.230 11.551 9.551 8.656 2.420 4.036 5.550 4.578 5.441 
6.753 8.576 3.390 1.609 2.887 7.220 7.616 1.981 8.826 7.369 5.654 3.295 5.095 8.622 8.112 3.030 4.779 9.313 8.977 4.653 2.753 6.016 2.769 6.212 4.642 7.679 3.081 2.277 6.344 4.298 5.200 4.106 3.339 4.021 4.074 9.023 3.031 1.284 3.102 4.060 3.132 2.724 9.031 4.548 6.869 8.153 2.336 5.131 5.446 3.851 5.229 4.781 8.286 5.908 8.054 5.976 8.839 7.809 9.579 3.686 3.291 8.872 2.198 5.797 5.995 9.888 4.850 1.852 2.424 0.809 7.295 5.976 2.325 3.587 5.100 4.810 8.523 3.269 4.550 2.923 3.663 4.226 8.636 6.227 0.926 5.095 7.408 8.407 4.519 6.570 2.673 1.443 8.719 5.854 5.717 1.354 1.371 4.972 1.735 1.939 
2.679 4.606 5.703 2.615 2.783 3.730 4.701 2.346 4.837 3.452 4.149 0.874 3.776 7.094 7.094 2.446 4.062 9.097 5.152 0.589 1.417 3.947 5.529 2.513 1.119 3.833 1.752 3.451 3.057 0.731 5.138 4.280 0.740 5.834 6.263 6.592 3.970 3.622 2.098 0.223 1.718 4.575 5.617 1.651 4.873 4.238 1.802 5.614 2.955 0.357 6.489 5.068 4.647 1.854 7.155 3.818 7.107 3.889 5.851 6.714 4.867 5.126 3.236 1.795 2.344 6.403 0.926 4.743 2.487 4.760 7.038 2.360 3.078 3.367 4.434 3.451 4.727 1.017 0.908 6.418 4.629 1.367 6.886 2.184 4.079 6.358 4.012 7.007 1.767 3.293 2.578 3.129 4.742 3.926 1.828 5.012 3.323 4.852 2.782 3.881 
1.141 3.496 7.656 4.548 3.883 3.626 4.987 4.305 3.655 2.676 3.817 2.844 3.698 7.968 8.202 4.345 5.628 10.392 4.294 1.404 3.376 4.968 7.500 0.755 2.319 3.132 3.033 5.413 1.623 2.264 6.754 6.042 2.649 7.742 8.196 6.989 5.880 5.579 3.999 2.102 2.980 6.528 5.276 1.769 5.762 3.315 3.571 7.319 3.989 2.307 8.296 6.775 4.153 0.532 8.309 4.819 7.875 3.014 5.081 8.685 6.789 4.404 5.201 1.506 2.509 5.901 1.074 6.711 4.452 6.638 8.436 0.803 4.384 5.170 5.960 4.913 3.973 2.985 1.366 8.379 6.494 1.901 7.664 0.543 5.736 8.170 3.957 7.951 1.897 3.562 3.818 5.085 3.600 3.377 1.853 6.940 5.280 6.483 4.746 5.271 
4.012 4.227 5.157 4.087 5.743 2.184 2.020 3.718 4.495 3.179 7.381 3.152 7.020 3.855 3.952 2.589 1.917 6.132 4.138 3.340 3.371 0.719 5.411 5.018 2.175 3.181 4.772 3.631 5.835 2.514 2.940 2.792 3.457 4.836 5.410 3.529 3.408 4.493 2.534 3.030 4.757 4.262 3.614 4.857 1.629 3.713 4.228 3.651 0.292 3.032 4.831 3.187 3.223 3.780 4.048 0.579 3.865 3.478 4.479 6.435 4.153 3.891 3.580 2.826 1.955 4.474 3.764 5.100 3.192 5.936 4.230 5.008 5.819 2.420 2.082 1.215 3.700 2.995 4.018 6.658 3.571 4.605 3.644 4.015 6.108 4.741 2.191 3.782 4.985 1.483 5.465 4.183 4.364 7.121 2.465 5.829 4.293 2.743 3.883 6.399 
6.498 8.533 4.571 2.058 1.972 7.431 8.035 2.406 8.765 7.365 4.631 3.309 4.077 9.414 8.994 3.628 5.591 10.344 9.044 4.444 2.859 6.604 3.956 5.695 4.732 7.725 2.507 3.195 5.672 4.334 6.159 5.044 3.222 5.182 5.256 9.610 4.016 2.281 3.589 3.974 2.560 3.839 9.301 3.952 7.510 8.154 2.143 6.173 5.895 3.793 6.367 5.779 8.449 5.631 8.956 6.540 9.591 7.806 9.707 4.847 4.403 8.985 3.056 5.720 6.111 10.137 4.534 3.034 3.020 1.888 8.288 5.440 1.359 4.389 5.943 5.485 8.605 3.358 4.168 4.021 4.708 3.686 9.380 5.923 0.311 6.230 7.659 9.220 3.889 6.842 1.851 2.222 8.669 4.892 5.714 2.497 2.243 5.910 2.371 0.760 
3.513 4.319 4.880 3.183 4.694 2.545 2.888 2.806 4.591 3.137 6.382 2.103 6.002 4.868 4.871 1.828 2.146 6.942 4.455 2.411 2.351 1.724 4.998 4.248 1.245 3.287 3.721 3.011 5.006 1.517 3.276 2.751 2.406 4.714 5.255 4.557 3.025 3.746 1.670 2.014 3.707 3.856 4.277 3.873 2.665 3.821 3.200 3.899 0.784 1.997 4.982 3.371 3.639 3.088 4.941 1.604 4.902 3.522 4.944 6.109 3.887 4.277 2.905 2.239 1.674 5.140 2.854 4.526 2.372 5.176 4.936 4.198 4.785 2.068 2.454 1.404 3.996 1.950 3.057 6.173 3.402 3.600 4.680 3.371 5.175 4.871 2.682 4.774 3.995 1.845 4.419 3.372 4.464 6.148 1.912 5.156 3.510 3.019 3.040 5.394 
8.027 9.402 1.226 2.941 5.137 7.654 7.595 3.125 9.671 8.189 7.917 4.577 7.360 7.642 6.906 3.369 4.094 7.608 9.583 6.032 4.048 5.752 0.503 7.891 5.565 8.394 5.061 2.147 8.213 5.360 3.976 3.148 4.788 1.992 1.836 8.538 2.230 1.880 3.649 5.343 5.104 1.399 9.239 6.421 6.391 8.919 4.098 3.602 5.570 5.129 3.252 3.473 8.746 7.272 6.790 5.772 7.952 8.602 10.043 1.366 1.751 9.396 2.308 6.861 6.711 10.099 6.355 0.713 3.029 1.728 5.787 7.691 4.628 3.207 4.271 4.497 9.123 4.450 6.170 1.045 2.379 6.062 7.780 7.608 3.264 3.139 7.748 7.377 6.429 6.936 4.878 2.363 9.549 8.057 6.667 1.105 2.170 3.852 2.681 4.303 
3.789 6.142 7.279 3.791 1.741 5.947 7.114 3.768 6.303 5.240 1.619 2.912 1.235 9.640 9.620 4.533 6.456 11.556 6.914 2.545 3.113 6.492 6.886 2.409 3.633 5.689 1.601 5.128 2.065 3.274 7.458 6.471 2.548 7.624 7.930 9.064 5.867 4.801 4.230 2.763 1.566 6.219 7.750 1.005 7.416 5.934 2.619 7.824 5.498 2.794 8.516 7.296 6.666 3.044 9.672 6.364 9.649 5.616 7.691 8.000 6.658 6.994 4.897 3.727 4.609 8.445 2.232 5.952 4.272 5.339 9.468 2.146 2.355 5.554 6.842 5.923 6.565 3.121 1.853 7.401 6.611 1.185 9.428 3.186 3.994 8.377 6.263 9.551 0.859 5.661 1.876 4.373 6.247 1.511 3.954 5.827 4.546 7.168 4.159 3.185 
6.302 6.756 3.035 3.862 6.278 4.692 4.107 3.619 7.024 5.693 8.581 4.068 8.111 3.801 3.213 2.498 0.651 4.663 6.620 5.010 3.914 2.261 3.517 6.966 3.941 5.711 5.551 2.632 7.653 4.062 0.497 0.803 4.432 2.507 3.089 4.691 1.893 3.616 2.762 4.428 5.562 2.533 5.848 6.244 2.620 6.242 4.650 1.129 2.661 4.308 2.303 0.668 5.680 5.864 3.156 2.349 4.082 6.006 6.872 4.303 2.149 6.347 2.754 5.032 4.355 6.661 5.458 3.618 2.957 4.866 2.557 6.882 6.099 1.497 0.482 1.414 6.197 3.859 5.548 4.804 1.510 5.907 3.902 6.157 5.683 2.216 4.652 3.558 6.336 4.008 5.962 3.587 6.893 8.464 4.699 4.512 3.580 0.226 3.480 6.358 
1.811 4.128 7.164 3.939 3.171 3.982 5.251 3.725 4.304 3.202 3.376 2.311 3.176 8.060 8.204 3.916 5.407 10.323 4.878 1.008 2.808 4.972 6.961 1.048 2.138 3.652 2.320 4.908 1.638 1.955 6.515 5.716 2.063 7.306 7.732 7.242 5.442 4.987 3.569 1.650 2.268 6.037 5.737 1.091 5.828 3.900 2.908 7.032 3.966 1.829 7.945 6.485 4.640 1.010 8.292 4.828 8.006 3.579 5.654 8.142 6.339 4.956 4.688 1.756 2.720 6.413 0.564 6.138 3.944 5.985 8.312 0.889 3.668 4.815 5.761 4.734 4.526 2.477 0.693 7.784 6.097 1.188 7.790 1.197 5.035 7.815 4.308 8.016 1.228 3.795 3.102 4.495 4.240 2.999 2.040 6.314 4.690 6.234 4.169 4.556 
6.706 5.953 6.255 6.709 8.730 4.034 2.643 6.381 6.165 5.368 10.477 6.169 10.114 0.763 1.334 5.145 3.246 3.647 5.377 6.423 6.286 2.394 6.797 7.962 5.268 5.122 7.803 5.757 8.821 5.610 3.251 4.075 6.499 5.612 6.155 1.719 5.136 6.749 5.245 6.123 7.794 5.831 4.000 7.951 1.474 5.517 7.140 3.827 3.387 6.114 4.874 3.756 4.497 6.692 1.545 2.520 0.829 5.455 5.235 7.468 5.438 5.024 5.817 5.708 4.716 4.561 6.835 6.906 5.744 8.095 2.565 7.990 8.725 4.428 2.966 3.287 5.108 5.991 7.107 8.073 4.806 7.701 0.621 6.868 8.694 4.868 3.776 0.770 8.081 3.740 8.436 6.603 6.047 10.209 5.357 7.788 6.647 3.337 6.397 9.186 
3.720 1.568 9.222 7.566 8.224 1.984 2.481 7.196 1.621 2.144 8.609 6.010 8.493 5.480 6.270 6.354 5.924 8.575 0.638 5.097 6.486 4.212 9.449 5.333 4.588 1.700 7.207 7.536 6.190 4.985 6.791 6.847 6.122 8.886 9.465 3.649 7.444 8.256 6.163 5.385 7.167 8.297 0.999 6.410 4.177 1.511 7.184 7.528 4.071 5.545 8.738 7.138 0.892 4.347 6.474 4.122 5.148 1.786 0.417 10.498 8.217 0.397 7.433 3.753 3.209 1.159 5.240 9.047 6.868 9.666 7.295 5.517 8.559 6.451 5.991 5.275 0.827 5.973 5.665 10.669 7.636 6.387 5.020 4.260 9.419 8.667 1.883 5.646 6.555 2.692 8.047 7.852 1.565 8.146 3.655 9.680 8.004 6.659 7.501 9.354 
9.282 9.479 3.624 6.310 8.872 7.374 6.416 6.180 9.736 8.522 11.386 6.957 10.884 4.365 3.325 5.288 3.648 2.897 9.178 8.004 6.705 4.870 4.348 9.972 6.950 8.466 8.300 4.888 10.643 7.059 2.518 3.353 7.313 2.867 3.087 6.111 4.055 5.661 5.604 7.399 8.320 4.089 8.093 9.164 4.720 8.975 7.320 2.000 5.551 7.262 1.604 2.542 8.225 8.871 3.110 5.002 4.803 8.783 9.261 4.330 3.524 8.862 5.094 8.022 7.284 8.790 8.450 5.035 5.583 6.436 1.866 9.882 8.569 4.277 3.346 4.391 8.800 6.749 8.514 5.288 3.299 8.814 4.743 9.161 7.716 1.728 7.255 4.063 9.245 6.763 8.559 5.856 9.606 11.325 7.681 5.877 5.766 2.787 5.899 8.604 
2.266 4.623 7.776 4.418 3.115 4.746 6.060 4.259 4.764 3.838 2.655 2.952 2.551 8.912 9.057 4.620 6.218 11.167 5.445 1.824 3.386 5.826 7.514 0.809 2.981 4.295 2.484 5.523 0.876 2.767 7.314 6.475 2.648 7.975 8.371 8.058 6.121 5.479 4.276 2.399 2.431 6.657 6.434 1.010 6.680 4.469 3.290 7.807 4.820 2.548 8.678 7.260 5.314 1.658 9.144 5.682 8.853 4.173 6.235 8.684 7.000 5.563 5.296 2.548 3.537 7.063 1.375 6.648 4.570 6.332 9.147 0.544 3.686 5.561 6.579 5.562 5.132 3.141 1.295 8.244 6.805 1.326 8.637 1.699 5.208 8.546 5.076 8.869 1.071 4.611 3.132 4.997 4.719 2.223 2.858 6.723 5.189 7.031 4.699 4.571 
7.837 7.989 3.495 5.387 7.883 5.884 4.959 5.189 8.246 7.034 10.250 5.746 9.774 3.342 2.410 4.143 2.270 3.132 7.700 6.672 5.570 3.380 4.164 8.605 5.575 6.976 7.202 4.032 9.315 5.724 1.193 2.249 6.109 2.743 3.199 4.858 3.197 4.941 4.426 6.104 7.215 3.526 6.660 7.925 3.269 7.484 6.272 1.066 4.083 5.987 1.748 1.445 6.746 7.466 2.248 3.512 3.744 7.293 7.807 4.548 2.986 7.388 4.201 6.589 5.818 7.386 7.122 4.605 4.544 5.982 1.152 8.533 7.656 3.121 1.927 2.975 7.317 5.537 7.224 5.333 2.525 7.588 3.634 7.746 7.045 1.772 5.769 3.042 8.017 5.273 7.566 5.023 8.116 10.142 6.242 5.509 4.975 1.483 4.985 7.825 
8.700 9.451 1.447 4.659 7.199 7.424 6.860 4.635 9.722 8.335 9.879 5.752 9.344 5.818 4.896 4.096 3.328 5.091 9.368 7.042 5.365 5.024 2.160 9.042 6.183 8.401 6.813 3.275 9.578 6.158 2.499 2.509 6.071 0.800 0.854 7.187 2.583 3.806 4.443 6.364 6.843 2.224 8.603 7.917 5.294 8.938 5.794 1.791 5.328 6.184 0.752 2.098 8.435 8.116 4.728 5.111 6.207 8.680 9.635 2.137 1.744 9.103 3.505 7.425 6.918 9.404 7.456 2.958 4.166 4.322 3.542 8.901 6.804 3.270 3.244 4.046 8.938 5.562 7.414 3.058 1.924 7.551 6.082 8.438 5.725 0.715 7.403 5.521 7.970 6.723 6.900 4.118 9.591 9.905 7.133 3.730 3.982 2.584 4.265 6.691 
8.009 9.789 3.261 2.793 3.982 8.347 8.624 3.146 10.042 8.575 6.675 4.531 6.121 9.278 8.655 4.033 5.496 9.576 10.153 5.909 3.981 6.923 2.542 7.464 5.842 8.869 4.308 3.030 7.565 5.516 5.689 4.680 4.593 4.008 3.877 9.887 3.600 2.111 4.172 5.305 4.360 3.014 10.115 5.782 7.712 9.354 3.597 5.459 6.467 5.094 5.271 5.217 9.428 7.167 8.567 6.902 9.539 9.013 10.728 3.094 3.537 10.030 3.037 7.030 7.172 10.978 6.111 1.918 3.467 0.668 7.667 7.225 3.380 4.371 5.767 5.670 9.696 4.490 5.810 2.125 4.063 5.469 9.348 7.487 1.736 5.152 8.514 9.038 5.744 7.674 3.812 2.470 9.932 6.931 6.933 1.014 2.330 5.505 2.818 2.755 
0.617 1.873 8.609 5.870 5.574 2.786 4.247 5.569 1.988 1.485 5.365 4.103 5.325 7.504 7.948 5.275 6.014 10.255 2.760 2.707 4.660 4.875 8.576 2.057 3.039 1.876 4.672 6.462 2.868 3.218 7.127 6.649 4.018 8.554 9.066 6.169 6.754 6.829 4.959 3.316 4.621 7.507 4.014 3.484 5.461 1.835 5.053 7.786 4.063 3.532 8.886 7.267 2.889 1.485 8.094 4.727 7.320 1.628 3.554 9.748 7.661 2.948 6.278 1.739 2.328 4.492 2.584 7.889 5.548 8.033 8.475 2.278 6.048 5.890 6.274 5.251 2.535 4.182 2.972 9.586 7.250 3.593 7.129 1.217 7.300 8.775 3.090 7.551 3.613 3.071 5.486 6.345 1.954 4.872 2.009 8.254 6.534 6.889 5.985 6.926 
6.874 7.983 1.235 2.523 5.081 6.123 5.953 2.494 8.255 6.794 7.738 3.684 7.206 6.035 5.368 2.119 2.417 6.377 8.077 5.050 3.256 4.094 1.392 7.027 4.339 6.949 4.670 1.135 7.505 4.231 2.402 1.477 3.982 1.364 1.749 6.863 0.639 1.766 2.458 4.356 4.701 0.290 7.626 5.806 4.714 7.484 3.651 2.202 4.000 4.161 2.371 1.925 7.205 6.205 5.276 4.122 6.324 7.185 8.486 2.447 0.401 7.865 1.366 5.634 5.317 8.480 5.440 1.389 2.060 2.722 4.398 6.866 4.718 1.623 2.602 2.854 7.622 3.507 5.354 2.666 0.771 5.437 6.145 6.538 3.836 2.231 6.187 5.782 5.851 5.400 4.776 2.003 8.128 7.763 5.388 2.296 1.889 2.235 2.124 4.709 
8.246 8.902 1.710 4.520 7.087 6.856 6.250 4.447 9.172 7.806 9.705 5.445 9.182 5.214 4.313 3.762 2.764 4.691 8.791 6.672 5.101 4.428 2.427 8.675 5.755 7.853 6.618 3.098 9.251 5.764 1.879 2.019 5.780 0.935 1.302 6.559 2.321 3.771 4.105 6.010 6.644 2.175 7.993 7.640 4.671 8.389 5.608 1.163 4.783 5.841 0.357 1.504 7.852 7.699 4.153 4.520 5.596 8.139 9.039 2.649 1.624 8.519 3.321 6.968 6.411 8.789 7.098 3.087 3.917 4.487 3.003 8.547 6.735 2.857 2.649 3.501 8.365 5.248 7.087 3.486 1.585 7.277 5.467 8.016 5.789 0.222 6.824 4.919 7.703 6.163 6.780 4.018 9.041 9.697 6.663 3.932 3.906 1.982 4.114 6.706 
7.584 9.070 1.725 2.394 4.508 7.404 7.463 2.618 9.335 7.850 7.290 4.093 6.732 7.785 7.114 3.050 4.094 7.984 9.305 5.550 3.549 5.664 1.049 7.363 5.174 8.081 4.465 1.852 7.650 4.935 4.150 3.204 4.276 2.439 2.387 8.542 2.173 1.345 3.292 4.872 4.510 1.464 9.060 5.850 6.373 8.598 3.524 3.877 5.373 4.656 3.697 3.664 8.499 6.804 7.016 5.667 8.070 8.272 9.803 1.991 1.957 9.137 1.963 6.455 6.383 9.924 5.852 0.376 2.626 1.152 6.084 7.155 3.995 3.078 4.321 4.396 8.844 3.982 5.643 1.456 2.517 5.495 7.887 7.139 2.642 3.574 7.523 7.533 5.852 6.696 4.253 1.838 9.216 7.438 6.284 0.580 1.643 3.987 2.182 3.674 
6.888 5.966 6.750 7.167 9.138 4.144 2.701 6.834 6.163 5.476 10.811 6.564 10.463 0.634 1.557 5.599 3.734 3.747 5.327 6.740 6.705 2.769 7.295 8.204 5.600 5.196 8.196 6.242 9.076 5.958 3.746 4.572 6.886 6.102 6.642 1.391 5.630 7.232 5.686 6.477 8.185 6.329 3.876 8.281 1.822 5.555 7.562 4.312 3.735 6.479 5.339 4.252 4.488 6.932 1.784 2.883 0.422 5.524 5.113 7.959 5.937 4.969 6.297 5.951 4.949 4.359 7.140 7.403 6.203 8.585 2.923 8.246 9.151 4.908 3.460 3.740 5.094 6.391 7.431 8.571 5.305 8.044 0.209 7.090 9.161 5.338 3.862 0.830 8.414 3.931 8.848 7.076 6.051 10.526 5.607 8.283 7.124 3.835 6.863 9.632 
1.587 2.855 6.635 4.146 4.576 2.006 3.225 3.805 3.105 1.655 5.390 2.441 5.147 6.132 6.385 3.327 4.066 8.608 3.333 1.468 2.969 3.165 6.639 2.589 1.120 2.012 3.553 4.538 3.453 1.424 5.191 4.660 2.495 6.562 7.078 5.217 4.774 5.014 3.030 1.745 3.514 5.546 3.852 2.939 3.929 2.445 3.573 5.826 2.225 1.923 6.905 5.299 2.836 1.322 6.499 3.014 6.042 2.097 4.025 7.801 5.676 3.300 4.369 0.344 0.694 4.607 1.712 6.008 3.668 6.319 6.704 2.624 4.902 3.896 4.352 3.310 2.903 2.453 2.109 7.705 5.256 2.831 5.830 1.534 5.843 6.791 2.319 6.116 3.086 1.769 4.391 4.550 2.997 5.026 0.017 6.461 4.729 4.941 4.185 5.705 
8.573 8.746 3.496 5.838 8.377 6.641 5.694 5.676 9.003 7.791 10.826 6.355 10.335 3.814 2.803 4.710 2.962 2.907 8.449 7.348 6.137 4.137 4.206 9.301 6.273 7.733 7.753 4.436 9.991 6.400 1.841 2.774 6.715 2.720 3.067 5.473 3.593 5.279 5.012 6.759 7.770 3.762 7.381 8.553 4.000 8.242 6.794 1.437 4.830 6.631 1.516 1.947 7.495 8.181 2.605 4.270 4.240 8.051 8.541 4.389 3.197 8.134 4.627 7.318 6.564 8.091 7.796 4.784 5.054 6.185 1.355 9.219 8.109 3.687 2.642 3.691 8.069 6.146 7.878 5.271 2.860 8.208 4.159 8.466 7.368 1.597 6.523 3.510 8.639 6.031 8.062 5.423 8.873 10.742 6.975 5.664 5.351 2.121 5.429 8.208 
