25 50 150
90 36 197 161 141 148 197 218 76 91 209 84 120 109 128 160 65 196 34 67 106 116 75 144 187 
58 140 101 30 234 198 190 325 60 85 380 378 75 292 240 51 79 115 205 122 181 26 41 335 66 334 239 274 242 305 42 262 63 322 351 280 143 120 74 95 126 280 86 297 297 208 338 229 210 231 
27 22 35 26 8 22 30 22 35 14 5 15 23 29 25 24 17 7 35 26 15 28 15 17 27 34 5 35 19 6 6 32 17 35 30 10 20 32 20 25 20 34 11 11 20 26 19 22 17 11 28 15 32 22 18 32 33 30 35 27 31 27 12 29 27 14 33 27 22 32 21 26 25 5 8 17 29 29 25 12 33 20 26 32 5 8 25 16 24 8 17 15 17 17 26 32 31 17 28 19 17 30 14 20 5 11 33 33 6 27 8 29 23 30 21 5 18 18 28 19 13 16 12 7 20 21 33 31 31 8 15 6 22 6 6 13 29 14 10 25 17 6 20 34 17 31 8 32 11 29 
551.464 825.840 756.151 402.060 1068.043 985.275 989.775 1254.721 608.377 619.997 1382.185 1352.155 629.270 1178.135 1159.704 519.749 672.248 774.362 1004.752 732.284 972.124 409.289 442.479 1306.622 562.863 1286.678 1049.435 1140.766 1095.798 1233.397 448.268 1157.709 545.266 1226.584 1391.730 1202.603 789.386 809.603 620.709 753.033 791.970 1229.841 674.298 1180.537 1235.212 1018.400 1305.693 1043.386 1049.175 1049.560 
5.771 5.964 2.369 6.248 3.857 4.269 4.338 8.671 8.547 4.718 4.942 6.491 6.501 1.723 3.532 3.048 4.907 3.397 7.956 9.760 3.875 6.854 4.815 2.482 4.615 1.998 1.011 5.348 8.034 3.020 6.780 9.063 8.826 7.278 2.315 8.247 1.434 1.505 6.579 2.725 9.862 10.812 7.684 5.989 3.423 3.596 6.712 7.911 4.902 7.038 
5.240 4.961 1.761 5.753 3.036 4.525 4.383 7.512 7.535 3.481 3.831 5.931 5.891 0.489 3.472 1.794 4.708 2.148 6.707 8.549 3.226 6.527 3.573 1.951 4.050 1.426 2.066 4.096 6.829 1.770 5.536 7.827 7.596 6.244 3.512 7.631 1.331 2.204 5.632 2.366 8.772 9.666 7.486 5.957 2.703 3.432 5.467 6.801 3.893 5.784 
6.715 4.213 7.437 6.922 7.758 9.566 8.854 1.342 3.239 4.624 4.543 6.595 6.311 7.692 8.363 6.407 8.083 6.148 3.076 0.481 6.647 7.945 4.549 8.519 6.694 7.681 9.819 4.153 1.291 6.344 3.757 0.709 0.652 3.306 11.599 6.566 8.364 10.118 7.215 7.702 2.481 2.226 8.977 9.106 8.097 8.071 2.757 2.311 4.912 2.944 
6.358 4.114 4.758 6.826 3.295 7.801 7.287 4.585 5.718 1.773 3.039 6.722 6.505 4.001 6.458 2.714 6.969 2.343 2.258 4.960 4.962 7.945 1.644 4.251 5.563 4.800 6.521 1.125 3.544 2.835 1.065 3.971 3.854 4.638 7.818 7.775 5.325 6.107 3.215 5.346 6.202 6.574 9.110 8.322 3.674 6.230 1.850 4.467 3.704 1.584 
6.112 3.794 7.289 6.259 8.185 9.131 8.400 0.682 2.329 4.783 4.410 5.906 5.623 7.790 7.998 6.568 7.565 6.355 3.926 0.983 6.323 7.225 4.734 8.800 6.249 7.569 9.739 4.457 1.464 6.462 4.427 1.679 1.507 2.676 11.632 5.697 8.261 10.259 7.930 7.467 1.490 1.593 8.208 8.491 8.479 7.704 3.163 1.682 4.651 3.572 
7.528 5.155 5.988 7.979 3.813 9.047 8.533 4.967 6.399 3.001 4.203 7.849 7.618 5.088 7.705 3.864 8.202 3.486 1.627 4.960 6.201 9.108 2.868 5.024 6.782 6.013 7.637 2.289 3.885 4.019 0.843 3.885 3.866 5.466 8.771 8.781 6.509 6.991 2.700 6.587 6.598 6.727 10.274 9.548 4.274 7.478 2.402 5.095 4.875 1.698 
5.838 3.190 5.867 6.160 5.977 8.312 7.643 1.930 3.493 2.869 3.060 5.906 5.633 5.936 7.031 4.632 6.996 4.358 2.030 2.286 5.306 7.270 2.782 6.714 5.534 6.073 8.160 2.351 0.848 4.588 2.203 1.481 1.250 2.851 9.859 6.361 6.738 8.336 5.702 6.222 3.564 3.832 8.392 8.171 6.302 6.749 0.952 2.190 3.572 1.341 
6.674 6.251 3.188 7.186 2.433 5.707 5.671 8.568 8.790 4.390 5.031 7.365 7.322 1.515 4.792 2.601 6.088 2.839 7.178 9.462 4.660 7.944 4.450 0.980 5.484 2.840 2.554 4.850 7.779 2.726 5.982 8.638 8.440 7.490 2.968 9.059 2.579 1.183 5.182 3.760 9.931 10.730 8.877 7.289 1.955 4.789 6.261 7.951 5.197 6.408 
10.173 7.965 8.002 10.655 4.225 11.174 10.774 7.766 9.284 5.559 6.881 10.569 10.358 6.569 9.877 5.706 10.618 5.369 4.033 7.493 8.599 11.762 5.443 5.685 9.290 7.912 9.006 4.983 6.694 5.954 3.726 6.414 6.479 8.356 9.513 11.620 8.232 7.672 1.488 8.678 9.375 9.328 12.921 11.992 4.715 9.696 5.295 7.975 7.536 4.549 
5.502 4.518 2.428 6.032 2.060 5.554 5.265 6.638 6.977 2.448 3.222 6.122 6.018 0.901 4.338 0.676 5.361 0.897 5.389 7.517 3.523 6.964 2.504 1.699 4.360 2.252 3.454 2.918 5.834 0.874 4.203 6.706 6.502 5.680 4.701 7.687 2.514 3.083 4.382 3.127 8.037 8.798 8.026 6.704 1.929 4.216 4.327 6.061 3.517 4.531 
1.984 2.992 5.327 1.668 8.920 5.152 4.449 4.773 3.009 5.544 4.196 1.290 1.187 6.954 4.623 6.462 3.450 6.552 7.733 6.263 3.807 2.137 5.632 8.647 3.058 5.701 7.507 5.991 5.287 6.188 7.371 6.528 6.222 2.947 9.698 0.684 6.239 9.094 10.221 4.965 4.528 5.852 2.947 3.725 8.918 4.400 5.870 3.839 3.638 6.718 
6.124 6.577 2.898 6.571 4.523 4.190 4.392 9.365 9.150 5.474 5.622 6.848 6.887 2.503 3.690 3.825 5.088 4.177 8.735 10.489 4.340 7.068 5.574 3.095 5.013 2.548 0.668 6.117 8.761 3.788 7.560 9.813 9.571 7.900 1.675 8.617 1.888 1.593 7.266 3.108 10.510 11.493 7.809 6.041 4.064 3.813 7.471 8.576 5.528 7.813 
2.691 4.850 3.082 2.861 7.521 0.628 0.253 7.926 6.815 5.810 4.889 3.259 3.452 4.876 1.170 5.347 1.103 5.664 9.237 9.395 2.635 2.824 5.947 6.552 2.370 3.277 3.869 6.573 7.851 5.083 8.340 9.170 8.861 5.937 5.892 4.851 3.305 5.996 9.816 2.383 8.420 9.678 3.328 1.511 7.263 1.330 7.384 6.912 4.307 8.104 
9.350 7.018 7.499 9.812 4.274 10.640 10.181 6.612 8.179 4.761 6.026 9.695 9.470 6.276 9.313 5.237 9.931 4.872 2.856 6.313 7.912 10.935 4.634 5.704 8.546 7.460 8.801 4.104 5.547 5.451 2.653 5.233 5.302 7.305 9.575 10.646 7.863 7.732 1.906 8.145 8.212 8.148 12.101 11.294 4.782 9.108 4.221 6.867 6.695 3.438 
1.019 1.765 3.751 1.243 7.314 4.232 3.486 4.458 3.178 4.072 2.723 1.011 0.768 5.326 3.378 4.845 2.548 4.954 6.708 5.975 2.239 2.355 4.175 7.014 1.604 4.126 6.045 4.614 4.637 4.568 6.158 5.965 5.648 2.424 8.225 2.295 4.703 7.510 8.756 3.466 4.787 6.060 3.497 3.402 7.297 3.112 4.776 3.431 2.100 5.616 
5.988 4.137 3.817 6.493 2.333 6.958 6.516 5.358 6.177 1.527 2.857 6.460 6.280 2.826 5.637 1.601 6.339 1.224 3.467 5.959 4.322 7.567 1.463 3.088 5.035 3.796 5.369 1.427 4.398 1.783 2.273 5.036 4.879 4.967 6.611 7.736 4.255 4.902 3.236 4.462 6.913 7.452 8.712 7.714 2.625 5.440 2.728 5.033 3.443 2.712 
7.552 6.413 4.347 8.082 0.557 7.308 7.128 8.085 8.735 4.000 5.080 8.172 8.064 2.483 6.204 2.586 7.336 2.555 5.895 8.693 5.564 9.002 3.998 0.996 6.404 4.093 4.477 4.149 7.142 2.857 4.743 7.741 7.602 7.465 4.797 9.717 4.116 2.953 3.235 5.030 9.609 10.193 10.047 8.649 0.131 6.125 5.471 7.682 5.476 5.364 
6.066 3.418 5.988 6.396 5.905 8.491 7.830 2.131 3.741 2.927 3.220 6.147 5.875 5.979 7.201 4.663 7.200 4.375 1.777 2.333 5.479 7.508 2.830 6.692 5.733 6.181 8.247 2.355 1.053 4.635 2.019 1.434 1.248 3.108 9.907 6.617 6.838 8.355 5.524 6.364 3.757 3.956 8.634 8.389 6.246 6.920 0.945 2.441 3.755 1.160 
2.316 4.115 2.248 2.636 6.709 1.262 0.642 7.223 6.257 4.919 4.035 2.991 3.122 4.095 0.432 4.478 0.972 4.787 8.364 8.664 1.766 2.956 5.056 5.816 1.656 2.485 3.479 5.684 7.076 4.208 7.452 8.382 8.077 5.281 5.620 4.715 2.633 5.468 8.947 1.552 7.839 9.061 3.721 2.089 6.477 0.458 6.528 6.226 3.480 7.234 
6.790 4.424 7.836 6.944 8.425 9.778 9.051 1.324 2.996 5.175 4.940 6.593 6.310 8.225 8.624 6.966 8.229 6.727 3.802 0.396 6.933 7.913 5.111 9.134 6.895 8.101 10.261 4.764 1.782 6.882 4.476 1.419 1.379 3.351 12.104 6.368 8.791 10.675 7.943 8.048 1.931 1.498 8.895 9.172 8.749 8.330 3.396 2.348 5.233 3.653 
3.800 1.315 3.720 4.205 5.175 6.053 5.392 2.972 3.267 1.482 0.826 4.035 3.793 4.217 4.771 3.095 4.791 2.970 3.747 4.142 3.045 5.341 1.514 5.439 3.317 3.973 6.131 1.713 2.427 2.935 3.132 3.651 3.362 2.011 8.013 4.968 4.662 6.697 5.977 4.001 4.272 5.122 6.501 6.030 5.338 4.488 1.815 2.293 1.318 2.624 
2.916 2.316 5.602 2.845 8.509 6.220 5.480 3.251 1.450 4.889 3.652 2.442 2.195 6.939 5.418 6.172 4.504 6.172 6.483 4.718 4.157 3.614 4.946 8.495 3.628 5.969 8.001 5.162 3.874 5.931 6.294 5.051 4.754 1.649 10.156 1.975 6.598 9.282 9.420 5.424 3.001 4.325 4.502 5.085 8.596 5.151 4.734 2.379 3.288 5.556 
2.130 4.233 2.749 2.361 7.211 1.189 0.443 7.308 6.217 5.278 4.307 2.744 2.914 4.608 0.940 4.946 0.584 5.244 8.668 8.777 2.079 2.522 5.415 6.334 1.754 2.998 3.944 6.033 7.236 4.672 7.797 8.557 8.247 5.322 6.056 4.408 3.151 5.971 9.411 2.058 7.818 9.069 3.223 1.570 6.986 0.963 6.800 6.295 3.711 7.533 
6.186 4.060 4.408 6.668 2.958 7.485 6.992 4.812 5.831 1.572 2.901 6.587 6.382 3.591 6.146 2.314 6.717 1.940 2.673 5.280 4.699 7.776 1.455 3.855 5.338 4.433 6.118 1.074 3.799 2.448 1.480 4.317 4.182 4.697 7.404 7.719 4.942 5.695 3.193 5.013 6.411 6.848 8.936 8.079 3.313 5.927 2.099 4.614 3.550 1.951 
3.828 5.630 2.942 4.075 7.100 0.739 1.302 8.744 7.823 6.057 5.380 4.458 4.622 4.441 1.429 5.211 2.294 5.567 9.583 10.159 3.149 4.114 6.193 5.954 3.209 2.990 2.851 6.833 8.533 4.985 8.584 9.817 9.517 6.830 4.716 6.109 2.746 5.065 9.593 2.340 9.402 10.617 4.567 2.719 6.771 1.722 7.832 7.760 4.896 8.474 
3.639 6.727 4.123 6.427 5.091 5.258 6.974 8.212 2.353 1.871 6.745 6.126 3.638 2.057 8.394 4.520 4.756 5.653 3.178 1.851 7.041 1.040 7.005 6.735 7.945 2.539 8.103 8.545 1.798 7.145 3.691 0.803 6.366 5.513 5.747 6.887 4.191 6.882 6.494 1.679 7.670 5.524 6.231 9.097 8.715 8.440 6.088 2.812 8.144 9.308 5.478 8.438 9.273 7.366 1.944 4.202 4.001 7.497 2.286 2.726 5.545 7.512 3.902 3.764 6.349 3.007 1.359 4.845 7.196 4.688 0.344 1.519 7.520 3.863 4.978 5.956 1.924 4.748 6.290 5.883 3.075 1.560 3.331 7.148 3.871 5.880 5.889 4.813 7.573 7.850 5.694 9.219 1.975 5.919 7.581 4.734 5.093 4.787 7.418 7.549 2.959 7.139 4.376 2.898 1.748 7.015 2.925 7.525 3.744 2.764 6.365 3.298 6.663 4.732 7.603 7.620 2.864 6.054 5.495 8.207 3.162 7.497 5.428 6.110 7.394 7.000 6.205 2.363 6.919 1.057 2.552 6.041 2.343 4.721 1.054 6.163 6.547 3.641 2.357 1.174 2.211 1.844 2.952 4.938 6.550 5.447 3.458 7.190 7.535 6.999 
2.492 4.921 2.216 7.274 5.700 3.707 4.576 5.908 1.739 2.438 4.123 4.767 4.920 2.121 6.524 5.796 2.380 5.118 3.590 4.321 6.991 1.774 4.408 6.580 5.686 4.028 5.732 6.353 2.822 4.735 4.542 1.973 7.037 4.162 5.541 4.284 1.574 4.945 7.299 4.320 5.958 3.273 6.047 6.747 6.696 6.128 6.888 5.219 5.660 7.142 3.613 6.088 7.266 6.215 4.447 1.755 2.905 5.502 4.650 2.914 2.955 8.215 4.937 1.426 4.328 0.868 3.252 3.499 5.072 3.263 2.740 3.083 6.418 5.244 3.600 6.622 2.179 2.181 4.182 3.494 2.678 3.638 2.548 7.738 1.384 5.891 5.276 3.544 5.425 6.813 3.322 6.942 3.969 3.865 5.137 2.814 2.475 3.325 6.398 5.060 3.957 7.584 5.139 5.308 4.320 4.903 5.032 5.625 3.186 3.087 4.392 5.199 5.706 3.313 6.891 7.985 2.752 4.845 2.943 6.237 2.200 5.504 5.443 3.756 5.778 5.510 7.093 2.464 6.869 3.240 4.700 5.996 4.223 6.022 1.694 4.988 5.534 2.723 0.543 1.729 0.887 4.478 5.149 6.275 7.447 4.809 2.820 7.480 5.529 4.949 
6.045 4.325 2.887 3.585 2.001 2.905 7.940 6.420 1.968 5.001 6.226 3.296 1.809 1.736 5.848 2.438 3.951 2.239 0.362 3.497 3.575 3.796 6.290 3.246 6.091 1.786 6.478 6.490 1.707 8.074 1.105 2.983 3.336 2.823 2.250 7.216 4.866 4.640 3.605 4.148 5.003 4.169 2.735 7.314 6.351 6.638 3.198 5.963 6.823 7.130 3.487 6.723 6.840 4.183 5.089 5.305 6.469 5.242 3.395 5.821 5.088 4.516 1.550 5.081 4.352 4.559 4.855 7.157 5.201 2.422 3.203 4.975 4.292 2.133 7.267 2.922 4.897 4.439 4.454 6.938 1.077 5.042 5.955 4.047 3.752 2.411 2.495 2.284 5.562 4.559 6.797 7.263 2.522 7.509 6.219 3.145 4.900 2.519 4.142 6.323 1.094 3.921 1.509 6.035 3.790 5.032 3.081 5.125 6.545 5.926 4.288 2.824 3.403 2.434 4.170 4.353 0.948 3.083 4.897 5.822 1.710 5.239 1.950 4.805 4.649 4.166 3.416 5.356 3.452 4.547 5.942 2.562 5.827 2.649 2.980 3.141 3.338 6.206 3.171 3.918 4.168 4.625 3.310 2.897 3.765 2.109 1.182 3.871 5.291 4.913 
3.611 7.237 4.608 6.820 5.533 5.776 7.138 8.677 2.870 1.702 7.111 6.652 4.013 2.586 8.905 4.872 5.193 6.174 3.675 1.896 7.527 1.245 7.388 7.231 8.416 2.921 8.556 9.026 2.297 7.312 4.131 1.298 6.784 6.038 6.252 7.147 4.483 7.384 6.892 1.495 8.188 5.986 6.732 9.556 9.215 8.904 6.491 2.321 8.571 9.794 5.979 8.896 9.775 7.895 1.480 4.428 3.938 7.996 2.376 2.506 5.929 7.915 4.311 3.975 6.842 3.225 0.891 4.793 7.682 5.207 0.801 1.125 8.050 4.211 4.928 6.380 1.829 5.139 6.774 6.057 3.604 1.040 3.254 7.569 4.277 6.370 6.412 5.338 8.057 8.378 5.864 9.691 2.262 5.996 8.018 5.225 5.461 5.305 7.947 7.973 3.404 7.578 4.812 2.408 1.698 7.501 3.104 8.032 3.590 2.510 6.862 3.534 7.192 5.252 8.125 8.064 3.391 6.582 5.894 8.710 3.684 7.996 5.921 6.560 7.916 7.525 6.594 2.213 7.406 0.546 2.024 6.534 1.825 5.064 1.521 6.692 7.076 3.566 2.765 1.339 2.424 1.516 3.092 5.269 6.934 5.971 3.988 7.645 8.033 7.491 
8.578 1.765 3.995 5.644 4.725 2.487 8.405 3.629 5.223 8.436 5.452 1.438 5.947 5.461 1.945 6.089 4.370 2.447 4.817 7.940 3.463 7.352 5.215 3.115 3.339 6.242 3.938 3.232 5.943 8.459 5.208 6.787 5.153 2.061 3.010 7.133 6.246 2.098 5.558 8.534 1.219 3.629 3.007 4.240 2.614 3.749 5.394 10.243 4.625 3.497 2.748 3.943 2.885 0.507 9.352 6.876 8.955 2.202 7.858 9.066 5.039 5.755 5.509 6.967 2.568 6.916 8.765 9.325 2.698 2.961 7.307 8.766 0.656 6.174 9.386 5.010 8.227 5.038 2.859 7.805 4.458 9.050 8.717 5.252 5.138 3.453 2.204 2.746 2.800 0.982 7.765 3.938 6.978 8.806 4.215 3.462 5.303 2.885 0.880 4.481 5.531 4.845 5.012 10.323 8.212 2.674 7.491 1.860 9.353 9.226 2.422 7.146 1.207 2.911 1.806 4.848 4.710 1.464 4.796 2.227 4.401 2.196 3.502 3.774 0.931 0.777 5.666 8.596 3.430 8.546 10.069 3.325 9.809 6.202 6.636 1.362 1.180 8.851 5.919 7.414 7.041 8.979 7.726 6.358 5.832 2.417 4.064 4.440 2.243 2.451 
6.925 7.496 5.677 3.944 3.271 6.051 9.935 9.541 3.987 5.157 8.940 6.453 1.608 3.457 9.013 1.973 6.663 5.109 2.875 1.672 5.530 4.266 9.088 5.420 9.219 1.522 9.566 9.649 2.614 10.096 2.312 3.540 4.105 5.996 4.762 9.558 6.896 7.802 4.049 2.430 8.160 7.112 5.075 10.443 9.523 9.764 3.725 4.192 9.841 10.300 6.583 9.834 10.009 7.169 3.568 7.107 7.299 8.410 1.188 5.989 7.724 5.035 2.076 6.730 7.475 6.008 4.281 8.135 8.339 5.530 3.001 4.583 7.235 1.489 8.267 3.793 5.229 6.961 7.546 8.848 3.795 4.203 6.634 4.848 6.110 4.578 5.369 5.437 8.708 7.425 8.671 10.417 1.411 9.073 9.236 6.102 7.400 5.633 7.046 9.302 2.090 5.010 2.667 4.229 1.998 8.166 0.385 8.297 7.044 5.999 7.424 0.375 6.366 5.551 6.809 5.510 3.483 6.216 7.584 8.995 4.359 8.407 4.269 7.761 7.799 7.306 3.714 5.659 5.432 3.900 4.595 4.764 4.830 2.063 3.772 6.256 6.346 6.943 4.868 4.415 5.292 2.902 0.465 2.166 3.990 5.100 4.123 5.236 8.458 8.061 
6.180 7.102 5.107 4.329 3.397 5.623 9.212 9.066 3.347 4.429 8.315 6.129 1.656 2.814 8.670 2.308 6.058 4.945 2.501 1.085 5.639 3.521 8.481 5.471 8.751 1.057 9.067 9.216 1.960 9.374 2.198 2.797 4.415 5.628 4.701 8.869 6.190 7.384 4.423 1.892 7.833 6.564 5.072 9.972 9.148 9.291 4.061 3.757 9.303 9.895 6.109 9.349 9.652 6.976 3.041 6.383 6.556 8.001 0.696 5.269 7.092 5.438 2.104 5.999 7.013 5.272 3.603 7.391 7.886 5.078 2.259 3.891 7.063 1.692 7.522 4.060 4.493 6.317 7.062 8.122 3.285 3.560 5.893 5.187 5.452 4.599 5.208 5.024 8.260 7.289 7.944 9.973 0.675 8.331 8.700 5.571 6.747 5.184 6.891 8.750 1.754 5.296 2.712 3.806 1.443 7.709 0.389 7.915 6.312 5.286 6.973 0.758 6.180 5.104 6.753 5.799 2.968 5.921 6.964 8.618 3.800 7.999 4.237 7.211 7.484 7.003 4.096 4.928 5.532 3.221 4.061 4.785 4.231 2.456 3.033 5.977 6.136 6.202 4.161 3.669 4.549 2.399 0.539 2.617 4.404 4.888 3.645 5.472 8.048 7.619 
2.577 6.004 4.151 10.189 8.596 5.460 1.501 5.760 4.755 4.291 3.022 6.473 8.006 5.203 7.198 8.863 3.375 7.487 6.578 7.289 9.492 4.441 3.431 9.046 5.702 7.142 5.423 6.409 5.936 1.672 7.567 4.966 9.895 6.013 8.070 1.869 1.758 5.806 10.198 7.120 6.979 4.066 8.541 6.324 7.069 5.916 9.800 7.481 4.967 7.141 4.981 5.773 7.583 7.902 6.905 1.360 2.616 6.134 7.668 4.075 2.715 11.044 7.984 1.734 5.202 2.481 5.500 2.306 5.542 5.290 5.662 5.195 8.128 8.336 2.279 9.496 4.034 2.684 4.932 0.414 5.541 5.884 3.028 10.535 2.962 8.510 7.568 5.636 5.759 8.543 0.221 6.695 7.055 1.118 4.713 4.425 2.388 5.295 8.196 4.482 7.034 10.320 8.113 7.563 7.221 5.438 8.119 6.403 3.348 4.247 5.333 8.309 7.655 5.331 8.917 10.665 5.700 6.694 2.937 6.777 4.934 6.138 8.103 4.069 6.967 6.916 10.029 3.921 9.379 5.668 6.769 8.576 6.162 9.089 4.710 6.844 7.456 2.856 3.640 4.322 3.264 7.144 8.221 9.344 10.374 7.149 5.544 10.144 6.135 5.600 
0.684 6.921 4.496 9.805 8.249 5.993 3.220 7.209 4.293 2.609 4.664 7.068 7.300 4.595 8.348 8.202 4.127 7.659 6.119 6.011 9.565 3.147 5.061 9.149 7.085 6.296 6.920 7.800 5.137 3.395 7.024 3.885 9.592 6.508 8.115 3.781 2.257 6.824 9.837 5.681 7.958 5.007 8.618 7.889 8.348 7.394 9.423 5.736 6.581 8.573 5.702 7.284 8.898 8.540 5.264 1.648 0.715 7.272 6.449 2.213 3.961 10.774 7.388 1.469 6.185 1.715 3.844 0.924 6.728 5.651 4.428 3.508 8.756 7.601 1.017 9.174 2.398 3.544 5.959 2.286 5.258 4.200 1.145 10.306 3.300 8.473 7.800 5.968 7.013 9.165 2.105 8.207 6.005 1.846 6.222 4.977 3.482 5.691 8.771 6.035 6.379 10.162 7.654 5.813 5.870 6.591 7.035 7.482 1.434 2.372 6.290 7.330 8.126 5.699 9.353 10.568 5.314 7.209 4.111 7.976 4.776 7.274 8.026 5.234 7.860 7.693 9.616 2.158 9.445 4.082 4.982 8.576 4.360 8.425 3.689 7.358 7.942 0.937 3.094 3.002 2.179 5.607 7.091 8.671 9.971 7.339 5.400 10.064 7.284 6.707 
4.896 2.310 0.494 6.452 4.914 1.278 5.218 3.621 2.359 5.009 3.024 2.338 4.994 2.844 3.927 5.651 0.873 3.348 3.377 5.739 5.364 4.100 3.073 4.911 3.340 4.588 3.558 3.931 3.655 5.318 4.322 3.812 6.076 1.824 3.997 4.224 2.594 2.352 6.433 6.063 3.349 1.005 4.431 4.521 4.152 3.851 6.075 7.417 3.745 4.697 1.005 3.870 4.719 3.807 6.558 3.216 5.266 2.937 5.878 5.525 1.968 7.146 4.768 3.276 1.763 3.250 5.619 5.639 2.585 1.130 4.529 5.528 4.026 5.329 5.704 5.718 4.765 1.542 1.677 4.399 2.325 5.969 5.061 6.611 1.444 4.484 3.398 1.474 2.960 4.439 4.316 4.612 4.991 5.279 3.143 0.235 1.948 1.114 4.060 3.193 4.108 6.337 4.646 7.505 5.888 2.405 5.901 3.029 5.692 5.698 1.805 5.816 3.470 1.163 4.730 6.624 2.630 2.517 1.744 3.667 1.758 2.938 4.133 1.653 3.183 2.962 6.337 5.074 5.257 5.500 7.043 4.517 6.652 5.858 3.576 2.668 3.275 5.176 2.480 4.117 3.495 6.384 6.094 6.102 6.653 3.009 2.055 6.103 2.970 2.407 
3.781 3.638 0.904 6.448 4.856 2.372 5.041 4.890 1.303 3.669 3.667 3.431 4.459 1.836 5.274 5.251 1.463 3.904 2.911 4.639 5.852 2.749 3.849 5.422 4.630 3.799 4.777 5.252 2.689 5.176 3.916 2.528 6.149 2.829 4.405 4.372 1.988 3.704 6.455 4.861 4.663 2.199 4.898 5.772 5.504 5.117 6.060 6.106 4.845 6.029 2.328 5.112 6.072 4.882 5.261 2.493 4.181 4.291 4.851 4.227 2.442 7.299 4.353 2.375 3.115 2.108 4.272 4.688 3.921 1.933 3.282 4.175 5.087 4.800 4.773 5.750 3.433 1.675 3.013 4.051 1.825 4.627 3.875 6.792 0.867 4.809 4.037 2.227 4.291 5.485 3.917 5.905 4.019 4.705 4.270 1.527 2.120 1.991 5.074 4.257 3.493 6.589 4.407 6.194 4.740 3.744 5.021 4.378 4.513 4.394 3.158 5.045 4.394 1.983 5.601 6.952 2.032 3.516 2.321 5.021 1.194 4.291 4.385 2.787 4.464 4.180 6.293 3.765 5.734 4.166 5.703 4.891 5.301 5.474 2.274 3.660 4.217 4.032 1.128 2.764 2.192 5.138 5.187 5.728 6.636 3.580 1.797 6.435 4.323 3.757 
3.213 7.218 4.542 7.141 5.815 5.782 6.791 8.565 2.892 1.295 6.891 6.698 4.343 2.678 8.883 5.216 5.053 6.326 3.889 2.303 7.756 1.000 7.182 7.444 8.314 3.246 8.427 8.941 2.511 6.966 4.415 1.323 7.087 6.077 6.448 6.849 4.215 7.342 7.210 1.880 8.191 5.877 6.936 9.434 9.166 8.791 6.805 2.450 8.410 9.716 5.939 8.772 9.730 7.982 1.681 4.118 3.535 7.948 2.781 2.105 5.729 8.230 4.620 3.660 6.782 2.921 0.665 4.390 7.606 5.223 1.060 0.795 8.145 4.556 4.525 6.678 1.427 4.949 6.698 5.716 3.706 0.953 2.850 7.870 4.107 6.594 6.558 5.378 7.978 8.485 5.522 9.587 2.628 5.619 7.868 5.167 5.248 5.318 8.053 7.810 3.683 7.863 5.099 2.539 2.102 7.428 3.500 8.000 3.183 2.115 6.811 3.919 7.300 5.269 8.274 8.344 3.520 6.649 5.709 8.669 3.716 7.948 6.139 6.431 7.932 7.558 6.918 1.806 7.633 0.478 2.021 6.753 1.701 5.413 1.487 6.765 7.176 3.162 2.616 1.060 2.129 1.842 3.494 5.623 7.261 6.108 4.075 7.914 7.983 7.430 
2.956 7.044 4.348 7.223 5.861 5.626 6.508 8.343 2.760 1.082 6.627 6.563 4.442 2.594 8.706 5.327 4.822 6.265 3.883 2.529 7.751 0.750 6.922 7.427 8.096 3.344 8.197 8.731 2.520 6.682 4.466 1.230 7.150 5.940 6.419 6.567 3.939 7.157 7.288 2.149 8.028 5.659 6.912 9.206 8.974 8.567 6.880 2.702 8.166 9.509 5.757 8.545 9.540 7.873 1.955 3.835 3.290 7.757 2.998 1.925 5.472 8.303 4.695 3.376 6.587 2.639 0.797 4.143 7.402 5.074 1.150 0.803 8.040 4.670 4.278 6.738 1.181 4.697 6.494 5.432 3.620 1.147 2.607 7.930 3.865 6.587 6.491 5.243 7.772 8.388 5.238 9.367 2.775 5.344 7.629 4.976 4.987 5.166 7.956 7.565 3.734 7.908 5.152 2.790 2.349 7.225 3.690 7.819 2.972 1.957 6.621 4.088 7.206 5.121 8.207 8.384 3.454 6.528 5.458 8.481 3.583 7.757 6.129 6.202 7.778 7.415 7.003 1.588 7.628 0.723 2.224 6.742 1.843 5.529 1.347 6.647 7.075 2.919 2.389 0.792 1.849 2.126 3.698 5.746 7.350 6.035 3.976 7.944 7.791 7.233 
7.229 3.033 3.020 3.583 2.264 2.059 8.279 5.312 3.254 6.554 5.931 1.809 3.282 3.285 4.298 3.499 3.943 0.394 2.248 5.377 2.325 5.369 5.871 1.884 4.975 3.621 5.471 5.208 3.532 8.383 2.540 4.644 3.146 1.641 0.927 7.284 5.448 3.425 3.537 6.033 3.430 3.724 1.375 6.144 4.884 5.506 3.240 7.835 5.975 5.733 2.751 5.638 5.307 2.331 6.955 6.010 7.645 3.939 5.247 7.311 5.013 4.127 2.852 5.921 3.379 5.593 6.602 8.214 4.089 1.943 5.002 6.677 2.421 3.519 8.306 2.852 6.401 4.595 3.584 7.411 2.276 6.828 7.238 3.584 4.217 1.432 0.622 1.607 4.395 2.674 7.309 5.992 4.396 8.195 5.407 2.881 5.016 1.974 2.260 5.585 2.902 3.284 2.392 7.909 5.675 3.953 4.834 3.731 7.864 7.442 3.264 4.479 1.535 1.913 2.337 3.554 2.420 1.492 4.775 4.378 2.558 3.935 1.160 4.245 3.050 2.544 3.520 6.833 2.212 6.324 7.774 1.448 7.611 3.639 4.570 1.483 1.497 7.444 4.299 5.467 5.431 6.508 5.069 3.826 3.787 0.252 1.982 3.033 3.991 3.776 
6.051 6.201 4.336 3.823 2.658 4.735 8.768 8.208 2.698 4.488 7.618 5.207 1.013 2.179 7.753 1.878 5.333 4.027 1.582 1.770 4.843 3.419 7.756 4.639 7.889 0.184 8.227 8.334 1.383 8.923 1.338 2.591 3.819 4.715 3.817 8.306 5.687 6.493 3.900 2.541 6.913 5.767 4.213 9.112 8.241 8.432 3.506 4.439 8.496 9.000 5.249 8.498 8.740 6.050 3.638 5.958 6.451 7.106 1.542 5.351 6.408 4.925 1.364 5.614 6.146 4.928 3.887 7.253 7.014 4.203 2.299 4.121 6.140 1.221 7.380 3.430 4.494 5.658 6.210 7.694 2.450 3.935 5.823 4.606 4.824 3.759 4.290 4.128 7.385 6.372 7.524 9.097 0.827 8.018 7.891 4.757 6.103 4.307 5.971 7.957 0.825 4.656 1.938 4.498 2.115 6.839 1.181 7.010 6.309 5.400 6.099 1.064 5.255 4.225 5.861 5.154 2.138 4.995 6.261 7.711 3.018 7.104 3.371 6.416 6.561 6.078 3.596 4.955 4.731 3.515 4.615 3.942 4.675 2.080 2.766 5.049 5.209 6.119 3.682 3.569 4.282 3.055 1.404 2.301 3.933 3.961 2.784 4.779 7.154 6.740 
6.343 2.030 1.847 4.879 3.452 0.742 7.007 4.193 2.744 5.994 4.598 1.092 4.049 2.989 3.575 4.488 2.660 1.567 2.605 5.608 3.578 4.884 4.543 3.124 3.858 4.042 4.299 4.207 3.535 7.104 3.295 4.306 4.460 0.530 2.252 5.970 4.303 2.359 4.842 6.140 2.753 2.391 2.657 5.069 4.056 4.403 4.522 7.792 4.739 4.834 1.433 4.508 4.555 2.391 6.901 4.899 6.744 2.950 5.594 6.665 3.696 5.460 3.697 4.877 2.159 4.671 6.285 7.228 2.960 0.681 4.843 6.290 2.577 4.346 7.307 4.142 5.798 3.333 2.325 6.185 2.010 6.570 6.421 4.918 3.081 2.765 1.607 0.342 3.305 2.957 6.096 4.987 4.688 7.032 4.154 1.583 3.734 0.678 2.535 4.311 3.384 4.615 3.386 7.874 5.850 2.801 5.365 2.828 7.058 6.817 2.068 5.121 1.834 0.639 3.044 4.869 2.288 1.025 3.455 3.527 1.924 2.947 2.472 2.923 2.424 1.982 4.798 6.189 3.474 6.067 7.594 2.774 7.329 4.663 4.157 1.151 1.663 6.590 3.526 4.952 4.671 6.561 5.589 4.881 5.083 1.232 1.608 4.351 2.999 2.658 
5.222 6.995 4.721 5.176 4.056 5.489 8.401 8.798 2.862 3.435 7.764 6.150 2.384 2.357 8.623 3.175 5.578 5.224 2.633 0.545 6.218 2.579 7.967 5.991 8.499 1.392 8.757 9.021 1.575 8.567 2.706 1.940 5.203 5.592 5.115 8.161 5.454 7.232 5.260 1.172 7.820 6.192 5.541 9.704 9.044 9.027 4.876 3.056 8.919 9.739 5.884 9.062 9.574 7.168 2.241 5.581 5.588 7.857 0.768 4.271 6.537 6.284 2.761 5.173 6.793 4.427 2.617 6.430 7.669 4.918 1.299 2.897 7.284 2.522 6.563 4.820 3.508 5.742 6.801 7.307 3.100 2.603 4.919 5.988 4.856 5.109 5.483 4.933 8.049 7.554 7.123 9.752 0.571 7.441 8.327 5.254 6.147 5.025 7.137 8.345 2.061 6.050 3.334 3.119 0.795 7.488 1.339 7.814 5.321 4.286 6.774 1.752 6.396 4.952 7.125 6.549 2.797 5.991 6.436 8.517 3.484 7.856 4.699 6.827 7.495 7.041 4.946 3.937 6.104 2.235 3.220 5.289 3.311 3.350 2.203 6.070 6.322 5.229 3.449 2.725 3.670 1.677 1.367 3.537 5.271 5.104 3.497 6.177 7.901 7.425 
6.296 1.691 1.726 5.242 3.828 0.384 6.759 3.820 2.886 6.067 4.266 0.932 4.410 3.183 3.282 4.863 2.422 1.868 2.935 5.882 3.857 4.991 4.196 3.401 3.486 4.361 3.922 3.851 3.787 6.850 3.658 4.463 4.816 0.309 2.579 5.682 4.149 2.001 5.202 6.386 2.486 2.063 2.957 4.700 3.735 4.032 4.888 7.997 4.362 4.493 1.075 4.134 4.246 2.357 7.107 4.759 6.688 2.602 5.890 6.705 3.411 5.798 4.066 4.771 1.782 4.622 6.427 7.134 2.588 0.597 5.039 6.413 2.561 4.710 7.208 4.506 5.859 3.108 1.948 5.970 2.250 6.727 6.401 5.255 2.948 3.100 1.870 0.413 2.938 2.961 5.890 4.628 4.980 6.853 3.778 1.351 3.488 0.536 2.555 3.938 3.718 4.941 3.763 8.079 6.112 2.428 5.691 2.502 7.039 6.862 1.692 5.463 1.912 0.547 3.163 5.177 2.545 0.992 3.166 3.205 2.063 2.600 2.827 2.570 2.183 1.781 5.165 6.232 3.758 6.227 7.765 3.097 7.474 5.040 4.295 1.139 1.723 6.554 3.556 5.049 4.687 6.793 5.913 5.258 5.446 1.545 1.848 4.663 2.651 2.290 
6.043 3.660 3.926 9.796 8.334 4.178 3.679 2.232 5.659 7.173 0.868 4.722 8.531 6.188 4.101 9.177 2.934 6.387 6.914 9.004 8.271 6.717 0.536 7.826 2.325 8.074 1.839 2.926 7.039 3.656 7.856 6.785 9.375 4.615 7.118 2.279 3.636 3.280 9.759 9.167 4.274 2.596 7.447 2.575 3.733 2.317 9.437 10.157 1.213 3.536 3.485 2.128 4.140 5.764 9.389 4.026 6.225 3.241 9.223 7.311 1.996 10.341 8.300 4.435 2.973 4.986 8.166 6.093 2.678 4.446 7.566 7.956 5.976 8.867 6.078 9.059 6.891 2.793 2.711 3.652 5.847 8.558 6.423 9.797 3.677 7.647 6.329 4.715 2.672 6.346 3.737 2.996 8.380 4.766 1.231 3.609 2.470 4.374 6.141 0.940 7.635 9.465 8.144 10.245 9.086 2.692 9.353 3.587 6.908 7.499 3.116 9.316 5.906 4.454 7.046 9.654 6.142 5.059 2.061 3.636 5.242 3.246 7.387 1.999 4.450 4.663 9.711 6.992 8.189 8.180 9.600 7.628 9.076 9.380 6.508 5.174 5.717 6.357 5.185 6.666 5.670 9.385 9.531 9.619 10.000 6.084 5.593 9.155 3.213 2.916 
3.994 6.481 5.171 11.383 9.797 6.270 0.206 5.673 6.097 5.797 2.930 7.184 9.360 6.577 7.390 10.190 4.220 8.440 7.865 8.792 10.455 5.960 3.290 10.002 5.706 8.551 5.291 6.363 7.349 0.227 8.868 6.456 11.055 6.818 9.082 1.204 3.051 6.202 11.382 8.640 7.349 4.676 9.523 6.039 7.126 5.780 10.996 8.982 4.688 7.008 5.686 5.599 7.578 8.525 8.424 2.815 3.946 6.392 9.161 5.519 3.246 12.173 9.297 3.230 5.671 3.985 7.014 3.414 5.785 6.222 7.168 6.704 8.752 9.696 3.338 10.669 5.545 3.565 5.381 1.110 6.788 7.395 4.454 11.648 4.112 9.556 8.482 6.566 5.913 9.160 1.303 6.471 8.518 1.705 4.619 5.295 3.145 6.204 8.857 4.343 8.384 11.400 9.370 9.063 8.734 5.725 9.582 6.706 4.676 5.682 5.816 9.744 8.409 6.256 9.660 11.706 6.983 7.453 3.495 6.937 6.153 6.397 9.179 4.466 7.416 7.466 11.238 5.406 10.349 7.189 8.256 9.600 7.642 10.415 6.193 7.597 8.208 4.241 5.053 5.842 4.777 8.667 9.693 10.670 11.575 8.102 6.730 11.185 6.381 5.921 
4.669 4.993 2.736 4.865 3.359 3.487 7.069 6.781 0.973 3.487 5.930 4.225 2.375 0.451 6.637 3.257 3.669 3.628 1.253 2.567 5.095 2.285 6.091 4.762 6.479 1.545 6.750 6.999 0.452 7.221 2.060 1.463 4.698 3.638 3.750 6.578 3.974 5.217 4.907 3.017 5.855 4.204 4.245 7.688 7.037 7.010 4.490 4.674 6.943 7.719 3.862 7.049 7.573 5.382 3.783 4.283 5.089 5.842 2.674 4.317 4.710 5.880 2.420 3.971 4.771 3.336 3.367 5.830 5.646 2.911 1.765 3.467 5.526 2.699 5.948 4.277 3.395 3.946 4.781 6.006 1.123 3.585 4.529 5.450 3.100 3.931 3.865 2.956 6.027 5.843 5.842 7.731 1.791 6.406 6.345 3.242 4.385 3.017 5.413 6.380 1.419 5.370 2.711 4.754 2.762 5.466 2.754 5.811 5.094 4.416 4.753 2.782 4.658 2.947 5.578 5.824 0.861 4.111 4.577 6.512 1.465 5.841 3.470 4.847 5.546 5.115 4.666 3.859 4.972 3.082 4.544 4.082 4.368 3.483 1.474 4.208 4.551 4.798 2.007 2.412 2.804 3.428 2.929 3.735 5.022 3.424 1.526 5.357 5.886 5.404 
4.405 8.298 5.712 7.145 6.032 6.817 8.116 9.798 3.923 2.434 8.238 7.644 4.366 3.573 9.964 5.131 6.325 6.997 4.417 1.767 8.161 2.350 8.519 7.908 9.533 3.359 9.684 10.134 3.099 8.292 4.663 2.392 7.185 7.041 6.983 8.214 5.581 8.463 7.233 0.995 9.225 7.108 7.436 10.681 10.298 10.026 6.854 1.240 9.706 10.897 7.061 10.021 10.853 8.821 0.355 5.481 4.672 9.081 2.234 3.055 7.061 8.255 4.744 5.021 7.937 4.287 1.211 5.519 8.785 6.242 1.719 1.561 8.962 4.488 5.654 6.804 2.648 6.273 7.880 7.052 4.551 0.928 3.994 7.969 5.412 7.030 7.247 6.345 9.162 9.269 6.858 10.808 2.555 6.882 9.151 6.322 6.590 6.343 8.841 9.108 3.978 8.034 5.308 1.324 1.424 8.604 3.061 9.101 4.188 2.991 7.951 3.582 8.087 6.284 8.937 8.533 4.302 7.546 7.029 9.787 4.716 9.080 6.602 7.689 8.938 8.527 6.914 2.915 8.043 0.971 1.236 7.204 1.414 5.293 2.636 7.647 7.987 4.295 3.900 2.424 3.496 0.629 2.964 5.461 7.232 6.828 4.948 8.157 9.119 8.586 
4.932 2.243 0.620 6.561 5.029 1.302 5.149 3.494 2.490 5.094 2.902 2.343 5.127 2.977 3.843 5.780 0.803 3.422 3.511 5.872 5.436 4.202 2.944 4.982 3.216 4.725 3.426 3.814 3.791 5.246 4.453 3.930 6.180 1.854 4.081 4.132 2.586 2.266 6.540 6.191 3.287 0.868 4.508 4.392 4.052 3.723 6.185 7.533 3.608 4.584 0.953 3.740 4.620 3.806 6.676 3.213 5.296 2.841 6.013 5.594 1.867 7.243 4.898 3.292 1.664 3.297 5.724 5.651 2.473 1.212 4.653 5.627 4.027 5.462 5.712 5.826 4.847 1.487 1.564 4.349 2.462 6.076 5.109 6.706 1.471 4.574 3.463 1.551 2.846 4.442 4.271 4.489 5.127 5.248 3.007 0.275 1.876 1.186 4.070 3.056 4.243 6.428 4.770 7.621 6.019 2.294 6.038 2.944 5.737 5.769 1.715 5.953 3.498 1.242 4.760 6.708 2.767 2.539 1.638 3.573 1.896 2.842 4.230 1.516 3.135 2.934 6.448 5.148 5.331 5.610 7.151 4.602 6.754 5.986 3.692 2.690 3.301 5.216 2.575 4.216 3.570 6.508 6.232 6.229 6.762 3.084 2.189 6.187 2.872 2.304 
8.697 2.825 4.189 4.204 3.426 2.776 9.148 4.971 4.907 8.219 6.402 1.821 4.848 5.006 3.404 4.844 4.865 1.409 4.007 7.120 2.007 7.056 6.231 1.654 4.658 5.338 5.241 4.643 5.299 9.226 4.158 6.370 3.712 2.223 1.723 7.980 6.625 3.229 4.114 7.793 2.628 4.328 1.597 5.650 4.070 5.114 3.972 9.603 5.884 4.954 3.314 5.295 4.344 0.959 8.723 7.234 9.100 3.508 6.962 8.939 5.754 4.296 4.386 7.232 3.510 7.027 8.343 9.586 3.903 3.022 6.762 8.402 0.895 5.028 9.664 3.598 8.046 5.556 3.789 8.415 3.980 8.580 8.760 3.790 5.420 2.081 1.152 2.700 4.086 0.976 8.344 5.374 6.135 9.323 5.409 3.815 5.906 2.991 0.657 5.650 4.619 3.384 3.830 9.676 7.426 3.832 6.485 3.194 9.396 9.081 3.363 6.079 0.591 2.974 0.687 3.405 4.159 1.550 5.505 3.658 4.138 3.503 2.232 4.656 2.279 1.882 4.239 8.460 1.970 8.075 9.537 1.931 9.361 4.930 6.274 1.403 0.792 8.938 5.837 7.144 6.985 8.272 6.721 5.060 4.388 1.574 3.638 2.983 3.556 3.612 
4.234 5.739 3.300 5.415 3.995 4.240 7.053 7.408 1.430 2.805 6.288 5.035 2.717 0.986 7.396 3.625 4.113 4.467 2.000 1.986 5.869 1.648 6.494 5.554 7.119 1.671 7.344 7.675 0.635 7.214 2.616 0.790 5.306 4.436 4.560 6.726 4.035 5.935 5.471 2.283 6.636 4.763 5.046 8.310 7.766 7.637 5.057 3.849 7.474 8.414 4.550 7.660 8.312 6.221 2.958 4.225 4.639 6.558 2.225 3.660 5.061 6.474 2.893 3.850 5.449 3.137 2.544 5.432 6.318 3.663 0.921 2.669 6.368 2.997 5.558 4.889 2.760 4.267 5.430 5.965 1.940 2.746 4.025 6.078 3.381 4.706 4.706 3.744 6.698 6.687 5.788 8.385 1.487 6.219 6.887 3.866 4.674 3.766 6.257 6.894 1.893 6.038 3.300 3.930 2.102 6.136 2.550 6.551 4.541 3.738 5.446 2.744 5.502 3.703 6.418 6.508 1.700 4.936 4.962 7.247 2.152 6.558 4.250 5.389 6.339 5.921 5.203 3.228 5.746 2.245 3.700 4.864 3.530 3.842 0.941 5.037 5.393 4.315 2.008 1.792 2.461 2.649 2.670 4.080 5.555 4.268 2.337 6.062 6.600 6.093 
6.401 4.247 3.059 3.289 1.696 2.888 8.198 6.402 2.311 5.376 6.370 3.156 1.825 2.106 5.717 2.327 4.122 1.938 0.692 3.774 3.200 4.171 6.412 2.875 6.070 2.011 6.483 6.432 2.068 8.328 1.070 3.358 3.013 2.735 1.890 7.429 5.144 4.584 3.300 4.452 4.861 4.264 2.368 7.287 6.245 6.616 2.900 6.288 6.864 7.046 3.510 6.712 6.717 3.936 5.420 5.603 6.825 5.171 3.636 6.195 5.262 4.186 1.485 5.396 4.344 4.895 5.221 7.504 5.173 2.454 3.563 5.346 4.031 2.123 7.612 2.604 5.271 4.645 4.469 7.212 1.369 5.402 6.319 3.706 4.001 2.036 2.199 2.267 5.525 4.278 7.076 7.212 2.790 7.814 6.264 3.250 5.105 2.544 3.869 6.383 1.292 3.566 1.301 6.359 4.080 5.010 3.251 5.030 6.911 6.301 4.268 2.940 3.144 2.459 3.844 3.991 1.291 2.914 5.061 5.720 1.969 5.168 1.576 4.886 4.497 4.003 3.131 5.730 3.077 4.910 6.289 2.188 6.187 2.524 3.355 2.956 3.095 6.567 3.509 4.293 4.526 4.938 3.484 2.762 3.475 1.848 1.386 3.504 5.221 4.877 
8.495 5.576 5.131 1.124 0.490 4.550 10.352 7.861 4.452 7.269 8.333 4.338 2.086 4.163 6.703 1.582 6.171 2.549 2.626 4.769 2.057 6.091 8.319 2.058 7.525 3.088 8.026 7.726 3.836 10.477 1.856 5.235 0.855 4.187 1.865 9.523 7.316 5.974 1.125 5.568 5.848 6.146 1.901 8.681 7.329 8.052 0.740 7.463 8.523 8.200 5.239 8.189 7.697 4.400 6.686 7.780 8.917 6.466 4.427 8.121 7.301 2.039 1.690 7.568 5.926 7.045 6.868 9.628 6.643 4.289 5.208 7.064 4.381 2.059 9.741 0.435 7.209 6.745 6.119 9.380 3.545 6.958 8.372 1.613 6.155 1.414 2.731 4.003 6.942 4.433 9.247 8.505 3.879 9.989 7.949 5.196 7.199 4.352 4.148 8.115 2.588 1.605 1.170 7.517 5.127 6.507 3.708 6.234 8.938 8.203 5.815 3.181 3.663 4.275 3.623 2.101 3.436 4.002 7.082 6.846 4.140 6.462 1.421 6.718 5.465 4.969 1.000 7.677 1.976 6.511 7.669 1.563 7.713 1.578 5.301 3.960 3.737 8.637 5.657 6.227 6.617 6.084 3.919 1.638 1.320 2.761 3.536 1.741 6.518 6.329 
5.051 2.131 1.218 7.130 5.619 1.652 4.778 2.969 3.074 5.439 2.307 2.565 5.766 3.577 3.594 6.409 0.676 3.883 4.150 6.466 5.879 4.637 2.319 5.423 2.716 5.360 2.860 3.360 4.404 4.859 5.086 4.448 6.736 2.191 4.575 3.661 2.547 2.036 7.104 6.753 3.163 0.278 4.974 3.850 3.705 3.196 6.759 8.026 2.990 4.146 1.060 3.191 4.274 3.967 7.183 3.175 5.386 2.536 6.624 5.865 1.395 7.772 5.531 3.342 1.396 3.488 6.162 5.647 2.072 1.742 5.192 6.038 4.194 6.100 5.695 6.393 5.179 1.289 1.201 4.074 3.101 6.527 5.278 7.232 1.651 5.084 3.892 2.055 2.423 4.609 4.021 3.988 5.745 5.050 2.394 0.845 1.556 1.690 4.271 2.427 4.883 6.936 5.387 8.114 6.600 1.906 6.668 2.707 5.890 6.047 1.496 6.591 3.780 1.761 5.038 7.190 3.404 2.822 1.147 3.266 2.525 2.538 4.765 0.894 3.085 2.985 7.027 5.439 5.780 6.077 7.604 5.097 7.176 6.614 4.196 2.967 3.580 5.350 2.993 4.635 3.882 7.050 6.859 6.855 7.333 3.553 2.827 6.674 2.558 1.972 
3.329 5.002 3.446 9.656 8.070 4.607 1.835 4.678 4.434 4.755 1.962 5.571 7.686 4.934 6.135 8.499 2.527 6.737 6.163 7.341 8.753 4.631 2.370 8.301 4.620 6.925 4.344 5.327 5.738 1.950 7.168 4.989 9.326 5.160 7.366 1.275 1.450 4.779 9.654 7.291 5.951 3.097 7.815 5.257 5.991 4.837 9.269 7.908 3.909 6.060 4.066 4.697 6.502 6.965 7.245 1.480 3.469 5.079 7.671 4.717 1.690 10.445 7.602 1.943 4.192 2.660 5.892 3.313 4.481 4.518 5.743 5.623 7.192 8.025 3.303 8.941 4.479 1.852 3.914 1.089 5.076 6.287 3.743 9.921 2.394 7.835 6.790 4.864 4.687 7.605 1.083 5.620 6.966 2.167 3.634 3.604 1.463 4.506 7.276 3.409 6.712 9.675 7.655 7.994 7.326 4.385 8.023 5.357 4.173 4.901 4.329 8.143 6.780 4.554 8.040 9.988 5.282 5.818 1.927 5.709 4.436 5.083 7.454 3.028 5.961 5.945 9.512 4.472 8.645 5.996 7.254 7.883 6.676 8.722 4.713 5.965 6.579 3.637 3.475 4.536 3.453 7.390 8.152 8.977 9.848 6.398 5.006 9.466 5.077 4.554 
6.124 2.276 1.702 4.813 3.341 0.879 6.933 4.389 2.462 5.726 4.628 1.383 3.831 2.698 3.848 4.309 2.594 1.640 2.350 5.325 3.653 4.607 4.599 3.203 4.056 3.778 4.475 4.436 3.247 7.036 3.082 4.019 4.410 0.806 2.275 5.938 4.156 2.586 4.783 5.851 3.034 2.429 2.713 5.274 4.316 4.603 4.447 7.501 4.884 5.079 1.538 4.699 4.822 2.663 6.610 4.741 6.529 3.188 5.319 6.408 3.670 5.446 3.496 4.696 2.333 4.456 5.999 7.034 3.161 0.596 4.552 6.009 2.843 4.135 7.117 4.074 5.534 3.250 2.473 6.081 1.720 6.282 6.189 4.907 2.927 2.768 1.723 0.281 3.515 3.216 5.984 5.211 4.411 6.898 4.291 1.535 3.668 0.639 2.790 4.432 3.132 4.622 3.220 7.582 5.564 2.997 5.107 3.084 6.826 6.557 2.255 4.877 2.071 0.570 3.251 4.902 2.000 1.307 3.435 3.786 1.645 3.186 2.437 2.997 2.710 2.272 4.719 5.930 3.544 5.779 7.305 2.796 7.043 4.492 3.873 1.428 1.910 6.366 3.278 4.678 4.425 6.271 5.330 4.716 5.016 1.300 1.317 4.381 3.237 2.867 
5.987 2.490 2.984 8.632 7.194 3.013 4.403 1.651 4.818 6.807 1.288 3.527 7.497 5.331 3.177 8.098 2.138 5.200 5.889 8.208 7.076 6.174 0.992 6.631 1.569 7.127 1.368 2.278 6.165 4.420 6.797 6.105 8.204 3.430 5.934 3.030 3.415 2.129 8.591 8.454 3.198 1.539 6.255 2.368 2.955 1.834 8.277 9.615 1.253 3.027 2.324 1.734 3.453 4.604 8.801 3.941 6.241 2.197 8.381 7.081 1.619 9.155 7.237 4.272 1.779 4.673 7.678 6.272 1.597 3.328 6.870 7.510 4.820 7.827 6.284 7.895 6.531 2.270 1.515 4.090 4.861 8.060 6.311 8.611 3.060 6.464 5.137 3.574 1.700 5.200 4.122 2.651 7.508 5.204 0.710 2.563 2.130 3.248 4.975 0.665 6.636 8.275 7.042 9.703 8.326 1.571 8.436 2.527 6.862 7.270 1.923 8.354 4.715 3.330 5.870 8.459 5.168 3.863 1.529 2.726 4.293 2.202 6.215 0.893 3.331 3.502 8.553 6.708 6.994 7.640 9.127 6.441 8.649 8.295 5.839 3.979 4.525 6.304 4.558 6.147 5.248 8.722 8.627 8.529 8.836 4.901 4.569 7.961 2.181 1.787 
4.416 5.502 4.508 10.761 9.193 5.441 1.289 4.589 5.706 6.014 1.871 6.290 8.931 6.218 6.331 9.719 3.483 7.662 7.374 8.675 9.665 5.957 2.214 9.210 4.628 8.213 4.206 5.279 7.037 1.275 8.378 6.323 10.405 5.976 8.335 0.133 2.780 5.200 10.750 8.623 6.329 3.790 8.752 4.958 6.050 4.694 10.379 9.190 3.603 5.922 4.816 4.513 6.495 7.580 8.551 2.778 4.468 5.352 9.001 5.887 2.400 11.490 8.818 3.239 4.701 3.975 7.180 4.100 4.746 5.467 7.078 6.899 7.805 9.272 4.051 10.034 5.743 2.897 4.409 1.529 6.272 7.573 4.860 10.956 3.607 8.829 7.680 5.802 4.856 8.207 1.686 5.386 8.284 2.531 3.537 4.527 2.441 5.435 7.924 3.259 7.962 10.683 8.827 9.275 8.661 4.698 9.337 5.673 5.200 6.064 4.849 9.441 7.521 5.495 8.757 10.960 6.501 6.578 2.644 5.875 5.625 5.357 8.478 3.497 6.418 6.502 10.632 5.691 9.565 7.302 8.513 8.857 7.922 9.940 6.047 6.718 7.321 4.702 4.797 5.859 4.774 8.714 9.471 10.193 10.958 7.327 6.158 10.441 5.338 4.901 
4.133 5.379 4.256 10.507 8.934 5.242 1.298 4.598 5.409 5.705 1.829 6.120 8.642 5.918 6.283 9.436 3.247 7.448 7.092 8.360 9.457 5.640 2.203 9.002 4.615 7.913 4.224 5.283 6.733 1.327 8.097 6.008 10.157 5.783 8.112 0.287 2.466 5.093 10.498 8.306 6.238 3.612 8.537 5.021 6.032 4.718 10.123 8.879 3.657 5.951 4.633 4.545 6.495 7.437 8.236 2.463 4.200 5.281 8.688 5.593 2.197 11.251 8.536 2.924 4.571 3.659 6.868 3.869 4.673 5.242 6.762 6.588 7.663 8.982 3.827 9.783 5.433 2.638 4.280 1.302 5.993 7.261 4.573 10.719 3.319 8.600 7.474 5.581 4.806 8.069 1.440 5.436 7.975 2.362 3.538 4.305 2.188 5.215 7.775 3.269 7.671 10.453 8.556 8.964 8.345 4.613 9.029 5.594 4.929 5.771 4.718 9.138 7.349 5.272 8.593 10.738 6.217 6.400 2.445 5.831 5.347 5.285 8.242 3.365 6.309 6.370 10.374 5.389 9.354 6.987 8.205 8.633 7.616 9.658 5.732 6.542 7.148 4.423 4.486 5.542 4.457 8.398 9.162 9.911 10.703 7.112 5.889 10.218 5.269 4.810 
1.418 5.729 3.215 8.599 7.026 4.722 3.535 6.266 3.065 2.408 3.978 5.798 6.196 3.421 7.223 7.084 2.957 6.360 4.913 5.262 8.274 2.407 4.341 7.855 6.103 5.252 6.018 6.807 4.057 3.706 5.854 2.963 8.364 5.227 6.823 3.593 1.240 5.668 8.625 5.088 6.774 3.868 7.325 7.019 7.284 6.467 8.214 5.565 5.784 7.595 4.474 6.384 7.846 7.269 4.928 0.870 1.773 6.157 5.652 2.466 3.037 9.541 6.239 0.416 5.029 0.493 3.553 2.224 5.646 4.360 3.635 3.276 7.482 6.512 2.313 7.949 2.131 2.460 4.825 2.445 3.999 3.946 1.671 9.063 2.052 7.192 6.499 4.674 5.959 7.889 2.255 7.291 5.081 2.597 5.348 3.723 2.523 4.404 7.490 5.203 5.246 8.904 6.460 5.651 5.187 5.496 6.140 6.340 2.263 2.655 5.123 6.369 6.835 4.409 8.057 9.300 4.079 5.927 3.133 6.878 3.491 6.159 6.748 4.186 6.650 6.454 8.417 2.157 8.154 3.680 4.906 7.290 4.332 7.310 2.720 6.075 6.653 1.717 1.862 2.289 1.232 5.127 6.228 7.561 8.771 6.039 4.119 8.792 6.174 5.590 
10.618 6.573 6.890 1.513 2.659 5.956 12.171 8.809 6.532 9.454 9.839 5.383 4.206 6.295 7.262 3.495 7.860 3.707 4.764 6.863 1.870 8.270 9.752 2.280 8.487 5.256 9.052 8.512 6.022 12.282 4.047 7.418 1.387 5.472 3.003 11.210 9.233 6.988 1.401 7.671 6.500 7.637 2.630 9.517 7.932 8.964 1.731 9.549 9.653 8.814 6.636 9.137 8.169 4.811 8.807 9.745 11.042 7.346 6.478 10.303 8.940 0.608 3.856 9.578 7.126 9.111 9.053 11.725 7.677 5.867 7.398 9.253 4.690 4.102 11.832 1.782 9.388 8.496 7.372 11.260 5.567 9.133 10.518 0.604 8.025 2.506 3.747 5.534 7.904 4.542 11.143 9.245 6.022 11.959 9.133 6.807 8.928 5.902 4.449 9.346 4.779 0.666 3.361 9.597 7.223 7.579 5.700 7.047 11.096 10.389 6.992 5.151 4.318 5.840 3.593 0.474 5.512 5.037 8.703 7.529 6.102 7.341 2.885 8.122 6.147 5.721 1.738 9.855 1.926 8.693 9.807 2.481 9.880 3.382 7.473 4.937 4.475 10.775 7.728 8.404 8.740 8.184 5.885 3.295 1.515 4.029 5.474 0.923 7.395 7.371 
2.688 8.516 5.782 8.900 7.584 7.173 6.591 9.551 4.410 1.225 7.474 8.164 6.095 4.312 10.152 6.953 6.037 7.990 5.631 3.811 9.499 2.254 7.822 9.175 9.340 5.002 9.354 10.013 4.264 6.767 6.184 2.961 8.854 7.539 8.164 7.009 4.703 8.577 8.971 3.149 9.533 6.936 8.659 10.368 10.352 9.767 8.568 2.466 9.209 10.803 7.207 9.715 10.922 9.523 2.267 4.370 2.819 9.151 4.304 1.160 6.445 9.993 6.385 3.927 7.973 3.362 1.208 3.598 8.734 6.648 2.829 0.974 9.700 6.292 3.726 8.447 1.491 5.747 7.840 5.618 5.328 1.299 2.228 9.638 5.035 8.335 8.209 6.853 9.088 10.061 5.428 10.587 4.334 5.177 8.725 6.407 5.931 6.732 9.630 8.615 5.452 9.632 6.869 2.533 3.520 8.563 5.095 9.254 2.184 1.007 8.028 5.566 8.886 6.697 9.924 10.113 5.182 8.160 6.491 9.884 5.216 9.152 7.877 7.403 9.314 8.987 8.676 1.354 9.376 1.589 1.666 8.490 1.042 7.143 3.030 8.287 8.746 2.472 3.753 2.184 2.790 2.834 5.044 7.344 9.016 7.748 5.665 9.680 9.180 8.603 
7.057 4.618 3.713 2.596 1.003 3.368 8.886 6.842 2.983 5.947 6.991 3.446 1.601 2.734 5.982 1.843 4.770 1.918 1.213 3.971 2.718 4.748 7.013 2.457 6.505 2.163 6.953 6.813 2.551 9.015 0.902 3.911 2.324 3.123 1.605 8.097 5.837 4.982 2.607 4.710 5.115 4.848 2.005 7.708 6.550 7.049 2.207 6.589 7.377 7.381 4.027 7.160 6.990 3.982 5.747 6.296 7.480 5.541 3.751 6.782 5.908 3.501 1.156 6.086 4.812 5.574 5.693 8.173 5.607 3.001 4.019 5.847 4.041 1.822 8.283 1.913 5.860 5.313 4.965 7.904 2.061 5.840 6.957 3.031 4.688 1.577 2.176 2.766 5.943 4.228 7.769 7.597 2.993 8.506 6.784 3.853 5.771 3.081 3.849 6.921 1.480 2.916 0.733 6.655 4.304 5.453 3.228 5.365 7.540 6.879 4.722 2.823 3.180 2.998 3.657 3.360 1.963 3.159 5.700 6.034 2.661 5.537 1.162 5.454 4.738 4.233 2.441 6.324 2.598 5.361 6.666 1.754 6.618 2.011 3.939 3.169 3.174 7.213 4.186 4.877 5.178 5.214 3.463 2.227 2.783 1.950 2.068 2.892 5.592 5.302 
9.634 4.784 5.492 2.482 2.445 4.350 10.719 6.988 5.565 8.760 8.194 3.639 4.179 5.465 5.416 3.804 6.371 2.158 4.063 6.804 0.195 7.555 8.071 0.597 6.670 5.020 7.244 6.673 5.439 10.816 3.706 6.750 2.020 3.825 1.624 9.662 7.928 5.197 2.369 7.574 4.657 6.022 1.120 7.679 6.086 7.137 2.380 9.468 7.866 6.968 4.999 7.314 6.327 2.964 8.642 8.489 10.055 5.524 6.518 9.566 7.391 2.310 3.725 8.391 5.390 8.028 8.594 10.659 5.883 4.375 6.923 8.732 2.846 4.225 10.755 2.097 8.643 7.041 5.650 9.878 4.557 8.750 9.606 1.847 6.697 1.357 2.111 4.029 6.092 2.718 9.780 7.401 5.851 10.675 7.364 5.295 7.446 4.387 2.604 7.590 4.378 1.426 3.117 9.530 7.151 5.796 5.860 5.217 10.219 9.679 5.249 5.356 2.505 4.339 1.773 1.377 4.601 3.303 7.146 5.685 4.966 5.519 1.817 6.452 4.308 3.895 2.593 9.096 0.316 8.268 9.575 1.208 9.530 3.801 6.738 3.187 2.675 9.832 6.693 7.672 7.794 8.086 6.081 3.840 2.630 2.497 4.350 0.997 5.572 5.582 
9.256 2.514 5.156 8.391 7.392 4.020 7.849 1.994 6.880 9.678 4.738 3.465 8.423 7.266 0.903 8.693 4.927 5.068 7.070 10.045 6.192 8.785 4.363 5.860 1.951 8.511 2.389 1.301 7.937 7.846 7.664 8.431 7.901 3.939 5.708 6.448 6.676 2.347 8.306 10.518 1.768 4.006 5.749 2.023 0.569 1.933 8.132 12.035 3.083 0.943 3.751 2.144 0.151 3.248 11.157 7.270 9.560 1.751 10.057 10.129 4.986 8.487 8.020 7.522 2.928 7.746 10.299 9.695 2.206 4.596 9.090 10.215 3.342 8.688 9.718 7.746 9.425 5.399 3.068 7.595 6.403 10.640 9.516 7.992 5.916 6.178 4.855 4.572 1.904 3.495 7.625 1.568 9.148 8.708 3.034 4.527 5.440 4.491 3.586 3.314 7.842 7.581 7.587 12.120 10.265 2.362 9.828 1.702 10.114 10.310 2.884 9.558 3.916 4.559 4.440 7.552 6.705 3.726 4.813 1.021 6.102 1.750 6.178 3.684 2.145 2.651 8.407 9.700 6.167 10.161 11.710 6.060 11.336 8.828 8.217 3.714 3.835 9.564 7.167 8.804 8.134 10.901 10.055 9.004 8.580 4.947 6.005 7.169 1.721 2.299 
5.942 5.000 3.340 3.592 2.101 3.553 8.169 7.053 2.033 4.698 6.680 3.992 1.293 1.638 6.541 2.084 4.385 2.887 0.375 2.826 4.006 3.512 6.777 3.726 6.728 1.086 7.092 7.149 1.272 8.312 0.796 2.660 3.432 3.507 2.794 7.547 5.066 5.303 3.634 3.508 5.698 4.706 3.245 7.953 7.034 7.274 3.218 5.357 7.404 7.803 4.101 7.350 7.529 4.869 4.498 5.442 6.361 5.911 2.702 5.545 5.504 4.612 1.197 5.167 4.984 4.572 4.401 7.098 5.845 3.041 2.727 4.559 4.971 1.634 7.215 3.012 4.630 4.805 5.068 7.132 1.418 4.549 5.800 4.193 4.043 2.855 3.147 2.938 6.211 5.225 6.978 7.919 1.843 7.609 6.798 3.681 5.264 3.143 4.813 6.884 0.409 4.135 1.438 5.427 3.132 5.673 2.388 5.805 6.359 5.632 4.929 2.162 4.082 3.059 4.785 4.602 1.152 3.782 5.331 6.505 2.055 5.909 2.415 5.351 5.346 4.865 3.394 5.097 3.886 4.069 5.392 3.024 5.329 2.309 2.719 3.840 4.024 6.070 3.204 3.647 4.073 3.999 2.615 2.564 3.750 2.786 1.675 4.155 5.960 5.564 
2.210 7.589 5.515 11.236 9.658 6.923 2.157 7.387 5.703 4.183 4.627 7.968 8.826 6.064 8.826 9.719 4.878 8.820 7.554 7.626 10.790 4.757 5.035 10.356 7.336 7.853 7.044 8.041 6.672 2.306 8.497 5.472 10.991 7.468 9.346 3.233 3.061 7.411 11.260 7.288 8.581 5.639 9.836 7.925 8.704 7.539 10.850 7.224 6.561 8.767 6.503 7.390 9.217 9.421 6.818 2.467 1.975 7.759 8.062 3.657 4.333 12.164 8.881 2.587 6.796 3.130 5.407 1.216 7.170 6.682 6.038 5.063 9.645 9.137 1.107 10.578 3.991 4.203 6.533 1.727 6.612 5.746 2.630 11.677 4.282 9.747 8.928 7.021 7.392 10.061 1.655 8.308 7.600 0.637 6.335 5.879 3.968 6.702 9.696 6.097 7.884 11.501 9.102 7.297 7.483 7.062 8.638 8.020 2.622 3.785 6.923 8.918 9.114 6.727 10.371 11.881 6.711 8.163 4.546 8.409 6.065 7.762 9.316 5.688 8.551 8.471 11.057 3.703 10.673 5.668 6.442 9.832 5.814 9.945 5.262 8.314 8.920 2.341 4.503 4.613 3.735 7.194 8.699 10.194 11.410 8.487 6.694 11.367 7.761 7.218 
3.533 8.053 6.313 12.283 10.693 7.609 1.637 7.468 6.782 5.505 4.689 8.605 9.979 7.186 9.106 10.860 5.519 9.649 8.630 8.913 11.652 6.033 5.071 11.208 7.476 9.044 7.094 8.151 7.848 1.701 9.600 6.711 12.008 8.163 10.228 3.022 3.894 7.817 12.298 8.598 8.984 6.151 10.701 7.872 8.889 7.587 11.895 8.542 6.514 8.820 7.104 7.413 9.361 10.015 8.142 3.396 3.295 8.075 9.340 4.976 4.742 13.167 10.001 3.641 7.241 4.285 6.731 2.501 7.469 7.452 7.311 6.388 10.241 10.299 2.377 11.602 5.308 4.828 6.960 1.976 7.631 7.070 3.954 12.664 5.115 10.661 9.730 7.798 7.635 10.655 2.040 8.296 8.841 1.199 6.407 6.579 4.493 7.455 10.320 6.139 9.021 12.460 10.177 8.614 8.782 7.389 9.890 8.370 3.919 5.099 7.380 10.146 9.799 7.493 11.062 12.814 7.764 8.837 4.981 8.664 7.045 8.079 10.248 6.061 9.009 9.000 12.114 5.027 11.539 6.988 7.756 10.730 7.129 11.086 6.486 8.986 9.600 3.664 5.607 5.892 4.960 8.515 9.961 11.339 12.464 9.311 7.664 12.294 8.069 7.571 
5.286 9.435 6.872 7.741 6.794 7.945 9.106 10.964 5.066 3.369 9.382 8.740 5.068 4.690 11.098 5.725 7.491 7.985 5.387 2.390 8.996 3.489 9.670 8.781 10.697 4.174 10.850 11.294 4.140 9.283 5.485 3.554 7.845 8.146 7.905 9.290 6.696 9.610 7.839 1.620 10.346 8.274 8.334 11.847 11.445 11.191 7.487 0.404 10.870 12.054 8.211 11.187 11.998 9.871 0.819 6.555 5.497 10.230 2.740 3.819 8.214 8.845 5.491 6.092 9.091 5.376 2.153 6.316 9.943 7.368 2.854 2.460 10.001 5.123 6.447 7.490 3.619 7.429 9.039 8.063 5.638 1.769 4.846 8.615 6.573 7.899 8.241 7.455 10.321 10.292 7.869 11.971 3.342 7.797 10.316 7.479 7.737 7.471 9.869 10.272 4.853 8.727 6.085 0.411 2.039 9.762 3.532 10.242 4.921 3.710 9.102 4.082 9.119 7.410 9.905 9.230 5.373 8.626 8.187 10.931 5.847 10.229 7.492 8.855 10.050 9.629 7.509 3.794 8.883 2.043 1.151 8.079 1.728 5.854 3.802 8.720 9.030 5.129 5.063 3.550 4.601 1.122 3.369 5.985 7.802 7.841 6.040 8.894 10.269 9.740 
5.862 8.371 6.064 5.907 5.052 6.865 9.360 10.158 4.195 3.914 9.009 7.511 3.310 3.709 9.996 3.901 6.879 6.499 3.944 0.832 7.293 3.418 9.236 7.117 9.862 2.566 10.107 10.392 2.950 9.532 3.825 3.027 6.033 6.961 6.315 9.264 6.558 8.608 6.008 0.773 9.189 7.532 6.705 11.063 10.420 10.387 5.666 2.219 10.246 11.113 7.255 10.417 10.949 8.485 1.700 6.593 6.174 9.233 0.966 4.637 7.788 7.006 3.758 6.155 8.163 5.398 2.785 7.029 9.038 6.294 2.253 3.131 8.591 3.323 7.165 5.693 4.074 6.987 8.166 8.271 4.476 2.574 5.488 6.794 6.098 6.241 6.761 6.306 9.419 8.842 8.080 11.120 1.780 8.255 9.659 6.612 7.370 6.400 8.433 9.665 3.284 6.926 4.366 2.251 0.681 8.857 1.696 9.190 5.761 4.595 8.147 2.246 7.702 6.327 8.357 7.429 4.171 7.343 7.705 9.893 4.851 9.231 5.865 8.160 8.860 8.401 5.675 4.421 7.186 2.449 2.701 6.426 3.045 4.019 3.308 7.416 7.640 5.798 4.626 3.541 4.601 1.048 1.522 4.141 5.962 6.406 4.872 7.116 9.277 8.798 
8.710 2.157 4.122 5.177 4.327 2.613 8.740 4.124 5.187 8.452 5.842 1.536 5.634 5.378 2.448 5.718 4.604 2.115 4.603 7.739 2.964 7.337 5.624 2.627 3.828 6.004 4.424 3.738 5.797 8.801 4.910 6.726 4.685 2.120 2.607 7.497 6.455 2.522 5.088 8.364 1.722 3.925 2.554 4.747 3.119 4.248 4.939 10.114 5.101 4.000 2.982 4.440 3.373 0.067 9.225 7.082 9.097 2.683 7.628 9.116 5.352 5.258 5.185 7.141 2.933 7.038 8.710 9.507 3.152 3.020 7.203 8.732 0.176 5.843 9.573 4.560 8.255 5.286 3.224 8.096 4.357 8.979 8.823 4.759 5.307 3.019 1.858 2.760 3.279 0.584 8.046 4.446 6.765 9.070 4.673 3.635 5.581 2.958 0.373 4.933 5.286 4.349 4.663 10.192 8.024 3.113 7.219 2.347 9.461 9.270 2.784 6.849 0.856 2.969 1.304 4.343 4.587 1.443 5.106 2.734 4.374 2.678 3.110 4.133 1.413 1.143 5.208 8.640 2.935 8.473 9.979 2.881 9.748 5.820 6.594 1.308 0.907 8.973 5.969 7.408 7.107 8.822 7.454 5.965 5.362 2.146 3.976 3.941 2.726 2.889 
5.774 6.025 4.084 4.018 2.773 4.545 8.475 7.997 2.415 4.244 7.350 5.064 1.223 1.892 7.598 2.116 5.069 3.970 1.441 1.753 4.907 3.154 7.493 4.678 7.680 0.129 8.005 8.140 1.089 8.630 1.398 2.317 3.985 4.554 3.814 8.019 5.395 6.306 4.089 2.483 6.765 5.525 4.232 8.903 8.071 8.222 3.687 4.369 8.260 8.818 5.038 8.283 8.578 5.965 3.542 5.664 6.177 6.923 1.605 5.107 6.136 5.111 1.511 5.320 5.940 4.636 3.694 6.974 6.812 4.002 2.072 3.914 6.066 1.469 7.100 3.585 4.239 5.381 5.994 7.400 2.221 3.766 5.553 4.771 4.542 3.796 4.232 3.946 7.185 6.313 7.231 8.898 0.768 7.726 7.656 4.522 5.824 4.108 5.905 7.715 0.760 4.799 2.047 4.433 2.078 6.636 1.386 6.838 6.049 5.162 5.898 1.340 5.177 4.027 5.841 5.292 1.906 4.867 5.993 7.541 2.767 6.921 3.389 6.174 6.420 5.944 3.794 4.703 4.792 3.329 4.496 3.976 4.520 2.326 2.483 4.929 5.121 5.848 3.389 3.303 3.995 2.990 1.593 2.555 4.137 3.881 2.572 4.899 6.970 6.543 
4.416 3.304 2.245 8.452 6.906 3.063 3.392 3.211 3.798 5.306 1.173 3.947 6.843 4.331 4.471 7.565 1.181 5.285 5.236 7.094 7.287 4.786 1.403 6.831 3.085 6.275 2.939 3.800 5.184 3.463 6.221 4.850 8.076 3.602 5.964 2.252 1.848 3.079 8.433 7.233 4.252 1.439 6.376 3.934 4.386 3.402 8.074 8.230 2.711 4.572 2.453 3.306 4.921 5.299 7.454 2.372 4.675 3.402 7.333 5.532 0.057 9.139 6.668 2.702 2.493 3.140 6.251 4.746 2.816 3.102 5.632 6.055 5.526 7.184 4.767 7.718 5.027 0.857 2.213 2.790 4.135 6.641 4.740 8.602 1.746 6.465 5.301 3.432 3.057 5.936 2.773 4.222 6.513 3.848 2.262 2.164 0.570 3.065 5.624 2.122 5.905 8.319 6.602 8.319 7.163 2.706 7.515 3.669 5.291 5.721 2.631 7.523 5.173 3.128 6.423 8.587 4.405 4.220 0.265 4.061 3.497 3.406 6.127 1.334 4.261 4.259 8.334 5.173 7.186 6.251 7.693 6.487 7.185 7.778 4.572 4.363 4.972 4.732 3.247 4.739 3.771 7.446 7.682 8.027 8.651 4.951 3.948 8.069 3.405 2.865 
1.833 5.747 3.538 9.346 7.758 4.970 2.528 5.904 3.844 3.330 3.361 6.028 7.063 4.261 7.108 7.935 2.973 6.840 5.690 6.262 8.815 3.415 3.755 8.379 5.789 6.165 5.610 6.504 4.961 2.699 6.663 3.946 9.077 5.509 7.373 2.670 1.099 5.615 9.363 6.096 6.770 3.804 7.861 6.577 7.075 6.087 8.958 6.515 5.270 7.273 4.592 5.974 7.619 7.491 5.910 0.487 2.013 6.030 6.645 3.221 2.666 10.242 7.068 0.725 4.982 1.457 4.516 2.055 5.470 4.708 4.636 4.223 7.713 7.389 2.089 8.670 3.063 2.333 4.740 1.437 4.697 4.905 2.240 9.745 2.305 7.783 6.949 5.045 5.741 8.127 1.247 6.898 6.046 1.748 4.911 3.928 2.206 4.730 7.752 4.723 6.098 9.555 7.237 6.599 6.194 5.341 7.109 6.259 2.691 3.403 5.097 7.314 7.153 4.753 8.405 9.925 4.825 6.207 2.831 6.721 4.123 6.033 7.357 3.971 6.702 6.579 9.175 3.003 8.698 4.666 5.827 7.864 5.233 8.161 3.693 6.358 6.960 2.144 2.683 3.297 2.236 6.128 7.206 8.415 9.526 6.508 4.748 9.408 6.039 5.471 
3.547 4.214 1.504 6.264 4.678 2.855 5.358 5.558 0.795 3.135 4.276 3.869 4.058 1.297 5.869 4.898 2.126 4.064 2.610 3.996 5.922 2.130 4.481 5.513 5.294 3.292 5.449 5.907 2.127 5.504 3.596 1.856 6.007 3.248 4.473 4.831 2.254 4.313 6.283 4.193 5.219 2.868 4.980 6.442 6.130 5.785 5.876 5.443 5.514 6.679 2.917 5.782 6.695 5.279 4.593 2.636 3.964 4.912 4.230 3.769 3.048 7.179 4.013 2.403 3.743 1.936 3.640 4.568 4.567 2.346 2.611 3.566 5.472 4.394 4.668 5.595 2.920 2.257 3.659 4.316 1.627 3.986 3.564 6.693 1.379 4.823 4.231 2.587 4.941 5.856 4.162 6.568 3.427 4.832 4.941 2.132 2.676 2.424 5.433 4.924 3.083 6.528 4.154 5.530 4.083 4.388 4.454 4.979 4.196 3.924 3.776 4.524 4.719 2.396 5.874 6.924 1.740 3.904 2.949 5.637 1.132 4.913 4.376 3.459 4.993 4.671 6.091 3.294 5.801 3.515 5.059 4.927 4.679 5.123 1.605 4.040 4.557 3.763 0.630 2.162 1.778 4.467 4.607 5.378 6.442 3.761 1.751 6.417 4.946 4.390 
5.199 3.114 2.818 8.842 7.340 3.274 3.595 2.499 4.523 6.154 0.611 3.988 7.441 5.053 4.003 8.114 1.803 5.522 5.823 7.868 7.476 5.627 0.622 7.023 2.432 6.951 2.185 3.138 5.905 3.627 6.782 5.661 8.440 3.766 6.236 2.263 2.668 2.805 8.813 8.040 3.939 1.604 6.605 3.148 3.812 2.669 8.474 9.074 1.877 3.879 2.595 2.546 4.315 5.210 8.290 3.149 5.433 2.983 8.086 6.363 0.905 9.452 7.228 3.511 2.324 3.982 7.098 5.429 2.375 3.454 6.440 6.904 5.433 7.779 5.436 8.104 5.874 1.680 2.033 3.231 4.743 7.488 5.543 8.910 2.553 6.755 5.498 3.752 2.532 5.829 3.260 3.472 7.245 4.342 1.481 2.564 1.414 3.394 5.563 1.302 6.530 8.599 7.104 9.162 7.953 2.312 8.223 3.293 6.074 6.552 2.473 8.196 5.214 3.469 6.423 8.826 5.031 4.301 0.930 3.561 4.127 2.988 6.459 1.142 4.023 4.121 8.743 6.013 7.384 7.094 8.541 6.755 8.035 8.321 5.385 4.432 5.016 5.516 4.067 5.583 4.620 8.267 8.399 8.564 9.045 5.202 4.507 8.315 2.974 2.510 
