10 50 100
120 147 320 198 65 297 204 82 301 302 
152 220 43 180 52 184 92 82 82 160 233 30 35 182 161 118 226 118 113 128 75 231 217 135 145 160 206 26 24 18 129 95 233 152 167 199 129 108 164 109 175 62 20 19 81 55 131 106 93 62 
10 9 26 33 7 27 7 15 27 33 17 32 21 21 5 22 23 35 29 22 15 19 6 24 29 26 6 17 34 30 10 22 17 10 24 30 32 24 24 5 19 31 33 13 25 31 29 5 26 6 22 7 31 7 31 25 19 12 13 12 34 24 11 7 27 33 22 16 33 10 12 12 16 35 9 7 27 31 35 28 22 7 9 27 26 26 19 25 23 15 6 6 35 13 21 20 29 24 8 19 
1103.913 1305.299 625.277 1131.154 697.599 1276.035 888.670 852.138 792.671 1116.498 1292.630 539.608 491.663 1251.143 1069.532 994.056 1299.741 978.581 912.059 1010.276 763.844 1317.303 1342.460 1041.316 1089.976 1145.945 1327.730 541.953 508.312 414.363 1025.646 916.177 1290.291 1066.215 1186.629 1244.847 948.218 867.587 1131.140 971.701 1177.648 684.396 400.480 423.265 788.202 740.461 1048.034 969.006 865.914 743.043 
7.169 10.279 3.329 1.577 0.256 6.946 6.057 9.398 6.060 5.453 0.770 6.935 2.082 3.171 1.567 2.590 4.364 5.052 7.761 2.335 1.541 7.902 3.713 8.045 7.689 5.520 6.883 8.078 4.056 1.257 7.789 3.165 10.164 2.149 1.646 4.544 2.562 5.741 4.500 4.778 5.314 6.539 2.092 6.046 6.589 10.328 2.257 6.143 0.691 5.123 
5.314 10.850 1.490 4.228 3.092 8.089 8.777 9.753 8.666 7.633 2.468 8.236 5.104 4.966 3.258 1.763 6.667 7.704 6.147 5.320 4.595 7.950 5.241 7.915 5.309 8.230 9.268 7.061 6.632 3.145 7.964 4.708 10.582 3.259 4.680 5.389 4.227 5.540 2.830 6.940 6.310 8.611 2.311 5.613 8.455 10.480 4.332 7.405 3.667 2.563 
3.676 4.330 5.480 6.579 7.551 3.589 8.205 3.105 7.725 5.973 7.555 4.009 7.735 5.003 5.773 8.420 6.009 7.383 3.116 7.632 8.069 1.240 4.455 1.000 5.200 7.856 7.340 1.739 6.723 6.070 1.458 4.695 3.910 9.175 8.272 3.213 5.110 1.563 4.313 5.723 3.125 6.087 5.429 1.359 5.476 3.594 5.653 3.687 7.844 5.559 
1.207 9.140 4.051 7.670 7.504 7.987 11.261 7.910 10.924 9.325 7.087 8.343 8.896 7.096 6.452 6.806 8.813 10.216 2.043 8.972 8.752 6.106 6.892 5.782 0.406 10.773 10.990 3.699 9.228 6.597 6.325 6.688 8.668 8.263 8.909 6.049 6.651 4.516 2.900 8.790 6.675 9.891 5.369 4.145 9.424 8.155 7.122 7.718 8.036 2.493 
6.446 2.517 7.127 6.545 8.017 1.260 6.415 1.839 5.875 4.262 8.259 1.636 7.411 4.719 6.228 9.585 4.796 5.877 5.962 7.204 7.999 1.827 4.116 2.292 7.963 6.217 5.160 4.532 5.601 6.533 1.503 4.620 2.471 9.877 8.198 3.263 5.210 3.293 6.342 4.342 2.450 3.918 6.428 3.532 3.258 2.904 5.615 1.933 8.115 7.784 
5.499 3.093 6.351 6.223 7.564 1.751 6.762 2.092 6.242 4.535 7.739 2.181 7.203 4.428 5.746 8.952 4.865 6.093 5.029 7.028 7.714 1.105 3.817 1.553 7.015 6.495 5.674 3.650 5.653 6.055 0.791 4.253 2.882 9.375 7.917 2.767 4.808 2.399 5.481 4.469 2.138 4.409 5.798 2.602 3.761 3.042 5.271 2.109 7.723 6.899 
7.265 4.189 6.782 5.137 6.795 0.736 4.422 3.796 3.886 2.275 7.168 0.433 5.794 3.384 5.151 8.722 2.933 3.897 7.016 5.547 6.479 3.523 2.874 3.968 8.700 4.222 3.257 5.882 3.730 5.428 3.204 3.444 4.307 8.703 6.667 2.631 4.042 3.802 6.380 2.442 1.750 1.991 5.689 4.216 1.346 4.865 4.301 0.608 6.774 7.869 
8.473 12.844 4.435 4.227 2.466 9.597 8.414 11.895 8.509 8.099 2.087 9.607 4.272 5.852 4.128 1.487 7.001 7.503 9.252 4.586 3.448 10.274 6.374 10.351 8.528 7.906 9.438 9.954 6.596 3.831 10.205 5.813 12.687 0.626 3.380 7.084 5.208 7.958 5.848 7.438 7.914 9.194 4.085 8.169 9.271 12.769 4.945 8.803 2.668 5.783 
1.468 6.874 5.251 7.937 8.324 6.450 10.627 5.665 10.200 8.474 8.088 6.857 9.190 6.812 6.837 8.331 8.250 9.683 0.510 9.179 9.278 4.034 6.413 3.628 2.713 10.207 9.997 1.316 8.841 7.071 4.315 6.421 6.363 9.530 9.464 5.281 6.614 3.356 3.837 8.082 5.592 8.784 6.021 2.879 8.216 5.760 7.160 6.415 8.768 4.358 
4.750 5.410 4.223 4.033 5.243 2.629 5.861 4.437 5.439 3.731 5.395 2.873 5.137 2.375 3.420 6.629 3.508 4.931 4.702 5.016 5.537 2.944 1.825 3.152 6.099 5.447 5.332 4.032 4.160 3.730 2.807 2.089 5.229 7.032 5.741 0.582 2.568 1.413 3.669 3.316 0.991 4.196 3.470 1.891 3.730 5.342 3.084 2.113 5.440 5.158 
7.897 5.269 1.953 1.915 7.335 2.155 0.980 7.069 7.072 8.504 5.019 8.857 4.272 4.850 2.780 7.008 3.164 5.572 5.063 2.710 4.605 8.060 4.459 7.207 4.624 7.345 8.078 4.490 8.572 5.963 0.539 8.944 3.294 1.912 7.551 7.887 7.975 6.724 7.408 3.641 7.924 5.920 0.362 7.227 8.151 7.990 8.473 2.366 1.593 6.824 7.803 3.569 6.264 7.387 6.444 2.971 1.983 8.267 10.998 6.088 5.973 3.391 3.805 2.640 6.299 7.778 4.297 2.016 6.708 7.496 8.241 8.433 2.884 6.381 9.964 5.550 9.251 8.033 6.841 4.415 1.013 0.948 6.127 6.428 6.425 4.650 7.586 3.790 7.332 7.421 2.716 7.128 3.707 9.193 7.517 3.791 8.859 1.376 7.501 2.179 
2.274 5.555 6.039 9.803 0.785 9.462 7.047 10.588 11.990 3.591 10.268 9.061 7.460 10.006 8.757 11.281 4.951 6.333 2.916 8.321 10.337 10.955 5.073 10.129 3.384 4.806 2.132 3.517 5.617 6.732 7.819 6.998 6.605 7.191 0.974 0.248 11.581 6.077 9.536 6.077 8.461 2.152 8.246 11.514 12.389 6.385 9.471 7.885 9.388 6.658 6.666 8.921 8.105 1.767 1.700 9.151 9.645 10.388 8.645 10.409 9.956 7.509 4.362 9.524 11.038 1.703 9.530 9.854 3.669 11.093 3.659 9.225 5.334 4.718 9.028 2.568 5.277 3.450 2.489 7.573 8.651 7.270 10.752 10.696 10.304 5.620 10.418 9.691 2.369 11.454 5.647 1.543 8.744 9.628 0.982 6.809 6.675 7.133 1.785 5.790 
8.353 4.376 4.389 4.656 9.103 2.495 4.658 3.116 3.092 8.314 1.011 5.900 2.201 0.800 1.283 2.945 4.843 4.007 7.168 1.466 0.913 4.170 4.412 3.430 6.902 6.511 8.594 6.800 7.343 4.046 4.599 7.044 2.824 2.807 9.455 9.486 3.943 5.174 3.925 3.350 5.083 7.985 3.844 3.164 4.095 6.290 5.241 1.958 4.800 4.911 5.931 0.575 3.409 8.163 7.725 1.158 3.101 4.603 8.753 2.047 2.031 1.915 5.250 1.872 2.249 8.518 0.236 3.581 6.611 3.489 8.004 5.308 4.452 5.725 7.275 7.759 8.290 7.900 7.383 2.174 4.767 4.840 2.065 2.377 2.449 4.007 3.776 0.591 7.812 3.363 4.107 8.100 0.681 6.050 8.654 2.655 7.113 5.286 8.244 4.596 
7.197 3.653 6.524 8.390 9.065 6.329 7.426 2.064 4.053 6.526 3.791 1.963 3.017 3.672 4.862 3.068 6.175 2.824 7.905 4.692 4.367 1.959 4.548 1.355 7.871 4.590 7.441 7.828 4.735 2.354 7.712 3.819 4.247 5.395 9.485 9.209 2.784 3.061 0.501 4.277 1.321 8.472 7.167 3.213 3.786 3.478 1.279 4.908 8.418 2.489 3.044 4.113 1.122 7.369 7.537 4.967 6.934 1.361 5.047 2.774 2.347 3.862 6.168 5.764 3.404 7.603 3.804 7.421 5.435 2.422 6.244 1.338 5.942 4.355 3.397 8.437 5.742 6.271 6.581 2.860 8.171 7.711 3.187 2.801 2.290 3.895 1.490 4.558 6.821 2.974 5.712 7.514 3.846 2.079 8.094 3.685 4.028 8.084 7.397 6.599 
8.812 4.991 7.102 8.125 10.461 5.964 7.760 0.438 2.393 8.235 2.861 3.418 3.605 2.862 4.658 1.406 7.043 4.200 9.048 4.651 3.484 0.705 5.704 0.428 8.936 6.281 9.060 8.873 6.502 3.824 7.875 5.572 4.898 5.709 10.870 10.668 1.060 4.723 1.313 5.123 3.031 9.708 7.196 1.498 2.019 5.246 2.532 5.017 8.258 4.177 4.812 3.841 2.444 8.913 8.938 4.618 6.567 1.340 6.608 1.575 1.439 4.221 7.181 5.334 1.979 9.177 3.244 7.044 7.009 0.651 7.944 2.744 6.737 5.926 4.855 9.613 7.511 7.952 8.106 3.440 8.166 8.001 1.865 1.401 1.057 5.061 0.416 3.973 8.395 1.219 6.449 9.014 3.660 3.280 9.600 4.386 5.792 8.420 8.953 7.234 
1.625 2.476 5.026 8.773 3.739 7.687 6.312 7.311 8.929 1.623 7.488 5.524 4.648 7.236 6.558 8.113 3.841 3.085 3.657 6.117 7.715 7.545 2.611 6.774 3.939 1.314 1.875 3.994 2.426 3.379 7.028 3.640 4.288 5.419 4.162 3.730 8.253 2.564 6.098 3.719 4.926 3.737 7.096 8.331 9.140 2.897 5.936 5.818 8.488 3.148 3.141 6.436 4.752 1.791 2.347 6.929 8.063 6.907 5.554 7.336 6.849 5.036 3.262 7.523 8.011 1.999 6.868 8.414 0.219 7.794 1.347 5.687 4.036 1.268 5.602 3.928 2.621 1.156 1.079 4.710 7.849 6.622 7.724 7.580 7.132 2.838 7.029 7.241 1.219 8.219 4.178 2.016 6.190 6.090 2.559 4.225 3.348 6.713 1.805 4.864 
6.067 5.300 9.061 12.055 8.743 10.265 10.280 6.560 8.569 4.787 8.292 2.778 6.493 8.136 8.792 7.576 8.157 4.913 8.749 8.478 8.821 6.014 6.297 5.830 8.962 3.905 6.224 8.991 2.762 4.557 10.820 1.625 7.197 8.600 9.144 8.572 6.991 3.795 4.920 6.860 3.275 8.894 10.537 7.681 8.032 2.589 3.678 8.483 11.944 3.666 2.691 8.205 4.841 6.643 7.483 9.018 10.823 5.037 0.518 7.356 6.916 7.355 7.784 9.811 7.984 6.638 8.133 11.287 5.159 6.795 4.684 3.444 8.146 4.634 1.464 9.072 3.148 4.892 6.165 6.409 11.495 10.603 7.771 7.377 6.871 5.905 5.795 8.833 6.060 7.389 8.097 6.994 7.908 3.073 7.416 6.742 1.844 10.851 6.594 9.009 
2.363 4.668 4.808 8.577 0.815 8.244 5.822 9.673 10.970 3.679 9.180 8.516 6.421 8.919 7.581 10.307 3.733 5.481 1.717 7.151 9.215 10.123 4.042 9.264 2.189 4.385 2.349 2.319 5.412 5.925 6.595 6.702 5.481 5.988 1.217 1.215 10.686 5.431 8.742 4.976 7.830 1.078 7.015 10.545 11.445 5.962 8.827 6.703 8.166 5.993 6.179 7.786 7.266 1.645 0.753 7.975 8.417 9.631 8.536 9.406 8.971 6.394 3.160 8.322 10.013 1.853 8.424 8.623 3.133 10.185 3.641 8.599 4.122 4.065 8.673 1.475 5.297 3.391 2.014 6.546 7.431 6.050 9.731 9.707 9.341 4.636 9.575 8.543 2.152 10.510 4.441 1.237 7.625 9.076 1.119 5.731 6.401 5.927 1.737 4.559 
5.517 4.885 8.637 11.723 8.193 9.985 9.871 6.561 8.570 4.241 8.160 2.869 6.209 7.990 8.525 7.578 7.701 4.556 8.226 8.194 8.667 6.098 5.858 5.831 8.448 3.381 5.675 8.480 2.215 4.239 10.431 1.175 6.838 8.244 8.594 8.022 7.068 3.392 4.912 6.474 3.214 8.356 10.178 7.699 8.111 2.146 3.758 8.171 11.594 3.329 2.310 7.973 4.665 6.094 6.939 8.769 10.531 5.132 0.954 7.289 6.831 7.052 7.308 9.554 7.936 6.088 7.950 10.989 4.627 6.834 4.135 3.503 7.706 4.143 1.744 8.540 2.614 4.342 5.621 6.136 11.124 10.195 7.710 7.336 6.823 5.497 5.833 8.629 5.511 7.422 7.672 6.445 7.674 3.246 6.866 6.406 1.342 10.429 6.044 8.574 
4.172 3.190 6.914 10.130 6.705 8.506 8.164 5.926 7.867 3.076 7.077 2.917 4.772 6.874 7.089 6.906 5.954 2.989 6.526 6.722 7.514 5.746 4.126 5.234 6.727 1.704 4.371 6.753 0.939 2.780 8.749 0.640 5.225 6.623 7.120 6.613 6.645 1.757 4.352 4.815 2.707 6.717 8.544 7.070 7.662 0.509 3.606 6.638 9.970 1.886 0.891 6.628 3.599 4.643 5.352 7.372 9.023 4.880 2.704 6.416 5.924 5.552 5.556 8.129 7.103 4.713 6.732 9.464 2.975 6.302 2.873 3.325 5.970 2.394 2.630 6.872 1.890 3.016 4.060 4.728 9.467 8.489 6.845 6.539 6.025 3.809 5.348 7.347 4.041 6.849 5.951 4.951 6.332 3.463 5.433 4.842 0.415 8.708 4.615 6.842 
9.139 5.209 6.953 7.671 10.643 5.505 7.510 0.267 1.743 8.643 2.307 4.075 3.575 2.351 4.282 0.750 7.011 4.458 9.112 4.333 2.922 1.237 5.821 0.997 8.967 6.683 9.389 8.894 7.002 4.138 7.563 6.144 4.830 5.489 11.045 10.886 0.965 5.120 1.916 5.125 3.628 9.811 6.848 0.890 1.630 5.754 3.197 4.742 7.835 4.603 5.321 3.473 2.788 9.191 9.133 4.194 6.099 2.014 7.260 1.017 1.076 4.070 7.208 4.866 1.311 9.474 2.803 6.567 7.321 0.460 8.346 3.398 6.681 6.248 5.518 9.688 8.015 8.336 8.380 3.420 7.794 7.734 1.228 0.766 0.616 5.199 1.096 3.491 8.696 0.706 6.375 9.265 3.333 3.955 9.851 4.358 6.348 8.164 9.239 7.106 
1.666 2.644 5.417 9.134 4.026 7.987 6.706 7.320 8.999 1.316 7.636 5.315 4.823 7.388 6.816 8.156 4.244 3.165 4.073 6.380 7.892 7.493 2.918 6.754 4.364 1.049 1.906 4.420 2.036 3.401 7.415 3.305 4.564 5.744 4.443 3.962 8.237 2.479 6.039 4.002 4.773 4.120 7.458 8.368 9.150 2.627 5.781 6.103 8.859 3.055 2.913 6.651 4.751 1.991 2.697 7.181 8.381 6.813 5.169 7.412 6.919 5.272 3.675 7.798 8.096 2.129 7.046 8.743 0.566 7.792 1.016 5.523 4.423 1.325 5.301 4.327 2.192 0.881 1.386 4.873 8.230 7.019 7.810 7.642 7.179 3.072 6.991 7.453 1.390 8.239 4.551 2.275 6.396 5.882 2.780 4.457 3.001 7.120 1.981 5.262 
7.881 4.698 7.764 9.602 9.967 7.511 8.682 2.560 4.518 7.038 4.753 1.377 4.273 4.680 6.065 3.541 7.365 3.884 8.979 5.919 5.362 1.872 5.664 1.877 8.980 5.199 8.115 8.946 5.032 3.377 8.967 3.844 5.492 6.651 10.392 10.054 2.851 3.804 1.165 5.493 1.455 9.492 8.413 3.609 3.889 3.820 0.506 6.153 9.647 3.225 3.418 5.292 2.337 8.146 8.452 6.141 8.119 0.894 4.533 3.572 3.248 5.118 7.314 6.927 4.089 8.338 4.901 8.607 6.214 2.698 6.783 0.785 7.151 5.169 2.751 9.489 5.986 6.854 7.391 4.116 9.417 8.967 3.933 3.486 3.036 5.021 1.726 5.663 7.570 3.293 6.934 8.338 5.038 1.143 8.904 4.930 4.125 9.339 8.159 7.833 
5.408 1.910 5.289 7.879 7.246 6.050 6.374 3.571 5.366 4.846 4.404 2.551 2.281 4.198 4.579 4.460 4.698 1.112 6.190 4.264 4.838 3.748 2.907 2.987 6.202 2.886 5.655 6.173 3.340 0.595 6.810 2.903 3.145 4.506 7.667 7.384 4.471 1.323 2.310 2.960 1.636 6.706 6.426 4.657 5.396 2.179 2.499 4.291 7.802 0.841 1.795 4.026 1.016 5.550 5.719 4.818 6.610 3.171 4.732 3.833 3.332 3.157 4.574 5.604 4.529 5.793 4.065 7.077 3.623 4.031 4.550 2.334 4.539 2.539 3.547 6.698 4.343 4.546 4.758 2.194 7.412 6.686 4.256 4.006 3.510 2.287 3.231 4.707 5.011 4.500 4.376 5.689 3.727 3.004 6.270 2.627 2.974 7.000 5.582 5.308 
7.101 3.185 5.490 7.167 8.646 5.105 6.306 1.852 3.536 6.648 2.747 3.119 1.932 2.586 3.637 2.652 5.296 2.418 7.236 3.474 3.273 2.370 3.883 1.459 7.139 4.692 7.351 7.080 5.153 2.105 6.546 4.523 3.223 4.252 9.054 8.867 2.849 3.140 1.345 3.367 2.316 7.886 5.971 2.862 3.670 3.947 2.503 3.712 7.202 2.670 3.531 2.891 0.828 7.152 7.127 3.746 5.709 2.250 6.041 2.007 1.509 2.711 5.390 4.545 2.701 7.433 2.632 6.196 5.281 2.355 6.347 2.540 5.017 4.211 4.500 7.797 6.162 6.324 6.340 1.766 6.974 6.578 2.433 2.174 1.685 3.239 1.813 3.373 6.655 2.745 4.752 7.231 2.621 3.295 7.818 2.677 4.662 6.968 7.199 5.593 
10.602 6.562 7.474 7.234 11.825 5.158 7.737 2.087 0.079 10.236 2.090 5.888 4.590 2.309 4.339 1.070 7.811 5.902 10.071 4.566 2.466 2.817 6.974 2.818 9.854 8.286 10.852 9.763 8.724 5.674 7.605 7.938 5.658 5.900 12.206 12.133 1.943 6.740 3.735 6.083 5.441 10.842 6.804 0.991 1.330 7.491 5.003 5.057 7.503 6.265 7.063 3.668 4.418 10.570 10.358 4.098 5.680 3.744 9.077 1.650 2.139 4.770 8.133 4.536 0.999 10.883 2.891 6.089 8.780 1.909 9.932 5.213 7.438 7.741 7.326 10.662 9.737 9.896 9.758 4.468 7.636 7.899 1.283 1.427 1.924 6.417 2.875 3.276 10.120 1.328 7.102 10.592 3.677 5.739 11.173 5.305 8.128 8.349 10.631 7.672 
4.982 2.943 6.688 9.608 7.333 7.845 7.876 4.843 6.802 4.027 6.131 1.959 4.069 5.943 6.384 5.832 5.870 2.473 6.828 6.054 6.605 4.646 3.986 4.143 6.959 2.316 5.202 6.964 2.004 2.110 8.392 1.109 4.753 6.155 7.757 7.319 5.546 1.457 3.255 4.437 1.614 7.146 8.091 5.991 6.566 0.792 2.549 6.041 9.496 1.221 0.457 5.842 2.618 5.354 5.890 6.631 8.393 3.789 2.966 5.387 4.903 4.917 5.575 7.414 6.065 5.485 5.857 8.853 3.507 5.209 3.788 2.272 5.812 2.638 2.163 7.243 2.986 3.886 4.675 3.995 9.054 8.198 5.815 5.490 4.973 3.522 4.250 6.517 4.754 5.761 5.729 5.611 5.544 2.526 6.139 4.294 1.255 8.465 5.346 6.656 
5.768 4.366 8.119 11.006 8.329 9.188 9.311 5.554 7.564 4.599 7.212 1.874 5.422 7.051 7.711 6.571 7.278 3.903 8.081 7.404 7.735 5.091 5.397 4.824 8.252 3.314 5.957 8.268 2.430 3.516 9.824 1.015 6.177 7.574 8.744 8.230 6.059 2.864 3.906 5.871 2.220 8.316 9.510 6.690 7.103 1.794 2.755 7.424 10.908 2.650 1.763 7.117 3.750 6.262 6.969 7.933 9.751 4.129 1.600 6.303 5.854 6.292 6.953 8.728 6.943 6.319 7.043 10.218 4.583 5.823 4.432 2.496 7.234 3.888 1.033 8.454 3.136 4.598 5.684 5.333 10.478 9.632 6.722 6.340 5.829 4.953 4.822 7.742 5.661 6.412 7.159 6.574 6.819 2.292 7.051 5.705 1.346 9.898 6.231 8.083 
7.406 5.254 1.554 2.602 6.581 3.102 0.268 7.711 7.881 8.138 5.805 9.146 4.650 5.616 3.545 7.741 2.726 5.688 4.313 3.387 5.439 8.659 4.325 7.776 3.855 7.174 7.567 3.720 8.444 6.128 0.612 8.964 3.500 2.286 6.767 7.155 8.657 6.754 7.880 3.712 8.210 5.146 1.317 7.968 8.909 7.995 8.847 2.961 2.168 6.933 7.857 4.285 6.624 6.841 5.822 3.791 2.938 8.776 11.054 6.794 6.628 3.826 3.338 3.553 7.066 7.228 5.046 2.936 6.395 8.163 7.894 8.779 2.549 6.220 10.157 4.758 9.038 7.670 6.371 4.807 1.430 0.058 6.875 7.141 7.087 4.644 8.159 4.613 6.856 8.138 2.494 6.548 4.378 9.526 6.889 4.047 8.844 0.469 6.959 1.701 
7.633 4.557 7.730 9.691 9.764 7.622 8.683 2.824 4.800 6.765 4.946 1.062 4.282 4.860 6.161 3.817 7.284 3.755 8.835 5.994 5.547 2.181 5.546 2.122 8.850 4.947 7.866 8.821 4.738 3.242 8.994 3.533 5.469 6.668 10.189 9.836 3.159 3.588 1.328 5.437 1.202 9.325 8.463 3.895 4.199 3.538 0.201 6.205 9.720 3.016 3.144 5.403 2.308 7.917 8.255 6.256 8.228 1.206 4.229 3.797 3.448 5.145 7.207 7.048 4.338 8.099 5.050 8.715 5.990 2.988 6.514 0.481 7.084 4.958 2.453 9.335 5.685 6.592 7.170 4.130 9.468 8.973 4.171 3.731 3.266 4.912 2.003 5.811 7.335 3.584 6.880 8.119 5.140 0.879 8.680 4.907 3.818 9.336 7.926 7.789 
8.562 5.153 7.922 9.420 10.536 7.284 8.743 1.950 3.803 7.780 4.321 2.214 4.368 4.289 5.893 2.858 7.646 4.325 9.409 5.807 4.943 1.082 6.051 1.390 9.372 5.900 8.801 9.328 5.821 3.845 8.959 4.670 5.646 6.686 10.958 10.659 2.053 4.438 1.124 5.731 2.207 9.973 8.347 2.891 3.079 4.590 1.340 6.101 9.508 3.854 4.176 5.089 2.611 8.785 9.011 5.916 7.894 0.203 5.343 3.063 2.831 5.147 7.662 6.674 3.489 8.997 4.596 8.378 6.846 1.974 7.515 1.615 7.396 5.779 3.553 9.940 6.790 7.572 8.010 4.203 9.341 9.012 3.376 2.912 2.528 5.396 1.107 5.350 8.221 2.557 7.151 8.952 4.864 1.919 9.527 5.091 4.944 9.406 8.805 8.016 
3.190 3.330 2.971 6.809 2.648 6.358 4.087 8.121 9.258 4.162 7.391 7.579 4.730 7.132 5.704 8.664 1.847 4.153 0.960 5.279 7.385 8.691 2.456 7.795 1.111 3.960 3.321 1.152 5.217 4.652 4.862 6.253 3.673 4.097 2.978 3.106 9.153 4.485 7.394 3.212 6.775 1.560 5.199 8.906 9.835 5.360 7.720 4.822 6.426 4.971 5.452 5.948 5.883 2.567 1.538 6.097 6.549 8.325 8.289 7.729 7.324 4.587 1.272 6.431 8.301 2.946 6.615 6.775 2.770 8.638 3.985 7.527 2.232 3.267 8.033 1.470 5.459 3.730 2.239 4.870 5.709 4.349 8.025 8.047 7.723 3.106 8.134 6.688 2.684 8.906 2.550 2.255 5.805 8.109 2.611 3.990 6.009 4.304 2.687 2.732 
4.853 1.323 4.867 7.688 6.636 5.967 6.007 4.087 5.799 4.376 4.658 3.048 2.212 4.433 4.533 4.930 4.189 0.594 5.594 4.177 5.035 4.332 2.353 3.542 5.618 2.427 5.102 5.594 3.079 0.223 6.492 2.914 2.837 4.235 7.057 6.781 5.020 0.922 2.908 2.561 2.171 6.098 6.171 5.138 5.917 2.053 3.084 4.132 7.574 0.711 1.751 4.071 1.520 4.965 5.109 4.811 6.501 3.781 4.888 4.232 3.732 3.019 4.021 5.572 4.925 5.219 4.224 6.953 3.049 4.563 4.072 2.902 4.062 1.966 3.890 6.096 4.048 4.046 4.167 2.167 7.138 6.325 4.644 4.436 3.960 1.765 3.805 4.805 4.437 5.004 3.929 5.092 3.776 3.536 5.675 2.372 2.914 6.615 5.001 4.864 
3.639 3.587 2.675 6.464 2.826 6.135 3.721 8.239 9.286 4.628 7.370 7.892 4.799 7.113 5.579 8.734 1.652 4.395 0.757 5.167 7.324 8.855 2.638 7.949 0.720 4.386 3.761 0.728 5.655 4.904 4.497 6.658 3.664 3.926 3.111 3.337 9.274 4.824 7.596 3.254 7.065 1.555 4.884 8.977 9.917 5.749 7.991 4.693 6.067 5.286 5.821 5.885 6.084 2.998 1.910 5.969 6.289 8.535 8.709 7.784 7.398 4.569 1.189 6.250 8.333 3.369 6.579 6.489 3.218 8.756 4.452 7.808 2.054 3.654 8.401 1.343 5.919 4.197 2.703 4.947 5.340 3.968 8.062 8.111 7.810 3.294 8.297 6.599 3.143 8.996 2.392 2.665 5.762 8.413 2.973 4.036 6.422 3.896 3.118 2.425 
9.413 6.584 3.476 0.408 8.823 1.920 2.403 7.495 7.077 9.985 5.178 9.809 5.243 5.076 3.219 7.225 4.684 6.775 6.550 3.360 4.640 8.545 5.865 7.769 6.101 8.736 9.597 5.966 9.926 7.109 1.655 10.180 4.505 3.111 9.023 9.385 8.287 7.978 8.129 4.942 8.895 7.396 1.273 7.417 8.270 9.248 9.319 3.217 0.451 8.005 9.022 4.024 7.179 8.910 7.967 3.224 1.375 8.908 12.184 6.403 6.406 4.349 5.326 2.562 6.451 9.301 4.609 1.027 8.175 7.856 9.714 9.318 4.391 7.774 11.018 7.015 10.654 9.514 8.355 5.360 0.949 2.228 6.339 6.715 6.827 5.973 8.130 3.932 8.846 7.666 4.198 8.652 4.250 10.084 9.040 4.926 10.125 2.511 9.024 3.703 
5.991 4.883 8.642 11.564 8.615 9.750 9.844 6.023 8.033 4.760 7.746 2.260 5.984 7.590 8.272 7.040 7.775 4.448 8.486 7.966 8.276 5.499 5.901 5.293 8.677 3.667 6.165 8.698 2.639 4.071 10.367 1.325 6.726 8.126 9.024 8.481 6.475 3.375 4.380 6.410 2.728 8.680 10.062 7.148 7.518 2.232 3.159 7.984 11.463 3.195 2.267 7.676 4.302 6.527 7.300 8.493 10.312 4.526 1.043 6.811 6.369 6.853 7.429 9.288 7.440 6.554 7.593 10.779 4.936 6.267 4.624 2.917 7.744 4.319 1.060 8.837 3.193 4.813 5.996 5.895 11.028 10.166 7.225 6.834 6.326 5.477 5.266 8.295 5.933 6.860 7.680 6.859 7.378 2.594 7.310 6.259 1.610 10.426 6.487 8.600 
4.578 4.817 8.455 11.797 7.309 10.210 9.729 7.376 9.364 3.249 8.727 3.879 6.480 8.533 8.798 8.382 7.416 4.689 7.609 8.428 9.185 7.032 5.671 6.657 7.883 2.888 4.708 7.931 1.587 4.488 10.348 1.506 6.896 8.284 7.694 7.079 7.982 3.450 5.742 6.458 4.024 7.631 10.189 8.525 9.022 2.216 4.729 8.334 11.619 3.588 2.559 8.333 5.218 5.214 6.170 9.080 10.721 6.093 1.842 7.984 7.503 7.257 6.948 9.838 8.657 5.154 8.417 11.158 4.010 7.699 3.201 4.458 7.482 3.797 2.917 7.859 1.565 3.436 4.852 6.436 11.091 10.053 8.412 8.074 7.556 5.434 6.709 9.046 4.662 8.273 7.502 5.593 8.036 4.320 5.957 6.534 1.378 10.241 5.149 8.359 
5.938 4.593 1.233 4.287 4.903 4.478 1.555 8.132 8.685 6.815 6.617 8.839 4.737 6.390 4.454 8.365 1.664 5.220 2.644 4.151 6.381 8.963 3.545 8.046 2.179 6.155 6.075 2.045 7.456 5.718 2.296 8.198 3.439 2.800 5.082 5.483 9.142 6.079 7.955 3.381 7.924 3.464 2.874 8.605 9.567 7.231 8.703 3.650 3.848 6.385 7.179 5.034 6.538 5.322 4.236 4.788 4.454 8.895 10.305 7.388 7.118 4.110 2.097 4.788 7.789 5.697 5.809 4.536 5.189 8.625 6.601 8.584 1.751 5.256 9.653 3.073 7.912 6.359 4.948 4.904 3.106 1.729 7.557 7.737 7.573 4.052 8.425 5.565 5.415 8.713 1.939 4.996 5.030 9.288 5.287 3.988 8.025 1.579 5.442 1.076 
5.763 3.603 7.290 10.010 8.138 8.150 8.437 4.554 6.556 4.757 6.135 1.210 4.403 5.973 6.667 5.567 6.542 3.019 7.605 6.374 6.656 4.195 4.661 3.829 7.722 3.113 5.979 7.722 2.647 2.577 8.910 1.404 5.245 6.625 8.562 8.120 5.140 2.182 2.910 4.991 1.191 7.942 8.552 5.700 6.179 1.549 1.937 6.420 9.933 1.806 1.262 6.054 2.674 6.152 6.695 6.877 8.720 3.272 2.670 5.249 4.792 5.286 6.286 7.676 5.900 6.275 5.966 9.192 4.312 4.860 4.533 1.657 6.453 3.431 1.465 8.031 3.562 4.648 5.480 4.304 9.533 8.754 5.671 5.302 4.787 4.146 3.868 6.668 5.551 5.438 6.343 6.414 5.758 1.764 6.939 4.745 1.685 9.045 6.141 7.277 
7.392 3.492 5.749 7.295 8.955 5.205 6.532 1.549 3.291 6.916 2.668 3.109 2.194 2.532 3.757 2.382 5.585 2.720 7.542 3.626 3.226 2.072 4.191 1.156 7.441 4.957 7.642 7.381 5.371 2.391 6.747 4.678 3.492 4.473 9.363 9.174 2.541 3.398 1.162 3.656 2.367 8.195 6.149 2.585 3.374 4.149 2.425 3.895 7.350 2.908 3.726 2.985 1.063 7.452 7.435 3.836 5.812 2.018 6.114 1.806 1.321 2.935 5.690 4.627 2.491 7.730 2.647 6.300 5.574 2.049 6.616 2.495 5.300 4.501 4.523 8.104 6.383 6.599 6.641 2.026 7.148 6.799 2.234 1.938 1.434 3.548 1.517 3.402 6.951 2.453 5.029 7.535 2.730 3.233 8.122 2.953 4.834 7.195 7.498 5.859 
2.887 3.153 3.185 7.043 2.594 6.507 4.341 8.026 9.225 3.835 7.395 7.347 4.680 7.135 5.786 8.602 2.016 3.981 1.213 5.353 7.417 8.562 2.347 7.674 1.424 3.653 3.027 1.474 4.901 4.470 5.112 5.959 3.686 4.219 2.954 3.003 9.053 4.241 7.241 3.195 6.559 1.671 5.415 8.842 9.762 5.076 7.516 4.911 6.671 4.742 5.183 5.986 5.734 2.286 1.334 6.180 6.723 8.164 7.983 7.679 7.261 4.601 1.399 6.550 8.267 2.671 6.631 6.966 2.449 8.543 3.656 7.317 2.381 2.990 7.762 1.657 5.132 3.402 1.918 4.814 5.960 4.611 7.988 7.991 7.650 2.984 8.006 6.742 2.370 8.830 2.680 1.998 5.829 7.883 2.399 3.963 5.709 4.585 2.405 2.954 
5.409 1.680 4.907 7.472 7.112 5.656 5.977 3.525 5.229 4.946 4.132 2.928 1.882 3.916 4.190 4.359 4.359 0.852 5.947 3.866 4.537 3.819 2.616 3.001 5.934 2.996 5.659 5.899 3.587 0.409 6.405 3.262 2.742 4.098 7.529 7.282 4.473 1.467 2.426 2.579 2.000 6.500 6.016 4.568 5.355 2.484 2.802 3.884 7.393 1.106 2.127 3.660 0.971 5.498 5.583 4.438 6.211 3.334 5.129 3.664 3.163 2.751 4.271 5.220 4.358 5.763 3.744 6.676 3.597 4.008 4.643 2.661 4.182 2.518 3.955 6.471 4.573 4.617 4.694 1.802 7.003 6.287 4.079 3.866 3.389 1.976 3.281 4.361 4.981 4.439 4.006 5.608 3.362 3.359 6.194 2.219 3.310 6.606 5.538 4.935 
2.556 5.428 5.593 9.316 0.226 9.053 6.559 10.452 11.783 3.901 10.007 9.130 7.237 9.746 8.411 11.107 4.547 6.230 2.411 7.982 10.046 10.871 4.851 10.024 2.872 4.916 2.459 3.006 5.828 6.656 7.326 7.177 6.312 6.809 0.566 0.433 11.459 6.086 9.473 5.803 8.485 1.609 7.781 11.342 12.236 6.504 9.490 7.532 8.892 6.659 6.756 8.618 8.013 1.935 1.484 8.805 9.212 10.347 8.907 10.213 9.773 7.224 3.985 9.143 10.827 1.983 9.253 9.404 3.714 10.962 3.928 9.253 4.940 4.716 9.186 2.023 5.577 3.700 2.537 7.358 8.153 6.771 10.543 10.511 10.136 5.432 10.327 9.375 2.527 11.300 5.262 1.611 8.455 9.694 1.173 6.555 6.862 6.618 1.986 5.341 
10.712 6.832 8.489 8.757 12.279 6.626 8.942 1.798 1.619 10.143 3.385 5.023 5.198 3.531 5.597 1.375 8.618 6.064 10.746 5.730 3.905 1.793 7.460 2.337 10.592 8.190 10.961 10.517 8.378 5.713 8.913 7.372 6.430 6.974 12.682 12.513 0.863 6.632 3.159 6.749 4.826 11.450 8.150 1.150 0.362 7.121 4.129 6.180 8.987 6.086 6.688 4.830 4.339 10.793 10.765 5.430 7.183 2.756 8.165 2.338 2.622 5.630 8.835 5.987 2.098 11.066 4.081 7.618 8.902 1.298 9.853 4.386 8.277 7.822 6.373 11.324 9.381 9.861 9.984 5.046 9.044 9.141 2.250 1.988 2.186 6.838 2.160 4.641 10.285 1.009 7.963 10.879 4.751 4.737 11.466 5.976 7.615 9.583 10.838 8.656 
8.751 5.357 8.115 9.570 10.737 7.428 8.927 2.022 3.813 7.957 4.427 2.323 4.559 4.406 6.048 2.889 7.847 4.529 9.614 5.972 5.051 1.075 6.255 1.515 9.576 6.085 8.990 9.532 5.983 4.048 9.134 4.811 5.840 6.868 11.159 10.857 2.020 4.631 1.323 5.931 2.376 10.177 8.515 2.905 3.028 4.758 1.473 6.274 9.665 4.048 4.348 5.241 2.814 8.980 9.212 6.062 8.037 0.380 5.415 3.156 2.950 5.330 7.866 6.813 3.550 9.189 4.730 8.520 7.041 1.994 7.695 1.752 7.596 5.975 3.622 10.145 6.946 7.755 8.207 4.394 9.507 9.194 3.451 2.986 2.626 5.600 1.200 5.480 8.414 2.564 7.348 9.150 5.021 1.986 9.723 5.286 5.091 9.590 8.999 8.210 
4.285 0.224 3.718 6.856 5.661 5.364 4.919 4.832 6.291 4.158 4.788 4.290 1.959 4.536 4.058 5.533 2.958 0.693 4.411 3.642 5.028 5.278 1.111 4.410 4.404 2.434 4.533 4.373 3.501 1.206 5.471 3.788 1.963 3.343 6.071 5.883 5.836 1.569 3.936 1.524 3.411 4.975 5.255 5.763 6.630 2.827 4.300 3.457 6.683 1.791 2.670 3.807 2.432 4.229 4.140 4.398 5.835 4.860 5.868 4.696 4.225 2.481 2.780 5.079 5.354 4.541 4.182 6.252 2.485 5.340 3.848 4.131 2.857 1.573 5.061 4.936 4.325 3.744 3.416 2.012 6.178 5.243 5.067 4.964 4.552 0.552 4.726 4.604 3.784 5.695 2.759 4.271 3.543 4.778 4.856 1.680 3.694 5.498 4.289 3.689 
6.015 2.223 5.146 7.416 7.685 5.498 6.135 2.920 4.648 5.535 3.669 2.787 1.812 3.469 4.011 3.764 4.720 1.404 6.441 3.736 4.119 3.238 3.079 2.403 6.400 3.579 6.264 6.356 4.084 1.013 6.500 3.596 2.898 4.168 8.100 7.868 3.870 2.028 1.885 2.850 1.857 7.027 6.042 3.970 4.750 2.916 2.483 3.832 7.377 1.583 2.521 3.395 0.381 6.099 6.157 4.215 6.076 2.818 5.322 3.100 2.598 2.709 4.697 5.014 3.795 6.367 3.366 6.552 4.202 3.403 5.234 2.394 4.504 3.123 3.981 6.979 5.085 5.213 5.293 1.688 7.042 6.434 3.520 3.285 2.799 2.424 2.694 4.035 5.585 3.836 4.293 6.203 3.098 3.140 6.789 2.342 3.690 6.781 6.140 5.201 
4.689 1.977 1.792 5.310 5.031 4.284 3.048 5.892 6.879 5.101 4.981 6.180 2.418 4.723 3.380 6.339 1.090 2.559 3.162 2.940 4.980 6.588 1.011 5.669 2.977 3.888 4.903 2.901 5.139 3.059 3.679 5.671 1.264 1.970 5.380 5.433 6.928 3.484 5.438 0.870 5.270 3.937 3.638 6.582 7.529 4.699 6.075 2.528 5.051 3.743 4.593 3.548 3.963 4.325 3.698 3.774 4.612 6.386 7.772 5.382 5.008 2.177 1.226 4.222 5.925 4.709 4.204 4.944 3.280 6.407 4.823 5.943 0.910 2.925 7.011 3.751 5.786 4.632 3.635 2.574 4.456 3.373 5.655 5.712 5.431 1.401 6.033 4.305 4.116 6.615 0.827 4.178 3.395 6.636 4.691 1.641 5.537 3.585 4.425 1.741 
7.679 3.990 3.037 3.614 8.067 1.656 3.244 4.377 4.502 7.857 2.419 6.569 2.121 2.215 0.290 4.335 3.659 3.893 6.005 0.161 2.149 5.383 3.693 4.555 5.694 6.233 7.908 5.582 7.252 4.109 3.225 7.230 1.996 1.458 8.391 8.502 5.280 5.133 4.858 2.570 5.672 6.852 2.518 4.560 5.501 6.365 6.048 0.615 3.653 5.025 6.070 0.879 3.943 7.383 6.785 0.684 2.222 5.661 9.127 3.398 3.279 1.330 4.151 1.280 3.661 7.760 1.639 2.698 6.062 4.800 7.555 6.056 3.256 5.339 7.833 6.588 8.118 7.411 6.651 2.201 3.491 3.433 3.466 3.742 3.729 3.476 4.928 1.344 7.115 4.737 2.913 7.260 1.019 6.821 7.781 2.120 7.233 3.877 7.477 3.261 
4.477 2.755 6.517 9.591 6.863 7.905 7.737 5.246 7.177 3.516 6.387 2.468 4.146 6.187 6.469 6.219 5.632 2.421 6.448 6.115 6.831 5.107 3.761 4.561 6.603 1.826 4.695 6.616 1.529 2.150 8.287 0.985 4.697 6.102 7.286 6.833 5.989 1.251 3.692 4.329 2.101 6.728 8.035 6.387 6.998 0.283 3.055 6.060 9.453 1.237 0.198 5.978 2.902 4.864 5.438 6.739 8.436 4.271 3.050 5.720 5.227 4.955 5.293 7.507 6.407 4.986 6.057 8.885 3.046 5.632 3.275 2.779 5.606 2.245 2.531 6.842 2.531 3.375 4.202 4.091 8.979 8.060 6.148 5.845 5.332 3.361 4.691 6.685 4.263 6.172 5.552 5.131 5.681 3.033 5.651 4.278 0.986 8.305 4.852 6.466 
3.376 0.698 4.041 7.480 4.947 6.139 5.312 5.640 7.178 3.255 5.709 4.540 2.877 5.457 4.900 6.391 3.060 1.372 3.999 4.471 5.946 5.991 1.254 5.162 4.087 1.666 3.625 4.083 2.878 1.772 5.939 3.479 2.696 3.990 5.367 5.110 6.620 1.458 4.589 2.167 3.752 4.437 5.833 6.615 7.458 2.514 4.721 4.234 7.262 1.932 2.501 4.703 3.137 3.365 3.419 5.255 6.575 5.472 5.586 5.582 5.102 3.338 2.695 5.902 6.250 3.659 5.100 6.968 1.566 6.139 2.947 4.514 3.080 0.716 5.059 4.466 3.587 2.831 2.552 2.933 6.700 5.636 5.962 5.838 5.408 1.161 5.452 5.504 2.890 6.527 3.085 3.446 4.445 5.073 4.033 2.524 3.311 5.832 3.416 3.955 
3.479 3.716 7.255 10.698 6.162 9.215 8.537 7.007 8.930 2.225 8.041 3.964 5.573 7.827 7.852 7.977 6.186 3.732 6.350 7.459 8.445 6.845 4.491 6.322 6.619 1.644 3.641 6.666 0.367 3.638 9.179 1.439 5.828 7.189 6.560 5.983 7.742 2.514 5.447 5.354 3.807 6.399 9.066 8.147 8.756 1.509 4.691 7.316 10.496 2.815 1.939 7.463 4.618 4.060 4.952 8.161 9.700 5.978 2.919 7.451 6.954 6.282 5.701 8.889 8.142 4.050 7.639 10.119 2.746 7.392 2.099 4.410 6.272 2.583 3.433 6.613 0.795 2.303 3.630 5.552 9.941 8.861 7.878 7.590 7.079 4.321 6.445 8.213 3.485 7.934 6.312 4.420 7.172 4.492 4.829 5.519 1.110 9.032 4.008 7.147 
7.483 3.424 4.817 6.056 8.682 3.959 5.459 2.095 3.112 7.226 1.735 4.294 1.469 1.525 2.518 2.469 4.870 2.832 7.022 2.418 2.178 2.990 3.826 2.112 6.852 5.320 7.732 6.774 5.985 2.717 5.603 5.534 2.684 3.405 9.070 8.978 3.109 3.851 2.398 3.013 3.476 7.755 4.964 2.712 3.654 4.852 3.661 2.737 6.124 3.492 4.464 1.739 1.832 7.420 7.205 2.590 4.566 3.187 7.167 1.538 1.133 1.930 5.098 3.383 2.163 7.740 1.469 5.054 5.669 2.590 6.917 3.712 4.534 4.666 5.667 7.606 6.970 6.853 6.611 1.329 5.954 5.706 1.876 1.850 1.563 3.258 2.493 2.199 6.985 2.742 4.225 7.435 1.488 4.462 8.015 2.234 5.634 6.121 7.484 4.963 
4.961 2.455 1.316 4.928 5.051 4.055 2.583 6.166 7.035 5.462 5.076 6.630 2.688 4.823 3.300 6.551 0.761 3.020 3.040 2.876 5.016 6.908 1.477 5.987 2.792 4.333 5.164 2.700 5.595 3.513 3.235 6.148 1.428 1.739 5.377 5.494 7.198 3.962 5.808 1.200 5.714 3.862 3.250 6.795 7.751 5.176 6.499 2.420 4.647 4.215 5.071 3.577 4.356 4.542 3.808 3.694 4.333 6.755 8.250 5.583 5.236 2.294 1.137 4.059 6.090 4.932 4.279 4.634 3.656 6.676 5.193 6.376 0.468 3.374 7.483 3.631 6.218 4.991 3.898 2.851 4.029 2.908 5.828 5.920 5.672 1.874 6.358 4.295 4.388 6.849 0.356 4.357 3.461 7.078 4.839 1.904 6.012 3.110 4.648 1.264 
2.880 3.293 6.704 10.229 5.529 8.829 7.993 7.037 8.904 1.706 7.872 4.285 5.279 7.646 7.508 7.976 5.605 3.438 5.693 7.101 8.238 6.976 3.976 6.380 5.968 1.089 3.059 6.017 0.476 3.431 8.653 1.894 5.406 6.735 5.931 5.372 7.834 2.293 5.542 4.903 3.990 5.739 8.580 8.160 8.825 1.607 4.935 6.922 10.007 2.709 2.027 7.176 4.554 3.430 4.296 7.835 9.292 6.157 3.567 7.382 6.881 5.931 5.100 8.538 8.077 3.443 7.414 9.698 2.096 7.452 1.527 4.657 5.714 2.054 3.936 5.953 0.861 1.703 2.973 5.277 9.431 8.315 7.804 7.549 7.047 3.875 6.539 7.947 2.846 7.970 5.774 3.780 6.892 4.835 4.207 5.143 1.559 8.468 3.384 6.584 
3.324 5.626 5.174 8.760 0.677 8.684 6.018 10.579 11.784 4.666 9.923 9.570 7.243 9.664 8.179 11.167 4.249 6.449 1.933 7.765 9.906 11.078 4.905 10.204 2.339 5.454 3.264 2.472 6.471 6.911 6.769 7.770 6.205 6.519 0.631 1.258 11.602 6.473 9.721 5.741 8.867 1.061 7.293 11.407 12.325 7.031 9.859 7.292 8.317 7.027 7.244 8.467 8.229 2.639 1.809 8.568 8.789 10.623 9.588 10.243 9.826 7.119 3.764 8.834 10.826 2.770 9.144 8.942 4.201 11.095 4.656 9.636 4.651 5.112 9.742 1.408 6.315 4.413 3.081 7.378 7.574 6.202 10.548 10.556 10.213 5.530 10.526 9.193 3.187 11.392 4.991 2.254 8.332 10.128 1.961 6.517 7.467 6.005 2.714 4.917 
6.329 2.698 5.699 7.875 8.122 5.907 6.675 2.674 4.533 5.746 3.810 2.295 2.312 3.636 4.418 3.598 5.273 1.870 6.954 4.175 4.314 2.832 3.603 2.069 6.926 3.789 6.576 6.886 4.122 1.406 7.022 3.446 3.445 4.690 8.541 8.280 3.552 2.229 1.412 3.407 1.389 7.518 6.541 3.784 4.490 2.895 1.931 4.310 7.856 1.695 2.472 3.749 0.342 6.464 6.594 4.590 6.496 2.315 5.016 3.059 2.568 3.203 5.236 5.394 3.746 6.712 3.619 6.978 4.541 3.120 5.454 1.856 5.060 3.456 3.567 7.483 5.135 5.458 5.668 2.175 7.544 6.971 3.487 3.189 2.679 2.952 2.310 4.329 5.929 3.607 4.849 6.594 3.458 2.611 7.177 2.886 3.587 7.323 6.498 5.756 
2.423 1.828 4.913 8.518 4.484 7.263 6.205 6.516 8.171 2.113 6.804 4.756 4.002 6.557 6.045 7.336 3.803 2.332 4.099 5.614 7.068 6.731 2.247 5.967 4.310 0.772 2.671 4.342 2.068 2.586 6.880 3.066 3.822 5.067 4.909 4.516 7.448 1.750 5.283 3.276 4.126 4.317 6.852 7.551 8.346 2.223 5.135 5.364 8.271 2.334 2.409 5.846 3.950 2.600 3.026 6.402 7.682 6.091 5.090 6.582 6.090 4.486 3.302 7.043 7.264 2.815 6.222 8.062 0.666 6.994 1.804 4.890 3.920 0.491 4.941 4.452 2.573 1.705 1.849 4.046 7.672 6.525 6.978 6.815 6.358 2.299 6.218 6.646 2.035 7.430 3.997 2.798 5.586 5.320 3.357 3.671 2.811 6.669 2.618 4.786 
8.826 5.137 7.498 8.670 10.602 6.513 8.212 1.007 2.854 8.167 3.436 3.019 3.958 3.432 5.181 1.898 7.364 4.322 9.289 5.149 4.060 0.323 5.924 0.652 9.204 6.232 9.071 9.147 6.338 3.900 8.359 5.314 5.259 6.153 11.017 10.778 1.212 4.696 1.141 5.435 2.767 9.916 7.700 1.942 2.254 5.082 2.119 5.494 8.791 4.128 4.652 4.365 2.537 8.973 9.074 5.159 7.118 0.812 6.201 2.152 1.993 4.640 7.459 5.887 2.534 9.219 3.796 7.597 7.048 1.025 7.886 2.360 7.077 5.964 4.425 9.844 7.336 7.913 8.176 3.791 8.678 8.463 2.435 1.970 1.631 5.272 0.269 4.533 8.436 1.619 6.802 9.100 4.170 2.815 9.683 4.727 5.557 8.875 9.006 7.618 
9.143 5.473 4.047 2.956 9.370 0.849 3.789 4.864 4.334 9.346 2.463 7.677 3.504 2.397 1.221 4.501 4.909 5.329 7.219 1.650 1.899 5.934 5.169 5.237 6.862 7.712 9.368 6.740 8.703 5.496 3.453 8.598 3.476 2.637 9.670 9.837 5.586 6.562 5.745 4.048 6.828 8.085 2.619 4.685 5.525 7.767 7.049 1.976 3.193 6.405 7.449 1.707 5.114 8.821 8.160 0.903 1.380 6.418 10.420 3.732 3.813 2.798 5.463 0.321 3.716 9.201 2.024 1.827 7.547 5.181 9.044 7.103 4.510 6.826 9.018 7.786 9.587 8.899 8.106 3.551 3.348 3.861 3.623 4.023 4.198 4.965 5.573 1.273 8.576 4.947 4.184 8.676 2.002 7.853 9.180 3.602 8.625 4.304 8.918 4.298 
