25 50 150
107 194 129 211 73 120 96 78 134 142 107 54 179 96 115 72 152 170 70 83 104 84 256 108 168 
90 150 79 67 139 298 74 318 47 295 327 178 227 73 233 190 182 79 149 100 336 178 242 75 288 105 74 237 246 128 28 339 263 238 185 239 130 251 92 121 129 332 266 192 114 263 238 277 224 168 
32 30 5 10 25 19 23 7 28 6 35 17 13 22 23 33 17 30 27 24 29 11 5 21 8 33 22 33 11 35 29 17 33 34 35 17 10 6 15 6 34 12 34 35 14 30 6 13 17 33 12 19 33 6 22 26 18 10 7 7 12 9 14 27 10 10 28 34 22 27 13 31 33 26 5 12 30 24 34 30 8 23 35 29 22 5 30 32 14 10 16 25 13 18 33 9 12 34 14 7 10 21 16 17 6 33 29 9 8 18 28 32 35 32 31 35 33 6 23 6 6 31 22 16 35 24 26 23 35 19 14 16 22 11 14 7 13 6 33 19 31 14 17 32 21 11 35 26 29 10 
753.353 869.091 695.081 552.396 840.706 1260.237 676.622 1216.081 477.630 1278.303 1233.629 994.709 1031.992 660.890 1159.452 1009.687 912.729 662.802 924.217 738.559 1256.874 979.110 1094.314 655.916 1205.331 750.696 666.093 1170.078 1119.221 847.569 379.476 1322.593 1212.424 1135.042 1011.590 1083.720 874.308 1201.307 696.831 802.829 847.120 1249.305 1193.973 1013.190 790.418 1202.850 1117.170 1194.201 1088.299 963.710 
4.937 8.606 4.988 4.094 5.138 3.755 2.484 8.817 3.103 5.786 6.292 5.989 6.614 8.811 3.283 7.864 5.339 2.531 8.433 8.067 6.439 2.776 3.856 3.337 3.261 3.501 1.593 6.593 9.643 1.600 5.703 4.011 2.551 9.042 4.079 9.003 6.698 5.118 0.963 7.050 6.547 3.024 4.634 3.988 3.334 5.000 3.500 8.701 3.031 5.659 
6.632 9.401 6.737 5.626 6.727 2.426 3.397 9.226 2.626 7.556 6.313 6.374 6.779 9.298 5.041 9.226 6.453 3.504 9.749 9.777 7.550 4.413 4.029 2.388 4.559 4.762 1.079 8.271 11.119 0.961 7.319 5.723 2.383 10.240 5.814 10.303 7.757 6.146 0.826 8.736 8.071 2.387 5.634 4.882 2.439 5.375 4.421 10.333 1.416 7.160 
8.095 2.137 7.474 3.842 4.132 6.824 4.010 2.852 5.204 6.873 3.048 1.779 2.551 2.661 5.693 3.521 1.657 3.949 3.640 6.672 1.437 4.757 3.543 5.996 3.499 3.250 6.207 5.420 5.547 6.328 9.156 5.103 5.058 3.548 5.400 3.992 1.246 1.557 6.980 5.727 3.967 5.513 1.917 2.489 5.893 2.293 2.976 6.140 7.348 3.562 
5.582 4.199 4.918 1.450 1.529 7.005 3.245 5.444 5.341 4.266 4.981 3.760 4.717 5.214 3.362 2.676 1.009 3.114 3.220 4.455 1.578 2.734 4.045 6.159 1.994 1.790 5.608 3.006 4.624 5.721 6.631 2.612 4.912 3.858 2.893 3.787 1.928 1.358 5.993 3.393 1.863 5.594 1.572 2.194 6.069 3.533 2.432 4.342 7.119 1.100 
1.198 9.283 0.720 4.054 3.722 9.293 6.011 10.644 8.108 1.147 9.643 8.631 9.575 10.414 2.768 6.368 6.148 5.897 6.999 3.868 6.691 3.911 7.759 8.672 5.072 5.195 7.154 3.331 6.992 7.202 1.779 2.823 7.480 8.008 2.528 7.492 7.042 6.359 6.629 3.495 4.643 8.190 6.263 6.346 8.631 8.034 6.148 5.145 8.721 4.445 
7.473 4.203 6.689 4.557 3.678 10.436 6.746 6.248 8.754 5.440 7.425 6.139 6.924 5.861 6.092 0.904 3.902 6.616 0.857 3.469 3.087 5.935 7.296 9.582 5.485 5.293 9.113 3.257 1.192 9.226 8.344 5.151 8.374 1.765 5.303 1.028 3.154 4.328 9.454 3.168 2.218 9.025 4.781 5.539 9.487 6.398 5.871 2.299 10.614 3.002 
5.578 4.809 4.804 2.693 1.708 8.990 5.161 6.563 7.344 3.667 6.824 5.544 6.461 6.242 4.106 1.574 2.840 5.022 2.216 2.653 2.593 4.035 6.081 8.153 3.816 3.671 7.443 1.617 2.868 7.549 6.506 3.164 6.882 3.211 3.314 2.743 2.865 3.269 7.656 1.786 0.239 7.585 3.584 4.231 8.066 5.490 4.445 2.309 9.017 1.144 
7.044 7.514 6.916 4.705 5.837 1.837 2.037 7.200 0.680 7.378 4.268 4.364 4.732 7.290 4.864 7.844 4.894 2.179 8.294 9.105 5.937 3.867 2.013 1.091 3.401 3.523 1.054 7.537 9.859 1.146 7.927 5.246 0.378 8.644 5.434 8.815 6.089 4.521 2.178 8.006 6.980 0.619 4.016 3.232 1.042 3.380 2.850 9.403 1.940 6.070 
5.414 4.438 4.785 1.182 1.584 6.603 2.821 5.541 4.947 4.252 4.817 3.644 4.606 5.339 3.092 3.109 1.031 2.688 3.650 4.708 1.859 2.367 3.705 5.760 1.562 1.358 5.178 3.206 5.048 5.291 6.472 2.422 4.503 4.266 2.716 4.215 2.194 1.259 5.562 3.621 2.210 5.194 1.331 1.854 5.672 3.309 2.043 4.688 6.695 1.363 
8.672 4.979 8.283 4.949 5.839 3.890 3.037 4.213 2.560 8.225 1.186 1.600 1.664 4.367 6.145 6.556 3.714 3.103 6.799 9.015 4.369 4.972 1.280 3.171 3.757 3.659 4.117 7.519 8.646 4.221 9.695 6.038 2.774 6.798 6.319 7.205 4.344 3.279 5.185 7.934 6.403 2.852 2.997 2.562 3.071 1.067 2.680 8.845 4.695 5.656 
6.964 4.305 6.490 2.993 3.836 4.803 1.914 4.459 3.130 6.293 2.666 1.774 2.647 4.425 4.420 4.832 1.844 1.885 5.186 7.019 2.744 3.287 1.565 3.952 1.958 1.793 4.025 5.515 6.920 4.146 8.016 4.157 2.906 5.414 4.450 5.666 2.846 1.408 4.825 5.933 4.445 3.429 1.021 0.638 3.851 1.062 0.999 6.913 5.213 3.664 
7.070 4.624 6.633 3.234 4.141 4.397 1.747 4.624 2.730 6.516 2.524 1.827 2.607 4.623 4.525 5.244 2.252 1.748 5.600 7.363 3.156 3.366 1.151 3.548 2.082 1.959 3.704 5.842 7.331 3.824 8.112 4.343 2.536 5.819 4.630 6.079 3.251 1.818 4.556 6.269 4.821 3.031 1.408 0.847 3.446 0.932 1.024 7.295 4.835 4.018 
7.668 6.795 6.917 6.157 5.050 12.549 8.716 8.866 10.900 5.516 9.996 8.701 9.525 8.472 7.142 3.455 6.232 8.576 3.484 2.682 5.606 7.397 9.588 11.711 7.362 7.227 10.963 3.690 1.680 11.066 8.290 6.247 10.441 4.192 6.277 3.426 5.730 6.672 11.086 3.295 3.769 11.143 7.057 7.753 11.623 8.850 7.995 1.510 12.557 4.682 
1.966 7.862 1.222 2.545 2.296 8.161 4.655 9.155 6.848 1.000 8.152 7.124 8.070 8.936 1.551 5.188 4.650 4.530 5.837 3.548 5.248 2.560 6.346 7.478 3.612 3.717 6.097 2.449 6.164 6.162 2.958 1.332 6.232 6.803 1.050 6.370 5.601 4.852 5.762 2.782 3.434 6.964 4.754 4.859 7.426 6.546 4.688 4.571 7.722 3.063 
9.046 7.048 8.824 6.031 7.085 2.007 3.477 6.148 1.504 9.083 2.947 3.668 3.575 6.349 6.691 8.375 5.401 3.605 8.690 10.381 6.232 5.573 2.034 1.554 4.688 4.699 3.152 8.823 10.469 3.211 9.980 6.870 2.101 8.785 7.108 9.135 6.264 4.964 4.279 9.273 7.939 1.609 4.558 3.887 1.489 2.976 3.746 10.419 3.036 7.096 
7.088 8.613 7.082 5.400 6.532 1.590 2.880 8.299 1.605 7.736 5.315 5.470 5.808 8.395 5.185 8.774 5.880 3.010 9.255 9.720 6.950 4.354 3.121 1.360 4.187 4.350 0.638 8.173 10.745 0.585 7.873 5.728 1.480 9.659 5.870 9.790 7.123 5.531 1.507 8.642 7.779 1.348 5.020 4.241 1.403 4.489 3.819 10.141 1.028 6.861 
5.637 6.307 5.352 2.745 3.875 3.796 0.161 6.515 2.268 5.595 4.224 3.723 4.439 6.495 3.204 6.019 3.200 0.251 6.517 7.153 4.299 2.076 1.907 3.000 1.444 1.588 2.259 5.583 7.979 2.375 6.625 3.397 1.700 6.987 3.621 7.063 4.517 2.907 2.832 6.050 5.037 2.442 2.400 1.689 2.927 2.770 1.204 7.444 3.769 4.122 
5.415 6.341 5.125 2.561 3.694 3.982 0.308 6.618 2.480 5.372 4.403 3.853 4.596 6.586 2.977 5.920 3.157 0.279 6.433 6.961 4.261 1.849 2.117 3.198 1.293 1.463 2.359 5.392 7.859 2.472 6.407 3.177 1.900 6.932 3.397 6.984 4.493 2.889 2.846 5.860 4.888 2.644 2.390 1.721 3.128 2.919 1.233 7.279 3.908 3.972 
1.363 9.620 1.079 4.449 4.074 9.677 6.420 11.012 8.508 1.403 10.048 9.029 9.975 10.777 3.174 6.630 6.525 6.306 7.253 3.932 7.041 4.321 8.169 9.065 5.481 5.602 7.532 3.552 7.150 7.577 1.679 3.226 7.879 8.272 2.932 7.733 7.390 6.745 6.980 3.671 4.925 8.586 6.658 6.751 9.025 8.440 6.557 5.252 9.087 4.779 
5.849 4.374 5.085 2.632 1.787 8.751 4.958 6.112 7.090 4.013 6.414 5.129 6.037 5.793 4.208 1.325 2.462 4.821 1.977 3.100 2.147 4.008 5.770 7.907 3.641 3.473 7.282 2.037 2.943 7.391 6.805 3.278 6.652 2.918 3.461 2.536 2.414 2.899 7.560 2.233 0.498 7.341 3.248 3.930 7.817 5.115 4.181 2.670 8.830 1.074 
3.468 8.091 3.409 2.880 3.775 5.197 2.550 8.687 4.172 4.151 6.646 6.027 6.818 8.605 1.667 6.727 4.627 2.503 7.340 6.496 5.661 1.501 4.326 4.631 2.553 2.806 3.043 5.071 8.342 3.088 4.356 2.477 3.546 8.071 2.499 7.917 5.969 4.532 2.596 5.517 5.238 4.197 4.132 3.702 4.602 5.137 3.271 7.223 4.614 4.409 
6.717 3.331 6.107 2.463 2.862 6.385 3.015 4.226 4.702 5.575 3.679 2.428 3.377 4.044 4.312 3.223 0.344 2.921 3.580 5.728 1.169 3.407 3.177 5.530 2.216 1.960 5.369 4.333 5.314 5.489 7.779 3.728 4.403 3.877 4.027 4.072 1.352 0.259 5.991 4.698 3.041 4.990 0.771 1.544 5.431 2.348 1.985 5.443 6.707 2.421 
3.444 6.918 3.067 1.475 2.364 5.857 2.349 7.751 4.510 3.321 6.154 5.307 6.194 7.617 0.913 5.312 3.427 2.234 5.931 5.276 4.387 0.264 4.111 5.150 1.597 1.803 3.868 3.777 6.926 3.947 4.483 1.233 3.895 6.690 1.380 6.508 4.715 3.424 3.757 4.238 3.820 4.629 3.117 2.915 5.095 4.555 2.606 5.884 5.512 2.987 
7.557 3.791 7.056 3.483 4.217 5.101 2.549 3.811 3.473 6.779 2.182 1.143 2.060 3.790 5.020 4.781 1.930 2.528 5.061 7.287 2.608 3.907 1.815 4.268 2.568 2.379 4.549 5.831 6.876 4.668 8.614 4.694 3.347 5.165 4.992 5.500 2.628 1.503 5.406 6.226 4.636 3.783 1.317 1.253 4.165 0.727 1.652 7.061 5.623 3.934 
3.109 7.985 2.383 3.632 2.793 9.855 6.166 9.596 8.440 0.999 9.181 8.019 8.981 9.312 3.349 4.715 5.299 6.029 5.306 1.895 5.543 4.177 7.701 9.126 4.937 4.964 7.857 1.607 5.060 7.930 3.747 2.797 7.846 6.342 2.624 5.747 5.871 5.619 7.593 1.613 3.131 8.589 5.683 6.007 9.065 7.630 5.960 3.166 9.496 3.283 
8.086 7.778 0.945 7.009 8.986 1.708 5.167 4.496 5.071 8.016 5.117 3.182 4.623 4.477 5.377 4.884 7.220 8.364 6.772 7.725 6.268 4.894 2.218 10.569 4.192 5.835 3.571 1.463 1.144 0.992 5.599 2.615 10.920 9.896 7.016 6.551 9.352 1.240 3.180 7.072 6.421 8.031 6.346 5.229 6.281 6.838 4.143 5.196 5.307 6.404 6.505 7.358 5.123 4.179 5.651 7.596 8.320 8.499 5.569 8.018 6.711 5.032 6.617 4.160 8.609 0.608 8.097 7.757 10.905 6.476 4.889 9.611 7.137 4.212 9.577 6.872 9.723 7.104 7.753 2.556 7.034 7.019 3.848 8.925 3.705 5.589 3.771 9.906 5.890 7.358 9.813 5.534 9.171 2.048 3.719 2.740 8.639 7.933 7.212 6.099 8.696 1.379 6.227 8.085 6.793 4.689 2.413 8.466 7.615 7.187 9.890 1.015 7.123 10.390 8.666 5.409 9.896 7.691 8.117 8.372 3.196 9.061 4.920 5.636 8.450 4.201 3.375 9.173 8.212 9.733 7.638 5.894 7.111 5.762 8.988 8.803 4.988 11.683 1.919 7.203 10.259 8.128 5.689 8.752 8.925 5.524 4.612 2.689 2.862 8.417 
4.078 8.515 9.420 6.290 8.069 11.439 4.703 5.921 7.644 5.129 7.007 7.563 5.982 6.455 4.473 5.674 6.791 4.220 6.024 2.207 3.505 7.457 7.782 1.293 7.500 3.933 6.202 10.746 8.629 10.104 9.234 7.175 3.535 3.886 5.215 4.199 2.848 8.755 7.594 4.557 5.426 3.478 3.714 8.825 4.965 2.940 5.845 6.660 7.958 3.586 4.786 6.249 4.967 5.602 4.136 2.510 3.506 1.557 9.120 1.977 6.626 8.889 6.218 6.573 3.219 9.488 4.479 2.574 2.500 4.227 6.639 1.151 7.453 7.306 0.439 4.357 0.122 5.387 2.018 7.482 5.138 7.309 7.215 6.416 7.324 4.939 6.597 0.711 8.770 5.373 1.043 8.373 0.838 7.735 6.537 7.080 8.553 6.177 6.009 5.636 1.285 8.732 4.760 6.362 4.745 5.698 7.461 5.776 3.653 4.801 0.359 9.883 2.657 0.875 4.302 9.236 0.356 5.630 5.793 2.438 9.527 0.715 9.150 4.175 2.047 6.462 8.551 1.330 4.235 1.030 8.744 4.053 3.607 5.187 6.265 3.969 6.827 3.053 9.058 2.577 2.834 4.749 5.196 2.898 2.063 8.480 5.286 7.648 8.374 4.523 
7.302 7.738 1.263 6.746 8.859 2.477 4.434 4.047 4.971 7.232 4.367 2.957 3.837 4.139 4.748 4.100 6.470 7.578 6.000 7.079 5.572 4.760 1.435 9.921 3.457 5.146 2.878 2.206 0.516 1.642 5.724 2.012 10.390 9.413 6.232 5.774 8.808 0.464 2.417 6.629 6.051 7.518 5.747 5.307 5.495 6.163 3.596 4.431 5.255 5.664 6.062 7.090 4.566 3.476 4.946 6.858 7.815 7.775 5.678 7.293 6.485 5.125 5.849 3.377 8.086 0.437 7.667 7.155 10.314 5.700 4.618 8.972 7.000 4.023 8.903 6.399 9.037 6.321 7.060 2.143 6.249 6.868 3.083 8.652 3.479 4.810 3.366 9.245 5.941 6.576 9.168 5.539 8.458 1.460 3.285 2.007 8.571 7.655 6.920 5.742 7.979 0.627 5.443 7.822 6.007 4.221 1.655 8.146 6.837 6.772 9.187 1.001 6.449 9.725 8.224 5.541 9.193 7.362 7.342 7.788 3.467 8.376 5.056 4.921 7.840 3.832 3.421 8.539 7.763 9.088 7.627 5.154 6.571 5.324 8.700 8.336 4.227 11.095 1.358 6.504 9.704 7.343 5.246 7.981 8.329 5.544 4.017 2.399 2.843 7.992 
5.116 5.803 3.812 3.980 6.435 5.869 1.680 1.095 3.376 5.561 4.249 2.159 2.743 1.756 1.146 2.709 5.802 5.448 4.962 3.494 2.240 3.092 2.676 6.331 3.940 1.808 1.063 5.133 3.158 4.495 4.938 1.647 6.755 5.840 4.683 3.494 5.165 3.443 3.238 3.210 2.936 3.916 2.095 4.427 3.750 2.685 0.375 4.026 3.788 2.725 2.681 4.265 0.954 0.950 1.762 3.778 4.222 4.531 4.837 4.078 3.914 4.374 4.950 2.924 4.467 4.090 4.241 3.505 6.661 3.418 2.339 5.366 4.739 2.472 5.381 2.909 5.557 4.870 3.649 1.868 4.652 4.565 3.364 5.679 2.158 2.854 1.262 5.685 4.758 5.097 5.572 4.252 5.117 2.212 1.125 1.886 6.421 4.733 4.014 2.727 4.679 3.485 3.526 4.946 4.159 1.070 2.282 5.037 4.416 3.431 5.782 4.590 2.963 6.175 4.751 4.841 5.787 4.276 5.985 4.132 4.194 4.900 4.528 1.829 4.197 1.485 3.311 4.926 4.285 5.493 5.840 2.295 2.944 2.039 5.674 4.805 3.985 7.441 4.104 3.139 6.053 5.476 1.954 5.288 4.677 4.327 0.361 2.080 2.950 4.569 
4.272 6.938 4.040 5.071 7.540 5.936 0.944 2.229 4.478 4.582 3.127 2.995 1.609 2.874 1.553 1.580 4.684 4.594 3.863 3.670 2.071 4.192 2.223 6.477 2.900 1.663 0.703 5.369 3.093 4.714 5.993 1.773 7.282 6.507 3.654 2.625 5.692 3.184 2.376 4.105 3.981 4.586 2.579 5.480 2.728 2.697 1.477 2.894 4.889 2.185 3.628 5.341 1.859 0.190 1.435 3.368 4.897 4.263 5.896 3.782 5.030 5.408 3.838 1.840 5.082 3.920 5.093 3.886 7.010 2.546 3.467 5.556 5.869 3.525 5.418 3.763 5.535 3.828 3.553 2.350 3.632 5.694 2.352 6.696 3.132 1.833 2.259 5.780 5.852 4.067 5.738 5.346 4.941 2.275 2.097 1.512 7.547 5.780 5.079 3.805 4.463 3.164 2.537 5.999 3.181 2.199 1.890 6.024 3.643 4.364 5.671 4.316 2.979 6.249 5.550 5.883 5.677 5.288 4.953 4.562 4.946 4.877 5.536 1.404 4.524 2.579 4.164 5.138 5.093 5.657 6.975 1.679 3.599 3.071 6.676 5.547 2.862 7.789 3.576 2.994 6.525 4.544 2.989 4.663 5.048 5.416 1.278 2.721 3.701 5.412 
10.840 0.867 7.714 2.781 0.955 9.381 7.928 5.461 3.636 11.600 10.788 5.693 9.279 4.911 6.606 9.217 12.238 11.160 11.352 7.101 7.524 3.870 8.543 8.428 10.405 7.358 7.469 8.318 8.160 8.052 3.332 7.250 6.713 5.517 10.904 9.498 6.134 8.725 9.527 4.467 3.945 5.319 6.230 3.524 10.014 7.311 6.233 10.564 3.347 8.364 4.564 2.662 5.954 7.489 7.571 8.763 5.274 8.862 3.307 8.665 2.679 3.738 11.380 9.447 5.576 8.943 4.300 6.456 7.644 9.441 4.300 7.738 1.802 4.644 8.345 4.800 8.661 11.113 7.915 6.667 10.854 1.977 9.815 2.571 5.204 9.185 5.719 8.282 2.852 11.300 7.938 3.123 8.935 7.507 5.875 7.939 0.240 2.606 2.945 3.985 8.798 8.876 9.746 2.417 10.302 5.472 8.201 3.051 10.072 4.158 9.125 9.539 7.380 8.645 4.544 3.517 9.124 3.177 12.154 6.362 5.738 8.303 3.948 7.714 6.774 5.253 5.276 7.455 4.546 7.902 1.056 8.204 5.544 4.765 2.751 4.899 10.525 8.087 9.735 7.814 6.721 11.395 4.831 10.402 6.727 3.148 6.419 6.278 5.790 4.280 
7.212 3.165 4.911 1.371 3.758 6.951 4.093 1.641 1.520 7.873 6.938 2.536 5.421 1.271 2.817 5.357 8.393 7.543 7.515 4.032 3.882 1.385 4.963 6.332 6.606 3.632 3.668 5.963 4.901 5.469 3.090 3.667 5.731 4.531 7.112 5.750 4.374 5.391 5.804 1.790 0.870 3.022 2.729 2.681 6.203 3.855 2.407 6.707 1.812 4.681 1.382 1.703 2.121 3.635 3.803 5.320 3.213 5.689 2.976 5.369 1.228 2.757 7.534 5.613 3.576 5.814 2.615 3.573 6.119 5.686 0.841 5.406 2.060 1.625 5.771 1.841 6.047 7.316 4.677 3.270 7.068 1.884 6.021 3.252 2.028 5.351 2.094 5.894 2.660 7.517 5.636 2.233 5.998 4.062 2.219 4.263 3.733 2.255 1.516 0.555 5.712 5.505 5.943 2.432 6.527 1.621 4.585 2.758 6.449 1.730 6.433 6.404 4.012 6.364 3.196 3.090 6.435 1.985 8.388 3.860 3.866 5.503 3.032 3.938 4.168 1.602 2.929 4.996 2.804 5.571 3.246 4.444 2.544 1.064 3.297 3.433 6.674 6.820 6.300 4.404 5.269 7.707 1.099 6.993 4.413 2.339 2.558 3.028 3.093 2.895 
6.161 8.023 10.446 6.040 7.239 12.537 6.210 6.665 7.866 7.213 8.872 8.316 7.688 7.036 5.578 7.397 8.841 6.311 8.043 3.283 4.939 7.742 9.163 0.819 9.257 5.303 7.489 11.727 9.839 11.116 9.291 8.332 1.719 2.608 7.243 6.107 2.051 10.066 9.187 4.574 5.512 3.337 4.598 8.964 6.895 4.275 6.822 8.524 8.099 5.285 5.005 5.886 5.852 6.936 5.570 4.395 3.178 3.543 9.183 3.872 6.447 9.074 8.226 8.254 2.809 10.756 4.028 3.189 0.530 6.122 7.039 1.426 7.114 7.803 1.884 4.540 2.018 7.425 3.604 8.477 7.165 7.005 8.899 5.534 7.967 6.722 7.406 1.445 8.752 7.428 1.295 8.444 2.901 8.899 7.392 8.402 7.844 5.624 5.715 5.804 3.274 10.075 6.663 5.753 6.735 6.442 8.803 5.051 5.692 4.701 2.347 11.218 4.005 1.263 3.607 9.338 2.339 5.198 7.880 2.621 10.110 2.437 9.361 5.651 2.492 7.143 9.128 1.818 3.775 1.368 8.297 5.677 3.990 5.620 5.359 3.255 8.669 0.969 10.528 4.127 1.370 6.836 5.660 4.990 2.046 8.552 6.330 8.537 9.087 3.915 
9.155 1.298 6.731 1.098 1.464 8.601 6.289 3.938 2.579 9.920 9.224 4.492 7.697 3.477 4.951 7.615 10.599 9.475 9.705 5.448 5.842 2.729 7.191 6.994 8.904 5.685 5.965 7.550 6.973 7.176 3.088 5.887 5.570 4.309 9.238 7.824 4.721 7.508 8.088 2.800 2.267 3.744 4.545 3.022 8.357 5.627 4.705 8.984 2.453 6.683 2.879 0.994 4.324 5.921 5.906 7.082 3.744 7.209 3.011 6.996 1.070 3.218 9.742 7.907 4.076 7.830 2.780 4.819 6.355 7.768 2.897 6.231 0.564 3.428 6.794 3.123 7.105 9.448 6.249 5.389 9.186 0.619 8.319 1.673 3.971 7.542 4.313 6.772 2.490 9.631 6.442 2.473 7.320 6.220 4.456 6.526 1.508 1.123 1.269 2.334 7.157 7.641 8.085 1.030 8.632 3.915 6.826 1.764 8.387 2.499 7.559 8.430 5.700 7.167 3.138 3.221 7.558 1.597 10.479 4.785 5.073 6.706 3.501 6.051 5.188 3.825 4.379 5.913 3.036 6.398 1.555 6.535 3.878 3.113 1.824 3.492 8.959 6.894 8.472 6.133 5.423 9.712 3.184 8.727 5.199 2.551 4.827 5.058 4.784 2.836 
6.045 8.324 2.585 6.978 9.282 3.757 3.542 4.039 5.549 5.892 2.965 3.498 2.584 4.358 4.217 2.876 5.068 6.304 4.619 6.413 4.785 5.298 0.648 9.205 2.057 4.397 2.288 3.605 1.395 3.041 6.596 1.943 9.981 9.127 4.900 4.601 8.386 0.941 1.023 6.497 6.097 7.198 5.259 6.130 4.224 5.432 3.390 3.039 5.895 4.697 5.952 7.304 4.255 2.775 4.145 5.878 7.507 6.836 6.532 6.356 6.792 5.974 4.460 2.059 7.731 1.603 7.536 6.614 9.752 4.532 4.931 8.295 7.446 4.519 8.124 6.208 8.218 4.974 6.242 2.498 4.923 7.294 1.691 8.818 3.961 3.634 3.522 8.501 6.707 5.227 8.473 6.253 7.554 1.664 3.389 1.419 9.096 7.833 7.091 5.828 7.064 0.780 4.208 8.026 4.730 4.155 1.040 8.231 5.648 6.698 8.308 1.750 5.710 8.960 8.052 6.428 8.314 7.450 5.967 7.283 4.587 7.568 5.964 4.085 7.263 4.015 4.299 7.880 7.586 8.392 8.261 4.204 6.213 5.258 8.838 8.105 2.831 10.531 0.832 5.681 9.242 6.028 5.173 6.828 7.783 6.280 3.637 2.920 3.690 7.864 
7.601 4.934 8.889 3.271 4.042 10.976 6.026 5.105 5.427 8.584 9.149 6.533 7.680 5.172 4.846 7.465 9.829 7.858 8.927 3.574 4.951 5.393 8.319 3.661 9.211 5.092 6.674 10.023 8.631 9.493 6.580 7.180 1.857 0.611 8.237 6.825 1.498 9.017 8.768 2.522 3.257 1.837 3.860 6.353 7.568 4.375 5.596 8.828 5.547 5.683 3.090 3.018 4.691 6.294 5.399 5.414 1.535 5.036 6.482 5.068 3.704 6.504 9.048 8.124 1.490 9.580 1.506 2.942 2.743 6.802 4.922 3.196 4.166 5.719 3.915 2.754 4.222 8.449 4.395 7.042 8.166 4.094 8.711 2.341 6.066 7.026 5.822 3.707 5.996 8.548 3.344 5.793 4.790 7.697 5.878 7.530 4.667 2.609 2.941 3.593 4.861 9.085 7.288 2.685 7.627 4.925 7.924 1.952 6.914 2.424 4.701 10.132 4.249 3.961 0.928 6.666 4.697 2.352 9.240 2.397 7.944 4.105 6.802 5.535 2.757 5.409 7.025 3.077 1.384 3.334 5.227 5.834 2.805 3.832 2.163 0.849 8.899 3.198 9.746 4.629 1.833 8.268 3.907 6.738 2.403 5.895 5.312 6.932 7.172 1.204 
6.334 5.256 8.065 3.184 4.693 10.172 4.785 4.217 5.051 7.305 7.884 5.779 6.436 4.431 3.676 6.209 8.532 6.600 7.631 2.287 3.670 4.952 7.248 3.035 7.985 3.837 5.570 9.272 7.674 8.703 6.434 6.184 2.236 1.280 6.941 5.528 0.816 8.013 7.602 1.790 2.706 0.668 2.652 6.119 6.273 3.081 4.592 7.558 5.260 4.389 2.301 3.051 3.636 5.140 4.144 4.137 0.380 3.831 6.327 3.818 3.586 6.237 7.753 6.901 0.198 8.622 1.186 1.645 2.563 5.505 4.319 2.304 4.284 5.111 2.941 1.866 3.259 7.154 3.122 6.145 6.871 4.165 7.503 3.038 5.363 5.745 4.963 2.848 5.891 7.255 2.503 5.591 3.682 6.726 4.991 6.455 5.204 2.863 2.863 3.020 3.682 8.064 5.993 3.026 6.331 4.013 6.857 2.402 5.635 1.863 3.734 9.150 2.952 3.216 0.923 6.485 3.732 2.374 7.957 1.139 7.411 3.005 6.528 4.277 1.535 4.609 6.447 2.051 0.929 2.467 5.513 4.553 1.645 3.008 2.890 0.610 7.637 3.248 8.674 3.334 1.697 6.996 3.067 5.524 1.319 5.699 4.232 6.103 6.493 1.155 
7.066 5.478 8.950 3.652 4.663 11.052 5.733 5.114 5.711 8.068 8.813 6.630 7.381 5.270 4.638 7.148 9.379 7.312 8.486 3.100 4.590 5.647 8.203 3.004 8.936 4.780 6.528 10.130 8.602 9.575 6.970 7.122 1.441 0.321 7.772 6.385 0.867 8.954 8.564 2.587 3.433 1.618 3.613 6.705 7.146 3.976 5.529 8.484 5.872 5.273 3.139 3.440 4.582 6.102 5.087 4.902 1.310 4.457 6.867 4.525 4.081 6.843 8.618 7.854 1.113 9.552 1.700 2.519 2.146 6.368 5.093 2.544 4.637 5.893 3.268 2.739 3.573 7.982 3.885 7.053 7.700 4.548 8.460 2.957 6.190 6.659 5.853 3.049 6.399 8.067 2.687 6.156 4.169 7.658 5.891 7.410 5.267 3.101 3.318 3.764 4.269 9.010 6.870 3.208 7.171 4.918 7.811 2.490 6.401 2.572 4.050 10.087 3.819 3.299 1.152 7.042 4.047 2.751 8.730 1.904 8.165 3.487 7.140 5.216 2.220 5.474 7.220 2.449 1.495 2.679 5.762 5.470 2.604 3.871 2.783 0.867 8.569 2.681 9.629 4.171 1.216 7.741 3.938 6.158 1.809 6.260 5.185 6.985 7.314 1.478 
5.761 8.153 10.284 6.108 7.433 12.365 5.936 6.541 7.853 6.813 8.532 8.201 7.380 6.947 5.376 7.085 8.454 5.906 7.665 3.045 4.669 7.716 8.925 0.404 8.941 5.048 7.264 11.577 9.638 10.958 9.318 8.137 2.077 2.847 6.862 5.753 2.144 9.845 8.906 4.570 5.507 3.336 4.425 8.973 6.538 4.014 6.654 8.184 8.103 4.969 4.966 5.976 5.694 6.699 5.306 4.039 3.212 3.164 9.208 3.511 6.504 9.074 7.851 7.953 2.848 10.545 4.110 3.031 0.905 5.771 6.985 1.152 7.208 7.735 1.506 4.501 1.617 7.041 3.290 8.314 6.784 7.092 8.599 5.727 7.872 6.395 7.275 1.065 8.791 7.039 0.979 8.464 2.504 8.705 7.252 8.174 8.017 5.750 5.789 5.785 2.892 9.848 6.311 5.892 6.363 6.316 8.572 5.207 5.306 4.722 1.933 10.995 3.738 0.848 3.734 9.356 1.926 5.294 7.478 2.521 10.035 2.073 9.357 5.379 2.331 7.035 9.051 1.580 3.854 1.058 8.420 5.378 3.900 5.547 5.556 3.378 8.334 1.367 10.276 3.827 1.610 6.434 5.581 4.583 1.945 8.572 6.146 8.396 8.983 4.029 
6.691 5.778 1.936 4.601 6.791 4.036 3.317 1.952 2.999 6.935 4.795 0.951 3.609 1.984 3.057 3.738 6.728 7.010 6.022 5.386 4.138 2.752 1.966 8.204 4.130 3.699 1.752 3.232 1.651 2.608 4.121 0.821 8.392 7.352 5.967 5.045 6.838 2.157 3.095 4.527 3.903 5.500 3.928 3.633 5.071 4.603 1.701 4.698 3.345 4.513 3.959 4.943 2.659 2.277 3.601 5.636 5.785 6.433 4.047 5.972 4.358 3.497 5.943 3.452 6.082 2.573 5.554 5.324 8.435 4.966 2.481 7.232 4.938 1.976 7.287 4.328 7.470 6.118 5.566 0.077 5.957 4.795 3.564 6.501 1.416 4.205 1.228 7.577 4.179 6.369 7.444 3.713 7.032 0.889 1.174 1.566 6.566 5.504 4.767 3.590 6.590 2.287 4.913 5.675 5.553 2.149 1.683 5.991 6.064 4.648 7.700 3.156 4.881 8.069 6.121 3.967 7.705 5.207 7.236 5.906 2.563 6.815 3.532 3.636 6.024 1.679 1.929 6.789 5.666 7.366 5.711 4.031 4.602 3.216 6.547 6.257 4.568 9.207 3.125 5.051 7.752 6.931 3.143 7.053 6.472 3.745 2.245 0.397 1.366 5.875 
1.317 8.983 7.092 6.769 9.141 8.851 2.212 4.746 7.038 2.091 3.421 5.987 2.682 5.448 3.121 2.373 3.335 1.650 2.481 2.981 2.031 6.771 4.947 4.860 4.028 2.273 3.799 8.399 6.034 7.748 8.676 4.864 6.613 6.371 1.714 0.653 5.281 5.963 4.379 5.179 5.608 4.859 3.323 8.177 1.353 2.312 4.214 3.080 7.440 1.216 4.989 6.916 3.854 3.242 2.158 1.217 5.104 2.066 8.569 1.716 6.913 8.152 2.651 3.269 5.067 6.720 5.802 3.625 5.867 0.711 5.924 4.228 7.836 6.264 3.711 4.812 3.650 1.918 2.199 5.449 1.639 7.659 3.864 7.827 6.003 1.600 5.109 4.152 8.404 1.996 4.304 7.912 2.790 5.328 4.974 4.446 9.372 7.151 6.628 5.611 2.339 5.883 1.180 7.380 1.155 4.595 4.736 7.093 0.571 5.501 3.533 6.977 2.348 4.482 6.002 8.602 3.541 6.559 2.714 4.171 7.999 3.148 8.333 2.052 3.864 5.259 7.152 3.975 5.664 4.239 9.108 1.557 4.170 4.858 7.738 5.815 3.266 6.549 5.969 1.935 5.800 1.848 4.808 1.607 4.346 8.001 3.699 5.796 6.748 6.036 
4.284 6.024 5.996 3.777 6.138 8.063 2.014 2.443 4.413 5.082 5.134 4.072 3.667 3.029 1.068 3.448 5.998 4.604 5.083 1.311 1.026 4.183 4.684 4.138 5.215 1.077 2.995 7.307 5.331 6.676 6.066 3.827 4.756 4.042 4.494 3.046 3.170 5.561 4.881 2.189 2.632 2.180 0.333 5.605 3.698 0.799 2.375 4.817 4.780 1.865 1.992 3.913 1.475 2.476 1.382 2.269 2.482 2.683 5.954 2.325 3.952 5.631 5.171 4.133 2.608 6.246 2.938 1.364 4.517 3.002 3.323 3.172 4.875 3.896 3.220 1.816 3.421 4.710 1.682 4.033 4.434 4.701 4.742 4.879 3.854 3.045 3.105 3.501 5.694 4.863 3.379 5.236 3.117 4.395 3.047 3.909 6.374 4.154 3.625 2.682 2.752 5.577 3.414 4.384 3.874 2.225 4.313 4.147 3.517 2.509 3.701 6.714 0.976 3.994 3.269 6.032 3.704 3.567 5.672 2.035 6.054 2.781 5.863 1.521 2.029 2.993 5.087 2.733 2.856 3.299 6.170 1.869 1.271 1.994 4.805 3.183 4.883 5.298 6.081 1.347 3.997 4.852 1.966 3.942 2.537 5.336 1.842 4.167 4.884 3.217 
7.086 3.305 4.827 1.500 3.899 6.878 3.953 1.501 1.566 7.741 6.795 2.449 5.278 1.157 2.683 5.214 8.251 7.418 7.375 3.953 3.760 1.408 4.833 6.296 6.464 3.503 3.528 5.898 4.791 5.394 3.164 3.541 5.751 4.563 6.975 5.617 4.370 5.275 5.667 1.786 0.893 3.009 2.625 2.742 6.065 3.748 2.265 6.564 1.879 4.554 1.344 1.826 1.983 3.492 3.670 5.209 3.211 5.595 3.051 5.268 1.370 2.809 7.393 5.470 3.571 5.708 2.651 3.511 6.112 5.553 0.779 5.363 2.203 1.576 5.712 1.808 5.985 7.179 4.583 3.158 6.931 2.027 5.880 3.367 1.950 5.211 1.971 5.845 2.752 7.381 5.593 2.313 5.917 3.943 2.093 4.129 3.876 2.371 1.630 0.560 5.624 5.387 5.806 2.553 6.392 1.478 4.454 2.856 6.325 1.752 6.365 6.296 3.911 6.318 3.234 3.156 6.367 2.077 8.253 3.820 3.844 5.432 3.078 3.804 4.118 1.481 2.896 4.948 2.831 5.527 3.383 4.311 2.487 0.958 3.407 3.460 6.531 6.820 6.176 4.298 5.271 7.577 0.986 6.881 4.378 2.417 2.415 2.928 3.033 2.940 
0.922 9.428 7.745 7.183 9.503 9.497 2.849 5.319 7.587 1.911 3.879 6.610 3.291 6.017 3.665 2.988 3.449 1.215 2.684 3.139 2.507 7.324 5.590 4.628 4.561 2.809 4.449 9.052 6.684 8.401 9.234 5.515 6.562 6.447 1.872 1.259 5.334 6.605 4.983 5.532 6.037 5.079 3.737 8.740 1.818 2.652 4.820 3.551 7.984 1.763 5.397 7.307 4.398 3.886 2.734 1.282 5.298 1.859 9.126 1.647 7.355 8.724 2.885 3.868 5.217 7.362 6.067 3.816 5.723 1.328 6.470 4.106 8.279 6.846 3.510 5.177 3.397 2.040 2.293 6.093 1.795 8.104 4.443 8.121 6.607 2.226 5.716 3.948 8.940 2.036 4.149 8.454 2.510 5.981 5.585 5.098 9.773 7.501 7.020 6.069 2.123 6.522 1.714 7.727 1.463 5.158 5.385 7.389 0.310 5.853 3.203 7.608 2.622 4.222 6.211 9.167 3.211 6.905 2.580 4.290 8.629 2.985 8.913 2.642 3.941 5.843 7.771 3.915 5.908 4.091 9.567 2.167 4.486 5.335 8.020 5.993 3.753 6.362 6.582 2.185 5.760 1.582 5.291 0.968 4.380 8.546 4.291 6.433 7.378 6.276 
3.967 10.183 5.437 8.376 10.843 6.493 3.392 5.482 7.576 3.444 0.310 5.727 1.756 6.060 4.688 1.943 2.234 4.126 2.004 6.118 4.497 7.295 3.095 8.506 0.813 4.315 3.490 6.464 4.223 5.911 8.923 4.027 9.939 9.402 2.585 3.118 8.430 3.811 1.891 7.318 7.279 7.571 5.569 8.420 2.384 5.140 4.709 0.654 7.973 3.922 6.884 8.644 5.145 3.476 4.008 4.812 7.872 5.759 8.840 5.347 8.326 8.304 1.794 1.496 7.975 4.417 8.246 6.584 9.381 3.087 6.671 7.760 9.144 6.551 7.350 6.957 7.332 2.561 5.583 4.767 2.639 8.972 1.290 9.970 6.053 2.472 5.311 7.782 8.897 2.773 7.878 8.402 6.500 4.109 5.144 3.275 10.829 9.073 8.380 7.110 6.029 3.644 2.560 9.295 2.743 5.482 3.220 9.281 3.895 7.600 7.255 4.372 5.346 8.157 8.639 8.781 7.262 8.565 3.322 7.250 7.258 6.770 8.363 3.873 7.069 5.731 6.765 7.430 8.205 7.805 10.194 3.627 6.631 6.369 9.940 8.572 0.514 10.113 3.206 5.102 9.131 3.696 6.288 5.070 7.604 8.454 4.583 5.235 6.181 8.551 
3.372 7.055 6.802 4.782 7.054 8.813 2.163 3.480 5.517 4.271 4.959 5.056 3.660 4.103 1.892 3.382 5.437 3.673 4.538 0.877 0.902 5.284 5.192 3.519 5.240 1.313 3.581 8.132 6.005 7.487 7.171 4.549 4.695 4.264 3.846 2.435 3.221 6.147 5.135 3.087 3.672 2.669 1.425 6.708 3.194 0.339 3.275 4.618 5.885 1.339 3.009 4.880 2.489 2.987 1.543 1.222 2.917 1.593 7.058 1.220 4.994 6.731 4.666 4.212 2.904 6.873 3.622 1.451 4.186 2.416 4.423 2.630 5.911 4.971 2.449 2.742 2.580 4.059 0.635 4.881 3.776 5.740 4.855 5.666 4.887 2.776 4.087 2.814 6.798 4.168 2.795 6.341 2.106 5.109 4.006 4.469 7.348 5.049 4.596 3.755 1.693 6.133 2.920 5.274 3.234 3.271 4.857 4.934 2.625 3.406 2.771 7.285 0.164 3.280 3.812 7.136 2.776 4.452 4.904 2.056 7.071 1.919 6.960 1.607 1.828 4.035 6.119 2.243 3.477 2.715 7.217 1.644 2.030 3.093 5.569 3.632 4.732 4.946 6.514 0.275 3.885 3.994 3.069 2.877 2.360 6.441 2.703 5.079 5.871 3.848 
6.499 4.870 3.018 3.471 5.753 5.123 3.057 0.849 2.194 6.916 5.274 0.846 3.877 0.835 2.338 3.914 7.017 6.830 6.219 4.522 3.538 1.913 2.895 7.272 4.772 3.128 1.915 4.237 2.814 3.655 3.634 1.591 7.285 6.212 6.010 4.871 5.755 3.289 3.852 3.372 2.729 4.395 3.017 3.121 5.080 3.874 1.022 5.107 2.593 4.096 2.805 3.807 1.752 2.178 3.124 5.101 4.670 5.786 3.540 5.354 3.263 3.045 6.183 3.900 4.982 3.745 4.390 4.359 7.399 4.794 1.401 6.297 3.929 1.180 6.433 3.194 6.646 6.188 4.843 1.181 5.985 3.772 4.182 5.353 0.778 4.180 0.128 6.684 3.532 6.424 6.517 3.031 6.311 1.958 0.268 2.261 5.598 4.357 3.616 2.418 5.905 3.401 4.871 4.537 5.511 1.071 2.535 4.825 5.801 3.480 6.925 4.325 4.131 7.179 4.961 3.520 6.929 4.040 7.311 4.892 2.865 6.008 3.175 3.203 5.056 0.509 1.943 5.853 4.511 6.441 4.848 3.678 3.544 2.065 5.392 5.111 5.023 8.161 4.200 4.379 6.675 6.845 1.995 6.654 5.467 3.091 1.574 1.054 1.660 4.710 
7.651 2.960 6.724 0.857 2.754 8.761 5.075 3.217 3.003 8.478 8.163 4.348 6.622 3.044 3.719 6.488 9.324 7.962 8.414 3.815 4.413 2.993 6.608 5.378 7.986 4.334 5.134 7.764 6.669 7.280 4.174 5.348 4.224 2.960 7.874 6.432 3.147 7.132 7.313 1.218 1.159 2.078 3.093 3.922 7.037 4.102 3.894 7.888 3.111 5.258 1.500 0.703 3.233 4.938 4.593 5.520 2.099 5.575 4.072 5.390 1.285 4.070 8.478 6.930 2.445 7.596 1.169 3.168 4.851 6.383 2.652 4.581 1.935 3.416 5.129 1.583 5.439 8.088 4.638 5.035 7.816 1.814 7.424 1.605 3.842 6.286 3.821 5.119 3.604 8.251 4.796 3.367 5.658 5.793 3.921 5.860 3.079 0.756 0.524 1.440 5.511 7.233 6.757 0.986 7.256 3.104 6.216 0.977 6.890 0.897 5.891 8.179 4.138 5.527 1.646 4.249 5.891 0.198 9.069 3.118 5.554 5.039 4.368 4.741 3.520 3.346 4.670 4.252 1.425 4.749 3.195 5.188 2.278 2.039 1.596 1.970 7.898 5.462 7.992 4.576 3.932 8.241 2.124 7.136 3.544 3.470 3.829 4.827 4.891 1.320 
9.984 0.721 7.184 1.926 0.907 8.956 7.094 4.674 3.031 10.747 9.990 5.051 8.472 4.161 5.764 8.401 11.405 10.305 10.515 6.259 6.670 3.233 7.842 7.686 9.636 6.508 6.696 7.895 7.535 7.575 3.100 6.541 6.100 4.867 10.057 8.648 5.396 8.088 8.787 3.619 3.093 4.509 5.375 3.171 9.172 6.456 5.446 9.758 2.805 7.510 3.709 1.811 5.123 6.687 6.725 7.909 4.482 8.021 3.048 7.817 1.846 3.383 10.547 8.659 4.798 8.356 3.508 5.621 6.967 8.591 3.559 6.961 1.026 3.986 7.549 3.947 7.863 10.267 7.068 5.995 10.007 1.188 9.048 1.989 4.543 8.350 4.985 7.505 2.540 10.452 7.167 2.685 8.111 6.833 5.136 7.208 0.688 1.808 2.092 3.143 7.962 8.230 8.902 1.643 9.454 4.671 7.489 2.334 9.217 3.312 8.323 8.955 6.527 7.883 3.801 3.266 8.322 2.356 11.303 5.552 5.346 7.487 3.634 6.869 5.961 4.507 4.770 6.662 3.759 7.127 1.035 7.356 4.696 3.923 2.167 4.157 9.726 7.456 9.078 6.960 6.036 10.540 3.991 9.551 5.939 2.736 5.605 5.630 5.238 3.519 
5.985 4.522 4.355 2.628 5.087 6.462 2.747 0.510 2.380 6.582 5.583 2.119 4.060 0.916 1.549 3.991 7.033 6.319 6.161 3.338 2.723 2.124 3.846 5.997 5.291 2.402 2.382 5.577 4.036 4.996 4.034 2.618 5.946 4.890 5.785 4.460 4.414 4.443 4.555 2.078 1.615 3.055 1.843 3.550 4.867 2.868 1.125 5.346 2.776 3.458 1.511 2.916 0.816 2.281 2.525 4.257 3.331 4.791 3.924 4.406 2.574 3.553 6.175 4.273 3.641 4.984 3.116 3.083 6.068 4.392 1.263 5.025 3.426 1.780 5.226 1.866 5.461 5.986 3.797 2.451 5.744 3.249 4.714 4.358 1.795 4.002 1.253 5.442 3.734 6.194 5.250 3.246 5.229 3.111 1.287 3.090 5.096 3.396 2.669 1.380 4.868 4.526 4.614 3.605 5.213 0.339 3.452 3.744 5.235 2.232 5.781 5.542 3.085 5.934 3.673 3.978 5.784 2.968 7.073 3.577 3.991 4.847 3.771 2.649 3.770 0.948 3.011 4.585 3.213 5.176 4.588 3.160 2.214 0.777 4.364 3.797 5.319 6.826 5.247 3.412 5.334 6.440 0.697 5.903 4.155 3.337 1.193 2.394 2.896 3.442 
5.781 4.654 4.552 2.676 5.151 6.660 2.603 0.706 2.607 6.403 5.517 2.353 3.983 1.172 1.349 3.896 6.907 6.115 6.027 3.082 2.497 2.357 3.925 5.752 5.267 2.193 2.396 5.790 4.182 5.201 4.264 2.733 5.752 4.722 5.625 4.279 4.207 4.568 4.574 1.947 1.599 2.859 1.587 3.785 4.714 2.619 1.178 5.268 2.997 3.250 1.389 2.945 0.632 2.230 2.335 4.019 3.144 4.540 4.153 4.159 2.663 3.794 6.049 4.230 3.443 5.132 2.990 2.837 5.845 4.213 1.493 4.779 3.540 2.035 4.972 1.702 5.206 5.829 3.544 2.625 5.582 3.362 4.697 4.340 2.045 3.862 1.457 5.192 3.948 6.032 5.003 3.465 4.973 3.246 1.471 3.154 5.195 3.398 2.686 1.409 4.615 4.642 4.455 3.613 5.045 0.493 3.529 3.702 5.028 2.131 5.525 5.680 2.833 5.684 3.533 4.213 5.528 2.937 6.906 3.343 4.244 4.591 4.016 2.464 3.526 1.192 3.264 4.338 3.069 4.929 4.733 2.974 1.990 0.702 4.336 3.639 5.251 6.607 5.339 3.165 5.125 6.250 0.616 5.671 3.920 3.559 1.118 2.600 3.138 3.318 
9.592 1.307 5.541 2.120 2.665 7.228 6.378 3.723 1.556 10.222 8.984 3.601 7.532 3.069 5.170 7.520 10.614 9.924 9.765 6.320 6.269 1.825 6.503 8.300 8.502 6.004 5.618 6.165 6.028 5.881 1.385 5.239 7.144 5.872 9.422 8.099 6.109 6.602 7.557 3.770 2.921 4.933 5.106 1.408 8.499 6.235 4.464 8.795 1.206 7.059 3.588 2.301 4.449 5.751 6.156 7.704 5.018 8.028 1.315 7.732 1.725 1.620 9.761 7.614 5.379 6.785 4.134 5.781 7.819 8.032 2.474 7.450 1.167 2.599 7.920 3.981 8.217 9.621 7.022 4.600 9.383 1.210 7.912 3.382 3.146 7.622 3.795 7.973 0.794 9.833 7.673 0.951 8.276 5.434 3.961 5.962 2.189 2.708 2.447 2.776 8.030 6.760 8.251 2.685 8.855 3.800 6.184 3.397 8.832 3.547 8.637 7.379 6.378 8.410 4.602 1.531 8.638 2.991 10.713 5.921 3.598 7.729 1.872 6.285 6.286 3.382 3.103 7.081 4.386 7.619 1.176 6.795 4.755 3.450 3.532 4.936 8.727 8.419 7.627 6.780 6.898 10.072 3.489 9.378 6.414 0.986 4.779 4.183 3.626 4.279 
3.861 8.621 4.453 6.807 9.272 5.923 1.981 3.914 6.049 3.757 1.421 4.285 0.438 4.505 3.182 0.752 3.270 4.120 2.616 4.890 3.209 5.765 2.073 7.501 1.226 2.941 1.948 5.651 3.261 5.032 7.453 2.642 8.676 8.031 2.755 2.468 7.121 3.029 1.265 5.801 5.719 6.151 4.127 6.944 2.039 3.880 3.142 1.253 6.451 2.834 5.347 7.079 3.590 1.906 2.637 3.931 6.459 4.910 7.365 4.447 6.755 6.842 2.509 0.163 6.597 3.760 6.758 5.268 8.238 2.405 5.115 6.667 7.575 5.038 6.365 5.447 6.405 2.855 4.502 3.385 2.770 7.403 0.808 8.426 4.563 1.529 3.780 6.776 7.390 3.111 6.814 6.890 5.653 2.863 3.612 1.933 9.259 7.517 6.818 5.543 5.161 2.911 2.034 7.737 2.547 3.911 2.025 7.746 3.489 6.073 6.419 3.929 4.124 7.199 7.181 7.321 6.426 7.018 3.915 5.948 5.983 5.787 6.924 2.520 5.823 4.182 5.383 6.294 6.735 6.737 8.638 2.417 5.185 4.809 8.401 7.141 1.165 8.998 2.867 3.967 7.884 3.863 4.727 4.684 6.361 6.948 3.017 3.843 4.826 7.070 
1.074 11.000 8.168 8.821 11.220 9.623 3.880 6.563 8.887 0.033 3.157 7.561 3.418 7.265 5.053 3.215 1.796 0.976 1.422 5.029 4.081 8.609 5.804 6.444 4.065 4.249 5.175 9.383 6.989 8.761 10.483 6.152 8.474 8.369 0.978 2.118 7.259 6.751 4.859 7.267 7.653 6.941 5.395 9.974 1.847 4.407 5.924 2.934 9.297 3.237 7.053 8.984 5.767 4.744 4.065 3.182 7.176 3.753 10.380 3.572 8.940 9.923 1.648 3.830 7.117 7.465 7.896 5.693 7.597 2.184 7.794 6.002 9.858 8.021 5.369 6.897 5.217 0.894 4.201 6.841 0.972 9.680 4.206 9.922 7.679 2.734 6.788 5.798 10.269 0.650 6.027 9.768 4.334 6.497 6.634 5.552 11.427 9.236 8.696 7.630 4.003 6.622 2.033 9.466 1.392 6.446 5.724 9.188 1.681 7.588 4.950 7.564 4.437 6.018 8.082 10.390 4.958 8.647 0.655 6.199 9.477 4.874 10.073 3.933 5.861 7.028 8.730 5.832 7.754 5.975 11.108 3.425 6.265 6.861 9.833 7.881 3.165 8.201 6.426 4.015 7.678 0.417 6.804 2.295 6.305 9.849 5.487 7.254 8.248 8.125 
9.706 1.292 5.569 2.235 2.687 7.232 6.485 3.825 1.631 10.333 9.075 3.664 7.628 3.166 5.283 7.618 10.715 10.039 9.868 6.441 6.385 1.905 6.571 8.417 8.584 6.118 5.708 6.169 6.079 5.897 1.326 5.313 7.248 5.976 9.530 8.210 6.223 6.655 7.634 3.890 3.042 5.052 5.226 1.391 8.606 6.354 4.562 8.889 1.267 7.174 3.709 2.409 4.560 5.849 6.268 7.823 5.134 8.149 1.263 7.852 1.842 1.604 9.862 7.704 5.495 6.825 4.247 5.902 7.931 8.143 2.575 7.569 1.256 2.674 8.040 4.102 8.337 9.728 7.143 4.667 9.491 1.310 7.995 3.460 3.217 7.727 3.882 8.093 0.749 9.941 7.792 0.972 8.398 5.498 4.049 6.039 2.183 2.805 2.560 2.897 8.151 6.814 8.358 2.776 8.964 3.906 6.256 3.492 8.947 3.666 8.758 7.417 6.498 8.529 4.711 1.481 8.759 3.100 10.822 6.041 3.595 7.850 1.845 6.397 6.406 3.476 3.131 7.200 4.500 7.738 1.134 6.907 4.876 3.569 3.612 5.047 8.819 8.527 7.683 6.899 7.009 10.184 3.606 9.496 6.533 0.993 4.884 4.245 3.665 4.389 
8.952 8.586 1.805 7.977 9.855 0.893 6.170 5.548 5.955 8.798 5.765 4.169 5.483 5.495 6.435 5.763 7.842 9.215 7.487 8.781 7.301 5.802 3.135 11.625 4.818 6.872 4.604 1.395 2.180 1.409 6.283 3.674 11.981 10.948 7.810 7.466 10.415 2.117 3.911 8.117 7.443 9.091 7.410 5.965 7.133 7.883 5.208 5.894 6.152 7.398 7.550 8.326 6.187 5.206 6.678 8.592 9.378 9.511 6.267 9.029 7.660 5.758 7.314 4.973 9.670 1.359 9.136 8.820 11.970 7.394 5.875 10.669 8.025 5.163 10.623 7.924 10.763 7.878 8.789 3.610 7.834 7.918 4.570 9.891 4.683 6.498 4.816 10.957 6.639 8.128 10.869 6.329 10.193 3.107 4.771 3.742 9.464 8.905 8.194 7.117 9.715 2.200 7.105 9.048 7.641 5.745 3.388 9.459 8.525 8.223 10.920 1.235 8.168 11.440 9.708 6.089 10.925 8.690 8.840 9.437 3.804 10.102 5.606 6.656 9.513 5.232 4.188 10.232 9.256 10.789 8.422 6.889 8.174 6.808 9.962 9.852 5.673 12.748 2.401 8.235 11.323 8.942 6.736 9.685 9.989 6.305 5.675 3.711 3.744 9.454 
5.752 6.253 2.624 4.767 7.113 4.633 2.412 1.821 3.550 5.994 3.978 1.690 2.700 2.175 2.385 2.810 5.842 6.070 5.108 4.735 3.343 3.275 1.573 7.579 3.409 2.902 0.810 3.958 1.890 3.308 4.869 0.380 8.006 7.056 5.029 4.108 6.421 2.201 2.468 4.330 3.880 5.145 3.362 4.364 4.129 3.872 1.227 3.847 3.936 3.633 3.773 5.089 2.182 1.362 2.763 4.785 5.446 5.625 4.785 5.154 4.601 4.254 5.040 2.608 5.708 2.826 5.374 4.772 7.928 4.029 2.771 6.619 5.304 2.511 6.601 4.068 6.760 5.183 4.811 0.869 5.017 5.144 2.823 6.598 1.997 3.261 1.345 6.921 4.844 5.433 6.822 4.353 6.259 0.946 1.196 0.878 6.979 5.614 4.872 3.608 5.800 2.263 3.970 5.808 4.609 1.947 1.187 6.014 5.135 4.510 6.954 3.338 4.156 7.408 5.911 4.732 6.960 5.231 6.304 5.400 3.502 6.099 4.329 2.779 5.462 1.827 2.807 6.181 5.445 6.742 6.228 3.138 4.188 3.059 6.618 5.996 3.737 8.709 2.962 4.274 7.315 5.987 2.976 6.148 5.945 4.402 1.628 1.285 2.283 5.702 
8.802 1.488 6.103 0.847 2.067 7.986 5.818 3.375 1.959 9.527 8.690 3.862 7.174 2.878 4.504 7.107 10.128 9.127 9.243 5.243 5.468 2.100 6.582 7.024 8.339 5.275 5.398 6.938 6.345 6.554 2.654 5.278 5.800 4.529 8.807 7.414 4.798 6.882 7.500 2.605 1.904 3.686 4.204 2.513 7.911 5.315 4.147 8.460 1.865 6.298 2.563 0.964 3.843 5.388 5.477 6.785 3.739 6.991 2.564 6.743 0.585 2.697 9.269 7.359 4.092 7.199 2.821 4.650 6.493 7.355 2.286 6.206 0.340 2.797 6.720 2.880 7.025 9.015 6.007 4.766 8.759 0.173 7.751 2.166 3.342 7.077 3.709 6.739 2.058 9.207 6.425 1.949 7.164 5.599 3.857 5.929 1.980 1.378 1.145 1.893 6.962 7.016 7.645 1.388 8.211 3.372 6.221 2.072 8.034 2.339 7.463 7.799 5.415 7.159 3.268 2.763 7.463 1.656 10.067 4.706 4.486 6.579 2.988 5.618 5.091 3.225 3.763 5.858 3.077 6.375 1.650 6.114 3.658 2.667 2.293 3.606 8.427 7.081 7.851 5.840 5.567 9.335 2.730 8.448 5.167 2.038 4.310 4.429 4.157 2.947 
1.466 9.757 8.670 7.477 9.676 10.474 3.704 5.966 8.152 2.496 4.898 7.374 4.319 6.643 4.288 4.012 4.240 1.568 3.575 3.149 3.071 7.903 6.578 3.946 5.598 3.452 5.342 9.990 7.645 9.336 9.810 6.411 6.100 6.180 2.772 2.282 5.062 7.596 6.014 5.749 6.380 5.082 4.120 9.331 2.851 2.991 5.557 4.575 8.535 2.501 5.714 7.556 4.998 4.755 3.455 1.530 5.253 1.470 9.698 1.554 7.701 9.334 3.792 4.901 5.103 8.354 6.118 3.829 5.142 2.348 7.039 3.608 8.615 7.498 2.922 5.422 2.734 2.905 2.306 6.944 2.699 8.446 5.481 8.186 7.316 3.241 6.445 3.333 9.468 2.835 3.598 8.998 1.876 6.902 6.327 6.047 10.016 7.674 7.276 6.463 1.656 7.520 2.753 7.892 2.462 5.783 6.354 7.470 1.313 6.060 2.435 8.618 2.863 3.513 6.164 9.759 2.442 7.078 3.149 4.161 9.410 2.494 9.544 3.393 3.765 6.511 8.515 3.522 5.926 3.554 9.924 2.980 4.672 5.781 8.068 5.902 4.781 5.708 7.608 2.448 5.332 2.110 5.750 0.244 4.112 9.095 4.999 7.253 8.165 6.282 
5.910 6.418 2.368 5.002 7.320 4.350 2.628 2.086 3.682 6.105 3.941 1.731 2.748 2.386 2.679 2.889 5.863 6.223 5.160 5.027 3.609 3.414 1.332 7.871 3.313 3.170 0.988 3.702 1.590 3.049 4.930 0.086 8.307 7.354 5.127 4.274 6.722 1.903 2.322 4.618 4.145 5.445 3.662 4.432 4.244 4.152 1.524 3.836 4.057 3.861 4.059 5.329 2.483 1.581 3.017 5.026 5.746 5.882 4.850 5.408 4.820 4.309 5.079 2.590 6.008 2.524 5.661 5.072 8.229 4.195 2.968 6.913 5.496 2.638 6.886 4.361 7.040 5.273 5.085 0.789 5.120 5.340 2.736 6.850 2.102 3.396 1.549 7.210 4.940 5.525 7.114 4.457 6.525 0.651 1.413 0.735 7.162 5.862 5.119 3.865 6.062 1.970 4.101 6.053 4.735 2.224 0.967 6.277 5.314 4.792 7.227 3.037 4.437 7.695 6.202 4.785 7.233 5.493 6.387 5.701 3.414 6.379 4.364 3.025 5.761 2.041 2.789 6.476 5.737 7.034 6.379 3.361 4.489 3.338 6.875 6.291 3.710 9.009 2.692 4.543 7.616 6.116 3.256 6.353 6.245 4.500 1.929 1.249 2.232 5.989 
0.698 9.945 8.294 7.687 9.976 10.017 3.422 5.891 8.151 1.745 4.195 7.187 3.766 6.587 4.232 3.472 3.466 0.861 2.806 3.527 3.058 7.890 6.107 4.677 4.941 3.375 5.012 9.595 7.218 8.946 9.801 6.076 6.752 6.737 2.011 1.767 5.618 7.119 5.443 6.010 6.553 5.480 4.254 9.308 2.198 3.147 5.397 3.882 8.546 2.336 5.904 7.799 4.962 4.456 3.309 1.706 5.681 2.035 9.691 1.951 7.874 9.294 3.026 4.326 5.571 7.873 6.490 4.213 5.841 1.842 7.033 4.265 8.797 7.420 3.613 5.662 3.452 2.135 2.667 6.663 1.939 8.623 4.874 8.555 7.183 2.731 6.293 4.037 9.499 2.059 4.278 9.015 2.572 6.533 6.163 5.640 10.267 7.970 7.514 6.597 2.269 7.029 2.151 8.194 1.760 5.727 5.916 7.827 0.704 6.329 3.185 8.098 3.086 4.251 6.597 9.736 3.193 7.373 2.409 4.632 9.206 3.137 9.485 3.218 4.260 6.417 8.348 4.129 6.318 4.228 10.092 2.744 4.949 5.874 8.447 6.360 4.097 6.435 7.049 2.648 5.967 1.366 5.833 0.586 4.660 9.108 4.867 7.007 7.954 6.683 
3.379 7.194 7.152 4.912 7.122 9.166 2.501 3.785 5.766 4.324 5.219 5.379 3.961 4.390 2.228 3.676 5.585 3.664 4.698 0.700 1.251 5.540 5.542 3.177 5.537 1.666 3.934 8.481 6.358 7.837 7.414 4.902 4.451 4.099 3.976 2.607 3.026 6.499 5.465 3.180 3.833 2.623 1.663 6.959 3.385 0.674 3.610 4.875 6.125 1.589 3.162 4.987 2.798 3.340 1.890 1.177 2.846 1.326 7.300 1.024 5.148 6.989 4.839 4.523 2.788 7.226 3.620 1.362 3.886 2.597 4.683 2.306 6.057 5.258 2.098 2.855 2.227 4.186 0.318 5.226 3.904 5.889 5.168 5.682 5.195 3.039 4.409 2.468 7.023 4.276 2.462 6.575 1.777 5.462 4.333 4.822 7.448 5.117 4.707 3.942 1.389 6.484 3.119 5.338 3.378 3.572 5.209 4.954 2.658 3.493 2.424 7.636 0.404 2.930 3.756 7.385 2.428 4.520 4.973 1.892 7.386 1.565 7.225 1.949 1.611 4.339 6.428 1.935 3.453 2.383 7.368 1.946 2.105 3.316 5.576 3.548 4.999 4.638 6.858 0.409 3.636 4.026 3.299 2.756 2.125 6.677 3.042 5.416 6.194 3.821 
4.695 5.643 6.078 3.380 5.714 8.166 2.405 2.377 4.174 5.511 5.543 4.037 4.058 2.893 1.293 3.851 6.438 5.012 5.524 1.358 1.467 3.959 4.922 4.074 5.589 1.495 3.228 7.369 5.490 6.751 5.813 3.979 4.472 3.686 4.934 3.486 2.877 5.759 5.201 1.754 2.254 1.788 0.250 5.367 4.138 1.161 2.451 5.230 4.524 2.303 1.597 3.501 1.486 2.754 1.794 2.628 2.095 2.933 5.700 2.620 3.577 5.407 5.610 4.503 2.256 6.421 2.502 1.182 4.329 3.442 3.114 3.099 4.497 3.747 3.248 1.385 3.480 5.150 1.921 4.108 4.874 4.325 5.099 4.439 3.767 3.475 3.087 3.483 5.413 5.301 3.318 4.970 3.285 4.543 3.052 4.136 5.966 3.724 3.214 2.338 2.966 5.788 3.854 3.953 4.314 2.152 4.541 3.707 3.930 2.076 3.804 6.910 1.268 3.977 2.849 5.791 3.807 3.134 6.107 1.802 5.969 2.868 5.652 1.937 1.882 2.907 4.991 2.655 2.428 3.240 5.800 2.306 0.842 1.710 4.365 2.782 5.289 5.109 6.336 1.684 3.741 5.275 1.698 4.294 2.347 5.072 1.971 4.193 4.840 2.786 
9.973 2.253 4.865 3.123 3.713 6.361 6.620 3.938 1.625 10.509 8.936 3.311 7.569 3.235 5.547 7.604 10.709 10.308 9.902 7.021 6.722 1.895 6.200 9.203 8.352 6.403 5.602 5.303 5.542 5.104 0.267 5.022 8.196 6.926 9.647 8.407 7.077 6.130 7.339 4.616 3.701 5.830 5.683 0.616 8.715 6.793 4.593 8.786 1.229 7.457 4.331 3.354 4.814 5.850 6.507 8.232 5.951 8.664 0.247 8.326 2.697 0.786 9.872 7.562 6.318 6.195 5.122 6.545 8.811 8.335 2.741 8.315 2.293 2.516 8.730 4.766 9.014 9.835 7.652 4.312 9.616 2.315 7.773 4.515 2.972 7.819 3.788 8.823 0.376 10.062 8.543 0.765 8.986 5.101 3.954 5.773 3.143 3.807 3.457 3.481 8.696 6.302 8.486 3.801 9.114 4.072 5.929 4.500 9.231 4.438 9.411 6.771 6.971 9.278 5.625 0.449 9.413 4.030 10.950 6.768 2.724 8.485 0.910 6.622 7.107 3.480 2.491 7.924 5.367 8.483 2.013 7.130 5.510 4.023 4.663 5.946 8.690 9.439 7.175 7.344 7.902 10.397 4.040 9.893 7.292 0.667 5.013 3.854 3.086 5.299 
3.752 9.090 4.771 7.266 9.734 6.125 2.342 4.382 6.516 3.525 0.952 4.733 0.690 4.975 3.599 0.948 2.865 3.985 2.281 5.186 3.521 6.233 2.372 7.720 0.916 3.291 2.416 5.925 3.561 5.322 7.910 3.070 8.994 8.391 2.537 2.508 7.455 3.267 1.364 6.227 6.170 6.530 4.513 7.402 1.950 4.184 3.611 0.807 6.918 3.057 5.783 7.535 4.037 2.367 2.983 4.085 6.835 5.061 7.823 4.613 7.219 7.297 2.148 0.439 6.959 3.970 7.169 5.601 8.510 2.455 5.585 6.916 8.043 5.502 6.573 5.869 6.592 2.606 4.738 3.815 2.564 7.870 0.736 8.867 5.023 1.651 4.247 6.993 7.855 2.859 7.053 7.355 5.808 3.249 4.080 2.342 9.726 7.966 7.271 6.000 5.321 3.131 2.010 8.187 2.431 4.377 2.384 8.181 3.468 6.504 6.574 4.074 4.413 7.400 7.578 7.776 6.581 7.461 3.615 6.277 6.391 5.992 7.374 2.857 6.129 4.651 5.818 6.558 7.138 6.977 9.108 2.686 5.575 5.260 8.839 7.526 0.697 9.260 2.957 4.220 8.194 3.674 5.179 4.674 6.667 7.412 3.473 4.278 5.253 7.478 
2.822 8.111 5.354 6.064 8.536 7.099 0.855 3.508 5.824 3.121 2.441 4.462 1.126 4.199 2.201 0.830 3.457 3.137 2.569 3.420 1.784 5.542 3.200 5.959 2.691 1.639 2.123 6.653 4.281 6.003 7.394 3.164 7.237 6.692 2.226 1.189 5.718 4.217 2.753 4.768 4.907 4.886 2.927 6.883 1.293 2.430 2.830 2.113 6.237 1.289 4.406 6.286 2.831 1.642 1.343 2.396 5.181 3.373 7.293 2.905 6.105 6.825 2.599 1.711 5.269 4.975 5.627 3.871 6.733 1.111 4.757 5.142 6.996 4.926 4.819 4.394 4.857 2.415 2.966 3.800 2.196 6.817 2.355 7.471 4.572 0.405 3.682 5.233 7.209 2.640 5.281 6.704 4.112 3.598 3.528 2.698 8.636 6.643 6.005 4.809 3.620 4.144 1.075 6.872 1.716 3.417 2.982 6.756 2.245 5.071 4.877 5.254 2.646 5.652 5.980 7.295 4.884 6.092 3.529 4.538 6.413 4.241 6.969 1.198 4.367 3.942 5.633 4.782 5.561 5.205 8.184 0.918 3.976 4.030 7.419 5.890 2.199 7.484 4.293 2.444 6.432 3.073 3.959 3.359 4.905 6.781 2.439 4.187 5.171 5.918 
9.434 0.987 6.758 1.375 1.340 8.587 6.526 4.118 2.592 10.188 9.427 4.567 7.907 3.621 5.197 7.834 10.837 9.755 9.947 5.752 6.113 2.769 7.319 7.303 9.083 5.945 6.142 7.530 7.053 7.179 2.928 6.016 5.850 4.593 9.492 8.085 5.027 7.597 8.245 3.102 2.534 4.056 4.824 2.910 8.605 5.914 4.889 9.193 2.419 6.952 3.160 1.300 4.554 6.123 6.160 7.373 4.055 7.512 2.858 7.294 1.278 3.113 9.979 8.100 4.386 7.892 3.090 5.126 6.652 8.028 3.026 6.542 0.523 3.499 7.105 3.418 7.417 9.702 6.549 5.490 9.442 0.657 8.496 1.875 4.052 7.782 4.451 7.083 2.337 9.888 6.753 2.380 7.629 6.326 4.599 6.672 1.256 1.422 1.570 2.576 7.463 7.736 8.336 1.310 8.890 4.109 6.961 2.042 8.666 2.804 7.870 8.493 5.992 7.477 3.441 3.073 7.870 1.909 10.741 5.097 5.019 7.016 3.386 6.303 5.499 3.968 4.373 6.225 3.346 6.710 1.251 6.792 4.178 3.356 2.037 3.795 9.163 7.182 8.576 6.424 5.719 9.984 3.424 9.022 5.511 2.448 5.039 5.141 4.808 3.141 
5.170 5.142 5.831 2.891 5.263 7.934 2.637 2.033 3.683 5.957 5.783 3.692 4.265 2.476 1.357 4.086 6.803 5.491 5.891 1.817 1.880 3.477 4.872 4.411 5.749 1.812 3.197 7.098 5.334 6.494 5.315 3.831 4.550 3.645 5.338 3.896 2.967 5.649 5.270 1.351 1.750 1.715 0.563 4.875 4.509 1.661 2.251 5.483 4.026 2.726 1.105 3.030 1.275 2.795 2.088 3.134 2.024 3.442 5.201 3.134 3.073 4.922 5.963 4.663 2.258 6.278 2.228 1.497 4.538 3.847 2.644 3.439 3.994 3.312 3.661 0.974 3.910 5.552 2.431 3.871 5.280 3.821 5.232 4.060 3.380 3.791 2.772 3.861 4.906 5.715 3.664 4.468 3.770 4.384 2.760 4.079 5.488 3.291 2.742 1.825 3.467 5.694 4.227 3.521 4.720 1.809 4.480 3.337 4.403 1.663 4.258 6.792 1.781 4.352 2.654 5.297 4.261 2.713 6.538 2.015 5.571 3.320 5.172 2.236 2.185 2.532 4.587 2.999 2.203 3.590 5.295 2.660 0.735 1.212 4.000 2.649 5.523 5.309 6.298 2.193 3.869 5.734 1.208 4.803 2.589 4.571 1.857 3.905 4.479 2.537 
5.943 4.359 5.674 2.118 4.527 7.779 3.222 1.831 3.024 6.709 6.326 3.392 4.788 2.063 1.869 4.643 7.480 6.266 6.572 2.507 2.628 2.846 5.046 4.877 6.197 2.500 3.447 6.880 5.338 6.309 4.619 3.883 4.630 3.570 6.055 4.625 3.121 5.719 5.604 0.820 0.967 1.747 1.335 4.203 5.200 2.445 2.305 6.045 3.339 3.472 0.355 2.279 1.461 3.161 2.748 3.917 2.014 4.194 4.506 3.905 2.289 4.268 6.631 5.125 2.335 6.288 1.854 2.051 4.814 4.572 2.070 3.929 3.211 2.817 4.253 0.547 4.524 6.268 3.188 3.770 6.001 3.038 5.650 3.436 2.999 4.435 2.573 4.398 4.181 6.441 4.158 3.763 4.473 4.401 2.609 4.263 4.722 2.593 1.991 1.058 4.202 5.789 4.922 2.822 5.443 1.638 4.649 2.739 5.175 1.065 4.905 6.835 2.558 4.876 2.383 4.616 4.907 2.043 7.278 2.404 5.122 3.973 4.533 2.896 2.673 2.217 4.141 3.506 1.918 4.090 4.511 3.356 1.038 0.634 3.399 2.483 6.062 5.557 6.468 2.975 4.041 6.497 0.682 5.585 2.975 3.868 2.087 3.710 4.128 2.182 
9.888 0.798 7.159 1.831 0.920 8.945 7.008 4.603 2.999 10.653 9.914 5.008 8.393 4.098 5.676 8.320 11.319 10.207 10.428 6.157 6.575 3.195 7.787 7.584 9.567 6.416 6.626 7.884 7.494 7.557 3.125 6.484 6.006 4.771 9.967 8.556 5.294 8.044 8.723 3.517 2.999 4.404 5.278 3.179 9.083 6.358 5.374 9.680 2.786 7.416 3.612 1.709 5.038 6.610 6.635 7.809 4.378 7.918 3.069 7.715 1.764 3.389 10.462 8.586 4.694 8.320 3.404 5.517 6.869 8.499 3.498 6.858 0.969 3.942 7.445 3.847 7.759 10.177 6.966 5.946 9.916 1.125 8.979 1.904 4.498 8.263 4.924 7.401 2.557 10.361 7.063 2.683 8.007 6.784 5.075 7.147 0.777 1.704 1.992 3.055 7.859 8.185 8.813 1.541 9.363 4.596 7.431 2.234 9.120 3.210 8.219 8.920 6.427 7.779 3.699 3.287 8.218 2.251 11.211 5.448 5.343 7.382 3.645 6.779 5.857 4.445 4.750 6.558 3.656 7.023 1.110 7.265 4.594 3.835 2.081 4.055 9.649 7.361 9.030 6.861 5.937 10.445 3.904 9.450 5.835 2.737 5.525 5.586 5.210 3.416 
6.678 4.318 7.301 2.185 3.913 9.397 4.598 3.497 4.073 7.584 7.746 4.962 6.238 3.600 3.334 6.049 8.635 6.970 7.722 2.665 3.662 3.990 6.724 4.010 7.728 3.714 5.096 8.461 7.020 7.916 5.430 5.571 3.106 1.936 7.097 5.651 1.820 7.408 7.220 0.920 1.757 0.751 2.428 5.121 6.338 3.195 3.991 7.440 4.267 4.469 1.486 2.075 3.104 4.750 4.010 4.485 0.727 4.384 5.323 4.268 2.582 5.244 7.817 6.642 1.079 7.970 0.310 1.982 3.561 5.614 3.412 3.212 3.305 4.211 3.779 1.148 4.093 7.313 3.523 5.436 7.032 3.179 7.207 2.378 4.513 5.696 4.220 3.752 4.886 7.445 3.426 4.589 4.378 6.087 4.272 5.937 4.351 1.968 1.869 2.085 4.285 7.477 6.055 2.161 6.476 3.315 6.327 1.660 5.938 0.895 4.554 8.521 3.153 4.156 0.697 5.483 4.553 1.424 8.210 1.789 6.489 3.734 5.536 4.155 2.203 3.818 5.540 2.895 0.231 3.380 4.562 4.522 1.382 2.228 2.267 0.826 7.489 4.224 8.149 3.582 2.671 7.308 2.301 6.020 2.179 4.696 3.730 5.339 5.634 0.565 
6.301 3.988 5.350 1.818 4.285 7.448 3.402 1.572 2.536 7.026 6.436 3.022 4.895 1.666 2.050 4.778 7.703 6.628 6.804 2.986 2.965 2.361 4.914 5.352 6.236 2.779 3.391 6.522 5.103 5.969 4.135 3.695 4.994 3.879 6.328 4.920 3.527 5.519 5.568 1.030 0.656 2.148 1.729 3.716 5.449 2.856 2.172 6.171 2.852 3.795 0.470 2.037 1.490 3.188 2.997 4.330 2.390 4.653 4.021 4.347 1.918 3.780 6.848 5.183 2.730 6.049 2.052 2.538 5.244 4.862 1.602 4.408 2.841 2.369 4.740 0.910 5.012 6.539 3.643 3.498 6.278 2.664 5.672 3.357 2.596 4.645 2.275 4.882 3.704 6.723 4.638 3.279 4.951 4.184 2.337 4.148 4.415 2.439 1.761 0.622 4.670 5.603 5.176 2.661 5.725 1.415 4.519 2.706 5.534 1.156 5.392 6.612 2.993 5.359 2.620 4.130 5.393 1.949 7.575 2.875 4.677 4.459 4.046 3.141 3.156 1.869 3.701 3.988 2.168 4.570 4.120 3.626 1.521 0.301 3.345 2.773 6.171 5.976 6.321 3.398 4.444 6.832 0.385 6.002 3.442 3.385 2.078 3.388 3.726 2.375 
2.706 10.522 6.550 8.531 11.007 7.788 3.322 5.835 8.087 2.069 1.162 6.432 2.061 6.489 4.678 2.035 1.094 2.818 0.618 5.580 4.132 7.802 4.152 7.662 2.107 4.086 4.033 7.669 5.335 7.082 9.562 4.819 9.347 8.971 1.305 2.312 7.927 5.000 3.049 7.241 7.380 7.263 5.376 9.050 1.524 4.692 5.091 1.033 8.497 3.386 6.887 8.761 5.277 3.805 3.806 3.998 7.546 4.864 9.470 4.514 8.552 8.961 0.409 2.212 7.586 5.664 8.068 6.141 8.656 2.315 7.080 7.017 9.426 7.111 6.514 6.866 6.446 1.228 4.907 5.559 1.374 9.249 2.381 9.948 6.671 2.103 5.839 6.954 9.455 1.412 7.102 8.950 5.575 5.034 5.673 4.112 11.085 9.124 8.481 7.269 5.138 4.849 1.791 9.352 1.666 5.782 4.174 9.229 2.803 7.547 6.298 5.683 4.840 7.278 8.386 9.439 6.306 8.572 1.945 6.766 8.163 5.950 9.060 3.657 6.518 6.191 7.551 6.739 7.985 7.035 10.574 3.263 6.402 6.494 9.892 8.263 1.243 9.348 4.523 4.511 8.530 2.346 6.420 3.896 7.033 9.016 4.813 6.014 7.002 8.349 
11.065 0.888 7.021 3.139 2.077 8.541 7.948 5.332 3.197 11.748 10.621 5.223 9.158 4.698 6.692 9.135 12.218 11.394 11.357 7.551 7.727 3.469 8.134 9.176 10.147 7.501 7.257 7.485 7.608 7.285 2.427 6.879 7.642 6.406 10.982 9.625 6.896 8.189 9.200 4.905 4.204 5.920 6.493 2.737 10.067 7.612 6.085 10.427 2.829 8.543 4.870 3.146 5.989 7.371 7.678 9.085 5.929 9.302 2.431 9.053 2.883 2.939 11.362 9.254 6.261 8.320 4.965 6.948 8.498 9.561 4.093 8.416 1.975 4.240 8.970 5.190 9.280 11.184 8.318 6.228 10.939 2.140 9.557 3.524 4.783 9.202 5.439 8.956 2.076 11.389 8.627 2.478 9.460 7.057 5.604 7.605 1.347 3.289 3.394 4.150 9.270 8.352 9.811 3.152 10.401 5.391 7.822 3.864 10.299 4.625 9.729 8.905 7.721 9.352 5.306 2.621 9.729 3.782 12.262 6.958 4.908 8.862 3.094 7.813 7.355 5.018 4.602 8.093 5.221 8.583 0.661 8.319 5.966 4.895 3.703 5.661 10.364 8.997 9.224 8.142 7.565 11.576 4.947 10.752 7.383 2.467 6.368 5.801 5.167 5.011 
3.575 7.199 4.832 5.178 7.655 6.719 0.152 2.596 4.917 3.995 3.126 3.652 1.610 3.291 1.347 1.431 4.360 3.904 3.482 3.059 1.388 4.636 2.945 5.804 3.139 1.049 1.492 6.160 3.875 5.505 6.501 2.559 6.791 6.119 3.133 1.937 5.223 3.933 2.869 3.971 4.031 4.241 2.220 5.991 2.203 2.053 1.942 2.833 5.328 1.394 3.567 5.412 1.926 0.900 0.759 2.580 4.548 3.490 6.398 3.007 5.203 5.941 3.501 2.056 4.685 4.679 4.886 3.376 6.423 1.860 3.842 4.910 6.088 4.038 4.715 3.604 4.812 3.326 2.833 3.102 3.098 5.909 2.670 6.651 3.714 1.323 2.817 5.095 6.301 3.546 5.080 5.797 4.181 3.066 2.670 2.280 7.736 5.793 5.135 3.916 3.698 3.899 1.966 6.019 2.594 2.500 2.640 5.948 2.907 4.261 4.922 5.048 2.322 5.552 5.286 6.406 4.929 5.257 4.433 4.058 5.650 4.160 6.095 0.679 3.963 3.045 4.822 4.509 4.848 5.000 7.268 0.887 3.282 3.141 6.610 5.235 2.865 7.195 4.232 2.273 6.009 3.911 3.067 3.887 4.499 5.875 1.523 3.443 4.399 5.191 
