10 50 100
320 132 219 83 202 226 128 166 139 356 
136 43 123 135 108 128 171 101 129 137 161 83 46 110 58 167 81 78 69 153 147 125 141 89 165 114 61 156 156 123 109 88 156 167 164 145 142 22 153 155 176 160 160 73 35 172 30 62 126 133 
34 26 32 28 31 31 29 19 21 19 30 8 26 23 19 13 8 14 19 7 12 21 17 34 10 20 14 23 7 25 8 23 18 15 27 12 16 9 32 16 17 10 24 5 17 15 19 8 25 5 28 12 6 13 9 21 30 30 29 12 24 17 24 6 23 35 34 14 35 16 9 29 34 16 33 8 21 27 12 34 24 25 29 11 29 5 6 20 19 33 6 26 6 9 24 34 33 6 28 10 
1246.329 665.307 1157.737 1238.467 1028.622 1134.714 1415.618 1123.172 1169.567 1199.337 1330.104 1008.966 711.892 1010.904 797.366 1284.486 900.539 978.877 890.943 1305.078 1254.661 1198.569 1258.269 963.170 1286.690 1149.758 861.669 1307.773 1327.890 1145.567 1109.974 975.834 1304.964 1389.121 1259.346 1243.365 1309.346 536.212 1307.997 1320.992 1392.664 1339.094 1311.504 837.706 617.216 1440.114 644.198 824.407 1127.510 1131.355 
7.572 6.601 4.729 6.793 6.138 4.047 2.111 3.603 2.548 6.785 5.027 7.423 2.991 1.153 8.048 6.472 6.170 4.211 6.081 4.827 5.972 5.267 5.646 0.553 2.919 1.978 6.600 4.862 6.945 1.671 1.531 5.127 3.143 5.019 1.645 7.019 3.989 8.055 5.092 4.036 6.902 8.318 1.291 6.409 3.071 7.344 4.885 1.376 6.293 3.776 
3.682 2.467 2.427 2.689 2.630 8.201 3.757 0.697 3.183 6.024 0.810 6.663 5.291 5.014 3.856 2.295 3.904 4.031 3.760 5.084 4.840 2.858 2.983 3.738 4.657 5.274 3.120 2.168 5.271 5.728 5.583 1.776 4.728 5.965 2.619 2.916 7.988 3.882 5.384 0.747 5.030 4.125 4.247 6.661 5.901 3.721 6.022 5.259 4.877 4.458 
5.990 3.971 4.474 4.091 5.006 7.227 4.119 1.773 1.046 7.814 2.920 8.483 3.089 3.563 5.442 3.951 2.902 1.745 2.804 2.783 6.695 1.979 5.213 2.741 2.400 3.446 3.454 4.331 7.337 4.957 4.165 2.138 5.353 3.602 2.418 4.296 7.263 5.392 3.093 2.844 7.145 5.703 4.037 4.441 6.001 6.090 3.648 3.763 6.837 2.081 
1.843 2.659 1.633 2.896 0.560 9.439 4.537 2.719 5.217 4.851 1.757 5.403 7.297 6.710 3.393 2.378 5.540 6.091 5.394 7.141 3.702 4.615 1.441 5.353 6.691 7.126 4.160 1.256 3.749 6.990 7.225 3.361 5.073 8.039 4.102 3.047 9.064 3.517 7.436 1.785 3.442 3.605 5.338 8.678 6.525 1.682 8.099 6.960 3.568 6.536 
4.651 4.152 1.971 4.383 3.214 6.699 2.046 1.475 3.050 5.044 2.455 5.715 4.886 3.942 5.472 3.955 5.201 4.491 5.068 5.489 3.946 4.123 2.863 2.576 4.400 4.463 4.769 2.004 4.677 4.226 4.433 3.316 3.040 6.168 1.317 4.607 6.402 5.519 5.803 1.218 4.530 5.734 2.632 7.180 4.190 4.421 6.153 4.191 4.125 4.613 
9.256 6.688 8.058 6.697 8.487 8.288 7.135 5.339 3.319 11.313 6.241 11.985 2.813 4.882 7.953 6.790 3.547 1.851 3.609 0.802 10.229 3.741 8.791 5.087 2.568 4.081 5.343 7.913 10.913 6.764 5.275 4.869 8.363 0.728 5.537 6.834 8.681 7.835 0.494 6.417 10.727 8.169 6.657 0.957 8.528 9.483 0.985 4.910 10.395 1.747 
6.552 8.633 4.829 8.868 5.627 9.494 5.789 7.495 9.243 1.239 7.450 0.586 10.734 9.021 9.140 8.352 11.152 10.769 11.007 11.754 2.409 10.103 4.543 7.948 10.416 9.874 10.070 5.137 2.299 7.917 9.204 8.985 4.884 12.363 7.080 9.009 8.719 9.299 12.067 6.518 2.641 9.291 6.673 13.451 5.957 5.808 12.315 9.211 2.422 10.832 
7.853 7.706 4.620 7.934 6.307 3.573 1.548 4.832 4.669 5.361 6.012 5.920 5.187 3.093 9.024 7.513 8.082 6.386 7.974 7.066 4.872 7.082 5.436 2.654 5.169 4.029 8.137 4.907 5.944 1.621 3.074 6.631 1.484 7.268 2.871 8.159 3.042 9.076 7.337 4.762 6.011 9.284 1.157 8.661 0.829 7.427 7.127 3.209 5.273 6.014 
10.420 9.683 7.315 9.878 8.912 0.973 4.187 6.681 5.343 8.248 8.081 8.773 4.610 2.768 11.120 9.546 9.027 6.742 8.958 7.020 7.802 8.221 8.191 3.623 4.990 3.367 9.653 7.541 8.873 1.593 2.224 8.200 4.410 6.791 4.654 10.105 1.287 11.133 7.205 7.001 8.935 11.390 3.264 8.283 3.149 10.089 6.575 2.636 8.202 6.068 
9.673 7.825 7.413 7.937 8.468 5.021 5.282 5.300 2.854 9.930 6.678 10.580 0.797 2.154 9.289 7.807 5.814 3.265 5.798 3.099 9.043 5.375 8.304 3.136 1.503 1.225 7.086 7.430 9.951 3.912 2.281 5.958 6.325 2.628 4.216 8.136 5.497 9.231 3.201 6.186 9.862 9.548 4.467 4.107 5.984 9.644 2.394 2.046 9.326 2.427 
1.885 4.428 7.146 1.683 8.307 10.275 5.984 3.605 7.945 8.855 7.640 7.791 6.247 1.610 6.149 2.352 8.735 7.204 4.694 9.340 5.860 6.765 4.215 1.153 9.345 6.950 7.464 5.426 8.943 6.280 1.391 5.286 6.779 6.937 3.749 8.494 5.199 8.617 5.619 3.619 9.425 5.045 10.591 3.382 3.428 5.043 3.843 11.034 9.287 5.947 3.488 5.858 8.733 6.044 7.626 9.581 7.442 4.730 7.544 2.841 4.539 6.821 8.764 3.957 8.770 6.338 6.473 1.740 3.663 2.546 9.035 3.903 4.366 6.218 2.119 6.395 2.555 3.264 6.208 0.584 6.238 3.928 8.681 9.792 7.827 8.496 5.718 7.111 5.114 6.682 5.420 5.128 1.710 1.340 6.163 4.770 1.928 0.270 7.248 9.116 
1.940 4.084 4.640 4.014 7.346 9.407 4.355 5.582 7.785 7.090 7.910 8.499 4.923 4.242 6.604 4.820 6.025 5.301 4.783 8.413 5.527 8.607 3.827 2.865 7.194 6.068 7.192 5.710 8.556 7.925 3.037 5.034 6.373 6.408 1.335 7.499 3.955 5.835 5.081 5.685 7.520 4.114 9.497 0.643 1.006 5.623 2.556 10.382 8.182 6.781 0.969 6.760 6.248 3.558 5.363 9.039 5.197 1.967 6.658 5.094 2.448 4.193 7.918 1.293 7.350 4.978 3.945 1.186 2.071 0.726 8.002 1.198 4.147 6.846 2.122 3.649 2.858 4.774 7.144 2.350 8.073 5.667 6.564 8.887 7.671 8.442 2.817 7.456 3.283 6.239 2.996 4.631 4.136 3.508 4.404 6.887 4.231 2.647 6.630 6.518 
4.578 1.691 6.096 2.168 5.401 7.231 4.007 2.097 4.713 6.575 4.382 4.641 3.888 2.690 2.899 2.507 7.904 5.284 1.545 6.361 2.790 4.645 1.626 2.119 7.472 4.105 4.272 2.168 5.748 3.900 1.872 2.244 3.669 3.877 5.397 5.599 3.052 7.996 2.714 2.282 7.246 2.634 7.660 4.010 3.673 1.795 2.524 7.884 6.418 2.819 3.790 2.766 7.432 5.185 6.111 6.421 5.927 4.771 4.645 2.233 3.671 6.060 5.765 4.147 6.171 3.995 5.587 3.603 2.836 4.326 6.133 5.250 1.538 3.010 1.975 5.976 5.551 1.063 3.145 3.098 4.127 1.894 6.828 6.784 4.596 5.242 5.995 3.856 3.660 3.596 4.638 2.295 2.312 2.091 4.286 3.279 2.113 3.197 4.212 7.990 
1.925 4.321 4.674 4.219 7.535 9.595 4.514 5.814 8.012 7.214 8.150 8.746 5.101 4.429 6.850 5.024 6.002 5.422 5.026 8.600 5.755 8.849 4.065 3.074 7.272 6.268 7.416 5.955 8.771 8.170 3.254 5.267 6.594 6.624 1.086 7.685 4.150 5.791 5.304 5.913 7.627 4.326 9.670 0.747 1.167 5.872 2.772 10.581 8.358 7.030 1.110 7.010 6.276 3.607 5.434 9.246 5.273 1.968 6.855 5.312 2.588 4.202 8.112 1.361 7.505 5.154 3.981 1.316 2.278 0.680 8.184 0.962 4.387 7.094 2.368 3.629 2.783 5.015 7.394 2.505 8.314 5.906 6.650 9.074 7.898 8.671 2.721 7.698 3.437 6.460 3.067 4.859 4.336 3.714 4.549 7.117 4.440 2.793 6.841 6.521 
2.988 2.968 6.398 1.104 6.857 8.786 4.821 2.564 6.399 7.634 6.098 6.302 4.954 1.530 4.612 1.873 8.120 6.096 3.156 7.871 4.347 5.680 2.780 0.404 8.291 5.510 5.927 3.877 7.407 5.079 0.166 3.775 5.261 5.433 4.243 7.049 3.944 8.095 4.146 2.653 8.250 3.698 9.141 3.242 3.076 3.506 2.787 9.512 7.855 4.459 3.175 4.383 7.911 5.342 6.691 8.055 6.502 4.388 6.091 2.060 3.747 6.192 7.286 3.632 7.430 5.053 5.775 2.201 2.796 3.043 7.590 4.226 2.884 4.700 1.174 5.909 3.896 1.909 4.747 1.415 5.142 2.728 7.626 8.315 6.281 6.947 5.546 5.572 4.113 5.170 4.724 3.665 1.262 0.668 5.043 3.860 1.265 1.482 5.752 8.376 
12.073 6.882 8.121 10.249 3.331 1.397 6.490 9.221 3.482 4.978 4.319 5.209 5.784 10.755 5.603 10.381 9.094 6.211 6.592 2.322 5.410 8.671 7.121 10.122 6.294 4.560 3.842 6.010 2.383 8.038 9.909 5.983 4.489 4.349 11.756 3.212 6.676 9.592 5.704 9.398 5.295 6.540 1.936 10.124 9.672 6.550 8.091 0.245 2.770 6.283 9.749 6.446 7.837 8.371 7.108 1.690 7.104 9.657 3.972 9.895 8.375 8.679 2.726 9.699 3.967 5.754 8.367 10.922 8.559 11.252 2.805 11.364 6.918 5.798 9.359 9.274 13.131 8.638 6.339 10.954 8.614 8.695 6.279 1.884 3.588 3.176 10.377 4.788 7.525 4.590 8.466 6.199 10.378 10.199 6.582 9.437 10.149 11.140 4.064 8.442 
7.333 2.126 5.728 5.290 2.565 4.145 3.257 4.473 1.635 4.532 1.829 2.835 2.580 5.800 1.296 5.477 7.405 4.064 1.642 3.358 0.712 5.163 2.384 5.183 5.834 1.670 1.131 1.121 2.611 4.321 4.960 1.165 0.671 0.966 7.475 2.758 2.723 7.704 1.237 4.666 5.244 2.291 4.669 5.834 5.383 1.725 3.703 4.741 3.553 2.126 5.486 2.268 6.492 5.302 5.190 3.277 5.055 5.880 1.933 5.036 4.460 6.016 2.764 5.609 3.723 2.653 5.544 6.216 4.214 6.708 3.240 7.170 2.099 1.713 4.557 6.301 8.376 3.740 2.445 6.067 4.848 3.982 5.321 3.737 1.517 2.259 6.946 1.533 3.821 0.695 5.043 1.590 5.422 5.234 3.535 5.043 5.200 6.227 1.292 7.159 
4.584 1.574 3.335 4.292 4.352 6.413 1.611 4.855 4.904 4.485 5.227 6.056 1.982 4.772 4.162 4.931 5.140 2.851 2.415 5.422 2.704 7.185 1.402 3.463 5.035 3.065 4.291 3.279 5.589 6.366 3.394 2.329 3.457 3.453 4.174 4.511 0.959 5.238 2.200 5.034 5.053 1.156 6.545 2.521 2.064 3.459 0.541 7.379 5.223 4.617 2.151 4.659 4.731 2.438 3.457 6.044 3.269 2.491 3.656 4.845 1.097 3.308 4.917 2.207 4.503 2.056 2.828 3.442 0.938 3.642 5.025 3.822 1.730 4.505 2.262 3.301 5.632 3.822 5.015 3.876 6.704 4.646 4.369 5.895 4.795 5.578 3.630 4.850 0.906 3.317 1.939 1.835 4.459 3.923 1.799 6.034 4.374 4.153 3.649 5.256 
6.832 3.315 1.982 6.747 3.080 4.940 0.949 7.010 4.701 2.091 5.516 6.667 1.304 7.243 5.077 7.330 3.548 0.348 3.932 3.994 3.304 8.760 3.329 5.965 2.552 2.435 4.129 4.427 4.888 7.904 5.888 3.377 3.454 3.246 5.839 3.147 1.900 3.879 2.869 7.204 2.578 2.343 4.786 4.381 4.000 4.885 3.021 6.077 3.575 5.807 4.031 5.911 2.668 2.062 1.334 5.046 1.193 3.520 2.734 7.163 2.557 2.438 3.696 3.801 2.501 1.218 2.070 5.748 3.238 5.719 3.508 5.393 3.493 5.495 4.761 2.972 7.832 5.994 6.181 6.343 8.353 6.691 1.892 4.432 4.631 5.339 4.079 5.357 1.781 3.330 2.253 2.958 6.914 6.406 0.706 8.038 6.805 6.632 3.196 3.318 
7.436 4.818 9.503 3.950 7.200 8.390 7.157 2.034 5.437 9.150 4.421 3.640 6.762 4.132 3.452 3.378 11.313 8.312 4.098 7.823 4.907 1.136 4.905 4.858 10.344 6.297 5.396 3.706 6.504 0.860 4.616 4.670 5.340 5.638 8.772 7.385 6.254 11.468 5.213 2.016 9.863 5.742 9.078 7.552 7.253 3.164 6.107 8.562 8.135 2.613 7.368 2.452 10.666 8.693 9.314 7.247 9.144 8.386 6.608 2.814 7.250 9.555 7.270 7.748 8.397 6.863 9.069 6.754 6.448 7.592 7.818 8.704 4.636 3.106 5.399 9.544 8.187 2.736 2.433 5.819 0.606 1.840 9.763 8.106 5.363 5.567 9.609 4.005 7.104 5.369 8.188 5.066 3.933 4.348 7.461 1.028 3.705 5.734 5.951 11.281 
3.128 2.389 4.134 3.411 5.780 7.836 3.016 4.513 6.092 5.882 6.220 6.853 3.440 3.814 4.945 4.164 5.822 4.169 3.113 6.849 3.832 7.302 2.133 2.371 6.278 4.461 5.503 4.044 6.885 6.555 2.395 3.336 4.689 4.739 2.996 5.945 2.405 5.788 3.397 4.657 6.410 2.471 7.995 1.415 1.026 4.012 0.935 8.767 6.671 5.189 1.143 5.186 5.692 3.055 4.553 7.394 4.368 2.166 5.062 4.248 1.484 3.891 6.328 1.492 5.956 3.513 3.489 1.984 0.595 2.249 6.466 2.741 2.459 5.211 1.136 3.605 4.179 3.559 5.567 2.530 6.782 4.464 5.616 7.321 5.977 6.746 3.379 5.775 2.058 4.558 2.431 2.938 3.570 2.954 3.152 5.800 3.560 2.830 4.976 6.116 
7.880 5.487 10.171 4.367 7.818 8.939 7.829 2.505 5.992 9.805 4.936 4.045 7.432 4.483 4.068 3.719 11.981 8.984 4.770 8.407 5.566 0.883 5.570 5.347 11.009 6.947 5.989 4.366 7.038 1.175 5.115 5.340 5.973 6.272 9.306 8.000 6.925 12.132 5.881 2.444 10.518 6.413 9.646 8.137 7.852 3.832 6.751 9.054 8.738 3.221 7.966 3.065 11.338 9.352 9.986 7.774 9.816 9.009 7.242 3.198 7.896 10.217 7.864 8.356 9.035 7.534 9.731 7.260 7.080 8.110 8.421 9.259 5.305 3.703 5.971 10.194 8.580 3.318 3.001 6.273 0.614 2.410 10.431 8.674 5.924 6.074 10.231 4.553 7.767 6.007 8.841 5.738 4.329 4.799 8.133 1.272 4.119 6.163 6.579 11.953 
8.918 5.165 3.012 8.777 3.021 4.115 3.000 8.832 5.180 0.559 6.241 7.501 2.967 9.285 6.287 9.311 3.619 1.781 5.612 3.428 4.658 10.145 5.239 8.052 0.920 3.320 4.765 5.859 4.892 9.297 7.961 4.940 4.391 4.104 7.765 2.950 3.884 4.134 4.384 9.031 0.472 4.228 3.627 6.415 6.062 6.411 5.130 5.285 2.847 7.109 6.082 7.242 2.354 3.727 1.947 4.728 2.039 5.389 3.208 9.087 4.633 3.639 3.463 5.801 1.691 2.860 3.513 7.851 5.354 7.773 2.979 7.305 5.328 6.702 6.865 4.344 9.900 7.853 7.436 8.459 9.804 8.454 0.813 3.716 5.155 5.673 5.641 6.261 3.894 4.316 4.133 4.649 8.942 8.464 2.809 9.737 8.815 8.745 3.881 2.959 
8.930 4.203 4.403 7.939 0.879 2.346 2.932 7.559 3.075 1.601 4.185 5.455 2.364 8.465 4.499 8.323 5.538 2.482 4.348 1.434 3.163 8.357 4.370 7.463 3.076 1.734 2.740 4.292 2.739 7.533 7.308 3.620 2.585 2.286 8.268 0.793 3.404 5.998 3.109 7.758 2.225 3.484 2.242 6.699 6.269 4.895 4.873 3.497 0.978 5.347 6.327 5.498 4.336 4.660 3.422 2.646 3.399 6.042 1.317 7.984 4.872 4.952 1.321 6.195 0.513 2.297 4.639 7.786 5.266 7.948 0.941 7.846 4.319 4.890 6.440 5.546 9.977 6.682 5.625 8.100 8.076 7.110 2.814 1.845 3.065 3.528 6.675 4.284 4.010 2.558 4.807 3.534 8.095 7.733 2.956 8.265 7.918 8.344 1.982 4.994 
0.953 5.364 5.977 4.272 8.797 10.858 5.837 6.095 9.107 8.565 9.128 9.595 6.391 4.323 7.747 5.029 7.195 6.773 5.977 9.866 6.849 9.244 5.105 3.255 8.613 7.499 8.530 6.880 9.931 8.649 3.498 6.325 7.727 7.786 1.216 8.955 5.404 6.931 6.437 6.154 8.980 5.519 10.968 2.097 2.489 6.701 3.965 11.811 9.650 7.806 2.447 7.761 7.564 4.932 6.773 10.444 6.615 3.255 8.096 5.443 3.929 5.473 9.360 2.710 8.832 6.450 5.290 1.399 3.507 0.804 9.464 1.578 5.397 7.940 3.056 4.852 1.486 5.470 8.141 2.350 8.707 6.298 7.996 10.340 8.990 9.747 3.772 8.647 4.766 7.598 4.410 5.966 4.347 3.806 5.887 7.352 4.517 2.532 8.027 7.767 
1.891 3.874 4.720 3.743 7.220 9.281 4.281 5.301 7.593 7.057 7.690 8.257 4.817 3.982 6.367 4.549 6.160 5.277 4.553 8.290 5.333 8.328 3.616 2.592 7.219 5.926 7.005 5.477 8.384 7.648 2.760 4.829 6.191 6.237 1.595 7.378 3.827 5.991 4.899 5.404 7.509 3.954 9.395 0.729 0.978 5.374 2.396 10.240 8.075 6.527 0.974 6.503 6.331 3.625 5.398 8.882 5.228 2.100 6.521 4.816 2.410 4.300 7.785 1.373 7.275 4.878 4.025 0.996 1.931 0.776 7.888 1.478 3.929 6.602 1.846 3.787 2.866 4.494 6.887 2.120 7.793 5.386 6.581 8.763 7.478 8.245 3.026 7.230 3.221 6.060 3.042 4.440 3.867 3.237 4.349 6.606 3.958 2.423 6.468 6.626 
5.339 5.332 2.028 7.160 6.758 8.613 3.771 8.301 8.132 5.341 8.725 9.698 4.544 7.504 7.854 7.940 2.670 3.789 6.170 7.679 6.213 10.905 5.162 6.042 4.761 5.905 7.519 7.000 8.499 10.102 6.128 5.978 6.728 6.604 3.440 6.833 4.196 2.373 5.685 8.453 5.462 4.677 8.386 2.997 3.017 7.219 3.825 9.760 7.239 8.367 2.933 8.415 3.314 1.673 3.095 8.718 3.025 1.684 6.330 8.056 2.694 1.400 7.378 2.459 6.097 4.521 1.629 4.693 3.495 4.111 7.191 3.002 5.491 8.221 4.903 0.723 6.036 7.314 8.766 5.797 10.409 8.203 4.300 8.111 8.042 8.805 0.804 8.429 3.104 6.586 1.876 5.463 7.309 6.674 3.568 9.569 7.332 6.108 6.658 3.336 
7.007 4.725 0.526 7.726 4.642 6.289 2.407 8.315 6.414 2.837 7.245 8.391 2.995 8.179 6.758 8.401 1.835 1.623 5.449 5.423 4.983 10.341 4.671 6.779 2.259 4.158 5.852 6.053 6.522 9.490 6.764 4.982 5.183 4.974 5.533 4.670 3.281 2.150 4.515 8.499 2.913 3.796 5.961 4.429 4.179 6.459 3.881 7.462 4.919 7.453 4.162 7.546 1.262 1.512 0.582 6.594 0.596 3.187 4.411 8.333 2.949 1.154 5.233 3.776 3.721 2.920 1.154 6.066 3.874 5.784 4.931 5.065 4.907 7.171 5.528 1.874 7.899 7.281 7.837 6.915 9.909 8.062 1.753 5.815 6.348 7.040 3.194 7.080 2.584 5.057 2.096 4.516 7.891 7.316 2.103 9.440 7.829 7.226 4.913 1.773 
5.223 5.195 2.013 7.015 6.678 8.548 3.669 8.154 8.026 5.307 8.608 9.573 4.442 7.360 7.724 7.794 2.757 3.728 6.034 7.609 6.091 10.762 5.023 5.899 4.767 5.806 7.411 6.868 8.406 9.961 5.983 5.850 6.617 6.497 3.349 6.757 4.073 2.480 5.563 8.306 5.448 4.550 8.334 2.861 2.874 7.082 3.681 9.691 7.175 8.233 2.791 8.280 3.352 1.581 3.072 8.635 2.994 1.541 6.238 7.909 2.553 1.384 7.299 2.317 6.043 4.422 1.570 4.562 3.349 3.992 7.122 2.905 5.354 8.090 4.757 0.677 5.934 7.167 8.631 5.661 10.265 8.057 4.291 8.043 7.935 8.700 0.728 8.307 2.978 6.475 1.750 5.334 7.164 6.529 3.472 9.423 7.186 5.972 6.557 3.402 
7.940 5.732 1.369 8.778 5.133 6.537 3.369 9.353 7.083 2.944 7.996 9.186 3.866 9.230 7.638 9.455 1.174 2.348 6.429 5.766 5.865 11.300 5.692 7.824 1.851 4.887 6.557 6.980 7.049 10.445 7.813 5.920 5.958 5.722 6.335 5.122 4.282 1.676 5.426 9.538 2.759 4.785 6.084 5.370 5.157 7.417 4.935 7.714 5.213 8.367 5.129 8.469 0.251 2.474 1.229 7.017 1.386 4.065 5.040 9.384 3.986 1.847 5.678 4.717 4.003 3.779 2.062 7.043 4.919 6.704 5.287 5.870 5.915 8.056 6.574 2.526 8.793 8.319 8.742 7.932 10.880 9.088 1.649 6.106 7.029 7.673 3.823 7.880 3.635 5.842 3.089 5.475 8.944 8.366 3.064 10.462 8.883 8.245 5.613 0.759 
6.394 3.705 8.373 2.998 6.469 7.877 6.078 1.128 4.957 8.239 4.101 3.652 5.742 3.282 2.838 2.586 10.186 7.274 3.045 7.205 4.002 2.262 3.769 3.781 9.362 5.434 4.791 2.832 6.063 1.635 3.528 3.682 4.574 4.864 7.626 6.663 5.154 10.323 4.237 1.215 8.948 4.653 8.499 6.372 6.067 2.237 4.926 8.204 7.450 2.110 6.182 1.949 9.586 7.535 8.237 6.808 8.063 7.196 5.815 1.988 6.072 8.402 6.626 6.559 7.572 5.847 7.919 5.642 5.260 6.464 7.135 7.542 3.522 2.596 4.229 8.371 7.205 1.574 2.118 4.776 1.729 0.733 8.760 7.537 4.866 5.225 8.420 3.607 5.957 4.578 7.018 4.026 3.017 3.331 6.379 1.140 2.766 4.727 5.196 10.187 
4.878 4.252 1.761 6.262 5.901 7.834 2.807 7.294 7.137 4.785 7.685 8.635 3.580 6.640 6.781 7.022 3.095 3.079 5.090 6.872 5.160 9.840 4.084 5.179 4.496 4.947 6.519 5.923 7.568 9.033 5.236 4.908 5.714 5.608 3.284 5.995 3.141 2.973 4.631 7.452 5.035 3.611 7.687 2.342 2.223 6.140 2.768 8.955 6.476 7.289 2.166 7.336 3.334 0.866 2.678 7.837 2.552 0.988 5.411 7.097 1.627 1.247 6.522 1.709 5.395 3.571 1.100 4.058 2.477 3.635 6.394 2.816 4.412 7.146 3.985 0.754 5.709 6.292 7.687 5.066 9.348 7.172 3.935 7.321 7.043 7.814 1.185 7.374 2.043 5.571 0.820 4.393 6.417 5.791 2.645 8.547 6.417 5.382 5.686 3.567 
4.196 2.585 6.773 1.285 6.315 8.123 4.826 1.535 5.529 7.465 5.084 5.166 4.767 1.795 3.586 1.597 8.562 6.114 2.447 7.265 3.695 4.521 2.488 1.582 8.315 5.022 5.123 2.967 6.590 3.886 1.318 3.157 4.559 4.777 5.363 6.513 3.879 8.610 3.632 1.677 8.128 3.498 8.568 4.179 3.920 2.496 3.111 8.742 7.333 3.323 4.031 3.232 8.178 5.798 6.881 7.279 6.694 5.146 5.560 1.396 4.224 6.673 6.668 4.447 7.085 4.873 6.217 3.381 3.309 4.197 7.046 5.295 2.441 3.615 2.007 6.508 5.085 0.703 3.583 2.606 3.985 1.570 7.663 7.683 5.414 6.020 6.355 4.549 4.358 4.493 5.216 3.209 1.416 1.324 5.092 2.834 1.203 2.624 5.116 8.708 
7.665 2.837 4.025 6.575 1.263 3.321 1.929 6.262 2.678 2.356 3.586 4.805 1.198 7.100 3.484 6.971 5.507 2.121 3.025 2.326 1.910 7.344 3.005 6.103 3.654 0.518 2.137 3.098 2.873 6.498 5.945 2.302 1.607 1.335 7.176 1.412 2.143 5.882 1.768 6.462 3.069 2.145 3.459 5.557 5.111 3.677 3.607 4.341 2.136 4.307 5.182 4.443 4.463 3.956 3.257 3.127 3.161 5.088 0.702 6.649 3.789 4.461 1.861 5.115 1.712 1.174 4.056 6.513 4.038 6.742 1.924 6.779 2.955 3.900 5.106 4.933 8.719 5.355 4.632 6.764 7.013 5.834 3.169 2.800 2.617 3.302 5.897 3.520 2.940 1.519 3.942 2.173 6.731 6.366 2.073 7.046 6.557 7.001 1.193 5.141 
8.227 4.675 2.362 8.206 3.123 4.515 2.402 8.370 5.175 0.977 6.171 7.407 2.500 8.707 6.049 8.770 3.215 1.128 5.194 3.724 4.346 9.867 4.723 7.440 1.132 3.120 4.699 5.536 5.039 9.012 7.360 4.558 4.215 3.945 7.058 3.097 3.325 3.693 4.010 8.566 1.177 3.715 4.123 5.714 5.366 6.059 4.495 5.694 3.175 6.846 5.384 6.970 2.004 3.024 1.290 4.977 1.358 4.682 3.138 8.576 3.944 2.981 3.647 5.097 1.962 2.393 2.825 7.170 4.692 7.075 3.243 6.597 4.845 6.470 6.236 3.675 9.203 7.371 7.192 7.808 9.499 8.017 0.560 4.071 5.135 5.726 4.957 6.130 3.230 4.121 3.425 4.216 8.373 7.875 2.180 9.331 8.257 8.100 3.772 2.667 
9.117 4.737 3.924 8.468 1.815 2.885 3.018 8.254 4.011 0.729 5.118 6.387 2.657 8.990 5.361 8.913 4.827 2.175 5.011 2.148 3.899 9.231 4.869 7.888 2.186 2.465 3.663 5.073 3.632 8.398 7.757 4.293 3.435 3.136 8.238 1.714 3.703 5.319 3.751 8.454 1.292 3.904 2.508 6.747 6.344 5.662 5.121 4.063 1.572 6.205 6.387 6.350 3.583 4.386 2.872 3.446 2.896 5.921 2.174 8.617 4.906 4.519 2.198 6.189 0.429 2.564 4.282 7.996 5.450 8.057 1.697 7.795 4.876 5.762 6.786 5.174 10.143 7.333 6.499 8.435 8.931 7.829 2.024 2.456 4.001 4.457 6.394 5.200 4.070 3.389 4.650 4.118 8.629 8.218 2.946 9.035 8.470 8.699 2.858 4.214 
3.447 4.801 3.477 5.661 7.294 9.304 4.134 7.073 8.204 6.460 8.558 9.342 4.856 5.931 7.430 6.464 4.545 4.702 5.612 8.319 6.036 9.951 4.572 4.509 6.228 6.177 7.585 6.528 8.796 9.209 4.647 5.650 6.752 6.710 1.582 7.414 4.123 4.275 5.526 7.197 6.750 4.469 9.240 1.382 1.639 6.589 3.119 10.380 7.980 7.773 1.524 7.785 5.005 2.563 4.407 9.161 4.276 0.969 6.711 6.680 2.323 2.912 7.907 1.192 6.972 4.877 2.832 2.910 2.634 2.238 7.860 1.122 4.919 7.739 3.545 2.239 4.137 6.170 8.161 4.077 9.428 7.078 5.664 8.783 8.099 8.883 1.130 8.170 3.123 6.609 2.223 5.166 5.794 5.157 4.060 8.377 5.863 4.376 6.857 5.147 
4.201 1.731 5.913 2.015 5.557 7.436 3.932 2.293 4.998 6.590 4.722 5.019 3.888 2.541 3.251 2.470 7.712 5.220 1.767 6.543 2.985 4.989 1.610 1.796 7.422 4.233 4.532 2.482 6.012 4.261 1.563 2.420 3.888 4.076 5.012 5.752 2.985 7.781 2.844 2.464 7.247 2.615 7.831 3.646 3.323 2.154 2.281 8.129 6.568 3.204 3.439 3.154 7.296 4.966 5.992 6.668 5.806 4.457 4.794 2.287 3.419 5.842 5.951 3.810 6.252 3.994 5.377 3.215 2.545 3.937 6.291 4.872 1.605 3.381 1.586 5.721 5.184 1.278 3.533 2.747 4.466 2.164 6.769 6.976 4.881 5.548 5.679 4.202 3.487 3.804 4.401 2.391 2.171 1.856 4.198 3.532 2.003 2.864 4.404 7.835 
6.110 4.413 8.974 2.595 7.477 8.940 6.802 0.828 6.030 9.132 5.178 4.674 6.552 2.718 3.905 1.956 10.783 8.044 3.872 8.247 4.942 2.537 4.424 3.608 10.185 6.382 5.845 3.816 7.138 2.237 3.389 4.561 5.582 5.864 7.598 7.672 5.854 10.873 5.115 0.706 9.834 5.383 9.547 6.524 6.280 3.208 5.382 9.281 8.470 3.188 6.390 3.027 10.279 8.059 8.943 7.882 8.763 7.506 6.799 1.423 6.522 8.936 7.663 6.809 8.528 6.659 8.465 5.527 5.638 6.387 8.157 7.580 4.234 3.673 4.352 8.824 6.807 1.829 3.183 4.508 2.034 1.036 9.563 8.590 5.937 6.303 8.717 4.685 6.537 5.574 7.502 4.841 2.555 3.037 7.095 0.510 2.346 4.390 6.202 10.853 
9.593 4.417 6.107 7.897 1.106 1.517 4.151 7.069 1.560 3.476 2.706 3.927 3.404 8.413 3.554 8.106 7.384 4.150 4.194 0.908 2.973 7.166 4.651 7.689 4.950 2.106 1.597 3.738 0.862 6.408 7.485 3.545 2.066 1.890 9.320 1.106 4.228 7.823 3.232 7.258 4.050 4.065 2.124 7.677 7.223 4.324 5.620 2.237 1.397 4.356 7.304 4.521 6.206 6.160 5.203 0.904 5.151 7.300 1.548 7.663 5.969 6.601 0.572 7.281 2.347 3.391 6.227 8.443 6.095 8.780 1.133 8.941 4.463 3.857 6.887 7.119 10.652 6.369 4.529 8.495 6.981 6.562 4.698 1.153 1.612 1.781 8.118 2.988 5.137 2.150 6.165 3.728 8.034 7.807 4.291 7.499 7.818 8.690 1.589 6.870 
9.505 4.684 4.951 8.401 0.948 1.775 3.533 7.917 3.038 1.926 4.187 5.449 2.946 8.927 4.697 8.750 5.995 3.056 4.754 0.952 3.531 8.506 4.867 7.972 3.375 2.156 2.818 4.598 2.491 7.702 7.809 4.029 2.838 2.551 8.870 0.764 3.974 6.473 3.548 8.115 2.437 4.019 1.641 7.296 6.864 5.206 5.445 2.944 0.400 5.543 6.924 5.700 4.764 5.250 3.943 2.251 3.935 6.646 1.633 8.386 5.472 5.514 1.078 6.797 0.819 2.884 5.216 8.359 5.848 8.537 0.512 8.449 4.788 5.066 6.981 6.123 10.555 7.078 5.789 8.639 8.258 7.450 3.212 1.298 3.052 3.391 7.268 4.360 4.610 2.840 5.408 3.999 8.554 8.216 3.560 8.552 8.368 8.877 2.217 5.404 
3.834 3.379 2.778 5.002 5.837 7.870 2.694 6.104 6.698 5.254 7.076 7.901 3.384 5.377 6.000 5.768 4.321 3.460 4.210 6.878 4.544 8.778 3.168 3.915 5.289 4.684 6.079 5.106 7.295 7.995 3.974 4.181 5.246 5.203 2.663 5.966 2.616 4.231 4.029 6.254 5.645 2.970 7.857 1.262 1.010 5.226 1.732 8.922 6.571 6.404 0.983 6.430 4.388 1.676 3.457 7.675 3.292 0.649 5.228 5.862 0.816 2.407 6.443 0.628 5.629 3.413 2.087 2.896 1.324 2.630 6.431 2.231 3.514 6.329 2.728 2.017 4.760 5.124 6.798 3.834 8.270 6.019 4.663 7.346 6.593 7.378 1.853 6.702 1.642 5.103 1.092 3.687 5.156 4.528 2.667 7.377 5.162 4.150 5.354 4.717 
7.991 3.030 6.974 5.460 3.401 4.512 4.497 4.225 1.567 5.626 0.888 1.601 3.827 5.931 0.626 5.464 8.651 5.299 2.300 3.933 1.898 4.173 3.277 5.613 6.988 2.827 1.523 1.390 2.669 3.377 5.364 2.165 1.733 2.014 8.395 3.571 3.906 8.951 2.421 4.397 6.327 3.435 5.184 6.790 6.353 1.714 4.703 4.813 4.277 1.306 6.462 1.472 7.723 6.520 6.431 3.414 6.299 6.985 2.936 4.940 5.576 7.251 3.394 6.641 4.709 3.900 6.776 6.927 5.207 7.518 3.961 8.129 2.942 0.806 5.235 7.514 9.001 3.749 1.473 6.582 3.941 3.696 6.506 4.212 1.481 1.873 8.094 0.378 5.000 1.827 6.228 2.669 5.566 5.520 4.779 4.474 5.320 6.690 2.250 8.393 
8.964 6.427 2.385 9.656 5.178 6.289 4.036 10.105 7.272 2.763 8.271 9.503 4.393 10.122 8.092 10.305 1.766 2.836 7.059 5.635 6.349 11.857 6.419 8.742 1.341 5.204 6.800 7.514 7.077 11.000 8.715 6.487 6.298 6.035 7.374 5.128 4.986 2.314 5.960 10.295 2.340 5.459 5.728 6.390 6.159 7.998 5.810 7.445 5.052 8.865 6.137 8.980 0.788 3.478 1.920 6.936 2.107 5.098 5.239 10.196 4.931 2.887 5.656 5.736 3.893 4.294 3.080 8.047 5.844 7.731 5.186 6.909 6.607 8.513 7.493 3.562 9.827 9.078 9.225 8.903 11.464 9.805 1.554 5.912 7.234 7.809 4.849 8.220 4.488 6.198 4.079 6.084 9.823 9.262 3.744 11.161 9.746 9.213 5.872 0.944 
6.515 1.581 4.029 5.322 2.392 4.425 1.552 5.118 2.932 3.388 3.486 4.539 0.918 5.847 2.861 5.741 5.733 2.470 1.881 3.452 1.086 6.561 1.746 4.849 4.471 1.042 2.310 2.218 3.531 5.704 4.687 1.214 1.491 1.420 6.237 2.573 1.168 6.013 0.667 5.318 4.084 0.959 4.665 4.585 4.128 2.716 2.510 5.338 3.354 3.586 4.214 3.693 4.888 3.616 3.555 3.982 3.407 4.368 1.646 5.445 2.967 4.313 2.909 4.234 2.943 1.009 3.844 5.361 2.987 5.670 3.110 5.875 1.707 3.277 3.884 4.620 7.574 4.170 3.959 5.535 6.172 4.725 3.883 3.919 2.832 3.612 5.352 3.236 2.219 1.347 3.407 0.944 5.480 5.108 1.833 6.005 5.311 5.763 1.587 5.540 
1.813 4.542 4.830 4.314 7.761 9.821 4.733 5.950 8.238 7.419 8.369 8.955 5.326 4.501 7.061 5.116 6.115 5.626 5.241 8.826 5.980 9.006 4.285 3.179 7.452 6.496 7.643 6.168 8.999 8.337 3.371 5.490 6.822 6.852 0.892 7.911 4.378 5.887 5.531 6.044 7.824 4.554 9.893 0.961 1.391 6.076 2.999 10.808 8.582 7.230 1.330 7.207 6.426 3.775 5.613 9.474 5.454 2.112 7.082 5.424 2.803 4.343 8.339 1.551 7.723 5.378 4.140 1.349 2.506 0.587 8.409 0.847 4.605 7.301 2.541 3.749 2.618 5.173 7.591 2.546 8.471 6.058 6.835 9.300 8.124 8.896 2.779 7.915 3.655 6.687 3.249 5.084 4.426 3.811 4.764 7.250 4.540 2.822 7.069 6.654 
11.790 6.558 8.311 9.760 3.347 1.796 6.471 8.619 2.949 5.332 3.638 4.429 5.727 10.254 5.010 9.837 9.424 6.364 6.176 2.492 5.058 7.888 6.807 9.717 6.725 4.418 3.407 5.511 1.933 7.285 9.493 5.623 4.144 4.056 11.624 3.273 6.532 9.901 5.414 8.789 5.737 6.331 2.536 9.976 9.519 6.015 7.890 0.847 3.038 5.632 9.603 5.791 8.188 8.450 7.342 1.421 7.317 9.623 3.871 9.328 8.288 8.838 2.726 9.596 4.248 5.713 8.490 10.649 8.377 11.039 2.981 11.252 6.573 5.161 9.039 9.391 12.845 8.102 5.652 10.592 7.856 8.089 6.631 2.152 3.064 2.524 10.426 4.137 7.460 4.262 8.481 5.900 9.880 9.746 6.600 8.753 9.644 10.759 3.816 8.820 
1.146 5.420 5.876 4.440 8.802 10.863 5.813 6.250 9.158 8.516 9.202 9.691 6.384 4.501 7.833 5.202 7.062 6.722 6.052 9.870 6.899 9.393 5.162 3.408 8.533 7.514 8.577 6.961 9.967 8.790 3.647 6.381 7.768 7.821 1.040 8.957 5.409 6.789 6.477 6.312 8.918 5.543 10.959 2.052 2.462 6.796 3.985 11.828 9.644 7.910 2.412 7.869 7.457 4.844 6.692 10.471 6.536 3.157 8.108 5.608 3.892 5.362 9.370 2.646 8.807 6.440 5.193 1.526 3.516 0.838 9.463 1.422 5.460 8.035 3.155 4.730 1.619 5.608 8.250 2.521 8.856 6.444 7.921 10.344 9.042 9.803 3.625 8.726 4.738 7.638 4.335 6.011 4.518 3.970 5.853 7.513 4.684 2.711 8.055 7.646 
8.177 6.045 1.633 9.077 5.373 6.717 3.681 9.664 7.352 3.121 8.279 9.474 4.171 9.525 7.940 9.757 1.019 2.643 6.741 5.971 6.169 11.611 6.005 8.114 1.917 5.171 6.833 7.288 7.290 10.756 8.107 6.230 6.246 6.007 6.527 5.355 4.595 1.557 5.733 9.849 2.871 5.098 6.235 5.614 5.415 7.728 5.236 7.891 5.410 8.673 5.383 8.776 0.259 2.739 1.536 7.236 1.697 4.292 5.307 9.691 4.272 2.060 5.907 4.963 4.205 4.082 2.318 7.299 5.210 6.937 5.497 6.065 6.228 8.359 6.864 2.707 9.013 8.630 9.047 8.205 11.192 9.401 1.819 6.298 7.301 7.934 3.977 8.171 3.941 6.133 3.359 5.786 9.242 8.661 3.377 10.775 9.183 8.519 5.890 0.452 
4.175 1.104 4.407 3.261 4.783 6.802 2.547 3.792 4.845 5.352 4.925 5.563 2.687 3.758 3.652 3.868 6.206 3.833 1.817 5.838 2.589 6.268 0.846 2.546 6.037 3.428 4.272 2.749 5.695 5.476 2.432 2.064 3.481 3.568 4.295 4.964 1.662 6.283 2.206 3.967 5.967 1.473 7.055 2.700 2.278 2.755 0.817 7.660 5.740 3.939 2.391 3.949 5.806 3.469 4.521 6.249 4.333 3.162 4.031 3.767 1.962 4.345 5.283 2.643 5.198 2.783 3.876 3.031 1.214 3.478 5.501 4.035 1.161 3.929 1.493 4.264 5.232 2.763 4.325 3.149 5.768 3.612 5.375 6.302 4.728 5.486 4.375 4.476 1.984 3.358 2.921 1.719 3.428 2.930 2.785 4.997 3.325 3.388 3.838 6.334 
5.766 4.260 8.765 2.251 7.459 8.982 6.641 0.575 6.099 9.038 5.295 4.863 6.426 2.376 3.967 1.616 10.570 7.897 3.772 8.262 4.888 2.875 4.254 3.274 10.054 6.326 5.881 3.799 7.209 2.538 3.060 4.477 5.570 5.845 7.270 7.656 5.688 10.647 5.027 0.407 9.734 5.231 9.568 6.221 5.989 3.190 5.147 9.365 8.462 3.296 6.098 3.139 10.098 7.831 8.769 7.950 8.587 7.229 6.765 1.079 6.280 8.708 7.672 6.523 8.470 6.533 8.241 5.194 5.382 6.056 8.151 7.260 4.084 3.767 4.054 8.576 6.463 1.609 3.330 4.166 2.366 0.941 9.425 8.617 6.002 6.405 8.435 4.789 6.330 5.553 7.265 4.726 2.210 2.697 6.929 0.853 2.002 4.046 6.187 10.661 
0.970 5.622 6.209 4.409 9.067 11.128 6.106 6.257 9.367 8.827 9.377 9.829 6.661 4.431 7.988 5.152 7.395 7.034 6.227 10.137 7.111 9.415 5.364 3.425 8.860 7.769 8.793 7.126 10.196 8.834 3.674 6.584 7.991 8.052 1.345 9.225 5.674 7.118 6.702 6.309 9.237 5.787 11.239 2.359 2.756 6.936 4.234 12.080 9.921 8.033 2.713 7.985 7.791 5.174 7.019 10.712 6.863 3.489 8.365 5.584 4.194 5.696 9.630 2.965 9.100 6.720 5.525 1.616 3.777 1.073 9.735 1.747 5.654 8.176 3.293 5.064 1.292 5.661 8.364 2.486 8.878 6.476 8.246 10.610 9.251 10.006 3.953 8.893 5.034 7.863 4.660 6.230 4.476 3.955 6.153 7.502 4.656 2.642 8.294 7.981 
8.020 2.793 5.501 6.221 1.599 3.180 3.159 5.468 1.205 3.776 2.016 3.243 2.394 6.738 2.155 6.446 7.056 3.662 2.516 2.364 1.309 6.000 3.039 6.024 5.166 1.104 0.598 2.116 1.849 5.180 5.816 1.882 0.390 0.327 7.936 1.786 2.912 7.411 1.646 5.662 4.473 2.618 3.676 6.281 5.824 2.720 4.161 3.866 2.565 3.003 5.916 3.158 6.032 5.265 4.806 2.420 4.698 6.114 1.079 6.020 4.713 5.878 1.769 5.965 2.855 2.432 5.437 6.879 4.661 7.285 2.251 7.592 2.820 2.537 5.275 6.268 9.075 4.718 3.269 6.855 5.727 4.977 4.720 2.753 1.117 1.881 7.079 1.982 3.958 0.493 5.120 2.129 6.359 6.130 3.388 6.020 6.145 7.039 0.397 6.710 
9.130 7.418 2.847 10.331 6.626 7.781 5.067 11.007 8.672 4.246 9.629 10.838 5.561 10.761 9.328 11.035 1.207 4.026 8.126 7.122 7.558 13.001 7.368 9.327 2.832 6.528 8.172 8.680 8.536 12.146 9.340 7.621 7.612 7.365 7.305 6.587 5.970 1.545 7.124 11.189 3.829 6.478 7.210 6.628 6.494 9.117 6.519 8.935 6.541 10.064 6.446 10.167 1.596 3.901 2.927 8.418 3.086 5.262 6.627 10.998 5.491 3.089 7.124 5.996 5.372 5.472 3.467 8.346 6.442 7.886 6.667 6.862 7.601 9.747 8.085 3.580 9.885 9.972 10.438 9.329 12.580 10.759 2.992 7.404 8.626 9.233 4.668 9.539 5.258 7.502 4.526 7.175 10.494 9.898 4.762 12.138 10.451 9.645 7.232 0.941 
9.402 4.256 7.468 6.994 2.967 3.371 5.120 5.732 0.809 5.427 0.732 1.777 4.362 7.467 2.163 6.998 8.990 5.602 3.656 3.073 2.839 5.159 4.514 7.103 6.887 3.063 1.373 2.828 1.463 4.474 6.860 3.303 2.153 2.284 9.620 3.075 4.773 9.362 3.338 5.897 6.071 4.393 4.150 7.978 7.527 3.238 5.845 3.423 3.565 2.726 7.628 2.885 7.919 7.225 6.740 2.162 6.642 7.973 2.855 6.467 6.556 7.850 2.683 7.741 4.354 4.402 7.407 8.306 6.357 8.834 3.280 9.314 4.211 2.264 6.625 8.229 10.430 5.287 2.751 8.049 5.053 5.200 6.523 3.207 0.867 0.442 8.992 1.240 5.856 2.296 7.049 3.731 7.102 7.041 5.357 5.852 6.856 8.175 2.301 8.598 
2.622 4.174 7.376 0.958 8.061 9.976 5.976 2.880 7.519 8.814 7.130 7.196 6.147 0.880 5.632 1.610 9.034 7.236 4.315 9.069 5.528 6.031 3.988 0.924 9.416 6.716 7.073 4.968 8.552 5.565 1.047 4.959 6.435 6.618 4.394 8.253 5.125 8.957 5.347 2.885 9.417 4.899 10.344 3.820 3.786 4.534 3.882 10.677 9.061 5.360 3.863 5.259 8.932 6.289 7.761 9.215 7.573 5.117 7.295 2.100 4.726 7.105 8.481 4.338 8.634 6.245 6.723 2.316 3.798 3.169 8.795 4.504 4.085 5.665 2.153 6.739 3.288 2.631 5.597 1.127 5.506 3.229 8.750 9.509 7.403 8.039 6.180 6.595 5.198 6.350 5.663 4.869 0.969 0.728 6.183 4.027 1.198 0.912 6.942 9.357 
9.101 6.416 2.529 9.704 5.013 6.071 4.030 10.105 7.129 2.575 8.144 9.384 4.344 10.177 8.008 10.341 2.020 2.797 7.026 5.437 6.278 11.795 6.418 8.810 1.124 5.097 6.670 7.453 6.903 10.939 8.775 6.438 6.192 5.923 7.547 4.956 4.984 2.569 5.904 10.297 2.117 5.446 5.497 6.524 6.280 7.948 5.865 7.223 4.851 8.791 6.262 8.909 0.975 3.606 1.961 6.742 2.150 5.250 5.105 10.217 5.021 3.058 5.477 5.870 3.707 4.243 3.221 8.166 5.920 7.873 4.994 7.081 6.595 8.429 7.563 3.747 9.977 9.082 9.146 8.999 11.410 9.794 1.421 5.703 7.094 7.654 5.046 8.108 4.539 6.095 4.196 6.048 9.871 9.319 3.744 11.142 9.789 9.307 5.748 1.201 
9.172 4.451 4.536 8.186 0.993 2.192 3.156 7.790 3.184 1.581 4.312 5.582 2.606 8.712 4.690 8.566 5.605 2.640 4.587 1.335 3.393 8.536 4.620 7.713 3.051 1.971 2.888 4.511 2.763 7.718 7.558 3.859 2.786 2.488 8.489 0.863 3.649 6.076 3.352 7.989 2.154 3.734 2.026 6.927 6.500 5.115 5.117 3.358 0.815 5.538 6.557 5.691 4.384 4.837 3.532 2.601 3.521 6.249 1.526 8.224 5.096 5.097 1.330 6.417 0.449 2.536 4.800 8.030 5.505 8.184 0.855 8.064 4.566 5.075 6.689 5.706 10.218 6.921 5.807 8.349 8.265 7.337 2.841 1.709 3.183 3.601 6.856 4.436 4.235 2.767 5.005 3.781 8.342 7.982 3.168 8.481 8.164 8.594 2.174 5.032 
6.153 3.870 8.498 2.696 6.814 8.267 6.260 0.777 5.360 8.514 4.524 4.081 5.968 2.937 3.233 2.216 10.310 7.481 3.273 7.576 4.301 2.425 3.908 3.565 9.598 5.739 5.172 3.158 6.468 1.914 3.322 3.942 4.918 5.203 7.482 7.009 5.321 10.426 4.498 0.822 9.219 4.834 8.875 6.295 6.014 2.552 4.975 8.615 7.804 2.529 6.128 2.369 9.757 7.622 8.413 7.212 8.235 7.188 6.144 1.622 6.122 8.495 6.993 6.523 7.883 6.074 8.017 5.459 5.275 6.298 7.491 7.423 3.689 3.008 4.130 8.427 6.929 1.479 2.548 4.534 1.889 0.571 8.986 7.917 5.266 5.643 8.408 4.025 6.067 4.914 7.086 4.251 2.698 3.069 6.557 0.868 2.456 4.462 5.539 10.345 
7.700 4.871 1.369 8.134 4.100 5.598 2.479 8.546 6.031 2.058 6.950 8.146 2.881 8.609 6.634 8.767 2.186 1.330 5.516 4.782 4.869 10.347 4.861 7.255 1.445 3.842 5.507 6.010 6.012 9.490 7.213 4.965 4.919 4.678 6.322 4.099 3.428 2.632 4.452 8.737 2.074 3.904 5.212 5.130 4.841 6.473 4.301 6.776 4.247 7.382 4.837 7.490 1.104 2.255 0.415 6.007 0.596 3.953 3.989 8.645 3.511 1.997 4.659 4.485 3.034 2.788 1.954 6.711 4.381 6.497 4.295 5.854 5.051 7.053 6.012 2.716 8.624 7.520 7.751 7.485 9.942 8.248 0.909 5.145 5.978 6.622 4.035 6.844 2.975 4.806 2.778 4.545 8.301 7.754 2.186 9.606 8.216 7.790 4.563 1.777 
