25 50 100
108 31 53 48 124 58 132 39 37 142 71 51 40 82 40 109 117 83 90 32 139 38 56 145 30 
211 108 107 105 114 149 16 139 215 64 116 60 212 57 22 60 188 25 88 93 117 206 32 29 23 147 209 24 189 35 60 95 87 206 42 137 150 198 142 71 210 101 210 97 173 58 91 156 108 120 
29 16 6 26 21 29 20 27 32 19 30 10 18 15 16 14 15 30 11 35 23 35 15 22 32 18 26 16 21 10 25 8 28 12 17 6 18 33 10 22 12 10 5 32 10 19 22 10 12 12 11 25 13 14 34 11 11 19 10 22 31 19 12 26 15 12 29 22 26 24 23 23 13 19 8 6 8 6 16 13 10 6 23 32 10 28 11 5 22 34 6 20 25 31 33 14 25 23 31 13 
1328.931 944.125 934.601 933.633 1007.399 1142.737 413.910 1170.961 1294.915 720.328 1008.101 756.432 1362.269 707.513 440.109 747.655 1293.512 461.001 907.801 930.309 1027.607 1385.352 550.086 510.372 497.090 1137.666 1289.855 519.590 1248.981 550.817 719.451 889.689 922.141 1386.244 577.325 1060.933 1081.093 1289.574 1086.087 795.803 1323.959 977.884 1327.425 865.591 1228.377 755.030 853.251 1165.950 970.522 1018.776 
9.167 8.595 5.904 2.113 6.001 3.027 3.934 8.558 4.795 6.992 9.490 5.534 8.050 6.078 6.113 9.751 7.645 0.989 7.422 1.431 0.453 7.478 9.210 0.152 8.712 3.492 2.597 5.534 1.782 8.642 7.358 6.701 5.441 9.479 2.507 7.690 9.060 6.462 8.260 2.218 4.601 1.244 3.842 6.838 7.405 3.015 7.919 5.330 9.529 8.909 
2.635 1.500 4.099 8.948 8.268 7.384 9.888 7.369 8.280 7.639 5.013 9.581 4.605 5.939 3.780 8.977 4.487 10.096 4.562 8.552 10.070 5.151 8.864 10.005 6.364 6.841 8.172 4.389 11.128 4.707 6.291 5.507 4.657 2.924 8.474 5.796 1.828 6.918 1.896 8.157 10.055 10.252 6.076 3.206 7.424 8.157 3.852 8.171 3.024 2.626 
8.081 8.457 6.164 6.385 2.287 3.522 0.792 5.099 8.742 3.495 7.168 1.005 6.155 8.937 6.798 5.693 5.959 3.819 5.780 5.069 5.167 5.427 5.139 4.644 5.750 3.844 6.412 6.683 3.922 6.558 4.622 4.739 5.589 8.193 6.523 5.177 9.983 3.578 9.008 5.897 0.177 3.645 5.664 7.875 3.980 6.884 6.527 9.206 8.188 7.892 
5.503 6.997 6.657 10.572 3.903 7.006 6.639 1.276 11.973 2.785 3.191 5.048 3.732 10.860 7.318 0.936 4.059 9.167 4.131 9.323 10.198 3.545 1.179 9.766 1.861 6.776 10.174 7.792 9.665 3.456 2.787 3.881 6.441 5.263 10.426 2.868 9.256 3.373 8.432 9.758 6.210 9.103 8.132 8.175 2.366 10.532 4.551 12.247 5.179 5.520 
8.967 8.670 5.974 3.451 4.909 2.725 2.554 7.631 6.088 6.004 8.924 4.230 7.564 7.046 6.341 8.662 7.204 0.479 6.984 2.385 1.872 6.920 8.110 1.346 7.935 3.270 3.770 5.883 1.084 8.122 6.596 6.126 5.436 9.226 3.759 7.007 9.484 5.611 8.605 3.302 3.215 0.321 4.291 7.222 6.453 4.231 7.580 6.610 9.261 8.721 
7.731 7.996 5.619 5.761 2.288 2.871 0.497 5.139 8.090 3.493 6.999 1.373 5.886 8.285 6.232 5.922 5.650 3.317 5.458 4.436 4.622 5.164 5.366 4.108 5.682 3.212 5.765 6.083 3.563 6.333 4.467 4.433 5.039 7.872 5.884 4.995 9.440 3.409 8.470 5.251 0.651 3.170 5.018 7.300 3.977 6.236 6.188 8.551 7.875 7.529 
2.619 1.319 3.855 8.672 8.110 7.142 9.678 7.299 8.009 7.513 5.010 9.405 4.521 5.675 3.518 8.929 4.377 9.841 4.440 8.283 9.802 5.040 8.800 9.741 6.309 6.600 7.896 4.118 10.876 4.657 6.180 5.363 4.418 2.940 8.197 5.699 1.629 6.774 1.624 7.883 9.857 9.999 5.808 2.930 7.313 7.880 3.749 7.904 3.043 2.582 
8.977 9.184 6.723 5.945 3.431 3.702 0.796 6.265 8.471 4.645 8.240 2.175 7.143 8.991 7.294 6.861 6.906 3.080 6.713 4.710 4.478 6.420 6.310 3.951 6.879 4.141 6.112 7.067 2.935 7.586 5.700 5.689 6.138 9.125 6.169 6.237 10.526 4.644 9.566 5.604 1.002 2.858 5.820 8.336 5.132 6.589 7.439 8.967 9.129 8.772 
6.942 5.744 3.620 2.397 7.036 3.588 6.482 8.565 2.155 7.468 8.240 7.429 6.785 2.054 3.330 10.188 6.329 4.741 6.145 2.665 4.015 6.532 9.745 4.203 8.213 3.445 1.622 2.599 5.764 7.377 7.045 5.986 3.549 7.353 1.880 7.073 5.436 6.623 4.840 1.851 7.039 4.992 1.712 3.499 7.684 1.480 6.263 2.425 7.438 6.681 
4.210 4.990 3.601 7.187 1.897 3.668 4.276 2.139 8.580 1.280 3.220 3.337 2.171 7.646 4.320 3.745 2.050 6.138 1.914 5.976 6.991 1.448 3.330 6.609 2.125 3.383 6.764 4.640 6.833 2.558 0.772 0.936 3.240 4.258 7.020 1.220 6.967 0.485 6.016 6.357 4.149 6.131 4.741 5.335 1.293 7.117 2.673 8.873 4.240 4.059 
4.180 3.883 1.336 4.903 3.798 2.113 4.625 4.835 5.893 3.893 4.736 4.721 3.246 4.913 1.977 6.495 2.799 4.949 2.587 3.935 5.293 2.855 6.082 5.072 4.485 1.571 4.329 2.022 5.920 3.857 3.307 2.249 0.758 4.483 4.620 3.343 5.157 3.005 4.186 4.018 4.897 5.061 2.068 3.066 4.031 4.605 2.958 6.153 4.534 3.924 
5.605 5.691 3.286 4.982 2.286 1.397 2.708 4.375 6.748 2.925 5.372 2.855 4.025 6.385 3.919 5.747 3.688 3.822 3.472 3.704 4.639 3.369 5.241 4.257 4.477 1.319 4.673 3.845 4.604 4.572 3.123 2.575 2.709 5.810 4.893 3.480 7.107 2.259 6.134 4.214 2.946 3.842 3.121 5.000 3.271 5.081 4.125 7.125 5.831 5.380 
7.431 6.872 4.173 2.224 4.915 1.451 3.612 7.190 4.461 5.729 7.853 4.856 6.389 5.029 4.422 8.548 5.970 1.957 5.748 0.895 2.027 5.857 8.030 1.832 7.212 1.822 2.129 3.889 3.024 6.991 5.869 5.101 3.702 7.747 2.262 6.139 7.472 5.074 6.628 1.615 4.226 2.164 2.239 5.220 6.090 2.599 6.210 4.937 7.800 7.171 
6.015 6.587 4.641 6.667 0.472 3.138 2.525 3.155 8.563 1.505 5.015 1.517 4.023 8.157 5.346 4.185 3.863 4.907 3.700 5.342 6.008 3.297 3.644 5.548 3.654 3.141 6.434 5.435 5.405 4.406 2.469 2.659 4.126 6.093 6.634 3.021 8.351 1.422 7.373 5.955 2.310 4.835 4.927 6.433 1.976 6.860 4.460 8.946 6.080 5.844 
0.375 1.944 3.298 8.640 5.740 6.009 7.850 4.426 8.885 4.908 2.109 7.165 1.749 6.998 3.555 6.010 1.796 8.857 1.957 7.832 9.235 2.416 5.910 9.020 3.402 5.488 7.959 4.275 9.780 1.744 3.509 3.001 3.590 0.536 8.269 2.960 4.212 4.324 3.538 7.758 7.862 8.946 5.584 3.870 4.620 8.116 1.207 8.958 0.594 0.358 
8.307 6.928 5.144 2.793 8.675 5.153 7.898 10.231 0.639 9.137 9.793 8.983 8.365 1.859 4.730 11.860 7.912 5.726 7.738 3.695 4.672 8.157 11.417 5.013 9.855 5.072 2.299 4.032 6.644 8.944 8.708 7.638 5.152 8.734 2.355 8.718 6.115 8.296 5.746 2.775 8.493 5.992 3.384 4.600 9.357 1.851 7.791 0.753 8.827 8.056 
5.136 5.483 3.387 5.859 1.658 2.280 3.050 3.477 7.513 2.065 4.610 2.649 3.355 6.941 4.086 4.878 3.078 4.656 2.878 4.595 5.529 2.654 4.385 5.135 3.606 2.110 5.515 4.170 5.370 3.857 2.255 1.881 2.862 5.285 5.748 2.658 7.137 1.360 6.158 5.071 3.098 4.653 3.768 5.175 2.384 5.908 3.596 7.863 5.292 4.934 
2.009 2.949 2.711 7.693 4.100 4.671 6.238 3.194 8.403 3.338 1.974 5.518 0.532 6.886 3.262 4.913 0.172 7.480 0.314 6.717 8.018 0.837 4.696 7.743 2.347 4.193 7.091 3.861 8.345 1.104 1.977 1.355 2.731 2.102 7.389 1.508 5.123 2.690 4.251 6.806 6.224 7.542 4.745 4.003 3.110 7.329 0.471 8.573 2.103 1.853 
7.310 5.957 4.151 2.890 7.898 4.483 7.376 9.313 1.614 8.282 8.800 8.322 7.380 1.339 3.729 10.966 6.928 5.525 6.758 3.438 4.668 7.191 10.537 4.919 8.900 4.322 2.197 3.032 6.519 7.955 7.782 6.697 4.183 7.736 2.377 7.767 5.293 7.424 4.842 2.556 7.936 5.782 2.532 3.635 8.477 1.879 6.795 1.717 7.829 7.058 
5.501 5.087 2.395 3.752 3.888 0.907 3.848 5.617 5.192 4.367 5.950 4.409 4.471 4.784 2.828 7.147 4.042 3.655 3.822 2.665 3.975 3.984 6.675 3.748 5.467 0.410 3.286 2.520 4.654 5.079 4.172 3.269 1.854 5.807 3.549 4.350 6.051 3.566 5.123 2.896 4.266 3.785 1.503 3.816 4.631 3.640 4.262 5.543 5.857 5.245 
8.108 6.768 4.899 2.550 8.355 4.829 7.578 9.936 0.821 8.827 9.545 8.658 8.107 1.890 4.514 11.557 7.653 5.439 7.476 3.394 4.419 7.883 11.111 4.743 9.574 4.751 2.011 3.804 6.372 8.691 8.415 7.352 4.884 8.532 2.090 8.435 6.057 7.989 5.640 2.474 8.171 5.705 3.080 4.446 9.051 1.578 7.549 1.060 8.623 7.854 
1.700 3.380 4.254 9.408 5.251 6.390 7.697 3.336 9.967 4.218 0.697 6.722 1.384 8.245 4.673 4.760 1.765 9.176 1.989 8.451 9.749 2.066 4.741 9.467 2.267 5.922 8.787 5.351 10.009 0.880 2.862 2.847 4.386 1.400 9.089 2.282 5.647 3.866 4.965 8.520 7.587 9.225 6.421 5.169 3.832 9.004 1.616 10.092 1.310 1.792 
8.748 8.809 6.256 5.135 3.629 3.093 0.889 6.477 7.673 4.827 8.228 2.610 7.030 8.267 6.782 7.253 6.749 2.292 6.544 3.909 3.684 6.322 6.697 3.157 6.982 3.578 5.315 6.495 2.287 7.516 5.727 5.557 5.674 8.932 5.365 6.229 10.017 4.673 9.073 4.810 1.478 2.083 5.154 7.794 5.309 5.791 7.240 8.173 8.946 8.529 
3.592 4.891 4.442 8.747 3.175 5.305 5.838 1.218 9.902 2.032 1.789 4.630 1.574 8.659 5.090 2.914 1.842 7.829 1.898 7.587 8.662 1.312 2.723 8.290 0.472 4.967 8.264 5.589 8.515 1.509 0.921 1.768 4.271 3.465 8.537 0.674 7.109 1.950 6.249 7.892 5.612 7.822 6.083 5.940 1.602 8.581 2.387 10.141 3.408 3.543 
9.594 8.222 6.386 2.927 9.578 5.982 8.482 11.326 0.672 10.143 11.028 9.729 9.583 3.033 6.005 12.912 9.127 5.972 8.946 4.134 4.726 9.336 12.449 5.161 11.010 5.994 2.767 5.297 6.760 10.171 9.820 8.778 6.351 10.019 2.670 9.869 7.344 9.331 7.020 3.281 9.113 6.239 4.468 5.894 10.397 2.298 9.036 0.811 10.111 9.341 
8.154 9.750 8.936 8.778 10.326 8.625 6.954 0.871 4.174 5.193 0.811 8.830 8.711 7.293 3.436 7.965 3.285 4.097 6.605 6.283 4.453 4.579 8.528 6.944 5.481 10.765 4.592 4.830 8.923 9.280 2.098 3.809 7.683 3.517 4.472 2.439 1.824 6.208 2.640 1.714 10.374 5.670 6.939 5.624 7.223 4.183 2.793 10.322 5.419 3.026 3.092 3.198 6.023 4.105 6.872 8.670 3.774 0.735 5.683 7.990 5.024 3.550 6.470 6.869 6.206 3.728 7.594 2.635 9.382 8.813 3.719 4.296 3.586 3.347 7.262 8.094 9.977 2.999 9.993 4.136 9.610 5.906 1.493 4.508 6.641 4.377 5.914 7.454 11.143 8.978 5.974 3.169 6.611 7.056 0.858 4.681 9.339 9.860 8.953 6.828 
8.131 9.556 7.989 8.043 10.184 7.759 5.416 1.981 3.703 4.707 1.371 9.269 8.683 8.088 2.505 6.479 1.725 3.495 6.182 6.864 2.727 3.102 8.789 5.371 4.015 10.751 3.386 4.761 7.484 8.165 0.360 4.182 7.217 1.815 3.646 1.542 0.875 7.067 2.090 1.095 10.334 4.908 7.548 6.845 6.674 4.010 1.106 10.125 4.169 2.491 1.883 4.736 7.505 2.383 5.443 8.274 3.966 1.040 4.186 6.658 5.831 3.650 6.407 7.150 7.347 2.041 7.834 1.428 8.139 7.697 3.300 2.588 4.511 1.806 6.508 8.557 9.642 3.208 10.150 2.411 8.219 4.272 2.348 4.167 7.849 4.246 5.270 6.240 11.171 7.705 5.578 4.251 6.469 7.903 1.775 2.957 8.223 9.860 7.950 7.236 
5.542 6.880 5.508 5.409 7.519 5.208 4.201 2.834 1.040 2.004 2.618 7.009 6.081 6.317 5.086 5.007 3.843 0.791 3.478 4.902 3.202 2.110 6.381 4.294 2.732 8.132 1.499 2.304 5.835 5.875 2.649 2.412 4.510 2.537 1.043 4.218 3.582 5.475 0.790 3.788 7.708 2.267 5.564 5.904 3.972 1.566 3.162 7.445 2.254 0.463 4.378 4.859 7.085 3.671 3.870 5.568 2.009 3.188 2.981 4.775 4.318 1.687 3.840 4.828 6.201 3.675 5.442 1.362 6.047 5.411 0.755 2.945 3.491 3.933 3.876 6.348 6.938 1.670 7.634 3.665 6.426 3.638 2.514 1.549 6.781 1.803 2.581 4.132 8.568 5.675 2.883 3.582 3.855 6.220 4.030 3.327 5.935 7.257 5.525 5.041 
4.548 4.312 0.148 1.146 4.890 0.445 4.202 8.145 4.735 3.863 7.978 7.020 4.689 8.029 9.794 3.622 8.305 4.727 3.063 6.754 6.580 5.130 6.016 4.470 4.464 5.812 4.497 4.864 3.288 1.116 7.660 6.219 2.522 6.704 4.318 9.170 8.677 7.883 6.148 8.931 5.440 3.148 7.045 9.244 2.350 5.062 7.825 4.614 3.822 5.769 9.064 9.525 10.833 7.502 3.520 2.869 5.883 8.515 4.485 2.526 7.364 5.851 4.312 5.640 9.152 7.806 5.611 6.425 1.944 1.019 5.172 6.428 7.574 8.375 1.721 6.804 3.718 6.307 6.214 7.469 3.076 5.241 7.716 4.597 9.704 5.001 3.043 2.105 6.272 2.054 3.483 7.967 4.006 8.165 9.368 6.494 1.152 5.346 0.370 6.163 
3.461 5.161 7.252 6.333 5.482 6.730 8.562 5.263 4.217 4.107 5.688 2.855 3.865 1.341 9.247 8.972 8.411 4.547 4.108 0.440 8.174 6.994 2.923 8.743 7.355 5.518 6.133 2.972 9.422 8.171 6.956 2.665 4.709 7.430 5.069 8.222 7.493 0.748 5.017 7.544 5.240 5.005 0.865 2.351 4.787 3.505 7.702 5.635 6.527 4.791 8.674 4.177 3.992 8.543 7.974 5.047 2.999 6.500 7.595 8.241 1.126 3.339 2.826 1.728 2.065 8.444 2.268 6.028 8.805 7.850 4.255 7.918 2.554 8.501 5.535 2.134 5.784 3.634 4.434 8.545 9.685 8.423 4.664 3.799 2.582 3.315 4.673 7.394 5.760 8.651 3.873 3.057 3.134 1.259 6.963 8.304 8.221 4.698 7.482 1.275 
2.342 3.597 3.713 2.972 4.232 3.212 5.386 5.457 2.260 1.319 5.518 4.339 2.849 4.658 8.373 5.569 7.097 2.503 0.524 3.266 6.058 4.549 3.483 5.612 4.524 4.864 3.583 1.521 5.888 4.579 5.932 2.883 1.496 5.652 2.616 7.491 6.830 4.348 3.884 7.011 4.435 1.784 3.680 5.659 1.273 2.081 6.435 4.165 3.584 3.473 7.663 6.175 7.253 6.748 4.705 2.409 2.665 6.251 4.720 4.723 3.780 2.779 0.927 2.374 5.583 6.847 2.684 4.648 5.195 4.243 2.666 5.817 4.142 7.186 1.929 3.854 3.723 3.327 4.492 6.732 6.093 5.640 4.897 1.803 6.145 1.896 1.300 3.874 5.311 5.049 0.470 4.601 0.731 4.737 7.021 6.101 4.631 4.008 3.914 2.838 
1.118 2.491 5.728 4.599 2.724 5.208 8.383 7.313 4.942 4.242 7.586 1.385 1.240 2.869 10.895 8.444 9.779 5.256 3.273 2.362 8.991 7.534 0.444 8.619 7.562 2.766 6.569 3.671 8.587 6.768 8.455 4.376 3.180 8.472 5.536 9.926 9.213 3.347 6.343 9.335 2.468 4.823 2.101 5.066 3.598 4.431 9.081 2.906 6.623 5.986 10.231 6.847 6.667 9.598 7.680 2.937 4.471 8.398 7.759 7.488 3.753 4.762 2.193 1.323 4.639 9.632 0.593 7.272 7.557 6.576 5.221 8.741 4.968 9.871 4.475 1.226 3.219 5.262 1.814 9.588 8.617 8.678 6.691 4.423 5.023 4.188 4.332 6.671 3.055 7.546 3.502 5.512 2.310 3.133 9.027 9.057 6.805 1.925 6.022 1.541 
6.250 7.981 9.438 8.701 8.328 8.950 9.624 4.162 5.204 5.641 4.753 5.530 6.691 3.348 8.221 10.303 7.832 5.447 6.270 3.272 8.282 7.551 5.759 9.740 8.192 8.362 6.934 4.489 10.974 10.222 6.389 3.289 7.119 7.372 6.061 7.211 6.541 2.378 5.082 6.482 8.091 6.559 3.608 0.927 7.019 4.566 7.191 8.472 7.581 5.083 7.821 1.807 1.631 8.336 9.193 7.673 3.714 5.416 8.443 9.812 2.038 3.925 5.228 4.507 1.598 8.089 5.111 5.955 10.710 9.832 4.982 8.048 1.985 7.911 7.594 4.870 8.560 3.798 7.246 8.352 11.405 9.092 3.770 5.027 1.898 4.513 6.412 9.015 8.585 10.460 5.823 1.948 5.524 3.025 5.540 8.469 10.277 7.550 9.612 4.112 
7.016 6.985 2.690 3.817 7.572 3.081 2.447 8.491 5.564 5.085 8.144 9.457 7.243 10.114 8.937 1.399 7.443 5.391 5.008 8.711 5.485 4.466 8.471 2.646 3.563 8.493 4.342 6.273 0.618 1.787 7.281 7.423 4.899 5.979 4.802 8.569 8.261 9.750 6.451 8.545 8.115 4.154 9.133 10.850 4.495 6.147 7.163 7.298 3.516 6.181 8.261 10.490 12.319 6.417 2.141 5.486 7.011 8.454 3.430 0.944 8.976 6.852 6.346 7.785 10.900 6.826 7.920 6.301 1.020 1.668 5.889 5.430 8.782 7.491 3.626 9.135 6.401 7.154 8.839 6.376 0.712 3.773 8.230 5.679 11.484 6.192 4.384 1.689 8.955 0.655 5.157 9.049 6.074 10.190 9.292 5.320 1.799 7.996 2.375 8.277 
4.603 6.331 8.034 7.212 6.678 7.528 8.782 4.490 4.306 4.483 4.990 4.009 5.039 2.048 8.582 9.325 7.909 4.606 4.844 1.623 7.954 6.955 4.138 8.934 7.452 6.733 6.190 3.289 9.888 8.885 6.433 2.445 5.602 7.127 5.191 7.550 6.832 0.949 4.700 6.843 6.452 5.417 2.027 1.337 5.574 3.597 7.216 6.820 6.714 4.567 8.069 3.011 2.958 8.195 8.263 6.078 2.866 5.770 7.701 8.707 0.582 3.170 3.691 2.858 1.379 8.033 3.461 5.686 9.446 8.525 4.215 7.704 1.724 7.996 6.232 3.309 6.919 3.283 5.644 8.203 10.237 8.457 3.939 3.996 1.972 3.470 5.177 7.877 6.973 9.241 4.479 2.119 3.996 1.783 6.122 8.112 8.938 5.908 8.234 2.461 
7.791 9.520 9.785 9.344 9.999 9.379 8.729 2.146 4.940 5.781 2.725 7.779 8.316 5.839 5.740 9.624 5.670 5.029 6.925 5.237 6.637 6.394 7.744 8.773 7.220 10.241 6.101 4.950 10.482 10.347 4.385 3.585 7.960 5.681 5.580 4.790 4.212 4.753 3.961 4.080 9.902 6.531 5.786 3.669 7.651 4.586 5.139 10.070 6.895 4.187 5.467 0.949 3.711 6.423 8.490 8.783 3.820 3.117 7.453 9.421 3.810 3.797 6.324 6.196 4.326 6.078 6.910 4.476 10.629 9.901 4.540 6.445 2.539 5.735 7.955 7.056 9.931 3.334 9.270 6.450 11.072 7.871 2.172 5.043 4.643 4.679 6.598 8.745 10.548 10.284 6.334 1.996 6.555 5.545 2.977 6.855 10.406 9.360 9.877 5.975 
2.732 4.217 7.134 6.077 4.399 6.604 9.161 6.671 5.115 4.727 7.061 1.392 2.964 1.140 10.574 9.409 9.644 5.452 4.246 1.245 9.201 7.890 1.693 9.371 8.112 4.267 6.967 3.778 9.709 8.136 8.219 3.906 4.518 8.535 5.886 9.559 8.830 1.790 6.189 8.902 4.051 5.518 0.607 3.482 4.782 4.457 8.932 4.608 7.217 5.907 9.970 5.624 5.022 9.665 8.510 4.532 4.160 7.880 8.337 8.555 2.597 4.496 2.920 1.469 2.981 9.614 1.475 7.189 8.864 7.882 5.260 8.944 4.012 9.735 5.629 0.705 4.946 4.883 3.101 9.663 9.852 9.218 6.060 4.630 3.318 4.231 5.093 7.709 4.446 8.787 4.229 4.524 3.178 1.412 8.385 9.307 8.179 3.534 7.404 1.033 
6.525 8.222 8.295 7.870 8.738 7.891 7.401 1.388 3.454 4.292 1.965 6.853 7.068 5.189 5.497 8.245 5.041 3.556 5.470 4.278 5.614 5.129 6.666 7.468 5.900 9.060 4.725 3.504 9.067 8.860 3.604 2.180 6.519 4.675 4.123 4.471 3.779 4.098 2.622 3.747 8.697 5.042 4.907 3.558 6.185 3.101 4.405 8.783 5.493 2.784 5.053 1.643 4.227 5.581 7.108 7.381 2.362 2.669 6.142 7.983 2.944 2.313 4.966 5.043 4.107 5.312 5.772 3.321 9.157 8.416 3.063 5.395 1.501 5.120 6.468 6.115 8.578 1.843 8.174 5.600 9.633 6.650 0.999 3.554 4.572 3.202 5.108 7.286 9.400 8.820 4.868 1.047 5.175 4.943 2.958 5.817 8.919 8.163 8.386 4.912 
7.525 8.040 4.314 5.126 8.694 4.457 0.030 6.695 4.504 4.499 6.246 9.748 7.902 9.839 6.528 1.122 5.055 4.222 5.141 8.366 3.077 2.388 8.852 0.242 1.524 9.559 2.723 5.621 2.174 3.829 5.103 6.421 5.536 3.696 3.620 6.246 6.024 9.230 4.800 6.313 9.140 3.672 8.920 9.988 4.958 5.209 4.856 8.476 2.092 4.653 5.875 9.056 11.273 3.989 0.768 6.442 5.986 6.397 1.295 1.843 8.231 5.734 6.334 7.749 10.185 4.417 8.098 4.352 3.354 3.468 4.667 3.057 7.660 5.095 4.159 9.265 7.652 5.864 9.600 3.947 2.984 1.325 6.573 4.826 10.777 5.345 4.119 2.147 10.036 2.884 4.984 7.796 6.140 9.836 7.193 2.895 3.868 8.884 4.081 8.159 
6.049 7.283 5.460 5.517 7.937 5.221 3.608 3.163 1.611 2.416 2.819 7.646 6.575 7.030 4.728 4.493 3.376 1.290 3.842 5.605 2.507 1.403 6.976 3.675 2.107 8.598 0.992 2.942 5.384 5.698 2.387 3.137 4.812 1.932 1.170 3.950 3.390 6.198 1.177 3.631 8.168 2.407 6.261 6.613 4.233 2.237 2.742 7.838 1.817 1.067 3.999 5.434 7.758 3.053 3.363 5.888 2.733 3.231 2.350 4.393 5.042 2.412 4.386 5.465 6.921 3.116 6.051 1.111 5.769 5.229 1.442 2.251 4.184 3.463 3.986 7.002 7.270 2.364 8.173 3.042 6.030 2.942 2.964 2.127 7.499 2.464 2.819 3.841 9.045 5.365 3.294 4.239 4.362 6.938 4.088 2.620 5.757 7.741 5.434 5.706 
7.193 8.840 10.855 10.021 9.078 10.349 11.333 5.811 6.881 7.222 6.415 5.885 7.550 3.611 9.780 11.977 9.500 7.140 7.666 4.197 10.021 9.292 6.381 11.457 9.917 8.940 8.655 6.039 12.607 11.701 8.078 4.952 8.404 9.106 7.751 8.793 8.153 3.059 6.827 8.067 8.739 8.154 4.267 1.485 8.395 6.214 8.878 9.271 9.279 6.824 9.433 3.176 0.492 10.051 10.879 8.805 5.385 7.025 10.168 11.435 3.372 5.622 6.492 5.483 1.729 9.788 5.948 7.696 12.245 11.335 6.688 9.789 3.710 9.576 9.049 5.360 9.509 5.531 7.739 10.069 12.999 10.831 5.471 6.658 1.407 6.134 7.956 10.621 9.079 12.024 7.290 3.692 6.800 3.297 7.040 10.211 11.755 8.222 11.055 5.000 
6.216 7.891 7.848 7.441 8.423 7.449 6.970 1.328 2.999 3.851 1.828 6.688 6.764 5.146 5.416 7.801 4.842 3.099 5.058 4.128 5.279 4.720 6.439 7.042 5.473 8.780 4.285 3.106 8.616 8.405 3.379 1.830 6.116 4.354 3.666 4.384 3.671 4.073 2.204 3.674 8.407 4.589 4.780 3.727 5.765 2.665 4.180 8.456 5.046 2.342 4.924 2.070 4.538 5.305 6.664 7.000 1.961 2.601 5.717 7.528 2.870 1.882 4.617 4.796 4.230 5.064 5.526 2.964 8.699 7.960 2.606 5.053 1.448 4.924 6.027 5.950 8.220 1.394 7.933 5.321 9.177 6.249 0.780 3.111 4.729 2.778 4.663 6.829 9.133 8.363 4.450 1.130 4.812 4.921 3.018 5.475 8.465 7.878 7.936 4.707 
1.957 1.280 3.073 1.901 1.909 2.631 6.763 8.305 5.041 4.021 8.363 4.269 1.843 5.807 11.061 6.463 9.699 5.231 2.547 4.877 8.366 6.802 3.285 7.030 6.462 2.805 5.902 4.331 6.300 4.118 8.659 5.617 1.526 8.158 5.167 10.233 9.600 6.023 6.683 9.798 2.411 3.980 4.906 7.652 2.124 4.930 9.079 1.683 5.571 6.267 10.334 8.777 9.299 9.177 6.026 0.452 5.466 9.083 6.583 5.383 5.960 5.613 2.872 3.591 7.362 9.357 3.228 7.355 4.979 4.063 5.474 8.154 6.728 9.783 2.692 4.254 0.938 6.165 3.187 9.153 6.122 7.482 7.738 4.628 7.830 4.743 3.524 4.712 3.278 5.097 3.166 7.238 2.630 6.029 9.865 8.355 4.141 2.301 3.394 4.089 
6.004 7.675 7.636 7.221 8.210 7.234 6.831 1.461 2.797 3.635 1.915 6.519 6.554 5.026 5.507 7.644 4.875 2.909 4.835 3.969 5.227 4.607 6.250 6.910 5.341 8.574 4.137 2.883 8.447 8.202 3.404 1.614 5.893 4.313 3.485 4.475 3.755 3.964 2.091 3.774 8.200 4.384 4.628 3.712 5.544 2.446 4.202 8.240 4.886 2.196 4.993 2.221 4.599 5.292 6.508 6.778 1.738 2.710 5.586 7.351 2.747 1.662 4.398 4.602 4.189 5.069 5.332 2.902 8.506 7.759 2.413 4.996 1.356 4.959 5.811 5.781 7.999 1.184 7.738 5.306 8.999 6.142 0.869 2.896 4.703 2.557 4.450 6.643 8.931 8.174 4.228 1.120 4.591 4.811 3.173 5.418 8.261 7.672 7.727 4.527 
3.270 3.352 1.449 0.754 3.994 0.923 4.683 7.308 3.858 2.875 7.225 5.734 3.479 6.685 9.467 4.392 8.029 3.932 1.795 5.420 6.509 4.962 4.736 4.950 4.498 4.880 4.150 3.714 4.321 2.438 7.174 5.096 1.187 6.439 3.662 8.735 8.169 6.556 5.418 8.400 4.473 2.401 5.702 7.956 1.048 4.040 7.469 3.766 3.667 5.012 8.731 8.416 9.563 7.375 3.946 1.772 4.802 7.846 4.592 3.329 6.090 4.824 2.983 4.296 7.838 7.611 4.281 5.882 3.203 2.221 4.313 6.317 6.415 8.108 0.801 5.483 2.944 5.324 5.094 7.347 4.272 5.464 6.821 3.609 8.383 3.936 2.111 2.627 5.355 3.205 2.305 6.844 2.675 6.823 8.681 6.469 2.480 4.284 1.706 4.820 
3.277 2.548 1.862 0.882 3.066 1.554 5.968 8.698 5.274 4.255 8.659 5.658 3.232 7.079 10.988 5.485 9.551 5.384 2.928 6.020 8.008 6.471 4.665 6.239 5.963 3.992 5.671 4.900 5.162 2.848 8.683 6.271 1.901 7.960 5.160 10.248 9.673 7.179 6.876 9.899 3.647 3.899 6.141 8.735 2.235 5.353 8.990 2.773 5.166 6.464 10.253 9.555 10.377 8.885 5.252 1.455 6.036 9.309 6.036 4.386 6.949 6.111 3.752 4.766 8.511 9.128 4.512 7.386 3.722 2.884 5.729 7.823 7.512 9.630 2.321 5.602 1.868 6.640 4.546 8.856 4.881 6.876 8.180 4.962 9.011 5.212 3.557 3.851 4.439 3.909 3.539 7.984 3.458 7.277 10.133 7.959 2.861 3.637 2.177 5.286 
5.836 7.547 7.861 7.360 8.049 7.433 7.341 1.980 3.132 3.857 2.493 6.127 6.373 4.505 6.080 8.113 5.494 3.296 4.923 3.553 5.843 5.167 5.941 7.432 5.867 8.351 4.637 2.947 8.878 8.489 4.026 1.572 5.949 4.936 3.897 5.048 4.336 3.424 2.665 4.336 7.993 4.676 4.187 3.085 5.657 2.661 4.825 8.104 5.354 2.718 5.589 1.824 4.001 5.920 6.981 6.768 1.840 3.261 6.115 7.758 2.240 1.880 4.318 4.324 3.571 5.697 5.053 3.517 8.845 8.057 2.800 5.610 0.799 5.578 6.011 5.389 7.930 1.534 7.452 5.935 9.397 6.707 1.444 3.135 4.078 2.718 4.678 7.020 8.685 8.534 4.344 0.493 4.543 4.272 3.637 6.031 8.548 7.456 7.974 4.185 
6.638 8.284 10.346 9.495 8.523 9.836 10.948 5.664 6.478 6.768 6.257 5.346 6.993 3.068 9.702 11.561 9.337 6.749 7.158 3.648 9.757 8.960 5.827 11.080 9.554 8.391 8.288 5.579 12.166 11.205 7.895 4.551 7.875 8.857 7.355 8.698 8.036 2.506 6.530 7.969 8.187 7.702 3.710 1.002 7.881 5.796 8.697 8.715 8.886 6.498 9.318 3.158 0.928 9.835 10.473 8.260 4.986 6.910 9.805 10.990 2.886 5.240 5.965 4.933 1.173 9.593 5.392 7.431 11.764 10.845 6.310 9.519 3.376 9.416 8.551 4.810 8.954 5.193 7.195 9.851 12.539 10.495 5.276 6.229 0.891 5.702 7.486 10.168 8.536 11.553 6.799 3.429 6.274 2.750 6.993 9.940 11.258 7.668 10.551 4.446 
2.757 2.072 2.265 1.141 2.631 1.876 6.199 8.476 5.093 4.063 8.472 5.130 2.705 6.575 10.943 5.794 9.531 5.232 2.659 5.549 8.066 6.511 4.138 6.468 6.069 3.554 5.668 4.599 5.545 3.290 8.596 5.951 1.587 7.955 5.066 10.168 9.570 6.706 6.719 9.786 3.190 3.819 5.645 8.285 2.036 5.105 8.946 2.355 5.228 6.303 10.209 9.203 9.931 8.919 5.470 0.947 5.743 9.149 6.162 4.700 6.524 5.842 3.343 4.282 8.042 9.138 4.002 7.291 4.160 3.278 5.543 7.869 7.154 9.612 2.321 5.079 1.466 6.382 4.045 8.892 5.313 7.030 7.940 4.742 8.533 4.947 3.428 4.098 4.013 4.312 3.286 7.640 3.060 6.779 9.960 8.031 3.309 3.144 2.587 4.798 
6.651 8.400 9.357 8.734 8.811 8.898 9.077 3.188 4.804 5.413 3.792 6.281 7.138 4.220 7.191 9.839 6.876 4.998 6.272 3.833 7.476 6.892 6.373 9.169 7.603 8.944 6.374 4.355 10.583 10.060 5.462 3.010 7.216 6.543 5.606 6.190 5.537 3.164 4.378 5.462 8.639 6.288 4.298 1.979 7.025 4.251 6.260 8.922 7.083 4.453 6.819 0.773 2.354 7.452 8.710 7.895 3.386 4.409 7.851 9.449 2.428 3.516 5.402 4.951 2.634 7.176 5.622 5.166 10.472 9.644 4.507 7.253 1.643 6.952 7.496 5.581 8.907 3.252 7.892 7.471 11.077 8.429 2.871 4.730 2.967 4.255 6.222 8.689 9.209 10.184 5.754 1.321 5.675 3.914 4.486 7.675 10.118 8.093 9.500 4.638 
2.838 4.142 3.940 3.328 4.775 3.468 5.121 4.939 1.715 0.814 4.983 4.681 3.361 4.754 7.831 5.406 6.566 1.966 0.900 3.308 5.580 4.099 3.882 5.333 4.148 5.393 3.132 1.093 5.818 4.727 5.387 2.477 1.969 5.140 2.123 6.945 6.283 4.319 3.337 6.464 4.967 1.477 3.801 5.500 1.622 1.558 5.899 4.711 3.222 2.926 7.123 5.796 7.055 6.245 4.472 2.935 2.211 5.709 4.357 4.638 3.609 2.288 1.248 2.603 5.489 6.330 3.023 4.107 5.273 4.354 2.120 5.336 3.794 6.655 2.090 4.140 4.263 2.827 4.975 6.230 6.095 5.266 4.389 1.257 6.066 1.393 1.076 3.790 5.836 5.079 0.321 4.222 1.160 4.796 6.485 5.635 4.782 4.529 4.108 3.012 
4.659 4.708 0.917 1.616 5.328 0.927 3.502 7.477 4.118 3.327 7.280 7.108 4.887 7.897 9.012 3.047 7.521 4.074 2.801 6.551 5.795 4.344 6.118 3.772 3.681 6.233 3.729 4.414 2.912 1.326 6.899 5.726 2.545 5.921 3.623 8.399 7.918 7.645 5.454 8.175 5.838 2.523 6.910 8.910 2.190 4.516 7.047 5.076 3.039 5.088 8.283 8.996 10.464 6.716 2.796 3.160 5.364 7.790 3.707 1.958 7.019 5.297 4.123 5.527 8.872 7.020 5.601 5.680 1.905 0.946 4.539 5.641 7.097 7.591 1.372 6.814 4.208 5.721 6.500 6.682 2.897 4.483 7.074 4.040 9.439 4.485 2.514 1.383 6.704 1.826 3.101 7.457 3.832 8.003 8.645 5.710 1.383 5.678 0.863 6.037 
5.746 6.853 4.758 4.881 7.516 4.543 3.050 3.866 1.603 2.114 3.545 7.531 6.248 7.137 5.299 3.853 3.879 1.273 3.420 5.678 2.655 1.204 6.791 3.155 1.612 8.225 0.348 2.914 4.704 4.970 3.049 3.419 4.315 2.322 0.818 4.585 4.064 6.387 1.832 4.316 7.792 1.857 6.305 6.972 3.713 2.316 3.302 7.395 1.117 1.608 4.564 6.016 8.211 3.369 2.717 5.393 2.989 3.960 1.863 3.683 5.294 2.707 4.159 5.370 7.222 3.522 5.896 1.819 5.039 4.501 1.642 2.413 4.602 3.961 3.368 6.926 6.774 2.796 7.894 3.350 5.327 2.614 3.622 2.059 7.810 2.507 2.324 3.111 8.683 4.639 2.940 4.726 4.087 7.078 4.816 2.708 5.029 7.394 4.721 5.671 
2.306 0.707 3.881 2.772 1.043 3.508 7.779 9.226 6.042 5.035 9.319 4.167 1.932 6.028 12.100 7.418 10.751 6.249 3.561 5.324 9.434 7.869 3.284 8.047 7.524 1.964 6.967 5.229 7.173 4.882 9.686 6.448 2.581 9.218 6.213 11.257 10.614 6.421 7.680 10.804 1.648 5.041 5.219 8.112 3.188 5.875 10.124 0.739 6.637 7.266 11.376 9.491 9.745 10.241 7.044 1.503 6.342 10.057 7.641 6.326 6.547 6.518 3.659 4.052 7.747 10.417 3.528 8.384 5.757 4.901 6.465 9.220 7.462 10.836 3.748 4.336 0.167 7.073 2.689 10.218 6.915 8.534 8.643 5.607 8.164 5.674 4.577 5.700 2.405 5.932 4.163 7.989 3.465 6.289 10.822 9.422 4.895 1.769 4.201 4.492 
7.041 8.753 8.906 8.476 9.254 8.502 7.933 1.565 4.062 4.903 2.176 7.221 7.576 5.428 5.536 8.801 5.244 4.156 6.067 4.648 6.000 5.627 7.099 7.988 6.426 9.542 5.276 4.096 9.640 9.468 3.863 2.750 7.111 5.048 4.715 4.533 3.881 4.329 3.149 3.804 9.189 5.652 5.245 3.542 6.788 3.711 4.651 9.310 6.058 3.345 5.162 1.205 3.969 5.884 7.665 7.957 2.959 2.753 6.664 8.567 3.256 2.922 5.520 5.505 4.148 5.579 6.229 3.758 9.758 9.023 3.665 5.793 1.863 5.318 7.078 6.487 9.133 2.454 8.619 5.906 10.218 7.130 1.401 4.165 4.556 3.808 5.719 7.880 9.868 9.417 5.470 1.330 5.739 5.159 2.860 6.211 9.528 8.651 8.997 5.333 
5.349 7.096 8.045 7.391 7.533 7.576 8.089 3.107 3.670 4.157 3.632 5.245 5.851 3.441 7.216 8.767 6.623 3.910 4.931 2.691 6.867 6.048 5.201 8.208 6.665 7.723 5.404 3.047 9.448 8.781 5.151 1.768 5.863 5.987 4.524 6.185 5.475 2.344 3.622 5.470 7.398 5.061 3.258 2.003 5.685 3.045 5.947 7.628 6.044 3.583 6.729 1.905 3.168 7.006 7.655 6.544 2.185 4.393 6.916 8.291 1.269 2.388 4.050 3.688 2.442 6.803 4.388 4.548 9.233 8.377 3.445 6.625 0.461 6.708 6.187 4.517 7.577 2.282 6.728 7.018 9.895 7.585 2.584 3.514 2.968 3.010 4.948 7.504 8.016 8.967 4.430 0.716 4.321 3.186 4.720 7.043 8.838 6.853 8.199 3.435 
5.053 6.757 7.162 6.613 7.266 6.719 6.970 2.497 2.585 3.184 2.907 5.475 5.594 4.043 6.476 7.666 5.724 2.805 4.163 2.929 5.802 4.930 5.220 7.086 5.541 7.587 4.281 2.192 8.373 7.833 4.251 0.808 5.174 4.949 3.419 5.448 4.720 3.013 2.542 4.764 7.223 4.050 3.593 3.091 4.905 2.013 5.027 7.316 4.931 2.471 5.924 2.513 4.283 6.004 6.548 5.978 1.150 3.719 5.792 7.227 1.777 1.292 3.524 3.582 3.451 5.838 4.312 3.506 8.235 7.413 2.331 5.556 0.669 5.812 5.303 4.737 7.136 1.164 6.718 6.013 8.848 6.465 1.888 2.492 4.011 2.027 3.999 6.458 7.931 7.946 3.600 0.948 3.750 3.850 4.215 5.970 7.891 6.689 7.290 3.487 
4.963 6.327 5.212 5.010 6.960 4.872 4.409 3.083 0.470 1.483 2.969 6.436 5.505 5.816 5.650 5.116 4.426 0.338 2.955 4.381 3.736 2.520 5.798 4.533 3.009 7.560 1.742 1.728 5.870 5.672 3.203 2.019 4.008 3.111 0.891 4.761 4.106 5.018 1.187 4.297 7.137 1.918 5.034 5.575 3.497 1.008 3.742 6.894 2.370 0.771 4.947 4.799 6.845 4.244 3.992 5.051 1.590 3.617 3.259 4.759 3.901 1.310 3.258 4.254 5.823 4.258 4.861 1.934 5.925 5.217 0.242 3.479 3.232 4.516 3.494 5.782 6.412 1.475 7.051 4.236 6.405 4.002 2.664 0.967 6.410 1.238 2.148 4.049 7.993 5.583 2.345 3.406 3.278 5.736 4.436 3.847 5.732 6.682 5.260 4.481 
8.360 9.984 9.310 9.119 10.548 8.987 7.392 1.084 4.508 5.515 1.210 8.921 8.915 7.294 3.650 8.400 3.640 4.452 6.903 6.355 4.880 5.017 8.665 7.383 5.916 10.957 5.012 5.079 9.355 9.676 2.518 3.980 7.981 3.949 4.852 2.694 2.143 6.200 3.020 1.989 10.573 6.031 6.998 5.498 7.540 4.464 3.187 10.556 5.840 3.393 3.377 2.962 5.784 4.505 7.305 8.951 3.990 1.128 6.120 8.413 5.048 3.791 6.698 7.014 6.103 4.115 7.743 3.068 9.794 9.210 4.053 4.728 3.603 3.698 7.612 8.182 10.240 3.236 10.148 4.537 10.037 6.345 1.675 4.814 6.510 4.647 6.255 7.866 11.324 9.394 6.272 3.144 6.854 7.044 0.909 5.109 9.736 10.052 9.334 6.941 
4.735 4.668 0.634 1.518 5.270 0.784 3.689 7.785 4.417 3.608 7.591 7.198 4.929 8.066 9.308 3.153 7.814 4.379 2.999 6.742 6.070 4.634 6.201 3.958 3.951 6.185 4.035 4.675 2.911 1.075 7.206 6.000 2.640 6.216 3.933 8.703 8.225 7.849 5.765 8.483 5.799 2.821 7.079 9.143 2.347 4.801 7.347 5.007 3.335 5.397 8.579 9.280 10.708 6.995 3.001 3.157 5.644 8.101 3.967 2.054 7.254 5.585 4.304 5.686 9.089 7.306 5.724 5.990 1.749 0.765 4.841 5.921 7.368 7.883 1.580 6.932 4.124 6.016 6.510 6.961 2.809 4.719 7.379 4.327 9.652 4.763 2.790 1.585 6.652 1.745 3.339 7.736 4.006 8.183 8.957 5.980 1.129 5.667 0.551 6.201 
5.814 7.554 8.244 7.658 8.014 7.793 7.980 2.588 3.665 4.280 3.139 5.817 6.330 4.020 6.703 8.717 6.179 3.866 5.198 3.253 6.553 5.846 5.743 8.081 6.521 8.239 5.277 3.251 9.448 8.929 4.716 1.884 6.176 5.646 4.477 5.674 4.973 2.922 3.359 4.953 7.903 5.148 3.834 2.390 5.947 3.111 5.518 8.096 5.967 3.384 6.240 1.482 3.310 6.627 7.592 6.916 2.248 3.874 6.771 8.311 1.843 2.375 4.426 4.194 2.907 6.397 4.906 4.226 9.332 8.510 3.379 6.318 0.570 6.261 6.383 5.086 8.002 2.137 7.268 6.642 9.937 7.388 2.108 3.590 3.394 3.122 5.093 7.548 8.544 9.042 4.658 0.218 4.681 3.760 4.161 6.739 8.987 7.360 8.379 3.973 
9.282 10.453 7.930 8.312 11.115 7.847 4.323 4.250 4.829 5.639 3.641 10.826 9.803 9.965 2.220 5.436 0.854 4.520 7.015 8.622 1.266 2.697 10.197 4.175 3.369 11.809 3.528 6.125 6.489 7.807 1.953 5.967 7.911 1.305 4.345 2.169 2.303 9.014 3.615 2.555 11.378 5.449 9.301 9.002 7.303 5.381 1.179 10.996 4.013 3.879 1.624 7.012 9.760 0.326 4.651 8.987 5.647 3.236 3.409 5.972 7.787 5.306 7.621 8.647 9.457 0.241 9.262 2.605 7.538 7.367 4.572 1.379 6.589 0.856 6.869 10.157 10.365 5.009 11.410 0.368 7.299 2.992 4.549 5.347 9.987 5.621 5.925 5.842 12.262 7.069 6.505 6.407 7.597 9.821 3.730 1.424 7.858 10.964 7.802 8.840 
4.317 6.066 7.333 6.584 6.488 6.841 7.894 3.855 3.416 3.646 4.303 4.234 4.809 2.634 7.883 8.457 7.125 3.712 4.157 1.660 7.085 6.062 4.146 8.044 6.558 6.665 5.295 2.458 9.045 8.142 5.655 1.552 5.007 6.274 4.301 6.854 6.127 1.606 3.842 6.164 6.342 4.579 2.272 2.121 4.904 2.711 6.425 6.592 5.827 3.689 7.335 2.953 3.640 7.357 7.385 5.603 1.971 5.108 6.806 7.868 0.371 2.277 3.129 2.635 2.269 7.215 3.330 4.839 8.666 7.765 3.319 6.833 1.139 7.214 5.500 3.498 6.576 2.423 5.673 7.363 9.420 7.562 3.266 3.122 2.860 2.595 4.374 7.046 6.958 8.441 3.731 1.658 3.420 2.439 5.547 7.237 8.197 5.797 7.516 2.378 
8.344 9.562 7.279 7.561 10.219 7.147 4.067 3.481 3.869 4.711 2.885 9.851 8.871 8.994 2.652 5.173 1.163 3.567 6.118 7.645 1.129 2.032 9.231 3.974 2.853 10.892 2.722 5.153 6.214 7.263 1.258 4.995 7.049 0.441 3.436 2.187 1.996 8.053 2.641 2.283 10.462 4.594 8.322 8.096 6.450 4.406 0.790 10.111 3.323 2.899 1.929 6.232 8.927 0.904 4.246 8.127 4.670 2.654 2.958 5.543 6.829 4.329 6.668 7.672 8.532 0.826 8.292 1.631 7.091 6.808 3.598 1.039 5.664 1.238 6.078 9.179 9.509 4.044 10.461 0.915 6.995 2.810 3.702 4.386 9.071 4.647 5.052 5.289 11.341 6.632 5.587 5.513 6.656 8.854 3.314 1.360 7.317 10.037 7.181 7.862 
4.148 4.259 1.036 1.283 4.892 0.757 3.831 7.260 3.847 2.985 7.102 6.594 4.385 7.398 9.029 3.479 7.554 3.841 2.319 6.065 5.908 4.405 5.605 4.101 3.825 5.787 3.700 4.018 3.411 1.753 6.839 5.358 2.032 5.952 3.446 8.368 7.853 7.169 5.272 8.101 5.384 2.261 6.410 8.466 1.682 4.183 7.044 4.652 3.088 4.889 8.295 8.654 10.035 6.809 3.104 2.689 5.013 7.653 3.884 2.410 6.578 4.972 3.629 5.023 8.409 7.085 5.087 5.585 2.404 1.429 4.284 5.737 6.720 7.628 0.901 6.300 3.804 5.422 6.012 6.778 3.412 4.712 6.828 3.715 8.972 4.130 2.164 1.736 6.261 2.340 2.666 7.101 3.334 7.510 8.503 5.842 1.806 5.203 1.137 5.535 
1.784 3.077 6.381 5.260 3.223 5.859 8.901 7.339 5.245 4.641 7.660 0.820 1.878 2.299 11.060 9.011 10.009 5.571 3.811 2.093 9.336 7.921 0.512 9.130 8.010 3.103 6.963 3.928 9.192 7.417 8.642 4.435 3.813 8.766 5.906 10.071 9.349 2.924 6.546 9.452 2.873 5.297 1.669 4.638 4.198 4.675 9.303 3.440 7.079 6.213 10.416 6.620 6.198 9.898 8.210 3.605 4.593 8.479 8.216 8.078 3.524 4.906 2.620 1.413 4.158 9.903 0.839 7.508 8.197 7.214 5.482 9.084 4.844 10.100 5.074 0.574 3.836 5.371 1.979 9.890 9.246 9.128 6.717 4.731 4.497 4.433 4.820 7.252 3.312 8.174 3.968 5.381 2.791 2.588 9.062 9.416 7.455 2.353 6.672 1.386 
1.818 1.014 3.339 2.169 1.650 2.899 7.015 8.393 5.173 4.162 8.469 4.060 1.642 5.667 11.222 6.726 9.874 5.375 2.687 4.790 8.572 7.008 3.088 7.281 6.688 2.540 6.098 4.404 6.568 4.383 8.811 5.662 1.707 8.343 5.336 10.382 9.742 5.926 6.813 9.935 2.144 4.169 4.784 7.575 2.320 5.028 9.247 1.438 5.789 6.398 10.499 8.781 9.221 9.372 6.277 0.636 5.530 9.200 6.814 5.648 5.918 5.691 2.890 3.502 7.265 9.543 3.094 7.508 5.245 4.331 5.599 8.356 6.736 9.959 2.928 4.078 0.775 6.245 2.927 9.350 6.389 7.716 7.818 4.745 7.720 4.833 3.702 4.971 3.014 5.365 3.294 7.253 2.667 5.898 9.972 8.565 4.405 2.036 3.660 3.986 
4.396 5.284 3.210 3.198 5.954 2.921 3.264 5.098 1.785 1.282 4.916 6.487 4.844 6.582 6.994 3.598 5.569 1.701 1.968 5.118 4.174 2.610 5.628 3.479 2.408 6.720 1.712 2.473 4.133 3.637 4.706 3.584 2.699 3.993 1.256 6.262 5.710 6.055 3.086 5.948 6.287 0.380 5.645 7.032 2.080 2.309 4.996 5.805 1.465 2.712 6.259 6.732 8.479 4.983 2.619 3.764 3.176 5.465 2.587 2.958 5.178 3.042 3.053 4.457 7.125 5.181 4.829 3.425 3.936 3.185 2.179 3.958 4.948 5.649 1.675 5.981 5.133 3.405 6.538 4.959 4.544 3.513 4.700 1.838 7.715 2.351 0.853 2.153 7.190 3.632 1.701 5.241 2.881 6.601 6.314 4.172 3.696 5.936 3.234 4.869 
7.051 8.191 5.885 6.136 8.854 5.734 3.134 3.607 2.690 3.404 3.120 8.725 7.563 8.112 4.052 4.166 2.585 2.360 4.755 6.693 1.417 0.774 8.034 3.124 1.689 9.555 1.297 4.028 5.159 5.934 2.049 4.183 5.652 0.994 2.098 3.448 3.046 7.261 1.976 3.325 9.123 3.191 7.350 7.584 5.046 3.328 2.078 8.734 1.940 2.040 3.318 6.155 8.637 2.036 3.114 6.729 3.794 3.265 1.872 4.338 6.086 3.464 5.423 6.545 7.929 2.186 7.117 1.245 5.842 5.471 2.531 1.161 5.132 2.662 4.654 8.087 8.109 3.341 9.191 2.018 5.891 2.152 3.584 3.200 8.499 3.554 3.663 3.974 10.011 5.398 4.257 5.116 5.376 8.013 4.081 1.532 5.990 8.717 5.802 6.795 
5.070 6.803 8.373 7.588 7.158 7.874 8.911 4.234 4.432 4.710 4.765 4.481 5.514 2.448 8.347 9.503 7.748 4.713 5.187 2.107 7.913 6.994 4.624 9.051 7.542 7.219 6.275 3.524 10.105 9.197 6.274 2.517 5.990 7.056 5.314 7.316 6.607 1.368 4.653 6.600 6.937 5.643 2.507 1.062 5.928 3.741 7.067 7.297 6.845 4.562 7.862 2.555 2.590 8.098 8.421 6.507 2.951 5.521 7.792 8.930 0.888 3.226 4.085 3.327 1.340 7.911 3.942 5.613 9.730 8.825 4.292 7.667 1.537 7.833 6.550 3.788 7.379 3.256 6.130 8.109 10.485 8.516 3.717 4.169 1.902 3.642 5.439 8.110 7.460 9.508 4.784 1.833 4.386 2.158 5.819 8.080 9.252 6.393 8.563 2.942 
5.137 5.157 1.097 2.025 5.768 1.298 3.191 7.650 4.361 3.641 7.419 7.584 5.362 8.345 8.965 2.637 7.463 4.284 3.237 6.985 5.672 4.283 6.595 3.459 3.550 6.679 3.760 4.766 2.440 1.056 6.931 6.046 3.021 5.875 3.789 8.398 7.950 8.068 5.607 8.214 6.288 2.784 7.359 9.297 2.652 4.811 7.025 5.509 3.013 5.259 8.242 9.283 10.834 6.606 2.518 3.624 5.670 7.889 3.545 1.539 7.407 5.580 4.568 5.983 9.279 6.934 6.070 5.750 1.476 0.601 4.764 5.536 7.421 7.529 1.812 7.284 4.631 5.978 6.969 6.571 2.426 4.260 7.277 4.332 9.850 4.799 2.846 1.114 7.148 1.356 3.496 7.762 4.281 8.445 8.746 5.570 1.116 6.140 0.898 6.489 
6.673 8.312 7.958 7.641 8.867 7.588 6.721 0.698 3.075 4.018 1.192 7.274 7.227 5.780 4.778 7.610 4.238 3.107 5.327 4.729 4.808 4.403 6.983 6.771 5.212 9.265 4.088 3.436 8.473 8.443 2.790 2.288 6.401 3.864 3.619 3.746 3.034 4.710 1.947 3.035 8.883 4.665 5.390 4.335 6.003 2.885 3.593 8.882 4.886 2.188 4.293 2.404 5.046 4.761 6.476 7.334 2.318 1.962 5.447 7.425 3.502 2.154 5.025 5.328 4.855 4.495 6.056 2.537 8.675 7.988 2.641 4.593 2.086 4.319 6.178 6.537 8.595 1.605 8.460 4.780 9.076 5.904 0.181 3.287 5.343 3.040 4.806 6.772 9.632 8.315 4.703 1.752 5.194 5.558 2.414 5.013 8.503 8.361 8.021 5.274 
7.506 7.515 3.230 4.350 8.107 3.612 2.245 8.588 5.804 5.404 8.210 9.933 7.747 10.523 8.780 1.132 7.302 5.607 5.437 9.104 5.327 4.443 8.954 2.404 3.528 9.026 4.437 6.598 0.096 2.323 7.247 7.696 5.386 5.894 5.004 8.471 8.205 10.121 6.573 8.492 8.646 4.470 9.547 11.168 4.958 6.418 7.071 7.834 3.624 6.329 8.122 10.689 12.607 6.242 2.106 6.006 7.275 8.470 3.364 1.180 9.306 7.097 6.770 8.216 11.244 6.668 8.378 6.340 1.521 2.207 6.101 5.296 9.040 7.344 4.083 9.593 6.938 7.366 9.356 6.199 0.737 3.576 8.363 5.960 11.831 6.481 4.742 2.018 9.489 1.195 5.545 9.282 6.505 10.588 9.296 5.147 2.332 8.519 2.915 8.700 
8.380 10.012 9.381 9.178 10.572 9.054 7.494 1.128 4.567 5.570 1.298 8.910 8.934 7.262 3.737 8.498 3.747 4.517 6.949 6.341 4.989 5.117 8.667 7.485 6.015 10.972 5.102 5.113 9.450 9.755 2.628 3.994 8.028 4.058 4.926 2.789 2.247 6.166 3.096 2.088 10.590 6.098 6.980 5.437 7.592 4.508 3.296 10.583 5.930 3.464 3.475 2.881 5.700 4.615 7.401 8.992 4.016 1.238 6.220 8.504 5.023 3.825 6.725 7.019 6.047 4.224 7.748 3.165 9.880 9.289 4.112 4.837 3.579 3.804 7.675 8.171 10.275 3.270 10.154 4.647 10.130 6.451 1.701 4.865 6.448 4.687 6.315 7.952 11.337 9.481 6.319 3.111 6.885 7.008 0.983 5.219 9.815 10.068 9.408 6.937 
7.926 9.511 8.670 8.514 10.092 8.360 6.721 0.689 3.913 4.934 0.546 8.650 8.484 7.158 3.477 7.724 3.208 3.833 6.350 6.114 4.275 4.344 8.327 6.716 5.241 10.541 4.336 4.590 8.677 9.016 1.945 3.601 7.427 3.331 4.206 2.461 1.801 6.081 2.375 1.732 10.148 5.405 6.776 5.566 6.964 3.934 2.676 10.084 5.163 2.761 3.081 3.223 6.037 3.974 6.627 8.419 3.549 0.673 5.447 7.736 4.883 3.314 6.236 6.667 6.132 3.615 7.389 2.391 9.122 8.549 3.458 4.110 3.454 3.276 6.997 7.915 9.730 2.767 9.784 4.002 9.359 5.692 1.302 4.252 6.583 4.131 5.651 7.194 10.924 8.720 5.719 3.064 6.372 6.930 1.051 4.502 9.075 9.637 8.687 6.639 
