25 50 150
39 151 192 69 60 159 115 36 75 200 214 216 91 148 69 57 98 96 104 160 98 191 216 47 201 
194 375 52 29 307 222 43 321 186 280 225 153 239 122 153 305 184 81 211 157 131 263 287 176 265 198 221 88 297 51 60 207 116 229 139 92 355 183 169 234 302 31 198 371 190 242 96 107 33 127 
34 11 25 20 10 24 11 19 34 19 7 19 24 6 23 32 35 20 10 12 16 22 24 7 27 26 23 12 8 31 19 17 30 16 35 18 10 11 22 27 25 31 5 21 25 33 23 10 34 19 10 25 20 26 26 20 16 31 18 33 30 17 33 9 20 27 35 30 16 5 26 11 24 9 11 5 10 16 8 34 5 8 19 14 26 20 23 23 31 15 31 6 34 9 17 13 32 11 27 32 21 34 29 26 21 11 9 23 29 13 33 15 20 22 5 33 19 27 7 18 35 27 16 9 31 24 16 17 26 26 12 19 19 9 31 20 23 25 35 26 34 18 9 28 19 14 23 25 26 14 
1039.257 1299.194 501.529 436.402 1161.801 1068.259 497.830 1165.280 900.563 1181.718 1039.550 873.064 1080.060 754.503 840.117 1151.001 896.221 630.794 967.087 809.184 864.986 1132.965 1190.800 970.361 1086.218 907.532 1057.327 714.847 1252.756 535.007 524.296 1000.738 775.515 1053.602 819.619 662.592 1283.481 899.346 867.063 1087.991 1144.701 443.630 994.752 1324.174 905.114 1089.950 688.713 686.703 447.159 798.283 
9.197 7.384 3.789 6.209 7.495 2.536 9.329 4.882 4.257 5.149 0.984 8.586 3.627 6.793 7.073 7.437 10.579 4.860 6.275 3.444 8.317 2.168 3.890 2.548 1.568 5.756 6.048 2.731 1.241 4.284 6.272 9.476 6.326 5.569 3.732 8.714 7.775 8.977 6.092 8.990 4.008 11.394 8.369 5.538 8.658 5.808 3.542 3.286 9.100 1.963 
8.040 1.355 3.317 7.180 9.892 4.430 8.719 2.033 8.186 7.218 7.591 10.362 9.049 0.338 7.630 5.220 7.448 9.220 3.643 3.252 5.419 4.471 2.899 4.171 5.978 8.702 1.142 8.789 7.801 8.585 1.396 7.162 8.962 5.524 6.670 7.173 2.138 6.934 1.795 11.033 2.676 7.828 7.964 7.727 8.819 7.128 8.167 8.990 5.397 8.552 
5.924 7.608 3.163 2.815 4.361 4.415 5.969 4.394 1.774 1.755 4.045 5.331 2.952 6.401 3.678 4.718 7.699 2.804 4.195 3.632 5.662 3.383 3.723 3.985 1.908 2.711 6.414 3.298 3.552 2.171 6.779 6.454 3.196 2.569 0.370 5.563 6.562 5.932 5.041 5.821 4.061 8.589 5.023 2.193 5.254 2.404 1.866 3.102 6.618 4.777 
4.560 5.113 4.472 5.163 7.847 6.912 5.364 3.857 7.538 5.868 9.131 7.884 9.061 3.638 5.175 2.085 3.491 8.507 1.958 5.120 1.713 6.342 4.641 6.431 6.859 7.290 4.996 9.321 9.002 8.022 5.325 3.365 7.289 3.847 6.159 3.689 2.010 3.273 2.639 8.583 4.757 3.913 4.864 6.219 5.813 5.354 7.940 9.211 1.440 10.086 
4.747 5.041 2.107 3.506 6.255 4.700 5.288 2.222 5.117 3.731 6.502 6.674 6.479 3.528 3.945 2.148 5.213 6.137 0.725 2.914 2.873 3.930 2.518 4.172 4.191 5.239 4.242 6.662 6.336 5.583 4.645 4.363 5.409 1.854 3.639 3.967 3.123 3.959 1.926 7.348 2.780 5.942 4.432 4.198 5.217 3.497 5.394 6.591 3.551 7.442 
7.065 4.640 0.499 4.862 7.186 2.148 7.458 1.630 4.825 4.376 4.301 7.956 5.474 3.671 5.595 4.696 7.787 5.823 3.211 0.577 5.446 1.378 0.701 1.611 2.393 5.689 3.380 5.202 4.350 5.165 3.726 6.896 6.089 3.487 3.401 6.376 4.462 6.461 2.777 8.546 0.999 8.505 6.518 4.906 7.120 4.622 4.660 5.398 6.065 5.280 
4.439 11.055 6.958 2.584 0.221 8.684 3.857 7.920 3.303 2.689 7.836 1.161 4.891 9.590 2.481 5.568 7.173 3.256 6.362 7.640 6.263 7.643 7.575 8.230 6.129 1.725 10.072 6.003 7.153 3.488 10.470 5.828 1.142 4.222 3.915 4.786 9.012 5.400 7.999 1.539 7.933 8.085 3.419 2.163 2.780 2.596 4.160 5.358 7.276 8.276 
5.803 5.072 0.921 3.752 6.262 3.402 6.208 1.847 4.376 3.484 5.075 6.922 5.436 3.787 4.426 3.483 6.610 5.415 2.152 1.747 4.285 2.538 1.517 2.863 2.814 4.923 3.978 5.441 4.951 4.793 4.369 5.664 5.240 2.266 2.853 5.116 4.036 5.217 2.438 7.545 1.866 7.367 5.276 4.011 5.912 3.572 4.445 5.472 4.996 6.025 
6.881 3.337 1.198 5.361 7.967 3.102 7.427 0.108 6.062 5.213 5.804 8.561 6.932 2.158 5.941 4.187 7.038 7.093 2.494 1.409 4.733 2.724 0.936 2.661 3.934 6.662 2.258 6.736 5.895 6.454 2.656 6.375 6.969 3.752 4.553 6.084 2.971 6.019 1.327 9.204 0.932 7.642 6.560 5.737 7.312 5.236 6.033 6.893 5.126 6.783 
5.228 4.674 4.677 5.824 8.528 6.993 6.042 3.885 8.098 6.479 9.415 8.580 9.561 3.291 5.863 2.780 3.925 9.084 2.414 5.244 2.383 6.515 4.757 6.540 7.205 7.923 4.722 9.757 9.338 8.578 5.017 3.970 7.943 4.449 6.681 4.364 1.531 3.921 2.594 9.279 4.822 4.216 5.560 6.850 6.510 5.998 8.456 9.686 1.912 10.382 
2.566 9.003 7.580 5.452 7.214 10.173 3.284 7.405 8.534 6.641 11.607 6.643 10.369 7.534 4.856 3.361 0.461 9.240 4.904 8.377 2.631 9.379 7.954 9.645 9.225 7.561 8.857 11.028 11.258 8.995 9.201 1.345 7.259 5.254 7.642 2.361 5.871 1.870 6.373 7.244 8.171 1.113 3.589 6.697 4.290 5.856 9.236 10.677 2.465 12.461 
8.336 1.530 2.926 7.160 9.804 3.682 8.967 1.741 7.860 7.061 6.911 10.361 8.583 1.102 7.687 5.530 7.979 8.881 3.868 2.687 5.846 3.819 2.414 3.463 5.443 8.510 0.505 8.240 7.165 8.232 0.893 7.580 8.817 5.522 6.369 7.488 2.841 7.308 2.051 11.015 2.130 8.420 8.160 7.583 8.973 7.059 7.762 8.489 5.942 7.860 
9.938 7.574 4.317 6.962 8.208 2.616 10.079 5.314 4.944 5.899 0.806 9.313 4.134 7.129 7.825 8.122 11.268 5.482 6.897 3.860 8.987 2.544 4.331 2.777 2.314 6.469 6.252 3.111 1.465 4.935 6.435 10.187 7.044 6.296 4.482 9.443 8.236 9.693 6.569 9.702 4.397 12.070 9.118 6.282 9.410 6.561 4.191 3.744 9.741 1.641 
3.195 6.175 4.276 3.701 6.331 6.865 3.945 4.115 6.317 4.535 8.557 6.343 7.970 4.611 3.645 0.550 3.039 7.232 1.586 5.062 0.696 6.106 4.636 6.341 6.192 5.886 5.764 8.383 8.310 6.805 6.139 2.335 5.834 2.599 5.063 2.315 3.304 2.052 3.211 7.042 4.854 3.772 3.359 4.829 4.300 3.939 6.824 8.179 1.526 9.467 
6.209 10.331 5.908 3.197 2.478 6.980 5.868 7.103 1.080 2.221 5.489 3.692 2.351 9.053 3.752 6.248 8.659 0.732 6.370 6.387 7.133 5.996 6.479 6.613 4.209 1.067 9.163 3.484 4.763 1.025 9.532 7.290 1.552 4.242 2.453 6.241 8.962 6.786 7.593 3.908 6.819 9.595 5.137 1.955 4.851 2.855 1.764 2.822 8.176 5.821 
1.512 7.844 5.320 2.851 5.077 7.878 2.231 5.487 5.882 3.987 8.982 4.866 7.697 6.271 2.432 1.309 2.654 6.646 2.973 6.157 1.518 6.989 5.799 7.340 6.612 5.051 7.331 8.336 8.599 6.353 7.719 1.352 4.843 2.603 4.951 0.669 5.019 0.830 4.786 5.554 6.077 3.581 1.708 4.102 2.660 3.225 6.558 7.994 2.450 9.811 
5.667 5.930 1.572 3.197 5.528 3.606 5.958 2.701 3.491 2.720 4.626 6.276 4.594 4.671 3.961 3.703 6.845 4.529 2.704 2.253 4.592 2.610 2.184 3.083 2.259 4.103 4.795 4.687 4.389 3.908 5.177 5.768 4.459 1.979 1.969 5.079 4.864 5.283 3.307 6.869 2.541 7.661 4.998 3.252 5.521 2.943 3.575 4.659 5.421 5.534 
0.921 8.752 5.836 2.381 4.179 8.307 1.320 6.193 5.474 3.611 9.022 3.854 7.336 7.177 1.712 2.256 3.252 6.118 3.788 6.676 2.572 7.356 6.369 7.771 6.708 4.417 8.147 8.099 8.563 5.917 8.543 1.885 4.117 2.784 4.793 0.829 6.021 1.442 5.639 4.532 6.676 4.183 0.654 3.594 1.605 2.809 6.232 7.680 3.472 9.788 
6.706 2.842 3.867 6.529 9.304 5.747 7.462 2.729 8.203 6.875 8.583 9.572 9.392 1.487 6.792 3.963 5.742 9.236 2.749 4.183 3.918 5.499 3.717 5.371 6.614 8.382 2.956 9.361 8.648 8.653 3.219 5.630 8.528 4.931 6.690 5.825 0.314 5.485 1.548 10.266 3.656 6.053 6.826 7.332 7.744 6.586 8.376 9.426 3.700 9.562 
6.141 3.645 1.549 4.883 7.578 3.847 6.723 0.860 5.991 4.908 6.319 8.078 7.061 2.218 5.384 3.404 6.223 7.030 1.702 2.070 3.921 3.342 1.584 3.374 4.261 6.400 2.781 7.000 6.326 6.417 3.184 5.576 6.648 3.233 4.464 5.325 2.481 5.232 0.816 8.741 1.693 6.832 5.885 5.413 6.678 4.815 6.080 7.077 4.319 7.295 
8.360 1.142 3.352 7.394 10.082 4.232 9.026 2.102 8.266 7.375 7.455 10.586 9.056 0.717 7.873 5.540 7.819 9.295 3.933 3.191 5.769 4.355 2.882 4.011 5.941 8.845 0.782 8.746 7.699 8.652 1.016 7.512 9.127 5.741 6.761 7.497 2.517 7.273 2.079 11.251 2.623 8.206 8.255 7.891 9.097 7.322 8.207 8.976 5.769 8.407 
1.585 8.475 6.551 4.212 6.111 9.139 2.418 6.522 7.288 5.394 10.412 5.657 9.121 6.940 3.649 2.310 1.295 8.006 3.971 7.370 1.817 8.299 6.973 8.605 8.036 6.346 8.162 9.783 10.043 7.751 8.529 0.102 6.070 4.040 6.400 1.141 5.425 0.623 5.618 6.298 7.218 2.228 2.478 5.461 3.293 4.612 7.988 9.429 2.164 11.252 
3.441 8.465 4.532 0.207 2.787 6.599 3.378 5.377 2.907 1.035 6.650 3.289 4.762 6.987 1.068 3.259 5.652 3.633 3.781 5.288 4.108 5.566 5.145 6.095 4.471 2.108 7.525 5.535 6.120 3.363 7.927 4.299 2.064 1.617 2.327 3.280 6.443 3.782 5.394 3.932 5.499 6.585 2.457 1.094 2.649 0.232 3.655 5.103 5.154 7.342 
2.733 9.902 6.176 1.534 1.978 8.286 2.277 6.928 3.935 2.435 8.147 1.866 5.770 8.373 0.923 3.952 5.426 4.315 4.999 6.953 4.569 7.252 6.783 7.782 6.079 2.537 9.054 6.728 7.556 4.292 9.457 4.074 2.091 3.078 3.851 3.029 7.574 3.643 6.768 2.564 7.133 6.344 1.681 2.111 1.256 1.836 4.793 6.184 5.560 8.758 
8.815 8.203 4.228 5.683 6.631 3.536 8.851 5.445 3.340 4.526 1.216 7.769 2.516 7.453 6.542 7.365 10.458 3.826 6.420 4.085 8.285 2.948 4.473 3.444 1.516 4.900 6.869 1.644 0.671 3.292 7.129 9.271 5.486 5.333 3.150 8.425 8.234 8.756 6.552 8.121 4.662 11.316 7.911 4.844 8.088 5.258 2.550 2.171 9.150 1.888 
10.534 4.769 6.526 4.287 1.216 7.779 2.185 5.908 10.080 1.412 4.105 3.351 1.812 4.040 4.624 8.771 2.123 2.065 6.308 8.447 3.396 7.598 3.681 2.310 0.291 3.187 3.186 1.367 6.606 1.585 6.360 7.641 1.836 5.586 8.695 5.928 3.782 5.631 4.781 5.758 3.034 0.771 7.047 5.799 6.939 10.280 4.858 6.237 5.866 6.223 3.140 5.332 9.874 4.479 6.064 3.164 9.029 8.666 8.153 5.959 0.372 7.173 7.615 3.530 7.043 6.746 3.928 8.000 4.597 1.377 7.806 5.677 1.934 7.696 9.039 5.148 3.850 3.376 5.130 7.972 8.281 1.638 5.467 8.909 1.293 6.551 4.171 4.990 6.690 8.015 1.801 7.436 10.945 9.704 10.060 2.206 2.442 4.441 5.329 5.224 5.901 3.500 10.309 7.477 2.934 6.253 4.076 3.266 5.950 9.946 6.080 8.658 6.651 5.196 7.417 9.060 9.864 5.411 7.081 5.984 8.051 4.662 8.454 7.311 4.197 6.856 7.386 8.426 4.426 4.305 6.454 4.391 3.998 5.140 0.680 7.049 4.914 7.187 9.609 6.169 3.257 4.134 6.721 9.540 5.685 1.353 5.003 6.189 4.023 5.401 
9.086 5.836 10.278 9.709 8.251 1.686 7.317 4.514 8.744 10.227 5.759 8.536 7.686 6.193 6.313 0.718 10.816 7.301 9.592 0.977 10.439 3.791 6.906 7.058 9.626 8.415 7.897 8.729 2.899 9.308 3.250 8.935 7.937 4.184 6.544 13.388 9.561 8.287 11.173 5.012 6.746 9.150 6.681 6.283 6.018 8.997 4.569 3.192 9.812 3.268 11.231 11.044 7.624 5.135 3.712 10.446 6.947 2.121 2.184 3.782 9.291 10.251 8.243 7.622 2.393 2.974 10.229 1.899 9.858 8.927 10.145 11.885 7.780 5.185 1.009 4.276 6.079 6.155 4.300 9.734 1.765 10.555 12.358 7.602 8.544 2.836 11.024 7.842 2.847 1.367 8.048 8.730 9.879 9.350 8.920 10.735 9.963 5.768 4.946 10.467 7.341 7.818 8.569 8.723 7.348 7.716 8.236 10.230 11.255 8.047 11.276 6.648 10.645 11.353 7.462 9.864 8.810 4.043 7.527 8.626 2.348 5.508 9.880 5.124 7.281 10.566 8.167 7.858 8.571 5.158 2.923 9.962 7.194 9.878 8.730 2.971 6.367 2.848 7.109 9.664 8.272 7.530 8.460 1.780 8.180 8.016 7.733 8.974 7.428 9.327 
5.586 5.756 5.835 5.543 5.472 3.904 4.527 0.864 5.148 7.044 2.607 4.627 4.884 2.670 2.322 3.740 7.455 5.050 5.147 3.554 6.553 0.988 3.214 4.878 6.892 4.574 4.138 5.589 3.756 7.370 3.988 4.569 4.886 4.374 2.948 9.288 5.512 3.867 7.011 0.941 5.363 6.180 2.339 1.865 1.675 5.412 2.630 3.509 5.401 3.706 7.550 6.765 4.311 4.378 4.316 6.630 3.407 2.647 2.327 1.624 6.795 5.801 3.922 3.775 3.626 4.195 6.179 2.554 5.633 5.735 5.732 7.624 4.766 1.388 3.589 2.524 5.202 4.701 3.655 5.362 2.708 7.356 8.196 3.803 5.509 3.344 6.990 3.515 3.839 3.343 4.954 4.348 6.306 5.445 5.262 7.315 6.339 2.247 1.383 6.165 2.897 6.983 5.137 4.347 3.901 3.264 4.120 6.362 6.900 4.615 6.907 2.996 6.204 7.126 3.160 5.679 5.101 3.674 3.151 4.183 2.162 5.241 5.569 1.054 3.229 6.117 3.810 3.809 4.353 2.835 2.662 5.786 3.242 5.558 6.008 1.571 2.213 1.660 3.847 5.227 4.423 7.080 4.019 3.559 3.753 5.414 3.406 4.527 6.916 4.950 
7.387 6.068 3.453 1.493 2.471 7.298 2.351 4.154 6.945 2.803 2.823 0.115 2.322 2.335 2.341 7.830 2.984 3.226 3.124 7.547 1.930 5.641 1.619 3.311 3.276 0.125 0.650 1.885 6.399 4.667 6.332 4.410 1.872 5.939 5.852 4.881 1.130 2.411 2.772 3.764 4.474 2.475 4.150 3.136 4.243 7.128 4.192 5.993 2.762 6.083 2.901 2.912 6.886 5.034 6.276 1.981 6.116 7.171 6.739 4.742 3.548 4.025 4.436 0.909 6.655 6.720 1.749 6.772 1.776 1.864 4.604 3.623 1.938 5.224 7.895 4.445 5.037 4.270 5.154 4.739 7.014 3.050 3.912 5.869 2.039 6.152 2.513 1.846 6.503 7.178 1.794 4.211 7.748 6.498 6.905 2.805 1.744 2.756 3.627 2.516 2.857 5.812 7.208 4.254 1.388 3.121 0.870 1.728 3.383 6.895 3.475 5.791 3.655 3.056 4.347 5.822 6.711 5.408 3.992 2.747 6.594 5.702 5.219 4.890 1.445 3.807 4.209 5.324 1.189 3.650 5.733 1.718 1.413 2.178 2.776 5.665 2.454 5.806 6.696 3.005 0.252 6.305 3.501 8.103 2.477 2.750 1.889 2.954 6.145 2.233 
8.120 8.624 2.863 1.550 4.553 10.056 4.871 6.751 7.761 3.410 5.590 2.735 4.700 5.079 4.918 10.516 2.950 5.612 3.139 10.245 1.265 8.051 4.365 5.764 4.511 2.896 3.425 3.752 9.174 6.235 9.103 4.948 4.228 8.678 7.438 2.195 1.668 3.616 0.195 6.297 6.910 3.994 5.859 5.313 6.212 7.864 6.966 8.768 2.535 8.857 1.939 0.948 8.110 7.723 9.033 1.489 7.556 9.715 9.325 7.449 5.025 3.600 5.361 3.631 9.424 9.493 1.027 9.413 1.508 3.581 4.383 1.025 4.355 7.309 10.530 7.216 7.584 6.850 7.913 4.815 9.637 3.394 1.142 7.069 4.010 8.923 0.491 3.637 9.277 9.893 4.111 4.868 8.219 7.008 7.647 2.751 2.222 5.474 6.277 1.343 4.554 7.964 8.117 4.915 4.136 4.516 3.000 1.429 1.545 7.970 1.688 7.343 2.754 0.586 5.670 5.985 7.476 8.171 5.327 3.604 9.171 8.313 5.277 7.051 3.947 3.040 5.185 6.416 2.743 6.424 8.487 1.313 4.027 1.839 4.565 8.299 4.916 8.436 8.088 2.946 3.020 8.543 4.363 10.640 3.742 4.912 3.740 3.503 8.402 2.553 
4.136 8.162 6.772 7.270 7.985 5.292 7.069 3.454 3.824 9.391 5.174 6.706 7.412 5.150 4.615 4.422 9.713 7.636 6.123 4.429 8.518 1.977 5.570 7.468 9.375 6.711 6.368 8.007 5.670 9.953 5.997 4.797 7.360 6.611 1.824 10.905 7.386 5.176 8.647 3.459 7.938 8.626 2.941 3.627 2.573 4.067 5.151 5.559 6.575 5.760 9.623 8.218 2.672 6.834 6.425 8.650 2.119 2.878 3.045 3.988 9.325 6.451 4.076 5.982 5.351 6.076 8.006 3.510 7.264 8.129 6.064 9.062 7.254 1.541 3.958 4.993 7.719 7.268 6.020 5.536 3.437 9.686 9.770 2.856 7.962 5.274 8.788 5.182 5.724 4.480 7.413 4.671 4.931 4.548 4.014 9.549 8.505 4.767 3.967 7.609 4.217 9.538 3.616 4.645 6.306 4.305 6.045 8.354 8.165 3.105 8.129 1.948 7.131 8.653 3.397 5.294 3.928 5.971 3.649 5.299 2.937 7.657 5.516 1.899 5.333 6.948 4.111 3.311 6.115 5.417 4.652 7.479 5.433 7.007 8.516 3.280 4.384 3.246 2.163 6.268 6.566 9.592 4.745 3.317 5.049 7.959 5.090 5.537 9.432 6.301 
10.557 5.618 6.211 3.952 1.799 8.509 2.758 6.384 10.115 0.659 4.604 3.275 2.381 4.445 4.930 9.445 1.313 2.830 6.078 9.124 2.847 8.060 3.974 3.072 0.581 3.152 3.291 1.536 7.357 2.257 7.128 7.551 2.244 6.383 8.896 5.151 3.459 5.575 4.209 6.176 3.874 0.942 7.212 6.035 7.182 10.299 5.505 6.978 5.584 6.976 2.385 4.824 10.008 5.277 6.854 2.592 9.199 9.241 8.739 6.544 1.154 6.896 7.606 3.668 7.777 7.519 3.467 8.618 4.247 1.423 7.577 5.070 2.379 8.022 9.683 5.799 4.687 4.181 5.884 7.801 8.895 0.809 4.774 9.010 1.610 7.276 3.571 5.007 7.444 8.697 2.166 7.363 10.912 9.660 10.076 1.431 1.947 4.877 5.799 4.803 5.984 4.322 10.371 7.407 3.238 6.284 4.040 2.757 5.457 10.042 5.593 8.848 6.292 4.629 7.495 8.928 9.881 6.167 7.145 5.883 8.627 5.500 8.290 7.647 4.352 6.520 7.380 8.484 4.317 4.932 7.132 4.011 4.188 4.813 1.333 7.625 5.185 7.766 9.782 5.922 3.254 4.962 6.660 10.135 5.646 2.047 5.039 6.043 4.857 5.176 
6.687 5.074 7.057 6.540 5.756 2.624 4.778 1.323 6.271 7.547 2.919 5.459 5.156 3.213 3.160 2.512 8.046 5.087 6.374 2.295 7.394 1.152 3.885 4.876 7.197 5.366 4.874 6.042 2.633 7.373 2.926 5.861 5.275 3.498 4.012 10.260 6.437 5.060 8.012 1.794 5.078 6.570 3.626 3.060 2.959 6.535 2.269 2.468 6.583 2.671 8.294 7.841 5.326 3.792 3.327 7.434 4.469 1.745 1.278 1.040 6.999 7.063 5.210 4.556 2.416 3.063 7.109 1.351 6.669 6.216 7.018 8.689 5.133 2.433 2.458 2.040 4.729 4.397 2.936 6.653 1.564 7.872 9.201 4.962 5.911 2.223 7.916 4.619 2.703 2.057 5.366 5.639 7.438 6.656 6.405 7.931 7.041 2.760 1.841 7.256 4.126 6.591 6.210 5.638 4.457 4.523 5.074 7.191 8.032 5.677 8.050 4.083 7.423 8.168 4.444 6.952 6.255 2.865 4.443 5.406 1.142 4.577 6.859 2.209 4.129 7.352 5.101 5.041 5.378 2.711 1.562 6.790 4.076 6.661 6.284 0.279 3.169 0.383 4.829 6.440 5.217 6.573 5.295 2.667 4.954 5.618 4.509 5.759 6.421 6.098 
4.839 8.659 0.908 2.256 5.552 8.620 5.245 4.976 4.469 5.602 4.725 2.981 5.318 4.169 3.538 8.667 5.501 6.155 0.224 8.462 3.693 5.733 3.697 6.182 6.311 3.171 3.385 4.974 8.072 7.763 8.143 1.656 4.910 8.056 4.333 5.194 2.692 1.173 3.124 4.455 7.289 5.536 2.995 3.109 3.544 4.581 6.012 7.705 0.768 7.855 4.852 2.501 4.844 7.406 8.256 3.935 4.373 7.523 7.255 5.930 6.631 1.034 2.095 3.219 8.149 8.476 2.979 7.483 2.036 4.931 1.508 3.272 4.943 4.626 8.519 6.162 7.694 6.924 7.204 1.700 7.643 5.760 4.070 3.816 5.135 7.719 3.525 1.871 8.174 8.205 4.851 1.573 5.004 3.763 4.361 5.286 4.269 4.338 4.731 1.960 2.041 8.774 4.821 1.619 4.068 1.700 2.367 3.643 2.300 4.681 2.246 4.225 1.280 2.980 2.549 2.858 4.186 7.392 2.257 0.765 7.089 8.215 2.192 4.486 2.890 1.186 1.946 3.154 1.926 5.656 7.120 2.313 3.131 1.509 5.871 6.437 3.305 6.549 4.869 0.380 3.145 9.206 1.170 8.385 1.251 5.805 1.951 0.408 9.038 0.936 
6.209 6.909 2.396 1.262 3.662 7.485 3.369 4.007 5.778 3.953 3.180 1.124 3.425 2.615 2.224 7.803 4.015 4.277 1.954 7.550 2.505 5.241 1.996 4.318 4.509 1.295 1.497 3.119 6.743 5.889 6.745 3.179 3.015 6.509 4.898 5.003 1.355 1.207 2.723 3.528 5.448 3.711 3.221 2.507 3.468 5.949 4.562 6.349 1.713 6.472 3.659 2.528 5.815 5.736 6.777 2.671 5.107 6.923 6.550 4.801 4.783 2.876 3.252 1.384 6.914 7.111 1.966 6.669 1.350 3.100 3.399 3.370 3.049 4.541 7.776 4.767 5.911 5.136 5.674 3.507 6.880 4.167 3.907 4.777 3.262 6.438 2.759 0.859 6.847 7.225 2.957 2.987 6.538 5.284 5.725 3.814 2.731 2.915 3.587 1.964 1.875 6.895 6.061 3.031 2.216 2.016 0.485 2.363 2.798 5.783 2.847 4.822 2.664 2.850 3.262 4.585 5.532 5.897 2.900 1.513 6.392 6.494 3.985 4.262 1.301 2.758 3.029 4.194 0.075 4.107 5.920 1.499 1.479 1.412 4.000 5.559 2.152 5.692 5.678 1.865 1.253 7.345 2.285 7.844 1.292 3.909 0.951 1.721 7.179 1.133 
0.826 10.421 5.151 6.640 8.879 8.381 8.171 5.489 0.469 9.652 6.640 6.757 8.419 6.327 5.556 7.700 9.734 8.968 4.713 7.661 8.088 4.784 6.377 8.878 10.041 6.864 6.761 8.590 8.481 11.106 8.741 2.909 8.180 9.138 1.850 9.672 6.968 4.526 7.666 5.174 9.687 9.229 2.996 4.331 3.380 0.711 7.261 8.266 5.309 8.465 9.269 7.027 0.718 9.023 9.085 8.299 1.395 6.171 6.236 6.392 10.185 4.543 2.512 6.411 8.276 8.916 7.413 6.669 6.489 8.635 3.867 7.743 8.133 3.435 7.278 7.220 9.728 9.096 8.387 3.295 6.657 9.881 8.573 1.066 8.650 8.068 8.042 5.010 8.557 7.635 8.181 2.970 1.600 1.385 0.674 9.531 8.450 6.135 5.747 6.503 4.042 11.342 0.385 2.924 7.081 3.734 5.987 7.991 6.724 0.277 6.635 1.783 5.423 7.509 2.525 2.476 0.651 8.431 2.869 4.344 6.100 9.907 3.010 3.719 5.750 5.156 2.718 1.531 5.790 7.277 7.390 6.761 5.963 6.022 9.346 6.107 5.216 6.130 1.198 4.903 6.759 11.564 3.531 6.674 4.431 8.991 4.975 4.357 11.393 5.343 
9.297 8.499 4.077 2.437 4.316 10.424 4.862 7.350 8.927 2.716 5.966 3.205 4.611 5.518 5.522 11.023 2.096 5.460 4.316 10.734 1.273 8.782 4.809 5.650 3.898 3.303 3.815 3.529 9.447 5.622 9.328 6.115 4.176 8.795 8.464 1.886 2.311 4.626 1.412 6.941 6.733 3.573 6.830 6.122 7.112 9.040 7.279 9.040 3.711 9.105 0.990 2.161 9.218 7.767 9.194 1.284 8.617 10.362 9.937 7.932 4.460 4.817 6.484 4.110 9.752 9.725 1.679 9.974 2.517 3.326 5.599 1.952 4.325 8.182 11.096 7.551 7.475 6.794 8.092 6.021 10.215 2.598 1.433 8.171 3.791 9.241 0.943 4.502 9.548 10.356 4.051 6.020 9.420 8.200 8.820 1.942 1.931 5.950 6.828 2.536 5.492 7.565 9.274 6.066 4.401 5.527 3.697 1.481 2.729 9.102 2.870 8.376 3.972 1.742 6.728 7.194 8.646 8.365 6.375 4.682 9.790 8.251 6.488 7.892 4.575 4.258 6.297 7.529 3.570 6.704 8.877 2.260 4.594 2.962 4.185 8.866 5.588 9.008 9.164 4.124 3.450 8.180 5.471 11.294 4.746 4.681 4.595 4.627 8.055 3.647 
3.508 10.249 1.966 4.069 7.394 9.621 7.020 6.032 3.257 7.453 6.227 4.841 7.125 5.709 4.979 9.416 7.311 7.926 1.894 9.262 5.458 6.320 5.357 7.931 8.181 5.025 5.196 6.838 9.265 9.621 9.397 1.172 6.736 9.452 4.075 6.365 4.533 2.745 4.637 5.532 8.998 7.406 3.427 4.174 4.095 3.277 7.382 8.933 2.438 9.104 6.575 3.909 4.025 8.932 9.584 5.712 3.914 8.081 7.923 7.042 8.498 1.230 1.876 4.985 9.254 9.692 4.735 8.238 3.812 6.800 0.445 4.478 6.758 4.978 9.162 7.481 9.330 8.576 8.603 0.374 8.342 7.597 5.331 3.187 6.993 8.881 5.154 3.502 9.362 9.077 6.685 1.389 3.446 2.330 3.087 7.094 6.108 5.777 5.942 3.521 3.175 10.537 3.662 1.390 5.827 2.682 4.187 5.434 3.460 3.718 3.345 3.951 2.118 4.376 2.653 1.189 2.960 8.755 2.589 2.309 7.759 9.779 0.503 4.987 4.544 1.827 1.940 2.596 3.773 7.120 8.231 4.083 4.797 3.245 7.731 7.307 4.680 7.394 4.244 2.061 4.988 10.934 1.872 8.844 2.753 7.632 3.551 2.023 10.764 2.794 
8.578 4.514 9.037 8.278 6.676 0.641 5.744 3.192 8.187 8.655 4.233 7.052 6.111 4.697 4.901 1.032 9.249 5.733 8.362 0.708 8.931 2.984 5.414 5.491 8.053 6.920 6.395 7.160 1.496 7.781 1.883 7.924 6.368 2.798 5.922 11.911 8.097 7.025 9.727 3.711 5.236 7.576 5.689 5.058 5.021 8.449 3.000 1.700 8.523 1.818 9.689 9.647 7.159 3.644 2.380 8.926 6.364 1.949 1.618 2.325 7.725 9.088 7.273 6.141 0.988 1.731 8.758 1.147 8.447 7.359 9.073 10.474 6.211 4.397 1.480 2.709 4.614 4.622 2.773 8.715 1.289 8.983 10.905 6.927 6.972 1.320 9.543 6.509 1.481 0.288 6.480 7.701 9.351 8.652 8.338 9.172 8.421 4.290 3.539 9.087 6.135 6.417 8.080 7.701 5.813 6.554 6.808 8.720 9.901 7.545 9.934 6.007 9.397 9.931 6.505 9.003 8.202 2.532 6.506 7.398 1.714 4.125 8.922 4.230 5.854 9.346 7.164 7.063 7.173 3.590 1.352 8.531 5.744 8.514 7.155 1.785 5.000 1.708 6.644 8.415 6.780 6.196 7.339 2.323 6.927 6.442 6.402 7.758 6.078 8.007 
8.241 5.927 4.055 1.858 1.950 7.655 2.175 4.763 7.803 1.939 3.225 0.960 2.009 2.830 3.025 8.309 2.158 2.929 3.825 8.012 1.561 6.329 2.160 3.071 2.483 0.873 1.208 1.213 6.667 3.994 6.551 5.229 1.534 6.046 6.705 4.602 1.362 3.251 2.755 4.423 4.226 1.714 5.003 3.943 5.068 7.982 4.505 6.260 3.386 6.325 2.259 3.107 7.749 5.053 6.430 1.496 6.975 7.773 7.316 5.228 2.821 4.690 5.287 1.584 6.976 6.948 1.729 7.306 2.172 1.123 5.325 3.670 1.658 6.016 8.424 4.780 4.887 4.154 5.322 5.508 7.560 2.190 3.768 6.733 1.433 6.464 2.314 2.710 6.768 7.622 1.420 5.039 8.588 7.335 7.759 1.994 1.004 3.281 4.203 2.861 3.719 5.390 8.069 5.082 1.638 3.983 1.730 1.350 3.671 7.759 3.786 6.645 4.203 3.117 5.212 6.619 7.565 5.592 4.856 3.561 7.180 5.618 5.994 5.669 2.225 4.393 5.061 6.186 1.994 3.926 6.118 2.008 2.133 2.686 2.124 6.217 3.193 6.360 7.556 3.685 1.005 5.934 4.336 8.702 3.324 2.287 2.753 3.734 5.784 2.918 
9.039 2.904 6.438 4.657 1.736 4.990 0.939 3.394 8.570 3.767 1.718 3.252 1.233 2.004 2.792 5.950 4.421 0.836 5.958 5.626 4.645 5.046 2.193 0.636 3.091 3.043 2.605 2.355 3.853 3.145 3.652 6.679 1.627 3.010 6.764 7.666 4.257 4.807 5.822 3.409 1.451 2.654 5.328 3.995 4.995 8.807 2.055 3.466 5.753 3.477 5.075 6.063 8.081 1.967 3.439 4.542 7.169 5.909 5.389 3.221 2.794 6.879 6.392 2.659 4.259 4.049 4.779 5.204 4.940 2.567 7.292 6.720 1.476 5.471 6.225 2.340 1.880 1.107 2.394 7.249 5.487 4.089 6.863 7.256 2.122 3.757 5.410 4.049 3.944 5.195 1.752 6.436 9.602 8.456 8.606 4.384 3.875 2.205 2.871 5.680 4.573 3.057 8.706 6.467 1.837 5.047 3.560 4.438 6.548 8.258 6.640 6.760 6.698 6.157 5.937 8.127 8.414 2.678 5.673 5.251 5.299 2.544 7.671 5.078 3.005 6.801 6.176 6.929 4.040 1.541 3.633 4.877 2.753 5.300 2.194 4.307 3.138 4.439 7.716 5.892 2.976 3.392 5.757 6.758 4.796 1.479 3.999 5.575 3.221 5.176 
12.151 2.920 8.931 6.798 3.018 6.900 3.365 6.452 11.683 4.180 4.864 5.593 3.226 5.125 5.897 8.159 4.868 2.497 8.586 7.837 6.125 8.026 5.152 2.573 2.994 5.389 5.156 3.735 5.687 1.367 5.336 9.611 3.626 4.407 9.911 8.701 6.305 7.635 7.505 6.531 2.000 3.397 8.455 7.120 8.142 11.914 4.820 5.430 8.242 5.327 5.919 7.994 11.226 3.491 4.893 5.910 10.317 8.551 8.029 6.050 2.424 9.499 9.412 5.377 6.199 5.642 6.581 7.732 7.112 3.863 10.035 8.415 3.594 8.594 8.575 5.039 2.515 2.682 4.391 10.090 8.010 4.363 8.246 10.385 3.510 5.810 6.918 6.899 5.737 7.407 3.691 9.379 12.684 11.506 11.708 4.974 5.169 5.353 5.973 7.801 7.591 0.958 11.834 9.413 4.552 8.036 6.171 5.973 8.589 11.395 8.710 9.908 9.115 7.911 9.023 11.067 11.514 4.606 8.737 8.052 7.978 3.113 10.545 8.203 5.906 9.282 9.188 10.028 6.612 4.487 6.011 6.948 5.658 7.606 2.847 7.061 6.241 7.173 10.864 8.479 5.397 1.577 8.672 9.285 7.653 2.734 6.875 8.329 1.539 7.710 
5.092 9.596 0.365 2.624 6.265 9.660 6.072 6.015 4.789 6.013 5.717 3.687 6.101 5.155 4.555 9.693 5.791 6.976 0.855 9.492 3.911 6.727 4.637 7.026 6.855 3.894 4.197 5.614 9.105 8.408 9.170 2.106 5.665 9.060 5.083 4.745 3.123 2.205 2.987 5.494 8.159 6.122 3.918 4.144 4.508 4.849 7.028 8.735 1.038 8.883 4.982 2.252 5.375 8.375 9.272 4.174 5.049 8.521 8.268 6.969 7.234 0.434 2.743 4.091 9.187 9.506 3.196 8.507 2.330 5.539 1.215 2.834 5.718 5.562 9.533 7.185 8.611 7.837 8.209 1.710 8.661 6.121 3.685 4.406 5.805 8.755 3.530 2.866 9.207 9.239 5.592 2.144 5.095 3.934 4.643 5.575 4.654 5.349 5.768 1.906 3.071 9.588 5.178 2.181 4.927 2.698 3.196 3.917 1.811 5.140 1.703 4.966 0.470 2.717 3.355 2.840 4.493 8.404 3.118 1.804 8.102 9.165 2.133 5.454 3.848 0.203 2.660 3.747 2.721 6.652 8.158 2.579 4.078 1.763 6.526 7.469 4.334 7.580 5.488 0.867 3.899 10.051 2.034 9.369 2.289 6.548 2.955 1.441 9.886 1.585 
7.995 3.227 6.465 5.174 3.307 3.581 2.346 1.864 7.533 5.241 1.019 3.823 2.722 1.586 2.187 4.359 5.825 2.537 5.868 4.043 5.602 3.418 2.239 2.323 4.730 3.658 3.129 3.738 2.620 4.820 2.566 6.116 2.946 2.343 5.510 8.630 4.899 4.551 6.548 2.057 2.641 4.182 4.328 3.094 3.844 7.786 0.430 2.213 5.836 2.308 6.285 6.602 6.873 1.838 2.578 5.569 5.949 4.209 3.691 1.519 4.481 6.739 5.670 2.960 2.900 2.947 5.528 3.527 5.398 3.936 6.980 7.372 2.791 4.062 4.581 0.717 2.518 1.976 1.492 6.804 3.807 5.570 7.691 6.175 3.559 2.389 6.274 3.851 2.723 3.626 3.057 5.867 8.638 7.595 7.604 5.747 5.021 1.380 1.478 6.106 3.978 4.260 7.603 5.887 2.454 4.476 3.783 5.389 6.970 7.114 7.031 5.530 6.784 6.809 5.066 7.490 7.422 1.699 4.879 4.994 3.598 2.722 7.158 3.682 2.914 6.816 5.480 5.975 4.228 0.170 2.074 5.422 2.721 5.602 3.816 2.604 2.468 2.737 6.453 5.857 3.535 4.384 5.276 5.069 4.496 3.121 3.764 5.357 4.217 5.263 
5.246 6.384 6.271 6.215 6.313 3.983 5.367 1.667 4.837 7.870 3.444 5.387 5.725 3.508 3.117 3.520 8.267 5.874 5.583 3.400 7.296 0.409 4.032 5.696 7.732 5.349 4.933 6.424 4.087 8.195 4.374 4.744 5.726 4.892 2.571 9.953 6.225 4.380 7.669 1.777 6.128 7.018 2.500 2.454 1.854 5.101 3.339 3.910 5.904 4.112 8.323 7.369 3.873 5.037 4.760 7.387 3.025 2.183 2.015 2.197 7.635 6.145 4.045 4.562 3.858 4.517 6.884 2.369 6.278 6.567 5.973 8.230 5.607 1.025 3.247 3.188 5.910 5.456 4.249 5.543 2.440 8.180 8.843 3.556 6.348 3.676 7.692 4.137 4.157 3.290 5.792 4.546 6.005 5.280 4.979 8.122 7.129 3.088 2.216 6.761 3.378 7.725 4.763 4.537 4.731 3.662 4.833 7.111 7.450 4.229 7.444 2.649 6.643 7.754 3.265 5.686 4.837 4.223 3.349 4.641 1.853 5.874 5.681 0.928 3.982 6.524 3.977 3.707 5.021 3.612 3.010 6.450 4.020 6.148 6.849 1.689 2.969 1.711 3.375 5.685 5.198 7.784 4.341 3.022 4.259 6.253 4.031 4.959 7.624 5.501 
9.947 2.148 7.339 5.471 2.065 5.035 1.646 4.109 9.478 4.047 2.580 4.087 1.782 2.927 3.719 6.151 4.751 0.903 6.877 5.823 5.287 5.692 3.135 0.719 3.137 3.875 3.478 2.833 3.829 2.666 3.551 7.623 2.253 2.742 7.617 8.245 5.041 5.746 6.542 4.202 0.509 2.935 6.232 4.904 5.866 9.718 2.512 3.488 6.650 3.445 5.549 6.846 8.951 1.637 3.225 5.148 8.034 6.335 5.809 3.744 2.699 7.800 7.331 3.570 4.299 3.926 5.510 5.559 5.765 3.038 8.228 7.455 2.131 6.262 6.498 2.755 1.115 0.534 2.372 8.192 5.843 4.347 7.522 8.153 2.572 3.834 6.077 4.988 3.904 5.386 2.371 7.380 10.523 9.387 9.520 4.756 4.435 3.083 3.638 6.502 5.514 2.130 9.602 7.410 2.730 5.990 4.461 5.089 7.361 9.144 7.459 7.620 7.587 6.898 6.862 9.071 9.329 2.639 6.604 6.189 5.742 1.899 8.615 5.872 3.946 7.701 7.115 7.846 4.939 2.145 3.879 5.677 3.693 6.158 2.360 4.788 4.063 4.909 8.569 6.805 3.825 2.448 6.701 7.126 5.738 1.712 4.940 6.509 2.277 6.077 
3.953 7.621 5.808 6.227 7.059 5.253 6.169 2.722 3.560 8.391 4.319 5.674 6.498 4.229 3.640 4.632 8.695 6.793 5.145 4.563 7.476 1.659 4.596 6.642 8.424 5.685 5.358 7.035 5.404 9.093 5.688 3.948 6.414 6.182 1.301 9.874 6.343 4.148 7.611 2.611 7.211 7.661 1.933 2.598 1.529 3.822 4.505 5.223 5.574 5.425 8.585 7.194 2.559 6.250 6.068 7.610 1.737 3.146 3.138 3.450 8.405 5.537 3.221 4.971 5.166 5.833 6.962 3.555 6.225 7.148 5.218 8.043 6.317 0.556 4.262 4.394 7.076 6.558 5.504 4.720 3.565 8.682 8.741 2.344 7.003 4.992 7.745 4.139 5.473 4.514 6.460 3.794 4.724 4.092 3.715 8.527 7.477 3.877 3.164 6.585 3.179 8.844 3.461 3.773 5.340 3.290 5.005 7.313 7.163 2.925 7.132 1.396 6.172 7.624 2.486 4.651 3.587 5.499 2.694 4.291 2.993 7.108 4.766 0.949 4.313 6.004 3.219 2.628 5.071 4.685 4.325 6.438 4.423 5.980 7.584 3.000 3.387 3.013 2.059 5.282 5.542 8.953 3.785 3.807 4.020 7.057 4.047 4.547 8.788 5.278 
5.695 5.901 6.390 6.159 5.984 3.579 5.025 1.294 5.279 7.613 3.097 5.239 5.390 3.224 2.928 3.244 8.042 5.486 5.701 3.089 7.168 0.399 3.800 5.299 7.415 5.183 4.739 6.144 3.618 7.806 3.897 5.003 5.423 4.405 3.020 9.904 6.129 4.445 7.626 1.521 5.684 6.722 2.748 2.456 2.080 5.543 2.879 3.430 5.979 3.632 8.158 7.371 4.341 4.560 4.277 7.243 3.478 2.052 1.777 1.716 7.291 6.319 4.325 4.381 3.408 4.050 6.796 2.063 6.246 6.296 6.202 8.231 5.297 1.442 3.039 2.717 5.443 5.009 3.764 5.801 2.181 7.929 8.809 3.975 6.052 3.205 7.608 4.122 3.690 2.932 5.496 4.792 6.446 5.679 5.414 7.905 6.941 2.786 1.871 6.769 3.460 7.269 5.219 4.787 4.470 3.796 4.737 6.976 7.494 4.687 7.497 3.091 6.761 7.737 3.547 6.022 5.266 3.736 3.589 4.743 1.610 5.392 5.972 1.243 3.844 6.661 4.236 4.078 4.968 3.184 2.534 6.401 3.852 6.160 6.520 1.245 2.830 1.289 3.848 5.789 5.031 7.315 4.522 2.953 4.328 5.904 4.013 5.078 7.156 5.541 
4.263 7.691 6.425 6.809 7.447 5.001 6.530 2.928 3.908 8.864 4.637 6.201 6.873 4.612 4.084 4.246 9.195 7.101 5.763 4.215 8.032 1.532 5.038 6.935 8.838 6.200 5.847 7.474 5.286 9.417 5.599 4.544 6.823 6.173 1.733 10.474 6.907 4.753 8.205 2.921 7.421 8.091 2.549 3.124 2.112 4.163 4.647 5.149 6.188 5.351 9.126 7.801 2.815 6.349 6.010 8.158 2.113 2.719 2.797 3.507 8.787 6.149 3.817 5.462 4.998 5.703 7.536 3.244 6.816 7.598 5.816 8.651 6.717 1.034 3.830 4.500 7.221 6.754 5.553 5.309 3.211 9.161 9.342 2.798 7.426 4.883 8.324 4.713 5.347 4.218 6.876 4.397 5.052 4.537 4.082 9.033 7.996 4.228 3.434 7.190 3.774 9.029 3.752 4.375 5.772 3.902 5.553 7.864 7.777 3.223 7.747 1.846 6.789 8.227 3.094 5.178 3.974 5.517 3.310 4.905 2.669 7.183 5.334 1.373 4.820 6.621 3.825 3.161 5.643 4.896 4.241 7.024 4.912 6.583 7.978 2.875 3.859 2.858 2.297 5.899 6.054 9.096 4.402 3.294 4.625 7.421 4.618 5.163 8.935 5.885 
3.105 8.140 3.983 4.775 6.533 6.641 5.796 3.313 2.637 7.463 4.272 4.581 6.054 3.945 3.174 6.276 7.630 6.586 3.349 6.150 6.153 3.165 4.012 6.495 7.748 4.656 4.480 6.298 6.498 8.742 6.705 2.060 5.837 6.977 1.256 8.245 5.000 2.584 6.041 2.917 7.320 6.941 0.614 1.948 1.121 2.882 5.004 6.226 3.838 6.417 7.319 5.535 2.247 6.744 6.990 6.330 1.451 4.891 4.770 4.296 7.855 3.659 1.335 4.112 6.386 6.937 5.548 5.119 4.706 6.362 3.328 6.357 5.781 1.779 5.985 5.003 7.396 6.742 6.181 2.842 5.196 7.717 7.109 1.317 6.336 6.091 6.277 2.849 6.585 6.012 5.847 1.902 3.723 2.722 2.693 7.439 6.355 3.765 3.466 4.940 1.814 8.972 2.766 1.881 4.731 1.682 3.826 6.021 5.420 2.341 5.373 1.167 4.338 5.991 0.601 2.942 2.508 6.261 0.877 2.598 4.609 7.631 2.935 1.843 3.435 4.151 1.328 1.076 3.736 4.956 5.411 4.951 3.631 4.362 7.014 4.291 2.834 4.356 2.030 3.504 4.535 9.212 1.962 5.639 2.463 6.629 2.789 2.788 9.040 3.642 
6.426 8.265 1.413 0.860 4.621 8.989 4.578 5.472 6.052 4.234 4.674 2.129 4.542 4.112 3.724 9.270 4.030 5.452 1.458 9.025 2.165 6.584 3.463 5.538 5.098 2.342 2.760 3.918 8.249 6.690 8.245 3.242 4.080 7.979 5.719 3.789 1.365 1.944 1.581 4.977 6.700 4.387 4.183 3.820 4.596 6.167 6.062 7.855 0.863 7.975 3.292 1.111 6.371 7.159 8.263 2.422 5.823 8.317 7.972 6.298 5.500 2.127 3.624 2.782 8.422 8.614 1.443 8.120 0.555 3.822 2.865 1.971 4.158 5.704 9.215 6.272 7.243 6.470 7.154 3.210 8.319 4.346 2.652 5.329 4.128 7.946 1.939 2.158 8.354 8.710 3.991 3.145 6.577 5.343 5.947 3.813 2.875 4.423 5.079 0.500 2.931 8.023 6.399 3.192 3.536 2.823 1.910 2.151 1.290 6.237 1.341 5.621 1.505 1.533 3.941 4.388 5.771 7.383 3.603 1.874 7.811 7.877 3.694 5.481 2.809 1.719 3.446 4.678 1.471 5.592 7.426 0.802 2.976 0.113 4.829 7.018 3.624 7.147 6.351 1.269 2.391 8.528 2.623 9.225 2.072 4.931 2.267 1.764 8.369 0.827 
7.758 5.958 9.085 8.689 7.674 2.012 6.706 3.475 7.412 9.566 4.965 7.606 7.084 5.323 5.312 0.789 10.104 6.847 8.396 0.907 9.537 2.499 6.013 6.615 9.097 7.507 7.007 8.054 2.953 9.015 3.342 7.646 7.269 4.235 5.208 12.413 8.589 7.121 10.162 3.934 6.524 8.537 5.400 5.117 4.746 7.666 3.981 3.096 8.655 3.242 10.412 9.975 6.299 4.984 3.841 9.570 5.612 0.785 0.928 2.949 8.828 9.015 6.945 6.698 2.457 3.208 9.261 0.852 8.812 8.240 8.872 10.827 7.119 3.867 0.345 3.694 5.969 5.875 4.080 8.445 0.593 9.893 11.351 6.266 7.897 2.711 10.068 6.736 2.948 1.196 7.370 7.448 8.550 8.014 7.586 10.002 9.151 4.876 3.981 9.384 6.149 7.809 7.243 7.439 6.543 6.495 7.225 9.333 10.141 6.719 10.153 5.312 9.455 10.311 6.165 8.541 7.475 3.874 6.249 7.435 1.093 5.546 8.574 3.830 6.282 9.359 6.880 6.530 7.521 4.538 2.474 8.938 6.227 8.783 8.183 1.942 5.315 1.801 5.783 8.480 7.359 7.626 7.215 0.849 7.008 7.485 6.626 7.774 7.501 8.195 
2.322 10.561 3.105 5.056 8.094 9.446 7.602 6.003 2.105 8.378 6.535 5.626 7.757 6.070 5.293 9.072 8.300 8.490 2.890 8.956 6.488 5.964 5.846 8.464 9.011 5.789 5.870 7.615 9.240 10.350 9.418 1.356 7.410 9.589 3.354 7.555 5.486 3.362 5.769 5.543 9.463 8.214 3.224 4.280 3.875 2.100 7.543 8.942 3.481 9.126 7.634 5.057 3.003 9.197 9.661 6.733 3.091 7.647 7.563 7.012 9.278 2.393 1.703 5.603 9.163 9.677 5.769 7.925 4.828 7.602 1.623 5.659 7.409 4.552 8.755 7.596 9.704 8.979 8.759 1.142 7.991 8.549 6.511 2.337 7.741 8.839 6.254 4.073 9.332 8.823 7.375 1.588 2.269 1.143 1.921 8.086 7.060 6.050 6.029 4.627 3.455 11.059 2.516 1.554 6.414 2.971 4.907 6.442 4.637 2.645 4.526 3.233 3.293 5.531 2.402 0.130 1.813 8.877 2.506 2.992 7.404 10.070 0.697 4.653 5.064 3.005 1.888 1.898 4.554 7.368 8.167 5.105 5.314 4.281 8.477 7.097 4.962 7.165 3.306 3.076 5.727 11.404 2.295 8.332 3.327 8.294 4.092 2.812 11.232 3.731 
1.060 10.285 4.417 6.001 8.456 8.547 7.803 5.425 0.628 9.105 6.392 6.225 8.027 6.028 5.242 7.977 9.148 8.633 4.009 7.908 7.455 4.953 5.999 8.561 9.559 6.347 6.290 8.114 8.538 10.704 8.772 2.198 7.756 9.095 2.053 8.939 6.354 3.947 6.970 5.053 9.433 8.747 2.739 4.049 3.242 0.804 7.144 8.293 4.611 8.488 8.634 6.314 1.359 8.888 9.083 7.675 1.667 6.477 6.483 6.380 9.737 3.793 1.903 5.957 8.377 8.977 6.766 6.893 5.833 8.144 3.106 7.012 7.721 3.543 7.593 7.134 9.535 8.870 8.312 2.537 6.911 9.320 7.848 1.009 8.192 8.126 7.368 4.497 8.620 7.841 7.748 2.288 1.580 0.771 0.586 8.941 7.868 5.886 5.608 5.805 3.591 11.080 0.974 2.242 6.674 3.224 5.457 7.369 5.991 0.993 5.898 1.951 4.679 6.797 2.107 1.736 0.389 8.380 2.412 3.720 6.337 9.775 2.248 3.763 5.318 4.409 2.125 1.104 5.220 7.099 7.444 6.108 5.546 5.346 8.904 6.224 4.897 6.264 1.721 4.201 6.252 11.340 2.904 7.058 3.864 8.594 4.475 3.696 11.167 4.685 
4.680 9.147 0.704 2.590 6.012 9.043 5.726 5.396 4.340 5.977 5.205 3.433 5.792 4.652 4.008 9.047 5.834 6.635 0.426 8.850 3.989 6.068 4.185 6.665 6.729 3.628 3.861 5.415 8.522 8.210 8.601 1.560 5.378 8.531 4.457 5.209 3.056 1.639 3.267 4.875 7.775 5.964 3.255 3.514 3.845 4.427 6.482 8.160 0.967 8.313 5.121 2.583 4.831 7.890 8.724 4.241 4.447 7.862 7.615 6.363 7.066 0.551 2.136 3.704 8.587 8.930 3.267 7.861 2.336 5.364 1.076 3.279 5.415 4.899 8.879 6.626 8.182 7.413 7.678 1.382 8.010 6.119 4.110 3.833 5.584 8.165 3.734 2.354 8.624 8.605 5.316 1.552 4.772 3.557 4.213 5.617 4.629 4.811 5.175 2.113 2.438 9.255 4.713 1.593 4.552 2.045 2.843 3.959 2.264 4.626 2.183 4.342 1.037 3.065 2.709 2.561 4.049 7.862 2.460 1.207 7.449 8.701 1.864 4.791 3.377 0.850 2.031 3.169 2.392 6.134 7.557 2.609 3.619 1.774 6.318 6.831 3.766 6.939 4.908 0.582 3.608 9.690 1.372 8.707 1.705 6.271 2.432 0.838 9.523 1.334 
7.951 6.245 9.447 9.084 8.068 2.195 7.102 3.874 7.620 9.966 5.368 8.007 7.480 5.727 5.711 0.834 10.506 7.229 8.758 1.070 9.939 2.831 6.417 6.995 9.488 7.910 7.411 8.454 3.229 9.380 3.616 7.965 7.668 4.526 5.447 12.810 8.988 7.493 10.557 4.327 6.875 8.934 5.727 5.491 5.080 7.870 4.370 3.404 9.027 3.538 10.816 10.363 6.488 5.318 4.113 9.974 5.837 1.052 1.306 3.352 9.213 9.361 7.257 7.101 2.720 3.447 9.660 1.255 9.203 8.641 9.200 11.216 7.518 4.164 0.260 4.081 6.300 6.233 4.421 8.761 0.997 10.294 11.746 6.510 8.296 3.019 10.467 7.120 3.213 1.445 7.770 7.771 8.745 8.255 7.800 10.405 9.555 5.280 4.383 9.770 6.515 8.127 7.433 7.761 6.947 6.850 7.622 9.736 10.522 6.914 10.531 5.555 9.818 10.703 6.479 8.820 7.696 4.205 6.576 7.799 1.467 5.849 8.877 4.153 6.680 9.716 7.199 6.803 7.913 4.931 2.835 9.333 6.627 9.167 8.575 2.345 5.709 2.203 5.974 8.845 7.762 7.924 7.559 0.675 7.378 7.875 7.011 8.134 7.803 8.574 
10.980 3.317 7.567 5.425 1.652 6.762 2.141 5.607 10.514 2.962 3.881 4.236 1.931 4.034 4.769 7.894 3.676 1.408 7.239 7.566 4.783 7.261 3.943 1.579 1.814 4.034 3.834 2.362 5.548 0.940 5.250 8.330 2.290 4.389 8.860 7.461 4.931 6.334 6.155 5.596 1.715 2.061 7.325 6.001 7.077 10.737 4.182 5.220 6.880 5.165 4.672 6.628 10.137 3.313 4.884 4.577 9.244 8.041 7.516 5.395 1.249 8.146 8.175 4.082 6.028 5.610 5.216 7.284 5.739 2.496 8.700 7.070 2.278 7.646 8.239 4.445 2.508 2.253 4.108 8.777 7.569 3.192 6.940 9.249 2.136 5.573 5.582 5.613 5.618 7.129 2.344 8.103 11.478 10.277 10.526 3.752 3.831 4.332 5.075 6.428 6.368 1.957 10.691 8.140 3.287 6.792 4.840 4.624 7.219 10.275 7.339 8.845 7.746 6.557 7.837 9.783 10.330 4.369 7.534 6.740 7.440 3.294 9.239 7.252 4.653 7.917 7.948 8.851 5.269 3.729 5.618 5.575 4.413 6.235 1.485 6.466 5.103 6.592 9.806 7.126 4.051 2.583 7.390 8.852 6.360 1.396 5.597 7.004 2.469 6.355 
7.016 8.197 1.926 0.642 4.377 9.197 4.455 5.762 6.642 3.773 4.796 2.054 4.371 4.250 3.961 9.556 3.511 5.295 2.045 9.299 1.628 6.970 3.562 5.404 4.707 2.257 2.739 3.629 8.396 6.351 8.366 3.832 3.898 8.036 6.261 3.305 1.074 2.444 1.039 5.285 6.571 4.040 4.689 4.212 5.062 6.758 6.190 7.996 1.444 8.104 2.721 0.802 6.948 7.160 8.349 1.892 6.381 8.672 8.305 6.534 5.145 2.662 4.205 2.842 8.602 8.744 0.919 8.425 0.412 3.509 3.419 1.617 3.995 6.165 9.533 6.418 7.163 6.399 7.230 3.787 8.637 3.858 2.181 5.904 3.859 8.114 1.348 2.528 8.501 8.968 3.797 3.734 7.164 5.932 6.538 3.295 2.422 4.601 5.329 0.442 3.398 7.812 6.988 3.781 3.510 3.340 2.055 1.645 1.260 6.820 1.365 6.166 1.942 1.095 4.494 4.966 6.362 7.472 4.149 2.428 8.147 7.835 4.267 5.921 3.005 2.192 4.023 5.255 1.699 5.687 7.627 0.426 3.134 0.676 4.527 7.315 3.908 7.448 6.916 1.855 2.340 8.344 3.198 9.590 2.570 4.708 2.635 2.345 8.190 1.379 
7.041 4.935 4.382 2.978 2.539 5.653 1.798 2.571 6.576 3.866 1.198 1.677 2.043 0.679 0.940 6.178 4.270 2.646 3.845 5.892 3.572 4.164 0.038 2.604 3.852 1.546 1.031 2.457 4.800 4.730 4.766 4.517 1.859 4.482 5.017 6.535 2.735 2.642 4.381 2.252 3.622 3.081 3.409 2.118 3.250 6.798 2.591 4.397 3.720 4.503 4.444 4.402 6.240 3.715 4.765 3.593 5.369 5.581 5.129 3.088 3.881 4.757 4.273 0.773 5.026 5.144 3.388 5.137 3.197 2.580 5.131 5.182 1.784 4.032 6.258 2.825 3.972 3.207 3.654 5.078 5.385 4.174 5.545 5.321 2.426 4.529 4.167 1.884 4.904 5.521 1.891 4.277 7.549 6.364 6.588 4.134 3.196 1.106 2.012 3.906 2.450 5.198 6.757 4.309 0.761 2.904 1.590 3.365 4.772 6.352 4.837 4.986 4.675 4.623 3.899 5.970 6.392 3.886 3.601 3.089 4.990 4.498 5.501 3.655 0.840 4.741 4.051 4.912 2.050 2.094 4.084 3.228 0.594 3.414 3.043 4.037 1.224 4.180 5.944 3.801 1.405 5.562 3.589 6.511 2.627 2.617 1.829 3.422 5.391 3.137 
4.856 7.337 2.400 2.529 4.735 7.094 4.210 3.451 4.413 5.326 3.323 2.433 4.371 2.796 2.087 7.167 5.425 5.100 1.723 6.953 3.894 4.309 2.470 5.080 5.769 2.550 2.524 4.331 6.559 6.996 6.643 2.038 4.042 6.604 3.507 6.123 2.742 0.418 3.864 2.930 6.110 4.958 1.871 1.601 2.249 4.599 4.542 6.198 1.949 6.353 5.063 3.455 4.399 6.029 6.778 4.075 3.696 6.081 5.783 4.404 5.973 2.505 1.919 2.225 6.625 6.968 3.295 5.988 2.488 4.352 2.712 4.311 4.030 3.358 7.044 4.674 6.418 5.668 5.751 2.597 6.159 5.555 4.990 3.364 4.425 6.201 4.042 0.707 6.660 6.687 4.017 1.805 5.248 4.013 4.377 5.227 4.142 2.893 3.211 2.843 0.589 7.682 4.676 1.840 3.023 0.600 1.663 3.766 3.490 4.377 3.482 3.424 2.764 3.875 1.846 3.495 4.181 5.924 1.484 0.763 5.617 6.869 3.012 3.146 1.674 2.707 1.690 2.796 1.490 4.232 5.595 2.718 1.926 2.233 5.150 4.926 1.817 5.042 4.264 1.781 2.456 8.051 1.102 6.966 0.299 4.916 0.706 1.130 7.880 1.549 
10.144 3.978 6.525 4.366 0.646 6.900 1.448 5.165 9.682 2.110 3.367 3.210 1.119 3.384 4.045 7.905 2.829 1.184 6.219 7.580 3.745 6.853 3.144 1.429 1.167 3.015 2.869 1.300 5.724 1.616 5.479 7.387 1.341 4.712 8.155 6.511 3.871 5.377 5.108 5.063 2.213 1.066 6.554 5.260 6.378 9.895 4.010 5.357 5.841 5.341 3.737 5.568 9.386 3.605 5.187 3.549 8.514 7.845 7.329 5.142 0.843 7.119 7.281 3.157 6.163 5.865 4.157 7.158 4.680 1.437 7.693 6.026 1.375 7.057 8.185 4.297 3.019 2.505 4.248 7.797 7.441 2.392 5.930 8.457 1.079 5.672 4.548 4.679 5.808 7.147 1.365 7.167 10.605 9.385 9.679 2.865 2.802 3.751 4.596 5.366 5.503 2.960 9.883 7.206 2.427 5.900 3.852 3.578 6.157 9.491 6.277 8.128 6.695 5.506 7.002 8.832 9.483 4.529 6.682 5.768 7.232 3.831 8.267 6.666 3.776 6.872 7.052 8.017 4.262 3.472 5.589 4.514 3.550 5.182 0.453 6.233 4.360 6.369 9.088 6.099 3.045 3.555 6.451 8.707 5.413 0.558 4.674 6.015 3.423 5.327 
9.580 2.725 9.023 7.838 5.497 1.458 4.669 3.462 9.151 7.535 3.669 6.482 4.998 4.226 4.702 2.785 8.190 4.421 8.392 2.482 8.212 4.071 4.900 4.178 6.766 6.312 5.786 6.112 0.327 6.236 0.120 8.342 5.348 1.041 6.913 11.253 7.559 7.045 9.206 3.937 3.667 6.417 6.250 5.283 5.625 9.415 2.276 0.524 8.425 0.365 8.794 9.265 8.245 2.055 0.583 8.156 7.373 3.619 3.176 2.453 6.362 9.220 7.779 5.624 0.813 0.287 8.180 2.742 8.059 6.322 9.356 10.036 5.190 5.324 3.278 2.074 2.953 3.138 1.376 9.094 2.969 7.855 10.340 7.815 5.888 0.709 8.911 6.401 0.320 2.087 5.471 8.100 10.314 9.451 9.272 8.149 7.554 3.934 3.523 8.762 6.313 4.677 9.115 8.111 5.081 6.791 6.435 7.999 9.621 8.585 9.679 6.976 9.359 9.472 7.065 9.593 9.113 1.093 6.975 7.469 3.209 2.367 9.383 5.049 5.537 9.363 7.627 7.807 6.868 2.786 1.371 8.086 5.362 8.245 5.916 2.718 4.914 2.738 7.752 8.404 6.193 4.415 7.606 4.115 6.971 5.206 6.305 7.838 4.304 7.863 
10.467 3.427 7.057 4.934 1.145 6.593 1.635 5.194 10.002 2.686 3.436 3.721 1.408 3.553 4.273 7.668 3.408 0.996 6.720 7.341 4.361 6.864 3.431 1.209 1.630 3.518 3.309 1.892 5.393 1.347 5.120 7.804 1.766 4.304 8.375 7.125 4.446 5.809 5.720 5.153 1.697 1.681 6.823 5.504 6.591 10.223 3.862 5.044 6.369 5.009 4.346 6.167 9.642 3.202 4.791 4.168 8.753 7.726 7.204 5.049 1.139 7.630 7.653 3.557 5.855 5.495 4.759 6.997 5.247 2.044 8.178 6.639 1.752 7.191 7.985 4.137 2.514 2.103 3.927 8.252 7.281 2.950 6.549 8.744 1.653 5.381 5.165 5.087 5.471 6.905 1.823 7.578 10.960 9.756 10.011 3.458 3.421 3.870 4.647 5.945 5.849 2.343 10.184 7.615 2.765 6.270 4.316 4.192 6.749 9.772 6.866 8.356 7.242 6.116 7.324 9.258 9.815 4.199 7.017 6.215 7.119 3.325 8.714 6.797 4.132 7.408 7.426 8.338 4.748 3.371 5.367 5.092 3.893 5.735 1.071 6.133 4.604 6.263 9.318 6.609 3.531 2.935 6.865 8.560 5.835 0.871 5.072 6.480 2.804 5.840 
7.897 3.804 7.610 6.707 5.152 1.901 4.198 1.840 7.465 7.095 2.627 5.456 4.572 3.100 3.366 2.505 7.672 4.292 6.951 2.191 7.327 2.455 3.817 4.059 6.560 5.319 4.793 5.590 1.432 6.472 1.665 6.734 4.798 2.194 5.234 10.314 6.508 5.600 8.145 2.346 4.027 6.035 4.592 3.719 3.955 7.730 1.444 1.191 7.057 1.392 8.087 8.094 6.574 2.592 2.033 7.320 5.694 2.540 2.018 0.836 6.276 7.731 6.143 4.547 1.391 1.871 7.166 1.747 6.888 5.786 7.802 8.910 4.643 3.645 2.743 1.151 3.565 3.360 1.696 7.503 2.031 7.423 9.318 6.128 5.414 1.025 7.945 5.025 1.519 1.782 4.907 6.497 8.628 7.769 7.585 7.588 6.819 2.706 2.040 7.547 4.782 5.437 7.434 6.504 4.209 5.239 5.244 7.115 8.377 6.906 8.418 5.294 7.961 8.361 5.413 7.944 7.426 1.584 5.345 6.000 1.972 3.320 7.767 3.363 4.297 7.934 6.002 6.128 5.629 2.023 0.361 6.960 4.170 6.987 5.651 1.160 3.506 1.233 6.087 6.985 5.181 5.359 6.049 3.315 5.513 4.946 4.921 6.367 5.215 6.520 
9.589 9.188 4.284 2.944 5.002 11.110 5.562 7.990 9.239 3.323 6.645 3.853 5.308 6.186 6.156 11.688 2.656 6.152 4.618 11.402 1.945 9.387 5.473 6.344 4.510 3.964 4.483 4.220 10.141 6.216 10.025 6.428 4.875 9.494 8.922 1.208 2.900 5.089 1.660 7.569 7.419 4.237 7.323 6.693 7.644 9.335 7.968 9.734 4.018 9.800 1.585 2.333 9.605 8.467 9.893 1.979 9.048 10.994 10.578 8.598 5.079 5.005 6.855 4.765 10.442 10.422 2.238 10.627 2.966 4.016 5.788 1.857 5.025 8.729 11.749 8.237 8.167 7.490 8.790 6.252 10.865 3.166 1.102 8.563 4.482 9.931 1.432 5.042 10.242 11.029 4.750 6.356 9.658 8.463 9.119 2.531 2.629 6.613 7.478 2.824 6.001 8.212 9.600 6.402 5.088 5.992 4.293 2.157 2.800 9.461 2.931 8.829 4.122 1.858 7.160 7.409 8.951 9.063 6.814 5.095 10.429 8.945 6.700 8.453 5.198 4.413 6.680 7.910 4.119 7.395 9.558 2.736 5.232 3.333 4.852 9.516 6.204 9.657 9.582 4.426 4.109 8.833 5.857 11.925 5.214 5.366 5.140 4.997 8.711 4.046 
5.805 5.995 6.724 6.517 6.281 3.411 5.315 1.592 5.402 7.940 3.391 5.593 5.683 3.548 3.278 2.964 8.378 5.742 6.035 2.832 7.523 0.204 4.139 5.548 7.716 5.534 5.085 6.463 3.567 8.057 3.870 5.282 5.733 4.444 3.135 10.262 6.487 4.789 7.984 1.864 5.877 7.034 3.029 2.808 2.368 5.666 3.056 3.417 6.322 3.619 8.507 7.726 4.416 4.683 4.277 7.596 3.585 1.708 1.471 1.848 7.576 6.636 4.592 4.730 3.310 3.990 7.154 1.801 6.603 6.619 6.497 8.586 5.604 1.602 2.724 2.868 5.593 5.198 3.854 6.081 1.888 8.257 9.167 4.130 6.365 3.159 7.965 4.477 3.631 2.714 5.809 5.078 6.569 5.856 5.548 8.244 7.286 3.104 2.176 7.124 3.799 7.438 5.317 5.071 4.798 4.123 5.095 7.330 7.843 4.782 7.845 3.216 7.095 8.093 3.812 6.254 5.408 3.800 3.875 5.080 1.306 5.493 6.234 1.478 4.200 6.990 4.514 4.282 5.326 3.408 2.509 6.759 4.204 6.514 6.816 1.152 3.186 1.156 3.911 6.126 5.382 7.455 4.834 2.600 4.672 6.188 4.369 5.411 7.299 5.891 
12.997 3.054 9.867 7.734 3.954 7.198 4.267 7.160 12.529 5.038 5.658 6.528 4.148 5.961 6.744 8.515 5.706 3.379 9.518 8.202 7.037 8.675 6.035 3.428 3.855 6.323 6.081 4.669 6.016 2.145 5.643 10.514 4.557 4.710 10.701 9.546 7.240 8.549 8.420 7.282 2.660 4.312 9.289 7.956 8.946 12.764 5.454 5.810 9.177 5.681 6.778 8.921 12.032 3.943 5.168 6.816 11.116 9.050 8.536 6.666 3.299 10.431 10.296 6.292 6.534 5.905 7.507 8.204 8.048 4.794 10.961 9.327 4.521 9.337 8.970 5.644 2.964 3.324 4.853 11.007 8.476 5.197 9.133 11.217 4.446 6.195 7.826 7.808 6.052 7.783 4.624 10.280 13.548 12.382 12.561 5.826 6.080 6.157 6.713 8.735 8.473 1.093 12.667 10.314 5.460 8.925 7.098 6.890 9.519 12.217 9.641 10.703 10.052 8.829 9.883 11.971 12.368 5.032 9.606 8.970 8.500 3.378 11.458 8.949 6.804 10.218 10.074 10.882 7.542 5.188 6.483 7.883 6.554 8.543 3.775 7.627 7.089 7.730 11.654 9.411 6.329 1.396 9.576 9.731 8.564 3.667 7.780 9.251 1.465 8.644 
9.622 5.324 5.458 3.214 1.169 7.824 1.997 5.481 9.176 0.919 3.729 2.358 1.644 3.523 3.974 8.681 1.554 2.330 5.260 8.365 2.372 7.145 3.020 2.549 1.043 2.218 2.327 0.606 6.714 2.646 6.520 6.656 1.383 5.848 7.930 5.102 2.709 4.661 3.753 5.248 3.548 0.358 6.247 5.069 6.216 9.365 4.741 6.321 4.803 6.341 2.343 4.274 9.048 4.762 6.295 2.159 8.235 8.388 7.894 5.710 1.436 6.113 6.679 2.702 7.102 6.917 2.864 7.801 3.523 0.461 6.761 4.662 1.535 7.065 8.885 5.034 4.324 3.708 5.262 6.948 8.074 1.247 4.524 8.055 0.765 6.593 3.166 4.066 6.806 7.946 1.284 6.460 9.997 8.748 9.143 1.535 1.416 3.964 4.896 4.151 5.029 4.361 9.425 6.503 2.294 5.342 3.113 2.224 4.886 9.089 5.015 7.882 5.578 4.162 6.543 8.055 8.948 5.546 6.196 4.989 7.776 5.124 7.434 6.692 3.386 5.786 6.451 7.538 3.422 4.154 6.386 3.316 3.222 4.069 0.960 6.778 4.223 6.920 8.818 5.116 2.311 4.964 5.751 9.294 4.725 1.514 4.093 5.173 4.835 4.353 
6.493 7.210 2.201 0.735 3.719 7.973 3.564 4.527 6.077 3.728 3.612 1.141 3.566 3.054 2.727 8.321 3.703 4.457 1.902 8.064 2.064 5.773 2.393 4.525 4.407 1.350 1.711 3.091 7.200 5.888 7.186 3.378 3.122 6.907 5.341 4.472 0.919 1.540 2.191 4.054 5.678 3.637 3.686 3.034 3.970 6.232 5.004 6.802 1.510 6.918 3.240 2.021 6.194 6.088 7.195 2.257 5.525 7.453 7.078 5.301 4.738 2.784 3.551 1.709 7.389 7.558 1.470 7.192 0.825 3.036 3.399 2.853 3.182 5.053 8.301 5.221 6.194 5.419 6.084 3.593 7.405 3.909 3.375 5.149 3.269 6.906 2.246 1.367 7.304 7.733 3.046 3.212 6.769 5.513 6.007 3.494 2.431 3.385 4.094 1.483 2.345 7.057 6.380 3.257 2.480 2.417 0.845 1.947 2.343 6.134 2.407 5.258 2.412 2.324 3.653 4.723 5.818 6.315 3.292 1.733 6.921 6.814 4.082 4.782 1.777 2.556 3.338 4.541 0.468 4.524 6.405 0.968 1.923 0.995 3.998 6.080 2.675 6.214 6.087 1.768 1.369 7.538 2.546 8.375 1.649 4.002 1.466 1.842 7.376 0.996 
9.772 6.267 5.205 2.960 2.120 8.719 2.900 6.184 9.342 0.446 4.497 2.539 2.566 4.213 4.543 9.527 0.647 3.282 5.127 9.216 1.773 7.809 3.620 3.501 1.548 2.470 2.758 1.456 7.629 3.281 7.447 6.689 2.241 6.792 8.301 4.214 2.487 4.770 3.131 5.897 4.491 1.258 6.600 5.527 6.659 9.511 5.604 7.233 4.602 7.260 1.427 3.751 9.333 5.710 7.234 1.515 8.568 9.149 8.668 6.508 2.097 5.908 6.815 3.144 8.004 7.845 2.414 8.605 3.241 1.250 6.614 3.997 2.400 7.587 9.704 5.896 5.273 4.659 6.188 6.875 8.872 0.603 3.738 8.309 1.677 7.492 2.495 4.287 7.723 8.804 2.126 6.518 10.077 8.821 9.287 0.586 0.917 4.665 5.605 3.756 5.308 5.205 9.622 6.563 2.957 5.549 3.303 1.694 4.385 9.329 4.523 8.242 5.263 3.551 6.787 8.025 9.095 6.471 6.429 5.033 8.542 6.074 7.367 7.231 3.807 5.502 6.593 7.747 3.497 5.014 7.252 2.992 3.693 3.813 1.870 7.553 4.745 7.697 9.149 4.961 2.601 5.826 5.834 10.067 4.855 2.465 4.337 5.153 5.706 4.239 
6.958 6.318 3.086 1.326 2.874 7.299 2.664 4.019 6.519 3.216 2.854 0.328 2.678 2.323 2.183 7.757 3.354 3.560 2.718 7.483 2.105 5.433 1.618 3.624 3.713 0.493 0.814 2.316 6.455 5.089 6.413 3.973 2.246 6.079 5.478 4.931 1.102 1.975 2.732 3.595 4.776 2.912 3.777 2.836 3.913 6.699 4.245 6.052 2.393 6.155 3.167 2.758 6.482 5.223 6.391 2.205 5.728 7.019 6.606 4.684 3.981 3.629 4.005 0.888 6.681 6.794 1.772 6.669 1.566 2.300 4.187 3.526 2.295 4.926 7.790 4.482 5.298 4.525 5.272 4.309 6.901 3.452 3.907 5.460 2.461 6.185 2.576 1.436 6.559 7.128 2.179 3.774 7.313 6.063 6.476 3.166 2.087 2.709 3.523 2.296 2.463 6.166 6.786 3.817 1.589 2.703 0.453 1.921 3.170 6.481 3.249 5.413 3.311 2.966 3.937 5.387 6.282 5.515 3.579 2.311 6.456 5.931 4.788 4.606 1.225 3.445 3.778 4.905 0.759 3.732 5.728 1.574 1.268 1.881 3.200 5.556 2.237 5.695 6.307 2.609 0.475 6.640 3.065 7.951 2.044 3.136 1.489 2.523 6.477 1.844 
3.980 9.115 1.447 3.127 6.268 8.681 5.872 5.048 3.623 6.446 5.104 3.740 5.983 4.577 3.863 8.587 6.367 6.777 1.003 8.409 4.568 5.547 4.208 6.781 7.110 3.915 4.059 5.738 8.247 8.507 8.358 0.820 5.603 8.366 3.745 5.949 3.551 1.594 3.962 4.535 7.848 6.322 2.669 3.161 3.300 3.724 6.299 7.902 1.609 8.066 5.727 3.302 4.086 7.810 8.520 4.809 3.715 7.338 7.125 6.045 7.402 1.021 1.406 3.838 8.270 8.667 3.855 7.401 2.911 5.712 0.937 4.019 5.619 4.306 8.383 6.413 8.187 7.431 7.514 0.887 7.532 6.614 4.844 3.091 5.882 7.874 4.390 2.352 8.347 8.190 5.555 0.812 4.128 2.889 3.506 6.153 5.125 4.667 4.901 2.798 2.110 9.387 3.987 0.852 4.679 1.641 3.058 4.515 3.007 3.886 2.927 3.628 1.764 3.784 2.037 2.001 3.336 7.677 1.835 1.159 6.959 8.650 1.366 4.238 3.394 1.540 1.326 2.427 2.665 6.009 7.241 3.189 3.646 2.381 6.620 6.411 3.578 6.510 4.168 1.196 3.868 9.783 0.840 8.156 1.605 6.497 2.401 0.900 9.613 1.797 
3.039 10.422 2.438 4.491 7.714 9.597 7.293 6.057 2.807 7.858 6.388 5.187 7.418 5.890 5.137 9.323 7.738 8.194 2.309 9.184 5.898 6.214 5.588 8.187 8.551 5.364 5.499 7.186 9.302 9.955 9.453 1.169 7.044 9.554 3.807 6.848 4.943 3.007 5.109 5.570 9.229 7.767 3.359 4.241 4.028 2.814 7.489 8.983 2.875 9.159 7.026 4.385 3.635 9.084 9.662 6.149 3.604 7.948 7.820 7.070 8.850 1.708 1.775 5.265 9.264 9.733 5.175 8.155 4.244 7.158 0.926 4.961 7.057 4.836 9.042 7.569 9.526 8.782 8.710 0.562 8.244 8.012 5.814 2.860 7.330 8.910 5.617 3.754 9.397 9.020 6.999 1.415 2.963 1.859 2.630 7.522 6.520 5.923 6.013 3.984 3.301 10.793 3.216 1.400 6.098 2.803 4.504 5.866 3.943 3.305 3.829 3.683 2.600 4.855 2.550 0.706 2.511 8.849 2.553 2.592 7.658 9.943 0.126 4.882 4.783 2.310 1.893 2.317 4.113 7.261 8.250 4.518 5.036 3.683 8.069 7.263 4.823 7.343 3.890 2.485 5.316 11.170 2.029 8.680 2.997 7.937 3.790 2.348 10.999 3.191 
10.780 1.218 8.378 6.515 2.999 4.857 2.690 4.719 10.314 4.872 3.419 5.134 2.800 3.842 4.627 6.107 5.590 1.883 7.905 5.786 6.283 6.175 4.130 1.743 3.839 4.921 4.522 3.794 3.640 2.895 3.296 8.586 3.276 2.377 8.358 9.200 6.081 6.748 7.562 4.904 0.585 3.799 7.072 5.764 6.651 10.560 2.962 3.378 7.690 3.277 6.462 7.884 9.713 1.446 2.871 6.131 8.790 6.543 6.025 4.156 3.321 8.827 8.256 4.603 4.150 3.619 6.537 5.707 6.810 3.991 9.236 8.479 3.162 6.922 6.527 3.135 0.464 0.939 2.354 9.179 5.983 5.149 8.517 8.970 3.530 3.759 7.080 5.990 3.693 5.356 3.389 8.340 11.387 10.282 10.369 5.620 5.404 3.924 4.325 7.547 6.455 1.437 10.412 8.369 3.768 6.940 5.499 6.090 8.404 9.936 8.504 8.372 8.630 7.925 7.745 10.023 10.181 2.558 7.507 7.194 5.985 1.167 9.591 6.542 4.945 8.740 8.046 8.707 5.978 2.775 3.984 6.719 4.695 7.204 3.192 5.106 4.967 5.208 9.305 7.838 4.872 1.536 7.674 7.251 6.733 2.633 5.936 7.521 1.365 7.115 
0.172 11.374 5.456 7.177 9.677 9.351 9.010 6.455 0.640 10.322 7.547 7.446 9.241 7.208 6.427 8.641 10.350 9.830 5.120 8.612 8.631 5.757 7.208 9.751 10.785 7.570 7.515 9.339 9.460 11.921 9.720 3.328 8.976 10.110 2.829 9.954 7.546 5.162 8.074 6.126 10.595 9.972 3.887 5.216 4.321 0.422 8.217 9.245 5.726 9.444 9.806 7.391 1.588 9.976 10.062 8.858 2.372 7.105 7.190 7.367 10.961 4.779 3.117 7.180 9.253 9.895 7.933 7.629 6.994 9.369 4.031 8.043 8.939 4.415 8.204 8.183 10.662 10.016 9.354 3.501 7.608 10.533 8.890 1.989 9.416 9.047 8.504 5.722 9.536 8.597 8.969 3.453 0.690 1.282 0.644 10.142 9.074 7.041 6.694 6.912 4.812 12.247 0.645 3.406 7.891 4.449 6.680 8.554 7.018 1.178 6.914 2.762 5.680 7.872 3.315 2.446 0.839 9.402 3.631 4.915 7.057 10.861 3.110 4.696 6.538 5.397 3.342 2.300 6.434 8.214 8.369 7.271 6.763 6.487 10.127 7.085 6.083 7.106 2.105 5.312 7.476 12.486 4.103 7.567 5.081 9.810 5.701 4.863 12.314 5.849 
