25 50 100
98 113 88 25 70 128 80 41 45 127 104 89 84 96 33 81 72 77 62 105 41 32 123 127 121 
91 189 96 85 88 109 145 117 192 44 163 186 138 152 50 174 87 200 68 67 77 120 163 200 141 53 93 93 143 43 108 64 203 102 102 96 182 177 173 127 193 124 155 154 47 68 186 97 77 177 
22 30 27 21 30 7 34 16 30 8 23 29 6 7 5 25 21 10 23 17 6 17 31 22 9 29 28 32 12 6 5 26 25 29 26 7 18 7 27 21 32 19 19 30 31 8 32 26 12 7 15 20 9 8 22 30 29 21 15 34 24 14 31 11 23 12 24 33 18 24 28 19 18 27 14 31 24 29 25 30 30 17 19 28 11 24 26 33 14 12 14 23 14 29 22 25 5 20 13 20 
914.769 1372.839 935.053 851.424 892.019 932.498 1137.529 1057.069 1312.597 699.677 1210.173 1294.311 1094.287 1211.386 685.569 1233.403 931.511 1297.497 828.648 760.172 902.268 993.585 1258.313 1422.935 1124.523 693.006 914.403 949.837 1121.866 609.849 1063.462 791.346 1350.487 934.422 979.634 917.577 1271.665 1235.505 1211.557 1083.664 1302.639 996.397 1234.748 1158.188 668.711 806.481 1252.328 972.643 873.006 1268.164 
7.401 2.406 8.018 7.366 6.953 0.281 2.820 6.066 5.065 3.473 6.955 6.910 6.594 0.909 1.719 5.450 2.776 5.778 4.177 1.042 5.216 3.741 1.530 3.625 4.962 1.934 4.850 1.320 8.594 3.724 2.674 4.367 7.446 2.636 7.282 4.704 5.626 3.497 4.353 7.370 6.443 2.546 4.949 8.670 3.203 6.405 4.336 3.232 3.071 2.762 
8.495 3.266 2.356 8.562 4.556 5.654 6.928 7.520 5.891 5.252 7.466 6.760 7.654 5.097 5.690 3.250 8.201 1.121 4.210 4.963 7.805 4.338 6.099 3.189 7.129 6.176 1.724 6.811 3.144 2.785 5.320 1.496 3.951 3.032 1.788 1.730 2.736 4.572 1.435 3.522 6.706 4.759 4.200 3.093 8.622 5.440 3.160 7.046 8.476 8.236 
8.483 4.022 1.640 8.564 4.185 6.390 7.810 7.617 6.754 6.150 7.412 6.637 7.679 5.910 6.553 3.154 9.022 1.791 5.091 5.781 8.060 4.638 6.948 3.584 7.361 6.757 1.966 7.514 2.258 3.215 5.788 2.387 3.381 3.808 0.899 2.611 3.469 5.469 2.316 2.906 6.660 5.649 5.038 2.252 9.447 5.277 4.035 7.516 9.133 9.051 
6.765 1.029 6.565 6.759 5.535 1.459 3.906 5.457 5.193 3.672 6.123 5.903 5.898 1.461 2.538 3.966 4.312 4.519 3.858 1.424 4.956 2.525 2.651 2.130 4.510 2.172 3.304 2.571 7.075 2.186 2.030 3.090 5.937 1.298 5.781 3.562 4.726 3.398 3.043 5.838 5.508 2.645 4.537 7.173 4.741 5.182 3.630 3.369 4.248 4.306 
7.574 0.868 6.403 7.571 6.038 1.705 3.382 6.271 4.376 2.873 6.906 6.644 6.703 1.088 1.990 4.404 4.192 4.124 3.048 0.976 5.773 3.238 2.240 2.615 5.332 2.866 3.448 2.914 7.052 2.548 2.852 2.713 6.298 1.037 5.716 3.064 4.088 2.576 2.702 6.137 6.271 1.855 3.744 7.092 4.620 5.840 2.900 4.123 4.662 4.214 
4.001 4.479 5.764 4.093 1.313 5.646 8.452 3.326 9.156 7.870 2.909 2.135 3.251 6.007 7.079 1.382 8.546 5.689 7.492 5.968 4.213 2.133 7.187 2.579 3.508 4.810 2.997 6.218 5.356 2.797 3.513 4.969 2.410 4.537 4.734 5.632 7.025 7.380 4.825 2.709 2.169 6.925 7.888 5.754 8.953 0.825 6.719 4.738 7.210 8.499 
2.924 5.202 9.243 2.849 5.329 4.417 7.457 1.714 9.567 7.992 2.944 3.430 2.326 5.409 6.407 4.872 6.501 8.164 8.300 5.474 0.523 3.075 6.210 4.226 0.628 2.777 5.752 4.110 9.148 4.637 2.431 6.909 6.458 5.437 8.231 7.543 8.897 7.812 6.800 6.714 2.864 6.975 8.967 9.468 6.803 3.926 7.989 1.627 4.118 6.394 
8.818 5.062 0.947 8.912 4.201 7.408 8.885 8.080 7.725 7.197 7.714 6.877 8.066 6.970 7.628 3.576 10.082 2.677 6.097 6.842 8.678 5.357 8.020 4.413 7.964 7.668 2.794 8.508 1.183 4.081 6.623 3.457 3.153 4.858 0.178 3.633 4.317 6.513 3.390 2.642 6.986 6.721 5.981 1.220 10.508 5.508 5.037 8.335 10.090 10.108 
11.638 4.391 6.342 11.654 8.894 5.585 4.348 10.388 1.455 2.191 10.832 10.384 10.750 4.470 4.011 7.286 6.466 3.786 1.224 4.346 10.022 7.092 4.510 6.053 9.540 7.073 5.685 6.648 7.530 5.738 7.086 3.628 8.570 4.205 6.317 3.072 2.172 1.895 3.769 8.192 10.123 2.856 0.600 7.276 6.764 9.293 1.771 8.366 8.316 6.577 
4.344 3.968 8.662 4.288 5.554 2.903 5.941 3.038 8.109 6.523 4.125 4.364 3.623 3.919 4.895 4.642 5.090 7.209 6.920 3.993 2.034 2.545 4.692 3.463 1.868 1.259 5.089 2.648 8.775 3.840 1.284 5.859 6.504 4.225 7.701 6.446 7.731 6.385 5.769 6.652 3.813 5.516 7.620 9.027 5.422 4.412 6.710 0.507 3.050 4.995 
8.496 1.815 6.997 8.484 7.064 1.877 2.405 7.177 3.539 1.963 7.879 7.654 7.637 0.768 1.047 5.418 3.586 4.507 2.501 0.638 6.554 4.258 1.436 3.649 6.177 3.416 4.347 2.978 7.770 3.558 3.707 3.207 7.274 1.890 6.414 3.361 4.066 1.848 3.240 7.085 7.264 0.945 3.272 7.756 3.994 6.878 2.723 4.730 4.702 3.639 
7.264 4.897 10.454 7.181 8.434 2.541 4.139 6.043 7.207 5.701 7.213 7.497 6.651 3.470 3.808 7.211 2.398 8.357 6.651 3.616 4.750 5.147 3.343 5.565 4.873 2.375 7.061 1.338 10.889 5.804 3.673 6.932 9.206 5.152 9.636 7.309 8.240 5.907 6.903 9.247 6.944 4.952 7.436 11.027 2.592 7.466 6.930 2.779 0.545 2.262 
7.152 1.896 3.862 7.202 3.943 4.198 6.002 6.073 5.800 4.755 6.192 5.597 6.281 3.847 4.650 2.319 6.939 2.379 4.078 3.733 6.224 2.769 4.975 1.582 5.569 4.549 0.788 5.297 4.337 1.168 3.668 1.398 3.814 1.737 3.040 2.068 3.477 4.150 1.255 3.549 5.441 3.997 4.371 4.432 7.369 4.393 3.198 5.393 6.907 6.954 
9.854 3.040 7.575 9.839 8.304 2.994 1.670 8.530 2.337 0.773 9.246 9.016 8.999 1.924 1.123 6.638 3.590 4.921 1.921 1.857 7.853 5.614 1.598 4.932 7.509 4.633 5.403 3.881 8.500 4.791 5.055 3.865 8.406 3.039 7.146 3.778 4.005 1.136 3.942 8.169 8.631 0.626 2.670 8.412 3.922 8.208 2.654 5.948 5.460 3.691 
7.806 3.909 2.095 7.890 3.476 6.210 7.901 6.975 7.135 6.390 6.726 5.940 7.014 5.850 6.590 2.481 8.953 2.355 5.432 5.731 7.484 4.116 6.948 3.149 6.777 6.409 1.532 7.284 2.325 2.819 5.360 2.597 2.717 3.729 1.109 2.972 4.009 5.726 2.494 2.263 5.978 5.791 5.468 2.471 9.381 4.576 4.397 7.074 8.842 8.969 
11.151 3.901 6.609 11.160 8.689 4.877 3.586 9.877 1.112 1.414 10.390 9.994 10.267 3.757 3.242 7.044 5.690 3.955 0.685 3.640 9.434 6.643 3.737 5.669 8.983 6.407 5.505 5.911 7.736 5.389 6.509 3.505 8.474 3.748 6.464 3.054 2.501 1.162 3.636 8.128 9.700 2.117 0.736 7.527 5.992 8.966 1.630 7.713 7.560 5.801 
5.403 4.700 4.419 5.508 0.798 6.388 8.889 4.832 9.031 7.934 4.288 3.421 4.713 6.502 7.497 1.115 9.328 4.878 7.309 6.430 5.715 3.105 7.701 2.951 5.004 5.876 2.472 7.160 3.878 2.959 4.592 4.523 0.974 4.669 3.418 5.118 6.407 7.358 4.382 1.195 3.591 7.091 7.563 4.301 9.750 2.066 6.399 6.036 8.360 9.301 
9.638 4.187 1.855 9.709 5.515 6.557 7.424 8.683 5.846 5.521 8.595 7.863 8.805 5.868 6.301 4.348 8.916 0.859 4.306 5.725 8.972 5.505 6.755 4.347 8.298 7.231 2.888 7.745 3.010 3.938 6.443 2.170 4.735 3.931 1.870 2.011 2.355 4.835 2.183 4.256 7.837 5.232 4.080 2.770 9.325 6.523 3.264 8.159 9.450 8.965 
7.597 1.928 7.516 7.573 6.761 0.740 2.745 6.264 4.625 3.031 7.073 6.953 6.763 0.412 1.459 5.199 3.131 5.223 3.636 0.507 5.523 3.660 1.453 3.363 5.205 2.307 4.453 1.900 8.138 3.404 2.800 3.823 7.166 2.135 6.811 4.136 5.045 2.985 3.816 7.055 6.515 2.056 4.401 8.193 3.561 6.339 3.758 3.625 3.652 3.140 
9.990 5.423 0.530 10.078 5.458 7.812 8.854 9.182 7.230 6.962 8.898 8.084 9.211 7.207 7.704 4.681 10.288 2.299 5.734 7.068 9.671 6.256 8.146 5.194 8.968 8.313 3.583 8.974 1.826 4.816 7.388 3.511 4.430 5.183 1.299 3.441 3.694 6.276 3.495 3.919 8.158 6.661 5.461 1.453 10.702 6.713 4.700 9.118 10.638 10.331 
8.745 1.692 4.728 8.772 5.987 3.767 4.471 7.540 3.754 2.828 7.892 7.412 7.857 2.923 3.297 4.344 5.916 2.175 2.031 2.775 7.354 4.185 3.750 3.091 6.797 4.825 2.816 4.976 5.617 2.761 4.457 0.983 5.819 1.438 4.262 1.035 2.077 2.173 1.071 5.507 7.170 2.289 2.381 5.540 6.322 6.313 1.226 5.990 6.728 5.971 
8.585 4.654 10.246 8.516 9.040 2.374 2.649 7.304 5.887 4.493 8.393 8.547 7.895 2.820 2.699 7.625 0.837 7.891 5.618 2.964 6.123 5.737 2.183 5.832 6.126 3.183 7.119 1.682 10.859 5.969 4.395 6.522 9.636 4.867 9.539 6.765 7.468 4.835 6.526 9.592 8.021 3.937 6.393 10.923 1.149 8.293 6.101 4.044 2.118 0.725 
6.587 2.633 8.166 6.546 6.530 0.593 3.634 5.254 5.902 4.308 6.194 6.214 5.798 1.694 2.583 5.135 3.191 6.120 4.917 1.801 4.359 3.231 2.369 3.380 4.130 1.071 4.800 0.990 8.619 3.571 1.968 4.690 7.149 2.896 7.353 5.119 6.177 4.279 4.650 7.130 5.722 3.348 5.673 8.745 3.593 5.828 4.954 2.369 2.632 3.139 
6.834 1.182 6.750 6.824 5.717 1.262 3.744 5.518 5.147 3.606 6.219 6.024 5.973 1.299 2.389 4.157 4.111 4.671 3.863 1.276 4.966 2.665 2.477 2.321 4.544 2.081 3.504 2.390 7.271 2.386 2.063 3.241 6.133 1.446 5.974 3.691 4.822 3.367 3.199 6.038 5.616 2.577 4.560 7.366 4.541 5.334 3.689 3.314 4.082 4.104 
9.863 4.863 10.225 9.805 9.764 3.039 1.453 8.552 4.781 3.611 9.570 9.626 9.125 2.912 2.226 8.228 0.802 7.686 4.893 3.018 7.461 6.555 1.797 6.393 7.386 4.320 7.440 2.874 10.992 6.438 5.382 6.433 10.201 5.015 9.639 6.527 6.959 4.112 6.470 10.086 9.128 3.374 5.619 10.986 0.990 9.208 5.590 5.362 3.604 0.947 
8.125 8.691 6.657 8.203 8.266 3.941 7.781 5.223 11.077 8.943 8.556 9.974 0.298 5.757 3.877 8.208 4.374 9.184 6.029 3.641 6.613 6.385 5.255 7.967 8.948 2.892 4.066 11.723 12.658 1.816 9.726 8.615 6.476 6.937 3.165 5.755 7.723 4.566 6.402 8.263 8.317 8.766 9.701 2.279 1.793 12.915 12.597 7.283 3.415 6.146 10.630 6.545 5.641 4.150 8.184 11.557 5.265 9.692 8.846 5.909 11.129 7.428 10.233 7.881 8.519 7.305 6.307 6.775 4.015 5.698 7.376 3.792 9.093 0.698 7.694 7.758 3.675 9.555 7.503 4.458 7.337 9.323 5.272 6.747 5.954 10.075 9.843 5.898 4.069 6.855 5.485 4.320 7.867 5.877 3.207 8.728 7.074 8.138 7.352 7.782 
1.417 1.641 1.288 5.407 3.424 3.373 3.119 5.012 3.989 2.863 2.815 3.250 7.193 2.747 3.649 0.970 4.805 4.899 1.409 3.675 2.425 5.121 2.526 1.759 3.132 5.291 3.345 4.593 5.504 5.480 5.509 2.547 3.163 2.941 4.973 5.203 1.689 2.697 1.900 6.420 2.037 2.116 6.210 5.709 5.854 5.674 5.406 1.384 4.659 2.632 3.611 5.048 2.719 4.494 3.123 4.349 2.561 3.917 2.250 2.064 4.099 5.698 5.073 4.148 3.433 6.044 4.679 5.383 4.652 2.859 4.022 5.412 6.171 7.044 4.367 3.346 4.564 5.497 0.711 3.139 5.459 6.297 2.781 1.252 3.514 4.032 3.682 1.776 3.187 1.188 1.934 3.341 6.211 2.769 4.049 2.405 4.143 4.209 2.766 4.022 
4.378 6.459 6.807 1.793 8.986 7.288 2.602 4.676 5.098 8.119 8.236 7.830 9.876 8.022 7.831 5.757 9.581 0.730 6.515 7.473 7.964 3.589 5.171 7.240 8.458 6.879 7.487 7.803 6.180 8.582 0.113 3.245 8.665 3.232 9.122 4.242 3.925 6.688 7.371 2.606 7.410 3.982 0.863 9.432 7.971 6.989 6.361 6.995 8.903 8.049 7.532 3.397 4.556 5.613 2.494 7.267 5.125 9.102 3.865 4.744 4.911 2.844 1.330 9.761 8.948 3.239 10.088 3.323 9.251 8.117 2.423 9.932 1.449 9.960 9.975 2.447 8.958 11.028 4.914 5.793 10.998 11.900 4.945 6.799 3.890 9.030 2.878 6.951 6.853 6.761 6.749 7.811 2.808 8.095 7.341 7.644 2.694 1.722 8.378 9.635 
8.159 8.689 6.646 8.308 8.217 3.938 7.852 5.334 11.109 8.914 8.522 9.955 0.164 5.718 3.853 8.218 4.290 9.272 6.027 3.637 6.576 6.495 5.304 7.949 8.913 2.993 4.053 11.719 12.686 1.806 9.818 8.667 6.424 7.008 3.094 5.868 7.767 4.575 6.379 8.381 8.297 8.806 9.804 2.196 1.887 12.933 12.622 7.268 3.353 6.107 10.621 6.654 5.703 4.244 8.252 11.559 5.316 9.651 8.887 5.957 11.164 7.541 10.312 7.815 8.472 7.424 6.223 6.888 3.940 5.656 7.464 3.695 9.201 0.568 7.623 7.833 3.610 9.481 7.529 4.508 7.245 9.233 5.330 6.736 6.036 10.038 9.900 5.886 4.082 6.845 5.480 4.292 7.985 5.837 3.223 8.705 7.165 8.224 7.310 7.718 
5.261 6.893 5.625 3.445 8.097 4.006 3.830 0.470 7.949 8.010 7.830 8.519 4.996 5.897 4.523 6.128 6.310 4.672 4.926 3.984 6.407 1.586 2.826 6.842 8.208 2.011 4.307 9.639 9.502 4.131 5.121 5.113 6.806 3.111 5.335 0.936 4.606 3.871 5.847 3.443 7.183 5.620 4.941 5.220 3.102 10.027 9.542 6.208 5.262 6.166 8.794 1.764 2.557 1.162 4.271 9.273 2.777 9.034 5.633 3.206 7.906 2.603 5.882 8.343 8.228 2.492 7.679 1.956 5.865 5.932 2.970 6.305 4.292 5.173 8.369 3.689 5.445 10.043 5.024 2.596 8.816 10.419 2.516 5.686 2.006 9.230 6.071 5.170 3.618 5.740 4.688 4.794 3.047 6.029 3.484 7.596 2.606 3.717 7.154 8.208 
3.748 2.411 1.252 7.658 1.346 3.381 5.462 6.632 5.667 1.857 1.439 3.036 6.967 1.374 3.267 2.597 3.408 7.278 1.851 3.632 0.510 7.047 3.985 1.245 1.827 6.065 3.158 5.011 6.932 5.333 7.893 4.912 1.027 5.142 4.152 6.963 4.076 3.065 0.914 8.593 1.461 4.379 8.568 5.064 6.210 6.813 6.751 1.039 3.839 0.991 3.867 7.018 4.462 5.728 5.502 5.035 4.042 2.586 4.518 3.861 5.846 7.795 7.445 1.783 1.516 8.085 2.520 7.377 3.483 1.449 6.245 4.151 8.477 6.701 1.979 5.673 3.628 3.326 3.098 4.199 3.116 3.958 4.328 1.233 5.409 2.954 5.962 1.596 3.514 1.247 2.096 2.814 8.339 1.267 4.236 1.768 6.299 6.534 0.413 1.652 
4.934 2.797 3.873 9.427 2.071 6.447 7.062 9.187 5.102 1.402 1.686 1.431 10.056 4.460 6.364 3.587 6.282 8.564 4.605 6.710 3.605 9.329 6.586 2.569 1.284 9.031 6.241 2.965 5.724 8.431 9.082 5.969 3.830 7.086 7.192 9.408 5.558 6.040 3.899 10.508 2.223 5.215 9.940 8.117 9.275 5.229 5.456 3.237 6.890 4.071 2.156 9.251 6.895 8.504 6.911 3.313 6.633 0.555 5.330 6.238 5.344 9.851 8.254 2.941 1.785 10.220 4.767 9.579 6.452 4.523 8.114 7.037 10.072 9.779 3.299 7.311 6.661 2.641 4.687 7.007 4.598 3.889 6.891 3.796 7.724 0.179 6.519 4.525 6.525 3.721 5.024 5.911 10.339 4.342 7.297 1.815 8.287 8.135 2.877 2.952 
6.951 7.390 5.339 7.583 6.942 2.643 6.836 4.733 9.884 7.608 7.221 8.646 1.209 4.423 2.545 6.938 3.177 8.384 4.729 2.340 5.278 5.861 4.184 6.640 7.613 2.411 2.746 10.416 11.451 0.519 8.962 7.536 5.157 6.003 1.923 5.287 6.603 3.301 5.070 7.818 6.988 7.618 9.054 1.163 1.424 11.670 11.377 5.959 2.135 4.813 9.315 5.996 4.652 3.494 7.214 10.265 4.205 8.359 7.707 4.821 9.950 6.933 9.342 6.591 7.191 6.889 5.091 6.276 2.779 4.366 6.590 2.702 8.510 1.059 6.421 6.847 2.402 8.288 6.294 3.403 6.167 8.128 4.263 5.430 5.128 8.740 8.792 4.578 2.821 5.538 4.180 2.985 7.426 4.545 1.982 7.396 6.326 7.328 6.021 6.488 
4.476 3.257 5.330 8.535 4.949 8.008 6.356 9.380 2.658 3.627 4.092 2.361 11.856 6.572 8.152 3.798 8.714 7.238 5.919 8.310 5.770 9.104 7.214 4.150 3.871 10.042 7.909 0.367 2.565 10.140 7.583 4.963 6.312 6.774 9.310 9.408 5.152 7.392 5.715 9.681 3.865 4.256 8.540 10.166 10.617 1.924 2.272 4.755 8.986 6.237 1.456 8.967 7.232 9.144 6.025 0.463 7.238 3.728 4.295 6.641 2.884 9.268 6.474 5.996 4.684 9.704 7.624 9.218 8.744 6.671 7.523 9.446 8.906 11.664 6.364 6.596 8.816 5.973 4.764 7.890 7.731 7.221 7.408 5.241 7.759 3.294 4.818 6.090 7.899 5.129 6.468 7.754 9.635 6.501 8.761 3.558 7.814 7.227 5.332 5.961 
3.476 1.780 3.786 7.881 3.442 6.497 5.561 8.270 2.908 2.088 2.542 0.876 10.333 4.982 6.606 2.462 7.119 6.793 4.415 6.795 4.175 8.153 5.914 2.562 2.373 8.679 6.379 1.308 3.595 8.623 7.245 4.271 4.722 5.809 7.733 8.371 4.167 5.912 4.138 9.011 2.270 3.501 8.158 8.600 9.177 3.238 3.348 3.188 7.410 4.644 0.217 8.039 6.028 7.877 5.310 1.341 5.946 2.434 3.585 5.397 3.152 8.477 6.291 4.507 3.195 8.889 6.062 8.327 7.153 5.080 6.704 7.852 8.400 10.126 4.871 5.812 7.234 4.754 3.555 6.531 6.244 5.963 6.148 3.696 6.678 2.098 4.544 4.548 6.422 3.586 4.953 6.197 8.906 4.909 7.277 1.970 6.946 6.556 3.748 4.459 
7.241 8.008 6.051 7.088 7.915 3.339 6.742 4.106 10.198 8.442 8.088 9.388 1.293 5.363 3.429 7.459 4.390 8.092 5.372 3.064 6.187 5.268 4.314 7.396 8.488 1.782 3.531 11.042 11.789 1.472 8.626 7.645 6.172 5.898 3.127 4.638 6.791 3.868 5.885 7.150 7.755 7.851 8.586 2.427 0.716 12.095 11.745 6.696 3.293 5.748 9.981 5.428 4.641 3.052 7.154 10.835 4.317 9.269 7.923 4.972 10.234 6.311 9.164 7.669 8.147 6.193 6.273 5.658 3.969 5.324 6.286 3.959 7.976 1.534 7.529 6.705 3.562 9.395 6.663 3.525 7.374 9.312 4.290 6.139 4.883 9.619 8.850 5.312 3.357 6.241 4.854 3.883 6.754 5.495 2.512 8.178 5.976 7.051 6.962 7.557 
6.731 7.714 5.869 6.215 7.940 3.272 6.024 3.218 9.671 8.323 8.005 9.178 2.210 5.404 3.509 7.102 4.794 7.279 5.155 3.045 6.175 4.379 3.781 7.224 8.408 0.990 3.520 10.724 11.266 1.923 7.794 7.023 6.271 5.188 3.561 3.741 6.226 3.662 5.795 6.242 7.588 7.298 7.715 3.035 0.560 11.627 11.242 6.521 3.655 5.773 9.702 4.545 4.011 2.257 6.449 10.476 3.773 9.213 7.357 4.425 9.689 5.412 8.389 7.816 8.151 5.284 6.586 4.762 4.346 5.383 5.481 4.481 7.090 2.438 7.718 5.966 3.912 9.565 6.214 3.031 7.721 9.599 3.694 5.954 4.124 9.530 8.188 5.169 3.167 6.047 4.680 3.946 5.847 5.541 2.420 8.017 5.158 6.250 6.967 7.696 
7.239 7.818 5.798 7.502 7.499 3.073 6.948 4.571 10.190 8.119 7.743 9.124 0.893 4.964 3.053 7.325 3.789 8.407 5.157 2.777 5.811 5.723 4.382 7.120 8.139 2.209 3.216 10.852 11.770 0.984 8.965 7.745 5.725 6.106 2.533 5.117 6.844 3.685 5.568 7.648 7.473 7.883 8.991 1.760 1.109 12.026 11.709 6.430 2.736 5.354 9.765 5.872 4.789 3.410 7.344 10.678 4.395 8.898 7.965 5.035 10.243 6.785 9.423 7.179 7.744 6.702 5.700 6.128 3.387 4.913 6.601 3.307 8.412 0.968 7.017 6.937 3.004 8.884 6.614 3.586 6.779 8.738 4.414 5.888 5.158 9.269 8.981 5.042 3.184 5.994 4.617 3.503 7.253 5.090 2.321 7.888 6.313 7.354 6.567 7.074 
3.081 1.351 1.435 7.357 1.543 4.102 5.043 6.787 4.614 1.045 0.870 2.005 7.855 2.371 4.110 1.751 4.499 6.758 2.165 4.384 1.555 7.020 4.158 0.213 1.226 6.600 3.931 3.922 5.828 6.173 7.344 4.247 2.146 4.893 5.147 7.041 3.558 3.632 1.585 8.373 0.352 3.612 8.100 6.035 6.904 5.693 5.640 0.792 4.826 2.025 2.778 6.961 4.510 6.061 4.998 3.921 4.208 2.050 3.749 3.859 4.805 7.643 6.753 2.456 1.500 7.979 3.599 7.304 4.537 2.466 5.975 5.232 8.103 7.618 2.756 5.278 4.636 3.580 2.581 4.562 4.048 4.484 4.473 1.355 5.387 2.274 5.160 2.132 4.129 1.276 2.614 3.676 8.161 2.292 4.936 0.742 6.093 6.138 1.259 2.353 
3.662 1.549 2.531 8.115 1.555 5.192 5.758 7.795 4.446 0.194 0.650 1.086 8.912 3.355 5.174 2.282 5.382 7.347 3.259 5.470 2.496 7.948 5.198 1.192 0.534 7.696 5.012 3.109 5.417 7.244 7.896 4.762 2.923 5.729 6.142 8.017 4.248 4.731 2.654 9.177 0.836 4.040 8.716 7.047 8.001 5.128 5.190 1.882 5.826 2.980 1.993 7.874 5.502 7.126 5.642 3.234 5.244 1.116 4.166 4.845 4.668 8.496 7.162 2.624 1.327 8.856 4.182 8.206 5.476 3.437 6.776 6.132 8.798 8.662 2.984 6.004 5.620 3.176 3.337 5.641 4.356 4.283 5.500 2.450 6.337 1.215 5.470 3.229 5.228 2.365 3.713 4.732 8.994 3.256 6.031 0.423 6.933 6.844 1.923 2.569 
3.618 5.226 4.087 3.184 6.596 3.095 2.511 1.403 6.402 6.398 6.248 6.856 5.415 4.611 3.661 4.457 5.509 3.879 3.431 3.195 4.987 1.858 1.302 5.234 6.615 2.526 3.361 7.974 7.980 4.082 4.453 3.615 5.482 1.683 4.794 1.682 2.987 2.704 4.393 3.722 5.566 4.034 4.595 4.977 3.549 8.453 7.997 4.631 4.628 4.821 7.121 1.890 0.894 1.278 2.941 7.618 1.243 7.435 4.063 1.551 6.381 2.818 4.905 6.958 6.702 2.980 6.561 2.251 5.108 4.667 2.081 5.695 4.132 5.473 7.030 2.452 4.742 8.603 3.351 1.478 7.654 9.095 0.955 4.139 0.625 7.607 4.708 3.740 2.648 4.179 3.303 3.797 3.379 4.731 2.920 5.970 1.829 2.824 5.689 6.821 
6.174 4.177 4.151 10.449 1.642 6.090 8.153 9.572 7.073 2.522 2.320 3.413 9.203 3.943 5.819 4.803 5.115 9.864 4.791 6.288 3.291 9.968 6.925 3.321 2.162 8.858 5.819 5.165 7.864 7.751 10.443 7.325 3.055 7.958 6.252 9.901 6.671 5.916 3.844 11.439 3.145 6.644 11.211 7.165 8.834 7.415 7.607 3.705 5.999 3.601 4.277 9.931 7.391 8.638 8.109 5.487 6.982 1.844 6.776 6.775 7.304 10.674 9.790 1.534 1.614 10.984 3.268 10.286 5.414 3.951 9.053 5.824 11.211 8.870 1.739 8.385 5.737 0.496 5.692 7.114 2.697 1.694 7.267 4.111 8.327 2.241 8.127 4.520 6.314 4.092 5.007 5.380 11.207 3.804 6.922 2.963 9.146 9.247 2.537 1.641 
2.079 3.921 4.778 3.548 6.611 6.151 1.846 5.228 2.590 5.594 5.777 5.175 9.507 6.196 6.605 3.322 8.107 2.183 4.726 6.408 5.911 4.551 4.253 4.861 5.946 6.815 6.256 5.141 3.969 7.940 2.581 0.984 6.652 2.636 7.982 5.041 1.985 5.449 5.388 4.684 4.964 1.461 3.513 8.526 7.759 4.649 4.073 4.780 7.703 6.116 4.840 4.375 3.835 5.594 1.404 4.617 4.234 6.524 1.324 3.624 2.457 4.412 1.701 7.498 6.528 4.865 8.169 4.531 7.871 6.305 2.844 8.616 3.850 9.481 7.761 1.992 7.680 8.581 2.798 5.040 8.927 9.555 4.203 4.743 3.758 6.409 0.397 5.154 5.789 4.675 5.125 6.438 4.692 6.234 6.509 5.133 3.202 2.316 6.158 7.383 
2.756 1.998 4.045 6.863 4.451 6.583 4.640 7.660 1.579 3.111 3.503 2.121 10.420 5.448 6.801 2.283 7.632 5.645 4.523 6.886 4.747 7.375 5.571 3.131 3.450 8.422 6.524 1.717 2.561 8.705 6.048 3.260 5.402 5.044 8.054 7.679 3.426 5.923 4.536 8.008 2.960 2.534 6.985 8.856 9.064 2.500 2.376 3.577 7.730 5.168 1.462 7.240 5.544 7.471 4.324 1.267 5.591 3.692 2.582 4.974 1.818 7.561 5.028 5.512 4.244 7.993 6.864 7.495 7.588 5.557 5.806 8.326 7.293 10.260 5.861 4.883 7.592 5.997 3.110 6.282 7.218 7.169 5.743 3.961 6.037 3.407 3.297 4.772 6.418 3.849 5.078 6.442 7.944 5.405 7.280 2.823 6.091 5.544 4.516 5.441 
2.943 1.207 1.424 7.240 1.685 4.122 4.920 6.720 4.472 1.086 0.970 1.955 7.895 2.449 4.149 1.605 4.594 6.624 2.147 4.407 1.652 6.932 4.101 0.086 1.302 6.584 3.960 3.839 5.698 6.206 7.208 4.107 2.266 4.785 5.213 6.964 3.430 3.630 1.632 8.263 0.298 3.466 7.969 6.094 6.911 5.576 5.513 0.772 4.891 2.113 2.698 6.869 4.436 6.017 4.868 3.821 4.150 2.116 3.603 3.783 4.662 7.541 6.609 2.605 1.632 7.881 3.733 7.211 4.620 2.547 5.864 5.322 7.980 7.664 2.905 5.156 4.707 3.713 2.457 4.527 4.195 4.628 4.411 1.340 5.303 2.313 5.012 2.145 4.132 1.252 2.616 3.721 8.055 2.376 4.949 0.725 5.987 6.015 1.400 2.503 
6.862 6.874 4.783 8.323 5.940 2.447 7.188 5.691 9.684 6.793 6.367 7.933 2.281 3.573 2.055 6.561 1.862 8.898 4.311 2.188 4.431 6.745 4.459 5.960 6.739 3.552 2.382 9.823 11.197 1.407 9.511 7.637 4.143 6.403 0.786 6.239 6.649 3.156 4.377 8.719 6.281 7.572 9.736 0.282 2.760 11.308 11.088 5.334 1.107 3.947 8.690 6.852 5.037 4.385 7.514 9.744 4.497 7.423 7.680 5.016 9.784 7.811 9.715 5.439 6.210 7.836 3.793 7.168 1.548 3.490 7.171 1.280 9.269 1.922 5.224 7.249 1.309 7.070 6.138 3.781 4.814 6.800 4.641 4.870 5.717 7.840 8.914 4.041 2.813 4.983 3.767 2.373 8.339 3.671 2.235 6.657 6.961 7.855 5.094 5.350 
3.580 4.305 2.528 5.181 4.862 1.081 3.737 3.276 6.522 5.005 4.739 5.782 4.529 2.583 1.628 3.717 3.439 5.506 1.796 1.288 3.123 3.975 1.038 3.867 5.137 2.644 1.293 7.323 8.099 2.857 6.135 4.209 3.491 2.985 2.930 3.705 3.248 0.585 2.605 5.829 4.230 4.247 6.477 3.382 3.107 8.363 8.037 3.172 2.696 2.854 6.293 4.012 1.667 2.226 4.049 7.095 1.087 5.962 4.338 1.549 6.581 4.933 6.256 5.033 5.024 5.101 4.453 4.373 3.070 2.622 3.878 3.727 6.118 4.432 5.054 3.816 2.753 6.748 2.942 0.721 5.563 7.106 1.306 2.607 2.535 6.232 5.481 1.926 0.658 2.689 1.421 1.688 5.495 2.714 1.393 4.660 3.743 4.491 3.895 4.898 
4.065 2.001 2.593 8.468 1.082 5.142 6.125 7.987 4.963 0.340 0.381 1.514 8.777 3.182 5.068 2.680 5.105 7.761 3.324 5.407 2.320 8.207 5.356 1.362 0.027 7.736 4.938 3.524 5.918 7.138 8.322 5.190 2.632 6.040 5.945 8.239 4.618 4.740 2.594 9.509 1.071 4.486 9.124 6.863 7.970 5.604 5.687 1.977 5.636 2.796 2.440 8.143 5.709 7.246 6.035 3.693 5.406 0.854 4.615 5.057 5.185 8.802 7.623 2.142 0.830 9.149 3.782 8.483 5.237 3.252 7.107 5.860 9.178 8.509 2.508 6.367 5.416 2.678 3.674 5.736 3.880 3.769 5.673 2.521 6.579 1.150 5.947 3.224 5.222 2.454 3.726 4.617 9.311 3.070 5.992 0.791 7.244 7.216 1.639 2.098 
2.439 3.542 2.255 4.406 4.769 2.207 2.644 3.227 5.396 4.582 4.416 5.134 5.680 2.978 2.699 2.837 4.384 4.481 1.631 2.454 3.215 3.581 0.626 3.414 4.787 3.438 2.347 6.460 6.985 4.036 5.119 3.015 3.782 1.986 4.059 3.510 2.058 1.530 2.604 5.221 3.754 3.077 5.568 4.569 4.123 7.303 6.941 2.796 3.799 3.118 5.507 3.559 0.994 2.594 2.913 6.174 0.665 5.611 3.162 0.467 5.440 4.379 5.127 5.187 4.868 4.638 5.029 3.921 4.071 3.055 3.015 4.780 5.306 5.605 5.292 2.761 3.814 6.794 1.882 1.301 6.053 7.350 0.914 2.304 1.951 5.801 4.288 1.991 1.832 2.343 1.637 2.621 4.935 3.080 2.578 4.167 2.973 3.520 3.881 5.050 
6.273 6.447 4.362 7.604 5.793 1.834 6.500 4.988 9.140 6.524 6.120 7.608 2.296 3.308 1.546 6.072 2.035 8.191 3.822 1.551 4.171 6.032 3.771 5.610 6.506 2.912 1.829 9.442 10.676 0.899 8.802 6.999 4.000 5.706 0.774 5.535 6.021 2.547 4.023 8.005 5.947 6.973 9.018 0.581 2.244 10.828 10.579 4.952 0.956 3.695 8.322 6.137 4.336 3.680 6.834 9.328 3.806 7.233 7.076 4.346 9.229 7.097 9.028 5.414 6.049 7.128 3.926 6.456 1.615 3.241 6.457 1.681 8.550 2.020 5.242 6.553 1.224 7.109 5.566 3.075 5.019 6.965 3.940 4.451 5.001 7.627 8.275 3.603 2.158 4.563 3.268 1.941 7.627 3.422 1.523 6.343 6.244 7.146 4.891 5.312 
4.574 3.851 1.924 7.703 2.697 2.176 5.794 6.048 6.982 3.511 3.077 4.688 5.393 0.426 1.857 3.776 1.790 7.666 1.907 2.342 1.168 6.711 3.602 2.788 3.448 4.951 1.887 6.640 8.365 3.831 8.305 5.638 0.919 5.255 2.512 6.476 4.670 2.197 1.339 8.483 3.070 5.285 8.834 3.434 4.872 8.334 8.210 2.273 2.208 0.695 5.496 6.728 4.207 4.931 5.957 6.627 3.662 4.144 5.417 3.762 7.131 7.612 8.093 2.452 2.952 7.822 1.732 7.093 1.826 0.313 6.310 2.514 8.602 5.103 2.381 5.958 1.983 4.203 3.824 3.490 2.799 4.379 3.941 1.988 5.166 4.552 6.835 1.469 2.477 2.087 1.666 1.424 8.175 0.443 2.978 3.414 6.267 6.771 1.806 2.331 
2.100 4.012 3.508 2.903 5.945 3.756 1.061 2.826 4.757 5.434 5.393 5.642 6.826 4.528 4.283 3.206 6.009 2.854 3.062 3.966 4.613 2.618 1.668 4.337 5.711 4.110 3.934 6.507 6.329 5.315 3.492 1.960 5.258 0.387 5.609 2.844 1.417 3.125 3.996 3.855 4.615 2.410 3.957 6.018 5.050 6.823 6.352 3.878 5.370 4.610 5.758 2.518 1.146 2.915 1.417 6.108 1.633 6.488 2.426 1.172 4.729 3.118 3.589 6.536 5.983 3.472 6.598 2.834 5.686 4.615 1.488 6.380 3.753 6.823 6.692 1.141 5.407 8.019 2.072 2.403 7.575 8.714 1.534 3.525 1.205 6.572 3.092 3.480 3.337 3.521 3.214 4.241 3.633 4.616 3.938 4.967 1.566 1.897 5.167 6.402 
4.943 3.558 2.329 8.689 1.408 3.658 6.570 7.366 6.825 2.591 2.123 3.858 6.794 1.542 3.360 3.803 2.824 8.412 2.747 3.840 1.180 7.914 4.789 2.381 2.399 6.436 3.378 5.882 8.025 5.298 9.035 6.101 0.626 6.177 3.852 7.752 5.236 3.571 1.794 9.569 2.505 5.584 9.674 4.778 6.373 7.837 7.827 2.245 3.579 1.268 4.760 7.907 5.338 6.326 6.642 5.986 4.849 2.924 5.724 4.792 7.012 8.736 8.632 0.952 1.695 8.992 1.416 8.270 3.048 1.527 7.274 3.574 9.539 6.479 0.945 6.769 3.325 2.704 4.271 4.832 1.909 3.009 5.138 2.338 6.304 3.381 7.168 2.368 3.920 2.381 2.784 2.925 9.291 1.406 4.476 2.693 7.292 7.622 0.954 0.828 
5.147 7.282 7.297 1.099 9.634 7.297 3.092 4.058 6.298 8.900 8.961 8.756 9.422 8.355 7.860 6.526 9.679 1.599 6.891 7.436 8.427 2.899 5.221 7.926 9.221 6.394 7.532 8.921 7.449 8.296 1.377 4.118 9.086 3.447 9.062 3.547 4.581 6.778 7.814 1.407 8.140 4.889 0.556 9.246 7.505 8.242 7.620 7.585 8.879 8.440 8.552 2.732 4.584 5.190 3.165 8.399 5.167 9.920 4.791 4.936 6.125 1.924 2.618 10.315 9.630 2.219 10.421 2.535 9.308 8.440 2.390 9.938 0.205 9.556 10.493 2.866 8.971 11.704 5.553 5.709 11.406 12.486 4.935 7.304 3.735 9.897 4.031 7.310 6.848 7.285 7.028 7.914 1.696 8.445 7.198 8.421 2.499 2.002 8.933 10.184 
2.083 3.383 2.351 4.142 4.856 2.619 2.263 3.262 5.036 4.551 4.426 5.004 6.069 3.248 3.104 2.637 4.761 4.118 1.813 2.868 3.393 3.478 0.874 3.394 4.781 3.731 2.752 6.228 6.629 4.437 4.758 2.604 4.006 1.663 4.468 3.484 1.657 1.935 2.775 5.013 3.717 2.694 5.244 4.983 4.472 6.974 6.594 2.826 4.205 3.349 5.315 3.435 0.967 2.789 2.514 5.916 0.889 5.595 2.774 0.309 5.071 4.201 4.727 5.350 4.932 4.491 5.315 3.790 4.460 3.333 2.733 5.176 5.021 6.002 5.479 2.397 4.213 6.908 1.597 1.640 6.308 7.524 1.052 2.386 1.837 5.752 3.875 2.214 2.246 2.406 1.926 3.007 4.747 3.340 2.984 4.115 2.733 3.184 4.009 5.214 
4.031 3.965 1.881 6.560 3.691 0.978 4.837 4.754 6.766 4.161 3.801 5.169 4.682 1.190 0.942 3.624 2.198 6.689 1.377 1.226 1.925 5.455 2.394 3.163 4.202 3.728 0.756 6.964 8.264 2.991 7.328 4.946 2.102 4.198 2.197 5.192 3.945 0.904 1.605 7.275 3.512 4.755 7.774 2.977 3.804 8.372 8.151 2.485 1.881 1.535 5.851 5.484 3.023 3.632 5.066 6.846 2.452 4.987 4.874 2.676 6.877 6.389 7.266 3.672 3.901 6.576 2.966 5.847 1.942 1.199 5.199 2.693 7.480 4.463 3.647 4.968 1.794 5.418 3.281 2.196 4.077 5.671 2.718 1.971 3.958 5.332 6.206 1.121 1.195 2.082 0.847 0.566 6.953 1.329 1.832 3.924 5.115 5.732 2.717 3.542 
0.651 2.669 3.350 4.087 5.247 4.923 1.779 4.880 2.712 4.327 4.457 4.120 8.487 4.781 5.333 1.974 6.743 3.135 3.334 5.200 4.482 4.509 3.244 3.491 4.667 6.025 4.991 4.582 4.300 6.848 3.681 0.548 5.222 2.202 6.710 4.845 0.767 4.210 3.961 5.215 3.632 0.351 4.509 7.322 6.857 4.763 4.306 3.360 6.417 4.691 3.997 4.369 2.992 4.910 1.516 4.136 3.241 5.315 0.372 2.587 2.708 4.706 3.058 6.099 5.186 5.131 6.741 4.621 6.532 4.891 2.940 7.285 4.652 8.417 6.352 2.027 6.372 7.259 1.377 4.038 7.501 8.186 3.293 3.313 3.266 5.265 1.636 3.753 4.604 3.245 3.766 5.123 5.116 4.815 5.388 3.853 3.218 2.763 4.745 5.981 
5.116 7.001 6.076 2.287 8.590 4.936 3.299 0.932 7.517 8.308 8.194 8.639 6.255 6.613 5.485 6.201 7.319 3.685 5.437 4.969 7.000 0.513 3.315 7.159 8.547 3.262 5.225 9.515 9.005 5.344 4.052 4.692 7.492 2.786 6.437 0.387 4.425 4.656 6.403 2.183 7.474 5.320 3.756 6.405 4.360 9.615 9.082 6.590 6.330 6.832 8.783 0.703 2.834 2.239 3.709 9.096 3.257 9.357 5.302 3.471 7.437 1.359 4.955 8.971 8.684 1.238 8.524 0.741 6.890 6.665 2.216 7.391 3.074 6.431 9.043 3.098 6.488 10.611 5.062 3.371 9.634 11.108 2.968 6.122 1.947 9.493 5.446 5.753 4.509 6.154 5.315 5.692 1.788 6.736 4.545 7.861 1.857 2.861 7.696 8.835 
1.148 1.626 1.557 5.239 3.622 3.578 2.924 4.990 3.756 2.978 2.967 3.260 7.378 3.017 3.876 0.875 5.068 4.676 1.661 3.878 2.688 5.038 2.582 1.918 3.264 5.390 3.565 4.495 5.285 5.670 5.280 2.288 3.427 2.806 5.211 5.153 1.461 2.890 2.170 6.272 2.167 1.845 5.999 5.933 5.994 5.484 5.196 1.612 4.900 2.902 3.552 4.956 2.711 4.542 2.903 4.223 2.612 4.031 1.979 2.068 3.858 5.573 4.817 4.379 3.615 5.931 4.947 5.284 4.909 3.129 3.869 5.668 5.983 7.239 4.607 3.157 4.811 5.689 0.471 3.238 5.717 6.516 2.812 1.519 3.455 4.116 3.413 2.039 3.370 1.451 2.174 3.581 6.076 3.040 4.227 2.509 4.011 4.018 3.002 4.255 
3.788 5.923 6.012 1.080 8.303 6.295 1.772 3.693 5.109 7.544 7.612 7.402 8.845 7.146 6.844 5.169 8.617 0.545 5.655 6.469 7.156 2.657 4.179 6.584 7.867 5.855 6.503 7.636 6.385 7.549 0.991 2.767 7.836 2.270 8.117 3.293 3.234 5.714 6.550 2.172 6.790 3.540 1.339 8.408 6.943 7.128 6.526 6.266 7.905 7.202 7.219 2.461 3.554 4.585 1.808 7.126 4.130 8.562 3.446 3.792 4.959 2.094 1.835 9.013 8.291 2.535 9.217 2.450 8.274 7.236 1.391 8.943 1.373 8.927 9.205 1.566 7.969 10.368 4.214 4.776 10.166 11.176 3.937 6.013 2.858 8.538 2.833 6.084 5.855 5.987 5.844 6.844 2.237 7.227 6.319 7.065 1.662 0.737 7.628 8.884 
1.165 2.767 3.820 4.382 5.485 5.572 2.220 5.476 2.069 4.438 4.633 4.033 9.164 5.291 5.966 2.210 7.314 3.218 3.894 5.853 4.912 5.019 3.924 3.747 4.792 6.698 5.628 4.194 3.644 7.519 3.688 0.812 5.656 2.780 7.338 5.402 1.447 4.858 4.433 5.527 3.827 0.440 4.586 7.972 7.536 4.148 3.664 3.733 7.040 5.166 3.759 4.867 3.661 5.569 1.863 3.708 3.920 5.365 0.328 3.266 2.045 5.106 2.860 6.401 5.390 5.546 7.190 5.091 7.124 5.403 3.379 7.881 4.834 9.091 6.678 2.449 6.984 7.433 1.922 4.717 7.885 8.427 3.969 3.773 3.879 5.254 1.204 4.297 5.264 3.692 4.357 5.736 5.470 5.313 6.057 3.981 3.690 3.065 5.086 6.290 
2.513 3.445 4.973 5.219 6.215 6.952 3.395 6.763 0.934 4.989 5.290 4.236 10.581 6.471 7.321 3.165 8.570 3.781 5.166 7.238 5.977 6.180 5.344 4.586 5.349 8.105 6.990 3.693 2.326 8.929 4.064 2.089 6.709 4.082 8.683 6.631 2.866 6.239 5.571 6.348 4.564 1.825 5.027 9.348 8.954 2.972 2.406 4.752 8.378 6.294 3.664 6.011 5.066 6.954 2.973 3.141 5.340 5.754 1.740 4.686 0.781 6.089 2.930 7.218 6.064 6.541 8.246 6.187 8.414 6.584 4.481 9.173 5.454 10.502 7.531 3.584 8.304 7.993 3.237 6.137 8.820 9.094 5.384 4.912 5.207 5.530 1.349 5.541 6.660 4.817 5.664 7.063 6.367 6.473 7.465 4.593 4.828 3.991 6.005 7.123 
2.847 1.460 3.551 7.208 3.685 6.199 4.901 7.700 2.359 2.335 2.742 1.346 10.049 4.874 6.362 1.987 7.048 6.105 4.112 6.501 4.122 7.533 5.428 2.484 2.668 8.239 6.109 1.644 3.288 8.332 6.557 3.593 4.740 5.186 7.559 7.776 3.541 5.576 3.984 8.342 2.266 2.825 7.470 8.395 8.799 3.098 3.077 3.015 7.234 4.566 0.874 7.413 5.491 7.377 4.638 1.424 5.456 2.908 2.905 4.878 2.595 7.824 5.611 4.751 3.470 8.241 6.166 7.693 7.038 4.978 6.052 7.762 7.716 9.864 5.104 5.152 7.077 5.209 3.008 6.086 6.469 6.380 5.640 3.463 6.093 2.640 3.863 4.305 6.082 3.350 4.663 5.977 8.244 4.817 6.944 2.078 6.304 5.882 3.817 4.685 
0.634 2.718 3.301 3.994 5.255 4.809 1.667 4.738 2.857 4.365 4.480 4.197 8.356 4.717 5.227 1.999 6.657 3.089 3.257 5.084 4.442 4.378 3.108 3.500 4.701 5.883 4.883 4.704 4.444 6.721 3.648 0.540 5.180 2.064 6.604 4.707 0.632 4.097 3.910 5.118 3.654 0.492 4.458 7.206 6.718 4.907 4.450 3.340 6.314 4.638 4.099 4.240 2.848 4.766 1.429 4.264 3.103 5.363 0.517 2.450 2.852 4.593 3.072 6.089 5.202 5.015 6.692 4.497 6.440 4.826 2.824 7.191 4.580 8.289 6.336 1.918 6.273 7.278 1.319 3.902 7.470 8.189 3.152 3.269 3.123 5.325 1.713 3.680 4.484 3.204 3.677 5.024 5.010 4.755 5.262 3.888 3.095 2.674 4.728 5.970 
4.820 6.776 5.995 1.785 8.506 5.089 2.904 1.289 7.111 8.145 8.059 8.407 6.668 6.643 5.649 5.970 7.495 3.177 5.391 5.151 6.971 0.185 3.313 7.013 8.401 3.651 5.368 9.195 8.578 5.674 3.541 4.310 7.501 2.482 6.675 0.756 4.127 4.744 6.364 1.814 7.315 4.970 3.266 6.705 4.759 9.208 8.663 6.476 6.547 6.837 8.504 0.255 2.768 2.536 3.297 8.760 3.252 9.199 4.941 3.370 7.022 0.926 4.451 8.945 8.584 0.951 8.604 0.268 7.078 6.702 1.777 7.615 2.602 6.827 9.037 2.688 6.689 10.549 4.834 3.487 9.695 11.100 2.966 6.034 1.818 9.311 4.999 5.733 4.650 6.058 5.320 5.820 1.430 6.760 4.775 7.689 1.436 2.379 7.638 8.808 
6.510 7.359 5.455 6.388 7.450 2.797 5.983 3.437 9.465 7.886 7.554 8.783 1.955 4.904 2.988 6.782 4.226 7.352 4.756 2.550 5.694 4.593 3.572 6.809 7.956 1.077 3.027 10.385 11.057 1.363 7.893 6.891 5.756 5.139 2.993 3.981 6.046 3.250 5.342 6.510 7.171 7.110 7.882 2.487 0.044 11.380 11.019 6.106 3.089 5.279 9.342 4.745 3.884 2.318 6.395 10.161 3.573 8.753 7.179 4.228 9.496 5.651 8.412 7.291 7.668 5.563 6.028 4.994 3.780 4.877 5.544 3.915 7.290 2.103 7.183 5.948 3.347 9.036 5.950 2.789 7.160 9.047 3.536 5.542 4.130 9.083 8.092 4.736 2.743 5.639 4.258 3.433 6.115 5.039 1.944 7.598 5.241 6.307 6.482 7.173 
2.812 0.808 2.758 7.311 2.748 5.470 4.950 7.416 3.205 1.424 1.800 0.872 9.304 3.984 5.578 1.584 6.141 6.381 3.391 5.768 3.201 7.395 4.974 1.566 1.776 7.696 5.350 2.330 4.245 7.595 6.892 3.790 3.795 5.078 6.717 7.559 3.475 4.891 3.122 8.416 1.315 3.028 7.757 7.577 8.165 4.050 4.037 2.164 6.393 3.658 1.223 7.295 5.141 6.942 4.762 2.273 5.010 2.178 3.140 4.495 3.426 7.813 6.067 3.808 2.549 8.204 5.206 7.603 6.156 4.085 6.049 6.866 7.915 9.098 4.157 5.202 6.222 4.398 2.721 5.557 5.517 5.524 5.228 2.667 5.858 2.033 4.340 3.520 5.402 2.558 3.926 5.171 8.274 3.918 6.255 1.121 6.256 6.001 2.860 3.738 
3.090 2.743 4.739 6.819 5.234 7.190 4.729 7.919 0.948 3.890 4.287 2.850 11.002 6.174 7.444 2.914 8.356 5.480 5.166 7.492 5.498 7.524 6.013 3.896 4.225 8.869 7.153 1.914 1.792 9.294 5.815 3.321 6.165 5.244 8.726 7.885 3.703 6.512 5.256 7.964 3.738 2.692 6.772 9.505 9.572 1.860 1.630 4.308 8.404 5.907 2.081 7.375 5.911 7.851 4.365 1.360 6.026 4.427 2.699 5.387 1.193 7.600 4.707 6.296 5.024 8.043 7.639 7.601 8.294 6.284 5.887 9.039 7.153 10.861 6.645 4.957 8.278 6.743 3.579 6.757 8.003 7.928 6.149 4.658 6.300 4.113 3.052 5.446 6.994 4.547 5.717 7.102 7.939 6.138 7.851 3.607 6.200 5.528 5.293 6.226 
5.125 7.243 7.404 1.501 9.681 7.579 3.163 4.501 6.033 8.885 8.972 8.668 9.843 8.527 8.137 6.510 9.938 1.447 7.042 7.734 8.549 3.350 5.480 7.953 9.215 6.815 7.803 8.719 7.114 8.671 1.041 4.040 9.226 3.628 9.371 4.005 4.605 7.031 7.942 1.918 8.147 4.800 0.077 9.594 7.925 7.927 7.297 7.652 9.176 8.590 8.411 3.175 4.845 5.591 3.164 8.187 5.427 9.889 4.692 5.143 5.848 2.414 2.259 10.404 9.662 2.726 10.598 3.004 9.580 8.616 2.633 10.228 0.718 9.964 10.597 2.959 9.257 11.742 5.591 6.014 11.555 12.564 5.211 7.405 4.046 9.841 3.798 7.469 7.133 7.379 7.216 8.167 2.209 8.611 7.528 8.407 2.800 2.114 9.019 10.274 
6.592 4.578 4.578 10.879 2.072 6.471 8.580 9.992 7.416 2.913 2.735 3.732 9.507 4.328 6.183 5.219 5.393 10.285 5.213 6.661 3.701 10.396 7.348 3.746 2.555 9.244 6.196 5.403 8.153 8.086 10.862 7.740 3.429 8.389 6.558 10.325 7.096 6.317 4.263 11.869 3.562 7.053 11.634 7.463 9.194 7.672 7.890 4.136 6.315 3.995 4.568 10.359 7.817 9.047 8.533 5.753 7.404 2.154 7.185 7.203 7.649 11.104 10.197 1.877 2.042 11.413 3.506 10.715 5.713 4.331 9.484 6.085 11.639 9.167 2.029 8.813 6.051 0.248 6.118 7.525 2.812 1.479 7.691 4.539 8.755 2.507 8.525 4.936 6.706 4.521 5.419 5.748 11.637 4.189 7.296 3.364 9.576 9.674 2.957 1.995 
5.606 6.843 5.203 4.866 7.509 2.986 4.700 1.897 8.499 7.678 7.418 8.394 3.486 5.087 3.411 6.160 5.059 5.909 4.471 2.868 5.746 3.055 2.715 6.529 7.815 0.470 3.283 9.784 10.090 2.623 6.424 5.773 5.999 3.874 3.970 2.441 5.045 3.110 5.267 4.972 6.890 6.117 6.364 3.740 1.573 10.507 10.087 5.842 3.951 5.415 8.822 3.211 2.802 0.914 5.132 9.489 2.692 8.641 6.163 3.311 8.499 4.111 7.027 7.569 7.685 4.029 6.629 3.454 4.603 5.095 4.113 4.945 5.757 3.642 7.535 4.627 4.165 9.315 5.173 2.093 7.782 9.527 2.545 5.280 2.781 8.906 6.897 4.594 2.705 5.358 4.087 3.770 4.578 5.226 2.269 7.319 3.787 4.882 6.534 7.440 
1.921 2.111 3.858 5.810 4.856 6.143 3.623 6.754 1.220 3.614 3.924 2.894 9.917 5.343 6.438 1.991 7.500 4.587 4.185 6.442 4.762 6.394 4.858 3.278 3.974 7.711 6.131 2.766 2.719 8.219 5.002 2.225 5.476 4.090 7.758 6.734 2.531 5.449 4.425 6.956 3.222 1.540 5.933 8.498 8.439 2.989 2.641 3.535 7.441 5.122 2.433 6.250 4.740 6.680 3.287 2.279 4.869 4.386 1.565 4.225 1.372 6.530 4.017 5.875 4.697 6.967 6.999 6.491 7.393 5.456 4.789 8.148 6.233 9.793 6.197 3.860 7.336 6.616 2.456 5.614 7.508 7.720 4.984 3.785 5.133 4.181 2.272 4.509 5.917 3.681 4.722 6.126 6.900 5.327 6.764 3.225 5.086 4.495 4.708 5.784 
5.652 5.148 3.142 8.222 3.857 2.074 6.566 6.136 8.218 4.800 4.355 5.997 4.330 1.696 1.529 5.008 0.503 8.416 2.921 2.065 2.483 6.977 4.050 4.104 4.709 4.566 1.791 7.957 9.637 2.963 9.054 6.633 2.075 5.915 1.379 6.627 5.636 2.493 2.606 8.869 4.387 6.375 9.478 2.293 4.204 9.634 9.492 3.566 1.148 2.012 6.813 7.030 4.687 4.887 6.795 7.943 4.105 5.355 6.501 4.394 8.354 7.966 8.990 3.347 4.132 8.109 1.845 7.386 0.553 1.590 6.890 1.197 9.154 3.999 3.151 6.695 0.879 5.013 4.893 3.676 2.975 4.878 4.348 3.217 5.582 5.786 7.876 2.526 2.509 3.324 2.493 1.360 8.527 1.752 2.611 4.726 6.780 7.448 3.058 3.254 
6.667 5.297 3.993 10.181 2.798 4.505 8.176 8.515 8.559 4.145 3.698 5.393 6.761 2.801 4.038 5.558 2.653 10.039 4.267 4.583 2.840 9.212 6.106 4.124 3.876 7.169 4.201 7.397 9.709 5.567 10.671 7.812 2.110 7.703 3.912 8.960 6.913 4.672 3.404 10.983 4.216 7.323 11.259 4.733 6.837 9.464 9.498 3.990 3.748 2.721 6.319 9.232 6.707 7.345 8.287 7.568 6.166 4.157 7.462 6.238 8.751 10.116 10.333 1.761 3.063 10.326 0.821 9.596 3.066 2.724 8.778 3.229 11.066 6.390 1.393 8.359 3.482 2.814 5.971 5.963 0.341 2.320 6.445 4.017 7.669 4.635 8.908 3.841 4.878 4.077 4.142 3.710 10.678 2.706 5.183 4.344 8.752 9.195 2.695 1.785 
6.212 4.237 4.137 10.461 1.643 6.021 8.174 9.542 7.167 2.594 2.369 3.519 9.098 3.877 5.740 4.847 5.001 9.898 4.765 6.214 3.248 9.954 6.899 3.352 2.233 8.794 5.748 5.292 7.978 7.658 10.480 7.368 2.982 7.965 6.147 9.878 6.698 5.863 3.812 11.443 3.189 6.695 11.240 7.057 8.753 7.538 7.723 3.711 5.898 3.542 4.392 9.920 7.373 8.593 8.139 5.608 6.956 1.959 6.828 6.762 7.397 10.671 9.842 1.440 1.641 10.976 3.142 10.276 5.307 3.882 9.062 5.705 11.231 8.763 1.625 8.405 5.635 0.439 5.716 7.071 2.552 1.577 7.242 4.100 8.314 2.366 8.187 4.484 6.254 4.085 4.966 5.303 11.206 3.738 6.849 3.025 9.149 9.267 2.507 1.554 
