25 50 100
129 65 141 71 86 124 31 70 104 39 23 102 51 26 125 57 121 27 52 84 90 89 128 88 82 
88 190 136 21 57 183 188 61 93 107 168 196 106 119 160 190 57 126 30 123 106 201 48 60 183 174 132 139 40 104 92 203 26 157 174 35 210 155 58 204 108 42 97 204 36 71 200 86 117 137 
22 26 35 33 22 28 12 20 19 32 35 6 33 35 16 34 13 21 5 16 11 6 22 15 9 6 7 30 13 35 29 32 15 21 24 28 19 5 7 16 8 16 10 12 30 6 8 5 20 28 18 29 7 22 16 11 17 23 26 10 28 23 28 19 17 17 24 29 25 15 33 33 8 5 28 30 33 18 12 21 17 11 31 20 8 9 18 6 8 32 22 30 6 32 21 33 32 21 25 29 
888.908 1336.510 1099.168 450.895 770.330 1283.339 1286.951 718.808 897.204 1030.461 1268.103 1316.476 906.326 1024.750 1117.128 1222.740 676.611 1035.967 494.216 1072.602 965.276 1391.564 659.740 690.041 1310.394 1251.476 1055.044 1181.070 616.419 990.645 914.562 1317.041 551.110 1243.289 1228.962 547.931 1290.120 1213.933 693.769 1273.326 1007.654 559.403 941.472 1403.445 650.415 824.537 1277.526 870.510 1015.391 1130.689 
8.397 9.639 9.102 8.865 4.906 8.034 9.757 8.696 8.886 6.925 5.122 8.328 7.810 6.766 6.522 5.047 8.012 3.390 2.634 7.230 6.087 3.782 3.567 6.279 3.491 1.919 0.376 2.292 6.615 5.784 6.668 7.893 1.756 1.831 7.992 9.062 5.013 4.690 5.786 5.147 7.155 9.159 7.724 3.396 7.343 7.096 7.677 10.013 1.536 9.849 
1.880 1.657 1.207 2.255 4.098 7.723 2.699 0.812 4.183 3.423 7.499 5.268 3.857 3.443 6.451 4.532 0.543 5.296 5.703 3.271 1.903 7.328 4.450 3.972 5.378 6.080 7.760 5.922 2.738 6.952 4.801 5.162 7.244 7.224 0.247 1.348 4.800 7.273 3.850 2.845 5.511 1.753 5.192 5.687 3.192 3.872 1.654 2.066 6.868 1.862 
2.543 0.987 0.136 2.749 4.761 7.784 1.768 1.007 3.798 4.427 7.986 6.110 4.729 4.466 6.700 5.105 1.463 6.105 6.593 4.235 2.929 7.983 5.483 5.033 6.159 7.062 8.733 6.977 3.803 7.332 5.822 6.058 8.116 8.089 1.260 1.421 5.355 7.813 4.947 3.873 6.494 0.846 6.109 6.452 4.140 4.849 1.780 1.042 7.921 1.101 
4.625 2.459 2.740 4.526 7.393 9.419 2.567 3.418 5.025 6.813 10.310 8.024 6.815 6.893 8.723 7.636 4.102 8.835 9.380 6.548 5.782 10.524 8.336 7.529 8.863 9.901 11.563 9.830 6.360 9.524 8.184 8.100 10.879 10.847 4.001 3.355 7.856 10.214 7.558 6.726 8.733 2.742 8.200 9.138 6.426 7.150 4.294 1.865 10.774 2.244 
2.506 2.501 1.879 2.955 3.205 6.982 2.909 1.705 3.795 3.524 6.618 5.554 4.146 3.504 5.639 3.645 1.256 4.423 4.862 3.453 1.206 6.435 3.739 3.920 4.497 5.306 6.978 5.243 2.734 6.095 4.819 5.382 6.397 6.374 1.037 2.233 3.915 6.385 3.676 2.134 5.585 2.075 5.380 4.804 3.407 4.005 1.183 2.791 6.183 2.693 
5.181 5.516 4.791 5.685 0.340 5.061 5.065 4.741 4.180 5.018 3.756 7.137 5.938 4.906 3.408 0.923 4.202 1.500 2.157 5.151 2.372 3.403 2.247 4.908 1.517 2.985 4.459 3.473 4.255 3.471 5.794 6.812 3.561 3.522 4.045 5.249 1.170 3.454 4.396 1.953 6.590 4.607 6.729 1.798 5.186 5.453 3.058 5.685 4.236 5.693 
8.052 9.171 8.598 8.532 4.259 7.354 9.173 8.246 8.223 6.725 4.474 8.271 7.642 6.567 5.830 4.372 7.574 2.727 1.996 7.016 5.618 3.140 3.171 6.132 2.816 1.459 0.326 2.120 6.341 5.106 6.609 7.842 1.091 1.165 7.535 8.639 4.330 4.035 5.611 4.694 7.160 8.609 7.681 2.707 7.121 6.940 7.105 9.511 1.625 9.377 
3.835 3.284 2.456 4.260 2.556 5.687 2.550 2.771 2.553 4.785 5.665 6.866 5.469 4.745 4.445 2.821 2.525 4.032 4.645 4.749 1.988 5.715 4.030 5.080 4.043 5.326 6.915 5.523 3.967 5.022 6.006 6.669 6.092 6.054 2.254 3.333 3.059 5.499 4.752 2.629 6.796 2.098 6.655 4.307 4.715 5.270 0.557 3.283 6.415 3.420 
7.256 7.773 7.053 7.764 2.185 4.872 7.214 6.975 5.851 6.632 2.319 8.594 7.595 6.493 3.278 2.040 6.401 0.969 1.257 6.841 4.469 1.341 2.965 6.295 0.819 2.215 2.903 3.204 5.990 2.672 7.046 8.211 1.618 1.554 6.268 7.467 1.908 1.876 5.738 3.769 7.769 6.836 8.089 0.496 6.907 6.993 5.285 7.944 3.496 7.953 
5.721 7.242 6.849 6.161 3.926 8.320 7.865 6.264 7.685 4.105 6.011 5.559 4.984 3.946 6.633 4.366 5.560 3.028 2.436 4.416 3.837 4.890 1.463 3.455 3.239 1.610 2.783 0.606 3.855 6.268 3.897 5.130 3.254 3.295 5.605 6.547 4.493 5.566 2.961 2.929 4.466 7.107 4.970 3.412 4.532 4.271 5.808 7.725 1.350 7.460 
5.237 7.382 7.380 5.458 6.611 11.301 8.915 6.477 9.634 3.028 9.290 2.998 3.323 2.939 9.616 7.164 5.868 6.193 5.737 3.318 5.114 8.237 4.170 2.308 6.408 4.980 5.889 3.956 3.524 9.422 1.749 2.593 6.605 6.650 6.069 6.476 7.361 8.856 2.412 4.642 1.670 7.989 2.405 6.638 3.449 2.762 7.200 8.057 4.304 7.592 
8.138 7.952 7.114 8.626 2.819 2.363 6.642 7.385 4.559 8.152 1.189 10.266 9.071 8.040 0.882 2.240 6.990 3.007 3.659 8.283 5.409 2.135 4.978 8.016 2.794 4.687 5.323 5.616 7.386 0.358 8.877 9.933 3.951 3.877 6.770 7.939 1.972 1.316 7.489 5.087 9.659 6.601 9.843 2.644 8.315 8.585 5.201 7.891 5.998 8.082 
2.542 0.489 1.261 2.478 6.118 9.111 2.539 1.450 4.959 4.730 9.380 6.003 4.750 4.813 8.081 6.485 2.154 7.407 7.842 4.464 4.043 9.350 6.573 5.454 7.475 8.221 9.903 8.019 4.304 8.726 6.100 6.052 9.381 9.358 2.135 1.278 6.739 9.202 5.508 4.979 6.657 1.939 6.143 7.777 4.343 5.067 3.175 0.701 8.964 0.300 
8.012 6.890 6.049 8.401 4.397 2.339 4.786 6.745 2.235 8.919 4.561 11.043 9.663 8.859 2.581 3.979 6.676 5.568 6.358 8.921 5.972 5.556 6.942 9.093 5.411 7.384 8.440 8.087 8.090 3.585 10.028 10.816 7.145 7.077 6.386 7.283 3.908 4.761 8.676 6.209 10.836 5.237 10.783 5.437 8.898 9.403 4.495 6.520 8.725 6.932 
5.727 4.356 3.538 6.058 3.944 4.693 2.226 4.330 0.350 7.018 5.904 9.039 7.625 6.992 4.110 3.859 4.397 5.468 6.216 6.949 4.284 6.449 6.081 7.363 5.395 7.088 8.511 7.495 6.217 5.013 8.283 8.877 7.442 7.388 4.100 4.838 3.969 5.916 7.048 4.856 9.064 2.689 8.877 5.566 6.899 7.500 2.315 3.950 8.317 4.382 
8.980 8.599 7.743 9.456 3.793 1.448 7.054 8.115 4.742 9.128 1.606 11.256 10.032 9.021 0.915 3.204 7.778 4.058 4.694 9.244 6.317 2.883 6.028 9.025 3.845 5.712 6.234 6.657 8.347 0.839 9.897 10.932 4.851 4.776 7.539 8.675 2.951 1.963 8.504 6.069 10.684 7.144 10.848 3.684 9.269 9.571 5.852 8.461 7.006 8.711 
6.137 7.401 6.904 6.610 3.282 7.436 7.709 6.448 7.211 4.789 5.025 6.427 5.717 4.632 5.763 3.638 5.758 2.140 1.466 5.075 3.865 3.884 1.314 4.225 2.340 0.619 2.108 0.502 4.396 5.330 4.779 6.007 2.294 2.328 5.751 6.801 3.722 4.576 3.691 2.919 5.400 7.036 5.856 2.472 5.178 5.023 5.620 7.807 1.213 7.614 
3.088 1.797 0.934 3.379 4.120 6.970 1.451 1.635 3.043 4.714 7.241 6.562 5.153 4.727 5.903 4.414 1.815 5.538 6.086 4.570 2.677 7.306 5.160 5.229 5.571 6.648 8.294 6.674 4.000 6.558 6.081 6.462 7.581 7.549 1.532 2.143 4.653 7.088 5.057 3.579 6.803 0.604 6.493 5.850 4.493 5.169 1.038 1.692 7.606 1.894 
9.274 8.596 7.733 9.725 4.464 0.266 6.780 8.241 4.294 9.693 2.827 11.843 10.555 9.600 1.428 3.889 8.001 5.037 5.734 9.772 6.778 4.096 6.890 9.679 4.832 6.773 7.410 7.672 8.884 2.004 10.582 11.548 6.030 5.956 7.738 8.802 3.679 3.180 9.184 6.687 11.383 7.032 11.480 4.718 9.781 10.155 5.925 8.357 8.094 8.680 
3.568 5.590 5.511 3.888 5.021 9.741 7.004 4.649 7.752 1.478 8.061 2.804 2.228 1.334 8.087 5.601 4.007 4.948 4.696 1.813 3.221 7.183 2.890 0.703 5.152 4.233 5.584 3.382 1.690 8.036 1.192 2.392 5.904 5.931 4.188 4.717 5.829 7.657 0.502 2.865 1.935 6.085 2.253 5.432 1.947 1.507 5.285 6.234 4.100 5.806 
2.060 1.803 1.268 2.449 3.909 7.518 2.637 1.006 4.015 3.509 7.299 5.398 3.983 3.520 6.244 4.336 0.720 5.128 5.551 3.373 1.786 7.142 4.342 4.027 5.205 5.954 7.632 5.826 2.796 6.747 4.875 5.279 7.090 7.068 0.430 1.550 4.603 7.077 3.877 2.733 5.598 1.708 5.302 5.513 3.301 3.967 1.461 2.157 6.771 2.001 
6.804 7.000 6.224 7.307 1.389 3.976 6.178 6.289 4.657 6.557 2.137 8.636 7.498 6.436 2.295 0.988 5.789 1.329 2.063 6.716 3.997 1.905 3.259 6.361 1.130 3.112 4.082 3.968 5.826 2.004 7.200 8.287 2.834 2.771 5.612 6.816 0.772 1.829 5.823 3.514 7.972 5.897 8.189 1.081 6.760 6.971 4.366 7.084 4.456 7.162 
8.409 8.694 7.918 8.916 3.060 4.038 7.811 7.971 6.061 7.934 1.099 9.924 8.893 7.799 2.701 2.679 7.451 2.268 2.578 8.130 5.597 0.316 4.308 7.625 2.079 3.444 3.669 4.470 7.263 1.806 8.387 9.545 2.289 2.215 7.285 8.490 2.440 0.655 7.069 4.991 9.114 7.577 9.427 1.776 8.189 8.309 6.054 8.776 4.621 8.857 
2.456 4.000 3.747 2.930 3.622 8.218 5.114 3.018 5.844 1.724 7.005 3.870 2.632 1.626 6.640 4.207 2.319 4.096 4.163 1.846 1.330 6.391 2.446 1.809 4.261 4.153 5.787 3.698 0.952 6.778 2.745 3.582 5.640 5.643 2.427 3.250 4.469 6.657 1.464 1.361 3.549 4.221 3.526 4.580 1.886 2.181 3.350 4.557 4.620 4.221 
7.292 8.455 7.906 7.771 3.765 7.299 8.558 7.521 7.761 5.966 4.576 7.548 6.887 5.808 5.699 3.964 6.843 2.302 1.513 6.254 4.901 3.293 2.418 5.384 2.437 0.723 0.961 1.396 5.575 5.081 5.889 7.122 1.353 1.411 6.813 7.902 3.966 4.123 4.858 3.967 6.466 7.956 6.965 2.413 6.359 6.189 6.476 8.817 1.154 8.664 
2.929 5.862 1.720 7.483 2.294 5.871 2.998 2.255 5.887 2.219 7.742 4.701 0.908 7.352 2.826 9.139 8.370 1.043 1.622 8.510 6.631 7.622 8.483 4.715 5.137 7.679 6.811 3.944 7.960 4.552 2.689 4.386 4.819 4.625 0.846 1.543 2.036 0.435 2.089 3.929 5.532 5.959 7.626 0.443 1.862 3.584 7.479 4.807 3.377 5.294 5.587 5.175 2.874 6.955 7.656 9.433 8.216 4.781 9.090 2.963 6.058 5.876 7.129 2.732 9.231 8.811 8.319 6.336 8.054 8.667 6.076 5.971 2.281 3.595 7.124 6.678 2.960 2.918 5.330 4.779 5.278 5.153 4.947 5.758 2.156 2.201 5.312 4.640 3.566 5.545 4.348 0.943 0.492 6.979 6.692 5.847 4.480 8.147 5.373 4.684 
5.156 7.812 0.590 6.837 1.044 5.808 1.084 4.446 6.744 4.141 7.559 6.712 1.705 7.987 4.975 10.012 8.754 1.206 2.443 7.517 7.780 7.790 9.468 3.789 4.349 7.256 7.520 2.746 7.133 5.537 2.160 6.244 4.187 6.120 2.966 2.751 4.176 2.136 4.301 6.128 5.421 7.097 7.243 2.456 4.001 1.453 7.824 7.033 3.504 6.325 5.448 5.381 1.163 8.248 7.936 10.624 7.152 4.807 8.634 2.424 6.241 7.359 7.182 4.784 8.256 8.934 7.414 7.315 8.361 9.119 5.259 4.559 0.886 3.452 8.690 6.449 2.605 4.058 6.057 6.913 7.037 7.213 7.182 6.985 0.618 3.490 7.388 2.887 5.767 4.050 5.295 2.459 2.059 7.390 6.686 7.716 5.781 8.507 6.967 5.207 
5.426 7.636 0.911 5.973 1.908 5.002 1.797 4.787 6.126 4.059 6.723 6.599 2.283 7.291 5.023 9.357 7.997 1.534 2.143 6.665 7.235 7.001 8.850 2.925 3.487 6.401 6.849 1.886 6.271 4.990 1.422 6.042 3.333 5.744 3.356 2.527 4.244 2.578 4.612 6.217 4.614 6.560 6.391 2.863 4.391 1.145 7.067 7.173 2.810 5.771 4.636 4.631 1.951 7.747 7.166 10.061 6.305 4.035 7.775 1.649 5.471 6.948 6.380 4.755 7.403 8.131 6.555 6.723 7.592 8.372 4.395 3.752 0.282 2.695 8.293 5.615 1.859 3.642 5.418 6.904 6.762 7.130 7.380 6.482 0.405 3.183 7.316 2.175 6.089 3.258 4.746 2.425 2.518 6.651 5.879 7.490 5.337 7.747 6.613 4.537 
2.951 6.188 1.831 7.931 2.082 6.360 2.856 2.204 6.389 2.614 8.230 5.011 0.629 7.859 3.077 9.635 8.878 1.183 2.113 8.920 7.113 8.126 8.973 5.106 5.552 8.149 7.317 4.279 8.389 5.053 3.081 4.759 5.250 5.077 0.726 2.051 2.319 0.142 2.081 4.104 6.016 6.445 8.099 0.247 1.744 3.681 7.987 4.922 3.859 5.789 6.070 5.675 2.691 7.421 8.162 9.903 8.614 5.269 9.561 3.366 6.559 6.321 7.628 3.053 9.646 9.314 8.739 6.832 8.561 9.175 6.496 6.297 2.491 4.058 7.548 7.159 3.386 3.421 5.837 5.014 5.671 5.433 5.009 6.237 2.317 2.703 5.581 4.875 3.524 5.850 4.851 1.450 0.201 7.486 7.187 6.203 4.958 8.654 5.802 5.191 
6.694 5.809 5.270 2.957 6.594 0.788 6.686 6.616 1.904 4.451 2.448 5.456 6.030 2.486 5.417 4.631 3.106 5.293 3.823 4.450 3.233 2.206 4.283 2.846 2.470 2.698 2.168 3.600 3.678 1.940 3.492 4.614 2.190 3.392 6.019 3.903 5.167 5.825 6.384 6.309 0.821 2.776 2.594 5.847 6.583 5.563 2.176 7.236 2.177 2.160 0.892 0.268 6.808 3.918 2.298 5.675 4.399 0.886 3.981 3.248 0.631 3.877 1.711 4.924 4.983 3.391 4.111 2.526 2.719 3.475 2.631 4.122 4.775 2.202 4.994 1.602 3.047 2.836 1.309 6.241 4.608 5.979 7.702 2.951 5.031 3.438 6.174 4.723 7.390 4.225 1.886 4.496 5.846 1.757 1.325 5.406 2.774 2.859 4.019 0.938 
11.302 10.355 8.651 2.004 9.809 3.977 9.530 11.111 6.068 9.056 2.535 10.143 9.817 5.285 10.088 6.686 4.422 8.974 7.908 1.586 7.091 3.656 6.924 4.982 4.445 2.025 5.538 6.022 1.646 6.632 6.903 9.305 4.697 8.035 10.232 8.142 9.743 9.804 10.877 11.026 4.184 6.963 2.135 9.930 10.986 7.911 4.269 11.958 6.182 6.635 4.109 4.856 9.755 7.737 4.030 8.290 2.017 4.930 1.139 6.606 4.287 8.213 3.460 9.596 1.163 3.443 1.473 6.445 4.105 4.745 3.512 4.599 7.941 5.903 8.995 3.121 6.554 7.427 5.820 10.948 9.172 10.646 12.422 7.250 8.221 7.902 10.834 6.345 12.019 5.112 6.603 8.662 9.795 4.556 3.533 9.915 7.446 4.311 8.523 5.654 
7.168 8.971 2.680 5.162 3.313 4.872 2.781 6.557 6.667 5.594 6.283 8.030 4.043 7.536 6.639 9.681 7.972 3.321 3.605 5.486 7.920 6.858 9.296 2.339 2.899 5.766 7.194 1.456 5.265 5.775 2.323 7.379 2.972 6.829 5.140 4.021 5.891 4.364 6.375 7.846 4.503 7.290 5.792 4.650 6.172 1.088 7.076 8.829 3.438 6.493 4.493 4.817 3.047 8.518 7.110 10.631 5.080 4.176 7.017 2.319 5.503 7.928 6.189 6.314 6.208 7.868 5.461 7.307 7.527 8.383 3.589 2.367 2.030 3.116 9.265 5.242 2.559 4.783 5.935 8.440 7.977 8.584 9.073 7.290 2.184 4.524 8.780 0.567 7.847 1.833 5.539 4.077 4.303 6.755 5.686 8.760 6.318 7.719 7.705 5.021 
4.430 6.846 0.414 6.451 1.708 5.168 2.037 3.788 5.855 3.193 6.987 5.762 1.426 7.159 4.089 9.139 8.001 0.590 1.467 7.308 6.845 7.096 8.569 3.486 3.989 6.777 6.671 2.569 6.836 4.612 1.550 5.271 3.746 5.142 2.367 1.769 3.298 1.617 3.613 5.269 4.792 6.160 6.747 1.883 3.397 2.093 7.075 6.209 2.733 5.400 4.830 4.642 2.055 7.294 7.208 9.692 6.977 4.115 8.182 1.847 5.524 6.384 6.521 3.860 8.042 8.264 7.158 6.406 7.628 8.348 4.933 4.563 0.745 2.773 7.711 5.881 1.957 3.093 5.189 6.004 6.056 6.274 6.399 6.034 0.643 2.509 6.453 3.122 5.090 4.103 4.374 1.514 1.568 6.617 6.039 6.741 4.815 7.759 5.986 4.375 
8.572 9.269 4.763 2.843 5.713 3.457 5.292 8.126 5.890 6.563 4.263 8.576 6.094 6.254 7.691 8.357 6.310 5.263 4.783 2.936 7.223 5.139 8.158 1.568 1.595 3.576 6.081 2.118 2.784 5.488 3.410 7.791 1.987 6.862 6.898 5.154 7.081 6.256 7.910 8.853 3.210 6.719 3.641 6.475 7.846 3.612 5.528 9.864 3.583 6.006 3.156 3.865 5.542 7.901 5.476 9.595 2.528 3.350 4.651 3.177 4.189 7.683 4.478 7.261 3.655 5.935 2.932 6.521 5.848 6.739 1.542 0.210 4.017 3.155 8.910 3.426 3.278 5.217 5.229 9.185 8.121 9.145 10.215 6.839 4.269 5.315 9.349 1.985 9.300 0.724 5.305 5.481 6.220 5.363 4.038 8.947 6.248 6.070 7.663 4.447 
1.366 3.758 3.810 7.989 4.496 5.998 5.206 1.390 5.041 0.888 7.786 2.569 3.061 6.594 0.619 8.015 7.796 3.174 2.580 9.269 5.371 7.326 7.275 5.778 6.024 7.959 6.025 5.336 8.599 3.783 3.995 2.456 5.628 3.171 1.863 2.177 0.231 2.505 1.186 1.759 5.755 4.779 7.873 2.215 1.595 5.595 7.015 2.714 3.896 4.328 5.829 5.147 5.083 5.507 7.242 7.970 9.058 5.007 9.305 4.170 5.914 4.291 6.994 0.709 9.936 8.471 9.007 5.299 7.582 8.003 6.869 7.274 4.182 4.279 5.367 6.865 4.037 2.517 4.714 2.570 3.405 2.974 2.965 4.495 4.150 2.075 3.121 6.319 2.088 6.952 3.673 2.047 2.592 6.492 6.661 3.821 3.319 7.612 3.696 4.420 
9.990 8.093 8.633 3.001 9.938 3.139 9.911 10.010 3.895 7.801 1.497 8.164 9.498 2.623 8.645 3.653 1.471 8.733 7.308 4.042 4.544 1.348 3.964 5.446 4.872 2.198 3.062 6.474 3.463 4.929 6.799 7.378 4.868 6.070 9.503 7.394 8.527 9.312 9.781 9.347 3.521 4.636 2.114 9.339 10.021 8.547 1.760 10.161 5.610 4.602 3.492 3.743 10.072 5.100 1.498 5.275 4.328 4.197 1.910 6.521 2.862 5.861 1.793 8.164 4.042 0.410 3.704 4.035 1.315 1.726 4.272 5.945 8.053 5.532 6.359 2.540 6.364 6.249 3.991 9.019 6.993 8.587 10.669 4.968 8.326 6.897 8.751 7.293 10.646 6.318 5.008 7.988 9.331 2.251 2.265 7.624 5.596 1.447 6.311 4.310 
0.791 4.392 5.297 10.141 5.527 8.140 6.341 1.332 6.964 3.032 9.906 3.362 4.133 8.501 2.082 9.669 9.752 4.619 4.563 11.411 7.039 9.380 8.893 7.849 8.134 10.104 7.936 7.300 10.748 5.798 5.957 3.766 7.747 4.884 2.811 4.198 2.355 3.644 1.498 1.786 7.904 6.538 10.016 3.321 1.790 7.165 9.025 1.912 6.028 6.233 7.978 7.281 6.141 7.012 9.264 9.339 11.191 7.158 11.440 6.170 8.022 5.759 9.090 2.563 12.083 10.499 11.154 7.113 9.579 9.918 8.999 9.293 5.849 6.397 6.531 9.008 6.070 4.663 6.737 2.765 4.618 3.419 1.724 6.218 5.739 4.218 3.448 8.159 0.089 8.930 5.723 3.889 3.724 8.506 8.779 4.670 5.202 9.586 5.132 6.535 
0.688 4.357 3.962 8.824 4.367 6.887 5.148 0.441 6.005 1.819 8.699 3.179 2.920 7.558 1.282 8.955 8.758 3.286 3.151 10.054 6.307 8.273 8.208 6.446 6.748 8.837 6.989 5.884 9.409 4.744 4.542 3.257 6.368 4.103 1.573 2.795 1.094 2.385 0.303 1.918 6.625 5.728 8.756 2.058 0.810 5.820 7.972 2.642 4.669 5.291 6.697 6.050 4.979 6.410 8.197 8.851 9.821 5.867 10.200 4.757 6.840 5.176 7.925 1.614 10.737 9.425 9.808 6.256 8.541 8.967 7.628 7.879 4.471 5.023 6.177 7.752 4.662 3.418 5.672 2.927 4.201 3.465 2.720 5.437 4.379 2.890 3.572 6.754 1.378 7.514 4.628 2.474 2.471 7.449 7.577 4.501 4.279 8.573 4.565 5.346 
1.465 3.623 3.878 7.905 4.599 5.898 5.298 1.540 4.897 0.789 7.676 2.437 3.172 6.451 0.526 7.860 7.657 3.251 2.579 9.198 5.215 7.199 7.119 5.739 5.972 7.861 5.881 5.326 8.522 3.648 3.989 2.301 5.573 3.014 2.000 2.170 0.274 2.618 1.341 1.711 5.661 4.626 7.773 2.335 1.754 5.643 6.882 2.688 3.835 4.182 5.736 5.042 5.181 5.349 7.111 7.811 8.993 4.917 9.201 4.155 5.799 4.132 6.876 0.551 9.860 8.341 8.932 5.148 7.448 7.861 6.807 7.248 4.225 4.225 5.210 6.765 4.014 2.419 4.581 2.476 3.250 2.856 2.964 4.340 4.203 2.012 3.009 6.328 2.175 6.935 3.543 2.084 2.704 6.359 6.549 3.677 3.170 7.475 3.537 4.307 
9.727 8.663 7.482 1.064 8.722 2.365 8.560 9.587 4.381 7.477 0.891 8.458 8.539 3.710 8.477 5.358 3.060 7.716 6.500 2.125 5.444 2.091 5.474 3.949 3.365 0.436 3.902 5.021 1.482 4.955 5.663 7.622 3.499 6.346 8.812 6.689 8.179 8.461 9.353 9.378 2.630 5.283 0.493 8.553 9.499 7.051 2.698 10.296 4.744 4.942 2.563 3.229 8.756 6.105 2.489 6.895 2.365 3.396 0.978 5.366 2.602 6.529 1.787 7.984 2.310 2.289 1.764 4.781 2.664 3.446 2.566 4.109 6.818 4.527 7.352 1.498 5.269 5.846 4.129 9.269 7.479 8.957 10.768 5.565 7.100 6.371 9.144 5.635 10.434 4.538 4.937 7.241 8.462 2.916 1.842 8.223 5.762 2.892 6.831 4.008 
7.282 6.308 5.684 2.448 7.001 0.404 7.039 7.196 2.216 5.038 1.863 6.006 6.516 2.413 6.006 4.552 2.786 5.756 4.333 3.964 3.500 1.763 4.301 2.912 2.447 2.124 2.224 3.789 3.182 2.488 3.869 5.165 2.253 3.919 6.565 4.440 5.752 6.337 6.963 6.891 0.711 3.130 2.016 6.375 7.154 5.817 1.872 7.812 2.630 2.605 0.737 0.792 7.178 4.195 1.935 5.734 3.951 1.227 3.392 3.605 0.329 4.299 1.188 5.513 4.461 2.923 3.614 2.783 2.361 3.186 2.389 4.008 5.144 2.581 5.337 1.042 3.426 3.418 1.749 6.802 5.109 6.521 8.282 3.347 5.409 4.006 6.713 4.830 7.979 4.185 2.454 5.027 6.355 1.561 0.751 5.892 3.312 2.533 4.496 1.526 
4.020 6.170 1.115 6.206 2.346 4.738 2.739 3.460 5.214 2.552 6.592 5.106 1.656 6.562 3.516 8.503 7.458 0.896 0.767 7.185 6.166 6.604 7.915 3.378 3.816 6.456 6.058 2.617 6.654 3.946 1.351 4.588 3.516 4.437 2.171 1.070 2.745 1.603 3.261 4.715 4.376 5.481 6.414 1.770 3.135 2.656 6.540 5.683 2.241 4.732 4.423 4.136 2.744 6.603 6.688 9.013 6.884 3.658 7.869 1.631 5.026 5.681 6.059 3.243 7.910 7.785 7.003 5.749 7.103 7.791 4.760 4.643 1.229 2.372 7.007 5.501 1.653 2.398 4.567 5.393 5.358 5.629 5.913 5.346 1.258 1.805 5.813 3.413 4.716 4.232 3.711 0.922 1.590 6.066 5.593 6.052 4.118 7.221 5.281 3.790 
6.944 5.091 6.480 3.931 7.798 2.065 7.992 7.044 0.791 4.831 2.770 5.054 7.030 1.069 5.579 3.138 2.128 6.384 4.809 5.453 1.881 1.830 2.740 4.392 4.007 3.388 0.630 5.108 4.669 1.891 4.816 4.258 3.736 2.948 6.753 4.770 5.550 6.731 6.823 6.228 2.288 1.661 3.254 6.686 7.120 7.006 1.376 7.037 3.430 1.478 2.341 1.754 8.084 2.572 1.629 4.130 5.502 2.391 4.325 4.610 1.347 2.912 1.842 5.110 5.850 2.856 5.086 1.178 1.922 2.375 4.051 5.634 6.080 3.578 3.772 2.507 4.384 3.423 0.987 5.905 3.938 5.498 7.545 1.955 6.315 4.131 5.671 6.258 7.575 5.763 2.028 5.366 6.769 0.873 1.876 4.638 2.480 1.940 3.267 1.718 
6.803 4.519 6.875 4.709 8.174 2.850 8.434 6.993 0.625 4.816 3.466 4.634 7.291 1.039 5.425 2.668 2.331 6.707 5.110 6.226 1.107 2.402 2.131 5.093 4.742 4.134 0.514 5.740 5.445 1.959 5.310 3.890 4.448 2.618 6.870 5.009 5.511 6.942 6.782 5.935 3.051 1.062 3.999 6.862 7.124 7.560 1.839 6.672 3.923 1.278 3.108 2.447 8.504 1.789 2.106 3.440 6.286 3.061 4.976 5.131 2.138 2.292 2.556 4.984 6.600 3.249 5.856 0.463 2.277 2.448 4.833 6.390 6.542 4.133 3.014 3.293 4.894 3.591 1.304 5.495 3.423 5.028 7.192 1.398 6.759 4.308 5.187 6.921 7.390 6.496 2.164 5.588 6.989 1.448 2.650 4.053 2.292 2.214 2.741 2.204 
1.334 4.089 3.572 8.048 4.201 6.100 4.926 1.170 5.268 1.046 7.911 2.900 2.757 6.820 0.933 8.288 8.004 2.921 2.479 9.295 5.651 7.495 7.555 5.736 6.013 8.051 6.251 5.238 8.641 3.986 3.892 2.786 5.625 3.458 1.533 2.094 0.332 2.200 0.947 2.004 5.840 5.046 7.970 1.901 1.302 5.383 7.205 2.918 3.910 4.565 5.912 5.262 4.794 5.807 7.426 8.276 9.071 5.084 9.412 4.085 6.053 4.600 7.140 1.032 9.973 8.651 9.043 5.552 7.776 8.223 6.878 7.204 3.985 4.276 5.692 6.965 3.970 2.630 4.907 2.868 3.734 3.294 3.123 4.770 3.934 2.113 3.437 6.178 2.068 6.862 3.861 1.877 2.287 6.682 6.790 4.155 3.570 7.814 4.011 4.560 
4.320 4.932 3.042 5.043 4.325 3.162 4.638 4.098 3.230 2.119 5.021 4.095 3.495 4.601 3.232 6.520 5.565 2.859 1.272 6.305 4.225 4.814 5.937 2.963 3.113 5.078 4.085 2.853 5.639 1.982 1.783 3.365 2.704 2.764 3.386 1.275 2.756 3.225 3.864 4.348 2.867 3.543 5.005 3.223 4.003 4.062 4.668 5.355 0.964 2.771 2.935 2.393 4.683 4.710 4.842 7.069 6.101 2.102 6.463 1.761 3.261 3.923 4.345 2.771 6.974 6.002 6.044 3.773 5.242 5.874 3.918 4.536 2.816 1.383 5.271 4.012 1.528 0.724 2.591 4.659 3.901 4.665 5.734 3.444 2.992 0.893 4.868 4.052 5.048 4.316 1.742 1.874 3.256 4.171 3.932 4.693 2.304 5.338 3.642 1.873 
9.232 6.950 8.504 3.874 9.829 3.196 9.913 9.346 2.970 7.133 2.240 7.145 9.202 1.479 7.860 2.364 0.183 8.499 6.974 5.141 3.349 1.223 2.624 5.730 5.202 3.073 2.016 6.667 4.470 4.192 6.725 6.402 5.090 5.120 9.022 6.985 7.852 8.945 9.125 8.438 3.575 3.560 2.954 8.925 9.419 8.709 1.064 9.186 5.407 3.701 3.576 3.505 10.042 3.846 0.959 3.960 5.367 4.085 3.193 6.473 2.648 4.724 1.897 7.398 5.251 0.932 4.780 2.944 0.536 0.430 4.816 6.538 8.007 5.432 5.088 2.933 6.280 5.695 3.279 8.006 5.909 7.524 9.705 3.900 8.265 6.391 7.676 7.645 9.848 6.832 4.326 7.585 8.976 1.549 2.385 6.477 4.731 0.382 5.229 3.847 
4.965 3.252 5.549 5.502 6.779 3.344 7.166 5.163 1.327 3.014 4.684 3.016 5.726 2.857 3.587 4.302 4.114 5.255 3.682 7.006 1.749 3.887 3.610 4.780 4.630 5.147 2.291 5.099 6.231 0.740 4.286 2.199 4.242 0.893 5.143 3.481 3.691 5.318 4.957 4.160 3.330 1.076 5.026 5.195 5.315 6.593 3.445 4.968 3.039 0.597 3.409 2.543 7.189 2.160 3.700 4.580 6.955 2.902 6.271 4.195 2.873 1.480 3.769 3.146 7.521 4.923 6.664 1.529 3.974 4.274 5.067 6.302 5.372 3.394 2.794 4.098 3.947 2.053 1.334 3.854 2.051 3.497 5.474 0.900 5.542 2.725 3.682 6.338 5.560 6.254 0.952 4.010 5.375 2.944 3.621 2.849 0.455 3.960 1.473 1.803 
1.619 2.961 4.498 8.033 5.262 5.956 5.950 1.975 4.667 1.087 7.667 1.773 3.839 6.209 0.257 7.475 7.454 3.888 3.063 9.384 4.827 7.093 6.716 6.073 6.251 7.922 5.642 5.756 8.681 3.508 4.443 1.723 5.842 2.632 2.660 2.647 0.934 3.286 1.821 1.222 5.756 4.283 7.826 3.004 2.293 6.225 6.727 2.234 4.102 3.937 5.834 5.081 5.840 4.890 6.968 7.318 9.206 5.041 9.223 4.579 5.776 3.648 6.828 0.371 10.023 8.203 9.100 4.841 7.280 7.625 7.040 7.618 4.800 4.514 4.645 6.820 4.414 2.550 4.445 1.837 2.670 2.188 2.595 3.975 4.798 2.318 2.344 6.814 2.217 7.338 3.446 2.663 3.372 6.209 6.541 3.036 2.906 7.287 3.033 4.305 
7.135 5.305 6.563 3.759 7.884 1.961 8.057 7.223 1.007 5.008 2.564 5.269 7.148 0.999 5.772 3.123 1.960 6.486 4.922 5.277 2.054 1.615 2.777 4.354 3.948 3.196 0.670 5.107 4.495 2.072 4.871 4.471 3.695 3.161 6.903 4.898 5.728 6.860 7.000 6.435 2.213 1.868 3.062 6.824 7.289 7.032 1.174 7.249 3.492 1.690 2.259 1.743 8.156 2.739 1.422 4.190 5.337 2.384 4.113 4.655 1.231 3.121 1.638 5.301 5.661 2.653 4.908 1.363 1.729 2.231 3.945 5.554 6.143 3.616 3.954 2.345 4.434 3.572 1.149 6.119 4.153 5.714 7.756 2.166 6.382 4.275 5.887 6.238 7.771 5.702 2.197 5.496 6.896 0.663 1.700 4.851 2.685 1.761 3.481 1.805 
6.428 3.638 7.212 5.750 8.465 3.824 8.816 6.732 1.270 4.665 4.508 3.947 7.439 1.879 5.069 2.662 3.138 6.950 5.364 7.270 0.063 3.412 1.925 5.895 5.603 5.184 1.502 6.427 6.488 2.198 5.814 3.302 5.274 2.191 6.834 5.185 5.303 7.031 6.539 5.382 3.981 0.643 5.048 6.903 6.933 8.113 2.822 6.012 4.469 1.413 4.046 3.298 8.854 0.757 3.085 2.892 7.322 3.861 5.999 5.677 3.138 1.428 3.604 4.679 7.650 4.144 6.902 0.655 3.187 3.142 5.787 7.277 6.976 4.749 1.965 4.326 5.430 3.748 1.966 4.799 2.651 4.265 6.540 0.863 7.166 4.434 4.403 7.644 6.948 7.337 2.442 5.722 7.088 2.481 3.693 3.165 2.127 3.077 1.994 2.856 
7.799 4.367 8.894 6.737 10.145 5.099 10.498 8.193 2.798 6.231 5.262 5.038 9.097 2.461 6.487 1.579 3.289 8.627 7.044 8.198 1.637 4.055 0.867 7.396 7.042 6.048 2.475 8.015 7.443 3.878 7.475 4.573 6.752 3.698 8.429 6.856 6.824 8.673 8.017 6.587 5.334 2.323 5.912 8.531 8.442 9.765 3.452 7.046 6.113 3.091 5.386 4.751 10.537 1.342 3.659 1.210 8.326 5.362 6.542 7.326 4.369 2.586 4.480 6.149 8.456 4.351 7.824 2.160 3.557 3.072 7.083 8.679 8.652 6.368 2.076 5.402 7.081 5.423 3.530 5.826 3.725 5.205 7.570 2.485 8.845 6.100 5.292 9.212 8.241 8.798 4.121 7.383 8.733 3.346 4.729 3.926 3.762 3.360 3.210 4.444 
5.598 2.601 6.985 6.518 8.172 4.462 8.609 5.981 1.910 4.055 5.403 2.958 7.024 2.899 4.276 3.525 4.172 6.637 5.106 8.044 1.011 4.368 2.742 6.226 6.021 6.020 2.467 6.603 7.259 2.222 5.797 2.389 5.653 1.525 6.264 4.857 4.623 6.569 5.805 4.448 4.545 0.988 5.888 6.401 6.234 8.101 3.800 5.018 4.551 1.606 4.618 3.790 8.614 0.871 4.066 3.338 8.056 4.261 6.935 5.710 3.844 0.409 4.479 3.938 8.476 5.165 7.683 1.505 4.201 4.180 6.346 7.705 6.855 4.896 1.304 5.080 5.462 3.481 2.420 3.797 1.640 3.242 5.547 0.778 7.013 4.092 3.373 7.841 6.066 7.697 2.453 5.336 6.635 3.409 4.490 2.127 1.759 4.102 1.027 3.170 
2.184 3.947 3.314 7.170 4.197 5.204 4.829 2.055 4.446 0.282 7.014 2.817 2.847 5.991 1.219 7.551 7.150 2.741 1.837 8.441 4.943 6.610 6.841 4.962 5.198 7.158 5.424 4.563 7.774 3.138 3.234 2.446 4.800 2.806 1.937 1.421 0.620 2.329 1.825 2.424 4.949 4.308 7.075 2.111 2.098 5.001 6.335 3.424 3.067 3.763 5.021 4.365 4.745 5.173 6.552 7.660 8.229 4.195 8.516 3.388 5.158 4.023 6.246 0.899 9.110 7.773 8.181 4.777 6.908 7.383 6.040 6.473 3.574 3.451 5.222 6.070 3.241 1.732 4.045 3.048 3.342 3.313 3.728 4.057 3.584 1.246 3.489 5.592 2.912 6.166 2.997 1.451 2.406 5.813 5.893 3.911 2.808 6.954 3.482 3.666 
9.834 8.341 8.045 2.041 9.325 2.623 9.234 9.776 4.043 7.601 0.756 8.273 9.004 3.065 8.528 4.474 2.185 8.208 6.872 3.082 4.928 1.466 4.677 4.679 4.094 1.257 3.377 5.735 2.486 4.864 6.206 7.456 4.149 6.150 9.137 7.007 8.321 8.869 9.543 9.332 2.973 4.886 1.195 8.927 9.739 7.799 2.061 10.202 5.127 4.690 2.925 3.378 9.412 5.548 1.809 6.058 3.356 3.713 1.138 5.916 2.574 6.140 1.512 8.037 3.142 1.301 2.737 4.325 1.855 2.535 3.406 5.036 7.423 4.984 6.813 1.861 5.785 5.994 3.959 9.112 7.190 8.737 10.695 5.197 7.702 6.591 8.914 6.467 10.519 5.435 4.896 7.586 8.880 2.424 1.836 7.884 5.613 2.062 6.519 4.067 
1.243 2.861 5.202 8.952 5.814 6.858 6.554 1.925 5.407 1.995 8.537 1.742 4.361 6.922 0.874 8.014 8.192 4.556 3.924 10.314 5.392 7.908 7.235 7.001 7.186 8.820 6.363 6.652 9.606 4.333 5.326 2.106 6.777 3.272 3.060 3.511 1.616 3.806 1.874 0.368 6.670 4.916 8.721 3.493 2.381 6.992 7.510 1.333 5.037 4.677 6.749 5.980 6.414 5.349 7.759 7.683 10.140 5.964 10.103 5.476 6.644 4.097 7.679 1.303 10.948 8.990 10.027 5.505 8.050 8.334 7.975 8.538 5.579 5.447 4.892 7.718 5.321 3.482 5.260 1.352 2.959 1.924 1.662 4.589 5.548 3.243 2.012 7.679 1.574 8.248 4.297 3.440 3.894 6.999 7.414 3.076 3.655 8.040 3.470 5.192 
0.643 3.961 5.289 9.865 5.623 7.835 6.423 1.388 6.577 2.749 9.578 2.924 4.197 8.108 1.729 9.245 9.365 4.612 4.405 11.162 6.619 9.021 8.467 7.659 7.919 9.801 7.544 7.161 10.486 5.436 5.814 3.338 7.524 4.477 2.851 4.023 2.115 3.681 1.497 1.349 7.611 6.128 9.710 3.354 1.886 7.150 8.653 1.570 5.793 5.846 7.687 6.968 6.238 6.582 8.895 8.903 10.954 6.874 11.123 6.013 7.690 5.330 8.749 2.220 11.825 10.129 10.896 6.709 9.203 9.523 8.766 9.132 5.800 6.174 6.093 8.702 5.898 4.369 6.373 2.339 4.183 2.990 1.480 5.806 5.709 3.971 3.024 8.068 0.349 8.787 5.371 3.769 3.765 8.135 8.451 4.234 4.815 9.205 4.703 6.208 
8.088 5.187 8.418 5.432 9.718 3.982 9.972 8.359 2.167 6.236 3.910 5.607 8.823 1.190 6.721 1.123 1.912 8.250 6.652 6.863 1.680 2.699 0.727 6.430 6.013 4.714 1.431 7.169 6.121 3.479 6.830 4.978 5.770 3.840 8.350 6.541 6.903 8.461 8.159 7.058 4.270 2.195 4.579 8.368 8.532 9.053 2.111 7.670 5.439 2.740 4.310 3.811 10.046 1.952 2.299 2.183 7.012 4.450 5.158 6.639 3.255 3.062 3.177 6.314 7.093 2.979 6.490 1.702 2.174 1.735 5.930 7.588 8.073 5.620 3.118 4.157 6.406 5.113 2.836 6.451 4.294 5.893 8.199 2.497 8.295 5.828 6.017 8.312 8.620 7.763 3.695 7.114 8.510 2.096 3.485 4.717 3.671 1.976 3.657 3.712 
8.111 5.238 8.399 5.363 9.701 3.928 9.949 8.375 2.154 6.246 3.838 5.646 8.815 1.129 6.742 1.141 1.838 8.237 6.640 6.792 1.715 2.627 0.791 6.383 5.962 4.643 1.392 7.129 6.051 3.473 6.802 5.011 5.723 3.863 8.353 6.533 6.917 8.457 8.174 7.091 4.219 2.214 4.508 8.367 8.544 9.020 2.040 7.711 5.412 2.740 4.257 3.769 10.025 2.008 2.226 2.247 6.943 4.408 5.084 6.609 3.202 3.104 3.109 6.333 7.020 2.906 6.419 1.707 2.099 1.664 5.871 7.533 8.049 5.588 3.182 4.093 6.377 5.108 2.814 6.492 4.336 5.938 8.239 2.520 8.272 5.823 6.064 8.268 8.647 7.711 3.687 7.108 8.506 2.034 3.421 4.768 3.682 1.901 3.695 3.684 
4.297 6.310 1.124 5.942 2.424 4.528 2.729 3.750 5.137 2.741 6.371 5.270 1.892 6.446 3.743 8.421 7.306 1.081 0.825 6.901 6.136 6.424 7.852 3.089 3.536 6.212 5.954 2.320 6.379 3.899 1.062 4.718 3.245 4.487 2.468 1.198 2.985 1.883 3.548 4.947 4.160 5.452 6.173 2.062 3.430 2.469 6.383 5.924 2.053 4.688 4.204 3.961 2.765 6.597 6.522 8.983 6.597 3.458 7.623 1.348 4.847 5.717 5.864 3.446 7.628 7.599 6.724 5.690 6.940 7.648 4.481 4.346 1.052 2.144 7.053 5.274 1.388 2.410 4.471 5.593 5.457 5.803 6.167 5.335 1.141 1.878 5.990 3.137 4.997 3.937 3.660 1.172 1.865 5.918 5.391 6.172 4.131 7.066 5.344 3.663 
4.227 6.970 0.463 7.013 1.283 5.714 1.802 3.528 6.291 3.284 7.541 5.847 0.918 7.635 4.064 9.580 8.510 0.289 1.820 7.856 7.226 7.626 8.989 4.039 4.548 7.338 7.134 3.097 7.393 5.016 2.111 5.427 4.308 5.424 2.056 2.036 3.264 1.239 3.377 5.204 5.340 6.541 7.308 1.548 3.096 2.314 7.588 6.103 3.256 5.800 5.380 5.165 1.747 7.644 7.727 10.071 7.520 4.652 8.743 2.409 6.050 6.679 7.060 3.898 8.592 8.799 7.712 6.822 8.145 8.850 5.490 5.065 1.178 3.320 7.987 6.437 2.514 3.442 5.644 6.010 6.258 6.334 6.249 6.395 0.964 2.800 6.504 3.544 4.847 4.590 4.784 1.628 1.171 7.122 6.582 6.902 5.149 8.271 6.244 4.858 
7.539 6.466 5.949 2.318 7.263 0.536 7.289 7.463 2.295 5.298 1.601 6.203 6.791 2.306 6.255 4.422 2.569 6.027 4.610 3.843 3.539 1.510 4.215 3.090 2.597 1.921 2.181 4.001 3.058 2.693 4.128 5.365 2.437 4.102 6.841 4.716 6.014 6.614 7.230 7.123 0.908 3.217 1.805 6.652 7.425 6.042 1.672 8.035 2.903 2.745 0.913 1.065 7.432 4.233 1.710 5.660 3.858 1.494 3.148 3.860 0.362 4.414 0.914 5.762 4.308 2.657 3.485 2.826 2.132 2.977 2.442 4.104 5.399 2.844 5.405 0.882 3.686 3.683 1.902 7.009 5.270 6.710 8.509 3.453 5.667 4.277 6.900 5.011 8.233 4.311 2.676 5.303 6.631 1.421 0.479 6.042 3.506 2.315 4.644 1.773 
9.614 7.646 8.423 3.132 9.737 2.947 9.745 9.656 3.471 7.443 1.527 7.735 9.240 2.170 8.262 3.276 1.036 8.492 7.035 4.293 4.091 1.012 3.543 5.358 4.796 2.317 2.618 6.360 3.663 4.546 6.600 6.955 4.754 5.649 9.195 7.100 8.168 9.034 9.429 8.939 3.336 4.194 2.214 9.048 9.683 8.430 1.337 9.740 5.366 4.186 3.316 3.472 9.896 4.646 1.083 4.882 4.549 3.968 2.273 6.329 2.582 5.414 1.570 7.784 4.357 0.182 3.942 3.589 0.863 1.334 4.272 5.975 7.867 5.318 5.905 2.454 6.160 5.914 3.607 8.591 6.553 8.151 10.251 4.527 8.136 6.576 8.314 7.238 10.262 6.320 4.637 7.697 9.057 1.843 2.070 7.177 5.189 0.994 5.871 3.985 
2.174 2.749 4.512 7.562 5.392 5.461 6.033 2.473 4.109 0.960 7.144 1.613 4.015 5.650 0.798 6.937 6.896 3.946 2.910 8.939 4.288 6.547 6.183 5.736 5.874 7.423 5.084 5.504 8.223 2.962 4.229 1.318 5.459 2.087 2.950 2.501 1.192 3.478 2.297 1.608 5.277 3.732 7.323 3.226 2.739 6.154 6.174 2.597 3.735 3.379 5.356 4.582 5.947 4.379 6.416 6.829 8.777 4.580 8.707 4.333 5.252 3.150 6.295 0.444 9.565 7.651 8.647 4.286 6.725 7.067 6.629 7.302 4.729 4.157 4.216 6.320 4.148 2.129 3.897 1.939 2.261 2.123 3.013 3.429 4.760 2.030 2.306 6.612 2.773 7.052 2.910 2.642 3.560 5.657 6.020 2.742 2.348 6.731 2.548 3.795 
4.418 4.223 3.967 5.050 5.227 2.966 5.574 4.368 2.378 2.179 4.722 3.539 4.288 3.838 3.153 5.657 4.909 3.728 2.131 6.438 3.291 4.303 5.043 3.516 3.521 4.933 3.294 3.627 5.714 1.067 2.694 2.735 3.105 1.902 3.950 2.006 2.900 3.948 4.138 4.116 2.766 2.606 4.839 3.887 4.379 4.993 4.058 5.086 1.564 1.850 2.845 2.096 5.609 3.764 4.263 6.137 6.292 2.073 6.253 2.629 2.850 3.002 3.934 2.660 7.055 5.473 6.139 2.875 4.635 5.179 4.183 5.098 3.762 1.974 4.348 3.832 2.383 0.620 1.821 4.219 3.113 4.104 5.521 2.499 3.936 1.327 4.308 4.858 5.115 4.955 0.842 2.588 3.992 3.540 3.596 3.931 1.383 4.700 2.771 1.356 
1.347 3.095 5.812 9.760 6.301 7.661 7.075 2.150 6.131 2.781 9.323 2.154 4.851 7.622 1.652 8.596 8.905 5.149 4.664 11.123 6.013 8.666 7.809 7.792 7.987 9.621 7.071 7.411 10.415 5.105 6.075 2.720 7.580 3.967 3.508 4.256 2.319 4.308 2.187 0.649 7.477 5.583 9.520 3.983 2.652 7.640 8.251 0.707 5.838 5.405 7.556 6.781 6.912 5.902 8.503 8.144 10.949 6.773 10.894 6.239 7.432 4.666 8.457 2.106 11.758 9.730 10.837 6.185 8.781 9.027 8.783 9.319 6.244 6.245 5.305 8.519 6.092 4.291 6.024 1.460 3.466 2.123 0.878 5.249 6.191 4.035 2.134 8.408 1.249 9.017 5.081 4.127 4.395 7.744 8.203 3.407 4.397 8.762 4.048 5.990 
6.216 8.103 1.807 5.313 2.678 4.619 2.347 5.613 6.102 4.662 6.221 7.129 3.178 7.119 5.693 9.237 7.695 2.412 2.676 5.882 7.300 6.636 8.792 2.281 2.866 5.814 6.725 1.211 5.543 5.095 1.493 6.505 2.802 6.040 4.212 3.089 4.941 3.455 5.428 6.899 4.233 6.646 5.819 3.729 5.238 0.911 6.775 7.879 2.777 5.847 4.240 4.398 2.568 7.864 6.843 10.075 5.506 3.766 7.149 1.574 5.174 7.184 5.986 5.378 6.618 7.718 5.799 6.728 7.268 8.090 3.715 2.891 1.105 2.533 8.530 5.130 1.822 3.956 5.374 7.513 7.146 7.679 8.119 6.613 1.300 3.632 7.872 1.282 6.898 2.383 4.852 3.124 3.400 6.402 5.479 7.912 5.564 7.442 6.917 4.462 
0.722 3.775 5.359 9.807 5.732 7.762 6.526 1.507 6.453 2.700 9.492 2.747 4.298 7.979 1.644 9.090 9.242 4.684 4.413 11.118 6.470 8.916 8.310 7.647 7.894 9.729 7.417 7.173 10.435 5.331 5.826 3.181 7.496 4.339 2.949 4.024 2.095 3.774 1.594 1.170 7.545 5.988 9.636 3.446 2.010 7.215 8.539 1.399 5.760 5.722 7.622 6.892 6.346 6.421 8.783 8.731 10.917 6.814 11.042 6.018 7.601 5.170 8.655 2.137 11.775 10.017 10.848 6.573 9.086 9.394 8.731 9.133 5.853 6.147 5.917 8.628 5.896 4.308 6.266 2.152 4.014 2.803 1.348 5.663 5.771 3.937 2.837 8.100 0.531 8.797 5.273 3.797 3.859 8.023 8.365 4.052 4.694 9.084 4.543 6.125 
7.437 5.491 6.872 3.756 8.194 2.108 8.357 7.535 1.238 5.322 2.451 5.508 7.469 0.729 6.071 2.878 1.640 6.804 5.243 5.257 2.113 1.405 2.594 4.571 4.140 3.141 0.586 5.358 4.483 2.382 5.167 4.722 3.909 3.415 7.226 5.221 6.041 7.183 7.314 6.709 2.396 2.028 3.005 7.148 7.607 7.306 0.898 7.506 3.793 1.952 2.434 2.001 8.459 2.777 1.158 4.032 5.344 2.639 3.962 4.945 1.379 3.281 1.552 5.603 5.604 2.374 4.885 1.470 1.431 1.907 4.071 5.715 6.441 3.902 4.021 2.378 4.727 3.896 1.468 6.363 4.359 5.938 8.017 2.346 6.684 4.599 6.107 6.469 8.066 5.887 2.514 5.819 7.219 0.436 1.710 5.030 2.965 1.448 3.681 2.120 
1.371 4.226 3.460 8.050 4.070 6.120 4.799 1.122 5.343 1.112 7.940 3.036 2.625 6.894 1.070 8.384 8.069 2.805 2.423 9.282 5.750 7.544 7.655 5.698 5.986 8.066 6.325 5.178 8.635 4.052 3.831 2.915 5.602 3.563 1.396 2.049 0.431 2.067 0.891 2.125 5.854 5.140 7.987 1.767 1.206 5.280 7.263 3.026 3.897 4.645 5.925 5.289 4.665 5.917 7.482 8.389 9.052 5.095 9.433 4.032 6.090 4.715 7.178 1.158 9.964 8.704 9.035 5.639 7.835 8.294 6.860 7.154 3.888 4.255 5.817 6.984 3.924 2.661 4.968 3.001 3.862 3.430 3.216 4.868 3.831 2.116 3.573 6.101 2.101 6.805 3.920 1.797 2.155 6.740 6.821 4.290 3.657 7.877 4.129 4.599 
0.918 3.674 4.186 8.460 4.775 6.451 5.517 1.158 5.383 1.344 8.223 2.487 3.324 6.934 0.562 8.269 8.157 3.532 3.051 9.748 5.620 7.728 7.515 6.263 6.510 8.415 6.365 5.811 9.075 4.161 4.467 2.536 6.113 3.417 2.036 2.653 0.712 2.768 1.012 1.407 6.216 5.057 8.327 2.456 1.501 6.000 7.397 2.301 4.380 4.660 6.291 5.593 5.375 5.702 7.629 8.135 9.541 5.473 9.752 4.648 6.343 4.464 7.417 0.943 10.413 8.862 9.484 5.600 7.959 8.348 7.353 7.756 4.600 4.764 5.456 7.319 4.519 2.974 5.098 2.330 3.480 2.816 2.512 4.758 4.551 2.558 2.940 6.776 1.620 7.429 4.068 2.484 2.856 6.875 7.096 3.797 3.636 7.980 3.850 4.852 
5.955 7.057 2.550 4.138 3.784 3.110 3.698 5.514 4.595 4.001 4.809 6.214 3.719 5.568 5.121 7.691 6.158 2.871 2.164 5.016 5.834 5.123 7.261 1.198 1.671 4.509 5.182 0.727 4.520 3.689 0.829 5.493 1.444 4.806 4.336 2.540 4.478 3.771 5.295 6.306 2.721 5.200 4.492 3.950 5.250 2.463 5.234 7.316 1.360 4.403 2.737 2.846 3.864 6.428 5.312 8.568 4.706 2.215 5.899 0.564 3.632 5.861 4.487 4.715 5.746 6.233 4.850 5.231 5.738 6.549 2.616 2.570 1.879 1.027 7.191 3.701 0.672 2.852 3.863 6.735 5.999 6.782 7.641 5.202 2.160 2.782 6.983 1.954 6.682 2.255 3.455 2.870 3.749 4.853 3.983 6.804 4.266 5.906 5.674 2.948 
5.885 8.419 1.260 6.638 1.474 5.838 1.022 5.179 7.040 4.778 7.505 7.344 2.429 8.191 5.659 10.266 8.868 1.921 2.960 7.183 8.146 7.849 9.763 3.599 4.181 7.127 7.756 2.527 6.864 5.900 2.328 6.836 4.087 6.613 3.700 3.313 4.863 2.869 5.033 6.826 5.449 7.470 7.127 3.190 4.734 0.783 7.940 7.745 3.719 6.682 5.465 5.514 1.252 8.651 8.029 10.974 6.798 4.906 8.471 2.538 6.339 7.830 7.215 5.443 7.917 8.960 7.112 7.636 8.455 9.249 5.041 4.130 1.128 3.583 9.172 6.404 2.759 4.518 6.330 7.585 7.593 7.859 7.904 7.386 0.997 4.015 8.038 2.370 6.500 3.602 5.655 3.099 2.792 7.534 6.711 8.298 6.226 8.617 7.475 5.446 
6.299 2.792 7.930 7.097 9.109 5.143 9.553 6.749 2.558 4.926 5.837 3.468 7.942 3.113 5.030 3.106 4.278 7.573 6.050 8.617 1.287 4.710 2.323 7.076 6.833 6.527 2.820 7.504 7.834 3.129 6.733 3.071 6.481 2.430 7.135 5.795 5.452 7.476 6.587 5.032 5.274 1.693 6.391 7.296 7.037 9.039 4.106 5.462 5.468 2.445 5.342 4.554 9.557 0.620 4.361 2.553 8.667 5.074 7.299 6.639 4.472 1.181 4.942 4.738 8.992 5.330 8.248 1.992 4.406 4.190 7.085 8.518 7.800 5.800 0.649 5.671 6.390 4.427 3.184 4.244 2.175 3.620 5.985 1.620 7.959 5.031 3.708 8.739 6.704 8.540 3.367 6.264 7.544 3.806 5.039 2.345 2.705 4.264 1.751 4.007 
5.337 8.031 0.809 6.930 0.983 5.957 0.883 4.616 6.943 4.358 7.690 6.929 1.844 8.172 5.183 10.206 8.923 1.408 2.662 7.571 7.988 7.948 9.668 3.879 4.447 7.369 7.710 2.823 7.207 5.744 2.326 6.465 4.302 6.339 3.135 2.972 4.383 2.301 4.478 6.330 5.569 7.306 7.359 2.625 4.163 1.357 7.993 7.229 3.686 6.532 5.594 5.551 0.993 8.461 8.101 10.831 7.199 4.969 8.739 2.581 6.405 7.577 7.334 4.998 8.309 9.085 7.478 7.518 8.526 9.292 5.345 4.577 1.044 3.618 8.909 6.582 2.771 4.274 6.252 7.124 7.258 7.429 7.370 7.197 0.796 3.710 7.603 2.867 5.938 4.060 5.502 2.677 2.222 7.564 6.835 7.936 5.997 8.676 7.187 5.396 
