10 20 40
59.456 122.767 66.881 72.966 73.940 115.018 107.879 61.373 116.983 51.894 
369.109 281.862 376.751 296.681 234.783 61.459 306.608 231.784 41.726 144.624 297.921 160.407 204.506 80.017 189.406 329.674 49.656 238.973 29.454 278.357 
27.282 17.786 17.182 22.006 33.243 19.621 7.840 31.683 19.966 11.235 27.169 34.152 27.628 34.954 15.814 11.822 16.546 14.930 29.779 27.798 11.652 13.200 25.772 21.060 15.842 19.705 7.339 20.064 32.929 13.582 20.591 26.116 27.277 18.374 34.571 18.079 18.820 7.841 25.519 13.985 
1350.222 1168.734 1425.775 1239.881 1037.121 561.202 1221.535 1090.613 453.529 850.265 1228.693 874.771 1072.525 633.167 927.643 1277.047 538.906 1112.513 403.302 1195.691 
1.893 6.092 6.392 6.985 5.308 1.906 1.331 6.571 1.164 6.592 1.300 1.121 5.626 6.539 3.024 5.682 4.005 3.385 4.193 9.122 
9.362 6.843 6.315 9.102 8.596 7.870 8.550 7.404 9.050 6.764 8.291 10.496 6.392 4.170 11.879 4.106 5.554 7.384 8.511 0.553 
7.319 7.206 2.146 9.450 4.402 5.677 5.412 3.252 6.703 2.628 5.810 7.756 2.189 0.144 8.374 1.453 2.890 3.670 4.453 3.674 
9.142 8.778 2.766 11.073 5.289 7.501 7.128 3.656 8.514 3.051 7.619 9.511 3.260 1.952 9.892 3.195 4.716 5.244 5.670 3.691 
2.065 6.396 6.585 7.218 5.379 2.246 1.537 6.714 1.415 6.764 1.646 0.887 5.823 6.818 2.716 5.991 4.323 3.575 4.267 9.453 
3.902 7.283 4.617 8.628 3.186 3.089 1.115 4.593 3.078 4.720 2.562 3.039 3.888 5.347 2.978 4.869 3.485 1.746 2.075 8.518 
8.785 8.004 3.283 10.322 5.767 7.142 7.028 4.298 8.219 3.662 7.336 9.345 3.601 1.705 10.001 2.696 4.353 5.298 5.979 2.745 
0.910 3.905 7.118 4.751 6.781 1.069 2.838 7.614 1.118 7.449 1.398 2.649 6.376 6.521 5.237 5.359 3.758 4.421 5.718 8.247 
7.968 10.005 2.081 11.898 1.162 6.679 5.143 1.038 7.147 1.667 6.390 7.344 2.154 4.268 6.457 4.940 4.970 3.311 2.235 7.847 
5.618 1.961 7.475 4.240 8.662 4.671 6.300 8.455 5.686 7.967 5.284 7.296 7.028 5.606 9.543 4.403 4.229 6.414 7.975 4.918 
7.356 4.362 6.080 8.806 3.564 8.163 6.292 3.300 6.071 5.011 8.747 1.196 3.584 2.100 3.943 8.230 1.010 2.667 4.682 8.908 3.554 6.022 7.843 4.115 5.158 6.745 8.571 7.945 4.426 3.655 7.721 1.327 4.814 7.330 5.560 1.650 7.131 3.406 3.843 6.363 
7.894 8.304 8.998 9.373 4.864 8.119 6.746 7.524 6.624 0.441 8.823 4.713 1.204 5.796 4.935 6.357 3.678 3.184 1.968 9.419 2.342 1.580 6.880 8.741 4.364 3.728 8.738 6.231 3.656 4.021 9.214 3.491 1.306 9.480 4.907 5.724 6.463 1.264 3.195 2.546 
1.040 5.628 3.472 1.377 4.250 1.947 1.939 6.277 2.030 9.061 1.936 6.384 7.743 5.762 3.981 4.939 7.402 6.011 10.220 1.507 9.667 8.607 3.454 8.141 4.380 6.585 1.724 4.656 4.994 4.787 0.866 7.073 9.796 2.056 3.907 6.320 3.092 8.046 5.483 7.694 
10.059 9.415 10.587 11.566 6.678 10.373 8.890 8.444 8.744 2.079 11.074 5.739 2.994 6.912 6.841 8.684 4.426 4.857 0.549 11.620 1.648 3.509 9.197 9.220 6.593 6.007 10.977 8.562 5.821 5.968 11.225 4.460 1.027 11.330 7.145 6.661 8.752 2.700 5.263 4.710 
3.384 3.708 1.197 3.721 4.503 4.440 3.640 4.659 3.565 9.801 4.451 5.844 8.268 4.865 4.440 7.156 7.113 6.286 10.584 3.855 9.789 9.729 5.742 6.274 5.661 8.216 4.243 6.839 5.971 5.354 1.828 6.893 10.314 0.594 5.360 5.386 5.207 8.471 6.229 9.061 
5.754 4.011 5.080 7.230 1.926 6.529 4.665 3.259 4.447 4.715 7.125 0.627 3.094 1.502 2.301 6.671 1.377 1.386 4.995 7.327 4.075 5.339 6.211 4.738 3.589 5.477 6.954 6.373 2.929 2.061 6.282 1.137 4.884 6.060 3.953 1.534 5.493 3.115 2.437 5.373 
5.102 2.124 3.228 6.393 2.201 6.096 4.266 1.744 4.038 6.652 6.558 1.840 5.024 0.775 2.529 7.181 3.180 3.099 6.968 6.511 6.006 7.117 6.324 3.642 4.311 6.714 6.356 6.849 3.977 2.990 5.038 3.063 6.866 4.501 4.448 1.313 5.575 5.081 3.762 6.935 
2.146 5.388 2.976 1.947 4.890 2.974 2.945 6.206 2.990 9.936 2.799 6.789 8.544 6.008 4.683 6.041 7.920 6.707 10.991 2.077 10.355 9.579 4.552 7.957 5.348 7.650 2.612 5.760 5.891 5.552 0.299 7.627 10.611 1.253 4.910 6.563 4.196 8.819 6.320 8.715 
6.659 3.619 5.251 8.080 2.962 7.516 5.635 2.625 5.410 5.390 8.074 0.565 3.849 1.271 3.355 7.841 1.409 2.488 5.293 8.187 4.217 6.233 7.327 3.757 4.761 6.618 7.891 7.540 4.109 3.231 6.931 1.519 5.340 6.508 5.107 0.859 6.598 3.754 3.601 6.412 
1.527 5.640 3.349 1.431 4.628 2.335 2.431 6.368 2.509 9.527 2.197 6.678 8.185 5.988 4.381 5.407 7.742 6.414 10.654 1.566 10.073 9.097 3.916 8.187 4.867 7.089 2.000 5.130 5.463 5.212 0.479 7.427 10.244 1.763 4.402 6.547 3.583 8.479 5.934 8.193 
5.766 3.402 4.641 7.196 2.082 6.619 4.739 2.629 4.513 5.332 7.178 0.441 3.718 0.878 2.476 7.039 1.739 1.990 5.533 7.301 4.558 5.968 6.463 4.147 3.975 6.019 6.996 6.730 3.393 2.456 6.101 1.618 5.462 5.758 4.282 0.938 5.728 3.721 2.966 5.978 
7.513 2.922 5.152 8.810 4.188 8.484 6.626 1.755 6.397 6.904 8.967 2.096 5.415 1.821 4.577 9.222 2.868 4.077 6.578 8.929 5.429 7.824 8.551 2.202 6.176 8.191 8.768 8.907 5.602 4.664 7.395 3.078 6.732 6.706 6.455 1.344 7.805 5.280 5.148 8.022 
1.201 4.954 2.965 2.111 3.544 2.310 1.570 5.549 1.579 8.503 2.496 5.626 7.128 4.995 3.301 4.962 6.666 5.334 9.589 2.235 8.992 8.148 3.531 7.434 3.922 6.292 2.279 4.652 4.454 4.145 1.138 6.346 9.192 1.895 3.502 5.553 3.026 7.414 4.892 7.308 
1.187 6.613 5.054 2.381 3.638 1.072 1.082 6.914 1.299 7.439 1.769 6.055 6.356 5.837 3.255 2.748 6.734 5.010 8.831 2.402 8.492 6.738 1.314 8.867 2.713 4.479 1.676 2.448 3.510 3.732 3.077 6.344 8.308 4.105 2.161 6.346 0.871 6.720 4.136 5.701 
7.773 1.737 4.118 8.726 5.591 8.877 7.238 1.681 7.030 9.502 9.178 4.407 7.930 3.447 5.902 10.474 5.515 6.252 9.336 8.859 8.201 10.239 9.467 1.146 7.695 10.095 8.962 10.136 7.362 6.371 6.964 5.630 9.441 5.901 7.796 3.396 8.735 7.865 7.095 10.219 
2.191 6.202 5.132 3.613 2.611 2.381 1.217 6.291 1.240 6.155 3.077 5.004 5.047 4.978 2.217 2.664 5.546 3.763 7.523 3.652 7.190 5.539 1.775 8.227 1.409 3.507 2.976 2.324 2.202 2.509 3.862 5.145 7.006 4.622 0.865 5.440 1.039 5.412 2.835 4.587 
3.125 4.825 4.362 4.649 0.915 3.767 1.962 4.735 1.770 5.477 4.398 3.320 4.074 3.305 0.520 4.189 3.981 2.362 6.540 4.728 5.997 5.292 3.471 6.636 1.427 4.036 4.244 3.860 1.535 1.105 4.177 3.600 6.139 4.475 1.455 3.751 2.733 4.366 1.854 4.670 
3.149 3.000 2.132 4.354 2.085 4.215 2.538 3.374 2.336 7.385 4.599 3.551 5.829 2.777 2.096 5.934 4.742 3.836 8.131 4.476 7.350 7.429 4.798 5.309 3.641 6.265 4.390 5.594 3.737 2.984 3.013 4.489 7.865 2.698 3.513 3.335 4.087 6.022 3.880 6.897 
3.597 2.736 0.632 4.328 3.652 4.716 3.481 3.597 3.343 8.943 4.886 4.763 7.371 3.757 3.664 7.050 6.054 5.363 9.619 4.463 8.778 8.999 5.741 5.306 5.115 7.731 4.670 6.717 5.288 4.556 2.538 5.855 9.388 1.602 4.907 4.273 5.111 7.544 5.451 8.439 
4.752 9.854 8.631 5.349 6.021 3.927 4.526 9.890 4.673 7.079 4.365 8.195 6.765 8.437 5.653 0.989 8.326 6.466 8.831 5.289 8.979 5.778 2.330 11.800 4.001 3.152 4.465 1.329 4.685 5.529 6.633 7.914 8.148 7.733 3.731 8.832 2.897 7.182 5.289 4.516 
