10 20 40
53.539 38.160 146.958 25.894 60.010 54.605 141.495 88.297 97.481 82.596 
237.700 74.699 93.594 193.233 258.301 186.224 263.540 72.450 301.975 51.379 191.644 242.265 175.027 153.235 331.057 219.466 213.619 262.824 116.063 267.818 
30.939 14.785 13.334 5.405 16.959 9.825 27.883 8.654 7.595 20.863 23.830 31.350 30.754 29.436 31.798 12.799 10.315 5.482 25.481 17.985 11.301 16.632 9.300 17.690 24.548 24.049 8.697 17.425 31.405 6.619 12.943 23.249 30.765 7.789 23.392 33.981 20.636 28.528 27.887 28.915 
1123.726 672.214 749.108 1056.639 1180.187 955.572 1183.770 673.325 1285.027 569.741 1088.405 1231.559 983.906 918.196 1401.221 1039.959 1163.619 1206.926 798.240 1136.009 
6.823 8.668 5.827 6.739 4.966 4.860 3.545 6.195 5.604 4.030 3.410 2.176 3.870 3.757 8.687 1.916 3.982 1.530 5.795 7.192 
5.283 7.756 5.061 3.564 2.103 1.800 3.613 6.871 4.629 3.855 3.481 5.279 5.734 4.509 7.901 4.520 6.079 1.767 2.950 7.297 
1.679 1.007 2.217 7.560 8.172 5.984 4.526 4.132 2.430 4.033 10.216 8.739 11.815 11.109 1.291 7.427 6.808 7.737 8.688 2.960 
3.105 5.208 2.381 5.175 4.634 2.913 1.170 4.220 2.021 1.182 5.846 4.999 7.409 6.692 5.302 3.767 4.382 3.309 5.390 4.534 
5.933 5.755 4.327 10.071 9.292 7.805 3.751 1.717 4.650 3.761 9.103 4.855 9.245 9.492 5.543 3.977 2.006 6.646 10.113 3.126 
8.700 8.838 7.087 11.743 10.451 9.504 5.710 4.804 7.299 5.953 9.116 3.945 8.306 9.139 8.634 3.969 2.457 7.199 11.306 6.221 
6.800 9.459 7.423 0.954 1.911 2.860 6.876 9.928 6.927 6.935 5.442 8.967 8.236 6.509 9.711 8.261 9.738 5.289 1.279 9.947 
6.457 8.279 5.441 6.626 4.943 4.668 3.155 5.829 5.223 3.641 3.683 2.220 4.260 4.096 8.297 1.719 3.728 1.542 5.785 6.808 
7.521 10.056 7.389 3.880 1.687 3.442 5.827 9.080 6.953 6.124 1.991 6.222 4.780 3.079 10.212 5.904 7.799 2.681 2.188 9.598 
6.503 6.454 4.885 10.327 9.405 8.052 4.010 2.418 5.169 4.101 8.933 4.407 8.871 9.244 6.248 3.678 1.596 6.571 10.241 3.837 
8.123 7.368 5.325 6.918 5.108 2.252 5.413 3.016 8.806 6.243 1.546 1.715 6.003 8.833 6.593 5.410 6.933 3.763 8.279 9.124 5.268 2.066 10.038 7.455 1.701 3.570 5.231 5.476 6.492 1.124 4.459 5.012 7.749 7.568 4.325 5.626 9.702 6.267 7.329 2.836 
8.137 9.967 6.457 9.196 7.685 4.712 5.402 0.597 10.450 5.984 1.159 4.219 6.576 9.459 7.950 8.052 8.424 6.027 9.761 11.442 7.890 2.501 11.993 9.811 4.170 5.019 5.713 7.723 9.137 3.240 5.059 7.521 7.838 9.686 6.975 6.756 11.855 6.455 8.895 2.799 
6.504 7.401 3.886 6.364 6.062 3.575 3.799 2.888 7.676 4.643 2.191 3.057 4.420 7.286 5.278 5.655 5.694 3.236 7.048 8.613 5.432 0.711 9.143 7.005 1.775 2.242 3.627 4.894 6.720 0.874 2.859 4.871 6.131 6.825 4.660 4.192 8.994 4.649 6.139 1.400 
11.479 3.201 7.742 5.127 1.203 3.979 9.508 8.937 8.576 10.398 7.411 4.395 9.088 10.988 7.930 1.988 7.799 4.603 8.670 6.281 2.297 7.358 8.467 5.007 4.877 6.545 8.754 4.748 2.104 5.811 8.168 3.326 11.072 6.173 2.264 7.897 7.450 9.837 7.836 7.999 
10.307 1.077 6.611 3.110 3.198 5.125 8.762 9.389 6.606 9.599 8.044 5.367 8.013 9.465 6.422 1.090 6.166 3.823 6.832 4.082 1.270 7.389 6.301 2.862 5.019 5.857 7.872 3.191 0.103 6.002 7.432 2.067 9.914 4.132 2.179 6.693 5.255 8.861 6.099 7.882 
9.217 3.130 5.490 3.712 2.371 3.058 7.244 7.229 6.859 8.130 5.854 3.225 6.821 8.835 5.810 1.107 5.760 2.333 6.785 5.520 1.029 5.349 7.223 3.918 2.897 4.276 6.478 2.829 2.185 3.882 5.901 1.463 8.809 4.699 0.017 5.659 6.455 7.561 5.879 5.918 
5.305 6.043 1.853 4.397 6.160 4.644 3.194 5.052 5.366 4.075 4.495 4.271 2.916 5.466 3.036 4.759 3.405 1.812 4.759 6.604 4.457 2.654 6.874 5.111 2.354 0.233 2.440 3.008 5.674 2.435 1.848 3.566 4.897 4.673 4.069 2.134 6.828 3.548 3.835 2.729 
4.099 9.304 3.374 7.524 8.837 6.500 1.408 3.602 7.467 1.959 4.218 5.982 2.844 5.568 4.861 7.914 5.444 5.024 6.620 9.638 7.632 2.382 9.379 8.266 4.496 3.032 2.054 6.223 8.886 3.772 1.783 6.805 3.805 7.589 7.084 3.596 9.633 2.480 5.957 1.618 
6.748 6.943 3.889 6.007 5.581 3.176 4.104 3.280 7.514 4.972 2.374 2.674 4.572 7.389 5.202 5.171 5.578 2.844 6.932 8.254 4.954 1.207 8.894 6.627 1.279 2.156 3.822 4.534 6.240 0.439 3.050 4.425 6.365 6.521 4.168 4.193 8.687 4.887 6.000 1.872 
5.499 6.290 2.240 4.793 6.069 4.337 3.192 4.577 5.859 4.091 4.002 3.933 3.154 5.824 3.506 4.876 3.891 1.983 5.246 7.019 4.588 2.179 7.357 5.491 2.036 0.467 2.565 3.369 5.840 1.983 1.877 3.767 5.095 5.122 4.097 2.536 7.284 3.687 4.326 2.317 
9.240 2.731 6.185 1.871 6.802 8.069 8.701 11.113 3.926 9.339 10.127 8.130 7.429 7.702 5.175 4.246 4.650 5.018 4.562 0.452 4.120 8.772 2.819 1.246 7.003 6.456 7.692 3.333 3.754 7.831 7.596 3.801 8.914 1.887 5.057 6.093 1.629 8.352 4.295 8.978 
4.186 6.858 2.723 4.186 9.201 8.650 4.692 8.964 1.765 4.969 8.730 8.381 3.125 2.495 1.280 6.863 1.078 4.847 0.837 5.275 6.547 6.699 3.894 4.789 6.513 4.327 3.828 4.094 7.232 6.749 4.242 5.523 3.925 3.430 6.835 2.428 4.636 3.895 1.042 6.433 
8.651 5.530 6.593 3.805 9.470 10.317 8.986 12.453 2.747 9.400 11.755 10.276 7.478 6.661 5.156 6.851 4.556 6.744 3.672 2.449 6.664 10.055 0.614 3.638 8.820 7.537 8.019 5.079 6.509 9.475 8.194 6.079 8.418 2.945 7.491 6.384 1.174 8.329 4.049 10.055 
9.352 3.800 6.627 2.726 7.911 9.125 9.138 11.931 3.650 9.700 11.028 9.163 7.760 7.613 5.425 5.353 4.848 5.906 4.441 0.676 5.219 9.557 2.024 2.256 7.941 7.147 8.131 4.188 4.853 8.723 8.133 4.840 9.059 2.321 6.141 6.488 0.736 8.670 4.415 9.697 
7.924 10.145 6.393 9.290 7.968 5.006 5.214 0.265 10.429 5.760 1.449 4.505 6.440 9.307 7.902 8.255 8.391 6.138 9.719 11.538 8.083 2.492 12.017 9.920 4.342 5.022 5.578 7.818 9.340 3.389 4.951 7.676 7.635 9.747 7.185 6.689 11.916 6.275 8.870 2.695 
3.966 6.445 1.447 3.892 8.246 7.443 3.700 7.686 2.720 4.157 7.416 7.146 2.214 2.971 0.144 6.086 0.737 3.734 1.906 5.487 5.759 5.395 4.683 4.602 5.255 3.015 2.743 3.353 6.619 5.446 3.030 4.707 3.617 3.432 5.890 1.172 5.139 3.108 1.237 5.160 
2.147 8.261 1.596 5.858 9.328 7.867 1.907 6.675 4.586 2.124 6.843 7.457 0.437 2.467 2.239 7.540 2.817 4.750 3.669 7.576 7.213 4.724 6.669 6.595 5.565 3.114 1.297 5.023 8.250 5.375 2.011 6.181 1.745 5.506 7.090 1.484 7.220 1.050 3.282 4.221 
7.164 3.220 3.731 0.788 5.810 6.141 6.199 8.543 3.344 6.908 7.661 6.070 5.077 6.076 3.103 3.275 2.764 2.559 3.424 2.978 2.986 6.176 3.828 1.539 4.631 3.827 5.204 0.864 3.531 5.358 5.023 2.088 6.796 1.270 3.543 3.703 3.381 5.992 2.663 6.353 
11.159 1.436 7.458 3.887 3.059 5.421 9.577 9.959 7.372 10.423 8.552 5.730 8.858 10.313 7.275 1.711 7.010 4.609 7.639 4.560 1.978 8.055 6.913 3.547 5.627 6.651 8.701 4.046 0.777 6.614 8.241 2.888 10.766 4.882 2.717 7.544 5.794 9.700 6.929 8.585 
5.501 9.714 4.521 8.259 8.587 5.942 2.847 2.191 8.661 3.331 3.075 5.404 4.226 7.002 6.053 8.101 6.608 5.407 7.856 10.457 7.853 1.832 10.471 8.971 4.308 3.664 3.392 6.857 9.139 3.395 2.926 7.166 5.225 8.479 7.151 4.782 10.596 3.919 7.115 1.230 
