25 100 100
77.276 54.697 83.282 83.541 24.503 75.560 87.632 51.556 89.935 20.289 57.259 120.517 130.513 75.091 74.968 86.767 112.860 102.501 94.885 73.051 126.231 28.807 28.806 82.150 60.601 
165.953 21.469 42.558 109.991 40.126 21.403 120.629 157.215 83.172 148.267 101.865 86.332 121.450 15.601 134.636 146.162 143.299 28.850 130.745 173.932 83.527 26.476 165.876 32.645 87.686 13.839 142.560 148.978 160.821 114.526 110.608 77.793 37.031 98.926 102.214 18.897 160.667 22.568 101.596 166.536 89.685 15.861 47.608 15.349 118.603 113.190 43.877 66.554 162.577 172.462 15.552 26.285 141.857 137.036 26.051 56.201 80.071 150.373 23.839 158.278 48.932 37.051 143.992 173.050 86.287 173.220 62.087 86.015 88.129 169.347 70.656 38.802 45.798 107.240 106.341 132.279 45.418 123.799 125.133 46.715 104.736 145.193 124.322 13.428 84.639 120.316 151.592 32.169 123.073 124.484 67.107 171.673 54.681 89.294 34.788 85.317 168.881 106.505 41.891 139.046 
30.870 20.605 15.015 28.127 13.425 13.005 27.616 24.027 7.324 15.668 18.707 19.554 17.615 11.281 34.480 34.939 18.927 21.351 8.157 13.986 18.867 16.410 34.802 23.482 23.774 9.798 24.193 9.446 9.472 10.992 21.059 6.001 12.413 11.759 24.657 19.260 15.135 12.151 27.120 9.011 15.345 9.238 12.682 21.018 15.589 32.628 27.556 15.992 6.378 25.425 12.961 5.041 15.706 23.767 34.601 5.130 21.736 18.824 12.794 30.868 6.552 12.844 15.316 16.989 26.436 34.931 13.215 28.453 27.585 29.547 33.097 7.934 24.664 18.022 20.047 24.669 26.180 21.205 15.779 14.445 12.330 32.399 16.464 24.827 6.756 26.563 7.396 5.082 21.744 20.346 21.047 17.104 31.775 21.201 28.300 13.475 18.971 6.284 8.359 28.343 
1371.920 509.320 704.575 1068.736 720.644 481.338 1178.223 1290.327 950.874 1166.879 1109.391 1005.552 1153.194 438.161 1242.575 1294.948 1280.805 579.687 1252.156 1406.980 938.631 565.785 1300.906 623.766 940.585 399.283 1266.273 1215.376 1248.636 1109.837 1022.111 943.657 649.741 1043.597 1055.777 533.556 1266.854 522.853 1000.021 1390.980 1013.820 474.613 738.808 427.349 1067.140 1118.869 697.621 896.232 1231.151 1315.295 442.755 534.546 1277.024 1190.075 551.235 798.180 959.486 1330.160 512.536 1393.126 686.265 660.922 1171.377 1431.712 981.688 1412.058 822.630 990.134 1011.457 1334.966 872.912 654.618 705.359 1136.033 1086.025 1225.712 774.945 1157.590 1176.271 768.015 1118.894 1211.681 1060.905 380.723 879.863 1157.437 1215.023 591.621 1153.033 1153.066 836.780 1286.292 853.531 928.976 594.851 1043.737 1274.170 1117.881 720.470 1240.273 
2.862 3.589 6.962 3.320 7.287 4.792 3.556 5.521 8.474 6.628 5.850 6.413 5.970 7.340 6.210 5.306 6.401 4.703 6.904 6.400 7.265 2.301 2.128 7.142 2.537 7.282 6.916 5.908 4.525 5.146 4.359 8.491 5.718 2.346 6.746 5.335 3.409 2.071 5.781 3.942 4.332 2.399 5.084 4.591 5.408 5.450 2.244 4.287 5.512 6.154 5.625 4.280 5.040 7.427 3.766 5.325 4.978 3.348 5.814 7.071 5.138 6.946 3.070 4.270 5.503 4.517 0.635 5.263 3.995 2.262 6.133 7.173 3.186 4.187 3.929 5.513 2.359 3.431 4.906 1.797 4.536 3.762 4.192 5.515 4.338 3.927 6.428 5.279 0.760 7.717 2.495 4.975 7.056 6.392 6.840 5.246 6.908 3.931 1.471 2.481 
9.288 4.069 4.134 5.858 2.308 4.213 6.081 10.803 6.587 1.388 6.053 3.326 1.654 0.613 4.722 1.719 2.708 9.384 6.344 5.569 6.850 9.040 6.842 4.215 4.428 5.487 2.590 7.135 10.226 1.635 2.417 2.807 3.013 4.639 3.098 9.205 6.346 8.470 1.260 6.392 9.842 5.437 8.822 8.011 1.790 5.707 7.334 7.468 10.197 3.622 6.255 5.752 1.733 2.920 7.943 9.842 9.558 7.176 7.768 1.217 8.167 3.589 7.784 9.520 6.237 3.808 7.126 3.580 4.579 7.143 1.582 1.133 7.611 7.916 7.472 8.813 8.392 9.176 3.806 8.420 8.605 4.262 8.467 3.879 2.476 2.855 7.575 1.607 6.767 1.343 4.279 10.199 2.973 7.531 2.519 3.355 4.614 2.857 7.959 8.112 
5.375 6.422 3.641 7.444 8.379 2.312 1.472 5.086 3.876 7.363 1.151 3.786 4.906 7.099 2.509 4.905 4.265 9.710 2.140 2.043 2.358 5.989 3.064 3.761 3.792 3.044 4.754 0.927 5.034 5.595 5.180 9.247 3.644 3.758 8.529 2.963 7.767 4.915 5.286 8.219 4.582 2.839 2.607 1.901 4.766 1.077 7.179 8.924 4.191 8.423 0.787 8.174 5.419 5.000 8.639 3.810 3.639 2.097 1.273 7.538 1.785 4.032 8.004 4.136 0.677 7.175 4.700 7.690 2.143 3.119 5.018 7.531 8.062 2.085 8.637 2.406 4.405 8.422 7.530 5.286 9.445 6.777 2.746 2.792 5.394 5.075 1.483 5.977 5.703 7.863 4.523 4.577 4.594 1.441 8.237 7.525 3.236 5.111 4.853 7.503 
7.862 6.535 0.921 8.057 7.082 1.926 3.589 7.911 2.042 6.057 1.767 1.537 3.269 5.312 0.462 3.717 2.157 11.017 1.543 0.903 2.018 8.243 5.239 0.988 4.487 0.739 2.438 2.899 7.811 4.639 4.636 7.653 1.979 4.589 7.586 5.752 8.487 7.253 3.864 8.821 7.361 4.286 5.411 4.726 3.485 1.756 8.469 9.739 7.005 7.770 2.127 8.524 4.493 2.468 9.731 6.626 6.463 4.667 3.684 6.050 4.561 1.456 9.228 6.924 2.196 6.991 6.582 7.262 2.680 5.415 3.298 5.986 9.202 4.885 9.545 5.135 6.845 10.046 7.247 7.511 10.540 6.891 5.549 1.398 4.891 4.781 3.136 5.027 7.172 6.147 5.065 7.397 2.139 3.101 7.129 7.048 0.422 4.818 7.024 9.002 
6.065 5.700 2.477 6.965 7.231 1.104 1.794 6.249 3.401 6.201 0.975 2.511 3.647 5.846 1.387 3.721 2.974 9.612 1.894 1.327 2.340 6.483 3.469 2.621 3.240 2.264 3.469 1.869 6.061 4.486 4.178 8.041 2.358 3.277 7.475 4.221 7.344 5.473 4.067 7.746 5.613 2.683 3.853 3.095 3.559 0.516 7.047 8.562 5.409 7.456 1.021 7.586 4.313 3.738 8.415 5.029 4.825 2.876 2.489 6.340 3.062 2.801 7.845 5.186 0.974 6.352 4.905 6.788 1.314 3.628 3.751 6.322 7.858 3.183 8.318 3.693 5.051 8.499 6.676 5.753 9.231 6.064 3.842 1.500 4.413 4.154 2.358 4.879 5.653 6.626 3.932 5.706 3.326 2.312 7.134 6.603 2.162 4.192 5.275 7.496 
5.717 2.013 8.022 0.345 5.583 6.194 5.929 8.565 10.090 5.324 7.858 7.242 6.059 6.491 7.649 5.263 6.965 3.311 8.805 8.128 9.259 4.818 4.974 8.195 3.682 8.793 7.345 8.269 7.538 4.604 4.003 6.786 6.487 3.648 4.698 8.297 0.426 5.019 5.589 0.911 7.374 4.513 8.011 7.418 5.471 7.402 1.640 1.663 8.562 3.903 7.746 1.287 4.602 7.881 1.871 8.363 8.014 6.138 8.380 5.829 7.920 7.788 1.763 7.326 7.640 2.498 3.688 3.138 5.616 5.184 6.193 5.977 1.552 7.050 1.499 8.382 5.393 3.309 2.747 4.614 2.594 1.843 7.163 6.701 3.814 3.635 8.824 4.494 2.372 6.534 3.023 8.028 7.619 8.782 5.032 3.246 8.169 3.609 4.441 2.412 
2.834 3.705 7.386 3.213 7.471 5.221 3.976 5.652 8.908 6.856 6.279 6.825 6.331 7.627 6.642 5.648 6.798 4.308 7.335 6.834 7.693 2.114 2.497 7.566 2.921 7.716 7.308 6.318 4.617 5.437 4.653 8.684 6.124 2.737 6.875 5.623 3.241 2.100 6.115 3.776 4.463 2.833 5.389 4.935 5.760 5.882 1.913 4.024 5.718 6.243 6.051 4.184 5.340 7.823 3.436 5.553 5.209 3.713 6.202 7.311 5.490 7.361 2.724 4.443 5.929 4.611 0.865 5.358 4.426 2.601 6.493 7.419 2.864 4.523 3.652 5.838 2.483 3.000 4.988 1.732 4.187 3.841 4.482 5.939 4.613 4.216 6.833 5.547 0.552 7.970 2.810 5.129 7.457 6.798 7.005 5.359 7.337 4.216 1.519 2.071 
6.508 1.876 8.162 0.485 5.046 6.474 6.450 9.322 10.338 4.912 8.245 7.343 6.009 6.166 7.894 5.217 7.006 3.645 9.148 8.437 9.620 5.618 5.630 8.329 4.065 9.033 7.338 8.743 8.309 4.458 3.962 6.220 6.597 4.069 4.087 8.963 0.694 5.798 5.484 0.582 8.132 5.030 8.664 8.039 5.442 7.784 2.400 1.656 9.285 3.256 8.165 0.489 4.487 7.867 2.239 9.072 8.723 6.760 8.910 5.416 8.522 7.877 2.358 8.067 8.064 2.049 4.436 2.577 5.972 5.859 6.129 5.572 2.100 7.685 1.684 9.010 6.154 3.944 2.206 5.403 2.809 1.588 7.838 6.910 3.743 3.654 9.302 4.283 3.146 6.116 3.355 8.777 7.640 9.258 4.481 2.724 8.357 3.622 5.214 3.137 
9.350 8.282 2.047 9.840 8.406 3.715 5.129 8.939 0.562 7.420 2.880 2.931 4.686 6.449 2.241 5.279 3.482 12.806 1.952 2.071 2.038 9.841 6.827 1.925 6.279 1.124 3.515 3.689 9.027 6.215 6.320 8.793 3.583 6.378 9.046 6.662 10.275 8.810 5.320 10.600 8.577 6.008 6.377 5.829 5.034 3.121 10.254 11.529 7.952 9.326 3.238 10.281 6.086 3.266 11.525 7.587 7.493 6.078 4.442 7.322 5.516 2.535 11.019 8.125 3.350 8.683 8.272 8.894 4.439 6.965 4.669 7.229 10.995 6.084 11.338 5.978 8.351 11.805 8.913 9.115 12.334 8.634 6.730 3.169 6.573 6.506 3.651 6.584 8.935 7.278 6.859 8.491 3.134 3.636 8.538 8.673 1.728 6.542 8.641 10.771 
11.010 4.774 6.861 6.174 0.945 6.824 8.459 12.976 9.290 1.782 8.743 6.067 4.370 2.341 7.457 4.208 5.448 9.512 9.081 8.301 9.589 10.519 8.876 6.931 6.348 8.223 5.287 9.789 12.259 3.596 4.235 0.304 5.731 6.540 1.856 11.616 6.590 10.181 3.863 6.411 11.919 7.541 11.236 10.430 4.363 8.373 8.049 7.406 12.492 2.720 8.919 5.640 3.769 5.540 8.148 12.159 11.849 9.449 10.377 1.583 10.657 6.306 8.237 11.654 8.890 4.010 8.721 3.353 7.049 9.183 4.315 1.621 7.999 10.275 7.554 11.297 10.239 9.796 3.742 10.010 8.621 4.756 10.761 6.581 4.126 4.560 10.253 3.268 7.982 1.522 5.929 12.367 5.661 10.208 1.459 3.244 7.350 4.540 9.610 8.852 
5.788 6.245 3.076 7.384 7.977 1.858 1.657 5.643 3.469 6.952 0.706 3.232 4.421 6.620 1.944 4.477 3.726 9.825 1.769 1.529 2.086 6.331 3.345 3.197 3.674 2.538 4.205 1.131 5.558 5.214 4.858 8.806 3.128 3.671 8.184 3.528 7.734 5.276 4.834 8.165 5.106 2.876 3.173 2.459 4.322 0.515 7.271 8.922 4.755 8.127 0.448 8.066 5.039 4.439 8.697 4.375 4.199 2.513 1.714 7.103 2.348 3.467 8.088 4.664 0.333 6.951 4.920 7.427 1.861 3.444 4.526 7.088 8.127 2.618 8.653 2.963 4.796 8.607 7.291 5.615 9.509 6.605 3.282 2.262 5.083 4.794 1.659 5.603 5.823 7.399 4.395 5.127 4.036 1.613 7.864 7.251 2.678 4.831 5.161 7.650 
3.595 3.523 8.133 2.527 7.355 6.021 4.987 6.580 9.809 6.874 7.244 7.501 6.783 7.808 7.477 6.043 7.399 3.255 8.287 7.742 8.667 2.633 3.569 8.313 3.548 8.582 7.878 7.351 5.504 5.671 4.917 8.579 6.770 3.399 6.623 6.689 2.421 2.978 6.477 2.939 5.400 3.747 6.462 6.014 6.191 6.830 0.854 3.018 6.724 5.904 7.037 3.478 5.604 8.408 2.366 6.581 6.241 4.788 7.264 7.357 6.569 8.049 1.647 5.426 6.917 4.328 1.940 5.057 5.265 3.681 6.940 7.482 1.802 5.603 2.631 6.916 3.448 2.118 4.666 2.515 3.108 3.556 5.550 6.697 4.823 4.479 7.875 5.707 0.773 8.044 3.226 6.086 8.068 7.839 6.846 5.103 8.137 4.470 2.456 1.070 
6.233 4.148 2.532 5.605 5.554 0.652 2.391 7.187 4.477 4.535 2.656 1.964 2.217 4.345 2.032 2.084 2.069 8.596 3.370 2.609 3.874 6.347 3.556 2.712 2.072 3.175 2.619 3.561 6.751 2.783 2.472 6.426 1.333 2.204 5.761 5.464 6.032 5.497 2.493 6.373 6.332 2.253 5.081 4.271 1.964 2.218 6.069 7.283 6.502 5.748 2.735 6.110 2.607 3.075 7.287 6.138 5.871 3.552 4.098 4.716 4.417 2.489 6.806 5.963 2.681 4.713 4.508 5.104 0.858 3.819 2.358 4.715 6.767 4.205 7.089 5.063 5.234 7.720 5.017 5.630 8.093 4.510 4.792 1.106 2.712 2.487 4.068 3.172 4.857 5.074 2.611 6.596 2.673 4.022 5.432 4.912 2.577 2.525 5.130 6.650 
8.084 7.937 2.457 9.326 8.739 3.156 3.996 7.478 1.190 7.711 1.641 3.192 4.925 6.962 1.883 5.337 3.811 12.035 0.576 1.184 0.561 8.671 5.690 2.441 5.625 1.099 4.050 2.236 7.616 6.243 6.161 9.308 3.612 5.680 9.218 5.192 9.724 7.609 5.512 10.104 7.170 5.092 4.918 4.412 5.113 2.015 9.470 10.955 6.481 9.363 1.943 9.887 6.089 3.988 10.834 6.120 6.040 4.805 2.968 7.709 4.062 3.028 10.268 6.716 2.066 8.480 7.244 8.810 3.691 5.785 4.957 7.645 10.279 4.698 10.722 4.502 7.111 10.895 8.763 7.958 11.650 8.300 5.327 2.901 6.413 6.250 2.165 6.636 8.067 7.798 6.287 7.047 3.717 2.150 8.775 8.603 1.932 6.288 7.506 9.908 
9.209 8.153 1.941 9.704 8.320 3.573 4.985 8.819 0.587 7.330 2.744 2.823 4.586 6.377 2.098 5.167 3.383 12.663 1.831 1.928 1.942 9.697 6.683 1.826 6.137 0.978 3.435 3.570 8.897 6.103 6.197 8.724 3.464 6.235 8.948 6.546 10.138 8.667 5.218 10.465 8.447 5.862 6.258 5.702 4.923 2.979 10.110 11.391 7.835 9.219 3.104 10.150 5.972 3.204 11.384 7.470 7.372 5.938 4.329 7.239 5.395 2.443 10.876 7.996 3.215 8.560 8.126 8.779 4.294 6.821 4.572 7.149 10.853 5.953 11.198 5.865 8.210 11.660 8.794 8.970 12.193 8.505 6.600 3.034 6.451 6.379 3.546 6.474 8.790 7.208 6.719 8.368 3.057 3.530 8.444 8.558 1.602 6.415 8.496 10.626 
6.742 7.001 2.687 8.253 8.338 2.306 2.665 6.314 2.505 7.302 0.340 3.112 4.608 6.782 1.641 4.830 3.694 10.800 0.774 0.872 1.090 7.323 4.349 2.761 4.525 1.768 4.087 1.137 6.358 5.661 5.424 9.061 3.248 4.549 8.666 4.078 8.623 6.260 5.112 9.034 5.908 3.842 3.764 3.168 4.638 0.798 8.241 9.831 5.358 8.696 0.595 8.886 5.492 4.203 9.646 4.984 4.862 3.461 1.929 7.387 2.899 3.186 9.052 5.456 0.717 7.640 5.926 8.056 2.613 4.438 4.683 7.350 9.081 3.414 9.576 3.426 5.764 9.606 7.958 6.611 10.460 7.365 4.061 2.387 5.665 5.429 1.381 6.057 6.807 7.596 5.226 5.844 3.839 1.344 8.289 7.865 2.191 5.467 6.162 8.640 
3.079 6.682 6.066 7.091 9.576 4.246 2.089 2.715 6.373 8.649 3.700 6.023 6.693 8.753 4.957 6.424 6.381 8.461 4.639 4.588 4.752 3.950 1.917 6.206 4.193 5.593 6.919 3.003 2.490 6.843 6.206 10.620 5.668 4.040 9.435 1.416 7.272 2.876 6.890 7.791 2.038 2.940 1.144 0.873 6.366 3.574 6.159 8.224 2.065 9.101 3.331 7.991 6.674 7.261 7.683 1.731 1.422 0.980 2.477 8.944 1.427 6.374 6.968 1.601 3.226 7.589 3.382 8.251 3.622 1.699 6.837 8.980 7.110 0.494 7.869 1.610 2.278 6.925 7.985 3.363 8.426 6.982 0.333 4.943 6.347 5.932 3.325 7.161 4.700 9.413 4.810 2.140 6.841 3.309 9.297 8.144 5.719 5.959 3.077 6.220 
4.063 3.231 4.975 3.971 6.263 2.815 2.082 5.837 6.587 5.421 4.097 4.434 4.167 5.837 4.256 3.604 4.458 6.387 5.110 4.527 5.522 3.964 1.720 5.155 0.823 5.355 4.987 4.415 5.098 3.702 2.959 7.385 3.756 0.623 6.007 4.832 4.280 3.257 4.098 4.740 4.757 0.661 4.489 3.777 3.654 3.660 3.822 5.439 5.464 5.635 3.940 4.755 3.557 5.484 5.210 5.169 4.834 2.547 4.542 5.790 4.210 4.963 4.623 4.508 3.827 4.123 2.065 4.781 2.040 2.025 4.331 5.858 4.645 3.478 5.162 4.750 3.160 5.330 4.517 3.279 6.024 3.548 3.797 3.528 3.040 2.603 4.970 3.946 2.457 6.357 1.341 5.231 5.101 4.928 5.925 4.677 4.934 2.623 2.790 4.295 
4.762 4.100 9.501 2.495 7.764 7.453 6.551 7.857 11.296 7.477 8.782 8.812 7.890 8.588 8.924 7.112 8.642 1.687 9.814 9.241 10.207 3.655 5.137 9.681 4.910 10.046 9.084 8.920 6.747 6.582 5.894 8.966 8.064 4.792 6.866 8.188 2.114 4.301 7.498 2.455 6.711 5.276 7.981 7.566 7.291 8.359 0.913 1.972 8.118 6.052 8.587 3.202 6.550 9.622 1.043 8.008 7.677 6.353 8.837 7.980 8.125 9.365 0.458 6.797 8.468 4.677 3.485 5.315 6.733 5.236 8.038 8.124 0.740 7.150 1.586 8.451 4.839 1.137 4.925 3.789 1.615 3.991 7.059 8.088 5.747 5.479 9.447 6.532 2.321 8.685 4.451 7.413 9.311 9.410 7.212 5.426 9.550 5.461 3.863 0.673 
7.503 2.790 3.790 4.584 3.200 2.959 4.491 9.110 6.211 2.198 4.962 2.909 1.350 2.383 3.940 0.575 2.443 8.031 5.512 4.713 6.031 7.266 5.089 3.932 2.644 4.952 2.699 5.920 8.485 0.429 0.749 4.143 2.262 2.855 3.435 7.647 5.072 6.685 0.856 5.238 8.112 3.694 7.267 6.459 0.820 4.548 5.788 6.287 8.561 3.543 5.080 4.733 0.266 3.217 6.602 8.218 7.918 5.518 6.453 2.450 6.685 3.385 6.333 7.808 5.034 2.926 5.347 3.066 3.081 5.393 1.468 2.484 6.198 6.316 6.215 7.323 6.614 7.620 3.108 6.638 7.331 3.082 6.826 2.932 0.927 1.173 6.419 0.826 5.065 2.938 2.522 8.502 3.027 6.373 3.074 2.844 4.131 1.186 6.175 6.534 
10.536 4.491 6.072 6.041 0.874 6.088 7.793 12.381 8.501 1.193 7.985 5.280 3.598 1.555 6.679 3.484 4.661 9.479 8.302 7.525 8.808 10.111 8.306 6.142 5.786 7.434 4.497 9.044 11.703 2.955 3.651 0.861 4.960 5.985 1.998 10.948 6.486 9.707 3.113 6.369 11.349 6.943 10.567 9.758 3.624 7.623 7.832 7.405 11.860 2.823 8.170 5.620 3.122 4.755 8.079 11.520 11.217 8.815 9.647 0.856 9.964 5.516 8.098 11.067 8.145 3.837 8.269 3.272 6.352 8.613 3.537 0.858 7.875 9.620 7.513 10.607 9.727 9.624 3.635 9.568 8.612 4.532 10.126 5.817 3.575 4.013 9.500 2.665 7.626 0.755 5.429 11.772 4.872 9.455 1.426 3.117 6.562 3.997 9.149 8.637 
8.739 6.412 0.352 8.081 6.284 2.471 4.517 9.055 2.601 5.297 3.000 0.919 2.582 4.357 1.483 3.230 1.378 11.268 2.746 2.159 3.173 8.996 6.058 0.281 4.802 1.620 1.405 4.147 8.877 4.159 4.366 6.709 1.669 4.948 6.930 6.949 8.543 8.069 3.219 8.812 8.430 4.917 6.598 5.879 2.983 2.916 8.778 9.798 8.182 7.238 3.347 8.414 4.044 1.271 9.914 7.801 7.619 5.665 4.928 5.204 5.761 0.419 9.484 8.006 3.403 6.707 7.219 6.854 3.297 6.273 2.553 5.115 9.421 5.998 9.650 6.353 7.719 10.464 6.905 8.267 10.704 6.748 6.659 1.705 4.612 4.616 4.391 4.512 7.608 5.192 5.251 8.521 1.035 4.357 6.415 6.628 0.848 4.649 7.770 9.387 
5.766 2.549 4.014 3.991 4.715 2.243 2.981 7.410 6.096 3.803 4.135 3.278 2.557 4.131 3.651 1.919 3.112 7.099 4.953 4.214 5.444 5.591 3.348 4.189 0.914 4.792 3.584 4.855 6.749 2.026 1.345 5.777 2.525 1.125 4.641 6.101 4.427 4.953 2.409 4.755 6.384 1.972 5.729 4.941 2.000 3.675 4.635 5.683 6.921 4.447 4.131 4.490 1.871 4.115 5.746 6.593 6.278 3.883 5.235 4.134 5.248 3.830 5.319 6.096 4.050 3.204 3.666 3.697 1.887 3.654 2.720 4.190 5.250 4.740 5.506 5.863 4.865 6.382 3.545 4.937 6.541 2.913 5.194 2.681 1.495 1.110 5.401 2.312 3.613 4.672 1.091 6.801 3.782 5.355 4.450 3.535 4.147 1.143 4.461 5.291 
0.475 6.678 8.888 6.133 10.362 6.749 4.742 3.306 9.720 9.658 6.961 8.573 8.599 10.244 7.897 8.049 8.736 5.956 7.989 7.763 8.181 1.037 3.142 9.055 5.228 8.763 9.285 6.477 2.189 8.065 7.288 11.556 8.001 5.017 9.839 4.418 6.066 1.190 8.543 6.585 2.308 4.432 4.386 4.406 8.098 6.708 4.410 6.547 3.840 9.235 6.624 7.100 7.938 9.740 5.713 3.870 3.613 3.757 6.009 10.079 4.944 9.041 5.004 2.581 6.504 7.599 2.581 8.346 5.938 2.927 8.762 10.169 5.246 4.014 6.148 4.951 1.486 4.244 7.982 1.296 6.258 6.835 3.545 7.525 7.308 6.878 6.845 8.251 3.530 10.698 5.434 2.990 9.331 6.826 9.927 8.335 8.670 6.888 1.703 4.021 
2.692 6.895 6.588 7.174 9.923 4.737 2.558 2.249 6.887 9.016 4.225 6.528 7.145 9.174 5.481 6.844 6.873 8.320 5.156 5.116 5.255 3.646 2.071 6.729 4.494 6.120 7.414 3.499 1.962 7.219 6.557 10.990 6.154 4.326 9.733 1.450 7.322 2.609 7.317 7.849 1.511 3.258 1.303 1.323 6.797 4.102 6.106 8.216 1.732 9.362 3.856 8.097 7.054 7.766 7.622 1.454 1.110 1.393 2.930 9.328 1.826 6.888 6.898 1.076 3.751 7.817 3.339 8.498 4.085 1.802 7.292 9.370 7.057 1.002 7.849 1.850 2.006 6.736 8.216 3.121 8.342 7.180 0.417 5.446 6.684 6.262 3.791 7.525 4.687 9.816 5.070 1.655 7.346 3.778 9.623 8.403 6.245 6.287 2.902 6.099 
8.903 4.821 5.990 4.959 5.411 5.192 9.483 2.848 4.373 6.092 1.930 6.554 10.227 5.028 5.378 7.336 2.533 5.768 7.990 3.532 8.439 3.546 8.297 7.537 2.595 3.823 6.036 4.210 6.107 6.061 2.471 6.299 5.409 5.469 5.182 1.352 6.473 0.424 2.266 1.042 6.954 2.572 6.124 7.567 2.039 8.306 5.425 6.281 0.820 5.705 4.592 2.063 5.615 2.388 6.290 1.052 4.288 6.238 2.985 4.747 9.943 5.753 10.291 5.540 8.660 5.114 9.026 8.488 9.290 9.722 8.089 6.890 9.538 6.077 4.953 2.234 5.684 4.195 8.691 3.607 2.968 8.924 8.057 2.497 8.972 2.346 1.410 4.055 3.057 10.638 7.022 7.826 9.182 0.781 10.624 2.909 3.762 4.558 6.043 1.204 
8.552 3.625 3.988 3.579 1.180 6.716 8.566 3.879 7.704 1.552 6.041 1.979 4.152 6.724 7.240 1.892 5.261 1.814 2.457 3.097 5.271 7.784 2.100 2.366 7.156 3.620 0.476 5.145 5.933 3.194 4.540 7.763 7.480 1.904 4.357 7.521 1.736 6.582 4.508 7.291 0.698 4.476 3.188 2.719 7.290 6.214 5.400 2.428 5.749 0.873 5.468 5.751 7.528 4.252 3.780 5.677 3.180 0.287 5.369 7.299 3.971 3.326 4.280 6.796 5.406 5.018 4.448 3.023 7.418 4.633 8.047 7.483 5.061 2.774 3.555 8.463 3.266 2.510 3.909 8.292 3.576 2.493 1.661 7.945 7.825 8.271 6.048 2.665 5.708 4.782 6.564 1.815 8.683 6.097 4.449 3.742 5.503 5.114 7.505 5.365 
2.653 9.100 9.931 9.131 5.766 4.063 2.352 7.796 5.841 7.739 6.664 8.268 6.010 4.237 4.360 8.182 5.901 4.701 4.656 7.372 1.395 6.721 5.763 4.324 6.917 8.448 6.520 10.109 2.537 9.255 8.360 4.003 4.581 4.799 9.924 8.556 4.593 8.215 8.085 8.550 5.923 8.376 9.270 3.918 7.556 0.131 3.064 3.934 8.292 6.706 3.940 9.321 4.425 6.459 2.749 8.452 8.320 6.113 5.484 5.047 5.652 9.262 5.878 3.773 1.445 10.445 3.181 4.490 1.100 4.013 2.602 3.065 3.090 3.674 9.106 9.168 9.181 5.600 3.486 7.299 6.329 6.786 6.299 7.940 1.632 8.618 7.113 5.607 5.514 5.687 1.945 7.856 2.655 8.704 6.465 6.155 4.773 10.261 3.966 8.128 
10.004 2.036 2.181 1.951 2.237 7.658 10.111 3.185 8.304 0.263 6.182 0.546 5.700 7.626 8.155 1.338 5.584 3.270 4.255 2.511 7.002 8.154 3.722 4.177 7.372 2.449 1.475 3.642 7.180 1.382 3.705 8.813 8.368 3.219 2.653 7.275 3.440 6.265 3.806 7.000 2.470 3.616 1.377 4.521 7.328 7.842 6.546 4.033 5.231 1.260 6.395 4.796 8.458 4.287 5.283 5.076 1.926 1.932 5.840 8.054 5.583 1.533 5.858 7.809 7.151 3.332 6.260 4.811 9.062 6.424 9.422 8.700 6.873 4.300 1.931 8.215 1.482 3.076 5.721 8.579 3.641 3.732 3.116 7.980 9.379 8.158 6.035 3.192 6.191 6.408 7.927 1.972 10.165 5.489 5.915 3.895 6.200 3.535 8.536 4.833 
9.061 7.296 7.317 7.222 4.684 8.790 8.712 7.684 10.249 5.034 9.277 5.107 0.608 8.873 9.298 4.362 8.392 4.407 2.319 6.907 5.018 10.639 1.786 2.848 10.233 7.439 4.308 8.883 7.460 6.501 8.358 9.485 9.563 4.694 7.924 10.996 3.721 10.142 8.301 10.807 3.195 8.298 6.469 3.067 10.538 6.354 7.272 4.207 9.446 4.702 7.758 9.573 9.527 7.732 5.180 9.410 6.976 3.959 8.327 9.637 0.831 6.748 0.822 8.717 4.996 8.604 3.265 2.099 7.248 2.620 8.879 8.842 3.578 4.588 7.201 11.907 6.715 5.893 2.930 11.215 7.109 1.590 2.199 11.162 8.030 11.610 9.418 6.039 8.612 1.412 7.654 3.618 9.065 9.822 0.639 7.199 8.153 8.803 9.299 9.080 
3.809 7.079 8.003 7.124 3.961 2.751 3.963 5.634 4.421 6.002 4.625 6.580 5.910 2.870 3.226 6.674 3.800 2.986 3.908 5.260 2.251 5.099 4.922 3.419 5.077 6.350 4.852 7.983 1.337 7.393 6.181 3.361 3.490 2.983 7.896 6.554 3.162 6.114 5.900 6.512 4.570 6.199 7.416 3.100 5.646 2.063 1.280 2.414 6.117 4.949 2.060 7.129 3.427 4.268 1.051 6.270 6.272 4.523 3.428 3.696 5.539 7.353 5.848 2.620 2.468 8.378 3.489 4.027 3.198 4.386 3.263 2.812 3.782 2.023 7.100 7.251 7.267 3.519 3.455 5.702 4.149 5.968 5.269 6.114 3.257 6.750 5.034 3.503 3.525 5.883 1.783 6.514 3.972 6.533 6.392 3.967 2.810 8.154 3.173 5.942 
4.809 6.281 7.390 6.364 4.067 1.611 5.291 4.376 2.620 5.934 2.473 6.546 7.558 1.574 2.103 6.921 1.742 3.527 5.323 4.292 4.443 3.050 6.119 4.794 2.899 5.346 5.053 6.782 1.854 6.961 4.755 2.811 2.322 3.335 7.033 4.382 4.065 4.033 4.431 4.362 5.276 4.802 7.001 4.610 3.453 4.076 1.152 3.451 4.250 4.975 0.396 5.466 2.405 2.684 2.639 4.453 5.447 4.905 1.295 2.113 7.204 6.820 7.542 1.807 4.660 7.374 5.508 5.625 5.018 6.360 4.033 2.967 5.885 3.056 6.343 5.058 6.730 2.977 5.352 3.647 2.896 7.078 6.246 3.933 4.730 4.559 2.925 2.868 1.338 7.694 2.787 7.004 5.065 4.639 8.027 2.630 0.618 7.024 2.525 4.166 
8.219 7.882 9.070 8.016 7.705 4.699 8.973 5.785 3.044 8.858 2.836 9.384 12.112 4.515 4.561 10.083 3.700 7.694 9.820 6.343 9.202 2.025 10.397 9.307 1.912 6.850 8.525 7.314 6.170 9.074 5.534 5.331 4.434 7.417 8.287 1.775 8.370 2.738 5.284 2.088 9.224 5.634 9.134 9.210 1.573 8.610 5.740 7.939 3.902 8.260 4.901 5.138 4.648 4.635 7.408 4.158 7.273 8.606 3.796 3.797 11.780 8.784 12.128 5.034 9.415 8.225 10.293 10.217 9.281 11.124 7.427 6.225 10.684 7.610 8.008 1.195 8.710 6.368 10.099 1.533 5.317 11.200 10.320 0.930 8.674 0.773 2.830 6.212 3.560 12.356 6.884 10.463 8.519 3.878 12.558 5.124 4.187 7.664 5.178 4.242 
0.478 10.943 11.897 10.995 7.846 4.121 0.369 9.323 5.612 9.879 7.328 10.445 8.460 4.303 4.119 10.462 6.785 6.832 7.107 9.057 3.864 6.647 8.214 6.744 7.165 10.152 8.700 11.725 3.270 11.293 9.784 3.330 4.223 6.863 11.752 9.006 6.864 8.941 9.472 9.086 8.249 9.820 11.316 6.344 7.878 2.549 4.017 6.148 9.322 8.827 4.719 10.556 4.007 7.735 4.812 9.536 10.123 8.335 6.298 4.881 8.107 11.250 8.318 3.762 3.886 12.199 5.628 6.963 1.744 6.416 1.228 2.449 5.456 5.816 10.972 9.400 11.164 7.375 5.959 7.129 7.804 9.246 8.721 8.077 0.850 8.787 7.839 7.340 6.188 8.085 2.340 10.204 0.236 9.697 8.905 7.574 5.507 11.929 3.479 9.256 
8.050 7.002 7.193 6.945 4.047 7.779 7.727 7.110 9.269 4.794 8.421 4.989 0.901 7.866 8.283 4.370 7.524 3.592 1.392 6.349 4.018 9.697 1.331 1.907 9.334 7.002 3.869 8.542 6.430 6.371 7.795 8.453 8.548 3.889 7.695 10.194 2.887 9.379 7.704 10.021 2.706 7.745 6.348 2.072 9.674 5.345 6.260 3.279 8.759 4.262 6.773 9.014 8.507 6.969 4.168 8.747 6.577 3.456 7.426 8.640 0.603 6.576 0.948 7.697 4.011 8.369 2.311 1.074 6.279 1.822 7.850 7.805 2.708 3.638 6.922 11.089 6.531 5.150 1.923 10.280 6.379 1.796 1.973 10.285 7.034 10.762 8.596 5.288 7.697 1.386 6.617 3.693 8.063 9.149 1.353 6.440 7.206 8.502 8.271 8.408 
2.457 8.470 9.513 8.539 5.726 1.494 2.999 6.688 3.228 7.749 4.576 8.349 7.835 1.679 1.716 8.544 4.022 4.862 5.915 6.515 3.592 4.172 6.938 5.432 4.529 7.598 6.678 9.100 0.743 8.993 7.100 1.446 1.930 4.794 9.254 6.317 5.135 6.191 6.780 6.373 6.531 7.144 9.026 5.103 5.221 2.584 1.403 4.391 6.561 6.712 1.971 7.815 1.776 5.032 3.058 6.778 7.636 6.401 3.534 2.434 7.461 8.900 7.754 1.161 3.758 9.645 5.218 5.998 3.090 6.127 1.680 0.810 5.360 3.981 8.517 6.796 8.812 4.963 5.301 4.725 5.179 7.984 7.277 5.504 2.540 6.206 5.083 4.896 3.428 7.722 0.713 8.450 2.720 6.934 8.315 4.929 2.743 9.327 1.345 6.504 
3.492 8.397 9.178 8.419 4.999 4.232 3.235 7.228 6.002 6.934 6.464 7.449 5.197 4.389 4.610 7.330 5.640 3.927 3.772 6.747 0.624 6.794 4.879 3.443 6.866 7.802 5.708 9.482 2.646 8.480 7.825 4.418 4.854 4.054 9.220 8.390 3.759 7.951 7.567 8.352 5.063 7.831 8.492 3.035 7.460 0.799 2.981 3.134 7.910 5.914 3.837 8.845 4.729 6.019 2.081 8.047 7.638 5.288 5.267 5.226 4.833 8.505 5.076 3.994 0.774 9.765 2.394 3.616 1.932 3.269 3.335 3.562 2.412 2.918 8.394 9.071 8.425 4.968 2.644 7.389 5.808 5.904 5.416 7.903 2.510 8.554 6.875 4.994 5.354 4.930 2.349 6.987 3.517 8.330 5.660 5.663 4.627 9.614 4.328 7.711 
5.268 7.438 8.047 7.434 3.960 5.349 4.993 6.695 7.010 5.666 6.816 6.111 3.476 5.470 5.812 5.850 5.917 2.951 2.060 6.076 1.295 7.629 3.156 1.838 7.483 7.033 4.445 8.723 3.853 7.288 7.355 5.835 6.074 3.182 8.245 8.733 2.513 8.110 7.154 8.632 3.587 7.339 7.289 1.440 7.970 2.574 3.872 2.157 7.811 4.730 4.574 8.494 5.996 5.873 1.992 7.889 6.766 3.986 5.663 6.295 3.105 7.371 3.376 5.198 1.357 8.850 0.903 1.843 3.602 1.786 5.065 5.100 1.342 2.190 7.409 9.528 7.300 4.387 0.909 8.231 5.477 4.156 3.742 8.506 4.279 9.089 7.131 4.466 5.849 3.324 3.888 5.414 5.294 8.233 3.951 5.414 5.209 8.796 5.686 7.539 
7.182 8.113 8.422 8.071 4.886 7.540 6.752 7.929 9.171 5.987 8.724 6.252 1.570 7.655 8.009 5.700 7.814 4.170 2.082 7.206 3.168 9.736 2.602 2.408 9.507 7.982 4.936 9.594 6.053 7.606 8.617 8.027 8.271 4.464 8.849 10.590 3.496 9.863 8.481 10.452 3.799 8.578 7.589 2.319 9.934 4.503 6.047 3.607 9.384 5.312 6.702 9.821 8.195 7.499 4.052 9.412 7.602 4.483 7.629 8.473 1.275 7.783 1.396 7.396 3.094 9.511 1.386 1.508 5.262 0.541 7.106 7.264 1.518 3.856 8.047 11.438 7.730 5.773 1.343 10.334 6.982 3.199 3.288 10.507 6.106 11.048 8.974 5.892 7.856 1.154 6.044 5.055 7.153 9.793 1.973 6.990 7.270 9.589 7.884 9.063 
2.409 8.553 9.475 8.599 5.401 2.932 2.490 7.057 4.711 7.434 5.616 8.001 6.567 3.105 3.241 8.037 4.897 4.389 4.881 6.718 2.100 5.590 5.968 4.459 5.807 7.811 6.258 9.429 1.417 8.856 7.575 2.957 3.469 4.418 9.369 7.483 4.453 7.194 7.282 7.491 5.853 7.601 8.878 4.080 6.458 1.048 2.010 3.724 7.355 6.382 2.874 8.462 3.323 5.594 2.371 7.533 7.744 5.900 4.456 3.918 6.196 8.823 6.462 2.646 2.245 9.845 3.825 4.846 1.861 4.719 2.015 2.084 3.888 3.377 8.575 8.067 8.737 4.990 3.997 6.168 5.552 7.018 6.414 6.825 1.783 7.508 6.083 4.969 4.456 6.362 0.876 7.812 2.538 7.758 7.040 5.349 3.715 9.610 2.888 7.222 
5.770 6.657 7.251 6.650 3.185 5.331 5.581 5.998 6.893 4.870 6.411 5.320 3.293 5.429 5.825 5.081 5.501 2.207 1.436 5.352 1.987 7.418 2.541 1.099 7.176 6.282 3.649 7.967 3.949 6.491 6.669 5.972 6.091 2.458 7.460 8.297 1.723 7.612 6.485 8.173 2.810 6.647 6.492 0.689 7.610 3.142 3.814 1.453 7.228 3.935 4.405 7.830 6.040 5.303 1.749 7.287 5.998 3.189 5.302 6.226 2.923 6.575 3.240 5.230 2.093 8.071 1.388 1.419 4.259 2.071 5.472 5.336 1.967 1.589 6.625 9.129 6.505 3.713 1.033 8.014 4.855 3.580 3.065 8.178 4.849 8.726 6.682 3.806 5.526 3.333 4.165 4.675 5.828 7.647 3.775 4.819 4.943 8.030 5.792 6.936 
4.093 8.211 8.928 8.223 4.759 4.714 3.788 7.191 6.464 6.622 6.723 7.111 4.581 4.861 5.121 6.931 5.866 3.692 3.249 6.657 0.150 7.208 4.352 2.968 7.213 7.684 5.390 9.375 3.136 8.204 7.814 4.986 5.371 3.858 9.031 8.658 3.424 8.156 7.575 8.599 4.656 7.812 8.212 2.558 7.777 1.386 3.372 2.875 8.028 5.628 4.192 8.881 5.259 6.106 2.066 8.146 7.481 4.952 5.529 5.701 4.219 8.252 4.458 4.500 0.361 9.601 1.774 3.047 2.403 2.652 3.955 4.155 1.819 2.735 8.198 9.378 8.175 4.891 2.039 7.808 5.830 5.360 4.918 8.251 3.080 8.884 7.105 4.936 5.650 4.310 2.936 6.544 4.104 8.451 5.043 5.711 4.943 9.485 4.881 7.803 
12.792 2.013 1.361 1.969 5.405 9.788 13.048 3.949 9.840 3.792 7.266 3.574 9.143 9.698 10.203 4.322 7.081 6.471 7.777 3.954 10.309 9.325 7.226 7.665 8.383 2.895 4.928 1.930 9.789 2.182 3.853 11.021 10.357 6.322 1.210 7.462 6.816 6.515 4.171 7.149 5.996 3.765 2.208 7.984 8.034 10.969 9.066 7.288 5.364 4.608 8.630 4.121 10.503 5.703 8.348 5.093 2.836 5.398 7.507 9.862 9.060 1.997 9.315 10.033 10.480 1.010 9.748 8.337 12.187 9.950 12.105 11.172 10.365 7.459 1.993 8.255 2.056 5.582 9.217 9.560 5.346 7.081 6.589 8.585 12.348 8.464 6.888 5.617 7.814 9.884 10.658 5.081 12.997 5.357 9.305 5.619 8.135 1.577 10.732 5.076 
1.396 9.491 10.511 9.556 6.623 2.387 2.013 7.745 3.954 8.662 5.593 9.253 8.192 2.570 2.428 9.388 5.077 5.694 6.462 7.551 3.678 4.967 7.533 6.017 5.440 8.639 7.547 10.157 1.704 9.965 8.165 1.755 2.566 5.663 10.283 7.272 5.879 7.206 7.845 7.348 7.288 8.208 9.995 5.653 6.149 2.423 2.433 5.133 7.616 7.615 3.036 8.880 2.362 6.098 3.760 7.837 8.659 7.236 4.585 3.193 7.821 9.887 8.087 2.028 3.795 10.687 5.438 6.458 2.482 6.323 0.617 0.778 5.459 4.745 9.533 7.687 9.799 5.955 5.623 5.477 6.232 8.585 7.940 6.371 1.707 7.080 6.106 5.898 4.460 7.977 0.940 9.236 1.669 7.983 8.665 5.986 3.794 10.380 1.834 7.566 
1.885 8.899 9.883 8.956 5.917 2.406 2.240 7.249 4.136 7.959 5.404 8.543 7.408 2.590 2.612 8.645 4.784 4.958 5.663 6.993 2.943 5.085 6.736 5.220 5.424 8.088 6.821 9.652 1.209 9.308 7.712 2.182 2.811 4.945 9.702 7.190 5.109 7.013 7.403 7.233 6.518 7.748 9.334 4.855 6.110 1.776 1.951 4.365 7.308 6.908 2.705 8.506 2.639 5.670 2.990 7.510 8.073 6.495 4.309 3.343 7.036 9.246 7.306 2.074 3.079 10.136 4.675 5.661 2.177 5.570 1.292 1.256 4.732 3.987 8.933 7.694 9.159 5.337 4.840 5.637 5.729 7.788 7.149 6.409 1.684 7.109 5.900 5.293 4.243 7.212 0.271 8.471 2.092 7.694 7.882 5.500 3.527 9.858 2.158 7.220 
1.254 9.896 10.936 9.965 7.095 2.521 2.021 8.099 3.926 9.130 5.778 9.725 8.702 2.693 2.452 9.878 5.329 6.184 6.981 7.940 4.165 4.965 8.051 6.536 5.519 9.021 8.029 10.510 2.131 10.407 8.492 1.642 2.540 6.143 10.680 7.378 6.385 7.382 8.168 7.475 7.793 8.539 10.438 6.172 6.236 2.882 2.828 5.638 7.859 8.086 3.343 9.158 2.323 6.420 4.267 8.090 9.062 7.726 4.834 3.208 8.332 10.319 8.595 2.169 4.274 11.067 5.936 6.976 2.782 6.817 0.470 0.818 5.939 5.246 9.942 7.734 10.231 6.382 6.132 5.441 6.595 9.104 8.455 6.407 1.903 7.116 6.298 6.318 4.677 8.475 1.449 9.738 1.553 8.214 9.174 6.342 4.050 10.742 1.798 7.833 
9.491 3.754 4.893 3.894 4.897 5.877 10.003 1.987 5.311 5.245 2.712 5.652 9.789 5.730 6.139 6.478 3.020 5.447 7.628 2.751 8.536 4.577 7.790 7.219 3.612 2.808 5.375 3.065 6.564 5.026 1.455 7.052 6.207 5.153 4.059 2.485 6.132 1.548 1.348 2.171 6.393 1.551 5.090 7.310 3.134 8.582 5.838 6.071 0.502 5.011 5.077 0.949 6.401 2.286 6.331 0.260 3.306 5.643 3.514 5.580 9.532 4.705 9.873 6.207 8.753 3.971 8.895 8.161 9.647 9.514 8.693 7.536 9.446 5.939 3.890 3.320 4.641 3.844 8.508 4.700 2.655 8.312 7.470 3.632 9.436 3.485 2.214 3.729 3.684 10.271 7.499 7.029 9.757 0.386 10.154 2.708 4.302 3.413 6.781 0.589 
6.506 4.939 6.117 5.042 3.649 3.044 6.993 2.858 3.164 5.124 1.297 5.712 8.025 2.931 3.418 6.271 0.435 3.578 5.733 2.978 5.757 2.999 6.278 5.232 2.332 3.925 4.543 5.208 3.549 5.823 3.131 4.276 3.558 3.299 5.624 3.143 4.260 2.535 2.798 3.030 5.131 3.190 5.873 5.176 2.558 5.631 2.823 3.881 2.563 4.340 2.079 3.766 3.713 1.101 3.646 2.755 4.135 4.557 0.711 3.068 7.704 5.622 8.053 3.334 5.978 5.881 6.466 6.162 6.654 7.225 5.721 4.609 6.942 3.597 5.024 3.989 5.535 2.317 6.187 3.475 1.575 7.094 6.216 3.189 6.421 3.638 1.530 2.164 1.044 8.321 4.486 6.532 6.765 2.964 8.462 1.300 1.380 5.477 3.990 2.463 
2.581 9.279 10.107 9.309 5.940 4.178 2.231 7.976 5.952 7.908 6.822 8.436 6.089 4.353 4.460 8.340 6.065 4.874 4.786 7.553 1.488 6.844 5.893 4.465 7.057 8.629 6.688 10.290 2.670 9.429 8.540 4.070 4.675 4.975 10.103 8.709 4.756 8.377 8.264 8.706 6.079 8.555 9.444 4.057 7.701 0.311 3.217 4.103 8.464 6.877 4.092 9.497 4.515 6.635 2.927 8.625 8.500 6.278 5.644 5.157 5.734 9.438 5.953 3.880 1.515 10.625 3.257 4.604 0.928 4.071 2.585 3.120 3.134 3.848 9.285 9.311 9.356 5.780 3.583 7.419 6.508 6.910 6.437 8.077 1.527 8.758 7.273 5.788 5.669 5.746 2.034 8.007 2.564 8.875 6.540 6.333 4.927 10.442 4.046 8.302 
6.335 4.523 5.441 4.564 1.570 4.066 6.528 3.308 5.092 3.563 3.825 4.167 5.501 4.069 4.587 4.435 2.937 1.069 3.212 2.793 4.034 5.287 3.775 2.721 4.794 3.855 2.552 5.529 3.453 4.851 3.942 5.150 4.825 0.821 5.344 5.606 1.733 4.839 3.721 5.448 2.763 3.936 4.878 2.712 5.084 4.468 2.829 1.421 4.397 2.537 2.812 5.052 4.878 2.480 1.873 4.456 3.728 2.370 2.902 4.649 5.185 4.795 5.535 4.165 4.237 5.849 4.215 3.664 5.675 4.867 5.714 4.975 4.766 1.260 4.540 6.490 4.709 1.014 3.844 5.836 2.030 4.650 3.788 5.707 5.820 6.164 4.000 1.052 3.211 5.827 4.225 4.471 6.517 4.814 5.935 1.987 2.890 5.668 4.883 4.104 
1.339 9.682 10.616 9.731 6.544 3.388 1.353 8.132 5.077 8.576 6.412 9.140 7.362 3.574 3.541 9.158 5.776 5.527 5.867 7.825 2.747 6.054 6.970 5.482 6.426 8.920 7.395 10.520 2.187 10.000 8.624 2.967 3.714 5.561 10.496 8.199 5.563 8.019 8.322 8.243 6.952 8.655 10.023 5.088 7.115 1.406 2.907 4.844 8.288 7.524 3.699 9.459 3.524 6.605 3.507 8.484 8.868 7.029 5.306 4.293 6.999 9.965 7.235 3.044 2.817 10.960 4.542 5.765 1.256 5.386 1.242 1.981 4.465 4.510 9.707 8.694 9.879 6.115 4.813 6.592 6.617 8.011 7.455 7.402 0.693 8.104 6.905 6.088 5.249 7.059 1.271 8.910 1.419 8.679 7.821 6.400 4.528 10.710 3.009 8.187 
4.230 8.646 9.322 8.652 5.175 5.202 3.821 7.695 6.964 6.977 7.274 7.442 4.457 5.354 5.589 7.206 6.419 4.120 3.403 7.142 0.428 7.730 4.481 3.198 7.754 8.155 5.748 9.848 3.617 8.581 8.326 5.398 5.835 4.307 9.462 9.209 3.787 8.708 8.093 9.151 4.938 8.322 8.586 2.796 8.323 1.578 3.897 3.300 8.572 6.008 4.729 9.406 5.712 6.646 2.600 8.686 7.933 5.297 6.080 6.193 4.108 8.645 4.313 4.972 0.217 10.045 1.630 3.113 2.355 2.421 4.195 4.526 1.493 3.203 8.627 9.926 8.571 5.387 2.023 8.329 6.355 5.449 5.088 8.792 3.157 9.428 7.657 5.439 6.198 4.096 3.322 6.773 4.203 8.994 4.900 6.243 5.488 9.948 5.311 8.342 
3.010 8.659 9.771 8.744 6.275 0.848 3.729 6.706 2.214 8.232 4.080 8.843 8.876 0.989 0.696 9.139 3.738 5.537 6.860 6.668 4.746 3.231 7.832 6.355 3.760 7.711 7.256 9.089 1.645 9.331 7.019 0.444 0.831 5.416 9.404 5.622 5.916 5.665 6.687 5.726 7.270 7.077 9.370 6.058 4.477 3.740 1.938 5.195 6.223 7.232 2.002 7.572 0.639 4.966 3.952 6.468 7.826 7.037 3.247 1.460 8.504 9.197 8.808 0.574 4.916 9.724 6.332 6.999 4.132 7.241 2.198 0.977 6.502 4.773 8.723 5.979 9.108 5.315 6.379 3.737 5.259 8.862 8.108 4.655 3.438 5.364 4.603 5.218 3.036 8.809 1.857 9.129 3.307 6.556 9.358 4.987 2.509 9.348 0.201 6.236 
8.399 6.784 7.966 6.920 6.843 4.709 9.099 4.719 3.310 7.858 2.115 8.365 11.419 4.524 4.696 9.094 3.025 6.947 9.129 5.316 8.868 2.274 9.621 8.631 1.652 5.762 7.610 6.192 6.024 7.994 4.433 5.559 4.629 6.659 7.172 0.654 7.641 1.630 4.194 0.966 8.384 4.533 8.056 8.575 0.982 8.430 5.487 7.282 2.790 7.323 4.613 4.017 4.850 3.720 6.921 3.041 6.200 7.730 3.250 3.947 11.101 7.698 11.451 5.065 9.086 7.103 9.796 9.563 9.224 10.588 7.586 6.358 10.233 6.989 6.913 0.632 7.625 5.522 9.553 2.037 4.398 10.371 9.490 0.804 8.716 0.354 1.942 5.368 3.098 11.721 6.832 9.511 8.696 2.755 11.850 4.235 3.812 6.541 5.358 3.141 
6.697 6.114 6.591 6.090 2.741 6.000 6.517 5.748 7.459 4.162 6.664 4.557 2.702 6.080 6.512 4.235 5.759 1.976 0.526 5.039 2.899 7.885 1.612 0.248 7.540 5.870 2.984 7.521 4.721 5.803 6.434 6.743 6.777 2.271 6.891 8.483 1.305 7.715 6.290 8.328 1.999 6.399 5.798 0.287 7.905 4.078 4.485 1.493 7.197 3.318 4.965 7.633 6.747 5.330 2.398 7.219 5.527 2.513 5.635 6.841 2.357 5.923 2.702 5.939 2.984 7.529 1.839 0.790 5.187 2.157 6.375 6.168 2.454 1.829 6.065 9.357 5.859 3.580 1.305 8.469 4.794 2.659 2.132 8.506 5.785 9.004 6.872 3.701 5.898 2.949 5.028 3.781 6.760 7.604 3.166 4.813 5.393 7.547 6.544 6.871 
6.694 5.433 5.992 5.418 1.997 5.559 6.614 4.968 6.915 3.608 5.951 4.066 3.371 5.620 6.082 3.879 5.053 1.191 1.079 4.269 3.190 7.270 1.854 0.591 6.871 5.129 2.386 6.795 4.418 5.229 5.654 6.407 6.344 1.488 6.227 7.741 0.527 6.954 5.506 7.578 1.610 5.620 5.230 0.729 7.203 4.206 4.073 0.846 6.415 2.679 4.445 6.850 6.336 4.559 2.070 6.435 4.808 1.927 4.964 6.342 3.050 5.318 3.399 5.539 3.320 6.849 2.501 1.541 5.385 2.926 6.284 5.929 3.116 1.252 5.394 8.627 5.248 2.795 2.004 7.845 4.012 2.875 2.152 7.816 5.872 8.292 6.136 2.918 5.243 3.698 4.861 3.548 6.792 6.821 3.815 4.038 4.789 6.837 6.186 6.087 
9.536 8.500 8.473 8.422 5.888 9.673 9.094 8.903 11.210 6.235 10.391 6.276 1.077 9.771 10.166 5.494 9.496 5.542 3.365 8.127 5.516 11.663 2.996 3.881 11.308 8.661 5.531 10.093 8.261 7.665 9.578 10.269 10.431 5.836 9.111 12.147 4.843 11.312 9.518 11.967 4.415 9.519 7.629 4.024 11.645 6.855 8.157 5.253 10.644 5.926 8.713 10.795 10.376 8.901 6.078 10.615 8.196 5.180 9.401 10.561 1.430 7.924 1.102 9.567 5.447 9.791 3.724 3.008 7.600 2.886 9.451 9.554 3.849 5.607 8.402 13.048 7.894 7.067 3.546 12.248 8.291 2.749 3.419 12.259 8.457 12.731 10.556 7.211 9.671 1.221 8.340 4.738 9.505 11.024 0.636 8.369 9.171 10.005 10.106 10.282 
4.032 7.645 8.421 7.666 4.243 4.094 3.880 6.522 5.814 6.183 5.985 6.704 4.833 4.230 4.529 6.606 5.127 3.170 3.174 6.019 0.875 6.521 4.276 2.794 6.495 7.066 4.959 8.750 2.545 7.724 7.132 4.490 4.786 3.299 8.469 7.920 3.020 7.417 6.884 7.860 4.350 7.135 7.737 2.396 7.048 1.464 2.689 2.380 7.301 5.160 3.485 8.179 4.692 5.385 1.369 7.423 6.891 4.544 4.793 5.067 4.461 7.748 4.737 3.909 1.095 9.018 2.173 3.104 2.662 3.083 3.748 3.738 2.385 2.162 7.641 8.646 7.668 4.242 2.271 7.123 5.131 5.318 4.771 7.531 3.140 8.158 6.365 4.276 4.919 4.677 2.526 6.289 4.097 7.723 5.310 5.002 4.219 8.876 4.355 7.082 
6.403 4.416 5.363 4.462 1.615 4.013 6.621 3.129 4.975 3.562 3.635 4.170 5.698 4.006 4.529 4.479 2.754 1.241 3.411 2.640 4.212 5.137 3.948 2.925 4.622 3.714 2.602 5.378 3.483 4.797 3.755 5.122 4.762 0.974 5.233 5.403 1.922 4.630 3.527 5.242 2.892 3.751 4.826 2.922 4.897 4.604 2.833 1.632 4.186 2.555 2.750 4.855 4.824 2.268 2.032 4.247 3.610 2.455 2.740 4.557 5.384 4.726 5.734 4.129 4.417 5.723 4.424 3.870 5.804 5.079 5.765 4.989 4.973 1.467 4.438 6.291 4.639 0.865 4.056 5.679 1.825 4.804 3.937 5.524 5.920 5.971 3.799 0.881 3.056 6.032 4.282 4.550 6.593 4.604 6.129 1.776 2.771 5.526 4.851 3.896 
9.620 6.409 6.321 6.323 4.193 8.913 9.353 7.041 10.242 4.148 8.994 4.136 1.718 8.974 9.435 3.337 8.143 4.175 2.480 6.259 5.640 10.524 1.505 2.964 10.027 6.664 3.620 8.013 7.712 5.517 7.692 9.725 9.697 4.433 6.984 10.608 3.563 9.702 7.674 10.395 2.643 7.624 5.480 3.293 10.260 6.936 7.419 4.190 8.911 3.998 7.791 8.892 9.685 7.321 5.365 8.845 6.176 3.358 8.145 9.690 1.841 5.786 1.930 8.885 5.656 7.664 4.002 2.523 7.931 3.521 9.353 9.174 4.419 4.605 6.303 11.540 5.761 5.495 3.566 11.078 6.664 0.678 1.536 10.902 8.643 11.295 9.075 5.649 8.454 2.530 8.032 2.578 9.656 9.264 1.708 6.793 8.078 7.905 9.516 8.530 
5.922 8.077 9.285 8.195 6.883 2.534 6.686 5.900 0.769 8.457 2.506 9.044 10.715 2.362 2.305 9.594 2.924 6.566 8.475 6.214 7.267 0.475 9.231 7.946 1.436 7.023 7.823 7.965 4.097 9.083 5.917 3.034 2.152 6.332 8.664 3.129 7.163 3.603 5.599 3.341 8.266 6.005 9.136 7.767 2.025 6.512 3.822 6.591 4.567 7.649 3.104 5.996 2.361 4.284 5.759 4.850 7.326 7.779 2.703 1.561 10.361 8.853 10.697 2.837 7.468 8.783 8.569 8.782 7.075 9.448 5.136 3.946 8.882 6.206 8.181 3.194 8.768 5.593 8.464 0.767 4.880 10.152 9.297 1.892 6.417 2.564 2.897 5.447 2.357 10.837 4.704 9.817 6.223 4.755 11.185 4.616 2.649 8.287 2.892 4.761 
10.415 1.681 1.693 1.577 2.665 7.962 10.542 3.150 8.522 0.753 6.306 0.674 6.147 7.921 8.450 1.565 5.763 3.717 4.745 2.554 7.477 8.316 4.190 4.668 7.501 2.276 1.958 3.286 7.555 0.891 3.600 9.135 8.655 3.648 2.219 7.280 3.918 6.263 3.741 6.995 2.960 3.505 0.887 5.011 7.411 8.295 6.903 4.494 5.186 1.714 6.705 4.622 8.754 4.422 5.719 5.010 1.757 2.419 6.051 8.312 6.041 1.057 6.310 8.129 7.629 2.899 6.751 5.300 9.517 6.912 9.816 9.061 7.365 4.747 1.560 8.211 1.013 3.380 6.212 8.716 3.806 4.144 3.569 8.055 9.813 8.191 6.120 3.483 6.400 6.866 8.324 2.280 10.582 5.413 6.346 4.073 6.460 3.147 8.855 4.793 
8.429 4.290 5.489 4.423 4.589 4.791 8.962 2.188 4.251 5.362 1.631 5.850 9.398 4.641 5.047 6.604 1.960 4.941 7.162 2.803 7.703 3.579 7.470 6.711 2.619 3.250 5.238 3.936 5.539 5.472 1.966 5.961 5.116 4.641 4.752 1.962 5.644 0.958 1.691 1.690 6.135 2.063 5.532 6.747 2.252 7.644 4.827 5.464 0.592 4.917 4.035 1.998 5.310 1.566 5.530 0.851 3.672 5.425 2.448 4.493 9.114 5.183 9.461 5.123 7.923 4.786 8.228 7.661 8.671 8.910 7.626 6.458 8.749 5.272 4.414 2.904 5.108 3.365 7.883 3.774 2.139 8.109 7.240 2.838 8.415 2.876 1.154 3.226 2.600 9.811 6.469 7.064 8.699 0.955 9.795 2.082 3.240 4.267 5.691 0.722 
5.884 7.037 7.580 7.023 3.586 5.719 5.626 6.459 7.319 5.169 6.900 5.584 2.954 5.826 6.203 5.276 5.991 2.651 1.431 5.798 1.932 7.871 2.520 1.268 7.651 6.706 3.966 8.383 4.286 6.804 7.134 6.298 6.468 2.915 7.831 8.789 2.108 8.107 6.956 8.667 3.034 7.110 6.801 0.904 8.094 3.199 4.212 1.929 7.719 4.276 4.841 8.303 6.406 5.796 2.188 7.775 6.403 3.498 5.784 6.635 2.581 6.907 2.878 5.599 1.987 8.454 0.920 1.216 4.239 1.579 5.650 5.612 1.522 2.083 6.998 9.618 6.840 4.187 0.541 8.470 5.341 3.519 3.116 8.657 4.909 9.210 7.175 4.284 6.002 2.912 4.415 4.811 5.918 8.137 3.435 5.309 5.406 8.434 6.131 7.424 
10.778 2.067 1.759 1.946 3.009 8.427 10.873 3.679 9.031 0.971 6.836 0.488 6.034 8.392 8.921 1.245 6.283 4.026 4.819 3.089 7.706 8.841 4.153 4.800 8.032 2.774 2.187 3.635 7.962 0.955 4.113 9.588 9.131 3.989 2.467 7.812 4.146 6.795 4.264 7.526 3.047 4.017 0.916 5.164 7.945 8.584 7.327 4.771 5.712 2.022 7.166 5.105 9.224 4.950 6.044 5.531 2.263 2.617 6.561 8.803 5.960 1.250 6.208 8.584 7.847 3.135 6.866 5.353 9.801 6.958 10.200 9.481 7.473 5.054 1.934 8.742 1.244 3.842 6.322 9.246 4.327 3.973 3.496 8.590 10.139 8.726 6.654 3.953 6.910 6.782 8.706 2.002 10.936 5.931 6.196 4.591 6.949 3.457 9.310 5.320 
7.955 6.717 7.912 6.850 6.562 4.259 8.651 4.603 2.892 7.670 1.747 8.194 11.069 4.074 4.254 8.897 2.651 6.613 8.777 5.153 8.436 1.872 9.301 8.274 1.201 5.677 7.359 6.230 5.574 7.894 4.379 5.123 4.193 6.329 7.150 0.839 7.301 1.620 4.117 1.103 8.092 4.478 7.955 8.205 0.540 7.983 5.043 6.916 2.773 7.087 4.170 4.088 4.414 3.464 6.511 3.041 6.092 7.456 2.841 3.508 10.747 7.609 11.096 4.615 8.653 7.124 9.392 9.199 8.773 10.194 7.141 5.912 9.820 6.612 6.841 1.078 7.534 5.230 9.160 1.711 4.146 10.076 9.194 0.488 8.265 0.595 1.659 5.074 2.672 11.353 6.380 9.286 8.252 2.806 11.506 3.964 3.376 6.575 4.918 3.091 
5.870 4.967 6.035 5.039 2.687 3.027 6.217 3.249 3.863 4.514 2.678 5.126 6.673 2.994 3.524 5.519 1.769 2.321 4.382 3.010 4.455 4.031 5.018 3.869 3.567 4.098 3.665 5.647 2.843 5.568 3.751 4.203 3.740 2.076 5.748 4.552 2.958 3.905 3.459 4.434 4.008 3.777 5.606 3.787 3.910 4.516 2.109 2.502 3.717 3.565 1.769 4.676 3.825 1.821 2.281 3.847 4.132 3.557 1.662 3.478 6.343 5.443 6.691 3.196 4.674 6.147 5.062 4.785 5.636 5.816 5.156 4.225 5.548 2.196 5.017 5.390 5.354 1.558 4.778 4.583 1.733 5.905 5.043 4.513 5.569 5.013 2.938 1.455 1.960 6.935 3.743 5.639 6.094 4.139 7.121 1.525 1.661 5.854 3.921 3.511 
5.667 7.852 9.055 7.967 6.546 2.187 6.413 5.683 0.495 8.155 2.323 8.747 10.335 2.010 2.001 9.279 2.644 6.204 8.098 5.960 6.894 0.557 8.862 7.569 1.379 6.802 7.493 7.807 3.735 8.827 5.739 2.785 1.875 5.975 8.460 3.190 6.795 3.558 5.415 3.373 7.912 5.823 8.879 7.387 2.046 6.159 3.443 6.217 4.458 7.328 2.721 5.891 2.091 4.027 5.376 4.738 7.086 7.438 2.384 1.240 9.980 8.605 10.316 2.503 7.096 8.604 8.186 8.402 6.751 9.065 4.869 3.663 8.502 5.829 7.951 3.362 8.520 5.268 8.081 1.062 4.601 9.789 8.937 2.035 6.117 2.734 2.757 5.123 2.034 10.454 4.368 9.487 5.967 4.675 10.805 4.333 2.280 8.122 2.619 4.624 
5.198 7.396 8.584 7.504 5.837 1.526 5.895 5.264 0.708 7.525 2.096 8.126 9.528 1.340 1.503 8.616 2.137 5.439 7.297 5.452 6.115 1.198 8.078 6.768 1.570 6.365 6.800 7.502 2.997 8.299 5.408 2.400 1.478 5.220 8.051 3.438 6.014 3.575 5.076 3.557 7.164 5.484 8.348 6.580 2.288 5.436 2.650 5.421 4.306 6.657 1.910 5.723 1.694 3.539 4.565 4.575 6.603 6.718 1.775 0.799 9.172 8.098 9.508 1.874 6.320 8.251 7.380 7.594 6.102 8.256 4.383 3.154 7.703 5.029 7.487 3.803 8.011 4.594 7.270 1.792 4.050 9.018 8.172 2.492 5.533 3.199 2.601 4.456 1.432 9.643 3.702 8.788 5.494 4.584 9.999 3.772 1.511 7.801 2.175 4.405 
5.533 6.840 7.457 6.836 3.362 5.196 5.337 6.119 6.789 5.088 6.401 5.546 3.450 5.301 5.684 5.321 5.494 2.356 1.674 5.489 1.742 7.342 2.781 1.346 7.132 6.438 3.863 8.127 3.782 6.703 6.784 5.800 5.949 2.593 7.647 8.300 1.919 7.639 6.590 8.185 3.047 6.765 6.705 0.937 7.585 2.897 3.686 1.571 7.292 4.139 4.311 7.933 5.891 5.359 1.658 7.359 6.168 3.407 5.274 6.107 3.077 6.780 3.385 5.082 1.853 8.251 1.320 1.617 4.011 2.083 5.248 5.142 1.862 1.647 6.811 9.119 6.709 3.819 1.058 7.942 4.935 3.817 3.311 8.142 4.606 8.702 6.689 3.904 5.485 3.439 3.961 4.921 5.588 7.712 3.931 4.885 4.882 8.198 5.627 7.008 
2.812 8.039 9.072 8.106 5.264 1.500 3.274 6.293 3.281 7.288 4.351 7.888 7.462 1.672 1.847 8.082 3.733 4.400 5.498 6.094 3.348 4.160 6.507 5.008 4.419 7.182 6.215 8.704 0.280 8.543 6.726 1.787 2.091 4.332 8.828 6.154 4.682 5.959 6.410 6.189 6.075 6.767 8.575 4.689 5.091 2.479 0.976 3.940 6.262 6.251 1.655 7.481 1.975 4.667 2.620 6.469 7.207 5.938 3.256 2.491 7.089 8.454 7.388 1.233 3.530 9.231 4.901 5.603 3.161 5.811 2.073 1.270 5.084 3.528 8.083 6.687 8.366 4.517 4.951 4.735 4.778 7.550 6.833 5.423 2.739 6.115 4.845 4.454 3.189 7.380 0.790 7.990 3.057 6.645 7.943 4.535 2.472 8.925 1.629 6.184 
10.227 0.574 1.753 0.671 3.057 7.281 10.492 1.659 7.502 2.171 5.050 2.406 7.491 7.203 7.718 3.290 4.699 4.074 5.730 1.418 7.889 7.121 5.449 5.506 6.230 0.576 2.891 1.790 7.225 1.663 1.935 8.508 7.887 3.884 1.358 5.728 4.532 4.711 2.141 5.429 4.053 1.836 1.725 5.767 6.021 8.460 6.503 4.892 3.579 2.503 6.095 2.878 8.021 3.295 5.845 3.371 0.272 3.327 5.083 7.436 7.326 1.366 7.629 7.511 8.072 1.863 7.543 6.307 9.671 7.885 9.541 8.620 8.157 5.008 0.653 6.633 1.292 3.026 7.038 7.446 2.842 5.637 4.928 6.639 9.798 6.683 4.766 3.054 5.410 8.140 8.093 3.956 10.434 3.753 7.756 3.122 5.652 1.797 8.220 3.203 
11.656 1.760 0.871 1.620 3.920 9.094 11.795 3.820 9.526 1.964 7.170 1.564 7.073 9.040 9.568 2.219 6.730 4.974 5.893 3.409 8.723 9.226 5.223 5.861 8.361 2.746 3.194 3.069 8.768 0.540 4.092 10.287 9.762 4.901 1.783 7.899 5.160 6.883 4.315 7.598 4.116 3.992 0.490 6.218 8.184 9.551 8.100 5.749 5.744 2.970 7.851 4.890 9.873 5.341 6.974 5.525 2.332 3.645 7.064 9.377 7.013 0.811 7.252 9.280 8.871 2.370 7.934 6.429 10.773 8.034 11.045 10.258 8.542 6.003 1.622 8.797 0.883 4.546 7.390 9.580 4.788 4.989 4.559 8.808 11.067 8.858 6.916 4.634 7.406 7.832 9.555 2.973 11.827 5.892 7.212 5.066 7.540 2.815 10.004 5.373 
7.208 8.082 9.290 8.210 7.442 3.779 7.975 5.919 2.054 8.798 2.631 9.356 11.608 3.600 3.588 9.992 3.358 7.291 9.331 6.376 8.421 1.116 9.995 8.808 1.463 7.028 8.324 7.713 5.306 9.201 5.786 4.320 3.441 7.031 8.573 2.351 7.937 3.121 5.499 2.632 8.912 5.882 9.258 8.671 1.569 7.741 4.950 7.436 4.241 8.099 4.156 5.600 3.651 4.525 6.760 4.519 7.402 8.349 3.320 2.833 11.264 8.935 11.608 4.099 8.629 8.591 9.623 9.687 8.347 10.480 6.424 5.236 9.976 7.078 8.199 2.105 8.856 6.108 9.472 0.535 5.189 10.858 9.985 1.047 7.703 1.513 2.817 5.954 3.023 11.793 5.963 10.303 7.508 4.318 12.066 4.958 3.537 8.054 4.182 4.524 
9.827 5.602 5.469 5.510 3.691 8.782 9.631 6.376 10.000 3.357 8.562 3.299 2.519 8.826 9.309 2.481 7.744 3.879 2.626 5.599 5.951 10.200 1.520 3.022 9.640 5.919 2.983 7.211 7.695 4.670 7.008 9.677 9.566 4.102 6.152 10.090 3.358 9.154 7.015 9.862 2.182 6.935 4.631 3.404 9.821 7.193 7.326 4.060 8.305 3.336 7.606 8.191 9.574 6.814 5.346 8.219 5.419 2.803 7.794 9.499 2.576 4.946 2.723 8.788 5.998 6.830 4.448 2.847 8.259 4.107 9.493 9.202 4.933 4.482 5.492 11.031 4.925 5.026 3.958 10.735 6.141 0.517 1.155 10.471 8.904 10.824 8.599 5.182 8.118 3.327 8.110 1.720 9.888 8.640 2.562 6.296 7.806 7.089 9.450 7.916 
2.764 8.289 9.355 8.363 5.658 1.119 3.345 6.456 2.861 7.662 4.232 8.267 8.008 1.304 1.364 8.501 3.710 4.841 6.027 6.319 3.871 3.798 7.024 5.532 4.157 7.394 6.624 8.865 0.785 8.859 6.844 1.242 1.591 4.751 9.063 5.953 5.163 5.846 6.520 6.014 6.543 6.892 8.894 5.220 4.852 2.923 1.272 4.427 6.249 6.636 1.696 7.524 1.455 4.773 3.134 6.472 7.454 6.369 3.218 2.066 7.635 8.753 7.936 0.790 4.046 9.435 5.447 6.144 3.464 6.356 1.964 0.901 5.620 4.010 8.341 6.423 8.664 4.822 5.499 4.354 4.957 8.063 7.332 5.129 2.908 5.832 4.743 4.744 3.093 7.928 1.077 8.440 3.037 6.615 8.489 4.700 2.428 9.101 1.082 6.205 
10.526 2.788 2.532 2.676 2.830 8.419 10.563 4.155 9.168 0.954 7.120 0.458 5.287 8.400 8.928 0.466 6.490 3.747 4.218 3.482 7.258 9.066 3.463 4.261 8.305 3.370 1.882 4.381 7.811 1.734 4.660 9.538 9.151 3.767 3.241 8.246 3.741 7.237 4.772 7.972 2.497 4.569 1.694 4.645 8.282 8.218 7.220 4.423 6.201 1.862 7.153 5.722 9.226 5.225 5.756 6.043 2.846 2.231 6.719 8.876 5.230 2.025 5.467 8.545 7.384 3.912 6.289 4.728 9.422 6.314 9.991 9.352 6.885 4.750 2.662 9.187 2.013 3.882 5.742 9.506 4.567 3.209 2.788 8.936 9.823 9.125 6.990 4.013 7.070 6.048 8.499 1.222 10.665 6.454 5.434 4.811 7.027 4.218 9.268 5.804 
6.552 6.084 6.592 6.064 2.678 5.823 6.387 5.658 7.284 4.174 6.509 4.588 2.872 5.903 6.335 4.298 5.602 1.865 0.695 4.959 2.796 7.714 1.762 0.287 7.376 5.811 2.979 7.471 4.548 5.812 6.342 6.569 6.600 2.156 6.869 8.335 1.217 7.576 6.192 8.183 2.042 6.309 5.808 0.128 7.747 3.949 4.309 1.338 7.075 3.301 4.789 7.536 6.571 5.198 2.222 7.102 5.480 2.510 5.472 6.665 2.525 5.922 2.869 5.763 2.892 7.501 1.847 0.951 5.073 2.236 6.220 6.000 2.464 1.662 6.040 9.206 5.855 3.465 1.330 8.299 4.672 2.812 2.255 8.345 5.653 8.848 6.723 3.582 5.732 3.102 4.865 3.869 6.621 7.484 3.338 4.684 5.222 7.505 6.369 6.754 
4.064 9.184 9.860 9.191 5.714 5.442 3.564 8.214 7.219 7.510 7.680 7.970 4.749 5.603 5.796 7.719 6.840 4.658 3.880 7.670 0.879 8.028 4.939 3.705 8.104 8.687 6.282 10.380 3.860 9.117 8.839 5.522 6.032 4.843 10.001 9.611 4.323 9.143 8.601 9.565 5.455 8.837 9.121 3.309 8.694 1.581 4.220 3.838 9.044 6.545 5.074 9.908 5.893 7.127 3.092 9.166 8.469 5.830 6.483 6.436 4.415 9.183 4.590 5.187 0.669 10.582 1.980 3.551 2.068 2.660 4.132 4.607 1.685 3.735 9.166 10.303 9.109 5.910 2.438 8.622 6.856 5.882 5.564 9.141 2.955 9.791 8.079 5.958 6.581 4.311 3.442 7.270 4.000 9.466 5.172 6.736 5.859 10.483 5.463 8.824 
11.569 0.982 0.229 0.860 4.018 8.763 11.777 3.162 9.026 2.352 6.564 2.177 7.740 8.692 9.212 2.988 6.223 5.090 6.335 2.919 8.919 8.638 5.799 6.227 7.738 2.040 3.491 2.094 8.606 0.790 3.313 9.982 9.388 4.962 0.806 7.119 5.399 6.115 3.573 6.812 4.554 3.214 0.832 6.551 7.498 9.632 7.904 5.900 4.958 3.181 7.555 3.993 9.516 4.819 7.017 4.720 1.755 3.961 6.601 8.951 7.645 0.556 7.907 8.980 9.084 1.420 8.312 6.895 10.855 8.508 10.914 10.045 8.928 6.096 0.875 7.993 0.615 4.354 7.778 8.949 4.345 5.705 5.172 8.101 11.065 8.097 6.262 4.412 6.931 8.469 9.443 3.747 11.761 5.065 7.922 4.626 7.151 1.839 9.695 4.606 
6.854 7.951 9.161 8.077 7.169 3.400 7.614 5.776 1.686 8.579 2.424 9.146 11.271 3.221 3.217 9.761 3.090 6.982 9.000 6.197 8.045 0.738 9.682 8.475 1.229 6.893 8.066 7.656 4.926 9.041 5.685 3.965 3.077 6.727 8.470 2.438 7.619 3.109 5.388 2.696 8.622 5.779 9.098 8.330 1.503 7.360 4.574 7.105 4.190 7.852 3.787 5.580 3.288 4.315 6.401 4.472 7.249 8.076 3.014 2.459 10.925 8.785 11.267 3.722 8.252 8.518 9.258 9.347 7.971 10.119 6.065 4.871 9.606 6.741 8.065 2.332 8.703 5.841 9.114 0.164 4.966 10.558 9.687 1.120 7.334 1.712 2.671 5.688 2.704 11.445 5.585 10.051 7.154 4.303 11.732 4.726 3.187 7.992 3.819 4.447 
6.792 7.614 8.824 7.739 6.827 3.247 7.535 5.437 1.618 8.230 2.076 8.797 10.965 3.063 3.114 9.413 2.745 6.654 8.688 5.850 7.816 0.575 9.357 8.165 0.880 6.556 7.721 7.345 4.735 8.697 5.359 3.910 2.999 6.396 8.141 2.236 7.297 2.831 5.058 2.473 8.285 5.452 8.753 8.028 1.215 7.175 4.345 6.793 3.887 7.505 3.535 5.289 3.216 3.966 6.123 4.169 6.907 7.734 2.683 2.349 10.621 8.443 10.964 3.581 8.026 8.199 8.991 9.044 7.829 9.845 5.993 4.783 9.352 6.435 7.726 2.261 8.361 5.497 8.835 0.360 4.617 10.226 9.354 0.960 7.223 1.631 2.335 5.344 2.382 11.151 5.433 9.705 7.092 4.018 11.423 4.377 2.897 7.679 3.743 4.132 
5.625 6.160 7.337 6.263 4.602 1.961 6.204 4.065 1.985 6.248 1.376 6.847 8.563 1.818 2.260 7.349 0.955 4.298 6.289 4.195 5.629 2.054 6.985 5.765 1.731 5.143 5.551 6.378 2.879 7.029 4.284 3.155 2.373 4.056 6.840 3.224 4.918 2.987 3.949 3.230 5.983 4.352 7.077 5.627 2.267 5.220 2.268 4.394 3.423 5.394 1.392 4.768 2.543 2.313 3.766 3.664 5.355 5.495 0.510 1.850 8.219 6.835 8.563 2.292 5.846 7.081 6.651 6.643 6.098 7.485 4.814 3.630 7.049 4.033 6.245 3.874 6.747 3.331 6.463 2.618 2.781 7.885 7.023 2.758 5.711 3.374 1.878 3.189 0.232 8.755 3.765 7.544 5.902 3.769 9.022 2.502 0.570 6.659 2.877 3.432 
3.704 8.612 9.762 8.707 6.510 0.898 4.462 6.569 1.473 8.395 3.656 9.006 9.463 0.889 0.370 9.373 3.481 5.872 7.374 6.624 5.471 2.518 8.300 6.858 3.152 7.623 7.497 8.902 2.291 9.380 6.810 0.822 0.154 5.717 9.323 5.028 6.320 5.181 6.475 5.162 7.626 6.877 9.423 6.589 3.871 4.514 2.384 5.626 5.854 7.432 2.145 7.247 0.155 4.812 4.471 6.114 7.790 7.321 3.018 0.814 9.093 9.220 9.406 0.941 5.650 9.592 6.999 7.558 4.923 7.907 2.912 1.730 7.205 5.205 8.688 5.308 9.130 5.435 7.010 2.989 5.197 9.311 8.524 3.978 4.212 4.684 4.174 5.321 2.745 9.441 2.636 9.424 4.004 6.156 9.944 4.917 2.388 9.181 0.673 5.914 
7.999 7.505 7.697 7.449 4.506 7.964 7.628 7.575 9.505 5.300 8.771 5.493 0.678 8.061 8.458 4.863 7.868 3.988 1.766 6.819 3.952 9.975 1.836 2.247 9.650 7.491 4.365 9.041 6.562 6.876 8.261 8.577 8.723 4.287 8.200 10.572 3.283 9.777 8.162 10.407 3.202 8.213 6.852 2.338 10.015 5.294 6.447 3.603 9.188 4.757 7.009 9.479 8.670 7.373 4.369 9.184 7.071 3.945 7.746 8.852 0.307 7.082 0.608 7.861 3.917 8.874 2.178 1.324 6.156 1.523 7.851 7.884 2.474 3.935 7.426 11.456 7.036 5.568 1.893 10.564 6.797 2.231 2.475 10.617 6.954 11.112 8.966 5.703 8.005 0.904 6.680 4.176 7.994 9.583 1.156 6.846 7.484 9.004 8.408 8.842 
4.822 7.948 9.131 8.053 6.262 1.348 5.557 5.825 0.435 8.007 2.664 8.611 9.749 1.181 1.137 9.072 2.693 5.793 7.554 5.992 6.117 1.403 8.384 7.026 2.025 6.921 7.235 8.075 2.924 8.828 5.980 1.957 1.031 5.591 8.611 3.899 6.334 4.111 5.647 4.044 7.536 6.056 8.876 6.811 2.740 5.326 2.719 5.705 4.873 7.113 2.112 6.293 1.251 4.091 4.743 5.144 7.149 7.129 2.305 0.374 9.387 8.634 9.716 1.647 6.314 8.819 7.485 7.817 5.889 8.376 4.018 2.804 7.768 5.301 8.036 4.173 8.546 5.055 7.416 1.925 4.580 9.348 8.517 2.844 5.252 3.552 3.163 4.922 1.973 9.819 3.513 9.214 5.121 5.144 10.224 4.301 1.918 8.372 1.770 4.978 
3.206 8.949 9.728 8.971 5.549 4.468 2.842 7.765 6.249 7.474 6.885 7.983 5.464 4.634 4.802 7.844 6.084 4.476 4.208 7.293 0.874 7.090 5.311 3.914 7.223 8.352 6.246 10.030 2.900 9.027 8.356 4.506 5.032 4.606 9.773 8.801 4.291 8.400 8.095 8.776 5.572 8.364 9.038 3.504 7.839 0.570 3.334 3.679 8.400 6.458 4.206 9.363 4.889 6.524 2.628 8.544 8.190 5.821 5.692 5.460 5.109 9.054 5.327 4.199 0.889 10.317 2.631 4.001 1.445 3.449 3.173 3.591 2.520 3.469 8.946 9.452 8.975 5.514 2.964 7.677 6.335 6.319 5.873 8.255 2.150 8.920 7.312 5.537 5.756 5.124 2.428 7.480 3.190 8.818 5.914 6.182 5.020 10.164 4.450 8.212 
11.019 0.259 0.960 0.179 3.652 8.111 11.262 2.435 8.319 2.308 5.839 2.327 7.756 8.033 8.549 3.208 5.519 4.708 6.170 2.248 8.546 7.913 5.754 6.003 7.009 1.312 3.291 1.638 8.028 1.160 2.585 9.336 8.718 4.547 0.642 6.394 5.096 5.388 2.841 6.088 4.422 2.485 1.223 6.297 6.765 9.181 7.312 5.528 4.233 2.934 6.920 3.321 8.852 4.116 6.561 3.999 1.086 3.755 5.909 8.264 7.627 0.811 7.910 8.338 8.721 1.292 8.073 6.741 10.399 8.345 10.342 9.437 8.690 5.683 0.204 7.275 0.780 3.800 7.553 8.219 3.672 5.794 5.171 7.369 10.561 7.370 5.531 3.841 6.234 8.450 8.886 3.941 11.220 4.352 7.979 3.952 6.482 1.481 9.048 3.877 
7.501 6.772 7.977 6.902 6.380 3.807 8.197 4.621 2.450 7.592 1.506 8.134 10.794 3.622 3.799 8.807 2.373 6.366 8.502 5.117 8.042 1.448 9.066 7.992 0.754 5.721 7.212 6.389 5.141 7.912 4.463 4.670 3.740 6.087 7.250 1.227 7.044 1.817 4.181 1.442 7.895 4.560 7.971 7.905 0.260 7.559 4.627 6.626 2.918 6.957 3.759 4.292 3.960 3.337 6.158 3.197 6.110 7.282 2.503 3.054 10.466 7.639 10.814 4.163 8.258 7.265 9.043 8.908 8.332 9.858 6.686 5.458 9.458 6.307 6.891 1.516 7.561 5.042 8.827 1.377 4.017 9.870 8.989 0.405 7.815 0.960 1.553 4.885 2.301 11.054 5.937 9.163 7.797 3.013 11.237 3.812 2.983 6.729 4.464 3.198 
2.886 8.172 9.241 8.246 5.561 1.033 3.461 6.333 2.794 7.560 4.114 8.166 7.978 1.216 1.319 8.408 3.587 4.756 5.978 6.200 3.888 3.716 6.967 5.479 4.055 7.274 6.530 8.742 0.746 8.749 6.720 1.284 1.556 4.661 8.945 5.844 5.089 5.729 6.396 5.902 6.465 6.768 8.784 5.173 4.747 2.974 1.171 4.356 6.126 6.537 1.571 7.400 1.434 4.649 3.077 6.348 7.337 6.280 3.095 1.999 7.605 8.640 7.909 0.722 4.067 9.314 5.440 6.105 3.550 6.349 2.087 1.018 5.626 3.938 8.225 6.323 8.551 4.711 5.480 4.276 4.836 8.003 7.265 5.034 3.014 5.735 4.624 4.632 2.973 7.911 1.154 8.355 3.158 6.493 8.459 4.578 2.304 8.979 1.100 6.081 
9.042 4.207 4.328 4.136 2.103 7.495 8.977 4.756 8.570 1.954 6.978 2.130 3.496 7.517 8.023 1.627 6.186 2.522 2.296 3.976 5.488 8.691 1.541 2.414 8.083 4.378 1.347 5.790 6.590 3.507 5.401 8.490 8.270 2.684 4.858 8.463 2.203 7.520 5.393 8.231 0.794 5.331 3.484 2.818 8.229 6.565 6.116 2.950 6.669 1.710 6.268 6.597 8.303 5.196 4.322 6.586 3.899 1.196 6.275 8.130 3.381 3.716 3.653 7.548 5.591 5.537 4.373 2.788 7.732 4.369 8.598 8.135 4.960 3.347 4.115 9.406 3.674 3.441 3.828 9.208 4.519 1.620 0.911 8.883 8.235 9.214 6.991 3.597 6.610 4.206 7.142 1.185 9.148 7.007 3.727 4.685 6.366 5.714 8.243 6.281 
8.048 3.329 4.530 3.442 3.111 4.715 8.465 1.186 4.735 3.972 2.294 4.500 7.954 4.607 5.097 5.202 1.948 3.544 5.748 1.489 6.667 4.352 6.002 5.321 3.487 2.286 3.760 3.536 5.029 4.339 1.491 5.949 5.237 3.247 3.970 3.390 4.238 2.427 1.174 3.144 4.654 1.537 4.394 5.395 3.378 6.823 4.281 4.147 1.683 3.448 3.660 2.374 5.393 0.588 4.454 1.707 2.567 3.941 2.376 4.728 7.681 4.097 8.026 4.992 6.881 4.203 6.970 6.268 7.944 7.593 7.289 6.228 7.522 4.016 3.427 4.338 4.013 1.942 6.584 4.707 0.730 6.626 5.757 4.027 7.842 4.220 2.085 1.817 2.679 8.398 5.960 5.619 8.292 2.086 8.341 0.810 3.047 3.799 5.662 1.357 
9.325 4.852 4.852 4.772 2.807 8.032 9.194 5.501 9.186 2.587 7.683 2.639 2.937 8.066 8.560 1.939 6.874 3.077 2.259 4.722 5.592 9.352 1.242 2.531 8.772 5.092 2.095 6.452 7.027 4.035 6.142 8.976 8.813 3.278 5.458 9.198 2.629 8.261 6.139 8.969 1.334 6.071 4.004 2.939 8.940 6.759 6.608 3.363 7.416 2.456 6.830 7.334 8.833 5.924 4.703 7.334 4.602 1.913 6.940 8.712 2.883 4.279 3.115 8.060 5.669 6.139 4.277 2.639 7.883 4.119 8.934 8.557 4.825 3.780 4.752 10.139 4.247 4.145 3.747 9.880 5.250 0.913 0.574 9.592 8.457 9.937 7.712 4.301 7.269 3.697 7.510 1.255 9.408 7.755 3.108 5.408 6.986 6.355 8.739 7.029 
4.415 6.378 7.352 6.432 3.449 2.527 4.668 4.842 4.011 5.480 3.869 6.077 6.138 2.598 3.047 6.266 3.017 2.594 3.979 4.507 2.982 4.562 4.891 3.457 4.425 5.602 4.397 7.211 1.538 6.783 5.372 3.406 3.309 2.515 7.187 5.804 2.942 5.320 5.087 5.746 4.303 5.394 6.811 3.212 4.949 2.889 1.041 2.225 5.293 4.438 1.523 6.305 3.299 3.442 1.134 5.443 5.558 4.126 2.677 3.362 5.775 6.716 6.104 2.505 3.203 7.643 3.977 4.209 4.006 4.836 3.779 3.084 4.354 1.803 6.408 6.538 6.629 2.811 3.840 5.163 3.343 5.906 5.136 5.455 3.989 6.063 4.255 2.775 2.816 6.216 2.293 6.192 4.610 5.710 6.615 3.152 2.143 7.395 3.170 5.115 
6.605 5.063 6.253 5.171 3.934 3.055 7.120 2.938 3.002 5.356 0.990 5.938 8.333 2.927 3.391 6.519 0.197 3.884 6.041 3.131 6.013 2.758 6.582 5.539 2.049 4.032 4.814 5.238 3.692 5.994 3.146 4.273 3.511 3.603 5.722 2.848 4.567 2.280 2.811 2.744 5.425 3.213 6.045 5.481 2.252 5.840 2.983 4.187 2.415 4.599 2.192 3.686 3.678 1.207 3.924 2.628 4.274 4.841 0.656 2.979 8.011 5.780 8.361 3.364 6.234 5.946 6.758 6.469 6.838 7.522 5.810 4.669 7.227 3.900 5.154 3.685 5.693 2.597 6.484 3.212 1.767 7.393 6.513 2.885 6.568 3.330 1.241 2.442 0.929 8.627 4.623 6.798 6.870 2.801 8.769 1.504 1.423 5.521 3.990 2.360 
5.277 7.585 8.182 7.579 4.109 5.463 4.976 6.856 7.135 5.794 6.972 6.231 3.429 5.587 5.921 5.953 6.074 3.107 2.126 6.235 1.262 7.766 3.209 1.939 7.630 7.189 4.577 8.877 3.953 7.419 7.518 5.922 6.182 3.340 8.390 8.891 2.654 8.271 7.317 8.791 3.697 7.501 7.420 1.548 8.122 2.573 3.995 2.316 7.975 4.866 4.710 8.657 6.099 6.037 2.144 8.054 6.917 4.115 5.816 6.415 3.060 7.507 3.320 5.304 1.298 8.998 0.771 1.866 3.564 1.670 5.098 5.171 1.181 2.354 7.554 9.683 7.436 4.550 0.862 8.368 5.641 4.194 3.811 8.654 4.270 9.241 7.289 4.629 5.999 3.242 3.954 5.502 5.293 8.397 3.900 5.578 5.354 8.948 5.780 7.703 
7.920 7.648 7.852 7.593 4.618 7.960 7.534 7.688 9.518 5.450 8.829 5.650 0.744 8.061 8.450 5.026 7.924 4.071 1.851 6.936 3.874 10.004 1.988 2.314 9.694 7.622 4.501 9.179 6.541 7.031 8.375 8.551 8.715 4.371 8.348 10.641 3.367 9.855 8.271 10.480 3.338 8.328 7.008 2.378 10.069 5.218 6.445 3.658 9.281 4.892 7.023 9.592 8.658 7.455 4.376 9.282 7.206 4.076 7.792 8.857 0.402 7.234 0.627 7.850 3.831 9.021 2.089 1.375 6.057 1.391 7.787 7.845 2.354 3.978 7.571 11.520 7.188 5.659 1.840 10.595 6.887 2.398 2.634 10.667 6.867 11.169 9.033 5.791 8.047 0.800 6.636 4.341 7.909 9.679 1.205 6.930 7.515 9.145 8.386 8.939 
11.020 0.456 0.807 0.316 3.551 8.184 11.243 2.604 8.449 2.086 6.001 2.064 7.534 8.112 8.631 2.938 5.645 4.617 5.998 2.338 8.455 8.072 5.545 5.851 7.179 1.490 3.123 1.917 8.046 0.877 2.806 9.404 8.807 4.471 0.820 6.618 4.972 5.607 3.047 6.314 4.236 2.705 0.940 6.156 6.957 9.127 7.339 5.434 4.458 2.781 6.978 3.587 8.935 4.241 6.508 4.231 1.175 3.591 6.021 8.369 7.413 0.528 7.691 8.402 8.626 1.498 7.929 6.566 10.348 8.174 10.357 9.476 8.546 5.608 0.323 7.507 0.495 3.799 7.403 8.393 3.764 5.553 4.950 7.568 10.535 7.587 5.710 3.851 6.351 8.237 8.891 3.677 11.215 4.592 7.747 4.045 6.570 1.744 9.117 4.095 
5.497 6.987 8.179 7.096 5.535 1.768 6.167 4.847 1.079 7.173 1.676 7.770 9.380 1.584 1.844 8.283 1.728 5.198 7.126 5.053 6.144 1.214 7.866 6.598 1.298 5.952 6.486 7.076 3.116 7.908 4.983 2.759 1.856 4.965 7.634 3.121 5.798 3.187 4.651 3.217 6.901 5.060 7.958 6.432 1.996 5.551 2.675 5.237 3.886 6.329 1.859 5.299 2.065 3.132 4.471 4.154 6.200 6.426 1.400 1.197 9.029 7.701 9.368 2.126 6.355 7.829 7.325 7.449 6.286 8.187 4.679 3.451 7.678 4.858 7.079 3.566 7.614 4.266 7.185 1.813 3.662 8.785 7.929 2.294 5.767 2.985 2.187 4.123 1.050 9.529 3.888 8.479 5.790 4.172 9.845 3.386 1.290 7.376 2.517 3.980 
11.435 1.360 0.617 1.220 3.748 8.793 11.599 3.436 9.181 1.893 6.800 1.609 7.177 8.735 9.261 2.372 6.380 4.815 5.878 3.053 8.605 8.861 5.274 5.811 7.989 2.352 3.099 2.709 8.520 0.259 3.695 9.996 9.450 4.721 1.440 7.503 5.052 6.488 3.921 7.201 4.093 3.594 0.257 6.154 7.801 9.389 7.840 5.607 5.347 2.835 7.559 4.492 9.566 4.986 6.794 5.126 1.952 3.562 6.726 9.051 7.097 0.418 7.349 8.988 8.760 2.066 7.893 6.427 10.613 8.039 10.809 9.995 8.506 5.839 1.222 8.399 0.498 4.276 7.353 9.207 4.450 5.118 4.628 8.421 10.876 8.464 6.537 4.355 7.065 7.920 9.324 3.133 11.614 5.493 7.341 4.730 7.221 2.471 9.711 4.977 
5.224 8.304 9.500 8.415 6.810 1.960 5.994 6.148 0.269 8.497 2.837 9.096 10.389 1.805 1.657 9.591 3.054 6.388 8.186 6.382 6.748 1.088 9.001 7.658 1.945 7.261 7.774 8.318 3.546 9.241 6.238 2.337 1.478 6.176 8.934 3.752 6.945 4.122 5.911 3.939 8.121 6.320 9.291 7.449 2.612 5.923 3.365 6.329 5.001 7.633 2.747 6.434 1.679 4.456 5.387 5.280 7.524 7.688 2.732 0.967 10.028 9.031 10.359 2.229 6.943 9.100 8.131 8.456 6.429 9.023 4.442 3.265 8.409 5.927 8.399 3.882 8.944 5.569 8.062 1.469 4.996 9.956 9.118 2.565 5.744 3.251 3.292 5.431 2.383 10.464 4.082 9.761 5.525 5.229 10.864 4.721 2.473 8.628 2.208 5.153 
7.931 4.797 6.004 4.926 4.721 4.253 8.492 2.644 3.649 5.696 1.038 6.214 9.428 4.097 4.485 6.928 1.515 4.943 7.161 3.171 7.437 2.983 7.556 6.688 2.027 3.744 5.452 4.526 5.098 5.936 2.516 5.403 4.543 4.646 5.300 1.697 5.648 0.872 2.218 1.490 6.270 2.609 5.995 6.687 1.723 7.286 4.408 5.390 1.173 5.157 3.583 2.597 4.740 1.592 5.308 1.445 4.133 5.592 1.977 3.908 9.129 5.661 9.479 4.593 7.658 5.363 8.084 7.636 8.272 8.807 7.122 5.937 8.581 5.157 4.915 2.637 5.583 3.430 7.771 3.202 2.253 8.256 7.378 2.345 7.968 2.493 0.550 3.280 2.079 9.796 6.017 7.342 8.206 1.472 9.841 2.123 2.761 4.853 5.136 1.319 
11.683 1.594 2.110 1.679 4.883 8.445 12.025 2.593 8.314 3.860 5.700 3.915 9.283 8.337 8.821 4.794 5.629 5.871 7.572 2.879 9.644 7.727 7.255 7.347 6.771 1.812 4.720 0.220 8.651 2.677 2.304 9.679 8.951 5.660 1.171 5.759 6.362 4.829 2.638 5.445 5.878 2.231 2.735 7.602 6.379 10.121 7.907 6.681 3.692 4.337 7.365 2.407 9.114 4.318 7.535 3.415 2.067 5.164 6.087 8.411 9.134 2.340 9.428 8.720 9.834 0.735 9.376 8.148 11.314 9.728 10.952 9.934 9.988 6.762 1.698 6.540 2.333 4.653 8.875 7.925 4.103 7.359 6.703 6.909 11.358 6.761 5.286 4.645 6.367 9.952 9.559 5.528 11.910 3.656 9.525 4.351 6.777 0.152 9.392 3.434 
9.305 4.461 4.488 4.382 2.504 7.858 9.210 5.121 8.957 2.196 7.379 2.273 3.297 7.883 8.385 1.629 6.586 2.884 2.383 4.344 5.664 9.088 1.473 2.581 8.483 4.698 1.732 6.059 6.915 3.668 5.758 8.835 8.635 3.060 5.076 8.860 2.511 7.914 5.760 8.626 1.130 5.685 3.640 2.990 8.630 6.786 6.462 3.258 7.051 2.081 6.638 6.946 8.664 5.595 4.621 6.964 4.207 1.598 6.672 8.507 3.220 3.904 3.468 7.902 5.754 5.757 4.444 2.822 7.934 4.358 8.884 8.456 5.013 3.665 4.362 9.803 3.869 3.843 3.905 9.606 4.918 1.307 0.783 9.284 8.470 9.614 7.392 3.998 7.006 4.041 7.439 1.027 9.401 7.385 3.487 5.085 6.753 5.965 8.591 6.662 
8.776 3.796 4.988 3.931 4.387 5.193 9.279 1.749 4.747 4.987 2.117 5.450 9.252 5.051 5.478 6.230 2.315 4.846 7.051 2.427 7.825 4.099 7.285 6.622 3.141 2.768 4.961 3.413 5.837 5.001 1.455 6.385 5.561 4.548 4.236 2.393 5.541 1.373 1.199 2.100 5.917 1.553 5.062 6.690 2.773 7.852 5.109 5.430 0.380 4.620 4.356 1.537 5.748 1.580 5.626 0.473 3.211 5.185 2.810 4.953 8.981 4.704 9.326 5.516 8.043 4.261 8.236 7.570 8.915 8.881 7.982 6.836 8.777 5.275 3.922 3.314 4.631 3.245 7.865 4.299 2.024 7.871 7.012 3.349 8.708 3.344 1.664 3.118 3.003 9.701 6.773 6.725 9.040 0.791 9.633 2.037 3.594 3.742 6.109 0.206 
12.384 1.725 0.624 1.624 4.800 9.563 12.588 3.884 9.782 3.022 7.282 2.729 8.278 9.489 10.007 3.432 6.984 5.873 7.010 3.707 9.690 9.357 6.399 6.936 8.441 2.764 4.213 2.367 9.422 1.379 3.950 10.785 10.179 5.755 1.180 7.713 6.151 6.726 4.235 7.401 5.225 3.853 1.389 7.274 8.165 10.428 8.718 6.677 5.562 3.928 8.361 4.470 10.310 5.581 7.817 5.310 2.540 4.680 7.375 9.730 8.210 1.295 8.455 9.784 9.850 1.479 9.020 7.560 11.652 9.171 11.729 10.857 9.633 6.886 1.643 8.558 1.374 5.169 8.481 9.645 5.133 6.201 5.746 8.752 11.873 8.704 6.954 5.227 7.700 9.031 10.258 4.187 12.574 5.625 8.425 5.414 7.943 2.040 10.498 5.232 
8.912 3.516 3.777 3.458 1.488 7.067 8.919 3.979 8.028 1.335 6.304 1.687 4.190 7.072 7.589 1.531 5.544 2.177 2.666 3.200 5.592 8.083 2.162 2.632 7.434 3.617 0.592 5.075 6.296 2.968 4.623 8.120 7.828 2.263 4.213 7.732 2.081 6.778 4.617 7.494 0.881 4.554 2.956 3.002 7.544 6.558 5.760 2.784 5.904 0.934 5.815 5.820 7.879 4.485 4.141 5.817 3.150 0.641 5.671 7.636 4.039 3.130 4.333 7.151 5.721 4.884 4.699 3.216 7.758 4.828 8.410 7.846 5.307 3.135 3.435 8.678 3.077 2.793 4.155 8.582 3.804 2.394 1.627 8.200 8.178 8.506 6.289 2.946 6.013 4.860 6.927 1.471 9.041 6.238 4.454 3.987 5.831 5.020 7.862 5.514 
6.118 6.939 8.145 7.056 5.823 2.412 6.805 4.765 1.272 7.335 1.393 7.918 9.875 2.227 2.427 8.486 1.796 5.592 7.602 5.071 6.779 0.785 8.288 7.077 0.649 5.887 6.743 6.878 3.779 7.939 4.810 3.321 2.395 5.341 7.538 2.514 6.224 2.711 4.486 2.640 7.250 4.894 7.992 6.937 1.365 6.212 3.318 5.706 3.547 6.552 2.479 4.979 2.613 3.141 5.036 3.826 6.184 6.726 1.637 1.708 9.530 7.709 9.873 2.768 6.991 7.676 7.910 7.953 6.949 8.759 5.301 4.072 8.281 5.345 7.041 2.908 7.625 4.511 7.746 1.311 3.744 9.173 8.306 1.630 6.420 2.322 1.837 4.361 1.313 10.059 4.550 8.736 6.413 3.784 10.334 3.484 1.806 7.193 3.099 3.700 
3.433 7.697 8.569 7.733 4.443 3.242 3.443 6.350 4.986 6.460 5.384 7.017 5.677 3.385 3.663 7.024 4.570 3.406 3.880 5.935 1.569 5.739 4.957 3.444 5.784 7.016 5.268 8.670 1.675 7.922 6.914 3.613 3.918 3.461 8.519 7.308 3.431 6.886 6.641 7.273 4.827 6.929 7.941 3.073 6.375 1.316 1.908 2.710 6.891 5.412 2.754 7.885 3.818 5.031 1.388 7.041 6.905 4.896 4.188 4.225 5.304 7.907 5.589 3.041 1.775 9.025 3.052 3.886 2.501 3.962 3.029 2.885 3.244 2.381 7.709 7.985 7.824 4.169 3.130 6.337 4.883 6.009 5.390 6.821 2.708 7.470 5.802 4.170 4.269 5.548 1.692 6.786 3.549 7.307 6.156 4.713 3.542 8.828 3.476 6.711 
6.948 5.282 5.805 5.262 1.892 5.766 6.867 4.914 7.091 3.403 6.047 3.846 3.283 5.822 6.291 3.636 5.157 1.212 1.011 4.196 3.426 7.419 1.653 0.613 6.994 5.021 2.192 6.674 4.653 5.033 5.601 6.633 6.551 1.511 6.068 7.810 0.506 7.001 5.468 7.638 1.363 5.564 5.032 0.874 7.305 4.457 4.290 1.034 6.424 2.503 4.633 6.806 6.549 4.596 2.310 6.433 4.682 1.726 5.089 6.533 2.976 5.132 3.326 5.755 3.550 6.699 2.648 1.533 5.633 3.005 6.536 6.169 3.265 1.452 5.238 8.705 5.065 2.800 2.132 7.988 4.027 2.655 1.911 7.925 6.125 8.386 6.213 2.930 5.377 3.661 5.109 3.295 7.046 6.825 3.713 4.070 4.947 6.705 6.409 6.087 
6.823 5.021 5.619 5.011 1.566 5.433 6.794 4.529 6.709 3.270 5.613 3.759 3.720 5.480 5.960 3.652 4.724 0.777 1.446 3.828 3.492 7.010 2.034 1.008 6.569 4.694 2.038 6.365 4.393 4.870 5.214 6.344 6.217 1.076 5.821 7.372 0.087 6.565 5.069 7.200 1.441 5.180 4.874 1.166 6.872 4.422 3.981 0.729 5.998 2.301 4.271 6.412 6.225 4.161 2.093 6.012 4.382 1.598 4.666 6.170 3.414 4.942 3.764 5.441 3.638 6.437 2.928 1.952 5.622 3.367 6.367 5.929 3.540 1.145 4.986 8.268 4.870 2.374 2.440 7.575 3.598 2.995 2.197 7.494 6.052 7.951 5.775 2.502 4.959 4.093 4.912 3.399 6.937 6.401 4.149 3.636 4.548 6.413 6.110 5.665 
2.862 9.193 10.313 9.280 6.834 1.343 3.645 7.216 2.332 8.791 4.468 9.401 9.342 1.449 1.007 9.697 4.200 6.088 7.364 7.201 5.104 3.382 8.352 6.866 4.022 8.235 7.814 9.587 2.124 9.881 7.508 0.114 0.992 5.971 9.931 5.898 6.456 6.021 7.174 6.026 7.817 7.569 9.920 6.558 4.741 4.009 2.485 5.729 6.644 7.791 2.551 8.016 0.774 5.468 4.464 6.897 8.362 7.592 3.718 1.680 8.969 9.743 9.267 1.122 5.261 10.239 6.745 7.483 4.248 7.654 2.092 1.014 6.880 5.309 9.259 6.178 9.654 5.869 6.822 3.832 5.786 9.387 8.641 4.848 3.464 5.554 4.990 5.771 3.481 9.246 2.146 9.683 3.162 6.962 9.824 5.511 3.008 9.853 0.399 6.679 
7.081 6.060 6.468 6.027 2.785 6.378 6.887 5.838 7.814 4.025 6.936 4.379 2.391 6.454 6.892 3.993 6.036 2.150 0.129 5.107 3.239 8.214 1.228 0.417 7.842 5.884 2.893 7.510 5.115 5.667 6.526 7.135 7.156 2.450 6.819 8.727 1.448 7.934 6.401 8.562 1.823 6.486 5.658 0.684 8.186 4.448 4.866 1.789 7.368 3.251 5.324 7.735 7.130 5.533 2.783 7.377 5.515 2.427 5.935 7.207 2.064 5.808 2.413 6.323 3.309 7.469 2.012 0.597 5.539 2.163 6.769 6.565 2.610 2.156 6.002 9.613 5.748 3.744 1.465 8.795 4.970 2.269 1.789 8.795 6.158 9.277 7.123 3.874 6.207 2.720 5.426 3.493 7.140 7.769 2.842 5.009 5.725 7.518 6.933 7.031 
8.842 2.071 3.239 2.168 2.433 5.791 9.159 0.648 6.023 2.715 3.646 3.200 7.295 5.709 6.223 3.958 3.219 3.225 5.246 0.152 6.848 5.696 5.262 4.905 4.841 1.124 2.779 2.725 5.818 2.990 1.328 7.021 6.390 2.967 2.803 4.613 3.832 3.606 1.276 4.340 3.841 1.279 3.045 5.078 4.716 7.256 5.082 3.985 2.607 2.409 4.622 2.547 6.525 1.818 4.693 2.489 1.257 3.079 3.589 5.939 7.066 2.761 7.397 6.029 7.047 3.173 6.796 5.807 8.443 7.285 8.130 7.168 7.390 3.994 2.149 5.555 2.676 1.809 6.340 6.060 1.347 5.721 4.893 5.359 8.486 5.503 3.428 1.782 3.920 7.838 6.711 4.454 9.061 2.910 7.634 1.625 4.155 2.898 6.733 2.209 
8.019 8.209 8.399 8.153 5.173 8.299 7.580 8.243 9.897 6.005 9.307 6.192 0.879 8.408 8.778 5.547 8.399 4.595 2.386 7.493 4.004 10.420 2.541 2.825 10.143 8.185 5.064 9.742 6.839 7.577 8.931 8.828 9.042 4.895 8.905 11.137 3.895 10.367 8.822 10.983 3.902 8.884 7.553 2.844 10.538 5.340 6.794 4.139 9.815 5.455 7.412 10.146 8.973 7.974 4.755 9.821 7.770 4.640 8.249 9.217 0.742 7.785 0.669 8.170 3.931 9.579 2.217 1.874 6.088 1.369 7.942 8.082 2.337 4.438 8.131 12.007 7.741 6.191 2.101 11.015 7.417 2.863 3.173 11.127 6.940 11.643 9.525 6.320 8.493 0.331 6.864 4.847 7.987 10.215 1.190 7.452 7.938 9.707 8.678 9.477 
6.974 4.032 4.861 4.056 0.842 4.796 7.119 3.151 5.776 2.862 4.311 3.459 5.124 4.797 5.316 3.705 3.463 0.681 2.884 2.511 4.350 5.911 3.264 2.454 5.353 3.493 1.822 5.187 4.152 4.225 3.826 5.879 5.552 0.395 4.856 5.988 1.371 5.146 3.657 5.800 2.113 3.801 4.247 2.554 5.578 4.953 3.549 1.408 4.551 1.822 3.539 5.004 5.608 2.735 2.335 4.565 3.282 1.651 3.500 5.360 4.834 4.200 5.182 4.895 4.537 5.406 4.227 3.400 6.175 4.769 6.382 5.685 4.816 1.466 4.031 6.901 4.116 0.926 3.790 6.441 2.152 4.061 3.184 6.218 6.397 6.625 4.416 1.056 3.827 5.535 4.888 3.749 7.143 4.953 5.531 2.205 3.573 5.287 5.614 4.218 
7.807 7.412 8.611 7.545 7.112 4.208 8.540 5.286 2.640 8.306 2.236 8.841 11.503 4.023 4.116 9.525 3.093 7.087 9.211 5.812 8.631 1.590 9.790 8.698 1.316 6.370 7.942 6.935 5.638 8.579 5.080 4.930 4.013 6.811 7.855 1.472 7.762 2.326 4.813 1.766 8.625 5.178 8.639 8.602 0.983 8.075 5.180 7.330 3.479 7.684 4.330 4.788 4.232 4.061 6.810 3.747 6.776 8.014 3.189 3.351 11.171 8.298 11.519 4.553 8.845 7.830 9.696 9.608 8.783 10.524 7.004 5.788 10.094 7.002 7.536 1.254 8.221 5.773 9.497 1.228 4.742 10.599 9.719 0.326 8.209 0.632 2.265 5.617 2.957 11.748 6.382 9.890 8.106 3.508 11.949 4.541 3.598 7.281 4.755 3.794 
3.866 8.879 9.587 8.890 5.423 5.038 3.440 7.851 6.813 7.266 7.261 7.744 4.837 5.197 5.402 7.534 6.424 4.358 3.764 7.324 0.521 7.613 4.849 3.537 7.684 8.353 6.035 10.044 3.454 8.857 8.469 5.157 5.640 4.527 9.699 9.191 4.069 8.729 8.226 9.146 5.261 8.469 8.864 3.131 8.273 1.258 3.801 3.540 8.643 6.282 4.654 9.525 5.507 6.731 2.710 8.768 8.150 5.590 6.064 6.032 4.489 8.911 4.691 4.789 0.361 10.270 2.013 3.489 1.971 2.789 3.862 4.260 1.842 3.405 8.865 9.882 8.835 5.556 2.405 8.208 6.476 5.825 5.448 8.721 2.783 9.370 7.662 5.598 6.160 4.461 3.075 7.117 3.830 9.065 5.278 6.349 5.438 10.155 5.087 8.428 
2.855 9.155 10.274 9.242 6.789 1.308 3.634 7.182 2.332 8.747 4.446 9.358 9.297 1.417 0.984 9.653 4.171 6.043 7.318 7.163 5.063 3.381 8.306 6.820 4.012 8.199 7.770 9.554 2.078 9.840 7.476 0.073 0.981 5.926 9.894 5.887 6.410 6.003 7.142 6.013 7.771 7.537 9.879 6.513 4.731 3.973 2.439 5.683 6.620 7.747 2.510 7.989 0.762 5.434 4.418 6.872 8.324 7.547 3.687 1.669 8.924 9.703 9.223 1.080 5.222 10.204 6.702 7.438 4.222 7.611 2.081 0.986 6.839 5.263 9.221 6.175 9.614 5.827 6.778 3.836 5.749 9.341 8.595 4.844 3.444 5.551 4.969 5.730 3.453 9.203 2.108 9.637 3.155 6.940 9.779 5.475 2.974 9.819 0.362 6.653 
9.144 6.746 6.749 6.669 4.246 8.635 8.845 7.203 10.033 4.482 8.936 4.540 1.122 8.708 9.151 3.791 8.064 4.069 2.136 6.423 5.131 10.373 1.372 2.653 9.926 6.917 3.802 8.338 7.369 5.934 7.870 9.392 9.415 4.346 7.364 10.614 3.409 9.738 7.827 10.415 2.723 7.808 5.901 2.934 10.201 6.446 7.126 3.964 9.006 4.194 7.557 9.082 9.391 7.335 5.045 8.959 6.447 3.478 8.028 9.449 1.221 6.184 1.329 8.585 5.133 8.044 3.445 2.060 7.405 2.918 8.912 8.796 3.834 4.365 6.649 11.534 6.152 5.496 3.040 10.940 6.698 1.020 1.677 10.833 8.144 11.259 9.052 5.646 8.324 1.933 7.631 3.047 9.167 9.373 1.206 6.803 7.902 8.252 9.193 8.633 
9.111 4.960 5.006 4.884 2.742 7.873 8.973 5.518 9.056 2.696 7.606 2.791 2.779 7.911 8.401 2.129 6.786 2.937 2.028 4.737 5.364 9.244 1.014 2.309 8.682 5.154 2.099 6.552 6.843 4.186 6.169 8.801 8.655 3.151 5.586 9.153 2.456 8.227 6.153 8.930 1.224 6.100 4.157 2.715 8.867 6.537 6.437 3.182 7.406 2.474 6.681 7.368 8.671 5.871 4.511 7.333 4.674 1.867 6.836 8.568 2.704 4.420 2.950 7.893 5.440 6.267 4.046 2.409 7.657 3.897 8.728 8.368 4.596 3.601 4.863 10.092 4.384 4.073 3.515 9.778 5.203 0.846 0.343 9.517 8.237 9.876 7.651 4.229 7.161 3.524 7.311 1.469 9.192 7.753 2.977 5.351 6.859 6.466 8.567 7.022 
2.194 9.164 10.042 9.203 5.910 3.642 2.018 7.752 5.408 7.917 6.393 8.465 6.489 3.820 3.905 8.430 5.670 4.862 5.030 7.375 1.875 6.318 6.136 4.664 6.568 8.463 6.713 10.102 2.180 9.393 8.289 3.498 4.115 4.930 9.985 8.257 4.828 7.969 8.002 8.267 6.194 8.310 9.411 4.264 7.225 0.540 2.786 4.133 8.116 6.872 3.650 9.202 3.951 6.333 2.856 8.290 8.367 6.326 5.231 4.612 6.126 9.380 6.363 3.334 1.952 10.482 3.670 4.906 1.098 4.520 2.077 2.547 3.610 3.833 9.178 8.831 9.297 5.622 3.942 6.887 6.259 7.171 6.642 7.580 1.276 8.268 6.859 5.614 5.232 6.192 1.475 8.144 2.234 8.522 6.949 6.067 4.491 10.270 3.477 7.975 
6.860 5.002 5.594 4.992 1.552 5.468 6.830 4.526 6.740 3.240 5.634 3.728 3.703 5.515 5.995 3.617 4.747 0.789 1.434 3.822 3.522 7.038 2.004 1.004 6.593 4.683 2.010 6.351 4.431 4.843 5.212 6.381 6.252 1.088 5.801 7.389 0.085 6.579 5.070 7.216 1.403 5.178 4.847 1.175 6.894 4.456 4.018 0.767 6.006 2.276 4.305 6.412 6.261 4.174 2.131 6.018 4.367 1.567 4.691 6.204 3.399 4.917 3.748 5.477 3.667 6.418 2.942 1.945 5.657 3.371 6.405 5.966 3.555 1.182 4.967 8.286 4.846 2.382 2.450 7.603 3.607 2.962 2.161 7.516 6.088 7.971 5.793 2.511 4.986 4.082 4.951 3.361 6.974 6.408 4.129 3.648 4.578 6.397 6.147 5.672 
8.323 3.807 5.016 3.936 4.004 4.784 8.811 1.653 4.467 4.772 1.854 5.269 8.836 4.650 5.094 6.013 1.894 4.400 6.616 2.219 7.325 3.908 6.893 6.176 2.974 2.753 4.639 3.635 5.365 4.946 1.565 5.991 5.193 4.101 4.330 2.550 5.101 1.557 1.249 2.286 5.547 1.652 5.006 6.230 2.715 7.356 4.631 4.961 0.854 4.317 3.897 1.953 5.373 1.086 5.128 0.971 3.143 4.831 2.386 4.609 8.558 4.670 8.905 5.098 7.544 4.431 7.756 7.126 8.425 8.412 7.535 6.403 8.291 4.794 3.924 3.495 4.592 2.809 7.392 4.172 1.580 7.517 6.650 3.335 8.231 3.436 1.482 2.675 2.609 9.266 6.302 6.466 8.584 1.277 9.227 1.562 3.157 3.946 5.712 0.650 
10.685 0.835 1.905 0.972 3.796 7.561 10.998 1.701 7.596 2.955 5.041 3.130 8.296 7.466 7.966 4.022 4.831 4.778 6.514 1.826 8.553 7.110 6.253 6.272 6.181 0.733 3.690 1.005 7.659 2.140 1.667 8.796 8.115 4.566 1.123 5.442 5.275 4.447 1.960 5.132 4.853 1.571 2.204 6.519 5.883 9.051 6.921 5.587 3.285 3.300 6.430 2.319 8.265 3.457 6.455 3.039 0.992 4.121 5.260 7.614 8.129 1.795 8.433 7.817 8.743 1.339 8.290 7.090 10.250 8.660 9.970 8.990 8.901 5.670 0.976 6.306 1.749 3.581 7.794 7.377 3.141 6.436 5.733 6.467 10.321 6.428 4.688 3.582 5.565 8.942 8.554 4.714 10.904 3.374 8.561 3.406 5.902 1.084 8.508 2.948 
