10 20 40
92.002 46.729 110.486 76.671 55.145 24.422 120.501 128.836 51.758 81.023 
53.372 356.630 353.175 57.846 55.225 309.867 267.785 278.215 372.779 317.585 32.236 238.821 191.405 257.232 164.629 106.199 145.871 27.863 271.472 40.664 
13.861 24.524 20.884 7.880 14.008 28.923 26.226 21.406 31.099 23.030 25.951 17.012 20.991 32.335 24.410 27.065 29.182 8.663 8.255 20.486 8.893 18.144 27.296 11.140 14.428 9.114 33.062 19.929 9.896 25.506 9.788 31.747 16.744 21.692 18.219 15.087 6.759 20.766 6.631 28.742 
501.666 1327.463 1306.081 605.739 504.428 1198.576 1144.317 1098.908 1342.205 1246.195 392.235 1051.845 979.455 1137.981 846.583 718.813 872.027 375.144 1163.815 456.779 
3.812 0.698 2.683 6.731 3.861 4.145 5.409 2.947 4.592 8.832 5.800 2.005 8.611 6.914 7.682 9.940 6.156 3.522 3.780 4.411 
6.911 8.512 6.885 3.267 6.327 5.378 3.810 6.258 5.996 5.302 6.911 7.646 5.085 5.559 3.139 2.348 5.471 5.895 5.415 8.796 
6.475 7.349 5.458 3.527 4.684 4.721 3.025 5.185 5.724 3.572 7.050 6.232 6.147 3.609 1.210 4.140 3.540 5.088 4.325 8.511 
6.494 9.377 8.669 3.646 8.740 5.990 5.476 7.409 5.544 9.545 5.189 9.261 1.812 9.289 7.134 2.234 8.925 6.610 6.867 7.575 
3.095 5.280 4.374 0.757 4.532 1.833 1.376 3.158 2.163 6.800 3.304 4.978 3.370 5.833 4.415 3.981 5.257 2.454 2.572 4.970 
5.362 2.149 3.410 8.064 4.328 5.519 6.577 4.179 6.107 9.120 7.358 2.636 10.111 7.160 8.368 11.227 6.471 4.893 4.925 5.896 
2.822 0.765 1.609 5.313 2.853 2.746 3.955 1.494 3.409 7.750 4.864 1.286 7.366 5.905 6.374 8.507 5.122 2.119 2.334 4.053 
4.844 7.971 7.703 3.244 8.063 4.853 4.956 6.294 4.013 9.984 3.224 8.172 0.413 9.307 7.509 3.826 8.791 5.413 5.961 5.601 
3.431 6.633 7.077 4.296 7.811 4.401 5.360 5.609 3.080 10.939 1.391 7.321 2.923 9.828 8.562 6.180 9.169 4.742 5.645 3.325 
2.263 2.496 1.719 3.615 2.481 1.168 2.229 0.284 2.311 6.744 4.043 2.162 5.924 5.105 4.992 6.781 4.334 0.651 0.714 4.172 
1.835 4.847 8.114 4.436 4.517 8.648 2.387 7.554 3.555 5.600 6.150 6.038 3.187 7.275 4.999 1.534 1.506 7.269 4.502 5.387 7.207 6.430 4.586 3.910 7.483 7.372 7.784 5.891 2.775 6.133 6.814 3.417 4.062 8.184 4.828 5.067 0.828 4.747 6.466 7.024 
3.114 1.631 10.796 1.647 7.391 8.110 4.183 10.307 1.310 3.437 6.461 2.854 6.398 7.090 3.191 2.529 3.879 9.550 7.654 5.411 9.685 9.045 4.888 6.402 6.621 10.105 7.957 2.701 5.989 7.482 7.549 6.588 4.411 8.053 6.386 7.093 3.900 5.095 8.435 8.552 
2.512 2.529 9.813 1.418 6.796 5.940 5.627 9.413 3.482 1.809 4.428 4.095 6.446 4.939 1.240 3.951 5.021 8.286 7.459 3.354 8.566 8.077 2.979 7.606 4.465 9.198 5.846 3.121 6.416 5.790 5.600 6.508 2.604 5.897 4.900 5.819 4.616 3.179 7.022 6.886 
2.921 7.289 4.800 6.372 1.977 6.801 5.910 4.368 6.892 6.450 3.945 8.792 3.037 5.316 5.719 5.283 4.990 3.567 3.181 3.855 3.650 3.049 3.190 6.458 6.252 4.155 5.314 8.103 3.899 2.764 3.938 2.779 3.028 5.969 1.577 1.317 4.031 3.182 2.698 3.415 
3.138 3.449 9.678 2.298 7.001 4.715 6.753 9.346 4.709 1.372 3.506 4.946 7.018 3.801 0.677 5.113 6.078 7.986 7.868 2.449 8.365 7.995 2.353 8.626 3.222 9.128 4.775 3.741 7.164 5.211 4.751 7.013 2.185 4.743 4.560 5.602 5.557 2.516 6.643 6.294 
0.366 4.786 7.348 3.988 4.040 6.893 4.185 6.871 4.323 4.566 4.349 6.245 3.619 5.494 3.867 3.032 3.304 6.137 4.601 3.613 6.239 5.596 2.801 5.564 5.810 6.665 5.983 5.682 3.764 4.489 5.044 3.655 2.291 6.392 3.227 3.725 2.491 2.955 5.113 5.462 
1.844 5.745 6.484 4.730 3.785 5.525 5.841 6.114 5.786 4.622 2.788 7.296 4.277 4.057 3.895 4.726 4.936 4.954 4.821 2.296 5.223 4.766 1.507 6.999 4.692 5.897 4.392 6.457 4.807 2.840 3.356 4.150 1.216 4.884 1.667 2.478 4.053 1.575 3.742 3.868 
1.083 3.397 8.692 2.543 5.477 6.561 4.487 8.244 3.377 3.262 4.449 4.906 4.980 5.321 2.619 2.934 3.763 7.339 6.033 3.479 7.521 6.940 2.812 6.295 5.251 8.034 6.040 4.249 4.949 5.240 5.425 5.056 2.288 6.279 4.129 4.866 3.229 3.014 6.189 6.302 
1.605 5.502 7.131 4.917 3.556 8.206 3.171 6.580 4.462 5.795 5.558 6.808 2.495 6.776 5.128 2.533 2.244 6.272 3.698 4.921 6.208 5.437 4.099 4.244 7.173 6.394 7.171 6.500 2.427 5.280 6.086 2.641 3.616 7.641 3.969 4.109 1.304 4.232 5.499 6.119 
6.969 8.286 9.538 7.187 8.624 0.324 11.137 9.528 9.670 5.526 2.895 9.636 9.774 1.561 5.345 9.684 10.304 7.529 9.978 3.421 8.216 8.385 4.236 12.573 1.869 9.335 1.727 8.261 10.413 4.645 3.199 9.571 4.745 0.936 5.315 6.251 9.525 4.098 6.264 5.120 
3.367 6.881 6.979 6.468 3.419 9.840 2.713 6.362 5.402 7.511 7.097 8.013 1.459 8.380 6.862 3.113 1.993 6.620 2.843 6.572 6.355 5.480 5.751 2.792 8.884 6.215 8.662 7.931 0.732 6.414 7.442 1.823 5.302 9.199 5.146 4.929 1.399 5.862 6.192 7.070 
2.965 1.758 10.473 0.689 7.348 6.566 5.483 10.053 2.892 1.881 5.190 3.325 6.809 5.642 1.581 3.780 4.985 8.997 7.906 4.114 9.251 8.728 3.753 7.580 5.049 9.840 6.579 2.422 6.657 6.556 6.371 6.911 3.370 6.592 5.635 6.521 4.724 3.953 7.755 7.651 
5.120 9.460 3.652 8.739 1.021 9.654 6.119 3.017 8.454 9.179 6.823 10.819 1.957 8.189 8.452 6.321 5.384 3.850 0.697 6.817 3.347 2.456 6.147 5.553 9.206 2.899 8.028 10.409 3.032 5.158 6.556 1.590 5.941 8.747 4.336 3.434 4.615 6.145 4.073 5.290 
5.477 6.328 9.660 5.239 8.009 1.673 9.542 9.520 7.781 3.569 2.385 7.679 8.773 1.429 3.396 7.999 8.763 7.698 9.228 2.221 8.290 8.247 2.990 11.169 0.197 9.310 2.486 6.310 9.245 4.606 3.394 8.638 3.391 2.046 4.780 5.867 8.069 2.932 6.318 5.428 
4.996 7.483 7.310 6.327 6.149 2.499 9.156 7.224 8.357 5.138 0.645 9.000 7.361 1.124 4.654 7.875 8.272 5.319 7.508 1.681 5.950 6.011 2.286 10.368 2.558 7.021 1.018 7.779 8.069 2.270 0.960 7.137 2.822 1.599 2.842 3.788 7.416 2.091 3.968 3.000 
6.132 10.421 1.975 9.433 2.842 7.743 8.784 1.901 10.117 9.176 5.302 11.953 4.968 6.472 8.475 8.419 7.908 0.439 4.088 5.834 0.604 1.035 5.516 8.753 7.839 1.714 5.902 11.161 6.089 3.088 4.461 4.570 5.623 6.694 3.250 2.230 6.977 5.399 1.380 2.546 
4.737 5.623 9.437 4.512 7.529 2.416 8.769 9.248 7.009 2.933 2.227 7.018 8.154 1.746 2.673 7.216 8.001 7.520 8.688 1.722 8.066 7.941 2.395 10.430 0.960 9.034 2.832 5.679 8.572 4.440 3.410 8.041 2.731 2.579 4.401 5.513 7.326 2.378 6.125 5.366 
0.297 4.167 7.975 3.403 4.651 6.953 4.018 7.498 3.737 4.134 4.568 5.618 4.082 5.612 3.466 2.673 3.197 6.744 5.145 3.723 6.860 6.223 2.951 5.620 5.763 7.293 6.201 5.078 4.086 4.958 5.381 4.159 2.413 6.542 3.737 4.313 2.515 3.129 5.688 5.967 
1.001 4.100 8.039 3.122 5.003 5.907 5.061 7.624 4.240 3.379 3.636 5.647 4.841 4.595 2.662 3.628 4.256 6.591 5.741 2.717 6.821 6.296 1.994 6.676 4.701 7.411 5.249 4.855 5.006 4.384 4.572 4.848 1.458 5.539 3.305 4.111 3.570 2.190 5.395 5.453 
3.880 5.669 9.350 5.655 5.753 10.680 0.357 8.740 3.697 7.168 8.215 6.443 3.845 9.327 6.669 1.576 0.578 8.845 5.217 7.436 8.653 7.800 6.643 2.303 9.460 8.587 9.849 6.741 2.876 8.101 8.859 4.211 6.115 10.243 6.789 6.870 1.528 6.808 8.232 8.927 
