10 40 40
72.754 85.019 94.680 86.355 100.541 97.603 86.444 57.955 95.501 31.770 
175.052 103.754 51.097 79.560 100.093 33.420 91.988 49.387 22.246 117.053 84.037 44.544 162.373 16.900 147.560 22.891 173.644 119.882 158.847 87.504 171.336 73.453 145.176 127.627 22.995 148.510 34.983 124.776 155.479 64.357 121.210 98.626 45.727 102.814 127.059 95.166 125.402 85.981 153.774 136.795 
22.323 6.051 15.413 12.594 13.679 34.548 29.085 25.484 20.246 21.064 6.609 16.335 13.081 5.270 30.994 23.517 32.504 28.266 13.765 10.356 34.256 22.415 33.554 13.961 6.532 7.328 25.253 28.064 6.203 8.391 28.962 19.299 23.600 21.179 8.932 29.912 29.035 30.222 14.261 28.070 
1352.547 1090.745 778.753 911.782 1055.854 689.725 995.670 685.441 517.775 1056.741 952.915 764.193 1316.542 398.058 1242.633 560.340 1349.613 1077.391 1361.762 991.856 1397.500 881.335 1205.721 1104.841 535.747 1343.941 619.561 1188.701 1312.831 841.881 1106.478 1029.711 737.581 1090.577 1191.685 961.865 1137.804 898.068 1258.238 1200.605 
9.306 2.293 2.714 7.884 9.133 4.972 7.517 6.489 2.411 2.940 1.936 4.698 5.680 6.494 5.910 0.752 6.358 2.802 6.778 7.796 8.358 5.680 7.513 7.343 2.380 5.171 4.134 7.506 5.616 1.133 5.209 3.729 8.541 7.829 7.505 1.949 7.785 4.536 4.546 5.686 
8.215 1.666 2.825 6.991 8.564 2.561 9.635 3.887 5.205 2.547 4.775 2.535 6.552 9.101 8.468 3.274 7.465 2.187 6.305 10.280 6.887 8.286 9.996 8.557 5.969 1.578 4.000 5.570 4.574 2.502 3.308 2.627 7.551 7.668 9.941 4.511 8.732 7.206 6.280 5.318 
8.419 1.219 2.532 7.137 8.669 2.914 9.264 4.343 4.562 2.327 4.126 2.813 6.351 8.641 8.011 2.663 7.241 1.949 6.352 9.850 7.149 7.820 9.564 8.331 5.322 2.244 3.885 5.907 4.685 1.839 3.564 2.610 7.725 7.682 9.517 3.979 8.557 6.718 5.924 5.315 
6.002 3.537 3.665 5.057 6.680 1.081 9.742 1.138 7.851 3.283 7.387 1.433 6.111 9.692 9.077 5.236 7.027 3.198 4.831 10.659 4.545 8.959 10.396 8.038 7.960 2.024 3.703 3.061 3.134 4.924 1.690 2.619 5.473 6.198 10.302 5.885 7.980 8.069 6.572 4.205 
3.466 4.688 3.434 2.044 3.203 3.673 5.641 3.922 8.339 3.441 7.871 3.445 1.938 6.095 5.582 5.197 2.712 3.795 0.846 6.743 2.947 5.562 6.521 3.606 6.902 6.018 1.874 3.068 1.383 5.822 2.850 3.046 2.698 2.038 6.395 4.535 3.475 5.104 3.219 0.341 
6.891 0.977 0.402 5.505 6.912 2.492 7.207 3.959 4.952 0.343 4.466 2.176 4.228 6.734 6.100 1.900 5.112 0.305 4.534 7.879 5.824 5.933 7.598 6.201 4.508 3.581 1.884 4.899 3.109 2.137 2.606 1.118 6.144 5.773 7.536 2.426 6.440 4.899 3.850 3.439 
8.722 1.211 2.084 7.330 8.703 3.942 8.013 5.468 3.204 2.175 2.722 3.701 5.644 7.181 6.567 0.951 6.434 1.925 6.322 8.446 7.649 6.355 8.160 7.484 3.533 3.999 3.638 6.657 4.942 0.312 4.294 2.887 7.972 7.501 8.132 2.446 7.838 5.217 4.807 5.219 
9.722 3.870 3.728 8.298 9.300 6.304 6.307 7.756 2.840 4.069 2.561 5.985 5.410 5.043 4.527 2.115 5.858 4.083 7.089 6.360 9.012 4.281 6.089 6.684 0.704 6.901 4.732 8.427 6.338 2.966 6.334 4.853 8.954 7.881 6.108 1.733 7.242 3.201 3.923 6.085 
3.209 5.517 4.895 2.643 4.131 2.960 8.933 1.787 9.885 4.631 9.399 3.077 5.247 9.382 8.846 6.848 5.986 4.789 3.079 10.051 1.727 8.804 9.830 6.765 9.242 4.940 3.896 0.273 2.346 6.962 2.400 3.842 2.836 4.145 9.704 6.866 6.468 8.210 6.381 3.180 
5.949 2.083 1.910 4.710 6.287 0.724 8.204 2.213 6.488 1.534 6.007 0.420 4.728 8.021 7.398 3.618 5.664 1.508 4.068 9.047 4.664 7.266 8.776 6.729 6.276 2.571 2.152 3.463 2.307 3.538 1.086 0.872 5.273 5.450 8.692 4.132 6.789 6.338 4.935 3.151 
8.411 2.952 7.381 8.653 6.047 6.874 7.933 9.354 8.651 7.803 9.951 7.206 7.078 7.479 4.677 6.285 5.726 1.779 6.278 4.024 3.533 5.944 9.525 7.613 8.520 9.574 3.173 11.504 3.741 7.351 2.571 6.461 1.531 3.918 4.037 8.122 8.950 5.268 10.953 7.364 
7.530 4.957 7.418 1.634 3.048 1.643 3.695 1.683 0.962 3.765 2.268 3.337 4.219 5.166 3.066 2.012 4.222 6.688 6.029 3.764 6.702 6.572 7.213 6.727 8.514 2.618 5.506 4.294 4.214 4.264 5.739 1.340 6.627 7.268 4.268 1.528 2.842 4.508 3.432 1.104 
6.403 3.779 6.181 2.023 3.171 2.126 4.453 2.998 2.110 2.888 3.555 3.906 4.675 4.073 2.238 2.115 4.266 5.850 4.741 2.635 5.357 5.249 6.294 5.553 7.330 3.013 4.209 4.917 3.473 3.210 4.499 1.236 5.448 5.912 2.969 2.679 2.717 3.154 4.296 0.719 
7.345 1.522 6.386 7.238 5.007 5.653 6.980 8.021 7.281 6.405 8.616 6.228 6.251 6.184 3.379 5.076 4.919 1.774 5.133 2.623 2.675 4.909 8.332 6.494 7.596 8.149 1.888 10.079 2.637 5.986 1.261 5.149 0.609 3.229 2.616 6.887 7.519 3.927 9.547 5.956 
7.361 2.861 6.289 8.528 6.633 7.233 8.605 9.496 8.703 7.269 10.086 7.854 7.859 6.709 4.933 6.666 6.518 2.896 5.337 4.057 2.475 4.909 8.586 6.621 7.370 9.372 2.603 11.287 4.262 6.722 2.145 6.668 1.199 2.733 3.731 8.454 8.632 4.642 10.859 7.290 
8.541 3.594 8.070 4.272 0.650 1.280 2.579 4.020 3.647 5.435 4.592 1.831 2.297 6.365 1.512 0.734 1.638 4.332 6.532 2.584 5.961 6.836 8.711 7.628 9.317 5.297 4.554 7.025 1.976 5.602 4.479 1.498 5.034 6.620 3.575 2.491 5.268 4.710 6.130 3.164 
1.144 6.141 0.643 7.384 9.359 8.821 11.102 9.320 8.357 4.607 9.709 10.438 11.006 3.024 7.315 8.577 10.076 8.627 2.178 6.414 4.288 2.034 2.745 1.403 0.709 7.526 5.146 8.828 7.887 3.903 5.713 7.877 6.422 3.945 5.394 9.490 6.455 4.004 9.135 6.953 
9.423 3.610 8.805 5.785 1.393 2.743 3.022 5.483 5.167 6.690 6.036 2.330 2.167 7.411 2.204 2.251 0.826 3.294 7.274 3.014 6.083 7.446 9.795 8.494 10.081 6.814 4.696 8.551 1.649 6.738 4.419 3.000 4.650 6.748 4.047 3.849 6.731 5.467 7.645 4.633 
8.184 8.782 8.674 3.080 7.388 5.957 7.390 3.454 3.494 4.819 3.130 7.339 8.244 6.266 7.301 6.406 8.548 10.944 7.855 7.707 9.771 8.564 7.037 7.770 9.304 2.155 8.957 0.319 8.518 5.582 9.383 5.724 10.409 10.159 7.796 5.157 3.005 7.192 1.104 4.384 
6.749 3.731 6.493 2.233 2.787 1.753 4.083 2.931 2.115 3.274 3.510 3.525 4.288 4.432 2.009 1.729 3.891 5.654 5.030 2.551 5.466 5.511 6.672 5.888 7.658 3.251 4.257 5.124 3.232 3.579 4.496 0.850 5.404 6.044 3.018 2.402 3.045 3.382 4.432 0.966 
7.926 8.308 8.367 2.596 6.921 5.489 6.979 3.041 3.023 4.450 2.766 6.902 7.809 5.936 6.815 5.931 8.084 10.458 7.492 7.227 9.338 8.196 6.846 7.471 9.047 1.692 8.500 0.417 8.031 5.217 8.918 5.241 9.940 9.740 7.331 4.721 2.599 6.764 0.749 3.900 
8.199 3.415 7.742 3.992 0.987 1.201 2.833 3.879 3.434 5.084 4.463 2.104 2.630 6.015 1.273 0.609 1.981 4.384 6.206 2.347 5.731 6.525 8.359 7.288 8.985 5.022 4.334 6.783 1.952 5.249 4.300 1.206 4.915 6.385 3.307 2.449 4.952 4.388 5.919 2.849 
3.907 2.487 3.126 5.229 5.771 5.494 7.642 6.776 5.827 3.300 7.294 6.930 7.403 2.657 3.661 5.133 6.388 5.159 1.656 2.697 1.868 1.737 4.762 3.003 4.405 5.846 1.687 7.653 4.156 2.678 2.314 4.595 3.298 2.237 1.665 6.410 4.927 0.749 7.476 4.269 
0.520 6.664 1.623 6.499 9.259 8.488 10.816 8.504 7.579 3.728 8.817 10.217 10.888 2.306 7.375 8.351 10.124 9.333 2.554 6.639 5.305 2.869 1.089 1.191 1.518 6.443 5.822 7.516 8.168 3.189 6.439 7.555 7.309 5.126 5.714 8.958 5.397 4.156 7.967 6.345 
0.838 6.161 1.615 5.891 8.640 7.855 10.184 7.890 6.960 3.108 8.214 9.588 10.265 1.673 6.778 7.724 9.518 8.860 2.133 6.073 4.978 2.575 1.144 0.860 1.959 5.874 5.370 7.027 7.603 2.555 5.993 6.924 6.906 4.871 5.175 8.324 4.818 3.605 7.425 5.712 
6.429 5.623 6.554 0.251 4.737 3.380 5.428 2.263 1.399 2.547 2.581 5.098 5.979 4.118 4.205 3.660 5.905 7.818 5.375 4.545 6.797 6.026 5.829 5.746 7.497 1.042 5.859 2.959 5.438 3.235 6.250 2.832 7.262 7.257 4.666 3.155 1.109 4.282 2.483 1.260 
3.329 3.192 2.395 5.968 6.697 6.426 8.577 7.611 6.650 3.736 8.111 7.862 8.323 2.700 4.579 6.069 7.282 5.716 1.185 3.585 1.696 0.918 4.437 2.504 3.649 6.493 2.206 8.221 4.993 3.016 2.796 5.521 3.621 1.772 2.543 7.323 5.512 1.559 8.147 5.099 
7.051 4.062 6.828 2.091 2.696 1.517 3.830 2.579 1.807 3.483 3.164 3.315 4.118 4.716 2.232 1.612 3.839 5.879 5.379 2.871 5.841 5.872 6.913 6.202 7.979 3.122 4.621 4.947 3.426 3.845 4.844 0.733 5.733 6.422 3.385 2.042 3.043 3.752 4.194 0.945 
6.268 0.536 5.378 6.159 4.660 5.005 6.670 7.133 6.325 5.169 7.720 5.910 6.112 4.965 2.702 4.471 4.867 2.759 4.024 1.717 2.033 3.900 7.162 5.387 6.629 7.028 0.779 8.953 2.428 4.745 0.359 4.352 1.227 2.691 1.409 6.187 6.344 2.695 8.487 4.911 
1.112 7.270 1.713 7.775 10.250 9.584 11.900 9.769 8.831 4.984 10.100 11.270 11.893 3.477 8.271 9.399 11.040 9.817 3.170 7.436 5.520 3.194 2.212 1.978 0.585 7.753 6.313 8.826 8.940 4.383 6.897 8.642 7.643 5.188 6.445 10.135 6.702 4.964 9.284 7.538 
8.564 2.348 7.636 7.674 4.621 5.557 6.468 8.147 7.521 7.265 8.743 5.751 5.597 7.243 3.502 4.965 4.245 0.485 6.329 3.106 3.964 6.155 9.473 7.693 8.861 8.647 3.062 10.565 2.409 6.938 2.455 5.257 1.853 4.513 3.480 6.804 8.148 4.960 9.913 6.369 
1.085 6.147 1.828 5.674 8.516 7.701 10.031 7.678 6.753 2.902 7.994 9.445 10.134 1.523 6.685 7.584 9.413 8.861 2.194 6.010 5.061 2.688 1.063 1.013 2.206 5.639 5.389 6.780 7.540 2.381 6.015 6.774 6.948 4.984 5.136 8.143 4.586 3.562 7.184 5.529 
0.827 7.055 1.527 7.489 9.984 9.307 11.624 9.483 8.545 4.698 9.815 10.997 11.626 3.191 8.016 9.126 10.784 9.626 2.936 7.193 5.368 3.004 1.995 1.709 0.611 7.473 6.115 8.563 8.702 4.098 6.706 8.365 7.475 5.063 6.209 9.852 6.420 4.715 9.009 7.253 
3.147 4.004 2.041 6.992 7.728 7.508 9.634 8.682 7.717 4.599 9.172 8.912 9.340 3.322 5.600 7.138 8.254 6.293 1.625 4.572 1.880 0.922 4.539 2.542 3.121 7.457 2.929 9.117 5.902 3.843 3.426 6.609 4.032 1.542 3.536 8.414 6.443 2.647 9.118 6.171 
5.478 7.446 6.068 2.908 7.459 6.135 8.168 4.595 4.003 2.654 4.628 7.860 8.741 3.792 6.582 6.373 8.612 9.983 5.474 6.598 7.814 6.191 4.285 5.154 6.594 2.119 7.308 2.436 7.797 3.318 7.841 5.508 8.911 8.081 6.331 5.862 1.731 5.287 3.118 3.835 
10.316 5.976 10.017 4.618 1.932 1.838 0.661 3.283 3.540 6.744 3.663 0.867 1.615 7.998 3.847 2.157 2.540 6.433 8.516 4.920 8.302 8.921 10.190 9.448 11.209 5.472 6.908 6.736 4.297 7.131 6.861 2.782 7.406 8.953 5.852 1.667 5.894 6.757 5.635 4.074 
5.904 2.245 5.426 3.490 3.297 2.893 5.071 4.520 3.665 3.205 5.093 4.382 4.944 3.808 1.405 2.546 4.118 4.569 3.892 1.193 3.885 4.242 6.191 4.986 6.670 4.403 2.664 6.333 2.467 3.149 2.939 2.009 3.903 4.480 1.424 3.863 3.849 2.085 5.810 2.226 
8.907 2.540 8.105 6.799 3.189 4.278 4.970 6.974 6.459 6.930 7.560 4.266 4.083 7.240 2.576 3.697 2.731 1.358 6.660 2.668 4.800 6.647 9.587 7.992 9.375 7.815 3.574 9.685 1.341 6.759 3.102 4.158 2.979 5.430 3.448 5.502 7.478 5.022 8.921 5.517 
6.951 1.248 6.268 4.934 2.910 3.252 4.913 5.568 4.855 4.763 6.164 4.155 4.436 5.121 0.942 2.701 3.290 2.975 4.752 0.514 3.644 4.885 7.493 6.023 7.547 5.905 2.231 7.823 1.024 4.598 2.133 2.693 2.796 4.309 1.488 4.463 5.434 2.990 7.193 3.630 
7.547 6.172 7.651 0.866 4.450 3.020 4.737 1.166 0.561 3.663 1.469 4.540 5.447 5.228 4.448 3.450 5.618 8.094 6.430 5.015 7.627 7.059 6.926 6.855 8.611 1.407 6.568 2.856 5.632 4.338 6.887 2.786 7.843 8.131 5.336 2.413 2.098 5.200 1.986 1.741 
8.003 2.736 7.451 4.497 1.416 1.971 3.415 4.598 4.077 5.188 5.188 2.658 2.992 5.932 0.770 1.379 2.005 3.635 5.911 1.786 5.132 6.156 8.310 7.079 8.716 5.527 3.720 7.352 1.181 5.240 3.620 1.778 4.173 5.795 2.813 3.220 5.327 4.085 6.548 3.263 
7.117 3.227 6.743 3.019 2.144 1.481 3.716 3.439 2.747 3.887 4.035 3.069 3.738 4.876 1.274 1.198 3.179 4.917 5.229 2.028 5.227 5.627 7.193 6.223 7.958 4.043 3.917 5.897 2.465 4.080 4.056 0.623 4.879 5.846 2.726 2.496 3.837 3.463 5.156 1.767 
7.817 2.182 6.820 7.891 5.470 6.209 7.406 8.635 7.912 7.047 9.231 6.665 6.613 6.771 3.970 5.625 5.265 1.634 5.641 3.268 3.011 5.358 8.869 6.991 7.998 8.806 2.458 10.737 3.118 6.610 1.840 5.751 0.873 3.485 3.269 7.452 8.179 4.536 10.196 6.606 
6.018 1.927 4.989 7.259 6.045 6.382 8.055 8.404 7.553 5.825 8.980 7.295 7.465 5.242 4.088 5.856 6.189 3.355 3.915 3.071 1.150 3.551 7.169 5.232 6.144 8.050 1.249 9.946 3.764 5.261 1.043 5.693 1.025 1.644 2.478 7.546 7.258 3.190 9.588 6.072 
0.786 6.925 1.383 7.466 9.893 9.234 11.548 9.453 8.512 4.670 9.794 10.916 11.537 3.146 7.914 9.045 10.682 9.487 2.817 7.080 5.217 2.863 2.079 1.624 0.484 7.471 5.978 8.592 8.586 4.053 6.566 8.292 7.329 4.908 6.091 9.796 6.414 4.607 9.019 7.203 
4.903 5.061 5.041 1.779 5.388 4.231 6.491 3.769 2.847 1.019 4.109 6.030 6.846 2.593 4.227 4.319 6.487 7.574 3.937 4.189 5.725 4.618 4.387 4.221 5.968 2.038 5.022 3.780 5.421 1.723 5.515 3.429 6.578 6.101 3.966 4.376 1.054 3.141 3.700 1.832 
3.833 3.785 2.715 7.387 7.706 7.616 9.658 8.989 8.036 5.132 9.502 8.919 9.285 3.947 5.579 7.204 8.138 5.863 2.260 4.517 1.419 1.590 5.239 3.243 3.724 7.920 2.690 9.635 5.733 4.393 3.095 6.749 3.550 0.921 3.518 8.593 6.934 2.933 9.574 6.479 
2.198 5.704 2.662 4.532 7.607 6.698 9.024 6.540 5.622 1.783 6.850 8.469 9.197 0.802 5.905 6.630 8.566 8.447 2.320 5.363 5.095 2.992 1.728 1.749 3.310 4.501 5.114 5.721 6.870 1.387 5.735 5.789 6.745 5.168 4.610 7.065 3.443 3.082 6.066 4.450 
3.037 3.818 2.722 4.250 6.149 5.487 7.793 6.073 5.101 1.804 6.514 7.157 7.788 1.089 4.245 5.286 6.993 6.561 1.364 3.564 3.445 2.015 3.420 2.135 3.884 4.646 3.251 6.310 5.092 1.086 3.865 4.543 4.896 3.677 2.740 6.134 3.626 1.194 6.309 3.630 
5.971 0.706 5.228 5.060 3.944 4.060 5.924 6.053 5.230 4.264 6.636 5.174 5.511 4.323 1.839 3.567 4.385 3.368 3.738 0.763 2.620 3.816 6.644 5.050 6.507 5.942 1.232 7.870 2.063 3.944 1.369 3.330 2.324 3.276 0.501 5.193 5.294 2.072 7.386 3.807 
