25 100 100
71.620 33.378 77.568 51.692 134.224 110.738 65.256 81.340 40.731 63.988 100.726 54.761 63.884 38.214 128.237 121.816 88.028 65.320 132.379 108.104 28.327 128.613 51.555 40.094 66.711 
145.148 67.447 107.534 34.392 110.187 92.819 23.330 44.962 88.222 150.147 182.987 111.042 67.873 76.838 44.611 64.298 21.847 163.801 137.528 107.054 127.891 88.630 83.626 45.658 76.225 137.206 154.432 92.173 108.779 113.225 108.108 124.668 26.822 26.004 127.170 153.139 184.088 52.022 124.397 63.027 26.056 182.167 181.148 79.449 109.799 56.179 13.029 121.357 89.867 156.357 23.961 73.956 57.699 79.547 175.000 182.142 167.640 164.319 134.396 39.938 81.171 140.216 85.728 48.969 147.542 137.400 184.180 13.389 25.583 50.316 88.042 137.345 68.736 69.346 59.970 76.906 97.438 169.639 78.067 176.207 73.366 52.215 16.653 87.622 76.475 116.028 39.900 107.177 156.868 47.925 12.887 91.340 92.247 169.503 78.868 180.226 128.757 39.644 139.451 23.423 
20.917 5.169 18.514 6.504 22.826 5.354 34.730 9.563 10.263 23.165 22.038 32.951 34.705 29.328 17.986 32.764 11.746 29.407 7.220 29.019 9.785 22.596 14.699 5.118 24.253 6.443 5.031 32.344 6.208 20.151 5.226 17.049 25.179 10.699 15.184 32.763 11.485 8.463 14.128 34.276 13.237 28.409 29.509 30.882 8.376 15.416 22.281 6.218 7.463 30.699 9.707 34.423 15.150 32.954 9.666 7.162 31.860 29.098 21.330 18.611 28.179 5.699 18.285 24.872 22.031 13.355 9.662 30.797 25.412 29.922 24.626 31.132 15.847 8.207 30.132 9.692 7.378 14.407 14.373 19.041 19.606 20.039 23.036 10.661 27.307 15.004 30.443 21.170 19.847 13.150 31.571 28.986 14.436 19.086 20.496 7.130 21.749 32.765 30.939 9.855 
1177.099 853.730 1056.988 587.332 1060.888 904.967 475.581 673.073 945.307 1209.757 1415.827 1062.961 865.854 856.080 677.758 831.947 540.783 1294.075 1137.644 990.064 1154.775 952.657 966.964 656.702 850.788 1101.400 1249.749 1037.414 1048.159 1107.430 1009.601 1129.841 575.434 604.728 1047.845 1202.041 1369.232 733.192 1133.412 750.348 582.737 1418.889 1290.020 903.383 1068.649 805.833 349.447 1127.637 898.856 1176.486 540.386 878.292 762.239 877.272 1312.641 1329.788 1324.162 1254.701 1126.416 706.634 931.512 1197.867 980.926 682.302 1156.436 1158.643 1390.795 360.643 580.921 780.728 939.389 1272.206 848.917 910.286 808.168 912.680 1066.067 1289.443 941.011 1314.838 895.676 729.068 453.095 913.561 816.964 1113.552 660.489 1038.681 1214.675 750.338 422.177 969.754 1001.558 1293.811 895.236 1400.461 1078.316 686.145 1131.984 510.840 
3.707 2.389 7.514 7.967 5.670 5.796 4.444 4.156 1.055 7.019 2.777 4.808 2.352 3.996 9.072 4.785 4.150 5.194 3.112 8.252 3.237 4.264 6.258 6.699 2.203 6.366 1.720 7.657 5.482 6.868 4.562 6.501 4.759 7.476 2.672 4.437 7.603 7.019 5.395 1.639 6.884 5.240 6.934 7.666 2.783 4.813 1.311 2.288 1.412 8.160 4.258 6.518 7.351 5.561 1.439 5.869 3.230 2.015 3.810 4.753 4.051 9.111 7.385 5.875 4.901 4.959 5.709 5.911 4.324 5.416 2.358 3.842 2.107 9.049 6.544 7.707 2.145 7.076 1.898 6.183 0.516 4.965 4.085 7.596 6.923 1.862 9.639 7.091 7.633 2.112 3.703 3.825 6.309 5.084 1.836 0.893 5.709 6.636 2.331 6.423 
3.681 2.763 7.353 7.698 4.722 5.005 3.399 3.269 2.098 6.562 1.877 4.155 1.507 3.220 8.038 4.767 4.436 4.164 2.382 7.449 2.748 3.303 5.571 5.635 2.696 6.135 1.465 7.513 5.133 6.150 3.810 6.066 3.737 7.362 1.671 3.687 6.538 6.245 5.152 0.592 6.290 4.269 5.897 6.594 3.639 3.772 0.242 1.263 2.455 7.282 3.388 5.829 6.546 4.505 1.993 4.915 2.375 1.459 2.853 3.837 2.978 8.165 7.030 4.802 4.084 4.322 4.653 4.840 4.452 4.876 1.781 3.541 1.444 8.021 5.480 6.890 1.604 6.039 2.622 5.806 1.520 3.891 3.259 6.526 5.849 1.485 8.670 6.100 6.891 2.453 3.321 2.991 6.155 4.055 2.706 1.869 4.649 5.648 1.259 5.746 
4.456 5.994 3.139 2.549 3.562 2.295 6.828 3.951 8.319 1.049 5.090 2.678 7.472 3.704 5.611 4.017 5.384 4.643 4.454 2.074 4.182 4.292 1.407 7.104 6.317 2.585 8.192 3.301 2.386 1.179 8.951 1.394 4.625 3.449 5.500 8.880 5.858 10.551 2.846 6.372 0.536 3.926 7.941 7.173 7.623 6.976 6.764 6.811 7.976 2.817 8.197 1.210 1.857 6.916 6.606 3.573 7.782 7.940 7.482 3.717 6.112 4.127 1.759 6.382 3.074 2.506 6.973 5.687 4.727 2.011 8.118 3.769 5.396 5.488 5.499 2.020 8.050 8.006 9.308 1.847 7.438 5.970 8.325 7.271 6.590 5.556 4.764 4.027 1.291 6.017 3.787 8.151 3.039 7.245 7.389 7.477 5.216 3.929 6.191 10.633 
5.142 4.047 8.840 9.182 5.743 6.254 3.485 4.453 2.215 8.009 3.137 5.534 1.186 4.531 8.728 6.231 5.789 4.971 3.763 8.649 4.217 4.355 6.905 5.769 3.904 7.623 0.023 9.000 6.612 7.452 2.952 7.523 4.600 8.847 2.783 2.829 7.058 5.384 6.640 1.843 7.678 5.254 5.815 6.806 4.488 3.808 1.475 1.636 2.968 8.379 2.814 7.158 7.754 4.606 3.141 5.916 1.860 0.525 2.590 4.949 3.395 9.121 8.502 5.091 5.327 5.708 4.745 5.332 5.873 6.304 0.761 5.028 2.901 8.731 6.032 8.079 0.571 5.956 1.908 7.277 2.228 4.304 2.586 6.705 6.143 2.971 9.567 6.977 8.162 3.749 4.803 2.357 7.642 4.002 3.552 2.591 5.272 6.545 2.131 4.728 
1.951 3.334 3.456 3.571 3.014 2.000 5.214 2.193 5.608 2.306 2.758 0.848 5.163 1.642 6.436 2.069 3.157 3.644 2.021 4.041 1.518 2.701 1.850 6.330 3.648 2.194 5.690 3.642 1.040 2.480 7.021 1.811 3.368 3.582 3.227 6.927 5.850 9.016 1.382 3.883 2.200 3.021 7.048 6.796 5.020 5.477 4.236 4.512 5.259 4.323 6.313 2.078 3.251 5.717 3.889 3.173 5.665 5.520 5.569 2.426 4.426 5.600 2.814 5.424 1.784 0.791 5.822 4.893 2.557 0.719 5.751 1.091 2.815 6.350 5.063 3.612 5.646 7.152 6.634 1.599 4.728 4.686 6.369 6.835 6.047 2.885 6.245 4.329 3.251 3.323 1.068 6.148 2.426 5.801 4.698 4.758 4.414 3.973 3.884 8.887 
7.200 7.714 8.683 8.361 2.723 4.010 3.185 3.838 8.205 6.651 4.708 4.866 5.396 4.414 2.356 7.730 8.510 2.244 4.944 4.652 5.626 3.398 4.833 1.531 7.885 7.598 6.576 8.873 6.565 4.787 5.143 6.536 2.669 8.916 4.598 5.154 0.512 5.520 7.043 5.545 5.696 2.712 2.337 1.217 9.267 2.964 5.883 5.050 8.495 3.834 4.528 4.890 4.216 2.261 7.542 2.599 4.947 6.068 4.214 3.359 3.205 3.602 7.481 1.577 3.930 4.955 2.182 1.273 8.047 5.546 5.969 6.286 5.568 2.410 0.692 4.251 6.072 2.340 8.443 6.716 7.575 2.280 4.800 1.326 0.833 6.092 3.715 1.989 4.894 7.490 5.976 4.823 7.961 2.949 8.482 7.872 1.527 2.030 4.852 6.003 
7.826 7.290 10.925 10.984 5.773 6.918 2.382 5.389 6.010 9.440 4.850 6.885 3.068 5.850 7.198 8.810 8.843 4.662 5.575 8.751 6.355 4.959 7.807 3.421 7.256 9.659 3.809 11.110 8.509 8.131 0.853 9.081 4.595 11.035 4.387 0.971 5.353 1.680 8.760 4.382 8.751 5.330 2.939 4.387 8.148 2.277 4.367 3.433 6.726 8.139 1.226 8.001 8.005 2.667 6.563 5.840 2.196 3.383 1.938 5.499 3.115 8.321 10.150 3.388 6.182 7.058 2.706 4.050 8.708 7.786 3.058 7.297 5.305 7.260 4.667 8.213 3.270 3.045 5.501 9.014 5.890 3.334 1.311 4.230 4.081 5.701 8.532 6.274 8.615 6.981 6.974 1.580 9.840 2.082 7.200 6.267 4.354 5.997 3.904 1.431 
6.986 8.030 7.155 6.607 2.655 3.103 5.366 4.208 9.372 5.006 5.546 4.350 7.156 4.552 1.554 7.121 8.247 3.297 5.388 2.198 5.757 4.056 3.487 4.305 8.286 6.340 8.251 7.328 5.586 3.091 7.569 5.105 3.666 7.446 5.679 7.552 2.420 8.281 6.127 6.760 4.024 3.082 5.126 3.864 9.738 5.284 7.169 6.627 9.409 1.311 6.864 3.393 2.228 4.776 8.195 2.453 6.985 7.807 6.360 3.592 5.019 0.892 5.799 4.056 3.683 4.334 4.745 3.404 7.654 4.606 7.815 6.037 6.312 1.430 2.782 2.043 7.856 5.129 9.937 5.439 8.585 4.297 7.102 4.012 3.618 6.751 1.320 1.291 2.781 7.895 5.821 7.050 6.775 5.391 9.144 8.794 3.193 1.718 6.200 8.696 
3.260 3.597 5.929 6.003 2.137 2.450 2.767 0.653 4.585 4.537 0.759 1.940 2.955 0.868 5.659 4.042 4.522 1.888 0.845 4.855 1.622 0.772 3.155 4.252 3.777 4.664 3.788 6.115 3.513 3.665 4.574 4.130 1.450 6.047 1.022 4.486 4.435 6.549 3.791 2.058 4.008 1.732 4.848 4.958 5.186 3.058 2.478 2.298 4.638 4.659 3.852 3.398 3.956 3.423 3.508 2.338 3.287 3.467 3.109 1.219 1.979 5.575 5.192 3.307 1.526 2.120 3.548 2.980 4.161 2.828 3.613 2.480 1.546 5.620 3.427 4.289 3.565 4.969 5.245 4.026 3.795 2.427 3.926 4.949 4.165 2.034 6.108 3.592 4.360 3.380 2.141 3.718 4.866 3.390 4.465 4.016 2.600 3.136 1.696 6.417 
9.154 8.611 12.197 12.222 6.839 8.055 3.562 6.620 7.203 10.644 6.163 8.122 4.371 7.109 7.740 10.131 10.173 5.728 6.880 9.721 7.668 6.166 8.960 3.955 8.570 10.934 5.011 12.384 9.781 9.237 2.078 10.307 5.726 12.317 5.705 2.203 5.946 0.392 10.051 5.709 9.911 6.429 3.247 4.746 9.420 3.374 5.681 4.762 7.957 9.044 2.557 9.139 9.030 3.536 7.867 6.881 3.512 4.626 3.259 6.672 4.335 9.064 11.375 4.210 7.373 8.292 3.526 4.923 10.037 9.022 4.289 8.609 6.636 7.821 5.447 9.206 4.503 3.304 6.570 10.263 7.152 4.388 2.629 4.578 4.655 7.031 9.193 7.136 9.665 8.302 8.284 2.897 11.129 3.106 8.472 7.528 5.301 6.917 5.235 0.660 
6.837 8.007 6.614 6.009 2.889 2.976 5.919 4.368 9.566 4.479 5.751 4.231 7.556 4.618 2.243 6.853 8.054 3.723 5.491 1.487 5.754 4.307 3.151 5.040 8.282 5.896 8.607 6.779 5.253 2.653 8.153 4.644 4.039 6.917 5.942 8.127 3.199 8.992 5.795 7.022 3.528 3.368 5.873 4.647 9.728 5.873 7.439 6.991 9.531 0.665 7.429 3.007 1.759 5.425 8.265 2.707 7.464 8.188 6.880 3.773 5.495 0.704 5.238 4.715 3.710 4.182 5.407 4.032 7.436 4.332 8.226 5.910 6.460 2.109 3.462 1.482 8.249 5.883 10.217 5.016 8.748 4.850 7.654 4.792 4.363 6.860 1.360 1.812 2.189 7.902 5.731 7.581 6.342 6.009 9.199 8.928 3.758 2.154 6.515 9.370 
5.077 4.097 8.713 9.018 5.381 5.943 3.071 4.136 2.527 7.792 2.861 5.279 0.770 4.253 8.320 6.161 5.810 4.582 3.525 8.317 4.040 4.008 6.623 5.357 3.985 7.479 0.413 8.877 6.439 7.156 2.672 7.316 4.219 8.734 2.476 2.547 6.644 5.124 6.499 1.627 7.421 4.889 5.417 6.392 4.688 3.396 1.318 1.260 3.225 8.023 2.462 6.873 7.426 4.193 3.234 5.550 1.476 0.123 2.190 4.610 2.983 8.739 8.315 4.675 5.020 5.456 4.333 4.919 5.848 6.075 0.453 4.888 2.726 8.325 5.620 7.745 0.239 5.558 2.319 7.091 2.416 3.890 2.250 6.293 5.727 2.866 9.177 6.589 7.853 3.792 4.643 2.008 7.522 3.596 3.742 2.790 4.865 6.161 1.801 4.517 
1.508 1.369 4.485 5.191 6.123 5.396 6.919 4.747 3.985 4.980 4.131 4.142 5.603 4.191 9.734 1.871 0.550 6.339 3.674 7.452 2.956 5.188 5.277 8.749 1.532 3.693 5.392 4.572 3.427 5.888 7.898 4.481 5.931 4.331 4.475 7.778 8.840 10.288 3.004 4.227 5.384 5.938 9.277 9.475 2.059 7.277 4.288 5.176 3.210 7.772 7.390 5.486 6.694 7.819 2.295 6.316 6.430 5.549 6.743 5.275 6.222 9.040 4.940 7.806 4.890 4.169 7.957 7.495 1.132 4.083 5.886 2.456 3.405 9.661 7.890 7.052 5.693 9.407 5.250 4.033 3.353 6.891 7.308 9.468 8.683 2.936 9.679 7.584 6.630 1.675 2.696 7.041 3.415 7.609 2.368 3.100 7.093 7.174 4.758 9.851 
5.021 5.104 7.606 7.584 2.404 3.458 1.089 1.995 5.279 5.996 2.059 3.493 2.576 2.536 4.993 5.832 6.247 1.368 2.580 5.458 3.391 1.521 4.343 2.596 5.216 6.359 3.726 7.796 5.205 4.685 3.252 5.663 1.163 7.750 1.795 3.196 3.372 4.889 5.534 2.635 5.286 1.923 3.096 3.460 6.513 1.307 2.958 2.143 5.603 4.978 2.493 4.539 4.646 1.647 4.762 2.515 2.380 3.244 1.840 2.035 0.414 5.502 6.731 1.680 2.727 3.658 1.779 1.655 5.928 4.388 3.213 4.270 2.865 4.997 2.322 4.897 3.275 3.223 5.548 5.640 4.674 0.736 2.666 3.413 2.688 3.391 5.893 3.331 5.216 4.841 3.931 2.546 6.597 1.627 5.668 4.987 1.537 2.936 1.931 4.892 
4.774 5.183 6.908 6.800 1.385 2.520 2.043 1.431 5.854 5.158 2.189 2.797 3.462 2.035 4.270 5.437 6.065 0.404 2.427 4.438 3.155 0.929 3.428 2.775 5.352 5.696 4.557 7.100 4.563 3.716 4.261 4.874 0.209 7.082 2.142 4.210 2.876 5.743 4.957 3.178 4.381 0.915 3.474 3.387 6.741 2.163 3.563 2.934 6.048 3.968 3.504 3.604 3.631 2.187 5.027 1.495 3.376 4.110 2.861 1.197 1.433 4.564 5.928 1.852 1.917 2.940 2.276 1.406 5.655 3.650 4.126 3.912 3.047 4.253 1.845 3.877 4.161 3.578 6.288 4.910 5.151 1.177 3.685 3.391 2.598 3.566 4.999 2.409 4.213 4.957 3.582 3.567 5.982 2.434 5.975 5.421 1.010 1.984 2.550 5.831 
3.885 5.388 3.160 2.734 3.097 1.769 6.261 3.327 7.667 1.031 4.433 2.017 6.824 3.053 5.546 3.552 4.889 4.138 3.791 2.289 3.524 3.694 0.853 6.685 5.708 2.355 7.531 3.339 1.891 0.930 8.351 1.102 4.079 3.439 4.849 8.277 5.583 10.018 2.399 5.710 0.128 3.414 7.508 6.837 7.040 6.428 6.101 6.162 7.339 2.881 7.600 0.742 1.798 6.417 5.970 3.137 7.155 7.284 6.878 3.139 5.529 4.228 1.861 5.919 2.467 1.844 6.483 5.243 4.234 1.364 7.466 3.149 4.732 5.431 5.122 2.064 7.396 7.581 8.647 1.494 6.786 5.445 7.720 6.923 6.210 4.896 4.881 3.776 1.437 5.396 3.147 7.538 2.803 6.708 6.771 6.832 4.761 3.610 5.540 10.066 
9.769 9.172 12.856 12.889 7.511 8.729 4.232 7.287 7.633 11.315 6.799 8.788 4.917 7.770 8.315 10.758 10.763 6.401 7.522 10.381 8.304 6.836 9.634 4.559 9.117 11.592 5.463 13.042 10.440 9.910 2.613 10.976 6.400 12.972 6.337 2.735 6.543 0.582 10.702 6.288 10.585 7.103 3.811 5.294 9.912 4.048 6.234 5.347 8.415 9.695 3.168 9.813 9.697 4.198 8.400 7.551 4.080 5.115 3.887 7.344 5.002 9.684 12.045 4.862 8.045 8.959 4.182 5.578 10.646 9.689 4.772 9.246 7.244 8.400 6.085 9.870 4.985 3.854 6.917 10.928 7.640 5.060 3.209 5.125 5.259 7.624 9.794 7.784 10.334 8.862 8.923 3.473 11.781 3.779 8.966 8.013 5.964 7.574 5.844 0.733 
6.583 6.458 9.246 9.201 3.736 4.958 0.729 3.636 6.025 7.584 3.543 5.126 2.908 4.181 5.266 7.443 7.760 2.625 4.159 6.668 4.977 3.148 5.867 1.755 6.517 8.002 4.047 9.437 6.850 6.133 2.235 7.275 2.637 9.395 3.168 2.240 3.429 3.303 7.179 3.667 6.820 3.326 1.809 2.811 7.685 0.367 3.855 2.840 6.536 6.044 1.618 6.041 5.944 0.658 5.952 3.785 2.222 3.523 1.464 3.604 1.454 6.256 8.339 1.357 4.318 5.287 0.762 1.967 7.491 6.015 3.332 5.881 4.243 5.312 2.620 6.138 3.485 1.951 5.953 7.272 5.608 1.283 1.896 2.693 2.259 4.739 6.504 4.182 6.570 6.170 5.543 1.954 8.243 0.044 6.776 5.964 2.260 3.902 2.988 3.451 
4.497 3.130 8.306 8.759 6.217 6.456 4.564 4.752 0.883 7.791 3.358 5.524 2.296 4.657 9.496 5.571 4.886 5.633 3.787 8.909 3.989 4.797 6.966 6.858 2.913 7.158 1.320 8.448 6.266 7.565 4.285 7.276 5.215 8.265 3.164 4.162 7.940 6.716 6.187 2.082 7.625 5.762 6.997 7.865 3.233 4.917 1.676 2.455 1.659 8.768 4.108 7.226 8.006 5.698 2.165 6.409 3.110 1.770 3.786 5.328 4.299 9.659 8.171 6.095 5.544 5.681 5.843 6.221 5.093 6.168 2.074 4.627 2.790 9.483 6.887 8.355 1.866 7.140 1.156 6.965 1.092 5.229 3.895 7.780 7.154 2.614 10.162 7.587 8.320 2.868 4.478 3.655 7.101 5.152 2.332 1.392 6.074 7.137 2.686 6.044 
1.729 1.216 5.469 5.891 4.374 4.107 4.559 2.829 2.892 4.961 1.845 2.954 3.331 2.428 7.999 2.818 2.578 4.290 1.625 6.508 1.317 3.157 4.392 6.487 1.376 4.295 3.391 5.621 3.403 5.025 5.587 4.438 3.850 5.454 2.128 5.470 6.836 7.941 3.319 1.907 4.908 4.058 6.960 7.288 2.799 4.922 2.059 2.839 2.583 6.568 5.041 4.647 5.632 5.500 1.246 4.580 4.112 3.409 4.378 3.438 3.887 7.676 5.304 5.556 3.320 3.077 5.641 5.335 2.512 3.424 3.721 1.763 1.044 7.949 5.822 5.999 3.553 7.093 3.966 4.107 2.014 4.620 4.977 7.263 6.497 0.566 8.265 5.876 5.807 0.979 1.656 4.713 4.264 5.250 2.172 2.047 4.987 5.430 2.388 7.547 
2.945 3.816 4.901 4.887 1.722 1.386 3.778 0.716 5.418 3.358 1.800 0.787 4.149 0.418 5.349 3.441 4.258 2.148 1.300 3.841 1.543 1.201 1.972 4.822 4.071 3.663 4.919 5.091 2.517 2.520 5.734 2.980 1.854 5.055 2.183 5.652 4.492 7.590 2.897 3.123 2.805 1.586 5.534 5.330 5.523 4.014 3.535 3.488 5.306 3.800 4.996 2.222 2.941 4.211 4.023 1.916 4.484 4.634 4.260 0.942 3.000 4.892 4.049 3.911 0.535 0.958 4.313 3.396 3.760 1.687 4.799 2.004 2.304 5.283 3.625 3.297 4.739 5.638 6.229 2.932 4.567 3.179 5.091 5.359 4.566 2.643 5.486 3.197 3.254 3.681 1.715 4.895 3.930 4.329 4.957 4.715 2.926 2.776 2.873 7.530 
5.497 3.892 9.017 9.696 8.796 8.684 7.642 7.240 2.271 9.227 5.932 7.530 5.392 6.951 12.297 6.311 5.085 8.428 6.078 11.088 5.896 7.431 8.951 9.926 3.565 8.141 4.350 9.107 7.604 9.588 7.260 8.700 7.986 8.865 5.905 7.142 10.868 9.615 7.312 4.905 9.373 8.403 10.092 10.914 2.478 8.000 4.574 5.498 2.040 11.135 7.172 9.201 10.213 8.773 3.337 9.000 6.195 4.843 6.882 7.856 7.308 12.195 9.350 9.128 7.863 7.644 8.919 9.180 5.610 7.902 5.119 6.109 5.137 12.268 9.810 10.580 4.922 10.234 2.664 8.291 2.897 8.228 6.942 10.837 10.181 4.709 12.758 10.263 10.371 3.861 6.129 6.715 7.915 8.244 2.487 2.656 8.971 9.807 5.599 8.847 
6.137 7.469 5.430 4.782 3.038 2.537 6.392 4.248 9.338 3.332 5.631 3.679 7.712 4.333 3.508 5.984 7.268 4.082 5.220 0.226 5.304 4.338 2.343 5.917 7.767 4.820 8.666 5.587 4.333 1.731 8.641 3.572 4.287 5.742 5.912 8.599 4.246 9.760 4.862 6.956 2.447 3.536 6.771 5.682 9.182 6.418 7.376 7.095 9.189 0.698 7.892 2.131 0.987 6.100 7.862 2.915 7.765 8.299 7.269 3.734 5.842 1.852 4.046 5.433 3.431 3.582 6.110 4.714 6.626 3.533 8.388 5.266 6.223 3.375 4.269 0.623 8.379 6.800 10.123 3.983 8.483 5.362 8.087 5.814 5.282 6.550 2.475 2.555 1.055 7.408 5.148 7.976 5.274 6.607 8.757 8.614 4.344 2.718 6.552 10.041 
3.616 1.991 7.311 7.919 6.848 6.687 6.088 5.287 1.211 7.309 4.030 5.531 4.033 4.968 10.401 4.539 3.487 6.561 4.106 9.088 3.896 5.515 6.955 8.309 1.668 6.329 3.271 7.423 5.688 7.592 6.205 6.779 6.115 7.200 4.072 6.081 9.058 8.656 5.444 3.178 7.401 6.475 8.587 9.245 1.281 6.461 2.932 3.945 0.336 9.142 5.935 7.207 8.214 7.190 1.338 7.053 4.908 3.650 5.491 5.904 5.633 10.221 7.496 7.452 5.877 5.646 7.338 7.414 3.896 5.923 3.983 4.144 3.200 10.365 8.005 8.581 3.769 8.729 2.417 6.388 1.179 6.522 5.754 9.186 8.483 2.740 10.793 8.331 8.375 1.904 4.143 5.498 6.154 6.742 0.598 0.821 7.158 7.877 3.891 8.016 
4.486 3.149 8.290 8.732 6.116 6.373 4.439 4.660 0.999 7.743 3.266 5.455 2.171 4.576 9.382 5.565 4.909 5.522 3.711 8.824 3.934 4.696 6.895 6.734 2.943 7.133 1.209 8.434 6.229 7.490 4.173 7.230 5.105 8.254 3.062 4.050 7.821 6.608 6.160 1.979 7.563 5.659 6.872 7.741 3.313 4.792 1.569 2.332 1.753 8.675 3.988 7.154 7.921 5.573 2.187 6.308 2.988 1.650 3.662 5.231 4.177 9.557 8.134 5.972 5.459 5.614 5.718 6.101 5.100 6.111 1.958 4.591 2.719 9.370 6.769 8.269 1.749 7.015 1.235 6.925 1.132 5.107 3.777 7.656 7.031 2.563 10.057 7.480 8.243 2.881 4.434 3.535 7.084 5.027 2.402 1.452 5.957 7.031 2.573 5.943 
6.478 5.695 9.407 3.835 2.548 6.760 1.253 2.350 4.387 5.601 5.274 9.253 1.937 2.038 5.557 6.779 2.038 6.975 8.707 2.849 6.895 6.555 6.627 8.717 1.885 4.796 7.610 6.596 1.803 4.890 7.729 8.242 5.792 5.930 5.013 6.077 5.473 4.953 5.448 7.515 9.404 5.505 3.822 6.773 8.228 4.770 6.098 3.277 8.201 1.986 3.767 4.711 4.672 4.168 3.902 4.689 7.770 5.867 6.280 5.262 4.611 6.508 3.710 6.519 4.829 2.185 8.117 5.401 7.862 3.426 4.074 5.316 6.042 7.456 4.699 9.602 6.016 1.441 4.988 4.120 7.032 8.444 3.911 6.632 5.784 6.750 8.488 5.652 2.858 6.791 6.363 3.553 1.494 2.129 5.723 1.347 2.579 3.595 5.722 3.347 
7.515 5.914 8.926 2.269 3.617 7.155 2.395 1.078 5.499 4.420 6.210 8.863 1.765 2.921 4.039 6.908 3.635 7.096 9.481 4.317 8.131 7.684 6.246 8.120 3.508 5.683 8.223 5.917 3.181 3.311 8.809 8.613 6.527 4.652 4.423 6.719 5.014 3.996 6.529 7.110 8.846 5.336 5.377 7.087 8.648 4.784 7.282 3.882 7.436 2.615 2.221 4.527 6.026 3.788 4.703 6.238 8.112 5.202 6.790 3.743 3.731 5.503 3.870 5.913 5.530 3.762 8.557 4.037 8.320 1.874 2.458 6.787 6.368 7.776 3.594 9.091 5.183 2.555 3.981 5.731 6.832 9.436 5.460 7.638 6.308 6.595 9.277 4.598 4.330 8.070 6.574 1.955 0.778 1.487 5.510 2.308 3.519 4.539 7.034 3.112 
6.772 7.959 12.361 7.622 4.335 8.546 4.013 5.716 5.067 9.334 6.157 12.091 5.491 4.530 9.367 9.036 2.482 9.221 9.383 3.122 6.415 6.534 9.620 11.845 2.094 5.945 8.817 9.915 3.486 8.670 7.651 9.888 7.040 9.701 8.358 7.476 8.651 8.579 5.862 10.471 12.457 8.352 0.108 8.708 9.776 7.491 5.989 5.549 11.537 4.857 7.223 7.682 4.344 7.417 5.562 3.172 9.527 9.217 7.918 9.071 8.206 10.112 6.473 9.770 6.397 1.639 9.636 9.204 9.375 7.219 7.677 4.127 8.067 9.293 8.416 12.586 9.506 2.988 8.643 0.920 9.757 8.543 2.816 6.987 7.486 9.439 9.149 9.312 1.103 6.157 8.538 7.126 4.907 5.841 8.597 3.277 4.612 5.070 5.212 6.604 
6.262 7.843 12.354 8.172 4.350 8.297 4.295 6.400 4.742 9.695 5.802 12.051 5.835 4.680 9.880 8.888 2.662 9.066 8.876 2.995 5.769 5.971 9.664 11.902 2.479 5.661 8.432 10.066 3.637 9.227 7.042 9.576 6.722 10.094 8.545 7.174 8.773 8.882 5.421 10.490 12.482 8.379 0.792 8.490 9.444 7.510 5.433 5.553 11.675 5.059 7.908 7.764 3.854 7.592 5.421 2.523 9.247 9.390 7.654 9.587 8.498 10.385 6.543 9.897 6.181 2.183 9.300 9.642 9.043 7.763 8.323 3.460 7.889 9.037 8.774 12.587 9.731 3.718 8.960 0.283 9.719 7.945 2.353 6.481 7.253 9.397 8.644 9.625 1.904 5.493 8.382 7.778 5.563 6.239 8.626 4.003 4.648 4.928 4.616 6.807 
2.159 2.253 6.877 6.544 2.147 2.540 3.407 6.551 1.117 6.277 0.808 6.497 3.838 2.648 7.519 3.184 3.818 3.348 4.052 2.899 3.191 2.499 4.494 6.640 4.465 0.294 3.005 5.344 3.100 7.360 3.454 3.903 1.149 6.814 4.279 1.514 4.098 5.257 1.419 5.162 7.092 3.292 5.928 2.726 3.816 2.555 2.318 1.642 6.744 2.873 7.511 3.095 2.346 3.536 0.781 3.761 3.521 4.879 1.911 7.307 4.904 6.291 2.284 5.081 0.449 5.023 3.683 6.766 3.419 6.222 7.454 3.401 2.160 3.286 5.549 7.124 5.457 5.773 5.413 5.490 4.247 3.978 3.484 2.232 1.488 3.930 3.835 5.906 5.844 3.291 2.676 7.129 5.892 4.336 3.511 5.831 2.082 1.093 2.646 3.273 
2.602 3.514 8.127 6.524 1.421 3.886 2.698 6.047 0.506 6.804 1.554 7.772 3.652 2.137 7.764 4.507 2.623 4.678 5.002 1.608 3.097 2.673 5.605 7.812 3.282 1.269 4.193 6.300 2.126 7.453 3.840 5.212 2.372 7.317 5.021 2.800 4.997 5.809 1.565 6.345 8.312 4.338 4.594 4.076 5.105 3.503 2.245 1.829 7.801 2.527 7.209 3.941 1.311 4.142 1.183 2.519 4.853 5.742 3.249 7.519 5.425 7.048 2.844 6.066 1.774 3.807 4.966 7.138 4.704 6.154 7.273 2.382 3.492 4.629 5.976 8.370 6.252 4.779 5.945 4.140 5.477 4.571 2.151 2.769 2.838 5.155 4.772 6.521 4.590 3.060 3.999 6.871 5.285 4.195 4.576 4.886 1.561 0.807 2.089 3.624 
5.021 1.330 3.700 5.489 4.331 2.442 4.913 6.711 4.487 3.873 3.997 3.444 4.084 4.205 5.630 1.512 6.191 1.642 5.367 5.672 6.319 5.526 1.079 3.281 6.703 3.678 3.866 2.067 5.203 5.874 6.057 3.475 3.344 4.390 1.815 3.074 1.199 3.009 4.708 1.831 3.822 0.394 8.606 2.149 3.626 1.174 5.545 3.117 3.333 4.004 7.000 1.206 5.731 1.974 3.363 7.055 2.985 1.867 2.631 5.530 2.853 3.336 2.236 1.770 2.990 7.278 3.604 4.673 3.461 5.355 6.644 6.804 1.818 2.660 3.561 3.928 2.520 7.308 3.177 8.379 1.151 6.146 6.621 4.963 2.496 0.874 5.260 3.345 8.149 6.501 1.527 6.566 6.436 4.243 0.286 7.229 4.049 3.821 6.031 2.631 
3.705 2.437 6.761 4.997 1.276 3.392 2.166 5.050 2.035 5.003 2.351 6.481 2.285 1.359 6.063 3.543 3.161 3.738 5.508 2.621 4.612 3.993 4.067 6.306 3.719 1.808 4.287 4.595 2.208 5.843 5.006 4.873 2.554 5.521 3.232 2.762 3.280 4.002 2.845 4.888 6.880 2.779 5.552 3.426 4.857 1.909 3.720 0.096 6.156 1.422 5.956 2.227 3.121 2.335 0.837 4.200 4.407 3.991 2.913 5.835 3.620 5.250 1.051 4.387 1.556 4.301 4.746 5.378 4.493 4.667 5.893 4.186 2.702 4.101 4.193 6.990 4.468 4.656 4.140 5.319 4.147 5.537 3.656 3.789 2.418 3.829 5.304 4.711 5.172 4.654 3.080 5.570 4.447 2.775 3.026 4.655 1.013 1.005 3.809 1.843 
8.879 6.152 7.602 0.551 5.495 7.508 4.639 2.902 7.158 2.268 7.527 7.703 3.202 4.775 1.249 6.847 6.178 6.998 10.277 6.604 9.798 9.191 5.388 6.654 6.186 6.989 8.835 4.554 5.471 0.652 10.169 8.787 7.500 2.235 3.586 7.521 4.261 2.517 8.042 6.091 7.395 5.031 8.140 7.315 8.901 4.924 8.907 5.134 5.725 4.330 2.096 4.407 8.014 3.588 6.035 8.578 8.279 4.002 7.372 0.953 2.545 3.549 4.512 4.691 6.579 6.508 8.852 1.510 8.663 0.917 1.497 8.944 6.710 7.938 1.914 7.706 3.643 5.335 2.388 8.433 6.213 10.609 7.827 8.943 6.975 6.089 10.112 2.709 7.116 9.818 6.697 1.747 3.408 2.665 5.091 5.077 5.272 6.093 8.891 3.485 
4.625 6.189 10.752 7.418 2.878 6.592 3.224 6.051 3.031 8.545 4.093 10.427 4.763 3.367 9.008 7.214 1.704 7.388 7.239 1.458 4.305 4.387 8.115 10.353 1.987 3.954 6.732 8.622 2.421 8.461 5.516 7.865 5.011 8.991 7.161 5.463 7.311 7.653 3.737 8.915 10.903 6.827 2.049 6.791 7.734 5.958 3.842 4.021 10.204 3.800 7.500 6.272 2.198 6.210 3.773 1.167 7.537 7.978 5.947 8.724 7.260 9.092 5.058 8.429 4.490 2.135 7.591 8.625 7.334 7.006 7.797 2.082 6.205 7.329 7.635 10.989 8.380 3.727 7.752 1.447 8.105 6.402 0.669 4.841 5.552 7.781 7.005 8.400 2.528 4.066 6.706 7.285 5.181 5.245 7.073 3.965 3.185 3.286 3.081 5.480 
5.053 2.853 6.390 3.665 2.129 4.112 2.185 4.117 3.419 3.688 3.700 6.212 1.309 1.648 4.669 3.864 3.689 4.055 6.617 3.529 6.004 5.371 3.602 5.760 4.087 3.164 5.264 3.764 2.693 4.467 6.344 5.558 3.729 4.188 2.217 3.822 2.518 2.723 4.232 4.487 6.418 2.455 6.114 4.029 5.602 1.762 5.112 1.345 5.386 1.297 4.787 1.663 4.437 1.267 2.226 5.349 5.054 3.069 3.799 4.442 2.330 4.114 0.819 3.626 2.773 4.633 5.517 3.999 5.286 3.365 4.638 5.470 3.316 4.717 2.838 6.594 3.412 4.483 2.844 6.053 3.983 6.813 4.709 5.119 3.340 3.706 6.431 3.461 5.487 6.048 3.515 4.376 3.695 1.636 2.673 4.396 1.829 2.362 5.189 0.509 
3.843 3.846 8.262 5.434 0.296 4.579 1.440 4.797 1.752 6.082 2.673 7.975 2.562 0.989 6.810 4.937 1.726 5.126 6.140 1.140 4.331 3.932 5.564 7.803 2.343 2.238 5.170 6.026 0.938 6.411 5.097 6.014 3.313 6.561 4.571 3.671 4.717 5.141 2.813 6.390 8.382 4.278 4.062 4.688 5.949 3.409 3.497 1.452 7.614 1.436 5.998 3.684 2.272 3.625 1.522 2.940 5.594 5.383 3.999 6.548 4.746 6.530 2.465 5.837 2.451 2.918 5.821 6.283 5.558 5.048 6.103 3.184 4.005 5.321 5.197 8.492 5.797 3.622 5.254 3.818 5.640 5.810 2.285 3.999 3.524 5.321 5.914 5.883 3.771 4.266 4.448 5.676 4.026 3.104 4.525 3.698 0.597 1.079 3.238 2.932 
6.727 3.354 4.710 3.360 4.539 4.660 4.473 5.050 5.542 1.639 5.474 4.711 3.081 4.056 3.319 3.823 6.064 3.952 7.562 5.948 7.891 7.157 2.249 3.867 6.395 5.006 6.066 1.661 5.086 3.596 7.917 5.786 5.119 2.181 0.512 4.993 1.134 0.698 6.131 3.009 4.600 2.029 8.457 4.406 5.932 2.277 7.029 3.563 3.210 3.662 4.985 1.683 6.687 1.236 4.275 7.728 5.293 0.957 4.688 3.221 0.618 1.698 2.535 1.683 4.406 6.906 5.904 2.370 5.746 3.320 4.532 7.757 3.920 4.963 1.264 4.860 1.022 6.418 0.867 8.449 3.066 8.165 7.115 6.727 4.397 2.955 7.431 1.199 7.725 8.002 3.773 4.559 5.032 2.931 2.026 6.257 4.235 4.570 7.291 1.922 
4.039 3.033 7.270 4.751 0.796 3.989 1.566 4.573 2.154 5.082 2.711 7.011 1.918 0.758 5.964 4.139 2.618 4.334 6.007 2.213 4.813 4.264 4.536 6.770 3.149 2.179 4.838 4.954 1.638 5.660 5.342 5.469 3.056 5.578 3.498 3.306 3.648 4.115 3.099 5.381 7.368 3.262 5.038 4.028 5.447 2.401 3.928 0.515 6.548 0.895 5.572 2.625 3.067 2.556 1.197 3.962 5.006 4.308 3.495 5.718 3.723 5.469 1.403 4.770 2.069 3.729 5.334 5.358 5.078 4.394 5.566 4.083 3.306 4.702 4.222 7.495 4.727 4.054 4.238 4.858 4.684 5.935 3.345 4.148 2.999 4.371 5.797 4.850 4.602 4.815 3.681 5.204 3.925 2.447 3.507 4.056 0.492 1.098 3.886 1.899 
1.933 4.223 7.557 10.024 5.698 3.063 7.001 10.195 3.943 9.199 2.971 7.036 7.452 6.276 10.742 4.189 7.031 4.189 0.787 5.957 2.623 2.195 6.302 7.809 7.685 3.464 1.714 7.492 6.554 10.735 1.376 2.918 2.646 9.738 7.055 2.609 6.594 8.223 2.929 6.525 7.936 5.613 8.596 3.400 2.657 5.318 2.728 5.257 8.390 6.517 11.116 5.904 4.353 6.621 4.425 5.656 3.064 7.329 2.876 10.572 7.944 8.806 5.622 7.187 3.626 8.171 2.545 9.872 2.465 9.738 11.010 4.780 3.672 3.206 8.657 7.798 7.981 9.224 8.393 7.935 5.574 0.783 5.880 1.726 3.183 5.382 0.600 8.719 8.876 2.949 3.966 10.721 9.529 7.926 5.715 9.323 5.691 4.657 3.565 6.647 
6.634 6.424 10.364 4.840 2.928 7.370 1.871 3.028 4.554 6.692 5.560 10.181 2.982 2.655 6.593 7.527 1.616 7.723 9.032 2.668 6.838 6.620 7.576 9.711 1.142 5.142 8.067 7.624 1.967 5.887 7.813 8.838 6.213 7.017 6.038 6.553 6.459 6.035 5.596 8.462 10.384 6.402 2.802 7.427 8.795 5.617 6.118 3.917 9.239 2.766 4.529 5.631 4.543 5.159 4.366 4.217 8.390 6.898 6.834 6.296 5.687 7.589 4.542 7.531 5.312 1.209 8.674 6.478 8.413 4.438 4.932 4.981 6.707 8.094 5.789 10.567 7.078 0.730 6.073 3.204 7.915 8.597 3.470 6.811 6.344 7.620 8.804 6.738 1.779 6.685 7.079 4.388 2.177 3.215 6.630 0.884 3.065 3.971 5.606 4.328 
7.744 6.959 10.457 3.934 3.845 8.058 2.565 1.791 5.648 6.176 6.569 10.344 2.974 3.352 5.721 8.029 2.948 8.224 10.014 3.936 8.079 7.790 7.708 9.707 2.525 6.099 8.924 7.530 3.022 4.930 8.974 9.541 7.105 6.412 5.980 7.391 6.508 5.701 6.708 8.591 10.417 6.659 3.978 8.059 9.532 5.974 7.314 4.581 9.094 3.273 3.292 5.849 5.808 5.219 5.215 5.590 9.064 6.803 7.588 5.427 5.406 7.231 4.939 7.493 6.143 2.524 9.422 5.790 9.169 3.569 3.779 6.327 7.327 8.746 5.334 10.639 6.854 0.949 5.700 4.496 8.187 9.714 4.834 7.905 7.092 7.919 9.793 6.334 2.841 7.950 7.629 3.226 1.071 2.965 6.862 0.661 3.890 4.899 6.871 4.438 
2.871 1.150 5.775 6.155 2.702 1.793 3.764 6.560 2.220 5.480 1.699 5.407 3.731 2.957 6.900 2.155 4.556 2.335 4.080 3.776 4.088 3.323 3.393 5.527 5.168 1.363 2.744 4.298 3.692 6.860 4.064 3.270 1.279 6.023 3.386 1.288 3.104 4.469 2.405 4.049 5.982 2.230 6.821 1.863 3.251 1.596 3.269 1.701 5.651 3.017 7.323 2.182 3.458 2.790 1.331 4.852 2.812 3.891 1.316 6.717 4.152 5.343 1.753 4.023 0.675 5.746 3.141 6.070 2.888 5.881 7.168 4.514 1.178 2.517 4.844 6.021 4.500 6.246 4.635 6.453 3.137 4.388 4.519 2.867 0.827 2.819 3.898 5.057 6.601 4.239 1.650 6.914 6.011 4.149 2.435 6.255 2.518 1.823 3.714 2.772 
4.879 3.275 7.093 3.865 1.482 4.422 1.458 3.866 3.042 4.309 3.532 6.894 1.080 0.913 5.090 4.346 2.944 4.541 6.701 2.837 5.697 5.131 4.307 6.488 3.344 2.991 5.438 4.510 1.950 4.771 6.183 5.900 3.752 4.785 2.961 3.931 3.257 3.385 3.968 5.187 7.137 3.112 5.368 4.395 5.913 2.337 4.809 1.119 6.132 0.554 4.753 2.352 3.930 2.013 2.001 4.716 5.410 3.815 4.016 4.839 2.991 4.826 1.270 4.369 2.755 3.895 5.814 4.517 5.569 3.514 4.709 4.919 3.664 5.085 3.421 7.302 4.145 3.844 3.491 5.313 4.625 6.737 4.042 4.975 3.529 4.333 6.500 4.132 4.753 5.704 3.945 4.371 3.314 1.584 3.342 3.785 1.207 1.981 4.773 1.222 
2.022 5.187 9.698 8.962 3.795 4.920 4.940 8.279 2.169 9.196 2.459 9.262 6.083 4.528 10.218 5.903 4.185 6.024 4.485 3.160 1.213 1.563 7.510 9.583 4.751 2.776 4.454 8.400 4.192 9.905 2.500 5.793 3.296 9.719 7.294 3.729 7.152 8.185 1.753 8.112 9.964 6.343 5.100 5.229 5.593 5.609 1.126 4.238 9.772 4.949 9.546 6.133 1.312 6.481 3.429 2.041 5.626 7.930 4.306 9.975 7.811 9.320 5.178 8.134 3.456 5.097 5.445 9.574 5.226 8.585 9.662 1.098 4.917 5.538 8.396 9.949 8.495 6.502 8.330 4.363 7.153 3.407 2.501 2.230 4.130 6.852 4.264 8.873 5.625 0.954 5.435 9.232 7.459 6.628 6.555 6.684 3.989 3.214 0.411 6.044 
5.242 4.058 7.892 3.802 1.400 5.149 0.703 3.327 3.246 4.743 3.940 7.703 0.960 0.669 5.243 5.141 2.318 5.337 7.264 2.477 5.901 5.421 5.104 7.264 2.627 3.418 6.077 5.234 1.403 4.794 6.538 6.632 4.312 5.175 3.659 4.549 4.017 3.903 4.262 5.988 7.924 3.925 4.687 5.147 6.630 3.153 5.037 1.696 6.858 0.370 4.407 3.154 3.910 2.736 2.449 4.443 6.153 4.522 4.699 4.971 3.518 5.411 2.084 5.114 3.321 3.152 6.524 4.806 6.273 3.411 4.474 4.800 4.416 5.834 3.826 8.098 4.790 3.028 3.984 4.714 5.441 7.166 3.710 5.366 4.205 5.150 7.054 4.647 3.995 5.863 4.726 4.065 2.668 1.485 4.152 2.974 1.256 2.267 4.860 1.907 
3.570 1.924 6.291 5.166 1.772 2.914 2.663 5.416 2.164 4.896 2.227 5.997 2.600 1.860 6.099 3.030 3.663 3.224 5.169 3.070 4.593 3.918 3.635 5.871 4.229 1.704 3.886 4.252 2.719 5.952 4.853 4.397 2.244 5.428 2.990 2.386 2.946 3.879 2.813 4.435 6.425 2.348 6.040 2.929 4.392 1.484 3.710 0.597 5.777 1.872 6.235 1.889 3.343 2.165 0.898 4.533 3.922 3.691 2.470 5.888 3.514 5.022 0.874 4.026 1.273 4.811 4.287 5.353 4.037 4.862 6.123 4.426 2.202 3.610 4.141 6.524 4.212 5.156 4.029 5.780 3.663 5.313 4.041 3.627 1.980 3.342 4.975 4.556 5.681 4.671 2.569 5.836 4.858 3.046 2.593 5.147 1.522 1.268 3.913 1.854 
3.034 4.429 9.038 6.883 1.729 4.765 2.761 6.089 1.208 7.456 2.289 8.687 4.015 2.442 8.258 5.420 2.128 5.589 5.592 1.041 3.138 2.940 6.489 8.707 2.760 2.126 4.947 7.134 2.002 7.864 4.132 6.045 3.189 7.951 5.790 3.638 5.822 6.486 2.041 7.245 9.217 5.213 3.780 4.970 5.921 4.363 2.422 2.555 8.662 2.889 7.372 4.764 0.879 4.877 2.065 1.647 5.710 6.548 4.119 7.998 6.094 7.800 3.610 6.911 2.682 3.217 5.778 7.708 5.520 6.493 7.516 1.733 4.402 5.502 6.592 9.280 7.026 4.427 6.611 3.268 6.387 4.954 1.237 3.234 3.730 6.065 5.357 7.216 3.921 3.007 4.912 7.070 5.269 4.556 5.454 4.581 1.985 1.621 1.931 4.272 
4.160 1.815 3.816 7.743 5.386 1.127 6.355 8.739 4.666 6.127 3.733 3.322 5.954 5.556 7.920 0.816 7.249 0.657 3.459 6.447 5.495 4.709 2.740 4.002 7.859 3.726 2.097 3.979 6.371 8.168 4.790 1.218 2.793 6.625 4.112 2.334 3.478 5.301 4.352 2.762 4.164 2.625 9.494 0.873 1.416 2.928 4.952 4.293 4.626 5.521 9.193 3.310 5.798 4.146 4.020 7.278 0.799 4.042 1.771 7.826 5.149 5.414 3.858 3.681 3.181 8.438 1.440 6.955 1.394 7.579 8.882 6.741 1.519 0.602 5.858 4.064 4.670 8.848 5.467 9.085 1.882 4.574 7.073 4.012 2.113 1.790 3.422 5.583 9.295 5.761 1.145 8.761 8.337 6.236 2.582 8.828 5.181 4.505 5.679 4.621 
7.771 6.044 8.897 1.981 3.898 7.308 2.700 0.927 5.773 4.247 6.456 8.854 1.934 3.191 3.762 7.013 3.962 7.199 9.691 4.636 8.415 7.953 6.253 8.069 3.832 5.925 8.410 5.861 3.496 3.012 9.069 8.755 6.741 4.449 4.404 6.917 5.017 3.891 6.795 7.107 8.801 5.396 5.685 7.226 8.799 4.887 7.560 4.099 7.350 2.863 1.910 4.595 6.329 3.827 4.939 6.562 8.251 5.155 6.964 3.467 3.651 5.369 4.015 5.874 5.744 4.077 8.712 3.813 8.478 1.598 2.131 7.102 6.514 7.912 3.453 9.055 5.095 2.822 3.862 6.050 6.873 9.681 5.784 7.890 6.488 6.647 9.490 4.460 4.626 8.361 6.697 1.631 0.930 1.577 5.559 2.564 3.786 4.797 7.330 3.199 
5.910 6.745 11.104 6.566 3.092 7.406 2.761 4.864 4.036 8.127 5.132 10.842 4.269 3.261 8.272 7.834 1.217 8.022 8.485 1.993 5.771 5.752 8.356 10.578 0.876 4.858 7.789 8.648 2.219 7.621 6.921 8.789 5.967 8.513 7.094 6.385 7.382 7.345 4.934 9.211 11.194 7.092 1.230 7.547 8.694 6.234 5.212 4.301 10.269 3.591 6.363 6.415 3.535 6.150 4.378 2.718 8.404 7.951 6.793 7.979 6.967 8.868 5.208 8.501 5.251 0.654 8.557 8.045 8.294 6.156 6.750 3.618 6.885 8.154 7.206 11.327 8.248 2.297 7.414 1.389 8.511 7.782 2.108 6.116 6.343 8.194 8.250 8.083 1.037 5.554 7.341 6.210 4.009 4.650 7.336 2.564 3.361 3.894 4.523 5.340 
7.805 4.527 5.404 2.548 5.218 5.840 4.866 4.608 6.463 0.570 6.515 5.503 3.331 4.627 2.154 4.996 6.507 5.119 8.738 6.573 8.920 8.211 3.276 4.466 6.734 6.021 7.244 2.356 5.589 2.537 9.024 6.958 6.233 1.088 1.693 6.136 2.290 0.497 7.143 3.917 5.208 3.210 8.803 5.588 7.109 3.409 8.043 4.409 3.584 4.187 4.222 2.818 7.543 2.195 5.209 8.453 6.468 1.853 5.854 2.084 0.826 1.491 3.467 2.509 5.462 7.191 7.082 1.190 6.927 2.637 3.680 8.586 5.095 6.140 0.432 5.513 1.442 6.439 0.327 8.900 4.148 9.308 7.785 7.819 5.544 4.074 8.604 0.580 7.953 9.009 4.954 3.823 4.792 2.997 3.199 6.236 4.928 5.439 8.234 2.619 
6.948 8.151 12.549 7.747 4.525 8.738 4.186 5.808 5.256 9.491 6.345 12.281 5.654 4.713 9.498 9.228 2.668 9.414 9.561 3.314 6.573 6.704 9.806 12.030 2.263 6.136 9.004 10.094 3.671 8.792 7.816 10.079 7.230 9.853 8.535 7.666 8.833 8.744 6.044 10.659 12.644 8.539 0.277 8.901 9.966 7.680 6.160 5.739 11.717 5.035 7.313 7.867 4.520 7.595 5.754 3.325 9.718 9.395 8.109 9.202 8.372 10.279 6.659 9.951 6.589 1.789 9.825 9.349 9.565 7.345 7.778 4.278 8.260 9.484 8.573 12.774 9.678 3.073 8.805 1.036 9.948 8.710 2.992 7.164 7.678 9.630 9.327 9.475 1.181 6.311 8.730 7.226 5.010 5.995 8.784 3.362 4.801 5.263 5.377 6.780 
5.119 5.609 9.949 5.819 1.944 6.325 1.726 4.446 3.110 7.132 4.184 9.688 3.280 2.124 7.448 6.704 0.085 6.893 7.619 1.074 5.208 5.048 7.204 9.429 0.658 3.849 6.806 7.521 1.076 6.868 6.240 7.738 4.958 7.546 5.980 5.354 6.245 6.302 4.098 8.057 10.041 5.937 2.368 6.448 7.657 5.079 4.529 3.149 9.139 2.483 5.881 5.267 2.908 5.031 3.275 2.604 7.334 6.833 5.728 7.160 5.917 7.803 4.057 7.367 4.177 1.183 7.524 7.128 7.261 5.407 6.173 3.325 5.772 7.071 6.211 10.173 7.155 2.357 6.383 2.315 7.357 7.057 1.836 5.311 5.265 7.041 7.386 7.047 2.011 5.042 6.216 5.661 3.578 3.720 6.182 2.544 2.207 2.803 3.966 4.234 
2.686 4.660 9.286 7.511 2.341 4.818 3.400 6.721 1.295 8.004 2.229 8.908 4.638 3.065 8.862 5.584 2.658 5.741 5.295 1.603 2.583 2.496 6.827 9.016 3.258 2.221 4.813 7.548 2.633 8.485 3.668 6.000 3.174 8.507 6.265 3.638 6.246 7.020 1.795 7.543 9.492 5.571 3.991 5.059 5.852 4.746 1.956 3.049 9.038 3.507 8.011 5.190 0.285 5.375 2.426 1.355 5.709 6.992 4.165 8.605 6.631 8.289 4.084 7.311 2.861 3.663 5.706 8.289 5.454 7.123 8.154 1.152 4.557 5.533 7.154 9.532 7.497 4.976 7.150 3.377 6.648 4.526 1.281 2.900 3.830 6.329 5.061 7.741 4.293 2.421 5.079 7.709 5.896 5.181 5.806 5.146 2.580 2.049 1.342 4.815 
7.249 3.560 2.447 5.493 6.237 4.441 6.497 7.346 6.689 3.019 6.247 2.545 5.268 5.928 4.902 3.309 7.980 3.326 7.259 7.642 8.560 7.763 1.220 1.563 8.402 5.915 5.806 0.646 6.976 5.460 8.225 5.024 5.577 3.362 2.192 5.274 1.806 2.718 6.959 1.188 2.299 2.360 10.415 4.098 5.243 3.183 7.796 5.072 1.118 5.611 7.162 2.820 7.926 3.070 5.502 9.190 4.632 1.360 4.780 4.922 2.872 1.876 4.040 0.691 5.230 8.948 5.274 3.939 5.213 5.528 6.641 9.007 3.983 4.381 3.293 2.575 1.524 8.637 2.811 10.295 1.955 8.220 8.692 7.179 4.717 2.115 7.194 2.490 9.798 8.749 3.571 6.750 7.332 5.196 2.135 8.495 5.933 5.924 8.276 3.902 
4.689 5.918 10.432 6.889 2.465 6.419 2.706 5.534 2.917 8.056 4.008 10.126 4.253 2.897 8.486 6.970 1.175 7.150 7.283 1.073 4.518 4.508 7.758 9.998 1.510 3.802 6.669 8.213 1.918 7.933 5.671 7.743 4.892 8.495 6.727 5.331 6.909 7.178 3.739 8.575 10.566 6.471 2.063 6.596 7.628 5.600 3.966 3.647 9.809 3.319 6.977 5.882 2.290 5.775 3.497 1.574 7.389 7.556 5.784 8.202 6.786 8.634 4.661 8.031 4.282 1.748 7.487 8.116 7.227 6.477 7.268 2.408 5.978 7.163 7.142 10.666 7.938 3.277 7.272 1.644 7.794 6.538 0.874 4.898 5.364 7.472 7.048 7.926 2.286 4.305 6.465 6.757 4.664 4.728 6.717 3.503 2.770 3.003 3.270 5.025 
3.218 1.260 5.808 5.713 2.424 2.166 3.403 6.123 2.277 5.119 1.964 5.473 3.292 2.597 6.490 2.350 4.308 2.540 4.527 3.606 4.380 3.640 3.291 5.484 4.900 1.536 3.186 4.096 3.402 6.430 4.446 3.649 1.692 5.661 3.062 1.734 2.849 4.102 2.643 4.015 5.983 2.055 6.632 2.188 3.647 1.307 3.532 1.329 5.521 2.619 6.876 1.864 3.519 2.400 1.182 4.847 3.175 3.632 1.742 6.301 3.771 5.056 1.309 3.836 0.892 5.481 3.543 5.677 3.296 5.436 6.722 4.596 1.465 2.865 4.451 6.049 4.219 5.894 4.264 6.311 3.157 4.807 4.449 3.233 1.263 2.834 4.344 4.716 6.346 4.508 1.867 6.467 5.589 3.704 2.282 5.891 2.208 1.669 3.896 2.332 
7.055 8.133 12.491 7.539 4.485 8.759 4.069 5.570 5.311 9.331 6.405 12.233 5.509 4.631 9.298 9.218 2.605 9.405 9.663 3.329 6.725 6.829 9.737 11.954 2.147 6.175 9.067 9.994 3.599 8.581 7.954 10.118 7.276 9.685 8.427 7.706 8.742 8.602 6.131 10.596 12.576 8.478 0.437 8.912 10.011 7.623 6.284 5.694 11.617 4.936 7.072 7.791 4.630 7.493 5.752 3.489 9.747 9.289 8.136 9.001 8.234 10.143 6.590 9.857 6.605 1.636 9.872 9.169 9.610 7.140 7.546 4.444 8.260 9.506 8.416 12.713 9.557 2.833 8.659 1.250 9.902 8.844 3.106 7.269 7.697 9.586 9.428 9.329 0.947 6.471 8.723 6.993 4.781 5.834 8.721 3.120 4.752 5.263 5.516 6.672 
5.199 2.644 5.941 3.632 2.562 3.958 2.656 4.352 3.703 3.333 3.862 5.779 1.638 2.118 4.463 3.589 4.163 3.774 6.589 3.974 6.222 5.554 3.156 5.295 4.561 3.340 5.188 3.289 3.165 4.348 6.472 5.367 3.774 3.850 1.747 3.809 2.048 2.340 4.442 4.043 5.960 2.058 6.589 3.837 5.431 1.462 5.335 1.643 4.911 1.771 4.886 1.248 4.780 0.795 2.462 5.758 4.857 2.595 3.715 4.255 1.953 3.676 0.789 3.152 2.868 5.106 5.356 3.726 5.136 3.373 4.673 5.831 3.150 4.515 2.527 6.142 2.953 4.913 2.473 6.522 3.586 6.886 5.137 5.247 3.284 3.321 6.414 3.063 5.958 6.288 3.283 4.464 4.005 1.849 2.262 4.813 2.257 2.673 5.476 0.251 
7.226 3.533 2.572 5.369 6.150 4.446 6.394 7.222 6.631 2.903 6.208 2.665 5.155 5.832 4.789 3.321 7.884 3.345 7.280 7.558 8.532 7.736 1.211 1.687 8.301 5.868 5.821 0.522 6.880 5.341 8.216 5.064 5.552 3.253 2.078 5.256 1.712 2.593 6.918 1.266 2.423 2.305 10.319 4.106 5.280 3.116 7.760 4.991 1.195 5.511 7.037 2.738 7.867 2.965 5.437 9.120 4.664 1.240 4.770 4.806 2.748 1.776 3.954 0.589 5.184 8.846 5.307 3.824 5.241 5.403 6.518 8.949 3.969 4.407 3.168 2.700 1.401 8.523 2.687 10.205 1.986 8.224 8.615 7.159 4.694 2.129 7.212 2.372 9.694 8.716 3.567 6.626 7.211 5.078 2.085 8.380 5.846 5.854 8.230 3.796 
2.400 2.528 5.794 8.604 4.970 1.246 6.181 9.105 3.622 7.501 2.529 5.288 6.278 5.388 9.137 2.345 6.633 2.342 1.688 5.655 3.658 2.924 4.467 5.985 7.287 2.803 0.201 5.672 5.935 9.219 2.817 1.389 1.695 8.033 5.364 1.350 4.849 6.558 2.931 4.680 6.152 3.873 8.598 1.566 1.187 3.721 3.282 4.192 6.543 5.517 9.848 4.277 4.506 5.058 3.541 5.981 1.324 5.554 1.272 8.991 6.313 7.018 4.256 5.366 2.600 7.834 1.039 8.229 0.824 8.359 9.660 5.279 1.959 1.390 7.037 6.040 6.207 8.599 6.729 8.058 3.726 2.596 5.963 2.211 1.727 3.538 1.573 6.998 8.634 3.952 2.162 9.433 8.540 6.689 3.946 8.644 4.867 3.926 4.103 5.238 
8.094 4.767 0.181 7.940 8.143 5.014 8.640 9.789 8.134 5.380 7.420 0.722 7.569 7.979 7.206 3.953 9.992 3.844 7.267 9.480 9.440 8.642 2.874 0.950 10.484 7.239 6.056 3.100 8.997 7.841 8.779 4.853 6.562 5.637 4.550 6.147 4.014 5.174 8.108 2.000 0.302 4.118 12.415 4.674 5.114 4.978 8.821 6.929 2.021 7.730 9.612 4.831 9.364 5.316 7.119 10.765 4.676 3.783 5.573 7.266 5.323 4.130 6.008 3.061 6.571 11.052 5.208 6.284 5.271 7.984 9.079 10.400 4.944 4.583 5.743 0.122 3.969 10.922 5.264 12.189 2.784 8.516 10.388 7.964 5.728 3.106 7.281 4.889 11.920 9.689 4.421 9.203 9.736 7.563 3.874 10.803 7.858 7.596 9.467 6.133 
5.659 5.994 10.238 5.637 2.326 6.774 1.791 4.089 3.636 7.144 4.701 9.998 3.286 2.359 7.320 7.096 0.531 7.288 8.147 1.615 5.746 5.591 7.471 9.678 0.151 4.346 7.305 7.708 1.362 6.692 6.783 8.203 5.452 7.531 6.143 5.836 6.458 6.365 4.635 8.337 10.309 6.224 2.197 6.880 8.131 5.381 5.071 3.494 9.332 2.650 5.559 5.518 3.447 5.207 3.717 3.046 7.788 7.004 6.190 7.028 5.988 7.892 4.330 7.572 4.639 0.732 8.001 7.069 7.737 5.225 5.897 3.818 6.190 7.517 6.223 10.456 7.284 1.837 6.432 2.333 7.678 7.599 2.301 5.849 5.718 7.367 7.915 7.101 1.604 5.575 6.617 5.370 3.220 3.670 6.465 2.041 2.557 3.261 4.502 4.388 
6.282 3.513 6.013 2.651 3.398 4.865 3.107 3.815 4.743 2.389 4.944 5.946 1.653 2.807 3.381 4.317 4.733 4.487 7.598 4.752 7.296 6.635 3.338 5.232 5.014 4.420 6.164 3.054 3.788 3.287 7.553 6.203 4.837 2.871 1.511 4.844 2.102 1.489 5.517 4.195 5.948 2.566 7.085 4.698 6.296 2.278 6.407 2.667 4.638 2.373 4.064 1.823 5.767 0.989 3.524 6.633 5.692 2.326 4.697 3.173 1.103 3.003 1.868 3.018 3.948 5.508 6.236 2.670 6.033 2.450 3.759 6.793 4.059 5.348 1.512 6.183 2.445 4.985 1.580 7.129 3.984 7.952 5.962 6.328 4.295 3.779 7.433 2.236 6.313 7.355 4.099 3.631 3.677 1.513 2.697 4.828 3.111 3.692 6.515 0.871 
3.634 5.382 9.991 7.412 2.440 5.677 3.179 6.337 2.104 8.226 3.132 9.640 4.608 3.076 8.891 6.366 2.028 6.533 6.247 1.196 3.392 3.412 7.430 9.653 2.537 3.042 5.752 8.042 2.347 8.428 4.560 6.911 4.065 8.704 6.657 4.523 6.728 7.282 2.747 8.193 10.168 6.149 3.039 5.896 6.772 5.293 2.867 3.432 9.587 3.532 7.714 5.671 1.207 5.727 3.012 0.799 6.600 7.437 5.027 8.620 6.888 8.646 4.492 7.827 3.625 2.857 6.627 8.409 6.373 7.009 7.932 1.352 5.345 6.406 7.340 10.233 7.892 4.308 7.397 2.426 7.340 5.436 0.327 3.849 4.656 7.018 6.013 8.022 3.408 3.179 5.858 7.451 5.481 5.131 6.392 4.510 2.734 2.554 2.145 5.069 
2.602 1.869 6.488 6.140 2.097 2.396 3.270 6.281 1.530 5.786 1.276 6.127 3.509 2.476 7.059 2.875 3.897 3.052 4.277 3.071 3.682 2.974 4.037 6.209 4.526 0.794 3.096 4.855 3.086 6.928 3.878 3.833 1.322 6.324 3.779 1.563 3.602 4.766 1.917 4.734 6.684 2.814 6.118 2.523 3.779 2.058 2.815 1.324 6.276 2.630 7.173 2.595 2.774 3.046 0.663 4.139 3.410 4.382 1.821 6.853 4.416 5.790 1.816 4.596 0.325 5.097 3.656 6.290 3.395 5.831 7.083 3.846 1.879 3.140 5.070 6.732 4.957 5.709 4.923 5.735 3.843 4.343 3.794 2.652 1.340 3.522 4.072 5.409 5.942 3.789 2.369 6.780 5.664 3.984 3.038 5.742 1.963 1.131 3.139 2.823 
5.002 2.446 3.054 7.978 6.105 1.982 6.997 9.169 5.496 6.109 4.583 2.538 6.449 6.212 7.964 1.340 7.986 1.145 4.060 7.226 6.330 5.550 2.590 3.375 8.581 4.556 2.829 3.782 7.079 8.300 5.572 1.654 3.647 6.573 4.247 3.189 3.574 5.382 5.207 2.340 3.435 2.881 10.272 1.709 1.909 3.387 5.804 4.966 4.137 6.132 9.501 3.656 6.644 4.464 4.783 8.119 1.445 3.999 2.623 7.900 5.290 5.245 4.403 3.507 3.985 9.162 1.989 6.983 2.038 7.854 9.138 7.594 2.279 1.393 5.967 3.297 4.581 9.480 5.539 9.887 1.687 5.283 7.896 4.848 2.940 1.749 4.059 5.551 10.026 6.601 1.815 9.067 8.832 6.676 2.767 9.441 5.881 5.274 6.536 5.048 
3.843 2.602 4.533 8.705 5.867 1.401 6.956 9.562 4.822 7.174 3.775 4.005 6.741 6.148 8.953 1.811 7.662 1.687 2.559 6.764 5.105 4.371 3.792 4.875 8.298 3.918 1.457 5.030 6.858 9.173 4.202 0.163 2.842 7.677 5.135 2.391 4.515 6.332 4.281 3.748 4.927 3.627 9.779 1.417 0.406 3.810 4.713 4.885 5.593 6.179 10.107 4.255 5.828 5.091 4.438 7.317 0.392 5.096 1.963 8.850 6.163 6.469 4.634 4.734 3.514 8.865 0.497 7.994 0.628 8.519 9.828 6.667 2.140 0.730 6.878 4.770 5.726 9.439 6.499 9.296 2.920 3.824 7.224 3.658 2.436 2.845 2.568 6.633 9.700 5.401 1.973 9.678 9.102 7.070 3.608 9.446 5.704 4.892 5.517 5.487 
9.223 7.365 9.785 1.986 5.338 8.663 4.106 0.844 7.219 4.680 7.907 9.807 3.352 4.638 3.582 8.282 5.202 8.461 11.118 5.983 9.853 9.402 7.286 8.890 4.952 7.375 9.811 6.701 4.867 2.700 10.521 10.088 8.174 4.717 5.401 8.334 6.059 4.629 8.245 8.096 9.633 6.580 6.583 8.558 10.147 6.169 9.003 5.538 8.052 4.315 0.690 5.808 7.733 4.994 6.388 7.857 9.579 6.045 8.354 3.320 4.490 5.928 5.377 6.770 7.179 5.074 10.067 3.998 9.840 1.833 1.278 8.458 7.861 9.237 4.082 9.918 5.846 3.557 4.551 7.068 7.991 11.131 7.079 9.341 7.886 7.796 10.921 5.035 5.449 9.790 8.003 0.780 1.710 2.925 6.715 3.269 5.235 6.248 8.749 4.481 
4.968 1.296 3.473 5.858 4.577 2.230 5.221 7.083 4.595 4.174 4.021 3.179 4.440 4.494 5.960 1.207 6.452 1.315 5.137 5.889 6.287 5.486 1.066 3.143 6.981 3.746 3.644 2.206 5.474 6.226 5.947 3.158 3.301 4.680 2.161 2.989 1.518 3.342 4.732 1.667 3.632 0.765 8.854 1.912 3.322 1.466 5.543 3.364 3.319 4.316 7.375 1.571 5.837 2.349 3.526 7.197 2.679 2.117 2.502 5.868 3.204 3.554 2.540 1.901 3.060 7.558 3.310 4.995 3.183 5.728 7.016 6.899 1.699 2.365 3.905 3.709 2.763 7.637 3.507 8.600 0.847 5.984 6.796 4.894 2.436 0.539 5.043 3.636 8.431 6.484 1.321 6.941 6.799 4.611 0.644 7.564 4.304 4.000 6.073 2.994 
6.693 3.834 6.008 2.351 3.792 5.190 3.420 3.755 5.163 2.010 5.358 5.980 1.907 3.179 2.967 4.579 5.058 4.741 7.961 5.128 7.715 7.051 3.418 5.183 5.305 4.836 6.513 2.978 4.135 2.910 7.960 6.494 5.231 2.475 1.536 5.223 2.189 1.188 5.936 4.245 5.912 2.787 7.378 5.005 6.598 2.603 6.826 3.087 4.512 2.736 3.850 2.101 6.181 1.271 3.945 7.026 5.984 2.266 5.054 2.765 0.838 2.739 2.277 2.984 4.355 5.780 6.544 2.251 6.349 2.199 3.492 7.202 4.389 5.641 1.111 6.165 2.273 5.155 1.247 7.453 4.129 8.346 6.345 6.736 4.665 3.950 7.800 1.917 6.565 7.775 4.394 3.417 3.714 1.655 2.889 4.980 3.510 4.111 6.935 1.291 
6.182 2.985 5.063 3.333 3.878 4.330 3.850 4.744 4.911 2.158 4.900 5.000 2.523 3.404 3.630 3.620 5.424 3.772 7.183 5.287 7.311 6.593 2.407 4.291 5.773 4.415 5.704 2.136 4.439 3.758 7.400 5.563 4.612 2.698 0.564 4.529 1.171 1.139 5.540 3.252 5.003 1.804 7.828 4.112 5.685 1.808 6.440 2.910 3.745 3.019 4.872 1.232 6.042 0.594 3.646 7.067 5.058 1.407 4.279 3.485 0.819 2.360 1.898 2.077 3.842 6.295 5.642 2.747 5.463 3.213 4.492 7.107 3.553 4.718 1.533 5.234 1.654 5.888 1.300 7.803 3.104 7.698 6.452 6.195 3.944 2.930 7.038 1.799 7.124 7.410 3.486 4.438 4.626 2.454 1.882 5.744 3.573 3.924 6.670 1.270 
8.905 6.481 8.342 0.404 5.291 7.828 4.280 2.064 7.062 3.099 7.552 8.410 3.012 4.557 2.035 7.273 5.714 7.437 10.496 6.263 9.727 9.171 5.995 7.415 5.643 7.009 9.096 5.266 5.113 1.204 10.207 9.173 7.634 3.106 4.133 7.709 4.812 3.189 8.008 6.749 8.158 5.483 7.521 7.668 9.267 5.247 8.843 5.126 6.524 4.139 1.271 4.785 7.808 3.948 6.028 8.229 8.662 4.661 7.624 1.753 3.132 4.367 4.668 5.373 6.674 5.909 9.205 2.385 9.001 0.541 0.796 8.677 7.020 8.318 2.603 8.459 4.375 4.623 3.085 7.875 6.775 10.713 7.461 8.989 7.194 6.620 10.319 3.496 6.456 9.717 7.069 0.885 2.660 2.472 5.577 4.353 5.104 6.014 8.742 3.660 
1.157 4.593 8.994 8.946 3.887 4.167 5.136 8.496 2.044 8.917 1.915 8.540 6.096 4.604 10.079 5.206 4.646 5.312 3.604 3.569 0.631 0.675 6.941 8.941 5.258 2.353 3.593 7.908 4.468 9.840 1.702 4.946 2.612 9.451 6.923 3.009 6.707 7.898 1.229 7.485 9.281 5.840 5.846 4.492 4.738 5.173 0.346 4.070 9.205 4.984 9.677 5.732 1.719 6.177 3.189 2.832 4.807 7.494 3.582 9.851 7.538 8.926 4.901 7.629 2.982 5.665 4.591 9.372 4.380 8.588 9.733 1.934 4.258 4.744 8.166 9.245 8.088 6.957 8.051 5.142 6.509 2.596 3.163 1.356 3.475 6.221 3.381 8.553 6.269 0.645 4.762 9.337 7.712 6.634 6.036 7.112 4.022 3.100 0.739 5.842 
6.530 2.836 2.848 5.248 5.509 3.806 5.831 6.930 5.930 3.018 5.501 2.807 4.679 5.230 4.908 2.709 7.279 2.757 6.680 6.908 7.831 7.037 0.587 2.119 7.720 5.161 5.203 0.652 6.274 5.359 7.538 4.540 4.854 3.450 1.656 4.568 1.133 2.470 6.211 1.107 2.804 1.601 9.715 3.474 4.742 2.427 7.055 4.332 1.873 4.933 6.889 2.090 7.167 2.436 4.745 8.434 4.111 0.985 4.095 4.883 2.523 2.105 3.312 0.362 4.477 8.274 4.755 3.924 4.667 5.228 6.416 8.248 3.288 3.832 3.073 3.022 1.459 8.042 2.598 9.573 1.475 7.574 7.943 6.467 3.999 1.541 6.600 2.459 9.132 8.013 2.910 6.466 6.842 4.663 1.379 7.915 5.208 5.170 7.523 3.265 
2.960 4.588 9.207 7.140 1.988 4.861 3.005 6.320 1.288 7.709 2.329 8.847 4.273 2.700 8.517 5.558 2.277 5.723 5.546 1.208 2.964 2.821 6.687 8.897 2.891 2.226 4.970 7.354 2.231 8.122 4.007 6.105 3.254 8.205 6.026 3.710 6.045 6.736 2.004 7.430 9.396 5.415 3.769 5.079 5.971 4.572 2.291 2.793 8.872 3.148 7.615 4.987 0.670 5.119 2.260 1.437 5.787 6.776 4.211 8.257 6.345 8.040 3.845 7.128 2.817 3.319 5.827 7.966 5.571 6.749 7.766 1.474 4.534 5.590 6.847 9.451 7.262 4.591 6.862 3.211 6.559 4.847 1.130 3.167 3.840 6.238 5.312 7.465 3.986 2.814 5.050 7.316 5.493 4.814 5.655 4.755 2.243 1.835 1.734 4.523 
1.863 4.454 9.036 8.072 2.919 4.366 4.108 7.465 1.278 8.302 1.777 8.623 5.195 3.651 9.316 5.260 3.532 5.398 4.477 2.457 1.713 1.614 6.738 8.860 4.144 1.984 4.144 7.578 3.399 9.007 2.777 5.409 2.700 8.823 6.425 3.159 6.312 7.294 1.152 7.383 9.278 5.536 4.827 4.646 5.237 4.772 1.070 3.338 8.990 4.063 8.696 5.280 0.610 5.596 2.544 1.941 5.173 7.084 3.724 9.072 6.917 8.455 4.291 7.320 2.672 4.556 5.089 8.672 4.849 7.698 8.793 1.249 4.246 5.039 7.496 9.286 7.636 5.845 7.437 4.168 6.443 3.642 2.113 2.083 3.473 6.134 4.245 7.988 5.181 1.590 4.772 8.373 6.661 5.740 5.757 6.004 3.099 2.311 0.541 5.143 
4.515 1.142 3.531 6.606 4.784 1.561 5.589 7.714 4.476 4.971 3.741 3.137 4.989 4.820 6.756 0.433 6.677 0.516 4.404 6.001 5.858 5.053 1.697 3.425 7.246 3.566 2.931 2.918 5.734 7.008 5.385 2.360 2.908 5.476 2.948 2.525 2.315 4.137 4.434 1.994 3.780 1.477 9.025 1.215 2.528 1.927 5.179 3.603 3.818 4.709 8.089 2.213 5.695 3.037 3.564 7.120 1.886 2.903 1.976 6.661 3.987 4.314 2.958 2.613 2.911 7.827 2.522 5.793 2.408 6.457 7.755 6.721 1.269 1.580 4.694 3.781 3.543 8.057 4.303 8.703 1.007 5.338 6.797 4.413 2.056 0.771 4.326 4.432 8.698 6.083 0.758 7.656 7.372 5.218 1.419 8.009 4.539 4.056 5.793 3.590 
7.685 5.618 8.205 1.381 3.958 6.925 2.911 1.553 5.773 3.482 6.342 8.184 1.737 3.225 3.107 6.530 4.361 6.710 9.443 4.894 8.438 7.916 5.612 7.357 4.329 5.801 8.103 5.148 3.743 2.436 8.989 8.340 6.521 3.693 3.738 6.649 4.375 3.146 6.751 6.448 8.093 4.841 6.273 6.811 8.403 4.417 7.562 3.926 6.610 2.828 1.956 4.061 6.464 3.255 4.810 6.859 7.831 4.454 6.637 2.811 2.926 4.608 3.650 5.177 5.536 4.641 8.326 3.072 8.103 0.969 1.921 7.315 6.119 7.488 2.692 8.356 4.358 3.516 3.110 6.574 6.278 9.545 6.092 7.784 6.178 6.070 9.252 3.698 5.257 8.413 6.252 1.562 1.691 1.236 4.985 3.273 3.792 4.744 7.418 2.731 
1.960 2.295 6.905 6.747 2.324 2.467 3.596 6.754 1.122 6.447 0.616 6.513 4.044 2.844 7.709 3.177 3.953 3.334 3.860 3.007 3.021 2.314 4.575 6.697 4.605 0.188 2.847 5.457 3.265 7.559 3.252 3.792 0.989 6.986 4.431 1.385 4.227 5.428 1.264 5.220 7.131 3.397 6.018 2.675 3.694 2.687 2.158 1.848 6.833 3.076 7.718 3.239 2.318 3.708 0.984 3.762 3.428 5.011 1.825 7.500 5.078 6.435 2.470 5.189 0.510 5.157 3.558 6.949 3.295 6.427 7.660 3.351 2.150 3.207 5.730 7.154 5.598 5.944 5.585 5.558 4.289 3.772 3.526 2.028 1.435 3.976 3.642 6.068 5.969 3.133 2.674 7.335 6.091 4.542 3.609 6.006 2.272 1.266 2.536 3.466 
6.595 3.003 3.838 4.225 4.943 4.204 5.075 5.921 5.672 2.160 5.431 3.829 3.798 4.559 4.004 3.238 6.606 3.339 7.129 6.362 7.833 7.065 1.415 3.025 6.994 5.015 5.628 0.862 5.607 4.385 7.712 5.181 4.934 2.654 0.724 4.733 0.642 1.466 6.122 2.131 3.747 1.605 9.031 3.911 5.351 2.173 7.004 3.845 2.483 4.210 5.862 1.650 6.874 1.650 4.423 8.031 4.708 0.160 4.346 3.948 1.495 1.614 2.786 0.814 4.363 7.528 5.341 3.022 5.211 4.200 5.396 7.957 3.541 4.395 2.069 3.995 0.773 7.166 1.608 8.958 2.284 7.866 7.473 6.566 4.136 2.228 7.019 1.612 8.369 7.978 3.289 5.438 5.869 3.721 1.501 7.021 4.636 4.788 7.365 2.470 
7.370 4.027 5.003 2.942 4.977 5.330 4.752 4.859 6.110 0.972 6.100 5.069 3.264 4.431 2.678 4.473 6.379 4.596 8.235 6.362 8.513 7.790 2.769 4.093 6.654 5.620 6.739 1.923 5.430 3.032 8.572 6.435 5.776 1.515 1.185 5.660 1.767 0.185 6.745 3.442 4.836 2.695 8.726 5.073 6.587 2.939 7.644 4.086 3.285 4.009 4.607 2.344 7.224 1.797 4.847 8.199 5.946 1.357 5.361 2.603 0.544 1.377 3.097 2.043 5.038 7.137 6.562 1.712 6.410 2.975 4.099 8.282 4.594 5.619 0.742 5.126 1.048 6.499 0.261 8.775 3.632 8.833 7.556 7.376 5.066 3.553 8.104 0.611 7.927 8.615 4.440 4.195 4.957 3.006 2.677 6.314 4.679 5.109 7.873 2.342 
5.994 2.333 3.515 4.836 4.768 3.473 5.096 6.354 5.254 2.917 4.896 3.408 3.988 4.488 4.743 2.482 6.535 2.579 6.394 6.170 7.266 6.484 0.796 2.847 6.980 4.522 4.896 1.102 5.531 5.081 7.066 4.421 4.319 3.414 1.094 4.080 0.444 2.157 5.600 1.653 3.512 0.970 8.972 3.171 4.593 1.724 6.463 3.597 2.591 4.196 6.435 1.349 6.483 1.733 4.045 7.723 3.950 0.843 3.658 4.674 2.100 2.302 2.571 0.843 3.847 7.536 4.583 3.766 4.458 4.768 6.008 7.567 2.846 3.639 2.749 3.705 1.492 7.338 2.313 8.831 1.574 7.177 7.217 5.949 3.491 1.482 6.291 2.371 8.395 7.431 2.557 6.004 6.209 4.012 0.803 7.220 4.466 4.457 6.887 2.551 
3.090 2.247 6.772 5.609 1.485 2.994 2.611 5.637 1.548 5.493 1.736 6.450 2.897 1.814 6.636 3.326 3.343 3.514 4.927 2.618 4.034 3.393 4.179 6.403 3.951 1.194 3.759 4.852 2.477 6.443 4.391 4.455 1.973 6.021 3.608 2.226 3.551 4.480 2.257 4.948 6.930 2.901 5.645 3.081 4.414 2.057 3.144 0.699 6.356 1.973 6.570 2.497 2.729 2.772 0.281 3.952 4.014 4.303 2.453 6.415 4.109 5.639 1.471 4.618 0.984 4.529 4.295 5.920 4.035 5.282 6.510 3.812 2.389 3.728 4.718 7.010 4.829 5.065 4.627 5.325 4.124 4.920 3.499 3.172 1.962 3.801 4.719 5.165 5.387 4.094 2.833 6.186 5.007 3.392 3.142 5.090 1.318 0.700 3.305 2.392 
4.624 1.143 4.486 5.088 3.548 2.483 4.134 6.096 3.834 3.857 3.478 4.233 3.386 3.417 5.469 1.868 5.402 2.045 5.353 4.902 5.868 5.096 1.791 4.028 5.914 3.093 3.864 2.531 4.413 5.596 5.756 3.754 2.967 4.397 1.713 2.793 1.328 2.892 4.178 2.604 4.595 0.506 7.820 2.272 3.859 0.385 5.049 2.336 3.970 3.227 6.511 0.639 5.069 1.474 2.651 6.346 3.244 2.114 2.469 5.331 2.644 3.580 1.453 2.269 2.421 6.489 3.808 4.559 3.621 4.905 6.212 6.151 1.712 2.901 3.368 4.712 2.735 6.548 3.063 7.604 1.926 5.957 5.882 4.598 2.194 1.628 5.216 3.383 7.361 6.021 1.654 6.080 5.762 3.600 0.749 6.478 3.263 3.089 5.458 1.972 
1.304 4.929 8.946 9.963 5.070 4.139 6.357 9.701 3.181 9.639 2.636 8.453 7.173 5.758 10.958 5.277 5.980 5.338 2.636 4.896 0.869 0.995 7.240 9.044 6.599 3.170 3.146 8.324 5.740 10.801 0.479 4.510 2.939 10.181 7.553 3.188 7.230 8.623 2.158 7.647 9.283 6.291 7.162 4.492 4.266 5.760 1.441 5.036 9.461 6.100 10.815 6.349 3.065 6.917 4.133 4.114 4.511 8.011 3.689 10.750 8.290 9.484 5.715 8.029 3.652 7.012 4.131 10.184 3.976 9.626 10.821 3.176 4.476 4.546 8.960 9.195 8.639 8.281 8.785 6.437 6.661 1.359 4.501 1.306 3.764 6.410 2.448 9.224 7.615 1.174 4.914 10.456 8.944 7.698 6.451 8.428 5.162 4.166 2.065 6.716 
5.433 6.968 11.499 7.681 3.529 7.412 3.627 6.094 3.859 9.027 4.924 11.188 5.184 3.920 9.340 8.008 1.991 8.185 8.048 2.141 5.031 5.171 8.827 11.067 2.001 4.776 7.562 9.271 2.900 8.735 6.275 8.694 5.839 9.448 7.773 6.290 7.970 8.177 4.562 9.644 11.635 7.540 1.278 7.605 8.565 6.670 4.627 4.716 10.871 4.324 7.583 6.947 3.010 6.819 4.547 1.789 8.362 8.608 6.769 9.051 7.788 9.655 5.726 9.093 5.297 1.911 8.421 9.034 8.164 7.269 7.942 2.743 7.007 8.151 8.108 11.733 8.975 3.552 8.264 0.616 8.858 7.170 1.488 5.650 6.367 8.536 7.815 8.924 2.014 4.772 7.502 7.411 5.231 5.626 7.787 3.820 3.832 4.055 3.836 6.054 
3.807 0.870 4.170 6.912 4.480 0.851 5.417 7.816 3.930 5.497 3.110 3.740 5.019 4.621 7.219 0.376 6.358 0.523 3.750 5.599 5.153 4.348 2.389 4.130 6.956 2.998 2.257 3.584 5.459 7.400 4.662 1.930 2.234 6.018 3.398 1.827 2.823 4.603 3.786 2.714 4.447 1.878 8.644 0.524 2.043 2.024 4.497 3.361 4.541 4.577 8.318 2.463 5.120 3.298 3.153 6.573 1.420 3.489 1.264 7.102 4.406 4.940 2.918 3.279 2.386 7.537 2.002 6.277 1.840 6.725 8.034 6.118 0.665 1.078 5.128 4.421 4.140 7.909 4.773 8.271 1.728 4.628 6.304 3.699 1.413 1.490 3.656 4.974 8.399 5.385 0.200 7.888 7.399 5.315 1.905 7.886 4.264 3.646 5.143 3.712 
3.169 2.966 7.483 5.667 0.888 3.638 2.161 5.394 1.239 5.878 1.882 7.166 2.826 1.440 6.855 4.039 2.658 4.224 5.296 1.898 3.897 3.363 4.859 7.091 3.283 1.384 4.256 5.463 1.857 6.571 4.465 5.072 2.406 6.390 4.127 2.742 4.150 4.884 2.199 5.645 7.633 3.573 4.928 3.754 5.009 2.711 3.013 0.906 7.001 1.745 6.459 3.092 2.234 3.231 0.581 3.319 4.652 4.875 3.058 6.614 4.499 6.147 1.945 5.244 1.512 3.856 4.883 6.214 4.620 5.310 6.473 3.292 3.083 4.382 5.049 7.719 5.362 4.517 5.019 4.605 4.838 5.099 2.814 3.294 2.582 4.515 5.076 5.600 4.704 3.900 3.542 6.099 4.692 3.360 3.817 4.571 0.847 0.193 2.986 2.697 
3.831 3.991 8.428 5.567 0.474 4.689 1.503 4.864 1.734 6.255 2.701 8.137 2.703 1.133 6.963 5.077 1.604 5.265 6.172 0.960 4.264 3.895 5.737 7.976 2.236 2.290 5.239 6.206 0.904 6.552 5.069 6.113 3.381 6.732 4.752 3.752 4.896 5.317 2.795 6.560 8.552 4.450 3.907 4.808 6.042 3.580 3.444 1.624 7.792 1.586 6.092 3.862 2.156 3.807 1.635 2.768 5.701 5.564 4.100 6.699 4.923 6.710 2.644 6.016 2.549 2.804 5.912 6.448 5.649 5.177 6.213 3.039 4.134 5.434 5.368 8.659 5.979 3.583 5.430 3.647 5.802 5.800 2.106 3.994 3.630 5.482 5.945 6.060 3.649 4.187 4.584 5.777 4.079 3.242 4.697 3.673 0.778 1.171 3.145 3.111 
4.498 1.226 3.502 6.754 4.886 1.501 5.711 7.859 4.528 5.105 3.765 3.092 5.129 4.937 6.896 0.350 6.778 0.388 4.308 6.088 5.844 5.039 1.793 3.439 7.352 3.610 2.845 3.022 5.842 7.153 5.340 2.227 2.913 5.607 3.092 2.515 2.454 4.278 4.452 2.030 3.766 1.625 9.117 1.149 2.402 2.066 5.181 3.712 3.872 4.834 8.237 2.360 5.740 3.185 3.645 7.174 1.760 3.030 1.956 6.803 4.132 4.430 3.089 2.718 2.965 7.934 2.400 5.931 2.295 6.606 7.903 6.758 1.289 1.463 4.837 3.753 3.666 8.183 4.443 8.785 1.049 5.270 6.864 4.390 2.072 0.848 4.235 4.564 8.804 6.075 0.765 7.804 7.512 5.362 1.563 8.137 4.645 4.139 5.811 3.734 
3.121 0.799 4.891 6.927 3.951 0.609 4.987 7.614 3.237 5.781 2.389 4.462 4.783 4.181 7.409 1.098 5.799 1.234 3.412 4.984 4.462 3.657 2.954 4.823 6.416 2.299 1.923 4.086 4.942 7.506 4.053 2.077 1.516 6.316 3.640 1.128 3.150 4.831 3.064 3.383 5.162 2.168 8.031 0.614 2.101 2.009 3.785 2.914 5.172 4.199 8.240 2.552 4.411 3.346 2.563 5.873 1.592 3.883 0.607 7.266 4.585 5.362 2.685 3.783 1.722 6.992 2.013 6.500 1.785 6.702 8.011 5.400 0.230 1.279 5.309 5.142 4.534 7.477 5.002 7.627 2.398 4.112 5.631 3.028 0.695 2.128 3.281 5.287 7.845 4.685 0.640 7.817 7.129 5.138 2.270 7.476 3.764 3.045 4.421 3.602 
7.156 6.592 10.298 4.259 3.307 7.631 2.080 2.313 5.061 6.301 6.014 10.153 2.804 2.886 6.035 7.681 2.292 7.877 9.475 3.293 7.449 7.182 7.523 9.592 1.876 5.561 8.432 7.451 2.429 5.290 8.371 9.112 6.594 6.585 5.875 6.903 6.356 5.729 6.118 8.410 10.286 6.412 3.454 7.656 9.089 5.678 6.697 4.146 9.044 2.881 3.820 5.615 5.170 5.053 4.713 4.934 8.646 6.721 7.133 5.739 5.406 7.280 4.618 7.386 5.653 1.922 8.975 6.004 8.717 3.869 4.254 5.672 6.926 8.336 5.422 10.490 6.835 0.589 5.748 3.914 7.940 9.126 4.178 7.323 6.638 7.659 9.251 6.402 2.357 7.313 7.259 3.704 1.484 2.915 6.628 0.439 3.385 4.366 6.234 4.240 
4.126 4.701 9.158 5.927 1.164 5.333 1.696 4.936 2.085 6.845 3.153 8.865 3.139 1.657 7.422 5.778 1.023 5.964 6.596 0.297 4.336 4.096 6.465 8.704 1.682 2.820 5.776 6.913 0.870 6.945 5.289 6.727 3.931 7.304 5.437 4.333 5.608 5.936 3.095 7.290 9.282 5.180 3.191 5.474 6.640 4.310 3.596 2.353 8.507 2.103 6.268 4.581 2.069 4.485 2.308 2.269 6.334 6.260 4.724 7.147 5.542 7.365 3.360 6.730 3.179 2.213 6.506 6.973 6.242 5.524 6.461 2.739 4.817 6.081 5.942 9.390 6.654 3.252 6.039 2.917 6.531 6.081 1.530 4.312 4.271 6.210 6.364 6.683 3.020 4.206 5.281 5.990 4.100 3.654 5.426 3.393 1.469 1.821 3.129 3.754 
7.391 3.955 4.670 3.270 5.169 5.227 5.012 5.205 6.216 1.056 6.147 4.749 3.550 4.653 2.886 4.321 6.628 4.432 8.145 6.568 8.564 7.826 2.518 3.753 6.923 5.681 6.645 1.599 5.666 3.306 8.570 6.276 5.771 1.576 1.137 5.628 1.620 0.526 6.806 3.148 4.496 2.586 8.994 4.955 6.438 2.930 7.703 4.226 2.940 4.241 4.939 2.339 7.356 1.903 4.949 8.375 5.795 1.091 5.299 2.839 0.827 1.095 3.207 1.740 5.077 7.416 6.420 1.904 6.278 3.315 4.421 8.423 4.515 5.475 1.070 4.789 0.706 6.816 0.591 9.022 3.401 8.796 7.749 7.386 5.031 3.345 8.023 0.544 8.215 8.678 4.324 4.530 5.296 3.317 2.539 6.635 4.867 5.239 7.968 2.534 
5.528 4.877 8.829 4.210 1.591 5.876 0.321 3.159 3.441 5.535 4.318 8.633 1.674 1.129 5.810 5.977 1.555 6.173 7.754 2.075 5.986 5.618 6.042 8.206 1.733 3.841 6.677 6.169 0.938 5.251 6.785 7.355 4.848 5.930 4.589 5.146 4.959 4.754 4.501 6.924 8.865 4.849 3.805 5.911 7.329 4.055 5.172 2.395 7.792 1.205 4.465 4.089 3.809 3.674 2.960 4.018 6.893 5.453 5.373 5.524 4.380 6.287 2.981 6.053 3.896 2.230 7.214 5.493 6.957 3.799 4.668 4.542 5.185 6.587 4.613 9.037 5.698 2.173 4.820 3.912 6.356 7.492 3.245 5.679 4.878 6.059 7.534 5.489 3.060 5.897 5.538 4.189 2.354 2.083 5.080 2.170 1.633 2.640 4.840 2.843 
5.810 3.689 6.904 2.893 2.451 4.967 2.001 3.279 4.038 3.430 4.455 6.779 0.599 1.786 4.088 4.666 3.634 4.854 7.466 3.729 6.681 6.092 4.143 6.190 3.905 3.913 6.122 4.067 2.710 3.771 7.111 6.405 4.559 3.873 2.483 4.671 2.956 2.590 4.935 5.028 6.884 3.125 5.976 4.874 6.454 2.542 5.791 2.034 5.679 1.332 3.932 2.311 4.932 1.657 2.938 5.659 5.898 3.340 4.659 3.835 2.209 4.113 1.677 3.989 3.584 4.402 6.371 3.550 6.142 2.563 3.808 5.909 4.167 5.559 2.517 7.092 3.534 3.966 2.667 6.030 4.643 7.618 4.956 5.891 4.198 4.390 7.278 3.332 5.213 6.697 4.343 3.526 2.922 0.781 3.316 3.836 2.195 2.972 5.776 0.886 
1.823 4.239 7.643 9.996 5.623 3.106 6.928 10.136 3.852 9.207 2.897 7.124 7.405 6.210 10.734 4.240 6.933 4.246 0.923 5.857 2.487 2.069 6.346 7.881 7.586 3.398 1.783 7.529 6.469 10.717 1.241 3.017 2.612 9.747 7.064 2.599 6.614 8.226 2.829 6.586 8.018 5.633 8.478 3.447 2.758 5.318 2.604 5.207 8.449 6.458 11.071 5.906 4.237 6.613 4.366 5.530 3.147 7.353 2.892 10.562 7.943 8.832 5.596 7.224 3.584 8.068 2.642 9.871 2.552 9.706 10.973 4.651 3.694 3.278 8.654 7.886 8.004 9.135 8.396 7.813 5.629 0.695 5.762 1.620 3.181 5.431 0.734 8.732 8.768 2.813 4.003 10.679 9.463 7.883 5.740 9.238 5.622 4.586 3.438 6.622 
2.560 1.501 5.370 7.546 4.144 0.533 5.287 8.098 3.098 6.488 2.100 4.907 5.265 4.482 8.094 1.624 5.914 1.700 2.720 5.012 3.907 3.107 3.633 5.396 6.554 2.177 1.258 4.787 5.132 8.163 3.386 1.795 1.151 7.024 4.345 0.686 3.864 5.529 2.698 3.993 5.676 2.883 8.033 0.861 1.732 2.668 3.310 3.244 5.817 4.566 8.805 3.232 4.173 4.003 2.707 5.661 1.413 4.598 0.236 7.943 5.273 6.076 3.214 4.484 1.770 7.119 1.611 7.195 1.351 7.304 8.607 5.092 0.942 1.213 5.995 5.621 5.249 7.749 5.701 7.566 3.007 3.402 5.511 2.437 0.731 2.764 2.578 5.998 7.950 4.155 1.278 8.387 7.563 5.659 2.984 7.772 4.001 3.148 4.024 4.184 
1.746 4.651 9.195 8.435 3.287 4.462 4.476 7.832 1.601 8.625 1.932 8.770 5.559 4.019 9.666 5.406 3.862 5.535 4.329 2.798 1.378 1.404 6.962 9.055 4.462 2.216 4.120 7.837 3.761 9.366 2.516 5.423 2.811 9.150 6.722 3.258 6.584 7.614 1.245 7.581 9.452 5.783 5.039 4.758 5.238 5.041 0.870 3.674 9.222 4.429 9.065 5.563 0.923 5.909 2.857 2.060 5.220 7.361 3.832 9.424 7.241 8.748 4.607 7.573 2.900 4.856 5.089 9.012 4.858 8.063 9.161 1.236 4.405 5.108 7.829 9.446 7.924 6.180 7.760 4.349 6.628 3.402 2.346 1.966 3.622 6.324 4.099 8.301 5.452 1.230 4.929 8.742 7.026 6.104 5.998 6.345 3.464 2.654 0.176 5.479 
7.424 4.042 4.884 3.056 5.091 5.333 4.886 4.998 6.196 0.945 6.164 4.960 3.403 4.554 2.719 4.453 6.510 4.571 8.244 6.481 8.579 7.851 2.700 3.967 6.790 5.689 6.746 1.811 5.557 3.109 8.618 6.413 5.820 1.483 1.201 5.693 1.745 0.329 6.814 3.350 4.710 2.692 8.862 5.069 6.570 2.978 7.713 4.182 3.147 4.135 4.725 2.384 7.319 1.878 4.931 8.309 5.928 1.278 5.381 2.658 0.678 1.235 3.183 1.944 5.098 7.276 6.548 1.742 6.400 3.101 4.208 8.380 4.606 5.604 0.856 5.004 0.920 6.643 0.376 8.906 3.574 8.864 7.671 7.426 5.097 3.506 8.117 0.514 8.067 8.685 4.436 4.316 5.101 3.150 2.662 6.458 4.792 5.203 7.955 2.455 
5.019 2.558 3.094 8.120 6.208 2.029 7.114 9.306 5.566 6.248 4.637 2.571 6.581 6.326 8.105 1.454 8.087 1.258 4.001 7.316 6.340 5.566 2.727 3.452 8.684 4.626 2.806 3.914 7.185 8.442 5.557 1.588 3.696 6.711 4.389 3.235 3.717 5.524 5.252 2.456 3.485 3.021 10.362 1.773 1.847 3.518 5.832 5.076 4.237 6.252 9.642 3.793 6.703 4.604 4.876 8.182 1.421 4.138 2.676 8.042 5.432 5.377 4.529 3.641 4.066 9.265 1.935 7.123 2.002 7.996 9.280 7.643 2.368 1.404 6.109 3.334 4.717 9.598 5.680 9.970 1.824 5.246 7.970 4.860 3.010 1.891 4.008 5.690 10.128 6.616 1.918 9.208 8.964 6.811 2.908 9.562 5.988 5.366 6.573 5.183 
9.466 6.381 6.999 1.815 6.395 7.714 5.691 4.157 7.914 1.643 8.135 7.180 4.172 5.705 0.253 6.900 7.284 7.026 10.587 7.608 10.491 9.829 5.149 6.012 7.347 7.614 9.103 4.111 6.506 1.030 10.725 8.862 7.969 1.329 3.583 7.920 4.197 2.380 8.712 5.716 6.732 5.103 9.338 7.474 9.009 5.211 9.601 5.842 4.990 5.250 3.186 4.636 8.873 3.907 6.715 9.570 8.370 3.723 7.684 0.372 2.595 2.834 5.051 4.316 7.122 7.700 8.980 0.733 8.819 2.170 2.524 9.855 6.950 8.040 1.872 7.067 3.204 6.585 2.211 9.592 6.036 11.076 8.840 9.504 7.341 5.976 10.443 2.198 8.340 10.544 6.841 2.908 4.670 3.671 5.103 6.330 6.142 6.851 9.679 4.065 
5.004 5.960 10.408 6.526 2.382 6.551 2.408 5.102 3.133 7.803 4.230 10.122 3.965 2.709 8.153 7.034 0.792 7.218 7.575 1.121 4.913 4.859 7.698 9.934 1.053 3.973 6.890 8.087 1.678 7.575 6.035 7.913 5.079 8.226 6.571 5.504 6.794 6.953 4.025 8.533 10.523 6.417 1.933 6.707 7.811 5.549 4.321 3.593 9.696 3.104 6.556 5.788 2.649 5.618 3.558 2.032 7.539 7.413 5.928 7.866 6.564 8.436 4.567 7.918 4.398 1.318 7.673 7.821 7.411 6.113 6.865 2.852 6.063 7.298 6.884 10.638 7.765 2.820 7.040 1.700 7.787 6.888 1.316 5.209 5.490 7.467 7.341 7.700 1.940 4.713 6.534 6.348 4.232 4.416 6.663 3.046 2.675 3.066 3.662 4.842 
8.087 5.552 7.522 0.624 4.624 6.902 3.760 2.426 6.316 2.483 6.732 7.561 2.327 3.900 2.060 6.337 5.311 6.501 9.596 5.723 8.967 8.378 5.097 6.620 5.344 6.191 8.183 4.437 4.591 1.523 9.383 8.240 6.762 2.635 3.221 6.817 3.898 2.359 7.222 5.873 7.363 4.549 7.326 6.737 8.335 4.317 8.078 4.319 5.785 3.458 2.123 3.850 7.145 3.013 5.223 7.697 7.728 3.798 6.712 1.769 2.249 3.687 3.780 4.520 5.817 5.689 8.275 1.988 8.072 0.456 1.730 8.067 6.095 7.385 1.811 7.651 3.575 4.606 2.279 7.590 5.859 9.857 6.947 8.160 6.291 5.696 9.423 2.782 6.332 8.977 6.136 1.695 2.753 1.787 4.646 4.362 4.407 5.254 8.036 2.760 
3.951 0.260 4.444 5.996 3.753 1.553 4.579 6.876 3.561 4.750 2.964 4.095 4.088 3.800 6.395 1.096 5.645 1.291 4.441 4.984 5.254 4.458 2.102 4.188 6.214 2.694 2.946 3.135 4.703 6.525 4.994 2.856 2.275 5.284 2.610 2.008 2.124 3.805 3.675 2.710 4.642 1.144 7.999 1.349 2.946 1.084 4.494 2.573 4.367 3.711 7.381 1.561 4.800 2.385 2.561 6.184 2.344 2.871 1.599 6.260 3.570 4.354 1.999 2.841 2.011 6.796 2.888 5.477 2.695 5.798 7.108 5.854 0.802 2.000 4.295 4.688 3.520 7.058 3.976 7.692 1.798 5.118 5.820 3.893 1.425 1.479 4.312 4.255 7.666 5.442 0.755 6.952 6.472 4.373 1.271 7.020 3.507 3.050 5.016 2.769 
6.758 3.067 2.954 5.058 5.589 4.074 5.848 6.805 6.093 2.761 5.702 2.960 4.640 5.276 4.656 2.987 7.328 3.039 6.957 6.997 8.050 7.260 0.872 2.153 7.751 5.346 5.477 0.367 6.324 5.130 7.785 4.827 5.081 3.181 1.574 4.808 1.154 2.270 6.411 1.323 2.867 1.779 9.763 3.746 5.027 2.567 7.263 4.431 1.756 4.960 6.710 2.177 7.324 2.425 4.888 8.566 4.395 0.804 4.346 4.639 2.359 1.819 3.393 0.087 4.666 8.298 5.040 3.673 4.949 5.056 6.222 8.408 3.535 4.115 2.868 3.111 1.199 8.009 2.389 9.645 1.761 7.836 8.056 6.700 4.233 1.826 6.874 2.205 9.150 8.225 3.173 6.290 6.750 4.591 1.573 7.873 5.285 5.300 7.711 3.258 
3.979 2.567 4.364 8.637 5.901 1.426 6.971 9.533 4.903 7.066 3.868 3.836 6.719 6.164 8.855 1.722 7.711 1.586 2.727 6.826 5.251 4.511 3.662 4.710 8.343 3.991 1.612 4.898 6.894 9.089 4.362 0.319 2.928 7.564 5.042 2.472 4.414 6.235 4.391 3.596 4.758 3.541 9.850 1.400 0.573 3.760 4.844 4.898 5.436 6.183 10.055 4.189 5.929 5.026 4.480 7.419 0.408 4.980 2.018 8.757 6.074 6.341 4.610 4.603 3.565 8.913 0.666 7.892 0.781 8.458 9.766 6.782 2.130 0.710 6.787 4.601 5.607 9.459 6.402 9.377 2.782 3.992 7.311 3.797 2.478 2.719 2.737 6.522 9.752 5.544 1.923 9.625 9.086 7.036 3.512 9.461 5.731 4.940 5.641 5.444 
3.495 1.820 4.515 7.956 5.112 0.639 6.176 8.772 4.185 6.539 3.188 4.017 5.949 5.369 8.276 1.178 6.931 1.117 2.822 6.065 4.820 4.042 3.289 4.693 7.560 3.257 1.408 4.520 6.104 8.458 4.091 0.904 2.239 7.054 4.454 1.774 3.864 5.658 3.765 3.413 4.865 2.934 9.099 0.627 0.987 3.042 4.312 4.104 5.280 5.391 9.336 3.512 5.261 4.343 3.695 6.750 0.402 4.499 1.265 8.160 5.465 5.922 3.842 4.216 2.792 8.132 0.944 7.329 0.801 7.760 9.070 6.164 1.347 0.124 6.186 4.763 5.144 8.664 5.827 8.647 2.486 3.883 6.599 3.338 1.701 2.337 2.765 6.009 8.975 5.093 1.218 8.908 8.308 6.282 2.946 8.666 4.938 4.161 5.066 4.707 
6.243 4.219 7.317 2.509 2.690 5.495 1.971 2.751 4.398 3.467 4.893 7.217 0.419 1.973 3.869 5.191 3.605 5.378 7.969 3.853 7.059 6.500 4.583 6.568 3.789 4.351 6.639 4.406 2.761 3.455 7.547 6.934 5.047 3.860 2.841 5.177 3.371 2.738 5.337 5.462 7.275 3.618 5.857 5.404 6.983 3.065 6.174 2.468 5.994 1.525 3.430 2.807 5.209 2.098 3.364 5.817 6.428 3.676 5.179 3.599 2.387 4.291 2.203 4.355 4.063 4.244 6.900 3.447 6.670 2.148 3.345 6.143 4.697 6.089 2.547 7.497 3.792 3.630 2.785 5.981 5.125 8.082 5.086 6.334 4.714 4.880 7.778 3.454 5.017 7.057 4.871 3.032 2.427 0.251 3.799 3.472 2.471 3.344 6.103 1.388 
1.814 5.254 9.044 10.513 5.690 4.328 6.985 10.320 3.802 10.075 3.169 8.536 7.753 6.368 11.453 5.480 6.636 5.518 2.352 5.552 1.488 1.616 7.513 9.212 7.256 3.711 3.170 8.639 6.383 11.328 0.532 4.480 3.330 10.618 7.964 3.509 7.600 9.065 2.759 7.856 9.402 6.641 7.797 4.682 4.225 6.172 2.093 5.592 9.697 6.697 11.408 6.765 3.722 7.376 4.691 4.740 4.556 8.371 3.955 11.253 8.744 9.852 6.212 8.339 4.134 7.669 4.101 10.654 3.983 10.185 11.396 3.794 4.764 4.639 9.428 9.290 9.010 8.936 9.230 7.063 6.877 0.924 5.149 1.752 4.103 6.646 2.204 9.641 8.267 1.763 5.162 11.043 9.571 8.271 6.785 9.081 5.769 4.760 2.715 7.226 
0.907 2.786 7.077 8.000 3.555 2.250 4.852 8.050 1.900 7.487 0.838 6.622 5.338 4.124 8.871 3.296 5.001 3.396 2.634 3.963 2.234 1.430 5.126 7.052 5.660 1.312 1.932 6.173 4.439 8.776 2.060 3.174 0.772 8.031 5.388 1.102 5.060 6.476 1.099 5.610 7.371 4.127 6.819 2.574 3.002 3.594 1.592 3.139 7.375 4.372 9.010 4.185 2.676 4.785 2.281 4.150 2.958 5.842 1.668 8.676 6.153 7.313 3.642 5.882 1.566 6.179 2.854 8.064 2.613 7.691 8.938 3.470 2.384 2.856 6.838 7.329 6.469 7.122 6.640 6.250 4.627 2.485 4.151 0.864 1.626 4.350 2.406 7.062 6.940 2.458 2.869 8.624 7.377 5.828 4.295 7.207 3.539 2.507 2.336 4.665 
2.475 5.080 9.682 8.290 3.115 5.041 4.181 7.491 1.782 8.713 2.442 9.277 5.414 3.842 9.622 5.918 3.339 6.060 5.066 2.333 2.009 2.141 7.332 9.480 3.899 2.599 4.810 8.127 3.404 9.259 3.226 6.085 3.374 9.224 6.911 3.835 6.843 7.718 1.831 8.002 9.915 6.108 4.322 5.317 5.910 5.316 1.608 3.738 9.574 4.281 8.791 5.797 0.605 6.047 3.026 1.322 5.852 7.605 4.397 9.368 7.334 8.941 4.744 7.878 3.281 4.247 5.762 9.028 5.524 7.903 8.938 0.575 4.898 5.718 7.879 9.931 8.135 5.653 7.854 3.618 7.074 4.122 1.665 2.695 4.132 6.762 4.837 8.429 4.791 1.787 5.426 8.491 6.659 5.958 6.334 5.838 3.343 2.713 0.787 5.529 
7.381 5.661 8.617 2.087 3.526 6.917 2.360 1.306 5.393 4.131 6.062 8.557 1.537 2.811 3.832 6.641 3.706 6.828 9.292 4.320 8.042 7.569 5.943 7.810 3.631 5.530 8.012 5.607 3.173 3.140 8.680 8.369 6.342 4.378 4.116 6.518 4.710 3.689 6.409 6.805 8.536 5.048 5.553 6.840 8.409 4.515 7.182 3.700 7.126 2.472 2.268 4.242 5.979 3.493 4.543 6.265 7.865 4.892 6.569 3.535 3.422 5.201 3.626 5.604 5.345 3.924 8.321 3.779 8.087 1.680 2.420 6.776 6.126 7.527 3.295 8.782 4.873 2.800 3.676 5.871 6.538 9.287 5.490 7.497 6.091 6.305 9.091 4.298 4.531 7.993 6.317 1.954 1.087 1.206 5.218 2.565 3.404 4.408 6.969 2.834 
5.309 4.541 8.499 4.150 1.356 5.553 0.092 3.296 3.238 5.319 4.069 8.299 1.468 0.811 5.694 5.639 1.730 5.836 7.484 2.072 5.830 5.425 5.714 7.885 1.998 3.578 6.379 5.865 0.925 5.177 6.580 7.034 4.562 5.733 4.290 4.847 4.642 4.508 4.292 6.594 8.540 4.514 4.063 5.582 7.012 3.717 4.997 2.068 7.489 0.867 4.533 3.758 3.706 3.366 2.671 4.043 6.568 5.153 5.058 5.413 4.127 6.027 2.642 5.743 3.598 2.521 6.899 5.325 6.642 3.745 4.690 4.502 4.855 6.261 4.399 8.708 5.418 2.508 4.582 4.119 6.018 7.265 3.283 5.453 4.563 5.721 7.266 5.249 3.365 5.758 5.203 4.233 2.532 1.930 4.746 2.495 1.353 2.381 4.714 2.538 
6.692 3.016 3.222 4.805 5.383 4.089 5.608 6.537 5.950 2.565 5.602 3.222 4.382 5.050 4.453 3.033 7.102 3.102 6.993 6.795 7.970 7.185 0.982 2.417 7.516 5.228 5.503 0.396 6.099 4.902 7.748 4.915 5.015 3.007 1.311 4.763 0.939 2.021 6.307 1.557 3.134 1.675 9.536 3.770 5.107 2.416 7.170 4.239 1.965 4.725 6.453 1.987 7.175 2.179 4.730 8.394 4.469 0.542 4.322 4.425 2.096 1.716 3.192 0.204 4.554 8.060 5.112 3.468 5.009 4.796 5.971 8.260 3.509 4.178 2.622 3.379 1.012 7.751 2.145 9.430 1.887 7.830 7.870 6.643 4.179 1.909 6.902 2.006 8.909 8.136 3.178 6.032 6.483 4.326 1.493 7.613 5.078 5.130 7.592 3.011 
6.339 7.027 11.314 6.438 3.356 7.742 2.853 4.619 4.431 8.132 5.524 11.069 4.297 3.437 8.172 8.124 1.466 8.314 8.903 2.372 6.222 6.193 8.549 10.757 0.936 5.228 8.173 8.781 2.425 7.489 7.365 9.143 6.339 8.496 7.212 6.748 7.536 7.390 5.353 9.414 11.388 7.299 1.206 7.869 9.055 6.452 5.654 4.548 10.405 3.726 6.127 6.597 3.979 6.280 4.695 3.167 8.747 8.074 7.138 7.877 7.019 8.928 5.407 8.648 5.590 0.433 8.921 7.998 8.657 6.032 6.546 4.072 7.194 8.489 7.215 11.533 8.339 1.963 7.449 1.615 8.745 8.223 2.563 6.543 6.680 8.432 8.668 8.119 0.611 6.008 7.637 6.000 3.783 4.637 7.541 2.243 3.606 4.220 4.974 5.457 
5.100 1.495 3.179 6.127 4.895 2.236 5.555 7.400 4.844 4.338 4.217 2.865 4.773 4.825 6.157 1.126 6.774 1.187 5.097 6.193 6.432 5.628 1.006 2.911 7.308 3.974 3.621 2.225 5.799 6.458 6.028 3.012 3.452 4.831 2.397 3.108 1.731 3.552 4.925 1.436 3.361 1.086 9.170 1.897 3.196 1.800 5.713 3.683 3.184 4.651 7.663 1.897 6.083 2.659 3.810 7.462 2.556 2.245 2.589 6.078 3.442 3.631 2.875 1.921 3.293 7.886 3.198 5.184 3.095 6.010 7.289 7.136 1.815 2.262 4.128 3.420 2.874 7.973 3.713 8.905 0.531 6.014 7.079 5.013 2.585 0.210 5.018 3.790 8.759 6.641 1.368 7.229 7.127 4.935 0.929 7.900 4.625 4.289 6.275 3.323 
8.633 6.533 8.836 1.137 4.858 7.853 3.732 1.222 6.699 3.772 7.293 8.859 2.687 4.131 2.879 7.413 5.053 7.588 10.397 5.695 9.360 8.855 6.349 7.943 4.922 6.753 9.049 5.752 4.547 2.049 9.937 9.254 7.479 3.851 4.463 7.603 5.127 3.681 7.690 7.152 8.686 5.681 6.740 7.728 9.324 5.318 8.490 4.881 7.112 3.753 1.000 4.925 7.339 4.100 5.762 7.636 8.742 5.097 7.582 2.595 3.542 5.003 4.594 5.822 6.493 5.148 9.251 3.150 9.031 0.902 1.046 8.149 7.045 8.399 3.139 8.969 4.900 3.802 3.606 7.131 7.068 10.500 6.861 8.735 7.127 6.881 10.208 4.104 5.656 9.325 7.157 0.608 1.833 2.193 5.807 3.527 4.710 5.682 8.315 3.648 
8.291 5.864 7.898 0.459 4.728 7.209 3.781 2.104 6.471 2.819 6.937 7.938 2.434 3.997 2.176 6.674 5.281 6.840 9.870 5.760 9.132 8.565 5.468 6.995 5.267 6.395 8.471 4.814 4.616 1.503 9.592 8.563 7.009 2.931 3.590 7.082 4.264 2.735 7.404 6.248 7.738 4.896 7.211 7.054 8.653 4.631 8.246 4.514 6.153 3.568 1.751 4.182 7.251 3.345 5.416 7.733 8.052 4.175 6.998 1.880 2.624 4.042 4.041 4.896 6.051 5.580 8.590 2.254 8.383 0.089 1.399 8.145 6.400 7.708 2.182 8.027 3.949 4.415 2.653 7.513 6.223 10.090 6.973 8.372 6.568 6.056 9.692 3.142 6.187 9.130 6.459 1.322 2.510 1.889 5.000 4.161 4.529 5.417 8.168 3.034 
2.854 0.844 5.295 6.705 3.475 1.013 4.542 7.265 2.765 5.747 1.974 4.885 4.430 3.734 7.298 1.533 5.313 1.689 3.532 4.493 4.170 3.370 3.180 5.165 5.934 1.832 2.101 4.239 4.467 7.339 3.895 2.494 1.185 6.288 3.605 0.909 3.189 4.767 2.670 3.702 5.546 2.223 7.539 1.099 2.485 1.866 3.441 2.474 5.434 3.779 7.957 2.448 3.956 3.188 2.075 5.407 2.032 3.954 0.628 7.139 4.490 5.436 2.367 3.944 1.233 6.509 2.381 6.418 2.135 6.458 7.760 4.964 0.507 1.738 5.207 5.546 4.596 7.026 4.937 7.137 2.732 4.062 5.148 2.790 0.322 2.438 3.375 5.278 7.359 4.372 1.034 7.540 6.748 4.815 2.370 7.033 3.297 2.555 4.028 3.338 
1.284 2.460 6.885 7.544 3.162 2.135 4.448 7.615 1.637 7.060 0.544 6.448 4.889 3.704 8.424 3.090 4.692 3.211 3.009 3.684 2.545 1.756 4.811 6.802 5.350 0.906 2.122 5.818 4.075 8.322 2.501 3.243 0.482 7.603 4.974 0.929 4.673 6.046 1.090 5.343 7.158 3.758 6.612 2.426 3.102 3.183 1.799 2.689 7.071 3.937 8.560 3.769 2.586 4.348 1.845 4.076 2.961 5.458 1.501 8.227 5.718 6.921 3.190 5.532 1.112 5.884 2.957 7.623 2.702 7.235 8.484 3.482 2.119 2.810 6.398 7.136 6.077 6.760 6.209 6.082 4.369 2.939 3.994 1.286 1.334 4.079 2.788 6.644 6.667 2.732 2.629 8.172 6.953 5.376 3.938 6.834 3.128 2.106 2.435 4.211 
5.737 2.809 5.506 3.356 3.250 4.163 3.244 4.455 4.351 2.676 4.424 5.395 2.000 2.775 3.948 3.606 4.802 3.777 6.929 4.657 6.816 6.122 2.761 4.791 5.166 3.919 5.480 2.697 3.813 3.942 6.985 5.491 4.229 3.203 1.116 4.201 1.557 1.668 5.037 3.640 5.483 1.874 7.214 3.989 5.587 1.574 5.935 2.315 4.319 2.397 4.773 1.112 5.454 0.290 3.095 6.449 4.980 1.980 4.021 3.766 1.291 2.987 1.353 2.597 3.389 5.695 5.527 3.143 5.328 3.163 4.471 6.512 3.360 4.636 1.922 5.692 2.282 5.365 1.810 7.177 3.334 7.340 5.826 5.767 3.637 3.111 6.770 2.379 6.533 6.899 3.387 4.340 4.237 2.032 2.024 5.237 2.945 3.340 6.120 0.645 
8.461 4.940 1.078 7.291 8.060 5.420 8.418 9.259 8.269 4.654 7.659 1.554 7.225 7.813 6.421 4.294 9.857 4.222 7.889 9.440 9.807 9.003 2.755 0.533 10.307 7.416 6.590 2.591 8.853 7.103 9.252 5.484 6.859 4.855 4.151 6.477 3.716 4.586 8.363 2.011 0.647 4.044 12.293 5.068 5.740 4.913 9.130 6.863 1.194 7.521 8.965 4.658 9.512 5.009 7.169 10.859 5.239 3.317 5.919 6.503 4.789 3.376 5.874 2.640 6.732 10.862 5.818 5.533 5.846 7.372 8.403 10.574 5.214 5.096 5.121 1.005 3.364 10.595 4.653 12.128 2.965 9.067 10.424 8.351 5.999 3.264 7.881 4.202 11.719 10.036 4.712 8.568 9.280 7.155 3.798 10.455 7.763 7.625 9.717 5.841 
