25 50 100
106.930 103.126 115.972 111.448 50.628 51.830 49.805 111.141 109.590 28.807 106.300 63.941 118.038 24.443 24.054 35.924 95.734 53.244 100.989 77.535 117.055 44.127 38.957 80.018 72.363 
272.753 96.245 76.098 54.611 265.867 260.433 253.297 166.603 338.721 255.130 290.165 265.325 111.942 152.516 28.300 137.555 214.427 49.751 213.664 28.980 257.655 104.266 171.686 257.898 146.728 141.426 310.894 294.348 222.845 239.306 61.237 360.270 54.291 311.655 212.236 333.012 153.632 314.774 278.699 103.378 246.472 37.480 143.439 100.187 292.920 150.566 199.343 99.279 155.156 78.862 
23.602 19.695 21.170 7.497 7.923 10.844 7.256 22.300 14.945 22.045 7.627 23.744 13.641 26.354 11.321 28.753 6.660 31.129 28.446 11.483 25.730 13.679 15.026 15.890 17.838 24.789 20.113 34.805 28.456 24.200 6.193 29.559 32.528 27.990 20.211 18.210 22.000 13.689 22.166 13.239 26.901 11.404 8.376 21.013 28.552 33.461 20.354 28.023 22.463 14.117 28.482 5.532 12.807 9.348 9.038 29.251 22.996 19.298 17.139 5.217 26.757 23.617 15.183 20.978 11.718 6.308 18.961 13.928 29.781 31.116 32.559 16.874 9.416 22.703 15.000 33.139 13.465 8.468 8.431 10.986 27.186 20.635 16.167 16.154 34.139 10.642 13.621 20.910 13.430 29.522 8.760 9.135 5.570 22.775 24.056 19.289 10.638 10.028 19.762 24.944 
1211.325 756.468 601.425 577.790 1135.394 1122.304 1142.513 953.515 1331.702 1151.734 1211.265 1137.069 777.178 906.675 400.312 860.631 1035.879 561.834 1056.205 464.587 1203.825 752.750 987.981 1172.445 906.704 897.011 1252.277 1308.366 1063.296 1099.907 519.647 1366.523 573.515 1271.769 990.639 1259.387 923.986 1372.616 1230.822 734.084 1077.127 500.004 902.318 741.411 1188.043 860.721 1099.219 711.689 886.192 610.942 
5.793 10.445 7.415 8.455 4.714 7.085 6.735 3.370 5.554 8.164 5.685 8.689 5.634 7.785 1.512 10.076 9.395 3.035 2.269 8.458 8.645 7.140 6.089 6.018 11.597 7.782 9.721 4.905 8.969 8.790 6.790 7.420 5.439 9.915 8.791 5.233 0.896 9.404 8.574 10.752 10.335 9.600 9.631 2.706 3.260 8.601 9.532 1.790 10.251 2.970 
9.173 8.274 4.675 2.094 9.180 5.270 3.654 5.096 4.715 2.502 2.914 7.637 9.521 1.782 6.239 5.933 7.686 4.769 5.931 4.039 7.045 7.626 8.727 9.605 7.918 0.472 6.081 9.494 6.798 4.544 1.198 0.686 3.109 7.655 10.782 2.697 6.848 11.234 9.168 7.078 9.081 5.919 5.482 5.455 5.581 4.008 6.475 8.100 6.589 8.164 
1.769 4.772 4.814 7.981 3.040 4.040 5.453 5.221 4.292 7.342 6.151 3.069 2.288 7.648 6.425 6.346 3.884 6.235 5.598 6.238 3.583 1.583 1.121 1.933 6.699 9.411 5.753 3.115 4.183 6.106 7.803 8.333 6.022 4.580 1.907 6.746 6.606 2.472 1.657 6.219 4.013 5.752 6.197 5.588 4.819 6.407 5.154 5.548 5.974 4.332 
8.818 8.410 4.684 2.527 8.745 5.206 3.588 4.579 4.456 2.808 2.601 7.629 9.138 2.064 5.617 6.223 7.751 4.174 5.357 4.258 7.070 7.458 8.414 9.246 8.214 0.803 6.310 9.059 6.878 4.773 1.019 0.922 2.757 7.780 10.584 2.210 6.220 11.060 9.051 7.349 9.144 6.146 5.752 4.891 5.079 4.254 6.647 7.523 6.842 7.649 
4.952 3.394 0.837 4.070 5.641 0.284 1.827 4.089 1.870 3.420 3.143 2.220 5.471 3.859 5.996 2.908 2.493 4.892 5.107 2.233 1.728 2.444 4.251 5.345 4.252 5.920 2.443 5.899 1.765 2.160 4.397 4.769 3.170 2.776 5.561 3.999 6.499 5.931 3.769 3.415 3.831 2.351 2.565 4.753 4.090 2.404 2.186 6.500 2.932 5.721 
8.424 3.066 3.535 4.380 9.297 3.982 4.337 7.590 5.404 4.010 5.737 4.058 8.976 4.754 9.511 0.878 3.377 8.191 8.680 2.747 3.477 5.568 7.663 8.766 1.585 6.896 1.366 9.529 2.876 2.279 5.971 5.908 5.909 2.784 8.000 6.562 10.070 8.127 6.015 1.093 4.285 1.430 1.324 8.263 7.706 2.678 1.905 10.251 1.098 9.496 
5.168 7.748 4.297 5.235 4.750 4.132 3.490 0.535 2.543 4.901 2.421 6.194 5.341 4.578 1.775 6.928 6.754 0.515 1.168 5.207 5.964 5.059 5.020 5.559 8.596 5.036 6.636 5.057 6.155 5.569 3.742 4.405 2.169 7.156 7.648 2.126 2.385 8.225 6.728 7.715 7.917 6.501 6.462 0.675 1.016 5.344 6.549 3.324 7.191 3.443 
5.543 1.832 2.047 4.910 6.482 1.856 3.202 5.622 3.429 4.289 4.633 1.300 6.099 4.889 7.504 2.192 1.067 6.455 6.601 2.768 0.625 2.670 4.776 5.874 2.884 7.091 1.595 6.695 0.197 2.400 5.680 5.941 4.690 1.205 5.265 5.508 7.980 5.488 3.284 2.179 2.462 1.612 2.117 6.275 5.575 2.883 0.998 7.808 1.837 6.900 
0.567 5.976 5.490 8.504 1.865 4.716 5.920 4.924 4.554 7.887 6.342 4.214 1.049 8.091 5.793 7.336 5.047 5.890 5.058 6.964 4.658 2.528 0.528 0.703 7.856 9.646 6.756 1.899 5.244 6.907 8.050 8.633 6.172 5.741 2.494 6.803 5.871 3.106 2.887 7.321 5.251 6.736 7.133 5.154 4.454 7.139 6.196 4.601 7.033 3.367 
7.584 1.616 3.632 5.438 8.593 3.793 4.682 7.602 5.368 4.952 6.166 2.984 8.144 5.679 9.517 1.556 2.183 8.348 8.633 3.450 2.562 4.701 6.810 7.882 0.733 7.908 1.408 8.791 2.035 2.933 6.770 6.834 6.288 1.500 6.752 7.039 10.025 6.815 4.808 0.430 2.841 1.572 1.974 8.270 7.617 3.455 1.345 9.947 0.865 9.054 
5.963 8.118 4.476 4.877 5.554 4.447 3.518 1.318 2.905 4.631 2.203 6.668 6.145 4.204 2.109 7.022 7.162 0.607 1.801 5.177 6.371 5.679 5.790 6.358 8.792 4.368 6.793 5.859 6.496 5.590 3.211 3.856 1.985 7.506 8.382 1.642 2.734 8.949 7.365 7.895 8.390 6.648 6.539 1.368 1.819 5.295 6.783 3.958 7.360 4.204 
2.030 4.521 3.805 6.914 3.044 3.027 4.361 4.225 3.168 6.281 5.027 2.676 2.586 6.556 5.603 5.619 3.514 5.245 4.730 5.265 3.015 0.880 1.268 2.375 6.270 8.289 5.045 3.223 3.579 5.187 6.681 7.216 4.900 4.190 3.000 5.631 5.862 3.534 2.092 5.671 4.034 5.019 5.405 4.655 3.866 5.438 4.507 5.045 5.350 3.904 
4.532 9.728 7.093 8.658 3.378 6.635 6.611 3.320 5.235 8.275 5.825 7.908 4.317 8.012 2.041 9.724 8.670 3.415 2.285 8.305 7.963 6.240 4.919 4.717 11.072 8.383 9.306 3.546 8.358 8.568 7.186 7.845 5.569 9.246 7.556 5.573 1.566 8.166 7.537 10.272 9.478 9.202 9.314 2.781 3.007 8.464 9.028 0.468 9.801 1.700 
3.679 6.245 3.304 5.334 3.615 2.868 2.952 1.267 1.467 4.829 2.692 4.567 3.971 4.772 2.973 5.936 5.209 2.280 2.057 4.575 4.439 3.298 3.386 4.101 7.363 5.928 5.533 3.928 4.733 4.799 4.389 5.026 2.473 5.693 5.919 2.981 3.419 6.484 4.957 6.532 6.273 5.423 5.524 1.809 1.038 4.741 5.301 3.458 6.043 2.924 
7.857 8.549 4.697 3.564 7.615 5.019 3.542 3.348 3.870 3.603 2.134 7.466 8.113 2.939 4.149 6.757 7.749 2.770 3.976 4.745 7.000 6.945 7.555 8.274 8.710 2.268 6.713 7.927 6.935 5.249 1.646 2.107 2.150 7.911 9.943 1.334 4.740 10.465 8.614 7.812 9.105 6.551 6.263 3.541 3.866 4.797 6.915 6.120 7.278 6.364 
1.612 5.780 4.208 6.982 2.033 3.488 4.406 3.214 2.936 6.394 4.648 3.924 2.010 6.514 4.328 6.453 4.739 4.206 3.502 5.681 4.128 2.165 1.276 2.044 7.384 7.947 5.922 2.296 4.630 5.727 6.365 6.967 4.464 5.379 3.939 5.068 4.531 4.533 3.453 6.698 5.396 5.864 6.156 3.516 2.770 5.859 5.474 3.655 6.311 2.532 
6.063 1.694 2.199 4.781 7.000 2.179 3.341 5.990 3.769 4.185 4.811 1.717 6.619 4.831 7.891 1.722 1.242 6.785 6.997 2.622 1.091 3.188 5.295 6.392 2.407 7.064 1.126 7.214 0.490 2.190 5.720 5.925 4.893 1.063 5.700 5.693 8.384 5.892 3.710 1.665 2.562 1.173 1.720 6.652 5.975 2.711 0.487 8.273 1.319 7.389 
5.663 10.282 7.255 8.321 4.600 6.923 6.581 3.214 5.394 8.024 5.544 8.527 5.514 7.652 1.372 9.917 9.233 2.901 2.110 8.304 8.483 6.982 5.948 5.895 11.435 7.682 9.560 4.797 8.806 8.634 6.668 7.302 5.296 9.752 8.656 5.104 0.749 9.269 8.422 10.590 10.175 9.440 9.472 2.552 3.098 8.449 9.370 1.690 10.090 2.849 
6.265 0.821 3.063 5.600 7.308 2.958 4.212 6.725 4.535 5.021 5.674 1.645 6.825 5.684 8.601 2.155 0.846 7.561 7.695 3.450 1.300 3.393 5.491 6.554 2.002 7.923 1.641 7.495 0.922 2.988 6.596 6.790 5.748 0.238 5.459 6.555 9.068 5.563 3.491 1.561 1.838 1.757 2.328 7.376 6.669 3.523 1.033 8.833 1.503 7.876 
4.797 9.469 6.583 7.929 3.778 6.195 6.001 2.642 4.712 7.577 5.105 7.693 4.674 7.273 1.189 9.238 8.415 2.602 1.547 7.716 7.676 6.117 5.064 5.044 10.688 7.555 8.854 3.995 8.024 8.013 6.397 7.051 4.850 8.952 7.779 4.790 0.760 8.391 7.539 9.860 9.324 8.741 8.809 2.040 2.418 7.868 8.628 0.998 9.370 2.017 
1.564 7.642 6.112 8.650 0.381 5.425 6.143 3.952 4.608 8.106 6.052 5.791 1.295 8.115 4.162 8.428 6.625 4.725 3.639 7.562 6.064 3.993 2.131 1.698 9.331 9.236 7.900 0.652 6.587 7.649 7.734 8.380 5.827 7.288 4.575 6.245 4.079 5.179 4.884 8.666 7.111 7.840 8.123 3.909 3.433 7.739 7.447 2.574 8.286 1.384 
4.775 1.775 2.821 5.907 5.838 2.347 3.919 5.748 3.722 5.270 5.231 0.194 5.334 5.817 7.534 3.246 0.727 6.672 6.616 3.804 0.497 1.915 4.001 5.061 3.494 7.964 2.650 6.016 1.042 3.477 6.478 6.809 5.239 1.395 4.176 6.072 7.947 4.383 2.187 2.987 1.774 2.690 3.216 6.359 5.601 3.934 1.999 7.532 2.775 6.511 
4.224 5.537 2.332 4.460 4.398 1.978 1.987 1.847 0.476 3.919 2.051 3.998 4.603 3.943 3.748 4.983 4.540 2.717 2.864 3.584 3.750 3.079 3.773 4.657 6.492 5.354 4.606 4.704 3.957 3.811 3.760 4.355 1.890 4.951 6.035 2.595 4.259 6.555 4.770 5.637 5.722 4.488 4.558 2.506 1.858 3.752 4.427 4.444 5.134 3.895 
7.919 8.367 4.521 3.252 7.728 4.884 3.366 3.483 3.814 3.309 2.016 7.338 8.194 2.634 4.397 6.508 7.590 2.979 4.177 4.494 6.852 6.890 7.589 8.340 8.471 2.008 6.483 8.041 6.763 5.002 1.336 1.788 2.068 7.729 9.926 1.298 4.997 10.437 8.547 7.575 8.956 6.320 6.016 3.726 3.997 4.538 6.707 6.334 7.044 6.529 
8.380 8.709 4.879 3.312 8.178 5.279 3.728 3.923 4.257 3.456 2.436 7.733 8.652 2.742 4.742 6.752 7.959 3.370 4.576 4.742 7.231 7.331 8.049 8.800 8.729 1.699 6.761 8.491 7.119 5.256 1.456 1.748 2.506 8.071 10.378 1.756 5.329 10.886 8.981 7.841 9.333 6.597 6.264 4.138 4.439 4.772 7.018 6.721 7.316 6.955 
3.866 2.536 1.604 2.593 8.172 2.389 3.967 6.258 3.720 5.780 4.311 6.639 8.700 2.645 2.779 1.516 4.289 3.786 4.557 2.469 9.055 7.817 6.849 3.559 9.187 0.734 2.173 5.842 2.040 4.567 7.485 5.254 2.314 4.979 1.492 4.582 4.565 5.384 4.650 8.068 4.825 7.704 3.076 8.499 3.266 4.638 2.717 6.472 1.162 5.166 6.115 6.396 3.889 1.598 2.466 5.811 5.254 3.832 9.456 8.693 0.685 8.169 6.186 8.868 1.828 7.577 5.831 5.879 2.830 2.670 6.290 7.427 4.044 1.430 7.186 7.790 8.828 3.337 7.390 8.274 2.869 7.813 0.817 2.403 7.168 1.521 2.660 8.685 1.629 6.395 5.365 2.328 5.854 5.886 8.181 3.331 7.895 4.803 5.764 1.589 
8.466 7.016 5.028 4.956 1.787 4.705 6.542 1.506 5.125 3.590 3.660 0.978 2.779 3.925 3.816 5.397 2.146 6.007 9.647 4.237 8.441 4.298 9.063 9.195 8.072 6.333 6.320 10.603 6.065 7.984 5.237 10.339 4.422 1.856 6.872 5.678 2.175 3.904 2.312 6.149 1.688 8.055 5.627 6.168 3.380 3.507 4.027 2.405 5.360 10.395 4.331 7.065 2.924 4.964 4.637 8.282 2.136 2.764 7.898 6.066 5.791 8.048 9.342 7.705 7.952 6.902 9.033 10.006 3.672 4.267 2.216 4.659 2.547 5.970 2.620 4.845 6.253 7.205 6.608 8.329 4.750 8.302 7.187 7.539 2.636 6.289 8.215 2.260 5.586 1.312 1.069 5.874 8.014 8.342 6.606 4.161 6.582 6.715 8.814 5.725 
5.741 4.721 4.086 5.857 4.632 3.257 3.456 5.062 6.720 0.311 5.771 4.776 4.232 4.470 3.227 4.139 3.443 3.016 6.962 3.321 4.767 2.201 5.346 6.946 4.534 5.997 4.245 7.609 6.539 4.811 2.000 7.551 3.422 4.377 6.818 2.274 2.425 0.273 2.117 2.810 3.807 4.209 6.771 3.089 4.410 5.846 3.105 1.780 5.106 7.687 0.610 3.236 4.538 4.951 3.182 4.707 4.968 4.146 4.530 3.191 4.996 4.250 5.847 4.158 6.379 3.145 5.591 6.790 4.204 3.030 1.822 1.795 4.089 4.441 2.283 2.155 3.354 4.492 2.853 4.518 2.813 4.454 6.090 5.399 2.251 6.421 6.126 5.479 5.840 2.680 3.446 6.546 4.386 4.755 3.137 2.318 2.996 3.266 5.350 5.957 
7.410 6.971 7.107 9.078 6.392 6.243 5.264 7.843 9.952 3.292 8.958 7.387 5.301 7.696 6.413 7.051 6.602 5.095 8.491 6.441 2.397 2.227 5.254 8.895 1.818 9.016 6.741 8.676 9.699 6.101 1.257 8.889 6.511 7.425 9.864 4.155 5.577 3.422 5.275 0.492 6.871 3.037 9.994 0.279 7.640 9.005 6.250 4.011 8.202 9.101 2.633 3.233 7.737 8.102 6.179 5.234 7.990 7.349 1.502 0.602 7.963 2.577 6.307 1.516 8.864 1.738 6.220 7.633 7.434 6.116 4.220 1.755 7.272 7.198 3.889 1.585 0.537 6.425 1.657 2.870 5.705 3.264 8.840 7.647 3.864 9.526 8.306 7.237 8.991 5.098 6.369 9.732 4.858 5.235 0.691 5.368 1.019 4.579 5.983 9.099 
2.979 2.080 2.544 3.870 9.254 3.111 3.810 7.496 4.959 6.412 5.609 7.840 9.661 3.898 3.778 2.245 5.437 3.807 3.431 3.394 9.010 8.428 6.330 2.335 9.236 1.882 2.118 4.734 3.168 3.986 7.899 4.093 3.215 6.208 2.314 4.720 5.566 5.955 5.600 8.364 6.007 7.553 4.264 8.840 4.518 5.936 3.634 7.308 2.446 3.974 6.612 6.312 5.149 2.879 3.192 5.334 6.516 5.059 9.579 9.075 1.804 8.083 5.480 8.950 0.550 7.664 5.146 4.933 4.055 3.493 7.151 7.942 5.264 1.800 8.019 8.302 9.192 2.872 7.518 8.141 3.431 7.622 0.506 1.618 7.997 2.605 1.559 9.818 2.885 7.378 6.494 3.488 5.458 5.404 8.399 4.010 8.085 4.653 5.129 2.823 
5.291 4.138 3.315 5.106 4.739 2.498 3.086 4.715 6.004 0.898 5.132 4.528 4.570 3.725 2.455 3.387 2.865 2.589 6.517 2.543 5.322 2.934 5.386 6.393 5.157 5.223 3.602 7.268 5.764 4.509 2.759 7.142 2.645 3.879 6.041 2.042 1.897 0.551 1.603 3.530 3.311 4.577 6.023 3.843 3.709 5.235 2.327 2.041 4.327 7.256 1.342 3.450 3.895 4.175 2.421 4.627 4.475 3.502 5.207 3.960 4.230 4.712 5.720 4.786 5.702 3.675 5.432 6.529 3.468 2.254 1.988 2.573 3.470 3.722 2.681 2.931 4.120 4.013 3.395 4.956 2.088 4.805 5.357 4.798 2.652 5.643 5.528 5.546 5.064 2.681 3.074 5.777 4.345 4.684 3.814 1.555 3.635 3.086 5.202 5.180 
5.279 4.547 4.528 6.613 5.696 3.663 2.984 6.209 7.573 1.422 6.751 5.932 5.132 5.261 3.922 4.464 4.481 2.680 6.463 3.900 3.701 2.494 4.313 6.641 3.554 6.432 4.225 6.942 7.156 4.158 1.587 6.983 3.954 5.470 7.282 1.757 3.492 1.164 3.188 2.103 4.899 3.054 7.531 2.533 5.302 6.856 3.726 2.836 5.636 7.151 0.767 2.125 5.515 5.562 3.601 3.792 6.065 5.122 3.653 2.753 5.377 3.117 4.953 3.186 6.377 2.054 4.737 6.032 5.022 3.563 2.921 1.792 5.092 4.626 3.205 2.115 2.874 4.129 1.773 3.376 3.119 3.298 6.278 5.235 3.172 6.958 5.934 6.556 6.446 3.812 4.583 7.211 3.442 3.830 2.283 2.814 2.058 2.538 4.490 6.549 
2.076 2.205 3.993 6.537 8.554 3.445 0.906 8.127 7.722 4.369 7.539 8.109 8.294 5.580 4.374 3.618 5.911 1.420 3.157 4.030 4.868 5.868 2.244 3.608 5.211 5.343 2.484 3.573 6.520 0.787 4.801 3.623 3.929 7.007 6.137 1.798 5.278 3.855 5.079 4.889 6.518 3.341 7.333 5.429 5.971 7.773 4.058 5.797 5.020 3.807 4.046 2.248 6.473 5.215 3.455 1.202 7.556 6.149 5.655 5.750 4.373 3.921 2.007 4.985 4.058 3.790 1.674 2.728 5.490 3.741 5.781 5.147 6.243 3.302 6.347 5.443 5.806 1.405 3.744 3.932 3.009 3.378 4.493 2.716 6.315 6.093 3.210 9.354 5.894 6.491 6.564 6.725 1.209 1.279 4.737 3.393 4.388 0.836 1.476 5.932 
3.885 3.016 3.217 5.553 6.326 2.377 1.587 6.136 6.625 2.164 6.061 6.028 6.075 4.303 2.933 3.067 4.053 1.181 5.101 2.769 4.652 3.891 3.878 5.160 4.694 5.059 2.690 5.745 5.924 2.955 3.126 5.681 2.767 5.143 5.916 0.454 3.245 1.639 3.000 3.572 4.603 3.535 6.452 4.042 4.504 6.232 2.664 3.566 4.361 5.820 1.995 2.238 4.869 4.367 2.333 3.056 5.727 4.495 4.927 4.282 3.989 3.853 4.133 4.359 4.838 3.081 3.842 4.959 4.117 2.415 3.547 3.271 4.531 3.145 4.137 3.615 4.395 2.663 2.871 4.029 1.798 3.719 4.778 3.705 4.106 5.655 4.412 7.135 5.219 4.271 4.514 6.026 2.797 3.117 3.650 1.746 3.360 1.498 3.613 5.305 
6.995 6.459 6.486 8.431 5.931 5.624 4.789 7.249 9.302 2.644 8.313 6.814 4.927 7.047 5.770 6.445 5.958 4.578 8.112 5.807 2.744 1.796 5.122 8.448 2.264 8.400 6.190 8.383 9.061 5.729 0.619 8.549 5.880 6.795 9.245 3.634 4.933 2.774 4.630 0.328 6.239 3.053 9.347 0.545 6.990 8.363 5.612 3.431 7.573 8.748 1.984 2.973 7.090 7.465 5.558 4.976 7.365 6.702 2.066 0.802 7.352 2.705 6.092 1.914 8.330 1.661 5.970 7.368 6.785 5.484 3.630 1.188 6.627 6.614 3.377 1.114 0.895 5.954 1.478 3.012 5.095 3.301 8.265 7.141 3.349 8.897 7.817 6.789 8.355 4.525 5.751 9.091 4.598 4.987 0.834 4.738 0.988 4.158 5.727 8.464 
4.582 4.300 5.051 7.415 7.181 4.228 2.538 7.592 8.478 2.898 7.845 7.361 6.567 6.151 4.778 4.856 5.702 2.511 5.658 4.630 2.812 3.703 2.879 6.088 2.939 6.838 4.214 5.903 7.765 3.268 2.442 6.072 4.629 6.749 7.692 1.686 4.774 2.557 4.486 2.385 6.186 1.717 8.314 2.929 6.315 7.992 4.518 4.323 6.197 6.277 2.244 0.643 6.628 6.222 4.188 2.529 7.345 6.243 3.277 3.261 5.768 1.991 3.675 2.643 6.231 1.360 3.519 4.901 5.953 4.277 4.407 2.926 6.251 4.833 4.667 3.154 3.305 3.666 1.252 2.175 3.648 1.931 6.380 4.946 4.633 7.472 5.562 8.042 7.065 5.289 5.952 7.879 2.153 2.549 2.229 3.589 1.883 1.773 3.273 7.146 
6.674 5.189 3.179 3.571 3.541 2.859 4.892 2.367 4.107 2.815 2.912 2.378 4.148 2.307 1.959 3.541 0.575 4.357 7.835 2.380 7.724 4.346 7.654 7.345 7.493 4.614 4.484 8.838 4.568 6.310 4.818 8.536 2.564 1.426 5.240 4.211 0.558 2.884 0.857 5.702 0.857 7.031 4.392 5.884 1.907 2.934 2.172 2.424 3.620 8.580 3.560 5.875 1.747 3.259 2.794 6.780 2.022 1.402 7.457 5.893 3.975 7.157 7.769 7.117 6.101 6.089 7.441 8.307 2.020 2.422 2.182 4.390 1.260 4.112 3.035 4.683 6.075 5.436 5.802 7.407 2.958 7.258 5.365 5.692 3.031 4.689 6.362 4.111 3.992 1.876 0.839 4.443 6.556 6.847 6.074 2.415 5.954 5.202 7.237 4.131 
3.811 2.651 2.146 2.962 8.730 2.897 4.229 6.781 4.023 6.290 4.747 7.178 9.259 3.170 3.336 2.006 4.843 4.109 4.362 3.016 9.385 8.327 6.989 3.282 9.549 0.946 2.430 5.663 2.220 4.666 7.949 5.034 2.857 5.509 1.413 4.953 5.124 5.879 5.206 8.502 5.371 7.993 3.317 8.946 3.788 5.079 3.264 7.018 1.675 4.920 6.595 6.704 4.404 2.108 2.976 5.964 5.763 4.365 9.842 9.151 1.239 8.483 6.237 9.240 1.497 7.947 5.891 5.803 3.368 3.202 6.839 7.916 4.579 1.799 7.733 8.278 9.282 3.469 7.772 8.571 3.344 8.088 0.454 2.370 7.714 1.658 2.470 9.237 1.967 6.954 5.919 2.541 6.041 6.037 8.593 3.840 8.298 5.077 5.846 1.894 
6.779 6.408 6.710 8.795 6.664 5.846 4.677 7.887 9.722 3.157 8.808 7.479 5.671 7.429 6.108 6.619 6.473 4.546 7.843 6.095 2.005 2.540 4.584 8.279 1.569 8.602 6.220 8.007 9.351 5.454 1.275 8.229 6.149 7.362 9.455 3.618 5.450 3.183 5.142 0.425 6.798 2.399 9.713 0.863 7.426 8.880 5.920 4.102 7.827 8.444 2.427 2.565 7.575 7.757 5.786 4.561 7.942 7.183 1.493 1.227 7.538 1.993 5.632 1.203 8.319 1.065 5.546 6.960 7.180 5.758 4.288 1.902 7.125 6.723 4.097 1.857 1.202 5.830 0.987 2.296 5.290 2.636 8.348 7.076 4.068 9.147 7.720 7.524 8.642 5.197 6.351 9.406 4.187 4.562 0.103 5.010 0.344 3.960 5.311 8.744 
1.564 2.899 5.248 7.678 10.459 4.931 2.676 9.861 8.879 6.295 8.955 9.902 10.220 6.964 5.930 4.806 7.604 3.209 1.860 5.532 5.930 7.733 2.274 2.862 6.426 6.099 3.519 1.730 7.394 1.231 6.586 2.008 5.394 8.678 6.763 3.723 7.077 5.781 6.905 6.533 8.228 4.384 8.359 7.077 7.443 9.224 5.620 7.721 6.073 2.257 5.951 3.717 8.004 6.369 4.964 1.744 9.193 7.720 6.958 7.421 5.328 5.022 1.071 6.284 4.122 5.262 0.874 0.804 6.934 5.304 7.701 6.990 7.845 4.317 8.273 7.265 7.449 2.248 5.294 4.921 4.624 4.310 4.925 2.985 8.241 6.886 3.048 11.248 6.872 8.390 8.351 7.658 2.106 1.761 6.290 5.117 5.943 2.736 1.043 6.874 
8.374 7.242 6.041 7.005 2.500 5.363 6.110 4.336 7.507 2.364 6.178 3.753 1.629 5.691 4.885 6.245 4.004 5.650 9.599 5.171 6.177 1.666 7.808 9.501 5.684 7.800 6.679 10.271 7.959 7.472 2.935 10.203 5.330 4.377 8.522 4.935 3.219 2.891 3.045 3.762 3.943 6.211 7.830 3.624 5.344 6.105 4.923 1.169 6.813 10.331 2.747 5.580 5.139 6.523 5.281 7.286 4.825 4.827 5.389 3.439 6.955 6.019 8.443 5.344 8.718 4.867 8.208 9.442 5.397 5.000 1.355 2.289 4.660 6.683 0.454 2.328 3.619 7.107 4.596 6.324 5.089 6.470 8.237 7.895 0.475 8.014 8.625 3.354 7.338 1.684 3.254 7.860 6.943 7.327 4.266 4.476 4.351 5.912 7.963 7.473 
7.409 5.959 4.016 4.269 2.700 3.654 5.515 1.978 4.655 2.865 3.311 1.771 3.367 3.086 2.790 4.369 1.269 4.978 8.589 3.203 7.813 4.030 8.126 8.144 7.512 5.437 5.264 9.551 5.317 6.953 4.730 9.281 3.387 1.536 6.039 4.706 1.119 3.080 1.281 5.640 1.076 7.279 5.036 5.745 2.616 3.251 2.986 2.037 4.447 9.337 3.630 6.210 2.304 4.075 3.584 7.307 2.052 2.037 7.408 5.703 4.816 7.334 8.344 7.137 6.934 6.217 8.028 8.970 2.809 3.216 1.799 4.221 1.844 4.933 2.519 4.470 5.889 6.151 5.923 7.602 3.692 7.518 6.206 6.486 2.523 5.476 7.167 3.286 4.774 1.197 0.413 5.167 7.055 7.370 6.058 3.107 5.985 5.732 7.814 4.913 
2.439 3.067 5.007 7.549 9.326 4.463 1.916 9.071 8.737 5.046 8.555 9.018 8.950 6.600 5.382 4.623 6.880 2.407 3.234 5.046 4.483 6.307 1.273 3.986 4.938 6.289 3.449 3.256 7.496 1.104 5.105 3.514 4.947 7.980 7.060 2.571 6.198 4.559 5.980 5.008 7.478 2.922 8.334 5.552 6.986 8.787 5.067 6.509 6.017 3.748 4.604 2.186 7.479 6.225 4.472 0.273 8.536 7.149 5.453 5.899 5.350 3.552 1.114 4.776 4.784 3.730 0.870 2.231 6.507 4.752 6.521 5.546 7.237 4.278 7.001 5.802 5.923 2.250 3.764 3.486 4.017 2.883 5.348 3.464 6.968 7.052 3.821 10.148 6.884 7.287 7.483 7.712 0.580 0.334 4.758 4.368 4.411 1.529 0.623 6.917 
1.231 2.145 4.400 6.875 9.565 4.035 1.769 8.944 8.076 5.448 8.087 8.984 9.366 6.097 5.027 3.968 6.689 2.298 2.112 4.637 5.661 6.980 2.366 2.778 6.082 5.404 2.695 2.467 6.671 0.336 5.900 2.522 4.504 7.766 6.121 2.873 6.160 4.927 5.990 5.944 7.312 4.100 7.593 6.488 6.559 8.348 4.716 6.854 5.285 2.719 5.153 3.201 7.111 5.555 4.065 1.482 8.285 6.820 6.571 6.818 4.560 4.721 1.513 5.895 3.662 4.769 1.159 1.706 6.055 4.399 6.824 6.258 6.940 3.517 7.425 6.551 6.864 1.404 4.756 4.675 3.711 4.079 4.331 2.390 7.393 6.186 2.653 10.347 6.112 7.493 7.433 6.917 1.747 1.535 5.757 4.199 5.407 1.948 1.124 6.126 
6.963 6.096 5.563 7.207 4.453 4.739 4.655 5.685 7.981 1.379 6.890 5.243 3.616 5.815 4.649 5.621 4.531 4.291 8.161 4.780 4.242 0.784 5.888 8.269 3.820 7.469 5.671 8.665 7.957 5.878 0.982 8.697 4.890 5.292 8.283 3.420 3.520 1.748 3.230 1.886 4.748 4.198 8.110 1.935 5.670 6.913 4.555 1.860 6.562 8.860 1.117 3.641 5.691 6.384 4.663 5.473 5.848 5.313 3.634 1.913 6.476 4.015 6.635 3.459 7.821 2.857 6.436 7.750 5.536 4.501 2.063 0.412 5.214 5.914 1.862 0.718 2.096 5.770 2.583 4.318 4.292 4.457 7.567 6.782 1.832 7.869 7.501 5.321 7.268 2.954 4.219 7.943 5.111 5.505 2.358 3.799 2.385 4.261 6.188 7.389 
6.682 5.268 3.495 4.205 3.272 3.018 4.738 2.723 4.785 2.204 3.592 2.561 3.669 2.890 2.264 3.801 1.257 4.202 7.876 2.638 7.150 3.662 7.336 7.487 6.888 5.091 4.590 8.806 5.159 6.179 4.171 8.559 2.819 2.011 5.767 3.914 0.468 2.348 0.509 5.065 1.450 6.542 5.047 5.226 2.552 3.602 2.402 1.749 4.093 8.625 2.963 5.443 2.430 3.767 2.943 6.516 2.593 2.079 6.827 5.224 4.355 6.626 7.556 6.512 6.371 5.531 7.242 8.201 2.597 2.589 1.511 3.722 1.944 4.336 2.385 4.008 5.407 5.413 5.239 6.886 2.984 6.777 5.717 5.826 2.378 5.238 6.523 3.947 4.552 1.363 1.083 5.056 6.263 6.579 5.453 2.376 5.351 4.941 7.026 4.689 
5.078 3.531 1.381 2.610 5.331 1.209 3.659 3.841 3.584 3.292 3.021 4.045 5.814 1.256 0.201 1.752 1.599 3.169 6.184 0.629 7.622 5.250 6.684 5.600 7.550 2.983 2.811 7.269 3.294 4.960 5.261 6.899 0.804 2.587 3.719 3.398 1.678 3.054 1.782 6.023 2.222 6.607 3.528 6.346 1.444 3.228 0.512 3.663 1.998 6.918 3.845 5.314 1.909 1.742 1.168 5.706 3.071 1.595 7.659 6.456 2.210 6.888 6.547 7.187 4.302 5.986 6.195 6.864 1.043 0.830 3.462 5.027 1.716 2.336 4.369 5.375 6.619 3.919 5.730 7.085 1.555 6.795 3.583 3.966 4.354 3.244 4.607 5.908 2.611 3.508 2.598 3.283 5.561 5.779 6.277 1.332 6.067 4.200 6.024 2.737 
4.068 2.575 0.891 2.220 7.401 1.739 3.712 5.546 3.414 5.091 3.763 5.902 7.928 1.953 2.012 0.969 3.528 3.438 4.917 1.724 8.636 7.124 6.727 4.038 8.718 1.040 2.028 6.163 2.036 4.541 6.866 5.634 1.583 4.259 1.893 4.138 3.792 4.721 3.883 7.494 4.076 7.353 2.894 7.903 2.571 4.078 1.970 5.721 0.610 5.579 5.473 6.028 3.203 0.989 1.808 5.683 4.570 3.110 8.951 8.079 0.164 7.778 6.197 8.387 2.427 7.105 5.835 6.066 2.106 1.959 5.534 6.769 3.317 1.195 6.434 7.130 8.221 3.304 6.899 7.907 2.274 7.484 1.528 2.649 6.416 1.658 3.073 7.923 1.418 5.622 4.599 2.242 5.676 5.759 7.641 2.661 7.370 4.511 5.736 1.447 
4.152 2.899 1.984 2.538 8.436 2.797 4.383 6.415 3.598 6.179 4.334 6.831 9.013 2.814 3.114 1.936 4.534 4.213 4.756 2.832 9.485 8.216 7.230 3.696 9.619 0.520 2.583 6.054 1.810 4.930 7.906 5.437 2.688 5.152 1.104 5.014 4.880 5.793 4.983 8.496 5.041 8.127 2.899 8.924 3.426 4.666 3.079 6.829 1.325 5.329 6.530 6.822 4.033 1.746 2.871 6.196 5.385 4.016 9.888 9.115 1.060 8.596 6.530 9.300 1.916 8.009 6.178 6.156 3.029 3.056 6.641 7.838 4.233 1.860 7.542 8.201 9.252 3.710 7.822 8.699 3.290 8.234 0.862 2.695 7.524 1.255 2.858 8.919 1.543 6.707 5.613 2.126 6.251 6.271 8.612 3.736 8.326 5.223 6.121 1.468 
9.748 8.437 6.758 6.998 0.600 6.268 7.598 3.296 7.181 4.007 5.706 2.605 0.852 5.891 5.524 7.068 4.073 7.091 10.967 5.906 8.166 3.640 9.638 10.688 7.663 8.252 7.791 11.777 8.088 9.023 4.925 11.619 6.086 3.916 8.848 6.524 3.732 4.488 3.721 5.750 3.713 8.170 7.686 5.586 5.385 5.531 5.670 2.539 7.260 11.714 4.566 7.450 4.970 6.891 6.190 9.024 4.150 4.779 7.344 5.373 7.598 8.001 10.160 7.329 9.637 6.844 9.895 11.040 5.620 5.846 2.536 4.279 4.567 7.596 2.154 4.312 5.546 8.462 6.569 8.305 6.160 8.428 8.975 9.033 2.187 8.278 9.745 1.381 7.574 1.952 3.024 7.911 8.703 9.073 6.255 5.530 6.342 7.553 9.657 7.714 
7.360 7.459 8.344 10.642 8.881 7.507 5.710 10.108 11.653 5.313 10.864 9.717 7.816 9.327 7.962 8.159 8.575 5.781 8.202 7.867 0.511 4.722 4.233 8.921 0.699 10.141 7.471 8.002 11.054 5.966 3.521 8.409 7.884 9.519 10.995 4.990 7.566 5.239 7.258 2.631 8.950 2.059 11.552 2.794 9.407 10.964 7.730 6.346 9.489 8.662 4.553 3.208 9.627 9.494 7.462 4.715 10.107 9.234 1.165 3.064 9.072 1.455 5.486 1.045 9.382 2.085 5.547 6.901 9.103 7.515 6.527 4.140 9.200 8.126 6.333 4.054 2.921 6.732 2.347 1.489 6.928 2.097 9.636 8.053 6.305 10.773 8.586 9.735 10.350 7.441 8.545 11.155 4.412 4.680 2.146 6.794 2.173 4.869 5.362 10.436 
7.961 6.772 5.477 6.407 2.424 4.821 5.731 3.879 6.920 2.029 5.608 3.340 1.907 5.093 4.307 5.696 3.409 5.250 9.188 4.605 6.293 1.931 7.624 9.036 5.850 7.216 6.187 9.910 7.362 7.124 3.029 9.808 4.767 3.822 7.931 4.594 2.623 2.537 2.455 3.911 3.370 6.178 7.235 3.853 4.747 5.547 4.356 0.639 6.226 9.926 2.548 5.431 4.551 5.931 4.740 7.037 4.292 4.235 5.611 3.717 6.386 6.046 8.182 5.496 8.194 4.883 7.929 9.120 4.799 4.448 0.783 2.400 4.070 6.150 0.238 2.525 3.902 6.684 4.600 6.345 4.578 6.436 7.683 7.413 0.255 7.420 8.141 3.294 6.742 1.142 2.694 7.262 6.707 7.082 4.399 3.956 4.438 5.602 7.688 6.878 
3.237 2.393 2.734 3.849 9.431 3.350 4.125 7.598 4.899 6.680 5.628 7.966 9.873 3.988 3.967 2.469 5.584 4.118 3.611 3.597 9.324 8.702 6.626 2.470 9.550 1.829 2.425 4.914 3.068 4.282 8.193 4.252 3.422 6.316 2.150 5.028 5.761 6.230 5.809 8.668 6.140 7.867 4.177 9.141 4.609 5.958 3.840 7.544 2.508 4.116 6.897 6.627 5.234 2.945 3.431 5.636 6.600 5.167 9.891 9.373 1.931 8.398 5.756 9.263 0.707 7.977 5.426 5.164 4.163 3.718 7.382 8.227 5.377 2.063 8.257 8.588 9.491 3.181 7.830 8.455 3.696 7.935 0.537 1.913 8.236 2.502 1.781 9.976 2.854 7.582 6.650 3.397 5.764 5.705 8.707 4.263 8.394 4.968 5.416 2.778 
7.053 5.693 4.047 4.795 2.837 3.512 5.006 2.844 5.335 2.000 4.082 2.535 3.098 3.490 2.828 4.330 1.808 4.478 8.261 3.181 6.933 3.179 7.433 7.936 6.620 5.683 5.037 9.139 5.760 6.450 3.835 8.930 3.357 2.386 6.367 4.072 1.051 2.273 0.971 4.745 1.865 6.451 5.626 4.853 3.136 4.060 2.938 1.207 4.687 9.011 2.761 5.433 2.967 4.366 3.434 6.670 2.931 2.635 6.513 4.818 4.924 6.478 7.748 6.247 6.891 5.349 7.449 8.479 3.197 3.095 0.963 3.331 2.482 4.844 1.800 3.588 5.004 5.771 5.055 6.751 3.409 6.695 6.273 6.278 1.796 5.839 6.987 3.579 5.153 0.811 1.300 5.653 6.393 6.728 5.165 2.782 5.097 5.114 7.225 5.290 
7.219 6.260 5.523 7.007 3.936 4.729 4.914 5.239 7.722 1.344 6.571 4.773 3.126 5.621 4.530 5.623 4.225 4.512 8.431 4.705 4.754 0.726 6.336 8.472 4.318 7.405 5.789 8.993 7.812 6.194 1.489 8.991 4.830 4.919 8.200 3.689 3.241 1.816 2.968 2.379 4.389 4.703 7.896 2.374 5.426 6.575 4.470 1.404 6.470 9.142 1.375 4.095 5.397 6.261 4.651 5.873 5.459 5.029 4.107 2.298 6.445 4.530 7.035 3.961 7.919 3.371 6.821 8.108 5.335 4.451 1.624 0.870 4.913 5.961 1.345 1.064 2.485 5.995 3.096 4.833 4.327 4.963 7.597 6.940 1.315 7.759 7.666 4.804 7.135 2.484 3.822 7.776 5.518 5.909 2.861 3.788 2.900 4.590 6.574 7.260 
6.050 5.967 6.738 9.038 7.777 5.900 4.202 8.710 10.059 3.872 9.308 8.372 6.878 7.730 6.363 6.562 7.052 4.222 7.010 6.261 1.146 3.753 3.412 7.598 1.237 8.548 5.923 7.012 9.447 4.667 2.393 7.315 6.277 8.032 9.404 3.398 6.059 3.725 5.754 1.712 7.462 1.124 9.947 2.149 7.829 9.422 6.126 5.065 7.883 7.549 3.108 1.748 8.074 7.886 5.854 3.576 8.626 7.681 1.666 2.509 7.478 0.706 4.552 0.991 7.899 0.521 4.520 5.933 7.511 5.909 5.217 3.037 7.658 6.550 5.184 3.076 2.453 5.282 0.814 1.014 5.321 1.346 8.090 6.590 5.153 9.171 7.168 8.645 8.742 6.140 7.109 9.547 3.222 3.561 1.247 5.190 1.013 3.384 4.300 8.829 
6.715 6.616 7.300 9.543 7.823 6.451 4.851 8.962 10.534 4.158 9.719 8.582 6.826 8.212 6.855 7.144 7.423 4.848 7.668 6.781 0.845 3.698 3.988 8.264 0.609 9.135 6.552 7.643 9.998 5.331 2.421 7.963 6.809 8.364 9.992 3.997 6.412 4.087 6.104 1.577 7.794 1.656 10.457 1.876 8.274 9.815 6.633 5.221 8.441 8.200 3.398 2.413 8.482 8.423 6.401 4.220 8.952 8.089 1.003 2.206 8.064 1.070 5.164 0.327 8.550 1.004 5.150 6.557 7.982 6.432 5.396 3.057 8.051 7.158 5.250 3.017 2.108 5.941 1.230 1.326 5.875 1.830 8.717 7.246 5.221 9.740 7.829 8.684 9.290 6.313 7.393 10.084 3.872 4.202 1.069 5.700 1.029 4.040 4.935 9.381 
4.327 4.068 4.901 7.298 7.301 4.091 2.303 7.618 8.377 2.992 7.785 7.409 6.726 6.055 4.684 4.689 5.681 2.305 5.402 4.516 2.984 3.910 2.710 5.835 3.150 6.663 4.005 5.656 7.616 3.012 2.673 5.819 4.505 6.741 7.515 1.525 4.776 2.617 4.494 2.640 6.182 1.783 8.191 3.183 6.242 7.942 4.416 4.438 6.046 6.022 2.376 0.548 6.576 6.087 4.055 2.301 7.335 6.195 3.507 3.515 5.596 2.126 3.455 2.865 6.000 1.593 3.287 4.660 5.866 4.164 4.509 3.137 6.211 4.643 4.811 3.377 3.560 3.422 1.501 2.283 3.514 1.975 6.172 4.708 4.778 7.310 5.318 8.157 6.919 5.378 5.977 7.739 1.929 2.325 2.484 3.495 2.137 1.524 3.040 6.998 
7.963 6.549 4.687 4.933 2.023 4.279 5.979 2.032 5.249 2.952 3.846 1.594 2.692 3.777 3.456 5.026 1.958 5.447 9.158 3.858 7.815 3.752 8.443 8.761 7.458 6.133 5.868 10.079 5.997 7.424 4.629 9.840 4.042 2.018 6.732 5.077 1.709 3.269 1.788 5.542 1.672 7.416 5.674 5.582 3.292 3.743 3.633 1.807 5.142 9.907 3.694 6.431 2.935 4.771 4.206 7.677 2.435 2.699 7.298 5.497 5.502 7.412 8.749 7.088 7.597 6.268 8.446 9.450 3.503 3.845 1.604 4.064 2.496 5.580 2.115 4.268 5.684 6.690 5.974 7.693 4.266 7.664 6.888 7.100 2.127 6.167 7.792 2.666 5.464 0.745 0.953 5.837 7.403 7.736 5.992 3.658 5.959 6.117 8.224 5.604 
6.801 5.318 3.128 0.591 6.980 3.824 6.273 4.384 0.696 6.381 1.815 4.980 7.948 1.929 3.263 3.502 3.418 5.898 7.576 3.371 10.762 8.218 9.354 6.578 10.715 2.385 4.736 8.852 1.232 7.252 8.396 8.278 3.384 3.381 2.298 6.387 4.286 6.203 4.539 9.184 3.596 9.659 0.410 9.486 2.091 2.127 3.493 6.386 2.145 8.191 6.992 8.337 2.330 1.900 3.849 8.317 3.309 2.599 10.831 9.573 2.894 9.992 8.914 10.354 4.814 9.138 8.550 8.806 2.193 3.725 6.150 8.106 2.782 3.911 7.018 8.440 9.742 6.026 8.889 10.168 4.388 9.826 3.759 5.360 7.013 1.757 5.684 7.218 1.397 5.809 4.312 0.903 8.264 8.394 9.447 4.429 9.238 6.995 8.438 1.444 
4.438 4.467 5.590 8.039 8.056 4.811 2.733 8.449 9.141 3.780 8.593 8.232 7.409 6.829 5.464 5.339 6.510 2.874 5.397 5.270 2.485 4.467 2.103 5.991 2.814 7.281 4.521 5.455 8.295 3.053 3.138 5.721 5.246 7.574 8.124 2.242 5.609 3.431 5.327 2.863 7.015 1.053 8.921 3.397 7.040 8.756 5.186 5.201 6.727 5.949 3.118 0.298 7.391 6.798 4.782 2.004 8.167 7.012 3.281 3.755 6.226 1.548 3.069 2.605 6.387 1.524 2.982 4.398 6.651 4.920 5.288 3.685 7.034 5.227 5.527 3.871 3.759 3.737 1.590 1.621 4.242 1.197 6.674 5.058 5.493 7.959 5.600 8.919 7.609 6.171 6.809 8.436 1.635 2.000 2.565 4.280 2.223 1.885 2.749 7.679 
1.540 3.060 5.471 7.819 10.952 5.243 3.154 10.234 9.013 6.841 9.189 10.310 10.761 7.203 6.250 5.017 7.968 3.675 1.396 5.838 6.534 8.329 2.824 2.530 7.041 6.132 3.736 1.110 7.444 1.731 7.199 1.408 5.689 9.025 6.740 4.266 7.499 6.321 7.343 7.158 8.597 4.995 8.451 7.703 7.712 9.470 5.947 8.250 6.207 1.669 6.527 4.344 8.293 6.533 5.284 2.369 9.522 8.028 7.578 8.046 5.446 5.633 1.569 6.905 3.993 5.890 1.457 0.476 7.198 5.637 8.219 7.592 8.165 4.488 8.819 7.872 8.076 2.532 5.922 5.524 4.990 4.912 4.884 3.001 8.787 6.917 2.912 11.728 6.966 8.879 8.761 7.725 2.733 2.383 6.918 5.519 6.570 3.310 1.652 6.956 
7.413 5.924 3.700 1.158 6.953 4.358 6.840 4.247 0.143 6.730 1.633 4.885 8.005 2.352 3.721 4.088 3.615 6.451 8.187 3.874 11.228 8.499 9.928 7.182 11.155 2.981 5.335 9.464 1.764 7.848 8.760 8.888 3.903 3.386 2.818 6.902 4.552 6.590 4.825 9.572 3.690 10.165 0.673 9.851 2.373 1.892 3.973 6.613 2.750 8.799 7.371 8.850 2.460 2.484 4.377 8.894 3.207 2.788 11.247 9.920 3.504 10.478 9.510 10.791 5.413 9.594 9.146 9.417 2.585 4.225 6.372 8.437 2.941 4.513 7.214 8.761 10.093 6.625 9.338 10.664 4.911 10.339 4.358 5.972 7.212 2.315 6.293 7.118 2.008 5.950 4.407 1.424 8.831 8.970 9.857 4.904 9.661 7.546 9.030 2.048 
6.501 4.925 2.509 1.623 5.134 2.788 5.321 2.855 2.149 4.539 1.329 3.313 6.002 0.806 1.867 2.968 1.426 4.846 7.508 2.193 9.194 6.280 8.369 6.744 9.066 3.134 4.223 8.681 2.715 6.562 6.577 8.232 2.308 1.619 3.560 5.083 2.334 4.442 2.608 7.411 1.668 8.258 2.401 7.665 0.251 1.551 2.177 4.408 2.266 8.211 5.210 6.982 0.473 1.829 2.770 7.381 1.828 0.613 9.117 7.720 2.910 8.505 8.182 8.696 5.181 7.546 7.825 8.389 0.756 2.488 4.169 6.230 0.814 3.548 5.029 6.550 7.895 5.445 7.277 8.716 3.226 8.454 4.239 5.221 5.025 2.964 5.756 5.488 2.270 3.823 2.365 2.532 7.246 7.455 7.722 3.012 7.548 5.890 7.665 2.406 
8.938 7.674 6.141 6.672 1.355 5.581 6.753 3.434 7.002 3.115 5.581 2.790 1.005 5.464 4.920 6.416 3.662 6.255 10.162 5.273 7.313 2.819 8.735 9.935 6.832 7.747 7.050 10.936 7.714 8.167 4.057 10.801 5.448 3.750 8.397 5.653 3.131 3.605 3.061 4.904 3.427 7.273 7.428 4.776 5.017 5.455 5.029 1.654 6.749 10.906 3.661 6.544 4.689 6.407 5.501 8.132 4.102 4.439 6.542 4.589 7.015 7.118 9.272 6.489 8.968 5.958 9.012 10.176 5.179 5.174 1.680 3.413 4.242 6.918 1.254 3.475 4.768 7.653 5.679 7.420 5.420 7.531 8.366 8.290 1.286 7.848 9.010 2.219 7.150 1.303 2.708 7.569 7.807 8.179 5.405 4.788 5.475 6.675 8.773 7.290 
8.292 6.763 4.536 3.945 2.864 4.421 6.605 0.643 3.966 4.258 2.476 0.890 3.993 3.131 3.433 4.957 1.649 6.072 9.418 3.868 9.208 5.332 9.373 8.825 8.905 5.543 6.045 10.475 5.087 8.011 6.113 10.131 4.043 0.804 5.979 5.931 2.251 4.449 2.509 7.025 1.019 8.646 4.528 7.111 2.524 2.296 3.707 3.354 4.624 10.155 5.023 7.541 1.956 4.199 4.367 8.505 0.916 1.931 8.792 7.050 5.170 8.719 9.490 8.531 7.418 7.608 9.159 9.992 2.930 3.998 3.128 5.585 1.716 5.553 3.715 5.816 7.237 7.086 7.315 8.983 4.614 8.881 6.554 7.204 3.726 5.380 7.830 3.092 4.691 2.341 1.025 4.861 8.278 8.571 7.449 4.112 7.380 6.926 8.958 4.826 
7.855 6.686 5.442 6.437 2.587 4.769 5.615 4.006 6.976 1.896 5.682 3.479 2.030 5.111 4.285 5.649 3.455 5.139 9.082 4.571 6.131 1.787 7.474 8.948 5.690 7.201 6.109 9.791 7.376 7.001 2.866 9.698 4.731 3.909 7.927 4.468 2.634 2.411 2.450 3.750 3.444 6.015 7.274 3.699 4.781 5.629 4.323 0.572 6.215 9.818 2.395 5.276 4.606 5.929 4.688 6.895 4.391 4.282 5.455 3.568 6.355 5.882 8.042 5.335 8.132 4.719 7.792 8.992 4.817 4.403 0.757 2.239 4.123 6.093 0.154 2.370 3.754 6.581 4.436 6.182 4.509 6.273 7.640 7.331 0.148 7.422 8.060 3.457 6.749 1.251 2.779 7.283 6.563 6.940 4.237 3.891 4.274 5.470 7.551 6.884 
7.962 6.876 5.804 6.938 2.954 5.087 5.683 4.572 7.514 1.941 6.240 4.031 2.123 5.593 4.689 5.978 3.984 5.236 9.186 4.944 5.715 1.258 7.316 9.126 5.240 7.610 6.337 9.828 7.848 7.027 2.460 9.777 5.093 4.477 8.358 4.491 3.116 2.470 2.904 3.308 4.003 5.718 7.789 3.205 5.293 6.193 4.697 0.999 6.635 9.912 2.267 5.085 5.146 6.369 5.006 6.807 4.963 4.812 4.970 3.048 6.726 5.534 7.966 4.894 8.409 4.379 7.736 8.984 5.299 4.746 1.233 1.815 4.661 6.389 0.455 1.887 3.232 6.705 4.106 5.838 4.774 5.977 7.973 7.538 0.439 7.869 8.268 3.816 7.206 1.823 3.347 7.769 6.462 6.847 3.807 4.176 3.878 5.453 7.490 7.339 
1.667 2.283 4.369 6.888 9.218 3.915 1.477 8.720 8.085 5.044 8.003 8.726 8.968 6.023 4.882 3.959 6.484 2.013 2.609 4.512 5.193 6.520 2.070 3.228 5.600 5.533 2.729 2.913 6.766 0.287 5.419 3.011 4.394 7.573 6.285 2.472 5.895 4.529 5.707 5.449 7.099 3.635 7.643 5.993 6.452 8.251 4.566 6.470 5.324 3.212 4.713 2.705 6.980 5.562 3.935 1.088 8.109 6.671 6.082 6.324 4.629 4.249 1.483 5.406 3.964 4.272 1.123 2.054 5.957 4.248 6.452 5.790 6.778 3.563 7.022 6.077 6.369 1.475 4.259 4.215 3.533 3.626 4.546 2.647 6.989 6.305 3.007 10.014 6.176 7.152 7.177 6.996 1.299 1.153 5.259 3.970 4.909 1.496 0.985 6.201 
1.695 1.689 3.594 6.126 8.543 3.119 0.745 7.946 7.319 4.466 7.209 7.970 8.370 5.232 4.086 3.197 5.701 1.272 2.857 3.716 5.364 6.090 2.702 3.176 5.686 4.860 2.011 3.447 6.058 0.708 5.099 3.394 3.599 6.787 5.643 1.910 5.142 3.940 4.967 5.258 6.320 3.848 6.901 5.792 5.656 7.456 3.771 5.851 4.582 3.550 4.226 2.713 6.184 4.800 3.139 1.660 7.318 5.876 6.113 6.102 3.911 4.419 2.276 5.448 3.541 4.227 1.918 2.731 5.163 3.452 5.814 5.397 5.985 2.840 6.437 5.709 6.169 0.886 4.159 4.440 2.740 3.892 3.980 2.200 6.406 5.618 2.715 9.322 5.446 6.470 6.419 6.274 1.715 1.736 5.140 3.195 4.795 1.147 1.765 5.479 
7.124 6.268 5.739 7.367 4.449 4.916 4.817 5.768 8.130 1.550 7.024 5.310 3.562 5.975 4.818 5.799 4.667 4.458 8.319 4.953 4.225 0.625 5.988 8.437 3.779 7.644 5.847 8.809 8.125 6.027 0.962 8.850 5.065 5.408 8.456 3.581 3.662 1.926 3.375 1.840 4.868 4.246 8.267 1.842 5.821 7.041 4.728 1.934 6.734 9.014 1.288 3.739 5.831 6.554 4.840 5.596 5.958 5.455 3.567 1.791 6.653 4.037 6.757 3.423 7.998 2.887 6.564 7.887 5.695 4.676 2.147 0.329 5.352 6.092 1.870 0.571 1.977 5.936 2.621 4.342 4.470 4.505 7.745 6.955 1.841 8.040 7.673 5.314 7.437 3.021 4.325 8.108 5.231 5.626 2.326 3.975 2.379 4.408 6.315 7.558 
7.697 6.427 4.959 5.760 2.320 4.359 5.533 3.293 6.254 2.015 4.940 2.806 2.221 4.464 3.759 5.211 2.751 5.028 8.920 4.087 6.658 2.488 7.664 8.689 6.263 6.643 5.806 9.713 6.734 6.958 3.424 9.563 4.257 3.159 7.337 4.468 2.017 2.457 1.888 4.332 2.702 6.397 6.578 4.339 4.097 4.881 3.840 0.604 5.648 9.665 2.673 5.533 3.885 5.336 4.279 7.000 3.641 3.574 6.072 4.240 5.853 6.328 8.123 5.899 7.747 5.168 7.850 8.977 4.172 3.963 0.496 2.833 3.406 5.696 0.889 3.017 4.427 6.412 4.877 6.619 4.177 6.651 7.181 7.044 0.894 6.813 7.766 3.161 6.128 0.522 2.030 6.624 6.690 7.051 4.798 3.546 4.795 5.503 7.614 6.265 
1.062 2.287 4.576 6.630 10.789 4.623 3.357 9.630 7.786 7.034 8.198 9.819 10.831 6.277 5.598 4.124 7.385 3.746 0.494 5.163 7.828 8.795 4.357 0.773 8.249 4.759 2.993 1.798 6.074 2.399 7.852 1.186 4.988 8.360 5.250 4.592 7.134 6.507 7.045 8.004 8.013 6.267 7.143 8.542 6.851 8.504 5.332 8.308 5.052 1.139 6.905 5.340 7.471 5.436 4.685 3.620 8.789 7.270 8.731 8.856 4.288 6.889 3.192 8.055 2.413 6.901 2.962 2.185 6.337 5.058 8.226 8.127 7.440 3.531 8.953 8.448 8.919 2.269 6.865 6.838 4.563 6.237 3.415 1.853 8.924 5.519 1.412 11.494 5.696 8.740 8.313 6.381 3.912 3.663 7.859 5.178 7.511 3.898 3.070 5.660 
8.461 7.231 5.803 6.523 1.868 5.198 6.254 3.616 6.942 2.586 5.569 3.020 1.404 5.260 4.601 6.054 3.500 5.764 9.687 4.931 6.814 2.363 8.196 9.495 6.349 7.475 6.624 10.438 7.526 7.660 3.551 10.318 5.101 3.746 8.158 5.138 2.844 3.084 2.730 4.415 3.356 6.741 7.316 4.316 4.858 5.474 4.684 1.140 6.479 10.428 3.121 6.005 4.591 6.158 5.118 7.601 4.160 4.307 6.082 4.151 6.696 6.596 8.744 6.002 8.585 5.434 8.487 9.663 4.969 4.805 1.202 2.912 4.125 6.535 0.726 2.999 4.333 7.179 5.154 6.897 5.000 6.999 8.025 7.859 0.757 7.625 8.583 2.737 6.935 1.097 2.646 7.403 7.274 7.647 4.910 4.370 4.967 6.154 8.246 7.073 
1.297 1.388 3.417 5.396 9.846 3.581 2.954 8.512 6.552 6.352 6.982 8.742 10.006 5.085 4.510 2.977 6.295 3.195 1.717 4.076 7.938 8.240 4.837 0.910 8.271 3.536 1.994 3.007 4.853 2.552 7.448 2.420 3.895 7.230 4.066 4.125 6.143 5.838 6.088 7.736 6.915 6.405 5.914 8.255 5.671 7.293 4.267 7.514 3.824 2.353 6.346 5.298 6.298 4.214 3.650 3.923 7.634 6.119 8.693 8.540 3.062 6.992 3.849 8.030 1.288 6.795 3.542 3.178 5.163 4.018 7.406 7.633 6.297 2.379 8.191 7.975 8.626 1.794 6.708 6.995 3.625 6.426 2.213 0.753 8.164 4.303 0.205 10.512 4.463 7.833 7.266 5.156 4.127 3.984 7.669 4.256 7.329 3.686 3.570 4.428 
