20 40 100
445.198 595.633 1133.976 294.333 1170.824 1138.465 452.073 642.051 600.014 927.483 306.753 818.111 717.967 1038.941 1275.443 391.081 1220.578 902.545 338.272 582.585 
101.441 130.865 33.489 88.421 137.217 69.027 92.842 97.911 104.263 10.089 47.730 131.204 107.087 41.023 63.985 22.395 107.891 115.966 110.268 131.804 24.434 70.079 74.060 20.622 132.060 13.356 9.240 104.815 87.790 109.285 46.573 73.968 92.833 130.701 68.065 38.621 84.971 143.410 111.355 31.486 
27.780 7.603 19.904 30.871 8.216 30.468 6.770 27.206 14.230 25.976 10.108 31.173 14.137 15.933 6.092 17.699 29.550 24.126 24.714 33.488 26.858 27.789 30.614 22.430 16.749 32.272 17.307 27.834 22.233 27.845 22.739 21.404 31.771 15.317 18.994 17.329 23.574 31.333 17.784 19.192 8.819 19.947 5.228 10.265 29.674 33.589 8.545 14.940 27.613 21.929 21.841 16.279 29.364 24.390 17.633 24.890 15.781 28.510 16.227 20.310 34.727 11.451 31.583 29.517 26.205 8.914 25.963 31.858 29.421 34.135 21.492 8.735 17.412 10.186 31.129 27.364 20.579 21.005 6.578 6.306 22.839 34.963 5.357 34.216 34.712 12.863 11.006 26.839 10.367 33.617 18.634 29.277 32.568 14.758 7.455 28.110 20.506 14.603 32.081 9.247 
1220.150 1370.152 641.214 1089.548 1356.942 951.455 1092.438 1128.347 1254.376 405.981 848.423 1315.552 1163.445 717.313 872.785 552.687 1237.492 1178.757 1120.939 1336.025 560.312 941.067 941.361 567.272 1308.253 394.557 368.784 1127.922 1059.023 1182.142 842.644 962.683 1136.785 1301.520 1008.148 731.579 1122.801 1346.917 1292.526 621.419 
11.054 7.745 12.704 8.111 9.383 7.084 4.870 10.915 10.913 6.166 10.624 1.259 9.829 6.576 10.169 13.400 2.789 3.611 3.781 8.765 9.030 12.207 5.375 1.509 13.200 6.606 12.512 9.644 1.874 1.656 10.882 3.329 7.341 5.956 6.082 11.430 9.103 2.043 8.412 12.256 
2.519 6.114 4.640 3.987 4.620 10.857 11.701 2.880 1.917 6.243 9.630 12.567 8.448 6.017 6.753 2.643 14.268 12.286 10.029 3.683 7.529 10.392 7.448 10.086 2.688 5.001 1.821 5.402 12.707 11.797 0.855 11.988 8.597 7.209 6.113 9.260 5.770 9.832 3.175 4.602 
8.957 12.734 15.273 10.949 13.035 15.329 5.363 12.974 12.233 6.666 17.178 11.033 15.962 11.343 15.140 13.915 10.669 13.222 12.176 11.535 3.744 18.602 11.470 9.404 13.943 8.692 10.652 13.837 11.721 11.389 11.218 12.882 3.355 11.888 10.744 17.486 13.669 8.258 9.596 15.021 
4.245 4.833 2.868 3.261 3.074 9.533 12.237 1.064 0.439 6.791 7.878 12.195 6.745 5.142 4.994 2.052 14.115 11.495 9.226 2.685 8.836 8.558 6.611 9.845 1.855 5.088 3.665 3.736 12.226 11.295 1.407 11.230 9.604 6.250 5.424 7.442 4.195 9.806 3.340 2.766 
4.895 6.660 3.047 5.221 4.797 11.263 13.953 2.707 2.393 8.474 9.108 14.154 8.104 7.087 6.304 0.187 16.053 13.428 11.163 4.640 9.990 9.510 8.553 11.789 0.425 6.931 3.599 5.283 14.187 13.256 2.697 13.169 11.023 8.170 7.384 8.489 5.827 11.713 5.114 3.248 
0.942 6.713 7.098 4.273 5.896 11.139 9.331 4.937 4.028 4.120 10.946 11.236 9.679 5.991 8.235 5.424 12.598 11.584 9.461 4.443 4.748 11.995 7.158 8.690 5.461 3.765 2.596 6.786 11.525 10.680 2.839 11.248 5.915 7.141 5.788 10.822 6.931 8.162 2.629 6.948 
10.501 6.328 11.384 7.004 8.057 5.544 6.059 9.729 9.832 5.937 9.035 1.957 8.256 5.281 8.669 12.313 4.189 2.584 2.196 7.611 9.270 10.617 3.961 1.255 12.091 5.869 11.816 8.239 1.996 1.112 9.952 2.236 7.803 4.518 4.866 9.849 7.675 2.393 7.569 10.927 
3.496 5.117 3.612 3.230 3.503 9.860 11.790 1.701 0.739 6.316 8.462 12.088 7.293 5.219 5.581 2.322 13.924 11.566 9.295 2.778 8.158 9.211 6.683 9.676 2.219 4.752 3.000 4.252 12.164 11.239 0.674 11.286 9.005 6.378 5.416 8.080 4.651 9.553 2.931 3.515 
4.551 6.204 2.980 4.699 4.368 10.846 13.439 2.267 1.870 7.961 8.839 13.629 7.794 6.583 5.999 0.665 15.522 12.932 10.665 4.129 9.572 9.321 8.052 11.259 0.630 6.400 3.401 4.905 13.667 12.737 2.197 12.670 10.556 7.680 6.867 8.269 5.429 11.180 4.587 3.107 
2.584 4.924 6.124 2.495 4.293 9.333 8.910 3.825 3.121 3.430 9.241 9.903 7.966 4.187 6.621 5.206 11.488 9.971 7.790 2.768 5.519 10.366 5.398 7.379 5.132 2.266 3.691 5.181 10.114 9.232 2.354 9.646 6.133 5.349 4.016 9.192 5.250 7.034 0.819 5.876 
4.447 2.928 5.073 0.491 2.476 7.466 9.354 2.890 2.709 4.135 7.256 9.084 5.979 2.405 4.727 5.193 10.968 8.633 6.374 0.963 7.144 8.432 3.801 6.701 5.003 2.140 5.113 3.325 9.156 8.232 2.835 8.339 7.339 3.608 2.459 7.261 3.303 6.672 1.206 4.715 
11.038 7.114 12.159 7.724 8.832 6.158 5.722 10.475 10.550 6.319 9.768 1.212 9.018 6.046 9.456 13.035 3.400 2.739 2.901 8.345 9.458 11.347 4.745 1.456 12.819 6.459 12.409 9.025 1.444 0.831 10.624 2.435 7.875 5.305 5.611 10.601 8.463 2.421 8.205 11.704 
3.858 6.295 8.673 4.275 6.353 9.878 6.436 6.368 5.737 1.224 10.807 8.572 9.546 5.062 8.528 7.798 9.737 9.379 7.488 4.840 3.337 12.126 5.710 6.057 7.743 2.223 5.543 7.178 8.953 8.180 4.946 9.025 3.535 5.933 4.579 10.976 7.064 5.368 2.925 8.388 
6.188 4.108 1.267 3.647 2.216 8.441 13.153 1.141 2.064 7.903 6.149 12.198 5.130 4.962 3.330 2.931 14.310 11.036 8.829 2.935 10.461 6.666 6.326 10.061 2.606 5.947 5.635 2.424 12.106 11.178 3.330 10.817 10.985 5.837 5.441 5.590 3.019 10.248 4.530 0.935 
12.427 5.820 6.646 7.949 6.112 5.443 15.723 7.572 8.529 11.882 1.457 12.056 2.581 7.202 3.777 9.522 14.445 9.585 8.296 7.599 15.426 0.204 7.370 11.083 9.198 9.914 12.265 5.224 11.577 10.862 9.740 9.587 15.188 6.838 7.815 1.193 5.120 11.895 9.614 6.369 
8.004 12.501 14.607 10.537 12.602 15.475 6.327 12.333 11.533 6.487 16.999 11.723 15.754 11.171 14.795 13.045 11.593 13.711 12.464 11.071 3.009 18.364 11.474 9.873 13.099 8.405 9.631 13.439 12.376 11.956 10.445 13.361 3.401 11.839 10.607 17.224 13.330 8.749 9.064 14.389 
3.941 3.417 4.778 1.031 2.604 8.046 9.732 2.507 2.160 4.384 7.588 9.704 6.319 3.039 4.934 4.618 11.552 9.287 7.027 1.088 7.099 8.683 4.451 7.296 4.446 2.521 4.490 3.492 9.790 8.869 2.182 8.992 7.470 4.241 3.112 7.508 3.580 7.215 1.040 4.461 
7.074 11.962 13.799 9.896 11.936 15.178 6.769 11.546 10.717 6.062 16.474 11.865 15.216 10.682 14.173 12.139 11.936 13.680 12.289 10.394 2.336 17.798 11.102 9.860 12.204 7.868 8.668 12.790 12.486 11.998 9.594 13.324 3.308 11.428 10.146 16.645 12.718 8.768 8.361 13.599 
6.938 5.253 9.446 4.551 6.320 7.305 5.129 7.369 7.158 2.256 9.378 5.244 8.250 3.794 7.862 9.601 6.711 6.049 4.373 5.261 5.851 10.895 3.486 2.700 9.442 2.574 8.399 6.871 5.575 4.786 6.922 5.690 4.786 3.975 3.147 9.863 6.485 2.264 4.418 9.044 
14.188 9.415 14.547 10.529 11.281 6.764 8.004 13.130 13.343 9.518 10.910 2.268 10.489 8.648 11.377 15.795 3.290 2.666 4.679 11.081 12.551 12.385 7.202 4.654 15.552 9.557 15.498 11.283 1.755 2.579 13.566 2.770 10.860 7.662 8.345 11.897 10.679 5.521 11.231 14.080 
9.270 7.409 4.278 6.670 2.117 1.237 11.868 9.703 11.598 2.227 2.431 11.173 10.241 5.678 6.716 6.663 2.588 0.867 4.390 11.786 12.439 7.961 13.502 10.045 12.745 4.622 10.218 4.941 10.247 15.708 5.889 6.735 9.453 7.312 5.584 8.312 9.276 7.183 6.905 6.285 6.228 7.704 9.868 1.535 2.748 5.984 3.459 2.238 4.239 10.675 10.028 5.846 10.756 2.488 9.728 1.594 6.062 9.563 14.927 12.368 6.115 1.872 11.834 7.595 6.106 7.503 1.669 1.997 12.210 10.341 4.807 7.635 11.665 3.106 13.337 6.991 11.733 6.149 13.773 10.963 9.021 2.038 4.495 4.285 5.967 4.058 7.315 8.082 10.390 4.871 3.468 13.030 3.667 12.062 10.962 1.586 11.924 6.471 12.024 14.820 
2.889 8.759 4.357 2.211 7.057 6.278 6.830 5.853 7.808 8.760 4.954 3.892 7.319 6.424 5.771 0.729 7.798 6.893 8.162 10.284 5.913 8.255 6.707 9.042 5.675 8.277 4.793 2.667 6.666 11.547 4.768 11.471 3.427 0.286 1.953 4.335 5.385 0.194 9.489 1.250 10.663 10.942 3.123 6.449 6.427 7.544 3.928 8.731 8.618 9.651 10.348 1.978 5.906 9.070 5.407 8.909 2.722 4.200 11.171 6.105 4.935 7.476 4.687 12.143 4.320 9.384 8.202 8.025 4.987 4.750 5.007 12.171 4.973 7.621 10.497 3.662 7.404 1.210 10.700 3.776 9.139 9.201 4.786 4.521 5.842 5.963 6.686 0.730 6.450 4.657 9.944 8.116 9.429 7.001 6.815 6.779 5.098 10.653 7.106 10.065 
7.993 12.194 2.969 6.774 5.425 5.909 11.963 10.828 12.854 9.263 5.814 8.096 12.169 2.251 9.751 5.119 9.029 6.260 4.868 14.909 10.773 12.092 7.784 13.440 7.607 10.493 3.914 5.659 11.630 16.676 1.219 13.380 4.013 5.377 3.996 1.825 10.339 5.157 12.420 4.216 12.704 13.667 8.094 5.581 4.572 10.709 4.739 7.059 10.484 14.095 14.355 5.864 11.027 7.334 10.448 8.115 6.861 3.462 16.272 11.070 8.814 8.385 7.053 14.202 1.185 12.642 8.657 8.795 9.185 9.882 2.295 14.238 6.154 9.221 15.454 8.184 12.508 4.899 15.704 8.228 13.134 9.094 7.757 2.898 9.456 3.260 10.696 5.451 11.472 7.883 10.543 13.249 6.899 12.134 11.884 7.652 9.820 12.841 12.239 15.196 
4.604 7.413 2.767 2.309 4.859 3.892 7.974 6.324 8.399 6.352 2.513 6.260 7.477 5.302 4.840 1.742 5.478 4.512 6.374 10.052 7.826 7.209 8.934 8.541 8.014 6.267 6.295 0.748 7.078 12.447 4.020 9.421 5.159 2.390 1.096 5.010 5.828 2.266 7.846 1.552 8.644 9.218 5.103 4.134 4.367 5.995 1.574 6.436 6.491 9.199 9.459 1.255 6.900 6.774 6.081 6.491 2.096 5.622 11.888 7.874 3.903 5.091 7.054 10.156 3.770 7.931 5.782 5.635 7.315 6.081 3.700 10.187 7.127 5.382 10.807 3.456 8.226 1.232 11.115 6.074 8.235 6.762 3.005 2.951 4.580 4.303 5.787 3.170 7.019 3.051 7.564 9.252 7.296 8.164 7.513 4.373 7.174 8.689 8.202 11.189 
4.795 9.445 2.645 3.480 5.592 5.145 8.689 7.503 9.526 8.098 4.169 5.527 8.866 4.518 6.712 1.792 7.393 5.718 6.387 11.681 7.800 9.156 7.169 10.286 6.425 8.336 4.228 2.753 8.307 13.376 2.859 11.468 3.189 2.114 0.992 2.985 7.015 1.889 9.927 0.897 10.703 11.305 5.021 5.163 4.860 8.059 2.947 7.340 8.525 10.928 11.369 2.665 7.723 7.674 7.121 7.789 3.667 3.552 12.951 8.010 5.789 6.918 5.551 12.218 2.421 9.987 7.497 7.437 6.650 6.627 3.152 12.250 5.333 7.370 12.136 4.930 9.190 1.609 12.379 5.509 10.142 8.328 5.080 2.785 6.561 4.186 7.664 2.424 8.145 5.094 9.361 9.981 7.843 8.865 8.558 6.166 6.944 10.759 8.957 11.935 
2.871 10.933 9.074 5.388 11.792 10.909 4.783 5.704 6.668 12.960 9.457 1.063 7.192 10.889 7.959 5.325 11.786 11.530 12.861 10.227 2.097 10.011 5.518 9.704 4.168 11.631 6.695 6.953 6.279 9.048 9.167 14.679 5.562 4.692 6.700 7.679 5.533 4.871 12.080 5.991 13.852 13.543 2.148 11.139 11.174 10.232 8.583 13.437 12.157 10.109 11.495 6.054 4.628 13.776 5.094 13.476 6.093 6.520 9.096 2.667 7.547 11.641 3.514 15.182 8.669 11.656 12.466 12.188 0.493 3.426 9.628 15.201 4.894 11.445 9.348 5.904 5.894 5.847 9.308 0.974 10.497 13.578 8.328 9.230 8.469 10.657 8.557 4.087 5.834 8.037 14.012 5.686 14.176 4.845 5.784 11.038 1.086 13.734 5.072 7.289 
9.072 2.783 11.848 8.160 11.949 10.407 7.460 5.735 5.603 8.983 9.308 11.616 4.392 14.368 4.702 9.905 7.780 10.696 14.257 2.598 10.170 2.361 16.309 1.792 14.997 5.784 15.157 8.773 5.280 8.079 13.438 6.449 13.779 10.086 10.522 14.391 5.906 10.212 3.772 10.576 5.969 4.274 9.713 11.004 12.128 4.198 9.939 12.367 6.420 1.701 0.193 8.760 6.998 12.565 6.339 11.122 7.779 14.558 7.038 9.631 5.632 8.386 14.036 6.302 13.257 2.925 9.059 8.543 11.922 8.014 12.833 6.291 14.904 7.167 4.953 6.706 6.390 9.856 5.484 11.122 1.287 10.072 6.753 12.005 4.976 12.911 3.750 10.678 5.749 6.566 8.929 7.664 13.830 7.547 6.028 8.599 10.591 5.613 7.322 8.335 
6.784 9.924 0.820 4.998 3.825 3.858 10.541 9.091 11.160 7.154 3.529 7.619 10.304 2.544 7.608 3.637 6.792 4.317 4.299 12.882 9.867 9.878 8.695 11.344 8.161 8.192 5.167 3.565 9.866 15.143 1.214 11.117 4.598 4.112 2.211 3.221 8.594 3.893 10.117 2.746 10.426 11.362 7.076 3.665 3.004 8.426 2.433 5.587 8.203 12.006 12.149 3.979 9.517 5.906 8.793 6.329 4.918 4.534 14.638 10.048 6.677 6.178 7.381 11.930 1.134 10.354 6.541 6.622 8.743 8.529 1.055 11.966 6.889 6.948 13.630 6.277 10.921 3.245 13.924 7.609 10.937 7.129 5.504 0.861 7.248 2.112 8.539 4.519 9.772 5.660 8.444 11.835 5.882 10.725 10.238 5.429 9.034 10.553 10.793 13.789 
7.191 9.406 0.167 5.125 2.878 2.898 10.775 9.147 11.222 6.224 2.777 8.295 10.250 2.571 7.317 4.038 5.946 3.340 3.683 12.670 10.355 9.464 9.646 11.071 9.069 7.467 6.148 3.463 9.892 15.276 1.875 10.301 5.547 4.598 2.571 4.188 8.652 4.392 9.484 3.238 9.635 10.670 7.564 2.685 2.087 7.886 1.885 4.644 7.420 11.738 11.737 4.071 9.714 4.968 8.909 5.349 4.908 5.513 14.712 10.484 6.408 5.303 8.257 11.127 1.997 9.786 5.612 5.723 9.414 8.828 1.011 11.164 7.830 6.152 13.580 6.256 11.054 3.573 13.906 8.239 10.544 6.160 5.072 0.193 6.869 1.508 8.217 5.127 9.845 5.283 7.511 12.060 5.046 10.963 10.342 4.569 9.580 9.782 11.011 14.003 
6.291 3.036 6.430 4.078 6.574 5.025 7.492 5.142 6.791 4.684 3.830 8.839 5.326 8.908 1.806 5.415 3.286 5.401 8.836 6.775 8.923 3.129 12.723 5.047 11.587 2.477 10.622 3.744 5.508 10.809 8.094 5.562 9.372 5.846 5.516 9.436 4.821 5.880 3.451 5.796 4.735 4.880 7.023 5.611 6.676 1.569 4.514 7.278 3.055 5.696 5.378 4.117 6.446 7.530 5.365 6.329 3.408 9.963 9.972 8.650 1.663 3.586 10.577 6.151 7.976 3.508 4.458 3.980 9.602 6.514 7.402 6.176 11.033 2.725 8.307 3.261 7.082 5.159 8.755 8.448 4.224 5.667 1.424 6.578 1.005 7.432 2.273 6.633 5.754 1.427 5.338 8.488 8.666 7.674 6.328 3.479 8.771 4.664 7.577 10.111 
5.281 13.052 7.558 6.497 10.598 10.249 8.709 8.909 10.381 13.101 9.185 3.293 10.496 8.472 9.976 5.224 12.244 10.820 10.913 13.619 6.285 12.392 2.195 12.722 1.347 12.788 2.836 7.146 9.647 13.199 6.850 15.982 2.324 4.705 5.888 4.531 8.569 4.707 13.905 5.241 15.172 15.375 4.771 10.251 9.806 11.953 8.006 12.363 13.128 13.246 14.290 6.488 8.248 12.690 8.315 12.892 7.131 2.961 13.170 6.826 9.245 11.860 0.827 16.646 6.360 13.717 12.516 12.399 3.944 6.891 7.694 16.672 0.713 12.106 13.160 7.734 9.703 5.622 13.201 3.740 13.141 13.408 9.292 7.652 10.193 8.855 10.812 3.901 9.273 9.143 14.331 9.763 12.681 8.810 9.400 11.131 5.244 15.154 9.012 11.458 
5.669 6.997 11.702 6.683 13.218 11.785 2.054 2.618 0.578 12.041 10.246 7.439 2.092 14.208 5.561 8.221 10.642 12.307 15.157 3.823 4.994 5.827 12.300 4.190 10.936 9.319 12.490 8.318 1.940 3.564 12.754 11.432 11.102 7.997 9.494 12.563 3.111 8.208 8.410 9.133 10.724 9.554 5.963 12.285 13.000 7.324 10.162 14.332 10.031 4.232 6.053 7.716 2.455 14.623 2.896 13.606 6.859 12.060 2.957 4.372 6.061 10.933 10.144 11.579 12.382 7.636 11.816 11.343 7.271 3.804 12.620 11.580 11.364 10.058 2.526 5.537 0.951 8.492 2.551 6.952 5.590 13.029 7.689 11.887 6.359 13.209 5.292 8.154 1.917 7.317 12.574 1.770 15.576 2.030 1.454 10.715 5.774 10.450 1.787 2.789 
4.410 11.888 6.395 5.305 9.420 9.009 8.136 8.040 9.662 11.828 7.916 3.006 9.622 7.534 8.830 3.958 10.966 9.588 9.876 12.733 6.026 11.275 3.459 11.735 2.558 11.532 2.664 5.873 8.810 12.768 5.854 14.726 1.565 3.461 4.622 3.810 7.662 3.448 12.699 3.967 13.918 14.163 4.025 9.033 8.646 10.748 6.746 11.181 11.861 12.286 13.236 5.233 7.541 11.511 7.469 11.658 5.914 2.483 12.643 6.496 8.066 10.584 1.699 15.398 5.351 12.541 11.244 11.124 3.940 6.184 6.615 15.425 1.732 10.831 12.453 6.605 9.043 4.348 12.537 3.338 12.066 12.147 8.041 6.502 9.005 7.764 9.692 2.680 8.469 7.904 13.055 9.278 11.565 8.257 8.660 9.856 4.978 13.907 8.439 11.075 
2.582 7.307 4.639 0.753 6.883 5.830 6.064 4.701 6.739 7.860 4.327 4.519 6.066 7.029 4.308 1.047 6.764 6.449 8.364 8.939 5.803 6.792 8.027 7.632 6.908 7.001 6.250 1.812 5.502 10.664 5.519 10.186 4.890 1.200 2.275 5.621 4.210 1.301 8.078 1.913 9.367 9.542 3.124 6.126 6.395 6.127 3.584 8.424 7.402 8.253 8.894 0.908 5.032 8.759 4.342 8.345 1.294 5.645 10.190 5.844 3.479 6.545 5.900 10.824 5.144 7.942 7.345 7.096 5.494 4.096 5.478 10.850 6.353 6.505 9.329 2.230 6.449 1.255 9.575 4.249 7.682 8.436 3.503 4.822 4.399 6.237 5.223 1.941 5.353 3.319 8.969 7.356 9.324 6.250 5.787 5.911 5.192 9.332 6.312 9.308 
4.884 11.307 4.676 4.820 7.719 7.442 8.876 8.294 10.137 10.439 6.509 4.386 9.818 5.742 8.366 3.129 9.708 7.995 8.081 12.842 7.223 10.852 4.852 11.645 4.232 10.527 2.181 4.820 9.101 13.609 4.055 13.696 0.882 2.895 3.254 2.244 7.853 2.767 11.948 2.748 12.913 13.373 4.758 7.405 6.922 10.024 5.288 9.485 10.770 12.246 12.961 4.401 8.101 9.810 7.789 10.064 5.279 1.594 13.356 7.599 7.505 9.251 3.475 14.420 3.551 11.907 9.838 9.774 5.450 6.807 4.829 14.450 3.017 9.652 12.892 6.276 9.629 3.339 13.047 4.578 11.750 10.656 7.132 4.768 8.383 5.985 9.290 2.429 8.832 7.071 11.699 10.108 9.802 9.024 9.127 8.501 6.218 12.944 9.172 12.000 
9.517 11.564 2.545 7.593 3.039 4.125 13.216 11.634 13.708 7.302 4.812 10.279 12.732 0.737 9.717 6.361 7.467 4.222 1.935 15.092 12.603 11.746 10.664 13.462 10.374 9.283 6.827 5.950 12.380 17.754 2.206 11.780 6.727 6.850 4.908 4.711 11.138 6.631 11.455 5.482 11.215 12.499 9.814 3.602 2.337 10.035 4.260 4.390 9.084 14.129 14.003 6.543 12.170 4.619 11.387 5.690 7.395 6.328 17.199 12.785 8.828 6.749 9.716 12.635 2.709 11.865 6.748 7.026 11.403 11.233 1.691 12.674 8.970 7.829 16.061 8.743 13.530 5.942 16.390 10.302 12.838 6.867 7.398 2.360 9.210 1.197 10.590 7.239 12.330 7.649 8.504 14.506 4.003 13.403 12.823 6.128 11.759 11.421 13.460 16.456 
8.016 7.265 13.635 8.736 14.823 13.323 4.398 4.663 2.722 13.038 11.859 9.824 3.434 16.190 6.828 10.380 11.664 13.791 16.898 2.722 7.273 6.181 14.676 4.036 13.313 10.033 14.844 10.215 3.859 2.774 14.822 11.563 13.448 10.221 11.562 14.824 5.151 10.424 8.617 11.273 10.962 9.473 8.343 13.865 14.710 8.042 11.963 15.753 10.749 3.698 5.489 9.723 4.826 16.021 5.091 14.844 8.792 14.396 1.734 6.645 7.543 12.075 12.531 11.531 14.482 7.760 12.914 12.411 9.616 6.184 14.586 11.524 13.755 11.046 0.366 7.432 3.342 10.598 0.239 9.340 5.532 14.088 9.170 13.817 7.568 15.068 6.257 10.447 4.046 8.824 13.359 3.696 17.086 4.340 3.733 11.992 8.116 10.639 4.110 3.362 
4.042 8.901 10.993 6.065 13.083 11.825 1.002 3.263 2.954 12.859 10.240 4.971 4.104 13.301 6.592 7.136 11.498 12.412 14.713 6.658 2.166 7.776 9.686 6.670 8.340 10.620 10.456 7.903 3.307 4.950 11.685 13.209 9.146 6.715 8.578 10.935 3.493 6.940 10.264 8.041 12.431 11.584 3.996 12.232 12.687 8.776 9.811 14.459 11.284 6.876 8.576 7.097 1.859 14.779 2.936 14.034 6.521 10.131 4.927 1.541 6.698 11.614 7.650 13.504 11.246 9.609 12.510 12.101 4.569 2.264 11.798 13.513 8.976 10.991 5.327 5.498 2.117 7.544 5.216 4.537 7.862 13.724 8.115 11.175 7.345 12.595 6.737 6.586 2.869 7.742 13.630 1.515 15.523 0.920 2.457 11.219 3.086 12.214 1.158 3.262 
1.914 7.759 8.724 3.809 10.840 9.620 2.106 2.299 3.513 10.892 8.040 3.762 3.797 11.054 4.998 4.888 9.572 10.216 12.442 6.876 2.430 6.752 8.638 6.298 7.277 8.958 8.681 5.654 2.891 6.846 9.461 11.799 7.305 4.506 6.317 8.897 2.176 4.729 9.009 5.802 10.988 10.431 2.140 10.007 10.425 7.294 7.556 12.255 9.573 6.705 8.103 4.832 1.380 12.580 1.694 11.909 4.307 8.273 6.568 2.131 4.861 9.610 6.417 12.208 9.034 8.487 10.497 10.121 3.898 0.020 9.538 12.222 7.575 9.114 6.299 3.433 2.882 5.281 6.373 3.258 7.143 11.696 6.099 8.906 5.656 10.324 5.411 4.482 2.464 5.740 11.762 3.381 13.284 2.270 2.530 9.153 2.579 10.819 2.394 5.328 
4.959 8.090 2.183 2.880 4.611 3.854 8.508 6.954 9.026 6.609 2.683 6.348 8.149 4.655 5.552 1.866 5.855 4.461 5.913 10.757 8.156 7.912 8.625 9.252 7.788 6.809 5.770 1.461 7.721 13.044 3.318 9.928 4.720 2.489 0.615 4.363 6.456 2.315 8.476 1.305 9.167 9.825 5.384 3.995 4.022 6.653 1.522 6.275 6.983 9.910 10.166 1.839 7.454 6.614 6.679 6.503 2.763 5.092 12.511 8.252 4.615 5.400 6.860 10.684 3.058 8.593 6.018 5.928 7.438 6.558 3.066 10.716 6.797 5.824 11.476 4.123 8.819 1.357 11.773 6.216 8.943 6.913 3.661 2.367 5.280 3.775 6.498 3.171 7.641 3.734 7.857 9.795 7.009 8.696 8.121 4.654 7.437 9.231 8.747 11.742 
10.102 3.504 8.648 7.818 7.345 6.046 10.896 8.534 9.766 3.345 5.802 12.640 8.207 10.676 5.241 8.924 2.707 6.030 9.631 8.351 12.648 4.587 16.335 6.741 15.264 1.363 13.847 7.045 8.680 13.390 10.418 1.854 12.723 9.441 8.635 12.339 8.317 9.435 2.282 9.096 1.097 2.526 10.834 6.587 7.860 3.023 6.956 7.108 1.128 7.200 5.872 7.653 9.941 7.212 8.885 5.619 7.116 13.170 12.424 12.328 5.439 3.431 14.259 2.612 10.463 3.138 3.677 3.254 13.414 10.213 9.471 2.646 14.584 2.395 10.463 7.068 10.257 8.570 10.980 12.256 5.302 4.355 4.862 8.737 4.571 9.038 5.090 10.260 9.029 5.058 2.928 11.708 8.582 11.061 9.567 4.055 12.558 1.251 10.922 13.071 
6.866 14.541 8.310 7.957 11.339 11.180 10.251 10.496 11.954 14.196 10.265 4.805 12.083 8.775 11.480 6.550 13.433 11.719 11.343 15.206 7.721 13.917 1.254 14.298 1.703 14.122 2.635 8.421 11.233 14.672 7.299 17.312 2.948 6.094 6.989 4.715 10.154 6.062 15.345 6.413 16.512 16.806 6.355 11.109 10.510 13.395 9.047 13.099 14.419 14.827 15.848 7.842 9.821 13.415 9.902 13.780 8.560 3.094 14.683 8.289 10.719 12.998 2.114 18.002 6.850 15.194 13.597 13.525 5.310 8.467 8.267 18.030 0.930 13.345 14.728 9.249 11.265 6.893 14.758 5.274 14.690 14.411 10.649 8.375 11.657 9.426 12.335 5.330 10.857 10.529 15.453 11.270 13.251 10.344 10.977 12.252 6.701 16.513 10.551 12.915 
1.327 7.198 6.109 1.311 8.289 7.151 4.611 3.484 5.439 8.844 5.597 3.796 4.979 8.473 4.112 2.339 7.633 7.762 9.829 8.009 4.460 6.474 8.029 6.896 6.777 7.498 6.959 3.119 4.297 9.260 6.921 10.602 5.548 2.100 3.720 6.706 3.025 2.306 8.180 3.261 9.774 9.661 2.022 7.493 7.836 6.258 4.988 9.774 8.001 7.467 8.378 2.251 3.609 10.105 3.035 9.573 1.966 6.428 8.834 4.437 3.509 7.528 5.780 11.158 6.521 7.889 8.378 8.068 4.588 2.625 6.937 11.179 6.542 7.279 8.125 1.878 5.071 2.685 8.327 3.407 7.218 9.528 4.160 6.292 4.465 7.708 4.901 2.418 4.076 3.869 9.861 5.905 10.734 4.795 4.454 6.968 3.984 9.684 4.867 7.861 
4.349 5.063 9.362 4.487 10.706 9.255 2.879 0.771 1.968 9.548 7.730 6.739 0.929 11.914 3.059 6.185 8.151 9.769 12.698 4.006 5.254 3.944 11.549 3.229 10.205 6.971 10.990 5.944 0.645 6.092 10.556 9.395 9.578 6.107 7.302 10.716 1.065 6.293 6.429 7.054 8.631 7.747 4.900 9.765 10.524 5.035 7.725 11.789 7.667 3.665 5.043 5.453 2.110 12.079 1.385 11.064 4.516 10.475 5.383 4.757 3.515 8.410 9.287 9.669 10.227 5.771 9.298 8.835 6.967 3.052 10.311 9.677 10.304 7.582 4.207 3.156 2.233 6.361 4.503 6.237 4.144 10.516 5.144 9.545 3.859 10.814 2.966 6.464 0.982 4.773 10.149 3.671 13.045 3.030 1.512 8.173 5.625 8.399 2.874 5.250 
9.242 11.496 2.334 7.363 3.179 4.164 12.969 11.420 13.495 7.398 4.744 9.968 12.543 0.516 9.577 6.092 7.502 4.307 2.251 14.945 12.314 11.647 10.340 13.327 10.046 9.279 6.508 5.753 12.173 17.527 1.879 11.836 6.399 6.569 4.648 4.391 10.924 6.349 11.427 5.204 11.255 12.499 9.527 3.667 2.425 9.967 4.116 4.610 9.104 13.994 13.910 6.318 11.929 4.851 11.162 5.861 7.188 6.005 16.984 12.504 8.679 6.791 9.388 12.689 2.382 11.815 6.833 7.090 11.090 10.975 1.428 12.728 8.643 7.842 15.874 8.542 13.302 5.684 16.196 9.996 12.736 7.006 7.279 2.151 9.090 1.166 10.461 6.941 12.114 7.519 8.618 14.261 4.290 13.155 12.601 6.149 11.462 11.452 13.216 16.212 
4.933 5.036 4.665 2.386 5.588 4.151 7.197 5.084 7.065 5.249 2.612 7.268 5.850 7.230 2.660 3.410 4.028 4.690 7.634 8.031 7.942 4.882 10.802 6.412 9.726 4.183 8.559 1.677 5.698 11.200 6.215 7.376 7.326 3.903 3.457 7.384 4.635 3.906 5.515 3.732 6.565 6.925 5.622 4.649 5.443 3.629 2.802 6.733 4.563 7.079 7.151 2.121 6.083 7.038 5.065 6.214 1.671 7.898 10.497 7.801 1.772 3.939 8.722 8.045 6.041 5.559 4.808 4.472 8.158 5.718 5.655 8.073 9.069 3.702 9.127 2.322 7.114 3.112 9.503 6.939 5.937 5.990 0.689 4.831 2.248 5.905 3.560 4.720 5.785 0.676 6.255 8.372 7.940 7.391 6.347 3.437 7.575 6.555 7.358 10.198 
10.098 9.175 3.905 7.602 0.878 1.803 13.080 11.035 13.006 3.766 3.381 11.691 11.723 4.472 8.257 7.186 4.363 1.291 2.690 13.454 13.318 9.682 13.383 11.721 12.788 6.407 9.822 5.767 11.641 17.139 5.154 8.367 9.284 7.824 5.875 7.773 10.580 7.656 8.690 6.604 7.921 9.463 10.621 1.393 1.734 7.728 3.945 0.935 6.006 12.362 11.785 6.647 11.967 1.273 10.987 1.908 7.090 9.209 16.405 13.322 7.564 3.655 11.949 9.227 5.495 9.285 3.312 3.723 12.779 11.395 4.065 9.268 11.567 4.892 14.902 8.197 13.063 6.664 15.319 11.551 10.755 3.140 5.925 3.834 7.548 3.030 8.931 8.508 11.736 6.284 4.850 14.292 2.005 13.275 12.297 3.325 12.692 8.185 13.262 16.143 
4.716 10.144 3.360 3.899 6.375 6.011 8.709 7.752 9.719 8.990 5.061 5.013 9.191 4.869 7.314 2.122 8.276 6.575 6.973 12.102 7.521 9.786 6.288 10.783 5.583 9.170 3.395 3.510 8.564 13.439 3.147 12.319 2.300 2.181 1.836 2.458 7.278 1.979 10.693 1.456 11.546 12.091 4.812 6.001 5.609 8.798 3.838 8.135 9.381 11.410 11.963 3.253 7.808 8.465 7.316 8.646 4.217 2.726 13.079 7.795 6.411 7.808 4.741 13.058 2.652 10.711 8.389 8.328 6.134 6.621 3.691 13.090 4.451 8.240 12.398 5.381 9.312 2.150 12.608 5.067 10.739 9.212 5.846 3.476 7.234 4.802 8.259 2.165 8.357 5.828 10.252 9.987 8.554 8.876 8.727 7.056 6.601 11.592 8.990 11.928 
5.381 7.616 11.727 6.678 13.398 12.002 1.493 2.769 1.102 12.446 10.441 6.943 2.645 14.194 5.958 8.118 11.049 12.542 15.266 4.570 4.356 6.448 11.769 4.906 10.409 9.820 12.152 8.391 2.255 3.489 12.690 12.044 10.782 7.840 9.449 12.344 3.229 8.057 9.027 9.039 11.320 10.210 5.592 12.481 13.134 7.845 10.269 14.581 10.526 4.973 6.782 7.728 2.190 14.881 2.892 13.926 6.930 11.752 3.093 3.729 6.367 11.300 9.652 12.220 12.298 8.273 12.190 11.731 6.694 3.461 12.621 12.223 10.911 10.480 3.119 5.656 0.748 8.428 3.045 6.468 6.276 13.409 7.967 11.912 6.758 13.267 5.788 7.922 2.072 7.590 13.036 1.024 15.785 1.418 1.506 11.039 5.194 11.057 1.195 2.363 
4.510 7.152 10.796 5.746 12.500 11.120 0.979 1.912 1.036 11.683 9.552 6.249 2.215 13.261 5.219 7.190 10.291 11.668 14.347 4.736 3.911 5.998 11.117 4.730 9.752 9.165 11.316 7.468 1.565 4.422 11.758 11.542 9.935 6.922 8.516 11.448 2.343 7.138 8.547 8.110 10.791 9.803 4.775 11.590 12.222 7.227 9.352 13.712 9.859 4.921 6.637 6.797 1.291 14.015 1.968 13.096 6.008 10.898 3.993 3.304 5.552 10.509 8.952 11.774 11.369 7.839 11.404 10.955 6.116 2.619 11.688 11.779 10.169 9.737 3.713 4.750 0.244 7.496 3.745 5.760 5.978 12.625 7.125 10.981 6.014 12.339 5.157 7.028 1.258 6.746 12.325 1.480 14.897 1.035 0.687 10.217 4.626 10.548 0.806 3.220 
7.739 8.709 1.429 5.404 1.800 1.641 11.048 9.217 11.270 4.990 1.958 9.147 10.160 3.231 6.968 4.694 4.830 2.068 3.327 12.346 10.954 8.908 10.845 10.684 10.207 6.505 7.410 3.581 9.912 15.384 3.056 9.197 6.752 5.314 3.315 5.460 8.733 5.132 8.630 4.040 8.567 9.727 8.200 1.421 1.222 7.179 1.677 3.528 6.378 11.349 11.158 4.373 9.954 3.863 9.061 4.094 5.026 6.768 14.748 11.017 6.116 4.152 9.358 10.036 3.248 9.017 4.383 4.533 10.248 9.210 2.012 10.074 9.018 5.106 13.463 6.297 11.197 4.181 13.826 9.035 10.002 4.889 4.604 1.426 6.411 1.658 7.807 5.956 9.925 4.885 6.272 12.309 4.182 11.241 10.455 3.450 10.260 8.740 11.262 14.223 
3.838 8.552 10.728 5.770 12.776 11.506 0.706 2.905 2.705 12.507 9.921 4.956 3.785 13.060 6.232 6.893 11.144 12.090 14.432 6.414 2.291 7.430 9.730 6.364 8.376 10.260 10.363 7.603 2.970 5.027 11.457 12.852 9.035 6.492 8.324 10.777 3.133 6.717 9.911 7.804 12.074 11.236 3.850 11.919 12.392 8.417 9.513 14.137 10.925 6.590 8.269 6.809 1.499 14.456 2.577 13.697 6.208 10.018 4.928 1.666 6.343 11.265 7.653 13.152 11.025 9.261 12.162 11.751 4.633 1.997 11.545 13.160 8.955 10.636 5.186 5.162 1.867 7.288 5.109 4.503 7.534 13.377 7.770 10.910 6.986 12.325 6.379 6.401 2.526 7.396 13.273 1.531 15.214 0.677 2.136 10.876 3.135 11.857 0.923 3.394 
9.285 1.615 9.326 7.332 8.607 7.155 9.432 7.131 8.100 5.058 6.489 11.911 6.552 11.609 4.132 8.737 4.041 7.288 10.943 6.392 11.486 2.772 16.004 4.827 14.836 1.986 13.931 7.034 7.140 11.540 11.072 2.852 12.693 9.156 8.778 12.663 7.001 9.197 0.315 9.103 2.136 1.558 10.018 7.741 8.981 1.889 7.470 8.678 2.474 5.250 3.892 7.440 8.569 8.829 7.568 7.293 6.694 13.268 10.553 11.097 4.641 4.737 13.826 3.147 11.028 1.156 5.246 4.752 12.559 9.053 10.240 3.159 14.339 3.503 8.554 6.274 8.672 8.478 9.078 11.482 3.353 6.130 4.698 9.446 3.682 10.013 3.675 9.929 7.534 4.749 4.868 10.118 10.163 9.583 8.034 5.163 11.541 1.861 9.418 11.343 
1.380 7.667 5.750 1.372 8.083 7.027 5.069 4.067 5.998 8.932 5.509 3.516 5.572 8.044 4.582 1.877 7.773 7.644 9.515 8.602 4.602 6.987 7.534 7.476 6.311 7.787 6.366 2.994 4.880 9.759 6.455 10.928 4.956 1.548 3.318 6.132 3.613 1.763 8.597 2.792 10.101 10.078 1.943 7.328 7.581 6.659 4.785 9.625 8.254 8.053 8.932 2.090 4.109 9.960 3.601 9.520 2.087 5.833 9.364 4.657 3.910 7.613 5.305 11.512 6.037 8.346 8.439 8.160 4.409 3.023 6.536 11.535 6.004 7.459 8.701 2.335 5.597 2.287 8.894 3.182 7.761 9.559 4.363 5.930 4.869 7.362 5.407 1.824 4.646 4.108 9.996 6.362 10.521 5.247 5.004 7.013 4.001 10.030 5.336 8.317 
2.675 6.671 4.923 0.135 6.930 5.766 5.787 4.233 6.297 7.541 4.211 4.890 5.529 7.395 3.661 1.654 6.383 6.376 8.556 8.345 5.846 6.145 8.616 7.008 7.467 6.478 6.896 1.745 5.019 10.294 5.955 9.648 5.537 1.844 2.692 6.224 3.736 1.948 7.470 2.452 8.825 8.939 3.311 6.117 6.512 5.518 3.640 8.392 6.913 7.634 8.249 0.932 4.716 8.722 3.932 8.193 0.725 6.289 9.773 5.817 2.842 6.222 6.457 10.267 5.611 7.312 7.053 6.769 5.801 3.921 5.814 10.292 6.967 6.079 8.823 1.606 6.069 1.744 9.091 4.572 7.035 8.183 3.007 5.108 3.772 6.485 4.576 2.556 4.909 2.783 8.604 7.066 9.376 5.978 5.376 5.631 5.338 8.776 6.017 9.006 
6.023 13.474 7.175 6.883 10.214 10.018 9.633 9.661 11.234 13.022 9.091 4.285 11.245 7.792 10.432 5.415 12.261 10.562 10.316 14.360 7.308 12.889 2.305 13.374 2.085 12.974 1.846 7.265 10.423 14.186 6.250 16.161 1.796 4.987 5.815 3.755 9.290 4.941 14.241 5.245 15.364 15.695 5.591 9.958 9.392 12.294 7.873 11.977 13.260 13.923 14.868 6.711 9.103 12.296 9.083 12.626 7.462 2.121 14.121 7.833 9.645 11.824 1.892 16.859 5.784 14.116 12.422 12.350 5.004 7.743 7.180 16.887 0.588 12.178 14.022 8.219 10.587 5.740 14.087 4.702 13.694 13.242 9.512 7.248 10.573 8.344 11.306 4.254 10.071 9.404 14.278 10.726 12.178 9.743 10.239 11.077 6.260 15.372 9.937 12.459 
4.108 9.863 3.783 3.466 6.742 6.253 8.109 7.211 9.156 9.101 5.175 4.455 8.675 5.450 6.961 1.710 8.304 6.838 7.479 11.624 6.911 9.445 6.134 10.347 5.317 9.064 3.608 3.352 8.024 12.843 3.734 12.239 2.350 1.640 1.877 2.977 6.744 1.457 10.482 1.291 11.452 11.903 4.197 6.298 6.009 8.562 3.990 8.488 9.320 10.965 11.588 2.947 7.222 8.823 6.759 8.906 3.860 2.970 12.496 7.182 6.080 7.880 4.419 12.956 3.246 10.454 8.510 8.413 5.579 6.019 4.210 12.987 4.309 8.222 11.854 4.945 8.732 1.872 12.052 4.485 10.370 9.392 5.661 3.916 6.940 5.290 7.896 1.551 7.803 5.604 10.344 9.384 8.986 8.274 8.159 7.140 5.999 11.478 8.392 11.322 
5.184 3.937 9.344 4.770 10.367 8.865 3.998 1.868 2.735 8.793 7.409 7.695 1.197 11.922 2.388 6.539 7.396 9.335 12.468 3.446 6.387 2.803 12.429 2.284 11.104 6.039 11.583 5.949 1.684 6.665 10.680 8.311 10.177 6.571 7.487 11.115 1.983 6.734 5.321 7.347 7.563 6.612 5.802 9.407 10.275 4.053 7.587 11.309 6.749 2.829 3.982 5.619 3.258 11.583 2.445 10.460 4.624 11.030 5.834 5.900 3.090 7.731 10.157 8.555 10.395 4.638 8.599 8.114 8.007 4.118 10.319 8.562 11.093 6.801 4.298 3.307 3.220 6.628 4.697 7.199 3.017 9.802 4.711 9.522 3.159 10.705 2.009 7.041 2.103 4.368 9.292 4.671 12.630 4.139 2.576 7.583 6.710 7.317 3.965 6.070 
5.907 6.486 2.968 3.331 3.835 2.532 8.779 6.808 8.834 4.659 0.961 7.839 7.674 5.473 4.476 3.391 3.812 3.133 5.798 9.857 9.097 6.535 10.616 8.212 9.708 4.828 7.812 1.572 7.469 12.964 4.653 7.901 6.766 4.027 2.643 6.289 6.336 3.927 6.662 3.224 7.155 7.937 6.498 2.941 3.614 4.976 1.053 5.167 4.952 8.879 8.806 2.476 7.668 5.492 6.711 4.964 2.782 7.133 12.294 9.058 3.613 3.399 8.748 8.672 4.576 6.897 4.093 3.941 8.856 7.091 3.943 8.705 8.800 3.775 10.965 3.916 8.819 2.905 11.335 7.608 7.619 5.106 2.152 3.117 3.962 4.080 5.339 4.833 7.516 2.399 5.871 10.005 6.248 8.974 8.062 2.679 8.557 7.238 8.969 11.881 
7.525 11.858 2.789 6.335 5.438 5.799 11.496 10.378 12.399 9.140 5.584 7.650 11.729 2.521 9.364 4.664 8.840 6.188 5.081 14.490 10.309 11.726 7.511 13.037 7.271 10.239 3.679 5.274 11.181 16.211 1.156 13.172 3.647 4.912 3.579 1.560 9.889 4.693 12.124 3.767 12.481 13.394 7.626 5.512 4.579 10.385 4.465 7.118 10.258 13.689 13.983 5.441 10.563 7.405 9.992 8.099 6.442 3.175 15.811 10.603 8.427 8.213 6.681 13.986 0.929 12.322 8.530 8.642 8.744 9.415 2.254 14.022 5.838 9.003 15.008 7.756 12.046 4.458 15.253 7.774 12.760 9.025 7.416 2.745 9.091 3.316 10.312 4.983 11.019 7.528 10.426 12.781 7.054 11.667 11.426 7.471 9.360 12.606 11.773 14.728 
