20 40 100
754.753 944.230 1304.401 1205.547 427.784 761.858 1395.289 711.668 1112.682 322.418 483.002 1069.037 761.618 529.633 657.916 931.792 953.447 692.768 870.085 440.833 
68.057 16.014 62.892 90.691 112.899 75.525 50.783 34.144 96.725 173.001 65.801 23.930 34.444 172.842 53.069 100.230 42.623 55.015 18.309 128.361 17.944 177.249 26.535 91.742 38.051 38.492 80.452 26.501 69.122 64.792 136.438 164.581 101.429 98.264 115.515 15.618 52.908 17.025 115.497 138.511 
27.247 5.137 21.983 32.120 33.527 14.383 32.337 32.733 22.697 26.472 32.610 7.175 10.171 11.948 16.399 34.131 23.246 34.798 14.563 11.624 30.498 26.236 7.333 14.711 19.020 32.412 22.829 9.804 31.750 8.034 9.623 13.287 8.206 10.156 27.318 16.537 29.282 20.994 7.610 31.711 20.186 10.671 27.261 10.185 21.607 5.707 32.560 7.748 12.423 21.418 26.492 20.165 12.210 34.829 19.251 18.014 12.221 20.571 33.621 15.724 31.722 22.468 29.837 15.654 26.493 22.865 5.661 8.897 28.196 31.024 26.023 27.299 17.630 31.323 7.803 16.508 25.195 15.013 28.457 15.299 33.991 14.913 28.510 11.864 20.135 7.559 23.003 12.161 30.288 24.538 28.177 19.672 13.829 21.756 23.955 17.125 11.757 21.875 18.846 18.515 
819.518 418.443 836.015 974.397 1077.145 918.017 674.658 586.368 1025.353 1334.516 804.535 523.796 572.971 1360.677 674.069 1063.397 647.652 739.830 424.362 1127.346 460.271 1348.839 585.596 909.269 608.626 672.984 884.306 523.042 861.739 841.441 1218.354 1332.573 1044.539 991.684 1140.890 386.497 749.056 434.155 1049.770 1143.779 
8.767 10.527 9.827 0.966 11.594 8.986 7.091 10.935 5.214 7.889 2.017 5.965 12.193 9.280 11.339 8.181 3.790 3.114 4.578 8.117 10.036 5.630 7.765 6.624 10.166 0.991 3.393 3.022 10.996 11.605 11.157 10.708 10.380 8.701 7.652 3.580 11.034 5.711 5.961 10.381 
16.263 11.329 2.542 11.565 11.668 15.275 4.624 6.105 6.667 17.186 9.423 8.307 2.843 2.162 3.558 5.209 8.041 10.162 9.767 3.351 1.552 8.939 13.266 5.533 1.443 10.709 9.626 10.646 6.073 1.011 1.170 7.586 14.029 15.453 16.980 12.413 3.288 9.649 11.628 1.183 
10.421 6.401 3.431 6.884 7.105 9.457 4.345 3.897 2.102 11.463 5.473 2.471 5.407 4.277 4.343 6.509 5.360 4.855 8.001 3.833 5.128 3.116 7.448 1.030 4.407 6.823 4.319 5.310 3.948 5.501 6.250 4.183 8.522 9.616 11.269 6.940 4.106 3.813 5.790 5.298 
0.983 8.369 14.285 7.593 9.222 2.579 13.718 12.786 10.353 1.794 9.567 8.392 15.972 14.899 14.735 15.531 11.491 7.152 13.044 14.065 15.777 7.751 3.953 11.204 15.245 9.410 7.567 6.738 12.862 16.354 16.958 11.549 5.639 2.020 1.853 5.146 14.628 7.051 5.081 16.015 
13.067 11.131 5.412 6.377 11.946 12.619 1.451 8.388 3.485 13.102 4.016 6.158 7.749 3.994 7.393 2.378 2.170 6.016 3.783 2.841 4.526 6.469 10.780 3.926 5.128 5.040 5.632 6.433 8.416 6.550 5.496 9.058 12.630 12.574 12.870 8.133 7.007 7.116 8.747 4.897 
3.461 4.123 11.638 8.488 4.868 1.843 12.293 9.248 8.829 6.046 9.588 6.244 12.853 12.751 11.574 14.381 11.137 6.791 13.359 12.201 13.599 5.790 1.671 9.157 12.782 10.053 6.921 6.618 9.320 13.626 14.703 7.807 1.288 2.386 6.013 5.989 11.560 5.105 3.634 13.755 
14.436 9.697 0.912 9.951 10.121 13.457 3.607 4.829 4.944 15.380 7.917 6.480 2.749 1.225 2.732 4.918 6.759 8.414 8.812 2.196 1.563 7.113 11.448 3.737 0.399 9.252 7.874 8.897 4.814 1.701 2.395 6.165 12.285 13.629 15.177 10.649 2.352 7.822 9.801 1.526 
6.429 10.488 12.227 2.679 11.568 7.141 10.078 12.460 7.541 4.904 5.037 7.170 14.456 12.036 13.440 11.360 6.966 4.249 7.707 10.935 12.851 6.607 6.600 8.866 12.783 4.232 4.779 3.816 12.531 14.163 14.016 11.840 9.336 6.706 4.676 2.630 13.190 6.313 5.482 13.174 
11.387 4.777 4.626 10.318 4.872 10.008 7.784 0.865 6.049 13.189 9.307 4.955 4.736 6.520 3.522 9.789 9.332 7.989 11.966 6.765 7.094 5.490 8.173 4.924 5.875 10.604 7.535 8.347 0.924 6.054 7.839 0.723 7.904 10.371 13.042 9.588 3.676 5.844 7.373 7.053 
17.360 12.287 3.591 12.616 12.573 16.358 5.524 6.919 7.758 18.291 10.440 9.407 3.306 3.183 4.279 5.781 8.981 11.256 10.552 4.341 2.439 10.040 14.349 6.638 2.548 11.704 10.722 11.741 6.879 1.697 1.507 8.450 15.052 16.543 18.085 13.511 4.075 10.749 12.727 2.080 
17.040 12.469 3.638 11.818 12.859 16.136 4.526 7.375 7.163 17.789 9.569 9.098 4.142 2.515 4.869 4.537 7.988 10.648 9.394 3.523 1.642 9.702 14.129 6.204 2.389 10.781 10.129 11.131 7.347 2.320 0.450 8.823 15.061 16.278 17.577 12.918 4.585 10.427 12.396 1.394 
15.019 10.098 1.278 10.581 10.471 14.015 4.086 5.018 5.579 15.997 8.533 7.070 2.395 1.570 2.667 5.190 7.328 9.047 9.306 2.687 1.550 7.708 12.006 4.364 0.400 9.860 8.506 9.530 4.994 1.081 2.061 6.438 12.765 14.198 15.795 11.279 2.326 8.413 10.390 1.364 
13.332 15.131 12.193 5.773 16.167 13.729 8.361 14.447 8.464 11.937 5.351 10.195 14.590 10.905 14.075 8.173 5.322 7.768 3.193 9.746 11.394 10.032 12.588 9.710 12.034 4.347 7.897 7.779 14.494 13.462 12.253 14.610 15.201 13.400 11.713 8.341 13.708 10.278 10.772 11.765 
13.677 14.116 9.937 5.860 15.088 13.769 5.961 12.586 6.793 12.772 4.399 8.981 12.288 8.488 11.892 5.579 3.458 7.178 0.803 7.369 8.910 8.980 12.323 7.850 9.644 4.058 7.125 7.351 12.625 11.040 9.715 12.970 14.733 13.536 12.537 8.430 11.512 9.389 10.337 9.279 
5.066 4.614 8.756 5.266 5.699 4.196 8.730 7.433 5.245 6.392 5.960 2.898 10.432 9.519 9.206 10.763 7.434 3.199 9.720 8.811 10.393 2.302 2.255 5.818 9.760 6.596 3.247 3.138 7.510 10.821 11.553 6.414 4.375 4.287 6.230 3.278 9.087 1.573 0.525 10.601 
9.395 4.393 4.697 7.631 5.059 8.211 6.393 3.064 3.766 10.876 6.770 2.259 6.010 6.042 4.756 8.554 7.096 5.292 9.764 5.792 6.832 2.817 6.233 3.060 5.885 8.016 4.842 5.652 3.138 6.667 7.861 2.588 6.798 8.470 10.709 6.950 4.678 3.254 5.001 6.934 
9.084 3.673 5.291 7.987 4.321 7.820 7.130 3.088 4.433 10.725 7.302 2.584 6.401 6.727 5.126 9.291 7.745 5.601 10.411 6.516 7.500 3.032 5.883 3.793 6.509 8.504 5.193 5.919 3.165 7.203 8.501 2.233 6.207 8.119 10.569 7.072 5.097 3.322 4.870 7.586 
12.627 14.803 12.425 5.247 15.855 13.096 8.719 14.458 8.459 11.137 5.187 9.984 14.838 11.253 14.253 8.729 5.493 7.390 3.711 10.073 11.793 9.766 12.045 9.764 12.354 4.026 7.576 7.350 14.509 13.798 12.705 14.523 14.698 12.744 10.916 7.748 13.895 9.953 10.295 12.164 
7.754 10.842 11.374 1.593 11.928 8.268 8.857 12.073 6.684 6.447 3.762 6.865 13.689 10.972 12.758 9.981 5.591 3.826 6.145 9.828 11.751 6.396 7.412 8.073 11.806 2.759 4.280 3.513 12.140 13.225 12.890 11.645 10.138 7.892 6.215 3.096 12.476 6.273 5.933 12.089 
10.646 6.322 3.172 7.289 6.975 9.637 4.500 3.505 2.496 11.761 5.878 2.735 5.054 4.193 3.963 6.647 5.719 5.237 8.347 3.864 5.022 3.392 7.627 1.313 4.218 7.231 4.705 5.688 3.555 5.240 6.114 3.871 8.577 9.817 11.570 7.295 3.739 4.068 6.035 5.167 
12.604 6.079 4.615 5.757 15.144 12.482 6.371 16.927 8.322 12.486 9.624 13.012 12.142 11.353 3.061 5.433 3.143 10.616 13.741 2.035 12.303 9.190 8.517 9.432 3.897 10.269 9.349 1.524 13.436 8.585 6.822 14.475 3.489 13.978 13.634 10.149 12.735 5.913 15.674 10.647 8.033 5.764 5.101 12.595 8.419 13.841 13.853 7.979 8.904 12.356 15.764 10.957 8.596 7.261 12.396 11.318 12.432 12.273 11.419 4.535 4.006 0.424 14.795 9.481 13.761 15.904 0.829 5.171 7.672 7.219 4.377 7.207 9.823 11.252 7.857 4.137 15.585 14.902 11.771 4.325 7.331 7.502 8.887 4.387 1.985 8.813 8.235 13.138 10.797 3.513 14.003 9.304 11.753 15.024 12.702 9.145 11.549 12.813 7.099 12.908 
9.144 5.178 7.595 1.824 10.810 8.724 1.171 11.371 10.766 10.521 2.771 6.434 10.109 8.438 8.090 2.065 9.511 8.265 13.601 7.126 9.337 10.241 10.926 2.391 3.839 3.046 12.017 8.248 11.270 10.868 1.844 9.223 4.335 14.880 9.661 11.824 5.854 1.599 12.592 7.603 4.344 10.199 7.445 9.890 8.367 15.500 14.997 5.956 11.113 5.239 11.255 9.198 5.003 1.150 5.197 10.633 5.025 10.679 12.116 6.402 8.866 7.421 8.368 6.498 14.673 11.710 8.162 10.150 0.623 1.420 7.697 0.532 7.454 3.863 3.076 8.438 11.564 12.121 4.306 8.523 1.059 2.115 1.750 3.146 9.246 3.736 1.287 12.383 3.307 6.479 12.805 11.211 12.586 11.221 8.192 11.657 4.999 14.639 8.988 11.756 
2.735 7.845 10.581 9.312 2.157 2.298 9.102 3.183 10.657 5.174 6.268 3.820 4.985 3.716 12.305 9.772 13.958 4.582 8.931 12.245 3.521 8.947 10.677 9.739 11.679 6.615 11.426 13.626 5.153 10.518 10.674 0.772 10.518 10.969 1.932 10.212 4.724 9.421 4.766 3.847 5.810 12.477 10.025 3.966 7.495 12.274 11.332 6.113 10.528 5.558 2.462 5.290 5.221 8.003 10.211 6.926 6.896 5.731 9.183 9.808 12.376 13.514 3.358 4.608 10.849 3.041 14.084 12.978 9.317 10.237 10.875 9.358 4.843 9.049 6.365 11.791 3.041 4.794 7.422 11.722 8.025 7.157 9.450 10.260 14.726 5.391 9.596 7.508 8.011 10.721 7.173 10.227 9.567 2.990 1.262 11.088 4.407 11.907 9.628 6.709 
7.396 4.561 3.258 8.334 10.057 7.617 8.818 12.824 1.071 5.969 9.742 11.301 5.787 6.141 4.853 8.489 5.895 5.235 6.013 5.807 6.730 1.487 1.205 12.089 8.940 10.664 2.289 6.648 6.836 1.133 10.621 10.557 6.795 6.178 8.585 2.401 11.613 8.645 9.351 5.952 6.283 3.186 2.910 6.679 2.306 6.238 6.091 4.592 1.388 11.808 10.717 4.823 6.130 8.681 14.556 4.157 12.673 5.522 3.618 3.917 4.169 7.397 12.352 5.556 5.959 10.516 7.488 3.915 10.310 10.626 3.459 9.914 4.982 13.061 7.356 3.796 10.097 8.478 12.477 3.618 8.790 7.978 11.457 7.824 7.381 7.616 11.015 5.688 12.067 4.647 6.673 1.602 3.933 9.449 8.533 1.923 10.325 5.248 0.816 5.711 
9.817 6.251 8.671 2.829 11.284 9.364 2.190 11.559 11.845 11.347 2.971 6.441 10.938 9.213 9.109 2.983 10.487 9.114 14.539 8.101 10.075 11.287 12.004 1.308 4.505 2.906 13.094 9.168 12.057 11.944 1.869 9.545 5.313 15.873 10.233 12.878 5.741 2.564 13.233 8.394 5.251 11.270 8.529 10.645 9.394 16.528 16.002 6.933 12.186 5.010 11.685 10.079 5.868 2.157 4.183 11.574 4.528 11.540 13.124 7.482 9.909 8.277 8.362 7.348 15.669 12.189 9.019 11.206 0.644 1.334 8.768 1.124 8.332 2.943 3.955 9.494 12.077 12.813 3.725 9.583 2.053 3.041 0.668 4.070 10.131 4.460 0.366 13.288 2.625 7.530 13.665 12.276 13.596 11.780 8.717 12.733 5.105 15.679 10.068 12.637 
11.829 5.333 4.774 4.236 14.258 11.645 4.826 15.822 8.694 12.013 8.173 11.661 11.643 10.642 3.754 3.879 4.419 9.987 13.704 2.469 11.617 9.254 8.890 7.814 2.279 8.769 9.830 2.816 12.951 8.929 5.203 13.397 2.260 14.183 12.787 10.414 11.323 4.364 15.052 9.880 6.971 6.547 5.127 11.972 8.162 14.217 14.110 7.236 9.246 10.894 14.854 10.468 7.599 5.778 10.777 11.078 10.899 11.872 11.500 4.278 4.772 1.684 13.492 8.661 13.963 15.059 2.396 6.088 6.070 5.600 4.617 5.611 9.147 9.645 6.599 4.707 14.770 14.326 10.215 4.883 5.840 6.126 7.274 2.882 3.557 7.583 6.621 12.948 9.219 3.385 13.740 9.589 11.878 14.241 11.727 9.577 10.183 13.203 7.233 12.624 
1.721 7.575 9.363 10.511 3.044 2.266 10.554 6.176 8.003 1.514 8.782 7.566 1.621 2.359 11.253 10.923 12.736 2.921 4.916 11.622 1.398 6.159 7.958 12.303 12.503 9.437 8.433 12.888 1.103 7.787 12.437 4.645 10.785 6.996 2.139 7.006 8.368 10.724 2.154 3.201 6.579 10.520 8.779 0.935 5.484 8.377 7.389 5.690 7.692 9.074 3.628 2.685 5.857 9.655 13.481 3.541 10.381 2.079 5.629 9.022 10.987 13.142 7.423 4.433 6.896 3.227 13.546 11.179 11.319 12.119 9.667 11.193 3.766 12.133 7.704 10.449 2.787 1.443 10.715 10.325 9.719 8.670 11.858 11.016 13.887 7.004 11.798 3.536 11.015 10.047 3.108 7.279 5.928 2.148 3.409 8.158 7.621 8.142 7.576 2.775 
5.652 6.983 10.094 6.692 6.081 5.094 6.274 5.832 11.579 7.939 2.864 0.911 7.607 5.807 11.445 7.136 13.110 6.283 11.725 10.979 6.256 10.230 11.664 5.994 9.135 2.878 12.628 12.338 8.291 11.536 7.425 4.013 8.614 13.561 5.498 11.769 1.121 6.691 8.567 5.311 4.617 12.491 9.650 6.851 8.350 14.649 13.842 5.995 11.652 1.724 6.329 7.308 4.493 5.154 6.298 9.109 3.046 8.369 11.242 9.025 11.835 11.893 2.769 5.089 13.400 6.957 12.572 12.786 5.982 6.925 10.337 6.159 5.948 5.131 4.285 11.269 6.963 8.424 3.502 11.263 5.129 4.635 5.809 7.929 13.449 3.424 6.088 10.291 4.120 9.691 10.259 11.503 11.695 6.853 3.976 12.253 0.637 14.061 10.093 9.502 
2.593 4.092 6.181 7.194 5.285 2.644 7.325 7.795 6.001 2.861 6.312 6.602 2.449 1.280 8.027 7.579 9.605 0.599 6.087 8.252 2.210 4.391 6.037 9.590 9.060 7.140 6.871 9.566 3.700 5.885 9.268 5.472 7.300 7.707 3.742 5.836 7.119 7.434 5.626 0.860 3.358 7.825 5.599 2.551 2.795 8.692 7.942 2.206 5.931 7.550 5.944 1.533 2.692 6.559 11.319 3.216 8.679 2.987 5.252 5.661 7.920 9.727 7.368 1.213 7.528 5.932 10.172 8.372 8.309 9.016 6.486 8.104 0.281 9.855 4.619 7.349 5.572 4.918 8.754 7.253 6.640 5.578 9.061 7.578 10.608 4.181 8.877 4.760 8.737 6.670 5.114 5.689 5.712 4.975 3.444 6.514 5.977 8.067 4.936 4.083 
13.227 7.082 4.471 8.020 15.899 13.220 8.668 18.066 7.214 12.585 11.620 14.721 12.300 11.910 2.608 7.779 1.169 11.066 13.050 2.845 12.779 8.545 7.390 11.945 6.529 12.367 7.979 1.583 13.523 7.504 9.419 15.606 5.529 12.878 14.355 9.099 14.583 8.233 15.939 11.335 9.369 4.199 5.056 12.951 8.381 12.465 12.670 8.788 7.803 14.328 16.550 11.150 9.787 9.393 14.908 11.065 14.585 12.256 10.617 5.081 2.918 2.598 16.370 10.317 12.672 16.566 1.928 3.437 10.105 9.769 4.165 9.627 10.394 13.677 9.538 3.401 16.201 15.105 14.000 3.546 9.479 9.413 11.365 6.690 0.810 10.400 10.723 12.729 13.105 4.198 13.688 8.274 10.863 15.591 13.682 7.872 13.319 11.444 6.531 12.667 
5.305 4.916 5.049 8.795 7.874 5.618 9.146 10.779 2.917 3.626 9.188 9.996 3.477 4.169 6.869 9.059 8.110 3.333 4.187 7.605 4.577 1.089 2.889 12.061 9.968 10.085 3.542 8.647 4.476 2.720 11.082 8.646 7.871 5.054 6.469 2.427 10.465 9.090 6.994 4.225 5.764 5.543 4.537 4.433 1.520 5.677 5.146 3.976 2.674 10.822 8.524 2.650 5.354 8.717 14.194 1.814 11.861 3.162 2.265 5.247 6.346 9.220 10.759 4.283 4.842 8.262 9.434 6.258 10.468 10.972 5.319 10.146 3.415 12.696 7.025 5.889 7.833 6.119 11.821 5.730 8.818 7.846 11.463 8.645 9.494 6.969 11.131 3.513 11.620 6.193 4.433 2.342 2.733 7.184 6.681 3.211 9.263 4.892 2.735 3.405 
4.806 1.956 4.914 4.520 7.211 4.593 4.678 9.055 6.474 5.532 4.400 6.128 5.121 3.717 6.490 4.903 8.164 3.275 8.443 6.350 4.700 5.444 6.586 7.252 6.436 5.316 7.624 7.733 6.375 6.480 6.635 6.591 4.832 9.782 5.732 7.060 6.302 4.764 8.153 2.897 0.924 7.211 4.421 5.149 3.474 10.518 9.932 0.875 6.650 6.421 7.818 4.102 0.810 4.008 9.365 5.475 7.268 5.606 7.068 3.981 6.704 7.639 7.513 1.650 9.582 8.005 8.192 7.545 5.781 6.418 5.183 5.526 2.408 7.863 2.189 6.123 7.718 7.512 7.106 6.090 4.100 3.068 6.673 4.948 8.837 2.217 6.400 7.237 6.804 4.843 7.717 6.605 7.544 7.201 4.747 7.245 4.988 9.730 4.865 6.640 
5.149 9.672 12.596 10.359 3.711 4.716 10.014 2.008 13.003 7.559 6.713 3.235 7.391 6.112 14.220 10.816 15.894 6.952 11.258 14.007 5.936 11.327 13.032 9.798 12.803 6.730 13.812 15.394 7.449 12.876 11.285 1.716 11.974 13.322 4.226 12.622 4.104 10.401 6.556 6.147 7.415 14.656 12.065 6.357 9.792 14.657 13.699 8.121 12.900 4.997 3.556 7.703 6.964 8.882 9.545 9.345 6.202 8.126 11.601 11.711 14.397 15.140 1.625 6.709 13.211 4.315 15.763 15.108 9.847 10.790 12.878 10.004 7.116 8.659 7.610 13.812 4.545 6.811 6.927 13.761 8.874 8.208 9.660 11.490 16.508 6.623 9.958 9.855 7.789 12.552 9.438 12.614 11.981 4.794 3.596 13.468 4.504 14.314 11.880 9.066 
2.079 8.469 10.835 10.607 0.632 2.071 10.492 3.643 10.168 3.958 7.991 5.821 3.914 3.402 12.667 11.056 14.259 4.298 7.428 12.808 2.705 8.354 10.152 11.526 12.861 8.443 10.748 14.153 3.630 9.984 12.204 2.324 11.449 9.523 0.922 9.389 6.720 10.759 2.770 3.947 6.810 12.390 10.254 2.869 7.270 10.918 9.924 6.583 9.934 7.542 1.295 4.630 6.124 9.449 12.174 5.938 8.881 4.543 8.117 10.251 12.576 14.208 5.213 5.067 9.429 1.383 14.708 12.979 10.915 11.804 11.139 10.897 4.885 10.969 7.638 12.006 1.179 2.892 9.377 11.908 9.487 8.527 11.186 11.392 15.218 6.737 11.266 6.074 9.905 11.235 5.555 9.563 8.440 0.987 2.193 10.444 6.312 10.683 9.445 5.319 
4.639 8.487 11.463 9.080 3.931 4.133 8.739 3.168 12.114 7.108 5.470 2.172 6.880 5.390 13.044 9.537 14.722 6.159 10.907 12.789 5.405 10.506 12.158 8.652 11.524 5.546 12.991 14.175 7.157 12.008 10.040 1.668 10.710 12.918 3.955 11.881 3.096 9.124 6.710 5.278 6.194 13.603 10.946 5.905 8.863 14.185 13.267 7.018 12.056 3.991 3.992 7.011 5.781 7.607 8.642 8.738 5.276 7.644 10.992 10.541 13.261 13.894 1.353 5.674 12.789 4.708 14.525 14.024 8.609 9.552 11.739 8.751 6.197 7.641 6.339 12.677 4.830 6.801 5.930 12.635 7.600 6.929 8.478 10.212 15.291 5.356 8.747 9.473 6.707 11.356 9.182 11.803 11.398 4.912 2.898 12.637 3.287 13.763 10.894 8.669 
3.817 9.592 11.072 12.666 3.886 4.319 12.720 6.848 9.085 2.926 10.907 9.374 3.268 4.512 12.962 13.072 14.351 4.962 4.496 13.456 3.568 7.291 8.999 14.443 14.611 11.527 9.240 14.665 1.975 8.830 14.608 6.017 12.830 6.551 3.794 7.723 10.231 12.883 1.160 5.358 8.738 11.882 10.501 3.053 7.110 8.050 7.004 7.750 8.668 10.994 4.209 4.452 8.018 11.827 15.505 4.546 12.323 3.225 6.094 10.877 12.583 15.017 8.906 6.575 6.517 3.515 15.370 12.595 13.489 14.291 11.369 13.365 5.833 14.195 9.875 12.078 3.149 0.852 12.718 11.937 11.891 10.841 14.010 13.127 15.614 9.172 13.962 3.529 13.086 11.902 2.603 8.198 6.244 2.791 5.304 9.032 9.610 8.088 9.028 3.107 
4.203 6.295 6.969 10.001 6.457 4.654 10.255 9.526 4.700 1.958 9.636 9.692 1.994 3.442 8.818 10.324 10.092 2.928 2.809 9.488 3.416 2.894 4.625 12.829 11.472 10.473 4.991 10.582 2.641 4.454 12.220 7.648 9.452 4.386 5.235 3.541 10.308 10.277 5.144 3.891 6.480 7.503 6.432 3.053 3.110 5.476 4.650 4.868 4.316 10.812 7.071 1.886 5.901 9.644 14.652 0.191 11.982 1.389 2.253 7.028 8.326 11.095 10.105 4.511 4.216 6.693 11.350 8.229 11.417 12.036 7.249 11.155 3.495 13.182 7.778 7.859 6.252 4.267 12.085 7.703 9.736 8.697 12.273 10.069 11.456 7.470 12.030 1.696 12.067 8.017 2.496 3.870 2.634 5.614 5.870 4.736 9.241 4.995 4.719 1.426 
6.076 2.266 2.741 6.157 8.780 6.141 6.580 11.230 3.482 5.455 7.333 9.080 5.136 4.751 4.629 6.376 6.143 3.876 6.974 5.086 5.579 2.868 3.613 9.743 7.176 8.255 4.685 6.290 6.405 3.526 8.461 8.837 5.074 7.763 7.239 4.412 9.319 6.463 8.752 4.285 3.888 4.417 2.156 5.740 1.373 8.171 7.796 2.285 3.738 9.460 9.440 3.964 3.801 6.334 12.155 4.292 10.284 5.207 4.968 2.553 4.430 6.669 10.292 3.532 7.546 9.396 6.992 4.905 8.014 8.409 3.046 7.643 3.292 10.658 4.945 3.867 9.017 7.937 10.070 3.762 6.442 5.589 9.118 5.881 7.267 5.226 8.708 6.158 9.658 3.560 6.965 3.794 5.406 8.398 6.817 4.312 8.013 7.262 1.826 5.857 
6.469 8.645 8.614 12.475 8.218 6.988 12.778 11.363 5.292 4.000 12.304 12.228 4.248 5.979 10.304 12.765 11.297 5.574 0.654 11.195 5.713 4.038 5.135 15.466 13.738 13.142 4.912 12.101 4.130 5.000 14.735 9.811 11.642 1.810 7.302 3.470 12.889 12.762 6.101 6.520 9.105 8.366 8.161 5.205 5.264 3.160 2.173 7.427 4.727 13.430 8.743 4.522 8.551 12.233 17.320 2.801 14.623 3.475 1.849 8.971 9.609 12.804 12.460 7.179 1.685 8.196 12.934 9.144 14.005 14.583 8.852 13.721 6.163 15.850 10.404 9.251 7.766 5.341 14.745 9.073 12.328 11.304 14.901 12.401 12.826 10.132 14.635 1.685 14.736 9.875 2.420 4.232 1.656 7.202 8.239 4.843 11.865 3.070 6.132 2.461 
1.175 7.709 9.881 10.203 1.779 1.468 10.160 4.833 9.012 2.765 7.995 6.349 2.719 2.442 11.741 10.639 13.300 3.285 6.327 11.966 1.599 7.188 8.989 11.549 12.355 8.558 9.564 13.286 2.514 8.820 11.962 3.242 10.805 8.405 0.776 8.196 7.195 10.384 2.434 3.131 6.302 11.315 9.297 1.680 6.196 9.775 8.794 5.798 8.761 7.953 2.424 3.487 5.586 9.175 12.481 4.742 9.283 3.351 6.923 9.380 11.590 13.416 6.055 4.345 8.302 2.241 13.881 11.927 10.748 11.599 10.187 10.677 3.976 11.193 7.278 11.028 1.857 2.188 9.689 10.922 9.226 8.215 11.153 10.870 14.330 6.459 11.164 4.941 10.094 10.385 4.505 8.382 7.252 1.255 2.269 9.265 6.581 9.511 8.361 4.168 
2.933 9.347 11.702 11.424 0.327 2.949 11.288 3.169 10.933 4.587 8.671 6.226 4.600 4.258 13.540 11.876 15.127 5.145 7.830 13.686 3.507 9.105 10.908 12.179 13.700 9.067 11.463 15.031 4.115 10.739 12.966 2.531 12.315 9.937 1.800 10.070 7.147 11.568 2.665 4.823 7.661 13.220 11.121 3.589 8.098 11.371 10.355 7.462 10.675 8.003 0.533 5.410 6.981 10.230 12.668 6.604 9.335 5.165 8.725 11.128 13.437 15.086 5.354 5.945 9.859 0.579 15.587 13.820 11.652 12.553 12.007 11.654 5.755 11.519 8.451 12.869 0.645 3.047 9.884 12.770 10.263 9.323 11.866 12.237 16.094 7.532 11.976 6.540 10.481 12.113 5.910 10.288 9.021 1.020 2.966 11.170 6.877 11.203 10.269 5.825 
5.340 1.300 4.271 4.283 7.809 5.164 4.528 9.710 6.068 5.842 4.745 6.730 5.439 4.183 5.829 4.628 7.504 3.634 8.515 5.699 5.166 5.195 6.194 7.353 6.021 5.667 7.255 7.080 6.722 6.099 6.491 7.246 4.300 9.733 6.312 6.808 6.859 4.551 8.622 3.395 1.315 6.615 3.791 5.575 3.257 10.382 9.852 0.882 6.292 6.925 8.425 4.351 1.449 4.005 9.619 5.558 7.702 5.855 6.972 3.320 6.055 7.012 8.155 2.171 9.526 8.586 7.552 6.923 5.766 6.324 4.535 5.465 2.761 8.117 2.386 5.475 8.285 7.946 7.481 5.447 4.106 3.139 6.751 4.543 8.182 2.654 6.420 7.379 7.093 4.184 7.934 6.291 7.444 7.751 5.383 6.878 5.539 9.552 4.396 6.834 
9.851 3.424 3.802 2.744 12.254 9.652 3.396 13.827 7.652 10.164 6.443 9.796 9.782 8.688 3.655 2.546 4.960 8.071 12.147 2.574 9.669 7.867 7.842 6.775 2.135 7.133 8.873 3.702 11.089 7.846 4.464 11.396 0.273 12.839 10.790 9.200 9.527 2.974 13.117 7.910 4.962 6.145 3.950 10.048 6.519 13.047 12.819 5.294 8.149 9.175 12.847 8.622 5.590 4.133 9.709 9.393 9.333 10.066 10.078 2.899 4.556 3.028 11.587 6.681 12.619 13.060 3.739 5.911 4.887 4.703 3.767 4.405 7.217 8.425 4.655 4.251 12.777 12.413 8.726 4.382 4.214 4.292 6.168 1.472 4.744 5.625 5.544 11.277 7.824 2.373 12.010 8.418 10.491 12.256 9.718 8.571 8.333 12.064 6.001 10.888 
1.885 4.763 7.270 7.204 4.306 1.649 7.208 6.523 7.405 3.375 5.542 5.283 2.994 1.157 9.050 7.630 10.678 1.544 7.032 9.120 1.978 5.798 7.445 9.003 9.315 6.283 8.280 10.477 3.978 7.294 9.074 4.135 7.779 8.814 2.796 7.220 5.870 7.401 5.318 0.581 3.277 9.108 6.703 2.546 4.174 9.900 9.089 2.890 7.341 6.383 4.935 2.555 2.555 6.289 10.433 4.356 7.585 3.713 6.519 6.590 9.052 10.502 5.962 1.362 8.650 5.070 11.011 9.614 7.954 8.752 7.569 7.825 1.498 9.014 4.343 8.471 4.773 4.775 7.760 8.392 6.352 5.306 8.531 7.828 11.554 3.644 8.445 5.622 7.887 7.555 5.751 7.096 6.963 4.255 2.108 7.924 4.818 9.339 6.274 4.861 
2.864 8.785 11.363 10.507 1.010 2.636 10.321 2.613 11.035 5.036 7.534 4.949 4.944 4.104 13.146 10.965 14.774 5.015 8.591 13.178 3.602 9.253 11.033 11.004 12.846 7.876 11.690 14.546 4.783 10.868 11.924 1.255 11.596 10.680 1.713 10.378 5.872 10.628 3.832 4.468 6.890 13.090 10.792 3.885 8.005 12.061 11.075 6.967 10.841 6.733 1.196 5.518 6.255 9.233 11.403 6.964 8.062 5.619 9.180 10.677 13.138 14.506 4.117 5.433 10.582 1.822 15.047 13.640 10.575 11.492 11.663 10.608 5.461 10.277 7.542 12.559 1.908 4.048 8.626 12.475 9.258 8.366 10.717 11.408 15.633 6.585 10.861 7.222 9.253 11.627 6.728 10.495 9.522 2.044 2.127 11.373 5.653 11.796 10.177 6.455 
6.635 5.684 5.023 9.581 9.144 6.970 9.995 12.102 1.858 4.755 10.366 11.347 4.677 5.534 6.670 9.796 7.685 4.709 4.201 7.595 5.887 0.557 1.761 13.074 10.476 11.275 2.202 8.466 5.511 1.594 11.885 10.006 8.336 4.457 7.782 1.097 11.793 9.886 8.018 5.601 6.896 4.840 4.613 5.687 2.499 4.748 4.429 5.099 1.442 12.119 9.785 3.981 6.559 9.684 15.333 2.757 13.121 4.226 1.802 5.524 5.977 9.196 12.136 5.598 4.237 9.476 9.303 5.605 11.399 11.825 5.245 11.043 4.771 13.831 8.111 5.614 9.040 7.141 13.041 5.436 9.789 8.869 12.460 9.255 9.193 8.157 12.083 3.996 12.777 6.353 5.011 1.018 2.144 8.393 8.052 1.900 10.571 3.846 2.526 4.152 
5.556 2.189 3.229 6.081 8.255 5.608 6.460 10.687 3.863 5.052 6.971 8.585 4.716 4.231 5.103 6.334 6.647 3.370 6.839 5.482 5.080 3.005 3.977 9.520 7.278 7.892 5.025 6.725 6.003 3.875 8.377 8.292 5.222 7.771 6.713 4.602 8.849 6.380 8.305 3.745 3.495 4.960 2.644 5.267 1.212 8.276 7.836 1.808 4.058 9.018 8.914 3.534 3.342 6.125 11.853 4.048 9.879 4.846 4.971 2.902 4.950 7.042 9.767 2.992 7.556 8.884 7.401 5.449 7.841 8.290 3.535 7.492 2.756 10.352 4.622 4.381 8.510 7.503 9.697 4.283 6.231 5.328 8.904 5.927 7.726 4.823 8.523 5.931 9.330 3.926 6.688 4.056 5.426 7.895 6.272 4.648 7.550 7.402 2.298 5.570 
6.559 2.347 2.283 6.170 9.264 6.626 6.630 11.711 3.267 5.883 7.602 9.481 5.575 5.234 4.176 6.357 5.670 4.356 7.213 4.692 6.056 2.926 3.416 9.874 7.025 8.522 4.504 5.862 6.831 3.348 8.470 9.313 4.896 7.883 7.723 4.390 9.692 6.480 9.203 4.768 4.201 3.954 1.702 6.205 1.723 8.203 7.887 2.690 3.589 9.802 9.924 4.412 4.176 6.465 12.355 4.625 10.588 5.612 5.109 2.225 3.950 6.289 10.730 3.994 7.664 9.877 6.584 4.426 8.104 8.448 2.586 7.715 3.776 10.865 5.189 3.390 9.496 8.380 10.343 3.281 6.574 5.772 9.243 5.787 6.821 5.541 8.806 6.469 9.887 3.202 7.309 3.708 5.529 8.875 7.295 4.138 8.380 7.265 1.524 6.211 
5.673 7.057 10.169 6.764 6.067 5.115 6.343 5.782 11.643 7.970 2.928 0.835 7.641 5.844 11.521 7.207 13.186 6.329 11.760 11.055 6.284 10.289 11.727 6.036 9.206 2.925 12.689 12.414 8.314 11.598 7.485 3.986 8.690 13.602 5.504 11.825 1.073 6.761 8.568 5.356 4.691 12.563 9.723 6.878 8.412 14.695 13.884 6.063 11.714 1.710 6.308 7.352 4.563 5.224 6.305 9.153 3.038 8.404 11.290 9.100 11.910 11.969 2.699 5.147 13.441 6.941 12.648 12.860 6.042 6.984 10.412 6.222 6.001 5.150 4.362 11.344 6.952 8.433 3.511 11.337 5.199 4.709 5.857 8.003 13.525 3.500 6.141 10.326 4.147 9.767 10.286 11.563 11.743 6.849 3.987 12.315 0.700 14.110 10.161 9.535 
4.308 9.915 12.623 11.241 2.141 4.034 10.981 1.174 12.467 6.486 7.914 4.785 6.403 5.511 14.364 11.702 16.012 6.416 9.975 14.315 5.058 10.696 12.469 11.222 13.642 8.094 13.141 15.695 6.186 12.305 12.441 1.426 12.558 12.074 3.172 11.837 5.705 11.328 4.899 5.796 7.860 14.446 12.061 5.343 9.394 13.474 12.478 8.169 12.285 6.602 1.811 6.965 7.285 9.862 11.237 8.423 7.872 7.070 10.636 11.871 14.412 15.580 3.436 6.652 11.983 2.563 16.152 14.973 11.038 11.975 12.919 11.132 6.797 10.255 8.334 13.829 2.858 5.281 8.542 13.755 9.872 9.072 11.013 12.248 16.795 7.346 11.239 8.630 9.313 12.790 8.082 11.945 10.973 3.234 3.278 12.821 5.820 13.234 11.556 7.876 
4.124 10.519 12.894 12.476 1.452 4.133 12.310 2.678 12.060 5.634 9.539 6.774 5.689 5.448 14.731 12.932 16.318 6.332 8.624 14.869 4.677 10.225 12.029 12.991 14.787 9.857 12.547 16.217 5.055 11.859 13.931 3.065 13.453 10.724 2.987 11.127 7.704 12.607 3.119 6.011 8.775 14.394 12.312 4.713 9.274 12.192 11.160 8.642 11.783 8.589 0.854 6.560 8.110 11.230 13.258 7.661 9.896 6.199 9.719 12.315 14.628 16.260 5.593 7.119 10.665 0.895 16.767 15.001 12.585 13.501 13.199 12.616 6.947 12.192 9.505 14.060 1.337 3.740 10.512 13.960 11.257 10.350 12.717 13.334 17.282 8.562 12.869 7.414 11.195 13.298 6.685 11.383 9.988 1.975 4.023 12.264 7.612 12.096 11.442 6.749 
6.485 6.180 9.274 5.238 7.388 5.953 4.771 7.407 11.255 8.541 1.302 2.374 8.170 6.327 10.447 5.666 12.080 6.599 12.198 9.851 6.965 10.103 11.363 4.496 7.657 1.362 12.385 11.175 9.037 11.251 5.840 5.468 7.334 13.898 6.581 11.698 1.925 5.205 9.672 5.668 3.948 11.786 8.889 7.571 8.150 14.864 14.134 5.607 11.407 1.689 7.710 7.651 4.076 3.676 5.283 9.405 2.522 8.895 11.400 8.135 10.941 10.633 4.305 5.094 13.721 8.286 11.334 11.997 4.396 5.338 9.489 4.584 6.072 3.935 3.223 10.398 8.239 9.416 2.578 10.414 3.638 3.315 4.260 6.530 12.272 2.611 4.508 10.801 2.831 8.682 10.912 11.325 11.869 8.046 5.015 12.007 0.954 14.187 9.643 10.043 
11.193 5.462 6.537 2.177 13.274 10.878 2.467 14.283 10.337 12.003 5.917 9.584 11.598 10.211 6.253 1.719 7.304 9.773 14.444 5.031 11.186 10.383 10.524 4.817 0.786 6.302 11.572 5.789 12.873 10.517 2.159 11.990 2.691 15.326 11.945 11.801 9.073 2.083 14.617 9.373 6.034 8.863 6.648 11.655 8.828 15.642 15.344 7.039 10.812 8.494 13.798 10.510 6.755 3.598 7.760 11.566 8.258 12.010 12.534 5.566 7.215 4.731 11.502 8.136 15.108 14.145 5.454 8.578 3.229 2.598 6.508 2.831 8.899 6.711 5.146 6.959 13.929 14.010 7.499 7.100 3.612 4.337 4.322 1.690 6.611 6.099 3.673 13.437 6.430 5.114 14.064 11.048 12.969 13.491 10.635 11.259 8.111 14.679 8.637 12.951 
11.912 5.380 4.479 4.681 14.390 11.754 5.289 16.052 8.361 11.977 8.576 12.009 11.616 10.696 3.295 4.349 3.858 10.006 13.514 2.037 11.663 9.019 8.557 8.353 2.841 9.203 9.468 2.245 12.921 8.605 5.759 13.613 2.508 13.914 12.901 10.119 11.704 4.830 15.077 9.955 7.168 6.092 4.879 11.993 8.034 13.895 13.824 7.293 8.924 11.305 14.997 10.434 7.769 6.198 11.319 10.954 11.355 11.808 11.266 4.118 4.309 1.109 13.816 8.756 13.695 15.175 1.830 5.599 6.585 6.145 4.295 6.120 9.183 10.165 6.892 4.292 14.873 14.333 10.689 4.473 6.266 6.482 7.804 3.313 2.987 7.864 7.152 12.809 9.710 3.161 13.629 9.285 11.631 14.330 11.895 9.229 10.538 12.875 6.967 12.518 
13.012 6.896 4.250 7.931 15.687 13.010 8.581 17.871 6.980 12.355 11.493 14.565 12.071 11.694 2.398 7.701 0.932 10.847 12.814 2.710 12.559 8.308 7.156 11.884 6.502 12.249 7.750 1.514 13.293 7.269 9.377 15.411 5.431 12.646 14.143 8.865 14.438 8.150 15.711 11.125 9.195 3.970 4.835 12.727 8.151 12.240 12.440 8.587 7.569 14.195 16.339 10.924 9.603 9.284 14.843 10.830 14.470 12.025 10.381 4.884 2.682 2.599 16.203 10.115 12.440 16.350 1.966 3.211 10.033 9.718 3.944 9.554 10.180 13.599 9.388 3.169 15.983 14.876 13.895 3.313 9.372 9.283 11.298 6.611 0.920 10.241 10.659 12.492 13.011 4.018 13.452 8.039 10.627 15.373 13.482 7.641 13.169 11.218 6.295 12.432 
8.345 3.112 0.650 6.268 11.047 8.398 6.836 13.438 3.336 7.607 8.545 10.871 7.319 7.020 2.465 6.328 3.886 6.146 8.479 3.230 7.845 3.928 3.529 10.279 6.468 9.440 4.542 4.227 8.548 3.549 8.464 11.017 4.357 8.790 9.505 5.007 10.976 6.575 10.958 6.528 5.408 2.499 0.443 7.986 3.403 8.821 8.705 4.229 3.861 10.973 11.706 6.171 5.567 6.967 12.978 6.173 11.609 7.294 6.165 1.527 2.160 4.840 12.255 5.665 8.571 11.666 5.015 2.789 8.404 8.555 0.898 7.962 5.546 11.528 6.128 1.601 11.286 10.124 11.253 1.492 7.077 6.482 9.638 5.509 5.114 6.698 9.117 7.934 10.648 2.051 8.843 4.184 6.515 10.665 9.016 4.247 9.654 7.815 1.847 7.780 
4.262 8.330 11.270 9.092 3.566 3.762 8.775 3.067 11.820 6.729 5.577 2.449 6.507 5.046 12.881 9.551 14.556 5.832 10.522 12.661 5.032 10.192 11.859 8.839 11.528 5.714 12.679 14.049 6.768 11.707 10.136 1.309 10.644 12.538 3.562 11.550 3.379 9.149 6.329 4.969 6.070 13.369 10.745 5.524 8.579 13.812 12.890 6.806 11.749 4.266 3.658 6.665 5.621 7.645 8.933 8.380 5.570 7.269 10.635 10.373 13.071 13.799 1.738 5.426 12.411 4.360 14.419 13.805 8.715 9.657 11.550 8.837 5.906 7.894 6.295 12.486 4.467 6.411 6.196 12.439 7.644 6.929 8.639 10.191 15.163 5.304 8.884 9.090 6.934 11.208 8.792 11.487 11.038 4.532 2.538 12.327 3.442 13.400 10.631 8.287 
6.068 0.677 3.786 3.781 8.535 5.894 4.105 10.387 6.046 6.490 4.861 7.188 6.092 4.899 5.226 4.087 6.904 4.317 8.989 5.017 5.881 5.387 6.188 7.151 5.359 5.775 7.271 6.403 7.387 6.111 6.048 7.923 3.581 10.094 7.040 6.975 7.239 4.068 9.334 4.120 1.698 6.250 3.361 6.276 3.533 10.653 10.184 1.529 6.332 7.222 9.148 4.976 2.055 3.747 9.573 6.060 7.895 6.468 7.306 2.740 5.533 6.297 8.700 2.900 9.883 9.315 6.850 6.490 5.459 5.931 4.028 5.115 3.450 8.081 2.431 4.963 9.015 8.646 7.597 4.953 3.854 2.995 6.530 3.896 7.511 2.948 6.141 7.913 7.107 3.535 8.518 6.389 7.770 8.480 6.090 6.900 5.919 9.785 4.304 7.406 
7.988 1.453 2.596 3.376 10.501 7.845 3.940 12.348 5.998 8.135 5.995 8.861 7.759 6.769 3.511 3.467 5.158 6.095 10.119 3.085 7.738 5.946 6.176 7.394 4.017 6.839 7.251 4.471 9.067 6.151 5.610 9.886 1.926 10.899 8.996 7.372 8.777 3.686 11.163 6.031 3.511 5.212 2.455 8.081 4.482 11.207 10.908 3.366 6.433 8.611 11.120 6.590 3.998 4.142 10.142 7.340 9.060 8.020 8.115 1.398 4.055 4.319 10.495 4.843 10.680 11.268 4.878 5.238 5.510 5.671 2.725 5.066 5.261 8.718 3.722 3.551 10.958 10.433 8.607 3.604 4.249 3.810 6.753 2.778 5.587 4.535 6.223 9.224 7.901 1.745 9.954 6.637 8.543 10.408 8.068 6.917 7.487 10.252 4.248 8.832 
3.227 9.571 11.979 11.543 0.517 3.197 11.388 2.808 11.276 4.952 8.688 6.108 4.958 4.550 13.807 11.998 15.403 5.446 8.198 13.928 3.832 9.452 11.254 12.172 13.844 9.048 11.819 15.279 4.486 11.085 13.034 2.381 12.501 10.304 2.062 10.431 7.035 11.679 2.973 5.081 7.825 13.534 11.399 3.939 8.413 11.741 10.724 7.699 11.024 7.902 0.163 5.746 7.157 10.316 12.574 6.966 9.227 5.531 9.094 11.380 13.723 15.311 5.136 6.173 10.228 0.682 15.823 14.126 11.703 12.612 12.283 11.720 6.029 11.455 8.570 13.152 0.932 3.397 9.802 13.055 10.347 9.426 11.877 12.388 16.348 7.635 12.007 6.910 10.432 12.359 6.275 10.641 9.392 1.386 3.082 11.524 6.832 11.574 10.587 6.196 
