20 40 100
335.373 145.181 142.255 145.969 216.486 204.797 472.478 464.578 106.440 100.451 332.981 152.383 372.990 297.488 116.030 375.145 465.433 471.411 428.120 298.974 
83.455 42.401 61.953 10.727 62.134 38.315 44.216 101.152 23.655 93.460 87.183 12.785 31.864 27.062 129.088 19.659 66.302 127.137 106.249 127.626 106.124 88.053 58.653 15.383 136.782 141.674 63.044 62.025 83.672 63.363 100.279 88.339 35.216 126.920 14.399 122.972 137.154 14.658 36.542 30.807 
26.505 29.148 16.663 24.534 15.540 11.680 14.780 10.289 15.785 14.099 10.592 6.125 33.266 31.995 9.178 11.296 24.486 12.921 27.486 31.096 21.392 7.857 25.344 18.540 30.909 22.849 34.098 23.569 21.223 21.475 14.587 24.042 8.534 18.222 28.186 25.208 14.907 10.204 20.997 12.451 21.266 11.908 13.520 21.478 25.420 24.041 23.377 21.506 23.520 8.780 5.846 14.994 27.263 17.596 33.245 26.790 20.522 9.000 14.420 13.165 8.845 6.872 14.417 13.795 20.867 13.343 8.816 27.190 10.240 18.057 13.599 19.519 33.603 10.417 26.703 13.167 7.751 18.281 13.643 20.408 12.614 32.969 26.608 28.549 23.543 16.047 29.134 8.117 12.180 31.561 28.206 19.571 19.355 13.870 10.921 9.010 21.282 8.173 22.554 28.142 
1028.419 757.540 918.087 443.239 934.012 721.782 767.387 1220.278 550.371 1121.383 1105.327 448.941 628.024 585.779 1273.244 550.931 918.207 1230.132 1144.827 1373.752 1220.293 1083.957 893.003 425.881 1309.912 1364.689 957.113 834.217 1125.760 948.622 1140.933 1087.771 715.947 1234.930 463.520 1342.348 1417.519 512.319 757.807 641.693 
4.118 8.791 3.479 9.941 9.944 1.329 4.743 5.933 12.417 11.221 8.129 4.983 7.054 7.434 0.377 6.055 10.925 8.814 11.965 10.103 7.580 3.203 9.732 12.369 13.384 5.701 11.783 6.430 4.331 8.791 7.765 7.771 5.585 8.362 5.984 8.384 12.467 7.522 10.723 9.938 
6.110 10.567 12.911 8.627 3.347 10.737 11.453 4.749 5.284 4.436 10.793 11.558 4.494 2.484 9.289 6.571 11.879 4.024 10.735 0.660 6.891 8.401 1.979 10.680 5.733 7.158 13.871 7.881 5.848 8.749 13.908 8.357 6.961 10.583 14.098 7.314 7.117 6.125 11.420 0.605 
6.142 11.843 12.254 10.403 5.663 9.667 11.610 5.445 7.804 6.892 11.885 11.760 5.733 1.729 8.432 4.404 13.432 1.495 12.650 3.181 8.268 6.820 4.358 12.675 8.269 5.038 15.294 8.867 5.909 10.253 14.383 9.657 4.882 11.758 14.014 8.870 9.516 7.532 12.997 2.223 
5.847 12.484 9.556 12.092 8.873 6.546 10.335 6.469 11.380 10.279 12.196 10.545 7.409 4.222 5.867 0.131 14.449 3.453 14.430 7.197 9.548 3.222 7.862 14.621 12.050 0.734 15.948 9.401 5.758 11.467 13.399 10.593 0.680 12.229 12.114 10.353 12.582 8.998 14.092 6.432 
8.318 9.709 15.151 6.878 2.477 13.674 12.581 6.505 1.112 1.496 10.294 12.601 5.480 6.602 12.086 10.828 10.240 8.507 8.299 3.846 6.572 12.069 2.991 8.024 1.247 11.359 12.353 8.107 8.090 7.670 14.269 7.828 11.139 9.939 15.391 6.447 3.475 6.002 9.772 4.869 
7.720 10.464 1.248 12.436 13.535 3.035 5.272 9.514 15.894 14.726 9.603 5.470 10.546 11.289 4.232 9.435 12.452 12.522 14.096 13.930 10.460 6.344 13.465 14.588 16.896 8.950 12.685 9.010 7.963 11.141 7.335 10.190 8.901 9.965 4.412 11.153 15.614 10.611 12.388 13.792 
5.504 3.017 6.245 5.549 9.076 7.312 2.234 6.177 10.663 9.734 2.124 2.072 6.440 9.783 6.344 10.970 4.969 12.290 6.756 10.952 4.654 9.020 9.746 7.291 11.688 10.902 5.491 3.155 5.695 4.225 3.092 3.568 10.701 2.510 4.628 4.923 9.512 5.255 4.909 11.400 
8.037 4.396 6.689 7.420 11.611 8.679 3.223 8.813 13.010 12.162 3.548 2.983 9.065 12.387 8.103 13.260 5.584 14.836 7.953 13.582 7.119 10.992 12.348 8.532 14.015 13.119 5.049 5.725 8.246 6.218 0.822 5.840 12.937 3.980 3.830 7.231 11.606 7.782 5.749 14.040 
4.261 5.140 10.455 3.238 2.937 9.553 7.556 2.738 4.616 3.582 5.516 7.564 1.683 5.684 7.965 9.036 6.373 8.452 5.522 5.350 1.572 8.958 3.877 5.617 5.652 9.343 8.363 3.052 4.130 3.243 9.256 2.992 9.098 5.235 10.365 1.807 4.242 0.947 5.917 6.113 
8.243 7.817 14.604 4.792 3.173 13.635 11.515 6.496 1.463 1.890 8.534 11.488 5.322 7.912 12.034 11.992 7.993 10.260 5.853 5.778 5.337 12.634 4.414 5.528 2.167 12.440 10.087 6.932 8.067 5.840 12.732 6.272 12.203 8.133 14.292 4.912 0.911 5.018 7.539 6.834 
4.251 7.033 2.819 8.683 9.887 3.023 2.556 5.933 12.153 11.007 6.272 2.798 6.867 8.413 2.358 7.929 9.132 10.265 10.483 10.664 6.633 5.310 9.978 10.943 13.169 7.663 9.784 5.208 4.511 7.419 5.582 6.437 7.516 6.565 4.112 7.336 11.789 6.792 8.989 10.712 
8.134 3.166 8.019 6.231 10.908 9.687 4.206 8.587 12.049 11.298 2.491 3.968 8.631 12.286 8.897 13.659 4.040 14.873 6.485 13.125 6.412 11.662 11.783 7.067 13.025 13.591 3.500 5.246 8.308 5.153 2.402 5.001 13.391 2.856 5.374 6.350 10.460 7.138 4.245 13.688 
9.484 3.450 12.667 3.344 8.821 13.346 8.659 8.786 8.720 8.479 4.303 8.484 8.092 12.223 12.064 15.111 1.568 15.003 1.473 11.673 5.672 14.156 10.101 1.919 9.473 15.283 3.070 5.968 9.510 3.725 7.973 4.652 15.046 3.942 10.704 4.930 6.512 6.313 1.518 12.558 
2.111 4.725 7.812 4.533 5.077 6.997 5.194 1.852 7.182 6.065 4.626 5.250 2.153 5.575 5.440 7.752 6.616 8.243 6.790 6.608 1.981 6.907 5.501 7.084 8.208 7.897 8.225 1.625 2.120 3.674 7.412 2.757 7.661 4.551 7.983 2.828 6.854 1.859 6.253 7.036 
4.890 1.773 8.395 2.918 6.686 8.637 4.673 4.707 8.019 7.164 1.814 4.586 4.506 8.437 7.299 10.635 3.756 11.156 4.597 8.936 2.182 9.409 7.561 5.048 9.032 10.730 5.273 1.334 4.970 1.586 5.638 0.851 10.500 1.636 7.312 2.238 6.783 2.913 3.451 9.558 
9.244 9.833 15.955 6.855 3.461 14.645 13.161 7.427 0.996 2.144 10.504 13.160 6.331 7.834 13.046 12.056 10.099 9.768 7.946 5.108 7.019 13.194 4.198 7.597 0.059 12.578 12.195 8.605 9.030 7.820 14.622 8.135 12.355 10.118 15.967 6.746 2.915 6.550 9.642 6.126 
1.544 8.145 6.862 8.141 6.637 4.703 6.308 2.882 9.205 8.000 7.820 6.488 4.054 3.959 3.198 4.278 10.163 5.844 10.430 6.539 5.552 3.381 6.250 10.702 10.114 4.322 11.584 5.107 1.543 7.321 9.271 6.378 4.096 7.867 8.549 6.400 9.666 5.171 9.832 6.394 
5.446 11.034 5.044 11.861 10.876 1.960 7.128 7.102 13.457 12.253 10.427 7.370 8.280 7.388 2.338 4.677 13.168 7.994 14.005 10.380 9.361 1.617 10.372 14.366 14.351 4.149 14.128 8.435 5.578 10.811 10.118 9.795 4.125 10.630 8.080 10.202 13.879 9.151 12.935 9.974 
8.617 3.966 12.927 1.991 6.933 13.112 9.067 7.582 6.636 6.459 4.896 8.937 6.702 10.728 11.689 13.982 3.067 13.477 0.630 9.838 4.580 13.425 8.260 0.573 7.376 14.229 5.023 5.410 8.589 3.051 9.071 4.067 13.986 4.456 11.460 3.736 4.415 5.055 2.698 10.774 
7.324 2.580 7.677 5.631 10.132 9.129 3.729 7.757 11.349 10.564 1.786 3.503 7.811 11.458 8.252 12.886 3.852 14.050 6.141 12.311 5.626 10.963 10.982 6.718 12.338 12.833 3.769 4.423 7.495 4.480 2.628 4.241 12.630 2.195 5.313 5.610 9.843 6.342 3.969 12.865 
7.546 10.674 10.502 4.136 7.892 6.269 9.439 7.671 5.016 7.574 7.893 5.531 5.039 6.442 6.167 3.387 8.350 6.203 2.641 3.213 5.034 5.809 6.390 8.772 5.932 4.984 8.572 3.138 6.322 3.294 4.987 8.849 5.570 4.575 3.926 4.677 6.233 7.692 4.211 8.666 8.029 4.101 0.338 4.716 4.449 6.221 8.860 8.727 9.421 2.323 7.574 3.150 4.741 8.234 8.209 5.286 1.334 6.511 2.596 7.307 4.997 8.394 1.928 4.853 8.812 5.485 1.054 1.899 6.467 4.945 8.325 4.949 4.337 5.357 3.827 3.119 7.444 7.600 8.063 2.782 2.870 4.020 2.587 1.934 7.022 4.228 7.782 5.518 4.685 8.532 4.182 3.747 5.707 3.565 2.458 6.303 5.067 3.490 6.363 3.425 
4.230 4.178 3.863 10.535 9.498 7.129 8.717 10.860 8.346 1.954 5.053 6.143 9.348 4.258 8.488 6.273 1.734 12.733 4.809 9.229 8.864 10.404 7.815 6.224 12.448 3.897 9.975 6.690 9.132 7.448 2.026 9.605 4.670 11.214 10.337 2.136 4.354 9.457 6.111 8.909 5.586 9.387 6.693 8.726 7.922 10.855 6.860 5.012 8.790 7.097 1.728 6.960 4.576 8.554 10.287 10.648 5.543 13.121 4.093 10.446 3.433 4.221 8.310 3.412 10.274 7.478 5.695 7.466 9.926 11.046 6.751 2.253 2.350 4.655 7.883 8.462 6.048 14.155 7.516 8.486 3.860 7.363 9.118 6.387 10.432 2.411 7.413 11.755 11.324 4.283 10.045 9.978 5.969 7.196 4.397 5.358 7.113 5.385 7.875 6.448 
6.334 13.033 12.122 9.677 14.745 12.844 15.786 14.613 1.998 11.090 5.868 11.924 2.806 5.425 13.053 10.113 10.649 8.432 5.558 9.592 2.300 3.249 1.488 14.305 10.604 10.447 15.417 3.873 0.782 10.242 7.344 15.580 11.339 8.635 9.505 8.660 11.696 14.561 3.404 15.261 13.532 10.799 6.622 11.659 2.524 12.961 14.658 13.633 15.798 9.273 10.913 10.054 10.601 14.823 15.130 11.782 6.266 10.472 7.600 14.255 5.801 12.991 6.236 5.833 15.673 1.823 7.377 5.258 13.411 6.112 14.257 9.238 8.231 4.607 3.213 9.927 4.364 11.699 14.367 9.487 6.781 10.926 8.347 8.791 1.703 7.867 3.204 11.039 8.690 13.096 5.300 9.719 3.324 3.390 6.368 4.220 2.262 9.870 1.407 3.716 
7.202 4.936 5.482 9.749 6.732 4.450 5.652 8.422 9.968 1.846 8.006 3.617 10.688 6.994 6.041 4.702 3.605 12.763 5.960 8.271 10.352 11.688 10.004 3.238 11.696 1.874 7.130 7.990 11.000 5.968 4.123 6.661 2.099 10.902 9.580 2.619 1.469 6.733 7.901 5.921 2.547 7.988 6.825 6.867 9.447 8.960 3.820 2.358 5.728 6.022 2.075 5.502 2.501 5.594 7.576 9.125 6.029 12.553 4.236 8.028 5.735 1.811 8.544 5.647 7.423 9.456 5.574 8.089 7.672 11.539 3.684 2.050 3.053 7.020 9.186 7.261 8.802 13.406 4.491 7.468 4.696 5.558 8.620 5.505 12.177 3.412 10.044 10.715 11.012 1.941 10.681 9.086 8.279 8.562 5.233 7.926 9.026 3.870 10.044 7.897 
11.229 10.473 11.059 6.264 2.060 1.383 4.187 2.871 10.815 7.409 11.879 1.964 10.871 10.502 0.488 2.589 9.078 10.187 7.413 4.882 10.873 11.579 11.898 5.150 7.913 4.111 2.736 8.813 12.108 2.689 7.756 3.055 3.494 8.033 6.190 6.166 4.154 1.878 9.561 3.069 4.760 3.810 6.180 2.109 10.239 3.710 4.736 6.143 4.121 3.605 7.610 2.701 3.425 2.691 2.538 4.435 6.438 8.967 5.555 2.463 8.881 6.411 7.321 8.734 2.988 11.058 5.311 7.727 2.123 10.007 4.123 5.810 6.271 9.869 9.654 3.791 12.057 9.428 3.163 4.284 6.527 1.854 6.007 3.920 12.863 6.540 12.848 6.589 8.120 6.534 9.584 5.570 10.734 9.314 6.678 10.931 10.607 3.082 11.892 8.997 
8.229 14.067 13.408 7.045 13.238 11.682 14.833 12.673 1.894 11.550 8.012 10.909 0.611 7.090 11.499 8.802 11.591 5.343 5.313 7.298 1.237 0.459 3.870 13.891 7.696 9.960 13.919 3.293 2.342 8.566 7.922 14.246 10.720 5.738 6.902 8.725 11.259 13.025 3.977 14.081 13.121 8.616 5.086 9.792 2.100 10.720 14.089 13.547 14.820 7.614 11.439 8.513 9.904 13.649 13.467 9.408 5.336 7.458 7.066 12.360 6.733 13.041 4.001 6.692 14.143 3.307 6.207 3.519 11.500 3.039 13.596 9.227 8.283 5.925 2.080 7.900 6.697 8.669 13.442 7.403 6.549 9.363 5.951 7.344 2.012 7.979 5.934 8.307 5.778 13.165 2.351 7.234 5.020 2.756 6.002 6.082 3.373 8.830 3.777 3.500 
2.750 9.014 8.150 9.392 12.229 10.039 12.637 12.681 3.632 7.152 2.702 9.024 4.902 1.589 10.694 7.720 6.623 9.857 2.971 8.685 4.270 5.910 2.574 10.762 10.915 7.143 12.858 3.046 4.053 8.305 3.485 12.827 8.092 9.130 9.185 5.043 8.272 12.090 1.722 12.355 10.011 9.551 5.262 9.837 3.434 11.610 11.220 9.897 12.672 7.451 6.956 7.961 7.481 11.929 12.790 10.764 4.244 11.183 4.703 12.278 1.870 9.195 5.999 1.944 13.142 2.402 5.301 4.772 11.510 7.657 10.906 5.634 4.665 0.593 3.789 8.541 1.960 12.401 11.245 8.254 3.734 8.758 7.822 6.766 5.404 4.292 2.621 10.827 9.222 9.288 6.594 9.138 0.721 3.204 3.600 0.831 2.166 7.185 2.640 2.621 
8.354 10.166 10.234 4.178 6.083 4.485 7.683 6.025 6.798 6.926 8.840 3.824 6.856 7.380 4.366 1.603 8.049 7.249 3.758 2.782 6.845 7.607 8.017 7.281 6.128 3.795 6.762 4.835 8.098 1.597 5.250 7.032 4.154 5.296 3.996 4.328 4.906 5.887 5.731 6.864 6.577 3.053 2.155 3.118 6.224 4.935 7.275 7.466 7.659 0.743 6.991 1.355 3.361 6.434 6.432 4.337 2.562 6.940 2.541 5.640 5.788 7.267 3.491 5.634 7.006 7.140 1.436 3.713 4.831 6.429 6.710 4.383 4.132 6.471 5.627 2.056 8.658 7.848 6.334 2.028 3.325 2.228 3.003 0.139 8.836 4.184 9.208 5.309 5.405 7.408 5.810 3.562 7.085 5.312 3.202 7.500 6.701 1.938 8.000 5.061 
12.692 10.393 11.267 8.787 1.296 2.142 1.865 3.654 13.174 7.784 13.420 3.142 13.336 12.149 2.504 4.923 9.580 12.755 9.517 7.456 13.288 14.091 14.062 4.064 10.326 5.233 1.273 11.121 14.444 5.273 9.232 0.685 4.320 10.598 8.729 7.510 4.582 1.495 11.716 0.537 4.085 6.305 8.632 4.596 12.594 5.628 3.370 5.501 1.759 6.153 8.039 5.224 4.735 0.459 2.101 6.697 8.713 11.400 7.518 3.448 10.590 6.067 9.879 10.455 1.525 13.270 7.635 10.197 3.775 12.605 2.923 7.015 7.745 11.714 12.051 6.384 13.833 11.741 1.704 6.882 8.461 4.422 8.607 6.365 15.283 8.079 14.786 8.949 10.682 6.151 12.162 8.109 12.723 11.652 8.730 12.762 12.812 5.109 14.066 11.256 
11.818 10.158 10.906 7.673 1.263 1.134 2.792 3.234 12.004 7.315 12.520 2.175 12.142 11.205 1.430 3.738 9.077 11.610 8.411 6.305 12.105 12.889 12.948 4.233 9.281 4.404 1.773 9.962 13.281 4.072 8.335 1.759 3.568 9.455 7.604 6.645 4.009 1.260 10.601 1.647 4.027 5.205 7.438 3.492 11.425 4.795 3.679 5.471 2.717 4.948 7.550 4.019 3.823 1.269 2.103 5.719 7.558 10.344 6.444 2.919 9.618 5.901 8.674 9.478 2.070 12.141 6.465 9.001 2.989 11.409 3.108 6.194 6.836 10.699 10.871 5.215 12.848 10.753 1.964 5.706 7.403 3.219 7.425 5.169 14.099 7.149 13.747 7.931 9.542 6.006 10.957 6.985 11.663 10.486 7.636 11.755 11.684 3.992 12.949 10.110 
3.341 4.831 4.280 10.392 10.054 7.680 9.484 11.264 7.573 2.887 4.157 6.662 8.630 3.325 8.927 6.490 2.357 12.322 4.266 9.163 8.117 9.689 6.931 7.081 12.268 4.406 10.565 6.028 8.298 7.593 1.430 10.253 5.261 10.919 10.188 2.307 5.051 9.994 5.332 9.592 6.416 9.455 6.376 8.957 7.177 11.062 7.691 5.918 9.551 7.130 2.657 7.115 5.038 9.219 10.810 10.733 5.170 12.878 3.950 10.846 2.590 5.137 7.911 2.591 10.864 6.636 5.503 6.975 10.272 10.526 7.543 2.633 2.349 3.767 7.195 8.490 5.116 13.956 8.236 8.457 3.504 7.612 8.916 6.391 9.615 2.261 6.481 11.671 11.028 5.204 9.500 9.877 5.077 6.505 3.989 4.433 6.288 5.635 6.994 5.751 
2.508 8.811 7.931 9.566 12.255 10.045 12.602 12.751 3.873 7.006 2.479 9.024 5.145 1.347 10.737 7.774 6.433 10.085 3.074 8.833 4.513 6.152 2.757 10.682 11.108 7.107 12.879 3.264 4.272 8.392 3.376 12.830 8.058 9.335 9.359 4.973 8.215 12.120 1.952 12.345 9.936 9.676 5.413 9.924 3.678 11.721 11.154 9.789 12.639 7.551 6.804 8.038 7.465 11.921 12.829 10.898 4.366 11.389 4.736 12.346 1.758 9.078 6.196 1.848 13.165 2.629 5.403 4.972 11.586 7.892 10.851 5.563 4.607 0.475 4.027 8.663 1.837 12.604 11.216 8.386 3.764 8.825 7.994 6.856 5.625 4.236 2.633 11.000 9.428 9.168 6.828 9.300 0.900 3.437 3.667 0.681 2.404 7.217 2.827 2.840 
8.636 9.567 9.782 4.964 5.076 3.327 6.512 5.358 7.823 6.303 9.205 2.648 7.969 7.773 3.416 0.449 7.620 8.319 4.432 3.468 7.918 8.751 8.882 6.162 6.900 2.937 5.746 5.799 9.107 1.289 5.304 5.943 3.115 6.296 4.805 4.047 3.903 4.899 6.550 5.726 5.481 3.271 3.271 2.680 7.244 4.751 6.122 6.458 6.490 1.248 6.409 0.803 2.383 5.293 5.519 4.504 3.417 7.794 2.744 4.950 6.144 6.337 4.668 5.991 6.006 8.038 2.294 4.839 4.215 7.596 5.548 3.943 3.969 7.004 6.684 2.457 9.207 8.603 5.157 2.665 3.685 1.433 4.008 1.042 9.913 4.124 9.901 5.908 6.402 6.479 6.987 4.286 7.776 6.311 3.738 8.060 7.587 0.943 8.874 5.976 
11.909 13.708 13.892 1.725 6.165 5.978 8.906 4.681 8.816 10.444 12.307 5.958 8.308 10.848 4.694 4.210 11.716 5.738 7.056 1.257 8.589 8.654 10.566 9.637 3.172 7.044 6.758 7.339 10.080 2.947 8.969 7.439 7.025 3.628 1.747 8.038 7.834 5.916 8.567 7.698 9.091 0.975 4.668 2.632 8.325 2.370 9.355 10.292 8.830 3.076 10.548 3.410 6.422 7.369 5.979 0.989 5.736 4.231 6.263 4.491 9.332 10.310 4.578 9.182 6.876 9.643 4.873 5.618 3.715 6.245 8.736 8.027 7.865 9.795 7.614 1.714 11.885 4.729 7.888 1.753 6.957 3.513 2.484 3.796 10.375 7.923 12.147 1.889 3.690 10.449 6.241 1.224 10.116 7.617 6.709 10.746 9.273 5.062 10.522 7.699 
7.621 12.903 12.355 5.838 11.652 10.078 13.232 11.160 1.944 10.222 7.561 9.310 1.284 6.424 9.914 7.199 10.428 5.061 3.963 5.880 1.555 2.010 4.043 12.342 6.802 8.423 12.333 2.087 3.078 6.986 6.723 12.648 9.157 4.844 5.671 7.332 9.720 11.442 3.183 12.478 11.575 7.160 3.483 8.251 1.666 9.297 12.518 12.058 13.218 6.028 10.133 6.919 8.336 12.046 11.900 8.042 3.794 6.774 5.560 10.835 5.741 11.585 2.512 5.671 12.561 3.217 4.616 1.915 9.975 2.785 12.017 7.803 6.897 5.184 1.103 6.388 6.448 8.015 11.843 5.904 5.137 7.774 4.573 5.742 3.357 6.619 6.027 7.193 4.908 11.713 1.743 5.921 4.589 1.710 4.574 5.606 3.059 7.234 3.967 2.426 
12.758 16.386 16.253 2.594 10.390 9.976 13.045 8.805 7.666 13.216 12.895 9.735 6.620 11.563 8.871 7.616 14.096 1.706 8.032 4.043 7.168 6.435 9.780 13.422 1.555 10.194 10.985 7.170 8.646 6.547 10.690 11.659 10.467 1.176 2.679 10.391 11.252 10.141 8.525 11.881 12.787 5.069 5.720 6.780 7.391 6.357 13.256 13.810 12.978 6.105 13.245 6.873 9.719 11.533 10.192 4.942 6.934 1.046 8.321 8.664 10.396 13.658 4.308 10.274 11.099 8.939 6.719 5.479 7.925 3.423 12.646 10.599 10.074 10.329 6.741 5.184 12.000 2.281 11.932 4.786 8.591 7.330 3.402 6.524 8.380 9.978 11.743 2.812 1.067 13.800 4.126 3.293 10.101 7.123 8.119 11.017 8.730 8.267 9.704 7.597 
5.591 2.059 2.113 12.371 10.117 7.853 8.661 11.815 10.438 1.558 6.402 7.002 11.470 5.973 9.428 7.716 0.608 14.790 6.939 10.990 10.972 12.527 9.757 5.849 14.310 4.979 10.484 8.823 11.165 8.964 4.155 9.948 5.467 13.191 12.180 3.969 4.871 10.127 8.198 9.164 5.415 10.971 8.719 10.068 10.031 12.197 6.596 4.353 8.758 8.777 1.353 8.475 5.684 8.879 10.970 12.187 7.612 15.043 6.042 11.417 5.460 3.549 10.374 5.462 10.772 9.501 7.641 9.575 11.025 13.159 6.683 3.828 4.297 6.603 10.012 10.118 7.651 16.028 7.699 10.214 5.942 8.714 11.027 8.120 12.485 4.443 9.094 13.511 13.302 3.539 12.167 11.772 7.899 9.324 6.494 7.158 9.158 6.822 9.825 8.574 
14.344 16.490 16.658 2.749 8.116 8.474 11.128 6.079 10.367 13.226 14.663 8.606 9.559 13.226 6.965 6.985 14.478 5.236 9.433 3.708 9.993 9.612 12.339 12.220 1.988 9.821 8.595 9.287 11.519 5.718 11.601 9.408 9.765 3.791 2.953 10.777 10.572 7.875 10.614 9.835 11.727 3.700 6.947 5.113 9.965 3.698 11.864 12.983 11.036 5.830 13.328 6.188 9.191 9.572 7.679 2.710 8.134 2.857 8.922 6.070 11.795 13.044 6.272 11.650 8.633 11.432 7.432 7.479 5.537 6.724 11.247 10.791 10.580 12.093 9.255 4.483 14.065 2.598 10.285 4.424 9.530 6.213 4.313 6.523 11.509 10.611 14.120 1.311 3.771 13.182 7.149 3.055 12.214 9.435 9.212 12.966 11.125 7.843 12.279 9.691 
7.878 3.129 4.133 12.085 8.259 6.228 6.333 10.237 11.797 1.818 8.705 5.605 12.648 8.020 7.935 7.002 3.106 15.071 7.908 10.602 12.246 13.679 11.509 3.445 14.030 4.202 8.514 9.931 12.711 8.260 5.543 7.859 4.227 13.235 11.917 4.503 3.442 8.318 9.620 7.033 3.190 10.268 9.076 9.043 11.315 11.081 4.220 1.888 6.442 8.357 2.039 7.805 4.785 6.816 9.142 11.364 8.186 14.892 6.410 9.871 7.111 1.200 10.798 7.063 8.785 11.092 7.846 10.251 9.641 13.765 4.432 4.049 4.941 8.374 11.144 9.577 9.798 15.738 5.578 9.799 6.698 7.785 10.957 7.844 13.963 5.242 11.177 13.029 13.345 1.125 12.867 11.418 9.686 10.486 7.262 9.120 10.695 6.194 11.563 9.776 
13.148 13.303 13.792 4.811 3.461 4.297 6.533 1.594 11.312 10.152 13.695 4.809 11.018 12.249 2.586 4.272 11.729 8.800 8.690 3.957 11.197 11.499 12.808 8.026 5.943 6.710 3.938 9.551 12.615 3.371 9.816 4.749 6.275 6.713 4.834 8.444 7.000 3.223 10.595 5.215 7.678 2.609 6.728 1.849 10.771 0.963 7.542 9.068 6.434 4.216 10.328 3.772 6.002 4.990 3.044 2.279 7.462 7.026 7.244 1.455 10.630 9.325 7.230 10.476 3.990 11.902 6.362 8.045 0.910 9.285 6.948 8.215 8.433 11.393 10.094 3.372 13.586 7.184 5.854 3.835 8.151 3.141 5.321 4.897 13.094 8.621 14.121 4.525 6.771 9.450 9.175 4.280 12.004 9.945 8.109 12.429 11.485 5.114 12.780 9.842 
6.756 7.076 7.247 7.289 6.274 3.953 6.477 7.304 7.842 3.821 7.443 2.912 8.391 6.129 4.995 2.603 5.086 10.174 3.842 5.858 8.137 9.345 8.286 5.006 9.241 1.071 6.850 5.778 8.993 3.814 3.269 6.705 1.954 8.339 7.109 1.667 2.365 6.179 5.998 6.186 4.231 5.804 4.258 5.050 7.285 7.181 5.284 4.719 6.505 3.619 3.903 3.323 1.303 5.766 6.963 7.037 3.581 10.050 1.849 6.885 4.559 4.349 5.970 4.424 7.145 7.593 2.997 5.599 6.304 8.977 4.868 1.427 1.771 5.703 6.919 4.949 7.803 10.960 5.073 5.068 2.613 3.687 6.074 3.007 10.058 2.070 8.794 8.363 8.449 4.487 8.150 6.657 6.782 6.354 3.039 6.741 7.139 1.711 8.306 5.773 
10.500 15.199 14.820 4.288 11.619 10.577 13.791 10.545 4.771 12.255 10.492 10.043 3.604 9.295 9.923 7.793 12.769 2.107 6.277 5.081 4.206 3.340 6.911 13.509 4.470 9.800 12.278 4.824 5.623 7.102 9.115 12.786 10.333 2.601 4.207 9.308 11.030 11.382 6.078 12.810 12.786 6.422 4.614 7.937 4.606 8.295 13.521 13.544 13.751 6.313 12.218 7.240 9.511 12.408 11.646 6.873 5.556 4.128 7.283 10.303 8.416 13.214 2.896 8.322 12.454 6.143 5.869 3.573 9.468 0.346 12.952 9.667 8.913 8.042 4.056 6.019 9.407 5.331 12.503 5.505 7.201 7.960 3.784 6.384 5.286 8.714 8.943 5.310 2.610 13.352 1.217 4.708 7.542 4.594 6.647 8.545 6.015 8.158 6.828 5.226 
11.935 11.737 12.254 5.292 2.544 2.753 5.312 2.010 10.775 8.607 12.530 3.233 10.663 11.109 1.119 3.010 10.216 9.300 7.736 4.065 10.750 11.271 12.072 6.514 6.786 5.197 3.177 8.873 12.083 2.476 8.524 3.799 4.712 7.148 5.253 7.055 5.427 2.298 9.780 4.065 6.130 2.812 6.097 1.182 10.211 2.342 6.077 7.505 5.228 3.442 8.791 2.730 4.489 3.759 2.548 3.181 6.609 7.861 6.081 1.605 9.479 7.750 6.952 9.327 3.338 11.193 5.470 7.562 0.913 9.395 5.470 6.777 7.089 10.351 9.575 3.118 12.554 8.222 4.447 3.637 7.031 1.917 5.336 3.983 12.710 7.311 13.214 5.414 7.225 7.875 9.105 4.639 11.086 9.326 7.076 11.405 10.756 3.761 12.055 9.113 
8.452 3.500 4.602 12.230 8.013 6.083 5.923 10.064 12.253 2.364 9.280 5.545 13.072 8.575 7.807 7.099 3.683 15.322 8.326 10.734 12.687 14.095 12.022 3.030 14.167 4.361 8.228 10.357 13.193 8.340 6.045 7.534 4.258 13.445 12.068 4.913 3.452 8.087 10.094 6.700 2.885 10.328 9.377 9.034 11.761 11.032 3.808 1.482 6.036 8.504 2.598 7.900 4.890 6.511 8.899 11.388 8.535 15.053 6.747 9.710 7.628 1.001 11.098 7.575 8.491 11.584 8.131 10.601 9.528 14.084 4.081 4.424 5.355 8.899 11.567 9.683 10.359 15.866 5.265 9.931 7.096 7.816 11.156 8.030 14.432 5.672 11.730 13.124 13.554 0.876 13.208 11.552 10.208 10.917 7.654 9.664 11.180 6.327 12.074 10.216 
13.704 11.131 12.070 9.488 1.667 3.174 1.957 3.809 14.174 8.662 14.438 4.178 14.306 13.176 3.281 5.909 10.463 13.493 10.546 8.224 14.275 15.041 15.090 4.658 10.924 6.247 1.170 12.130 15.450 6.165 10.252 0.422 5.323 11.338 9.447 8.526 5.533 1.916 12.744 0.993 4.819 7.007 9.603 5.329 13.595 6.052 3.904 6.174 1.828 7.076 8.924 6.158 5.765 1.336 2.136 7.249 9.723 12.007 8.551 3.712 11.622 6.809 10.797 11.487 1.227 14.293 8.635 11.163 4.231 13.461 3.576 8.022 8.770 12.749 13.042 7.193 14.866 12.259 2.458 7.702 9.497 5.328 9.429 7.333 16.269 9.106 15.822 9.523 11.417 6.880 13.060 8.832 13.759 12.656 9.761 13.796 13.836 6.133 15.094 12.272 
12.618 16.514 16.326 3.088 10.918 10.407 13.513 9.391 7.305 13.380 12.715 10.117 6.201 11.416 9.367 7.955 14.186 1.061 7.987 4.468 6.777 5.941 9.436 13.785 2.200 10.452 11.524 6.972 8.226 6.939 10.708 12.177 10.775 1.369 3.142 10.514 11.549 10.669 8.312 12.373 13.132 5.572 5.773 7.275 7.069 6.955 13.648 14.111 13.450 6.427 13.395 7.237 10.008 12.015 10.749 5.529 6.956 1.554 8.434 9.238 10.317 13.926 4.246 10.201 11.646 8.620 6.848 5.356 8.483 2.925 13.043 10.754 10.178 10.171 6.446 5.602 11.760 2.720 12.368 5.173 8.633 7.745 3.664 6.788 7.888 10.060 11.430 3.443 1.264 14.067 3.727 3.762 9.864 6.877 8.138 10.810 8.438 8.561 9.357 7.397 
5.245 2.056 0.727 14.036 12.228 9.955 10.712 13.899 11.029 3.663 5.945 9.084 12.192 6.017 11.508 9.637 1.976 16.107 8.041 12.724 11.624 13.244 9.954 7.858 15.946 6.995 12.596 9.705 11.541 10.856 5.215 12.052 7.547 14.674 13.837 5.620 6.977 12.237 8.828 11.262 7.480 12.831 10.134 12.043 10.707 14.178 8.622 6.321 10.813 10.569 3.437 10.365 7.703 10.984 13.080 14.076 8.945 16.604 7.587 13.497 6.077 5.551 11.695 6.132 12.884 9.892 9.184 10.755 13.078 14.289 8.750 5.631 5.851 6.966 10.824 11.931 7.402 17.650 9.795 11.974 7.267 10.679 12.610 9.872 12.893 5.891 8.871 15.251 14.783 5.519 13.253 13.478 8.147 10.138 7.768 7.226 9.623 8.739 10.035 9.389 
5.322 7.102 6.959 7.433 7.787 5.511 8.064 8.605 6.470 4.065 5.958 4.478 7.166 4.593 6.394 3.637 4.790 9.749 2.445 6.158 6.834 8.170 6.737 6.408 9.342 2.587 8.386 4.469 7.554 4.635 1.916 8.283 3.523 8.137 7.234 1.120 3.801 7.675 4.495 7.781 5.634 6.445 3.669 6.069 5.938 8.129 6.768 5.858 8.095 4.114 4.035 4.173 2.900 7.358 8.431 7.726 2.639 10.021 0.989 8.187 2.992 5.326 5.355 2.851 8.678 6.085 2.595 4.693 7.525 8.245 6.396 1.525 0.765 4.107 5.664 5.472 6.225 11.049 6.665 5.441 1.175 4.770 6.013 3.372 8.688 0.760 7.196 8.676 8.248 5.450 7.315 6.890 5.190 5.042 1.714 5.149 5.638 2.876 6.762 4.392 
7.757 10.731 10.592 3.958 7.662 6.077 9.260 7.414 5.263 7.603 8.117 5.364 5.256 6.664 5.933 3.192 8.431 6.189 2.863 2.982 5.268 6.004 6.651 8.661 5.785 4.916 8.343 3.398 6.571 3.047 5.126 8.633 5.466 4.494 3.749 4.732 6.148 7.460 4.471 8.465 7.925 3.845 0.584 4.459 4.698 5.961 8.728 8.661 9.240 2.075 7.612 2.919 4.639 8.035 7.968 5.036 1.545 6.397 2.656 7.051 5.199 8.350 2.010 5.054 8.580 5.746 1.064 2.112 6.210 5.024 8.186 4.976 4.408 5.592 4.069 2.859 7.690 7.466 7.892 2.529 3.010 3.786 2.432 1.727 7.252 4.321 8.041 5.324 4.605 8.489 4.302 3.542 5.962 3.820 2.629 6.546 5.328 3.347 6.624 3.687 
5.964 5.075 5.273 9.272 7.460 5.094 6.803 8.880 8.718 1.835 6.752 4.119 9.500 5.685 6.495 4.540 3.147 11.980 4.753 7.856 9.130 10.519 8.679 4.553 11.222 1.905 7.937 6.786 9.715 5.785 2.789 7.581 2.632 10.235 9.088 1.344 2.357 7.422 6.610 6.904 3.833 7.793 5.930 6.923 8.211 9.058 5.092 3.667 6.867 5.623 1.900 5.296 2.607 6.537 8.254 9.009 4.996 12.005 3.234 8.470 4.399 3.032 7.646 4.310 8.236 8.150 4.735 7.059 7.994 10.588 4.888 0.855 1.788 5.683 7.994 6.951 7.487 12.942 5.542 7.070 3.517 5.560 8.003 4.994 10.916 2.126 8.713 10.366 10.346 3.145 9.678 8.651 6.944 7.351 4.077 6.594 7.726 3.645 8.720 6.662 
0.970 7.740 6.549 12.314 13.977 11.641 13.731 14.832 6.476 7.043 0.382 10.599 7.798 1.818 12.637 9.827 5.800 12.937 5.618 11.461 7.134 8.736 4.747 11.376 13.921 8.423 14.546 6.125 6.497 10.658 4.438 14.339 9.349 12.180 12.104 6.146 9.264 13.881 4.802 13.736 10.710 12.170 8.089 12.169 6.399 14.111 11.983 10.175 13.792 9.922 6.779 10.246 8.953 13.341 14.656 13.430 6.937 14.236 6.778 14.416 3.393 9.375 9.025 3.548 14.843 5.071 7.836 7.811 13.724 10.719 11.816 6.651 5.939 2.967 6.834 11.148 1.799 15.444 12.439 10.936 5.873 10.944 10.735 9.183 7.807 5.637 3.169 13.735 12.274 9.428 9.662 11.994 3.374 6.279 5.994 2.332 5.009 9.115 4.842 5.701 
5.521 5.882 5.898 8.487 7.567 5.200 7.324 8.740 7.727 2.742 6.262 4.168 8.486 5.062 6.401 4.060 3.715 11.035 3.741 7.119 8.126 9.502 7.785 5.333 10.425 1.941 8.103 5.775 8.752 5.239 2.103 7.856 2.863 9.346 8.295 0.391 2.871 7.496 5.654 7.250 4.578 7.196 4.964 6.516 7.213 8.643 5.791 4.606 7.374 4.935 2.743 4.751 2.527 6.854 8.304 8.448 3.990 11.166 2.254 8.323 3.632 4.018 6.671 3.523 8.402 7.214 3.806 6.049 7.763 9.591 5.504 0.203 0.806 4.889 6.981 6.294 6.827 12.143 5.984 6.354 2.498 5.155 7.152 4.252 9.933 1.172 7.969 9.646 9.457 4.137 8.670 7.894 6.104 6.342 3.056 5.857 6.782 3.175 7.821 5.663 
12.436 16.281 16.100 2.865 10.697 10.169 13.279 9.193 7.194 13.143 12.543 9.874 6.115 11.235 9.138 7.711 13.958 1.215 7.780 4.231 6.678 5.896 9.319 13.541 2.099 10.208 11.306 6.803 8.142 6.697 10.491 11.954 10.531 1.124 2.913 10.281 11.305 10.449 8.149 12.143 12.887 5.348 5.548 7.047 6.942 6.764 13.406 13.867 13.216 6.183 13.159 6.993 9.763 11.783 10.538 5.333 6.737 1.572 8.202 9.034 10.119 13.682 4.039 10.001 11.431 8.493 6.613 5.165 8.273 2.879 12.801 10.518 9.947 9.992 6.308 5.363 11.606 2.780 12.130 4.932 8.411 7.505 3.419 6.544 7.843 9.832 11.302 3.285 1.020 13.823 3.629 3.533 9.709 6.723 7.919 10.646 8.301 8.317 9.242 7.229 
3.784 4.585 4.152 10.352 9.710 7.335 9.068 10.980 7.874 2.455 4.601 6.328 8.897 3.760 8.626 6.278 2.110 12.418 4.424 9.084 8.402 9.955 7.311 6.641 12.247 4.069 10.209 6.259 8.640 7.415 1.596 9.876 4.898 10.955 10.150 2.084 4.652 9.656 5.635 9.202 5.982 9.314 6.417 8.743 7.460 10.861 7.257 5.473 9.137 7.001 2.234 6.932 4.721 8.835 10.479 10.586 5.237 12.889 3.893 10.563 2.935 4.692 7.998 2.920 10.508 6.984 5.478 7.109 10.011 10.680 7.119 2.331 2.205 4.149 7.443 8.366 5.555 13.945 7.833 8.360 3.554 7.388 8.903 6.274 9.946 2.188 6.912 11.603 11.064 4.760 9.667 9.816 5.463 6.754 4.070 4.852 6.623 5.406 7.371 6.003 
3.638 10.699 9.588 11.625 15.037 12.848 15.399 15.431 4.416 9.460 2.933 11.830 5.684 3.248 13.490 10.506 8.546 11.284 5.694 11.130 5.025 6.426 2.290 13.398 12.927 9.906 15.669 5.087 3.925 11.024 6.062 15.635 10.858 11.019 11.427 7.732 10.986 14.897 3.820 15.154 12.666 12.118 7.749 12.549 4.602 14.229 13.902 12.411 15.438 10.133 9.227 10.705 10.273 14.729 15.589 13.279 6.886 13.011 7.511 15.033 4.488 11.663 8.094 4.602 15.952 3.050 7.995 6.888 14.249 8.952 13.622 8.315 7.387 3.269 5.245 11.131 1.499 14.252 14.018 10.794 6.543 11.522 10.108 9.481 5.081 7.020 0.245 13.058 11.095 11.741 7.979 11.478 2.347 4.943 6.382 2.262 3.270 9.992 2.381 4.700 
6.911 6.402 6.693 8.045 6.197 3.824 5.995 7.484 8.575 3.141 7.647 2.803 9.178 6.418 5.111 3.139 4.582 11.014 4.549 6.586 8.899 10.146 8.887 4.265 9.996 0.552 6.721 6.531 9.692 4.399 3.469 6.465 1.480 9.156 7.870 1.736 1.645 6.134 6.648 5.866 3.489 6.419 5.109 5.491 8.028 7.624 4.614 3.879 6.037 4.335 3.263 3.915 1.199 5.466 6.952 7.614 4.402 10.831 2.634 7.070 4.928 3.497 6.822 4.807 7.020 8.239 3.849 6.436 6.570 9.828 4.255 1.241 2.024 6.145 7.694 5.623 8.159 11.712 4.629 5.788 3.286 4.131 6.879 3.777 10.794 2.386 9.243 9.066 9.266 3.635 8.997 7.396 7.299 7.108 3.764 7.150 7.791 2.254 8.914 6.497 
11.354 8.162 9.134 9.977 3.573 2.586 1.422 5.865 12.948 5.848 12.135 2.964 13.343 11.003 4.054 5.212 7.641 13.749 9.015 8.512 13.176 14.214 13.485 1.704 11.720 4.177 3.640 10.865 14.145 6.044 8.046 2.873 3.246 11.630 9.876 6.329 3.081 3.713 11.193 2.032 1.876 7.600 8.769 5.943 12.378 7.479 1.008 3.200 1.501 6.708 6.122 5.805 3.976 1.912 4.437 8.295 8.511 12.753 6.977 5.589 9.566 3.852 10.273 9.449 3.877 12.787 7.589 10.308 5.694 13.204 0.608 5.759 6.664 10.794 11.934 7.373 12.775 13.272 0.746 7.804 7.810 5.228 9.438 6.650 15.143 7.032 13.891 10.428 11.726 3.915 12.591 9.268 11.943 11.431 8.206 11.792 12.331 4.978 13.506 10.910 
7.399 7.767 7.987 6.664 5.678 3.427 6.194 6.583 7.940 4.503 8.058 2.413 8.374 6.703 4.310 1.840 5.835 9.723 4.043 5.202 8.178 9.284 8.572 5.071 8.614 1.282 6.281 5.857 9.142 3.067 3.928 6.213 1.872 7.818 6.490 2.409 2.501 5.565 6.244 5.762 4.314 5.072 3.987 4.285 7.370 6.415 5.237 5.016 6.208 2.951 4.606 2.577 1.053 5.330 6.325 6.291 3.525 9.458 2.002 6.164 5.099 4.756 5.654 4.956 6.572 7.828 2.728 5.437 5.560 8.672 4.757 2.192 2.454 6.172 6.940 4.247 8.321 10.329 4.776 4.404 2.916 2.922 5.529 2.408 10.137 2.710 9.234 7.685 7.927 4.897 7.905 6.012 7.172 6.424 3.236 7.226 7.369 0.946 8.584 5.908 
5.716 2.381 2.578 11.979 9.645 7.380 8.226 11.342 10.301 1.084 6.537 6.529 11.297 6.005 8.956 7.274 0.855 14.472 6.704 10.584 10.818 12.352 9.715 5.436 13.922 4.520 10.016 8.626 11.074 8.526 3.975 9.487 4.995 12.839 11.790 3.619 4.398 9.655 8.065 8.707 4.978 10.538 8.394 9.613 9.876 11.739 6.175 3.966 8.322 8.362 0.886 8.039 5.223 8.418 10.498 11.748 7.313 14.670 5.700 10.945 5.366 3.152 10.066 5.354 10.305 9.415 7.289 9.303 10.556 12.887 6.244 3.433 3.971 6.552 9.825 9.697 7.726 15.641 7.243 9.804 5.658 8.261 10.655 7.716 12.381 4.146 9.150 13.102 12.950 3.153 11.908 11.372 7.859 9.140 6.218 7.168 9.058 6.382 9.779 8.395 
13.590 14.168 14.596 4.227 4.498 5.300 7.588 2.426 11.246 10.977 14.091 5.734 10.831 12.632 3.614 4.890 12.496 8.106 8.961 3.684 11.071 11.223 12.871 9.052 5.100 7.504 4.942 9.608 12.533 3.811 10.351 5.777 7.150 6.095 4.291 9.084 7.903 4.265 10.737 6.267 8.679 2.453 6.810 2.433 10.728 0.316 8.584 10.052 7.487 4.509 11.138 4.270 6.802 6.047 4.016 1.623 7.682 6.171 7.702 2.407 11.035 10.274 7.056 10.880 4.970 11.953 6.639 7.992 1.968 8.819 7.986 8.908 9.029 11.703 10.031 3.407 13.872 6.228 6.906 3.782 8.560 3.799 5.022 5.244 12.906 9.184 14.304 3.691 6.139 10.402 8.824 3.809 12.211 9.953 8.451 12.715 11.555 5.772 12.836 9.931 
