25 50 100
114.668 128.446 113.169 90.344 56.115 136.615 86.327 110.490 39.761 104.653 128.743 92.170 21.464 81.649 59.381 76.241 109.776 81.889 31.622 47.780 78.945 72.389 74.583 108.341 50.275 
31.245 34.603 190.094 211.962 363.240 164.259 61.723 239.750 75.456 396.314 311.013 149.439 112.826 215.943 72.352 263.501 283.564 166.329 351.203 158.488 196.680 246.082 389.461 56.301 427.433 435.496 367.060 81.640 103.804 320.525 83.948 86.684 235.545 175.817 477.461 168.710 36.394 47.700 166.933 289.725 70.738 264.947 283.311 147.189 343.091 222.168 248.639 68.770 347.749 132.136 
30.640 13.682 30.443 15.075 16.852 6.487 17.338 11.731 26.667 11.563 10.882 26.211 14.061 17.223 19.488 15.185 22.827 8.500 30.023 11.464 30.546 5.329 25.797 14.316 11.944 7.212 24.275 23.314 9.800 25.890 33.731 25.385 24.061 23.694 32.666 22.711 18.367 20.158 12.880 33.330 12.717 27.906 12.912 12.906 7.994 23.832 34.717 9.693 15.905 15.930 13.517 28.560 27.311 9.983 18.617 28.359 28.715 18.265 31.263 17.857 11.664 31.815 6.867 31.049 8.884 34.338 17.793 16.503 34.233 32.336 10.170 24.823 33.883 29.019 31.659 28.367 29.002 29.647 12.226 18.303 11.308 25.153 30.641 13.388 22.431 9.911 12.101 12.754 33.798 33.949 34.862 23.086 22.242 33.346 10.993 21.966 6.413 12.553 27.525 25.378 
366.143 415.616 840.828 905.049 1136.516 796.539 505.546 985.721 565.669 1249.437 1088.617 778.628 688.434 898.104 535.074 1028.063 1064.360 872.977 1160.855 725.079 879.711 1008.632 1253.848 451.147 1332.174 1318.978 1229.748 588.006 708.305 1091.303 568.953 640.115 922.028 833.157 1410.498 881.080 429.386 485.638 774.205 1072.465 562.577 1022.575 1099.522 808.268 1216.067 933.498 985.918 513.437 1217.480 737.844 
6.509 10.556 1.739 9.119 7.096 11.005 10.921 7.158 3.998 12.487 9.993 8.396 7.281 13.130 6.415 10.781 11.887 5.732 7.552 3.072 4.540 5.342 5.777 5.660 5.095 5.192 8.753 8.087 3.165 7.720 5.224 13.154 6.484 6.905 7.822 7.522 8.779 5.536 10.450 8.699 9.649 8.293 7.025 7.596 10.368 9.448 2.974 0.342 8.150 6.357 
4.109 2.677 8.475 3.783 5.198 4.428 2.913 7.213 6.679 4.064 4.965 6.882 4.101 4.536 6.556 3.502 3.891 7.665 3.420 7.214 5.730 7.118 8.209 4.646 5.222 5.244 2.909 5.128 8.458 4.642 6.732 4.333 6.162 4.268 2.437 3.771 2.190 5.543 4.895 7.748 6.816 3.243 8.405 8.249 0.911 5.852 7.618 10.462 2.997 3.876 
3.900 4.839 6.870 3.034 1.946 4.025 5.001 1.109 4.521 6.007 2.697 0.326 3.009 6.546 1.729 4.432 5.368 2.537 3.667 6.645 5.044 2.780 2.788 6.018 6.134 4.366 7.952 1.560 5.004 8.665 2.947 6.736 1.790 3.143 5.169 7.618 4.528 3.327 3.171 1.146 1.533 7.849 2.127 1.715 7.486 1.653 5.325 8.463 3.813 5.000 
4.921 2.101 9.479 2.038 3.963 0.358 1.954 4.897 7.051 2.252 1.167 3.814 3.888 2.726 4.998 1.284 1.675 6.138 3.937 8.741 6.896 6.063 6.516 6.967 7.369 6.116 7.232 3.029 8.217 8.618 5.976 2.951 4.765 4.271 4.852 7.535 3.490 5.514 0.678 4.407 2.943 7.371 5.971 5.507 5.680 2.229 8.064 11.362 3.491 5.731 
2.248 5.859 3.555 4.222 2.104 6.053 6.191 2.707 1.144 7.676 5.000 3.692 2.523 8.311 1.689 5.936 7.048 1.885 3.032 3.284 1.913 1.121 2.380 3.377 3.244 1.550 6.267 3.093 2.262 6.328 0.645 8.379 1.597 2.207 4.008 5.470 4.385 0.803 5.461 4.254 4.832 5.981 3.300 3.610 6.847 4.495 2.043 5.326 3.599 2.919 
3.489 7.538 1.364 6.150 4.257 8.057 7.905 4.863 1.121 9.477 7.127 5.937 4.291 10.121 3.912 7.784 8.885 3.685 4.533 1.241 1.573 3.032 3.990 3.007 2.530 2.174 6.262 5.267 1.891 5.678 2.715 10.139 3.855 3.909 4.877 5.149 5.766 2.611 7.561 6.442 7.091 5.852 5.171 5.614 7.555 6.725 0.618 3.317 5.131 3.428 
0.699 4.357 4.595 2.924 1.447 4.840 4.711 3.214 2.255 6.260 4.014 3.678 1.057 6.903 2.232 4.553 5.658 3.099 1.417 3.832 1.997 2.451 3.651 2.660 2.820 1.214 4.956 2.337 3.842 5.379 2.028 6.937 1.874 0.676 2.445 4.383 2.764 0.834 4.410 4.464 4.499 4.749 4.205 4.296 5.259 3.868 3.292 6.539 2.004 1.701 
4.202 2.214 8.656 1.380 3.105 0.990 2.219 4.058 6.217 2.974 0.351 3.039 3.130 3.510 4.126 1.547 2.344 5.271 3.280 7.967 6.126 5.189 5.658 6.325 6.690 5.343 6.932 2.157 7.348 8.194 5.106 3.701 3.891 3.505 4.375 7.098 3.097 4.685 0.279 3.708 2.350 7.017 5.163 4.727 5.632 1.494 7.221 10.520 2.914 5.089 
5.520 9.414 1.925 7.804 5.643 9.614 9.755 5.368 2.871 11.256 8.498 6.644 6.069 11.892 4.744 9.517 10.629 3.910 6.483 3.167 3.858 3.640 3.892 5.358 4.871 4.289 8.612 6.582 1.401 7.947 3.633 11.957 4.883 5.723 7.094 7.485 7.804 4.279 8.975 6.867 7.922 8.199 5.125 5.712 9.847 7.828 1.919 2.260 7.077 5.689 
0.599 3.812 5.141 2.904 2.424 4.749 4.195 4.405 3.124 5.801 4.256 4.652 1.391 6.439 3.483 4.229 5.265 4.394 0.993 4.076 2.327 3.737 4.946 2.054 2.455 1.710 3.698 3.023 4.890 4.323 3.299 6.412 3.104 1.214 1.180 3.264 1.931 2.039 4.549 5.496 5.240 3.530 5.459 5.499 4.020 4.449 4.098 7.142 1.463 0.817 
3.558 6.933 3.560 5.178 2.951 6.879 7.238 2.535 1.782 8.642 5.695 3.782 3.678 9.263 1.877 6.901 7.999 1.152 4.263 3.805 2.959 0.774 1.410 4.559 4.330 2.803 7.563 3.801 1.484 7.514 0.938 9.364 2.064 3.413 5.323 6.714 5.611 2.107 6.181 4.091 5.052 7.260 2.607 3.094 8.158 4.963 2.077 4.965 4.800 4.227 
4.456 4.869 7.542 3.172 2.517 3.828 4.982 1.670 5.196 5.827 2.517 0.379 3.494 6.326 2.402 4.363 5.207 3.134 4.109 7.317 5.698 3.435 3.321 6.616 6.757 5.006 8.394 1.916 5.644 9.195 3.618 6.542 2.463 3.675 5.601 8.132 4.824 3.981 2.948 0.859 0.926 8.319 2.468 1.936 7.762 1.379 5.997 9.117 4.174 5.557 
4.414 7.019 5.078 5.162 3.083 6.568 7.264 1.572 3.297 8.486 5.271 2.844 4.133 9.066 1.697 6.802 7.836 0.626 4.823 5.374 4.371 1.376 0.172 5.871 5.728 4.036 8.643 3.589 2.809 8.817 1.859 9.221 2.082 3.996 6.135 7.932 6.078 3.085 5.761 2.860 4.121 8.396 1.084 1.654 8.880 4.316 3.637 6.283 5.251 5.303 
2.299 4.621 5.324 2.803 0.616 4.465 4.897 1.570 2.893 6.247 3.308 2.083 1.709 6.860 0.772 4.513 5.600 1.956 2.419 4.947 3.292 1.665 2.469 4.300 4.386 2.610 6.530 1.395 3.798 7.049 1.557 6.973 0.397 1.664 3.841 6.040 3.619 1.575 3.787 2.814 3.104 6.362 2.668 2.665 6.476 2.727 3.807 7.070 2.796 3.367 
4.994 4.318 8.603 2.947 3.212 2.948 4.340 2.903 6.195 4.904 1.800 1.604 3.918 5.339 3.502 3.664 4.328 4.355 4.397 8.246 6.526 4.585 4.568 7.216 7.442 5.783 8.550 2.310 6.819 9.562 4.705 5.588 3.472 4.193 5.801 8.471 4.772 4.840 2.093 1.869 0.340 8.547 3.698 3.134 7.576 0.884 7.067 10.257 4.288 6.061 
4.450 8.486 0.887 7.265 5.527 9.185 8.866 6.245 2.471 10.465 8.344 7.305 5.394 11.106 5.286 8.823 9.902 5.053 5.508 0.647 2.408 4.413 5.328 3.246 2.672 3.170 6.310 6.534 2.965 5.350 4.096 11.093 5.209 5.009 5.527 5.085 6.616 3.858 8.757 7.824 8.437 5.853 6.532 6.989 7.961 8.024 1.858 2.643 6.085 4.073 
3.215 5.485 5.366 3.629 1.590 5.100 5.732 0.743 3.089 6.984 3.837 1.813 2.709 7.575 0.322 5.283 6.333 1.139 3.418 5.252 3.809 1.246 1.569 5.046 5.045 3.246 7.477 2.067 3.477 7.893 1.453 7.717 0.676 2.646 4.826 6.919 4.608 2.174 4.330 2.284 3.064 7.287 1.682 1.768 7.477 3.001 3.821 6.930 3.789 4.235 
3.747 4.990 6.700 5.242 5.572 6.583 5.325 7.585 5.588 6.714 6.657 7.733 4.448 7.241 6.658 5.747 6.423 7.498 3.798 5.305 4.374 6.791 8.042 2.803 3.321 4.261 0.520 5.994 7.402 1.875 6.321 7.066 6.284 4.369 2.310 1.047 3.435 5.049 6.770 8.600 8.113 0.502 8.635 8.680 2.375 7.212 6.291 8.563 3.808 2.835 
4.496 7.257 4.835 5.407 3.284 6.855 7.512 1.890 3.174 8.760 5.566 3.171 4.293 9.346 1.905 7.065 8.110 0.725 4.970 5.201 4.300 1.381 0.218 5.842 5.667 4.022 8.690 3.849 2.533 8.797 1.858 9.494 2.273 4.131 6.239 7.938 6.250 3.122 6.058 3.190 4.450 8.427 1.376 1.967 9.012 4.629 3.430 5.985 5.421 5.340 
2.676 6.709 2.265 5.517 3.932 7.436 7.088 5.033 1.398 8.687 6.653 5.921 3.653 9.329 3.993 7.051 8.126 4.123 3.733 1.201 0.646 3.377 4.538 1.816 1.353 1.428 5.070 4.914 2.938 4.556 2.946 9.316 3.820 3.271 3.820 3.970 4.848 2.293 7.047 6.555 6.950 4.664 5.594 5.939 6.413 6.436 1.714 4.264 4.308 2.355 
3.468 3.142 7.524 1.448 1.924 2.358 3.282 2.695 5.073 4.306 1.077 1.802 2.366 4.867 2.773 2.705 3.661 3.900 2.792 6.978 5.180 3.856 4.283 5.690 5.962 4.407 6.943 0.914 6.053 7.954 3.817 5.039 2.570 2.680 4.187 6.861 3.204 3.588 1.569 2.597 1.641 6.933 3.831 3.442 6.087 0.738 6.038 9.322 2.676 4.502 
5.407 6.322 7.601 4.591 3.480 5.252 6.439 1.694 5.476 7.247 3.960 1.417 4.598 7.724 2.748 5.817 6.638 2.896 5.274 7.646 6.246 3.475 2.829 7.418 7.459 5.659 9.547 3.184 5.437 10.174 3.821 7.954 2.998 4.691 6.775 9.151 6.151 4.585 4.370 0.603 2.102 9.424 1.629 1.014 9.108 2.816 6.085 8.935 5.439 6.492 
5.269 6.858 6.799 5.036 3.477 5.989 7.023 1.419 4.846 7.985 4.664 1.973 4.638 8.500 2.386 6.448 7.355 2.116 5.346 6.992 5.765 2.810 1.910 7.096 7.058 5.273 9.515 3.488 4.548 9.960 3.230 8.707 2.732 4.644 6.811 8.986 6.394 4.214 5.115 1.489 3.004 9.341 0.655 0.332 9.338 3.548 5.325 8.013 5.619 6.303 
3.801 7.720 1.801 6.162 4.071 8.015 8.068 4.236 1.153 9.591 6.964 5.418 4.383 10.231 3.405 7.860 8.973 2.911 4.770 2.246 2.239 2.377 3.126 3.844 3.431 2.583 7.086 5.053 0.867 6.637 2.196 10.283 3.448 4.026 5.393 6.035 6.086 2.593 7.427 5.813 6.645 6.702 4.357 4.854 8.175 6.410 0.415 3.377 5.366 4.016 
4.293 2.177 8.764 1.452 3.218 0.882 2.163 4.169 6.326 2.872 0.448 3.140 3.226 3.403 4.242 1.483 2.246 5.387 3.360 8.067 6.226 5.305 5.773 6.406 6.776 5.443 6.964 2.273 7.463 8.245 5.222 3.597 4.007 3.603 4.429 7.150 3.136 4.794 0.203 3.798 2.421 7.057 5.270 4.830 5.628 1.585 7.332 10.631 2.981 5.169 
0.830 2.219 6.071 2.573 5.189 1.991 3.788 3.051 2.230 1.727 4.618 2.498 5.635 5.226 2.939 4.272 4.521 5.305 2.680 5.651 3.852 4.457 4.505 1.001 4.384 1.290 1.617 0.332 4.658 4.533 4.685 6.650 5.555 3.249 4.405 5.155 3.482 5.690 4.350 1.883 5.529 4.099 3.912 3.252 1.836 3.426 4.092 4.865 1.933 2.763 2.550 2.644 6.430 2.963 5.377 1.912 5.554 4.511 2.922 0.398 4.198 3.944 4.667 6.208 3.256 4.880 4.688 4.457 2.469 6.145 4.735 4.850 3.382 5.205 2.565 1.169 5.106 2.875 2.363 3.439 4.175 3.863 3.803 3.564 3.092 4.152 4.945 3.439 4.640 3.786 5.283 6.529 1.039 2.446 5.258 3.989 2.359 5.056 4.701 3.318 
3.643 3.843 2.018 6.266 9.244 3.849 5.509 3.034 3.181 2.355 8.558 5.919 9.635 7.860 5.363 5.201 1.099 9.326 2.084 7.755 5.714 7.419 2.779 4.268 0.326 5.346 3.327 4.378 4.613 5.499 4.760 7.413 1.927 1.265 0.346 3.932 6.468 1.707 3.362 5.673 9.560 7.153 1.383 0.807 3.979 6.500 3.136 5.372 3.366 3.368 1.973 4.520 7.809 6.937 9.434 2.260 1.539 3.567 1.154 3.958 2.139 2.069 5.650 10.265 1.279 5.265 5.900 1.424 4.976 7.603 0.869 0.847 7.438 9.246 6.559 4.028 5.597 1.191 5.726 6.763 7.001 6.586 5.616 1.241 1.009 7.013 8.724 6.124 5.897 6.387 9.124 7.893 4.717 6.336 7.691 8.042 4.834 8.105 2.713 7.361 
5.355 5.952 10.882 3.327 0.565 5.859 6.090 7.180 6.486 6.528 1.441 3.780 1.310 5.281 5.319 7.030 9.257 1.170 7.322 6.304 6.122 4.680 8.870 4.800 9.198 3.536 5.914 4.502 7.987 7.279 8.061 8.511 10.303 8.009 9.219 9.024 4.335 10.482 8.458 3.552 1.189 4.224 8.576 8.067 5.554 4.182 8.178 7.842 6.155 6.824 7.252 5.751 7.684 2.261 0.564 6.673 10.366 8.546 7.731 4.960 8.740 8.496 7.159 1.395 7.983 7.789 7.124 9.172 5.230 7.422 9.540 9.663 1.479 0.855 2.507 5.176 7.993 7.690 3.940 3.690 4.659 4.790 6.161 8.304 7.896 4.594 2.298 4.820 6.878 4.972 2.104 7.763 4.298 2.811 5.860 0.950 5.152 4.428 9.032 1.557 
2.845 2.008 3.583 5.410 7.946 3.616 3.652 1.224 3.177 1.337 6.999 4.219 8.119 6.000 5.120 3.417 1.779 8.133 2.436 5.902 5.759 7.025 4.041 2.724 2.112 4.121 1.640 3.212 3.027 5.922 5.496 5.751 3.782 2.113 2.129 2.795 4.655 3.090 4.384 4.737 8.344 5.334 1.062 1.360 2.208 4.699 1.735 5.981 3.177 3.618 2.194 2.666 6.035 5.837 8.058 1.052 3.331 4.599 1.064 2.957 3.439 3.255 3.878 8.878 0.594 3.602 6.248 3.057 4.654 5.813 2.731 2.685 6.163 8.004 5.435 3.372 6.231 1.320 4.021 5.002 5.159 4.741 5.675 2.375 1.045 5.174 7.060 4.284 4.092 4.536 7.485 6.124 3.220 4.805 7.575 6.771 3.022 6.272 1.944 5.960 
2.564 0.356 5.811 4.313 6.093 3.757 1.954 1.581 3.733 2.063 4.889 2.028 6.035 3.941 4.886 2.321 3.980 6.395 3.638 4.076 5.774 6.357 5.550 1.073 4.301 2.683 0.773 2.148 2.771 6.350 6.314 4.730 5.876 3.800 4.320 3.509 2.447 5.309 5.632 3.631 6.572 3.133 3.219 3.339 0.119 2.480 2.582 6.607 3.529 4.292 3.414 0.744 4.620 4.353 6.116 1.945 5.536 5.827 2.960 2.299 5.065 4.828 2.729 6.907 2.811 2.932 6.553 4.971 4.410 4.348 4.866 4.865 4.415 6.212 3.955 3.053 6.857 3.092 1.831 2.774 3.007 2.602 5.718 4.127 3.049 3.012 4.867 2.132 2.739 2.427 5.306 4.718 1.492 2.796 7.205 4.996 0.818 4.093 3.435 4.060 
4.652 3.677 2.192 7.276 9.861 5.201 4.885 2.498 4.620 3.139 8.844 6.000 9.980 7.347 6.745 4.305 0.663 10.053 3.609 7.014 7.236 8.742 4.530 4.622 1.685 6.040 3.514 5.121 3.436 7.154 6.483 6.188 3.239 2.895 1.684 2.425 6.259 1.619 5.111 6.617 10.264 6.906 0.880 2.111 3.982 6.330 1.998 7.074 4.723 4.922 3.428 4.203 6.776 7.751 9.962 2.897 2.381 5.317 2.189 4.829 3.891 3.820 4.696 10.777 1.573 4.138 7.536 3.127 6.309 6.615 2.302 2.067 8.083 9.923 7.350 5.142 7.306 2.418 5.803 6.696 6.655 6.237 7.143 2.958 2.014 6.683 8.836 5.818 5.015 6.007 9.277 6.848 5.124 6.681 9.161 8.690 4.685 7.778 1.183 7.865 
4.029 4.109 1.639 6.654 9.620 4.227 5.715 3.219 3.554 2.719 8.907 6.238 9.990 8.098 5.735 5.349 0.938 9.707 2.451 7.950 6.064 7.794 2.970 4.609 0.099 5.721 3.637 4.753 4.690 5.809 5.030 7.494 1.786 1.620 0.091 3.907 6.749 1.321 3.599 6.059 9.940 7.431 1.435 1.186 4.272 6.787 3.199 5.657 3.746 3.719 2.351 4.770 7.941 7.320 9.805 2.607 1.229 3.797 1.515 4.339 2.343 2.309 5.789 10.635 1.511 5.361 6.217 1.536 5.354 7.744 0.746 0.599 7.813 9.625 6.941 4.415 5.877 1.573 6.043 7.065 7.264 6.846 5.966 1.551 1.357 7.278 9.055 6.388 6.054 6.641 9.460 8.023 5.066 6.685 8.047 8.418 5.114 8.374 2.661 7.726 
4.575 2.013 7.163 5.812 6.576 5.781 0.162 2.660 5.794 4.070 4.887 2.362 6.004 2.302 6.777 1.075 5.296 7.044 5.661 2.100 7.712 7.992 7.548 2.866 5.894 4.148 2.796 3.966 2.188 8.369 8.375 2.862 7.589 5.716 5.909 3.484 1.733 6.607 7.676 5.198 7.157 2.156 4.537 5.118 2.173 1.875 3.116 8.651 5.582 6.354 5.427 1.327 2.574 5.510 6.427 3.899 7.073 7.875 4.762 4.247 7.026 6.801 1.139 7.102 4.387 1.804 8.546 6.814 6.320 2.295 6.534 6.468 5.238 6.791 5.168 5.022 8.900 4.950 2.269 2.374 1.779 1.420 7.664 6.029 4.804 1.827 4.498 1.215 0.901 1.178 4.973 2.673 3.040 3.456 8.959 5.708 1.511 2.840 4.098 4.682 
3.367 3.500 8.586 2.588 2.950 4.224 3.841 4.729 4.703 4.260 1.969 1.447 3.024 3.830 4.328 4.731 6.889 3.311 5.320 4.669 5.298 4.731 7.080 2.399 6.930 1.578 3.496 2.394 5.610 6.314 6.813 6.535 8.197 5.895 6.950 6.591 2.328 8.153 6.821 2.279 3.462 2.560 6.181 5.815 3.104 2.182 5.727 6.791 4.372 5.160 5.199 3.332 5.892 1.865 2.969 4.361 8.137 6.953 5.457 2.910 6.824 6.571 4.929 3.772 5.623 5.486 6.305 7.106 4.032 5.606 7.342 7.432 1.433 3.096 1.641 3.389 6.996 5.457 1.568 1.806 2.895 2.844 5.296 6.212 5.609 2.838 2.359 2.699 4.701 2.951 2.653 5.983 1.911 0.369 5.868 1.928 2.736 3.249 6.582 0.925 
5.636 5.445 0.231 8.257 11.211 5.785 6.837 4.375 5.092 4.299 10.430 7.686 11.532 9.287 7.261 6.298 1.727 11.309 3.987 8.999 7.503 9.328 3.983 6.126 1.672 7.312 5.093 6.346 5.429 7.106 6.201 8.152 1.934 3.147 1.652 4.332 8.087 0.392 4.711 7.666 11.541 8.755 2.501 2.790 5.676 8.142 3.996 6.866 5.309 5.187 3.917 6.047 8.771 8.925 11.383 4.157 0.969 4.877 3.100 5.942 3.456 3.521 6.695 12.212 2.911 6.132 7.533 2.556 6.903 8.613 1.651 1.389 9.405 11.223 8.545 6.017 7.061 3.179 7.489 8.464 8.540 8.120 7.403 2.991 2.931 8.562 10.526 7.680 7.010 7.898 10.946 8.842 6.601 8.216 9.501 10.011 6.467 9.663 3.147 9.296 
4.226 2.564 3.506 6.707 8.958 5.045 3.571 1.323 4.597 2.750 7.776 4.893 8.926 6.035 6.543 2.978 1.724 9.216 3.780 5.686 7.188 8.420 5.160 3.730 2.609 5.285 2.628 4.453 2.165 7.321 6.830 4.960 4.326 3.287 2.617 1.458 5.030 2.935 5.612 6.019 9.409 5.656 1.135 2.437 2.935 5.114 0.682 7.348 4.606 5.018 3.551 2.989 5.480 7.019 9.005 2.455 3.586 5.827 2.294 4.279 4.523 4.386 3.377 9.801 1.551 2.855 7.658 3.930 6.074 5.309 3.292 3.124 7.228 9.055 6.613 4.765 7.595 2.570 4.700 5.510 5.381 4.967 7.104 3.473 2.186 5.412 7.690 4.565 3.689 4.731 8.144 5.556 4.231 5.687 8.999 7.826 3.521 6.499 0.566 6.931 
4.765 2.007 6.196 6.500 7.712 5.921 1.171 1.955 5.775 3.854 6.116 3.406 7.250 3.491 7.132 0.290 4.375 8.135 5.396 3.010 7.999 8.596 7.174 3.301 5.120 4.832 2.761 4.401 0.888 8.496 8.329 2.626 6.856 5.261 5.133 2.201 2.990 5.626 7.426 5.836 8.269 3.455 3.665 4.538 2.373 3.122 2.020 8.697 5.627 6.315 5.150 1.640 2.868 6.381 7.607 3.613 6.220 7.636 4.229 4.543 6.595 6.396 0.708 8.314 3.695 0.688 8.732 6.229 6.652 2.663 5.794 5.680 6.245 7.902 6.007 5.280 8.950 4.463 3.267 3.611 3.078 2.718 7.938 5.543 4.224 3.126 5.777 2.465 0.998 2.474 6.252 2.954 3.636 4.468 9.461 6.762 2.165 4.117 2.957 5.747 
1.477 1.300 5.295 3.678 6.076 2.632 3.115 1.949 2.572 1.065 5.222 2.622 6.315 4.987 3.876 3.406 3.607 6.262 2.544 5.210 4.712 5.533 4.467 0.924 3.657 2.263 0.549 1.413 3.636 5.219 5.154 5.849 5.060 2.841 3.677 4.053 3.357 4.858 4.499 2.986 6.472 4.036 2.931 2.571 1.051 3.350 2.984 5.457 2.375 3.131 2.337 1.903 5.779 3.993 6.201 1.086 4.882 4.689 2.197 1.332 4.026 3.781 3.838 7.024 2.334 3.935 5.441 4.057 3.392 5.508 4.124 4.181 4.291 6.132 3.587 2.008 5.708 2.245 2.438 3.521 3.993 3.615 4.649 3.174 2.336 3.987 5.385 3.149 3.881 3.474 5.780 5.877 1.385 3.002 6.274 4.899 1.861 5.016 3.609 4.103 
6.271 6.059 0.629 8.885 11.854 6.385 7.399 4.962 5.686 4.943 11.070 8.316 12.173 9.857 7.844 6.820 2.335 11.950 4.584 9.534 8.047 9.910 4.413 6.767 2.304 7.955 5.727 6.989 5.904 7.595 6.648 8.576 2.239 3.748 2.284 4.739 8.694 1.007 5.157 8.300 12.182 9.358 3.106 3.429 6.300 8.753 4.512 7.322 5.914 5.753 4.528 6.648 9.244 9.563 12.026 4.801 1.406 5.310 3.743 6.582 3.933 4.025 7.202 12.856 3.547 6.608 8.027 3.046 7.498 9.098 2.202 1.966 10.048 11.865 9.184 6.643 7.506 3.817 8.118 9.084 9.132 8.713 7.946 3.570 3.575 9.156 11.157 8.279 7.529 8.488 11.579 9.312 7.243 8.856 10.046 10.654 7.081 10.256 3.613 9.939 
3.675 1.516 7.060 4.755 5.683 4.879 1.052 2.579 4.974 3.439 4.136 1.379 5.284 2.555 5.779 1.912 5.195 6.109 4.996 2.769 6.730 6.938 6.916 1.914 5.626 3.094 2.156 2.975 2.854 7.444 7.532 3.917 7.240 5.186 5.643 3.990 1.184 6.532 6.959 4.145 6.240 1.834 4.421 4.708 1.464 1.267 3.344 7.761 4.732 5.534 4.779 0.876 3.545 4.467 5.586 3.331 6.850 7.148 4.332 3.305 6.444 6.205 2.129 6.309 4.112 2.669 7.596 6.355 5.332 3.256 6.216 6.196 4.244 5.872 4.118 4.080 8.005 4.474 1.254 1.694 1.642 1.228 6.687 5.513 4.411 1.655 3.901 0.766 1.950 1.042 4.368 3.644 2.015 2.458 7.918 4.744 0.601 2.753 4.312 3.724 
4.095 3.712 1.861 6.743 9.545 4.481 5.198 2.701 3.853 2.653 8.699 5.943 9.808 7.620 6.018 4.763 0.274 9.680 2.791 7.409 6.439 8.053 3.599 4.399 0.772 5.660 3.352 4.705 4.045 6.286 5.576 6.844 2.444 2.022 0.774 3.218 6.359 1.368 4.187 6.113 9.903 7.032 0.827 1.324 3.932 6.410 2.552 6.180 3.996 4.101 2.638 4.334 7.329 7.322 9.693 2.472 1.733 4.392 1.519 4.344 2.961 2.894 5.191 10.520 1.173 4.726 6.679 2.203 5.606 7.143 1.432 1.241 7.744 9.576 6.931 4.539 6.408 1.687 5.745 6.724 6.833 6.413 6.343 2.050 1.335 6.852 8.783 5.966 5.473 6.198 9.204 7.409 4.882 6.490 8.395 8.353 4.733 7.953 1.970 7.599 
5.113 4.798 0.814 7.752 10.635 5.358 6.191 3.724 4.685 3.725 9.811 7.050 10.919 8.639 6.866 5.667 1.077 10.752 3.582 8.361 7.180 8.926 3.874 5.511 1.218 6.742 4.463 5.780 4.824 6.874 6.035 7.573 2.085 2.748 1.200 3.780 7.438 0.260 4.564 7.143 10.980 8.105 1.851 2.267 5.035 7.494 3.372 6.683 4.876 4.839 3.482 5.397 8.161 8.380 10.793 3.565 1.112 4.748 2.544 5.395 3.291 3.310 6.070 11.621 2.285 5.525 7.291 2.402 6.485 7.997 1.450 1.158 8.831 10.657 7.994 5.522 6.892 2.655 6.853 7.820 7.889 7.469 7.081 2.649 2.367 7.911 9.892 7.030 6.379 7.247 10.315 8.235 5.991 7.601 9.168 9.439 5.821 9.012 2.562 8.701 
4.612 2.722 8.255 5.138 5.276 5.786 1.590 3.749 5.976 4.590 3.483 1.503 4.573 1.436 6.478 2.541 6.387 5.797 6.112 1.977 7.457 7.346 8.035 2.863 6.832 3.602 3.327 3.775 3.647 8.280 8.481 3.827 8.441 6.356 6.849 4.916 0.430 7.722 8.027 4.627 5.881 0.702 5.612 5.906 2.635 0.575 4.421 8.647 5.706 6.528 5.905 2.068 3.135 4.602 5.072 4.505 8.055 8.208 5.529 4.193 7.589 7.346 2.541 5.705 5.318 3.257 8.384 7.539 6.068 2.849 7.420 7.402 4.148 5.522 4.323 4.941 8.884 5.662 1.539 1.029 0.437 0.087 7.427 6.686 5.612 0.450 3.039 0.441 2.214 0.289 3.512 3.226 2.782 2.469 8.416 4.535 1.754 1.551 5.405 3.526 
0.966 1.979 5.014 3.502 6.248 1.997 3.822 2.383 1.869 0.668 5.601 3.190 6.650 5.673 3.358 4.069 3.475 6.361 1.878 5.919 4.131 5.157 3.795 1.457 3.330 2.350 1.184 1.386 4.197 4.559 4.451 6.523 4.574 2.289 3.350 4.445 4.010 4.630 3.795 2.838 6.587 4.679 2.898 2.200 1.762 3.991 3.349 4.772 1.692 2.425 1.690 2.610 6.483 4.003 6.429 0.882 4.513 3.983 1.864 1.051 3.388 3.138 4.512 7.260 2.222 4.556 4.803 3.513 2.876 6.214 3.708 3.808 4.442 6.264 3.611 1.514 5.024 1.829 3.019 4.117 4.664 4.296 4.060 2.617 2.032 4.654 5.853 3.834 4.572 4.165 6.221 6.581 1.804 3.389 5.800 5.049 2.564 5.659 3.818 4.357 
4.263 5.433 9.902 1.958 1.499 4.592 6.006 6.596 5.255 5.593 2.408 3.612 2.699 5.779 3.925 6.878 8.392 1.442 6.173 6.714 4.710 3.330 7.602 4.117 8.209 2.598 5.215 3.540 7.704 5.870 6.673 8.692 9.172 6.914 8.229 8.584 4.460 9.546 7.146 2.303 1.681 4.568 7.766 7.080 5.004 4.309 7.638 6.435 4.934 5.544 6.134 5.400 8.003 0.970 1.902 5.782 9.327 7.220 6.772 3.926 7.525 7.288 7.094 2.655 7.124 7.629 5.710 8.028 3.868 7.721 8.483 8.634 0.738 1.396 1.325 3.993 6.583 6.693 3.719 3.878 4.956 4.968 4.750 7.189 6.947 4.895 3.260 4.862 6.871 5.096 3.230 8.091 3.623 2.519 4.523 0.553 4.820 5.040 8.405 1.369 
2.541 3.669 8.107 1.373 3.154 3.161 4.550 4.788 3.730 3.770 2.928 2.298 3.782 4.992 3.084 5.328 6.556 3.268 4.513 5.749 4.047 3.570 6.130 2.305 6.417 0.756 3.384 1.717 6.036 5.083 5.640 7.392 7.489 5.195 6.437 6.819 3.356 7.732 5.788 1.030 3.488 3.716 5.922 5.284 3.233 3.227 5.837 5.576 3.395 4.125 4.439 3.744 6.872 1.034 3.378 3.947 7.566 5.900 4.962 2.149 5.955 5.707 5.610 4.208 5.285 6.052 5.058 6.359 2.814 6.580 6.734 6.866 1.350 3.162 0.641 2.400 5.773 4.902 2.325 2.944 3.997 3.865 4.048 5.490 5.133 3.947 3.504 3.615 5.448 3.919 3.720 6.967 1.830 1.377 4.669 1.951 3.206 4.478 6.576 1.444 
3.965 2.466 8.035 4.374 4.715 5.113 1.936 3.630 5.353 4.125 3.061 0.741 4.200 2.114 5.738 2.890 6.189 5.194 5.583 2.742 6.719 6.582 7.498 2.267 6.529 2.846 2.927 3.082 3.915 7.569 7.815 4.500 8.071 5.905 6.547 5.089 0.359 7.524 7.440 3.865 5.300 0.975 5.420 5.537 2.265 0.289 4.443 7.953 5.067 5.896 5.391 1.936 3.874 3.858 4.569 4.083 7.764 7.613 5.155 3.528 7.087 6.839 3.000 5.260 5.041 3.644 7.659 7.113 5.337 3.585 7.080 7.089 3.454 4.935 3.568 4.256 8.186 5.258 0.801 0.590 1.058 0.850 6.693 6.238 5.259 1.026 2.796 0.674 2.727 0.918 3.263 3.968 2.104 1.726 7.651 3.883 1.444 1.954 5.404 2.860 
5.164 3.210 8.693 5.609 5.472 6.336 1.829 4.170 6.529 5.122 3.591 2.006 4.620 0.884 7.005 2.713 6.821 6.029 6.654 1.521 7.986 7.810 8.577 3.415 7.308 4.112 3.850 4.321 3.846 8.822 9.033 3.611 8.938 6.881 7.325 5.160 0.909 8.152 8.577 5.123 6.091 0.683 6.049 6.409 3.156 1.019 4.762 9.195 6.258 7.081 6.445 2.530 2.800 5.012 5.219 5.027 8.524 8.758 6.033 4.744 8.124 7.883 2.617 5.795 5.790 3.373 8.920 8.056 6.601 2.527 7.909 7.880 4.490 5.740 4.756 5.489 9.430 6.175 2.064 1.347 0.258 0.496 7.958 7.210 6.110 0.321 3.027 0.962 2.254 0.662 3.489 2.885 3.330 2.893 8.898 4.829 2.277 1.163 5.748 3.846 
2.132 4.402 7.676 0.653 4.100 2.049 5.731 5.273 2.749 3.650 4.446 3.754 5.125 6.556 1.455 6.362 6.403 3.945 3.771 7.230 2.398 2.259 5.027 3.037 6.009 1.659 3.843 1.964 6.856 3.468 4.135 8.628 6.737 4.577 6.029 7.376 4.850 7.399 4.547 0.643 4.207 5.291 5.909 4.927 3.988 4.739 6.305 3.989 2.454 2.969 3.786 4.712 8.241 1.687 4.478 3.913 7.019 4.620 4.688 2.023 5.001 4.776 6.716 5.254 5.211 7.021 3.415 5.591 1.284 7.949 6.166 6.356 2.549 3.972 1.517 1.670 4.171 4.541 3.725 4.522 5.527 5.337 2.404 4.811 4.872 5.483 5.107 5.017 6.625 5.348 5.274 8.339 2.741 2.995 3.194 2.998 4.288 6.102 6.856 2.939 
2.573 4.587 8.186 0.079 3.527 2.617 5.759 5.548 3.311 4.065 3.975 3.629 4.594 6.363 1.946 6.457 6.853 3.369 4.310 7.102 2.830 2.227 5.603 3.191 6.508 1.640 4.105 2.208 7.035 3.947 4.672 8.642 7.290 5.103 6.528 7.645 4.708 7.890 5.123 0.637 3.630 5.088 6.324 5.409 4.159 4.585 6.595 4.488 3.007 3.545 4.312 4.818 8.184 1.142 3.915 4.311 7.545 5.194 5.152 2.383 5.570 5.342 6.783 4.683 5.635 7.145 3.852 6.143 1.842 7.892 6.692 6.874 2.031 3.396 1.049 2.165 4.657 5.020 3.631 4.315 5.362 5.211 2.851 5.348 5.334 5.313 4.680 4.932 6.660 5.249 4.813 8.281 2.822 2.749 3.299 2.444 4.345 5.843 7.203 2.485 
1.947 2.916 7.385 1.832 3.882 2.794 3.959 4.011 3.262 3.033 3.368 1.920 4.341 4.744 3.104 4.675 5.797 4.036 3.920 5.390 4.089 4.014 5.645 1.533 5.700 0.186 2.600 1.013 5.319 5.016 5.425 6.843 6.852 4.547 5.721 6.056 3.018 6.994 5.380 1.228 4.250 3.496 5.150 4.569 2.479 2.912 5.062 5.455 2.931 3.721 3.818 3.053 6.410 1.802 4.059 3.193 6.872 5.514 4.235 1.505 5.408 5.156 4.989 4.890 4.523 5.379 5.059 5.739 2.737 6.118 6.051 6.168 2.080 3.915 1.397 1.950 5.673 4.193 1.884 2.740 3.703 3.498 4.071 4.854 4.401 3.662 3.798 3.177 4.860 3.507 4.089 6.508 1.080 1.350 5.025 2.689 2.554 4.361 5.792 2.007 
3.525 6.249 6.833 3.805 7.156 2.323 8.011 6.566 2.512 4.487 7.703 6.600 8.338 9.423 1.806 8.353 6.335 6.847 3.336 9.913 1.045 3.151 3.111 5.263 5.510 4.591 5.469 4.245 8.447 0.270 1.119 10.798 5.329 4.047 5.523 8.462 7.666 6.799 2.367 3.831 7.112 8.220 6.210 4.824 5.963 7.586 7.384 0.739 2.606 2.055 3.544 6.818 10.673 4.888 7.598 4.776 6.027 2.284 4.829 3.871 3.503 3.412 8.787 8.314 5.570 8.843 0.610 4.388 2.048 10.393 5.287 5.564 5.781 6.958 4.769 3.098 0.917 4.565 6.509 7.487 8.367 8.089 0.978 4.057 4.977 8.335 8.351 7.686 8.819 8.034 8.530 10.772 5.240 6.091 2.775 6.168 6.614 9.120 7.523 6.195 
3.095 0.660 5.064 5.192 7.103 4.198 2.061 0.597 4.003 2.069 5.861 2.976 7.012 4.417 5.505 1.967 3.195 7.403 3.620 4.312 6.321 7.142 5.436 1.992 3.697 3.617 1.084 2.946 2.007 6.747 6.546 4.411 5.377 3.552 3.713 2.532 3.181 4.530 5.653 4.500 7.581 3.839 2.420 2.909 1.072 3.249 1.572 6.926 3.873 4.537 3.375 1.128 4.542 5.321 7.121 1.830 4.898 5.861 2.562 2.957 4.880 4.668 2.431 7.908 2.181 2.366 7.001 4.611 5.020 4.301 4.326 4.272 5.420 7.222 4.919 3.635 7.179 2.766 2.784 3.618 3.620 3.200 6.253 3.853 2.594 3.641 5.780 2.759 2.581 2.982 6.231 4.634 2.461 3.802 7.905 6.003 1.611 4.742 2.440 5.070 
5.136 4.567 10.026 4.248 2.913 6.048 4.108 5.790 6.503 5.825 0.962 2.244 2.006 2.924 6.112 5.072 8.233 3.525 7.043 3.961 7.065 6.226 8.857 3.862 8.429 3.403 4.831 4.151 6.138 8.115 8.641 6.241 9.824 7.547 8.449 7.330 2.276 9.548 8.630 4.060 3.545 1.965 7.481 7.354 4.268 2.142 6.661 8.605 6.176 6.975 6.900 4.138 5.359 3.299 2.602 5.869 9.660 8.768 6.980 4.670 8.564 8.309 5.106 3.158 7.014 5.809 8.082 8.771 5.843 5.106 8.907 8.963 2.482 3.216 3.236 5.204 8.804 7.024 2.442 1.660 2.409 2.632 7.071 7.874 7.113 2.344 0.603 2.801 4.781 2.852 1.039 5.434 3.456 1.932 7.409 2.565 3.585 2.068 7.606 1.852 
4.238 6.963 8.501 3.252 6.139 3.236 8.529 7.548 3.731 5.549 7.101 6.702 7.516 9.513 1.837 9.042 7.800 5.708 4.757 10.166 1.110 1.661 4.876 5.740 7.071 4.596 6.257 4.626 9.340 1.743 2.864 11.412 7.070 5.553 7.086 9.578 7.799 8.415 4.143 3.599 5.961 8.249 7.556 6.243 6.603 7.691 8.479 2.281 3.676 3.450 4.920 7.414 11.117 4.228 6.639 5.849 7.711 4.070 6.170 4.425 5.217 5.096 9.438 7.256 6.873 9.629 1.340 6.075 2.318 10.827 6.932 7.197 5.118 5.883 4.259 3.701 2.284 5.929 6.661 7.480 8.481 8.278 1.205 5.626 6.337 8.438 7.863 7.938 9.399 8.275 7.946 11.216 5.559 5.942 0.988 5.353 7.079 9.050 8.779 5.666 
3.532 2.329 7.845 3.903 4.467 4.661 2.197 3.548 4.928 3.806 2.955 0.260 4.109 2.588 5.256 3.114 6.024 4.906 5.214 3.220 6.239 6.112 7.117 1.885 6.295 2.363 2.673 2.625 4.069 7.097 7.364 4.896 7.788 5.582 6.314 5.168 0.842 7.350 7.031 3.384 5.030 1.399 5.264 5.267 2.056 0.748 4.435 7.488 4.635 5.464 5.031 1.916 4.320 3.428 4.370 3.792 7.532 7.199 4.886 3.085 6.729 6.478 3.284 5.102 4.835 3.874 7.182 6.799 4.858 4.029 6.820 6.846 3.089 4.663 3.122 3.799 7.719 4.969 0.339 0.780 1.536 1.326 6.213 5.915 5.001 1.500 2.832 1.069 3.047 1.365 3.281 4.415 1.663 1.316 7.174 3.557 1.346 2.356 5.370 2.532 
6.234 6.172 0.607 8.827 11.852 6.285 7.571 5.109 5.579 4.953 11.122 8.399 12.215 10.022 7.720 7.023 2.459 11.929 4.487 9.728 7.885 9.784 4.188 6.817 2.283 7.954 5.801 6.986 6.134 7.393 6.425 8.832 1.981 3.659 2.262 4.999 8.816 1.127 4.938 8.256 12.165 9.486 3.233 3.415 6.394 8.870 4.717 7.102 5.821 5.615 4.447 6.779 9.476 9.536 12.039 4.830 1.243 5.083 3.749 6.563 3.737 3.846 7.414 12.870 3.619 6.838 7.829 2.867 7.388 9.324 2.081 1.876 10.046 11.853 9.162 6.585 7.280 3.798 8.202 9.187 9.273 8.853 7.784 3.457 3.588 9.295 11.235 8.412 7.734 8.632 11.651 9.546 7.285 8.903 9.882 10.650 7.194 10.396 3.845 9.960 
3.291 1.185 6.756 4.496 5.660 4.498 1.305 2.331 4.581 3.051 4.218 1.357 5.372 2.940 5.434 2.043 4.902 6.051 4.602 3.162 6.376 6.659 6.523 1.541 5.289 2.823 1.773 2.624 2.870 7.070 7.142 4.202 6.883 4.805 5.307 3.912 1.463 6.238 6.563 3.865 6.196 2.142 4.130 4.348 1.080 1.517 3.177 7.379 4.341 5.141 4.386 0.654 3.893 4.285 5.601 2.951 6.519 6.752 3.969 2.932 6.055 5.816 2.328 6.349 3.784 2.781 7.229 5.982 4.981 3.607 5.867 5.857 4.139 5.829 3.921 3.708 7.624 4.103 1.191 1.880 1.996 1.591 6.331 5.133 4.055 2.003 4.062 1.121 2.201 1.423 4.521 3.992 1.691 2.372 7.613 4.667 0.205 3.089 4.123 3.662 
1.356 1.439 5.661 3.342 5.692 2.558 3.132 2.266 2.604 1.368 4.864 2.343 5.949 4.841 3.688 3.526 3.988 5.878 2.732 5.139 4.565 5.258 4.646 0.609 4.011 1.885 0.823 1.075 3.862 5.149 5.168 5.941 5.368 3.113 4.031 4.365 3.160 5.231 4.619 2.648 6.087 3.826 3.316 2.909 1.092 3.138 3.314 5.426 2.367 3.164 2.544 1.941 5.798 3.617 5.819 1.437 5.228 4.801 2.542 1.101 4.242 3.992 3.940 6.644 2.714 4.106 5.344 4.337 3.209 5.520 4.455 4.525 3.906 5.747 3.211 1.843 5.674 2.568 2.168 3.265 3.821 3.462 4.508 3.444 2.688 3.809 5.057 3.006 3.945 3.343 5.442 5.897 1.023 2.642 6.045 4.514 1.777 4.806 3.973 3.723 
0.939 3.477 5.245 3.073 6.351 0.598 5.291 3.797 0.465 1.739 6.168 4.266 7.084 6.963 2.137 5.572 4.131 6.305 1.318 7.315 2.739 4.149 2.838 2.668 3.605 2.691 2.686 1.909 5.662 3.060 2.988 8.025 4.300 2.131 3.624 5.770 5.233 5.003 2.597 2.585 6.557 5.862 3.778 2.584 3.225 5.184 4.674 3.273 0.190 1.000 1.345 4.082 7.958 3.918 6.645 2.038 4.570 2.749 2.423 1.400 2.656 2.411 6.013 7.463 3.079 6.051 3.321 3.153 1.704 7.685 3.717 3.916 4.605 6.284 3.597 0.909 3.524 2.219 4.129 5.206 5.920 5.589 2.658 2.358 2.602 5.900 6.601 5.148 6.065 5.491 6.899 8.057 2.805 4.112 4.573 5.166 3.956 6.823 4.957 4.737 
3.163 5.909 7.526 2.664 5.923 2.137 7.528 6.457 2.649 4.450 6.594 5.831 7.159 8.664 0.829 8.001 6.736 5.594 3.701 9.257 0.224 1.952 4.055 4.733 6.042 3.738 5.186 3.632 8.263 1.394 2.357 10.395 6.179 4.514 6.058 8.480 6.924 7.406 3.367 2.831 5.858 7.419 6.469 5.175 5.562 6.826 7.381 1.978 2.580 2.415 3.851 6.388 10.147 3.732 6.380 4.750 6.752 3.339 5.087 3.383 4.311 4.163 8.407 7.077 5.782 8.570 1.235 5.132 1.277 9.859 5.949 6.205 4.636 5.714 3.666 2.636 2.102 4.851 5.770 6.661 7.617 7.384 0.288 4.613 5.256 7.579 7.292 7.019 8.385 7.362 7.433 10.246 4.597 5.174 1.914 4.978 6.085 8.268 7.682 5.103 
1.736 3.010 3.936 4.329 7.400 1.977 4.891 2.875 1.400 0.956 6.909 4.541 7.928 6.935 3.519 4.935 2.737 7.439 0.652 7.084 4.024 5.543 2.533 2.805 2.258 3.534 2.247 2.581 4.772 4.091 3.670 7.370 3.261 0.955 2.278 4.633 5.321 3.648 2.685 3.750 7.680 5.999 2.426 1.193 2.928 5.312 3.572 4.142 1.495 1.787 0.408 3.709 7.488 5.039 7.630 1.141 3.328 2.893 1.043 2.106 2.063 1.820 5.398 8.460 1.748 5.273 4.430 2.170 3.097 7.236 2.485 2.639 5.603 7.378 4.675 2.087 4.392 0.825 4.366 5.462 5.953 5.569 3.933 1.274 1.217 5.948 7.195 5.101 5.532 5.418 7.554 7.583 3.153 4.715 5.930 6.197 3.794 6.979 3.688 5.601 
2.278 2.026 7.083 2.907 4.442 3.385 2.885 3.225 3.680 2.813 3.432 1.056 4.537 3.855 4.026 3.619 5.358 4.726 4.067 4.402 5.001 5.085 5.935 0.873 5.449 1.241 1.957 1.348 4.327 5.828 6.088 5.769 6.807 4.533 5.469 5.172 2.098 6.636 5.801 2.293 4.907 2.674 4.644 4.354 1.605 2.021 4.248 6.212 3.378 4.207 3.908 2.028 5.360 2.738 4.501 2.876 6.671 5.962 3.985 1.822 5.592 5.338 3.920 5.310 4.098 4.337 5.925 5.758 3.610 5.068 5.901 5.969 2.745 4.549 2.357 2.522 6.444 4.014 0.943 1.991 2.798 2.534 4.970 4.861 4.127 2.767 3.614 2.165 3.786 2.507 3.996 5.458 0.443 1.220 6.076 3.328 1.494 3.617 5.068 2.416 
4.496 3.031 3.074 7.037 9.388 5.229 4.057 1.796 4.731 2.987 8.244 5.366 9.391 6.521 6.752 3.435 1.385 9.629 3.834 6.151 7.347 8.676 5.056 4.144 2.356 5.667 3.031 4.803 2.555 7.403 6.843 5.319 4.025 3.251 2.361 1.624 5.521 2.501 5.561 6.355 9.826 6.149 0.995 2.401 3.387 5.604 1.127 7.391 4.773 5.113 3.619 3.477 5.894 7.399 9.448 2.704 3.224 5.774 2.335 4.591 4.413 4.300 3.819 10.250 1.593 3.256 7.758 3.746 6.292 5.733 3.025 2.827 7.643 9.476 6.993 5.023 7.633 2.604 5.171 5.997 5.874 5.460 7.259 3.394 2.197 5.905 8.172 5.058 4.144 5.224 8.624 5.966 4.648 6.135 9.202 8.244 4.002 6.992 0.392 7.366 
5.619 2.859 6.844 7.231 8.158 6.786 1.532 2.802 6.653 4.734 6.442 3.926 7.541 3.325 7.965 0.758 5.077 8.626 6.272 2.608 8.847 9.365 8.035 4.089 5.886 5.556 3.629 5.202 1.226 9.367 9.209 1.750 7.624 6.115 5.897 2.516 3.290 6.271 8.300 6.583 8.740 3.612 4.407 5.372 3.198 3.438 2.676 9.574 6.501 7.194 6.025 2.403 2.124 7.026 8.001 4.491 6.937 8.510 5.076 5.378 7.448 7.253 0.445 8.662 4.508 0.525 9.596 7.050 7.489 1.968 6.567 6.434 6.804 8.374 6.668 6.126 9.827 5.316 3.817 3.938 3.186 2.905 8.788 6.390 5.060 3.245 5.995 2.786 0.761 2.684 6.466 2.199 4.380 5.017 10.263 7.285 2.851 4.090 3.517 6.260 
5.300 2.731 5.400 7.370 8.897 6.353 2.461 2.012 6.068 4.090 7.368 4.584 8.510 4.722 7.713 1.535 3.719 9.284 5.465 4.113 8.501 9.360 7.054 4.131 4.621 5.745 3.305 5.153 0.403 8.840 8.511 2.968 6.339 5.134 4.630 0.985 4.268 4.828 7.427 6.683 9.433 4.746 3.139 4.317 3.162 4.396 1.384 8.959 5.986 6.565 5.219 2.652 3.608 7.389 8.822 3.804 5.573 7.642 4.088 5.179 6.432 6.268 1.738 9.549 3.411 1.012 9.126 5.909 7.228 3.481 5.305 5.136 7.350 9.066 6.999 5.845 9.212 4.355 4.427 4.877 4.367 4.009 8.429 5.365 4.026 4.417 7.059 3.744 2.117 3.765 7.533 3.672 4.548 5.605 10.124 7.895 3.241 5.392 2.048 6.898 
3.382 6.137 7.120 3.379 6.694 2.216 7.851 6.544 2.539 4.480 7.297 6.326 7.902 9.159 1.406 8.244 6.509 6.375 3.473 9.689 0.562 2.672 3.481 5.073 5.731 4.277 5.375 4.017 8.403 0.623 1.598 10.675 5.672 4.233 5.745 8.496 7.405 7.054 2.754 3.457 6.639 7.937 6.329 4.970 5.827 7.318 7.406 1.197 2.571 2.160 3.660 6.674 10.501 4.459 7.144 4.775 6.324 2.694 4.939 3.685 3.821 3.706 8.669 7.851 5.667 8.766 0.616 4.686 1.721 10.218 5.557 5.827 5.358 6.491 4.361 2.910 1.336 4.684 6.246 7.193 8.104 7.844 0.502 4.278 5.096 8.070 7.966 7.454 8.680 7.801 8.129 10.601 5.008 5.758 2.371 5.726 6.432 8.819 7.608 5.794 
5.648 3.209 8.302 6.549 6.713 6.854 1.359 3.841 6.924 5.260 4.846 2.915 5.869 1.390 7.732 1.891 6.447 7.257 6.849 0.892 8.691 8.758 8.746 3.891 7.084 4.947 3.976 4.941 2.982 9.421 9.494 2.363 8.788 6.924 7.099 4.331 1.916 7.739 8.853 5.995 7.329 1.934 5.699 6.327 3.324 2.065 4.173 9.736 6.693 7.484 6.619 2.507 1.660 6.075 6.471 5.100 8.249 9.049 5.972 5.282 8.231 8.004 1.624 7.049 5.584 2.385 9.569 8.024 7.293 1.369 7.731 7.657 5.639 6.974 5.780 6.057 9.980 6.160 2.900 2.506 1.493 1.405 8.652 7.239 6.013 1.558 4.267 1.600 1.243 1.300 4.723 1.755 3.962 3.942 9.792 6.020 2.552 2.193 5.130 5.015 
5.670 3.067 7.883 6.811 7.218 6.876 1.194 3.510 6.881 5.116 5.389 3.235 6.438 2.008 7.857 1.405 6.048 7.740 6.707 1.328 8.798 9.008 8.574 3.954 6.745 5.168 3.862 5.047 2.431 9.464 9.463 1.905 8.469 6.709 6.759 3.775 2.343 7.315 8.732 6.221 7.825 2.482 5.320 6.060 3.260 2.497 3.713 9.745 6.673 7.440 6.469 2.406 1.479 6.420 7.000 4.927 7.878 8.933 5.720 5.339 8.032 7.815 1.060 7.604 5.271 1.798 9.639 7.763 7.403 1.201 7.407 7.313 6.050 7.466 6.103 6.115 9.993 5.926 3.186 2.972 2.038 1.864 8.752 7.013 5.743 2.102 4.848 1.931 0.700 1.700 5.309 1.578 4.101 4.307 10.004 6.465 2.596 2.812 4.644 5.448 
3.776 5.940 4.722 5.362 8.815 2.838 7.824 5.795 2.376 3.890 8.917 7.094 9.752 9.725 3.544 7.892 4.682 8.634 2.307 9.975 3.245 5.372 0.876 5.438 3.707 5.471 5.153 4.748 7.669 2.440 1.385 10.322 3.082 2.579 3.714 7.323 8.025 4.803 0.274 5.101 8.898 8.672 4.810 3.428 5.803 7.988 6.348 2.065 2.693 1.887 2.551 6.624 10.442 6.387 9.184 4.099 3.903 0.096 3.609 4.241 1.464 1.517 8.356 9.968 4.323 8.207 2.880 2.340 3.467 10.187 3.292 3.584 7.194 8.681 6.145 3.659 2.231 3.338 6.950 8.036 8.699 8.346 3.150 2.411 3.690 8.684 9.406 7.889 8.489 8.224 9.681 10.537 5.631 6.936 5.124 7.695 6.627 9.641 6.194 7.438 
4.482 2.152 4.639 6.714 8.557 5.480 2.590 1.149 5.154 3.186 7.184 4.312 8.338 5.030 6.888 1.877 2.865 8.888 4.512 4.597 7.638 8.617 6.090 3.523 3.711 5.149 2.561 4.456 1.033 7.926 7.565 3.836 5.443 4.169 3.721 1.003 4.231 4.066 6.464 6.020 9.058 4.804 2.224 3.354 2.585 4.337 0.464 8.026 5.093 5.638 4.267 2.317 4.337 6.849 8.538 2.892 4.727 6.679 3.123 4.413 5.469 5.304 2.250 9.303 2.450 1.713 8.225 4.962 6.405 4.169 4.396 4.245 6.916 8.695 6.448 5.032 8.278 3.390 4.133 4.781 4.482 4.083 7.562 4.402 3.062 4.521 6.987 3.730 2.580 3.839 7.455 4.413 3.986 5.241 9.324 7.488 2.909 5.576 1.371 6.529 
4.335 4.472 9.624 3.030 2.095 5.091 4.548 5.712 5.624 5.294 0.989 2.241 1.988 3.968 4.960 5.485 7.923 2.582 6.307 4.936 5.888 4.954 8.019 3.432 7.967 2.492 4.521 3.384 6.444 6.973 7.579 7.039 9.214 6.909 7.987 7.501 2.820 9.190 7.714 2.937 2.678 2.800 7.211 6.850 4.094 2.666 6.685 7.487 5.290 6.048 6.198 4.225 6.271 2.037 2.006 5.399 9.171 7.833 6.493 3.891 7.796 7.544 5.621 2.777 6.659 6.244 6.909 8.113 4.736 5.997 8.372 8.465 1.209 2.314 2.018 4.293 7.674 6.489 2.408 2.187 3.215 3.297 5.901 7.222 6.646 3.151 1.613 3.290 5.348 3.463 1.778 6.355 2.948 1.351 6.140 1.377 3.628 3.206 7.566 0.589 
7.358 7.763 12.856 5.241 1.787 7.841 7.596 9.004 8.479 8.503 2.623 5.475 1.500 6.234 7.189 8.559 11.197 2.139 9.325 7.297 7.916 6.215 10.854 6.713 11.179 5.532 7.813 6.494 9.598 9.086 9.938 9.675 12.306 10.010 11.199 10.731 5.767 12.444 10.421 5.533 1.892 5.457 10.497 10.050 7.391 5.626 9.962 9.664 8.150 8.802 9.255 7.468 8.719 4.214 1.440 8.636 12.356 10.500 9.708 6.959 10.738 10.495 8.610 0.628 9.927 9.303 8.885 11.175 7.150 8.489 11.534 11.653 3.481 1.979 4.494 7.175 9.794 9.676 5.657 5.131 5.898 6.137 7.966 10.306 9.869 5.835 3.096 6.288 8.287 6.357 2.655 8.783 6.218 4.648 7.324 2.922 6.878 5.316 10.858 3.497 
1.352 2.221 4.424 3.989 6.835 2.099 4.105 2.298 1.761 0.219 6.198 3.734 7.250 6.108 3.585 4.222 2.942 6.932 1.437 6.275 4.257 5.495 3.352 2.003 2.736 2.936 1.438 1.968 4.187 4.532 4.277 6.675 3.984 1.719 2.757 4.250 4.493 4.054 3.446 3.347 7.162 5.172 2.426 1.604 2.108 4.487 3.154 4.672 1.690 2.276 1.215 2.908 6.731 4.559 7.024 0.517 3.913 3.647 1.280 1.576 2.892 2.649 4.679 7.855 1.727 4.625 4.821 2.942 3.117 6.472 3.108 3.208 5.028 6.843 4.172 1.852 4.926 1.230 3.556 4.648 5.124 4.741 4.177 2.050 1.455 5.119 6.437 4.272 4.786 4.591 6.811 6.827 2.386 3.984 6.041 5.633 2.967 6.153 3.482 4.956 
0.905 3.319 6.535 1.745 4.890 1.326 4.850 4.085 1.876 2.415 4.759 3.248 5.636 6.073 1.863 5.369 5.186 4.870 2.734 6.600 2.810 3.391 4.275 2.058 4.850 1.325 2.682 0.948 5.751 3.610 3.950 7.729 5.733 3.486 4.870 6.185 4.316 6.226 3.944 1.154 5.117 4.869 4.675 3.744 2.937 4.234 5.102 4.013 1.543 2.278 2.700 3.733 7.463 2.471 5.179 2.675 5.917 4.065 3.483 0.813 4.121 3.877 5.758 5.998 3.980 5.981 3.708 4.589 1.411 7.175 5.067 5.235 3.140 4.834 2.136 0.558 4.239 3.355 3.158 4.142 5.017 4.751 2.770 3.752 3.666 4.984 5.256 4.363 5.717 4.709 5.521 7.562 1.922 2.830 4.157 3.702 3.404 5.779 5.625 3.297 
