25 50 100
109.856 64.535 96.483 36.811 85.973 135.504 113.201 28.000 77.624 126.473 43.888 72.335 83.542 29.552 138.802 92.196 113.128 29.939 133.537 149.976 61.675 87.874 117.769 43.166 133.411 
157.453 94.444 43.318 306.910 315.462 107.941 186.397 192.660 266.127 358.667 115.359 309.812 393.948 110.163 35.888 397.065 198.064 264.307 206.102 372.381 216.146 374.520 349.790 408.951 325.804 403.929 146.028 199.041 399.835 34.438 227.937 205.543 150.943 140.244 86.324 240.224 208.997 167.702 61.335 112.749 304.801 220.419 78.951 259.716 373.222 51.545 385.850 55.002 217.536 77.107 
12.582 19.414 19.372 8.945 8.965 31.848 15.283 24.933 13.592 8.687 18.099 23.278 27.232 19.570 25.178 20.242 17.711 19.749 13.686 23.251 23.028 33.895 27.854 20.490 9.658 17.999 16.101 16.798 7.990 17.641 33.632 5.547 12.906 28.019 34.476 27.436 27.934 25.328 17.934 14.844 29.056 8.250 26.544 32.069 33.694 11.628 29.813 8.244 12.039 34.367 32.876 32.490 9.915 24.997 33.745 31.099 31.921 24.755 18.944 15.586 22.801 27.738 32.786 34.124 13.320 31.346 10.754 6.831 31.165 31.742 24.689 32.271 27.130 24.654 29.637 29.061 29.926 34.268 20.044 13.594 31.949 16.078 7.908 8.286 33.072 8.708 8.995 15.553 20.360 20.599 32.695 22.317 23.485 15.173 17.485 27.758 20.298 27.731 34.589 9.342 
826.954 649.234 479.931 1183.224 1242.717 764.630 915.058 931.207 1122.815 1232.131 674.828 1184.477 1323.375 778.771 392.589 1263.043 1000.950 1106.166 1028.513 1379.878 1022.689 1263.392 1306.346 1391.711 1158.206 1322.160 835.069 960.262 1347.954 391.416 1088.462 936.551 906.716 796.621 642.523 1002.447 991.599 914.771 581.703 737.886 1263.301 1000.023 665.504 1076.590 1302.537 531.208 1327.183 562.458 967.327 628.320 
1.904 3.247 4.443 5.765 1.471 6.478 5.533 6.145 5.320 3.736 6.151 5.460 1.580 4.027 2.915 6.939 5.464 3.022 2.007 2.592 1.302 2.682 4.929 3.099 5.864 4.064 1.761 3.296 2.373 1.100 4.097 3.587 5.490 5.914 4.846 1.072 6.465 4.860 5.890 5.560 6.671 6.233 1.149 2.577 5.941 3.135 3.427 2.514 1.050 6.454 
7.852 3.013 3.408 8.891 5.982 10.191 8.951 2.265 7.011 2.355 5.347 1.510 6.396 2.841 3.545 5.813 0.837 2.930 7.546 5.102 5.983 4.237 9.674 8.945 9.919 4.651 4.342 2.838 7.454 6.643 3.235 8.349 4.273 7.301 1.512 5.053 2.719 3.531 7.087 3.021 5.213 10.224 4.814 6.771 6.596 4.238 7.656 8.344 6.822 4.573 
5.203 3.348 6.800 2.997 5.588 4.344 3.105 7.466 1.277 5.050 2.387 4.543 2.994 6.007 5.307 3.073 6.010 4.119 3.978 6.160 5.438 5.673 4.404 6.661 4.200 7.182 3.330 4.974 6.591 3.750 6.371 3.461 2.424 1.797 4.399 4.530 7.936 7.224 1.708 7.484 3.060 4.456 4.126 6.766 1.705 1.949 7.659 4.946 5.159 3.197 
8.972 4.523 7.414 6.830 8.298 8.227 7.095 6.812 4.677 5.630 2.129 3.250 6.808 6.616 6.645 1.942 5.228 5.288 7.997 8.133 8.206 7.320 8.724 10.392 8.300 8.407 5.765 5.927 9.673 7.451 7.080 7.798 2.035 4.577 3.792 7.095 7.275 7.692 4.329 7.429 1.490 8.480 6.674 9.423 3.691 4.309 10.398 8.981 8.472 1.150 
5.902 7.008 10.100 0.988 7.680 0.416 0.849 11.152 3.149 8.593 5.686 8.475 4.672 9.407 8.479 6.026 9.815 7.608 4.609 8.767 7.509 8.598 2.188 7.016 0.837 10.121 6.376 8.387 8.015 5.198 9.681 2.857 6.195 3.272 8.286 7.059 11.596 10.542 3.512 10.984 6.335 0.766 6.800 8.647 4.141 5.617 9.286 5.082 6.655 6.729 
7.439 2.959 2.537 9.074 5.386 10.319 9.092 1.503 7.319 1.813 5.904 2.135 6.198 2.046 2.898 6.439 0.132 2.616 7.282 4.384 5.408 3.546 9.617 8.435 9.987 3.800 4.081 2.279 6.830 6.346 2.401 8.255 4.802 7.666 1.848 4.571 1.986 2.640 7.468 2.141 5.851 10.309 4.395 6.080 7.026 4.323 6.930 8.012 6.336 5.229 
8.393 5.415 2.295 11.507 5.881 12.610 11.443 1.631 10.016 3.719 8.922 5.235 7.923 2.870 3.894 9.503 3.220 4.686 8.730 4.481 5.988 4.069 11.500 8.941 12.154 3.051 5.921 3.883 6.982 7.781 2.664 10.107 7.814 10.439 4.860 5.670 1.207 1.882 10.267 1.288 8.925 12.505 5.738 5.981 9.898 6.821 6.505 9.196 7.140 8.314 
2.979 7.242 6.840 8.645 3.530 8.770 8.283 8.907 8.968 7.148 10.220 9.364 5.114 6.906 5.976 10.999 8.832 6.776 4.347 4.552 3.551 5.333 6.664 1.682 8.021 5.751 5.823 6.665 2.049 4.356 6.707 5.899 9.615 9.561 8.701 4.609 9.047 7.097 9.599 7.988 10.772 8.348 4.977 2.861 9.788 7.263 2.310 3.634 3.083 10.580 
8.458 3.656 3.693 9.501 6.520 10.810 9.569 2.191 7.590 2.898 5.819 2.026 7.036 3.237 4.050 6.232 1.203 3.545 8.180 5.565 6.531 4.718 10.316 9.523 10.549 4.970 4.972 3.380 7.980 7.272 3.586 8.992 4.772 7.858 2.134 5.634 2.583 3.745 7.639 3.106 5.628 10.852 5.413 7.256 7.129 4.873 8.115 8.968 7.406 4.981 
9.620 5.038 7.726 7.507 8.848 8.899 7.779 6.943 5.360 6.007 2.813 3.517 7.474 6.953 7.078 2.538 5.411 5.757 8.671 8.604 8.764 7.770 9.425 11.031 8.987 8.778 6.344 6.339 10.248 8.104 7.416 8.498 2.719 5.237 4.123 7.652 7.389 7.975 4.990 7.639 2.153 9.162 7.238 9.953 4.353 4.942 10.927 9.654 9.081 1.852 
5.788 4.030 7.519 2.630 6.319 4.028 2.831 8.101 0.585 5.740 2.204 5.009 3.623 6.717 6.046 2.757 6.603 4.829 4.504 6.912 6.167 6.423 4.457 7.235 4.013 7.928 4.082 5.689 7.282 4.384 7.091 3.718 2.583 1.048 4.944 5.277 8.576 7.939 0.958 8.168 2.890 4.220 4.875 7.493 1.073 2.660 8.374 5.443 5.837 3.176 
8.094 3.310 6.017 6.911 7.135 8.310 7.103 5.441 4.775 4.258 2.475 1.847 6.039 5.226 5.317 2.727 3.840 4.001 7.267 6.845 7.060 6.009 8.453 9.465 8.255 7.035 4.680 4.581 8.559 6.604 5.690 7.365 1.699 4.852 2.396 5.949 5.911 6.290 4.607 6.029 2.127 8.486 5.547 8.221 4.003 3.433 9.193 8.231 7.453 1.483 
7.836 5.011 1.758 11.050 5.321 12.130 10.974 1.585 9.613 3.301 8.628 5.031 7.404 2.390 3.375 9.237 3.042 4.246 8.191 3.921 5.429 3.519 10.981 8.382 11.660 2.499 5.431 3.420 6.426 7.245 2.144 9.589 7.522 10.053 4.599 5.129 1.287 1.334 9.888 0.888 8.669 12.014 5.210 5.429 9.541 6.403 5.971 8.645 6.583 8.073 
6.088 5.631 9.009 1.046 7.246 2.411 1.404 9.766 1.216 7.317 3.699 6.769 4.244 8.241 7.454 4.023 8.311 6.363 4.714 8.082 7.080 7.726 3.492 7.433 2.607 9.262 5.376 7.203 7.939 4.948 8.579 3.327 4.297 1.270 6.680 6.369 10.234 9.441 1.509 9.753 4.338 2.714 6.022 8.353 2.139 4.217 9.141 5.489 6.485 4.756 
3.502 4.275 3.117 8.272 1.063 8.973 8.044 5.180 7.660 3.628 7.999 6.088 4.089 3.212 2.412 8.780 5.205 3.555 4.314 0.845 1.233 1.701 7.308 3.786 8.338 2.128 3.262 3.168 1.812 3.551 2.983 6.027 7.122 8.239 5.404 1.948 5.331 3.398 8.179 4.278 8.394 8.707 2.368 0.868 8.126 4.915 1.723 4.426 2.294 8.029 
3.134 2.790 3.034 6.917 1.058 7.758 6.733 4.831 6.120 2.631 6.404 4.806 2.828 2.695 1.595 7.187 4.367 2.210 3.430 1.303 1.024 1.261 6.322 4.011 7.184 2.674 1.662 2.152 2.538 2.506 2.708 4.957 5.550 6.688 4.135 0.423 5.116 3.444 6.616 4.173 6.815 7.551 0.783 2.131 6.539 3.315 3.106 3.880 1.939 6.472 
1.637 5.698 7.442 4.480 4.060 4.546 4.095 9.119 5.248 6.624 7.143 7.862 2.316 7.019 5.910 7.842 8.294 5.778 1.114 5.435 3.910 5.669 2.487 2.547 3.802 6.960 4.324 6.221 3.830 2.044 7.100 1.730 6.916 5.795 7.354 4.074 9.455 7.854 5.897 8.562 7.799 4.138 4.084 4.683 6.249 4.898 5.098 0.686 2.776 7.828 
0.176 4.982 5.962 5.832 2.378 6.165 5.501 7.805 6.039 5.486 7.412 7.206 2.224 5.669 4.565 8.177 7.224 4.798 1.459 3.792 2.251 4.180 4.225 1.477 5.450 5.319 3.492 5.032 2.045 1.494 5.667 3.166 6.920 6.631 6.607 2.742 8.088 6.347 6.671 7.125 8.002 5.805 2.914 2.885 6.876 4.626 3.323 1.123 1.085 7.882 
2.793 2.816 3.417 6.566 1.041 7.383 6.372 5.173 5.844 2.883 6.265 4.919 2.448 3.040 1.930 7.052 4.627 2.343 3.036 1.656 0.946 1.652 5.928 3.755 6.801 3.064 1.526 2.414 2.449 2.110 3.080 4.565 5.458 6.420 4.261 0.167 5.472 3.831 6.359 4.545 6.706 7.168 0.596 2.211 6.313 3.165 3.173 3.508 1.644 6.397 
0.874 4.274 5.677 5.206 2.353 5.688 4.906 7.397 5.245 4.962 6.570 6.495 1.387 5.280 4.167 7.335 6.675 4.189 0.923 3.688 2.193 3.901 3.912 2.318 5.010 5.206 2.802 4.534 2.534 0.653 5.341 2.683 6.088 5.842 5.921 2.320 7.717 6.087 5.870 6.805 7.161 5.375 2.380 3.166 6.054 3.812 3.791 1.263 1.163 7.048 
4.254 2.462 5.737 3.720 4.391 4.920 3.701 6.613 2.435 4.086 3.177 4.139 2.030 4.977 4.188 3.945 5.277 3.113 3.181 4.961 4.244 4.505 4.427 5.710 4.601 6.029 2.148 3.940 5.450 2.742 5.308 3.213 2.784 2.990 3.826 3.323 7.064 6.171 2.913 6.512 3.775 4.914 2.920 5.575 2.879 1.087 6.480 4.168 4.046 3.717 
5.977 5.303 8.700 1.316 7.028 2.710 1.626 9.431 0.876 6.994 3.389 6.421 4.058 7.927 7.157 3.749 7.969 6.045 4.608 7.824 6.863 7.446 3.624 7.349 2.845 8.979 5.090 6.889 7.770 4.780 8.271 3.322 3.958 1.019 6.335 6.120 9.900 9.131 1.239 9.430 4.039 2.982 5.762 8.150 1.853 3.891 8.956 5.422 6.312 4.438 
3.672 1.421 3.902 5.488 2.771 6.538 5.389 5.085 4.359 2.485 4.531 3.642 2.066 3.206 2.300 5.317 4.030 1.532 3.199 3.073 2.658 2.578 5.536 4.969 6.084 4.104 0.230 2.204 4.089 2.318 3.479 4.153 3.731 4.901 3.074 1.579 5.493 4.343 4.805 4.795 4.972 6.432 1.142 3.947 4.680 1.432 4.907 4.030 2.923 4.679 
1.068 5.275 6.860 4.789 3.452 4.995 4.428 8.571 5.316 6.105 7.033 7.469 1.977 6.459 5.347 7.759 7.798 5.290 0.754 4.830 3.303 5.082 3.010 2.196 4.267 6.357 3.855 5.690 3.265 1.553 6.525 2.046 6.715 5.887 6.934 3.503 8.896 7.269 5.964 7.989 7.670 4.615 3.540 4.090 6.262 4.589 4.541 0.253 2.168 7.649 
7.353 3.664 7.072 4.934 7.094 6.337 5.179 7.031 2.772 5.185 0.371 3.467 5.133 6.232 5.937 1.027 5.410 4.539 6.262 7.228 6.976 6.518 6.791 8.804 6.376 7.835 4.537 5.338 8.350 5.833 6.678 5.903 0.757 2.757 3.711 5.903 7.518 7.429 2.508 7.393 0.675 6.568 5.466 8.272 1.887 2.904 9.231 7.248 7.030 0.809 
6.129 6.526 7.003 5.413 5.903 4.886 6.972 6.877 7.878 3.939 5.733 5.855 7.081 3.507 2.773 3.472 2.456 3.735 6.593 7.853 5.518 4.512 5.667 3.355 3.977 5.366 10.308 5.364 3.280 4.815 1.711 1.336 6.525 5.050 1.246 7.580 3.905 8.696 5.802 1.716 6.476 4.378 7.027 8.287 4.057 9.022 8.546 7.859 4.620 0.747 1.246 6.115 6.040 7.209 8.695 6.422 3.608 6.219 3.038 7.056 2.411 6.325 8.836 5.225 4.585 7.330 4.963 6.529 1.857 8.928 6.314 3.115 7.450 9.192 3.329 5.330 8.837 4.621 6.621 3.606 8.968 4.595 3.342 3.945 6.819 5.683 5.862 8.794 7.783 5.740 6.320 6.540 7.505 8.381 8.538 1.099 6.727 8.450 3.548 7.171 
2.777 5.269 4.505 2.289 0.833 0.890 2.250 5.266 2.856 1.305 6.080 3.932 3.317 1.880 2.981 2.148 4.837 2.779 2.510 2.779 0.440 2.045 5.613 3.514 2.370 3.412 5.739 5.970 5.019 1.158 3.572 5.262 2.543 1.075 5.706 4.649 4.660 3.616 1.134 4.938 4.652 1.912 3.191 4.629 6.401 5.311 3.465 3.274 2.341 4.386 3.883 4.070 4.533 2.385 3.649 6.362 2.492 2.508 4.257 5.462 6.439 3.577 3.960 1.227 0.858 3.632 3.867 1.565 3.584 4.667 1.757 1.973 2.947 5.104 1.755 4.490 5.526 3.752 4.597 4.914 4.538 6.801 4.128 1.386 3.799 1.460 2.768 3.888 3.213 6.507 3.260 4.291 2.515 3.762 4.964 4.180 2.662 4.593 7.599 3.135 
6.307 8.754 1.024 1.262 3.489 2.700 5.291 8.787 3.988 4.235 9.310 0.695 6.733 4.666 5.525 5.004 7.183 5.840 1.757 4.307 3.662 1.937 8.904 2.849 2.268 6.887 8.359 9.124 3.908 4.640 5.426 6.990 5.975 2.476 6.011 8.154 7.607 5.281 2.703 6.922 1.176 5.243 1.530 7.968 9.023 8.580 5.164 2.916 5.737 5.727 5.388 7.591 8.017 5.258 4.639 9.703 5.485 6.008 3.483 8.985 6.112 7.118 6.372 2.315 2.917 7.040 7.225 4.478 4.287 7.694 5.064 4.093 2.577 8.200 3.916 7.858 2.707 1.766 1.072 3.566 7.445 9.514 6.944 3.060 7.322 4.963 0.790 6.248 2.849 9.660 0.516 7.829 3.656 6.595 8.308 5.773 1.743 2.513 6.922 1.820 
4.328 1.983 10.410 8.170 6.752 6.806 6.204 2.442 8.430 5.166 0.120 9.532 4.938 4.725 4.037 4.389 3.279 3.548 8.680 8.123 6.327 7.476 0.662 7.682 7.325 3.015 7.985 0.372 8.493 5.035 4.718 4.512 5.069 7.055 6.978 4.120 1.959 8.407 7.304 4.031 10.294 4.264 9.354 5.308 2.304 5.798 8.301 9.324 3.845 5.287 5.141 2.885 2.282 6.503 8.987 0.774 3.903 4.725 7.910 2.477 8.143 3.657 7.608 7.262 6.525 4.937 2.351 6.468 6.287 6.500 5.732 5.383 9.055 6.413 5.519 1.801 11.678 8.728 10.322 8.686 6.795 2.104 2.661 6.333 4.007 5.277 8.716 7.662 9.275 0.434 9.252 3.101 8.238 6.761 5.339 4.921 8.833 10.764 9.237 9.308 
5.937 7.375 4.480 3.192 4.490 3.233 6.054 7.600 6.203 3.237 7.195 3.323 6.763 3.177 3.282 3.386 4.273 4.114 4.470 6.300 4.248 2.390 6.953 0.821 1.803 5.734 9.551 6.895 1.366 4.173 2.538 3.648 6.046 3.291 2.365 7.731 5.276 7.261 4.089 3.761 3.923 4.188 4.769 8.094 6.136 8.826 7.112 5.825 4.636 2.352 2.218 6.556 6.723 6.209 7.022 7.779 3.804 5.854 0.677 7.801 2.728 6.455 7.781 3.396 3.042 7.065 5.667 5.390 0.964 8.386 5.486 2.389 5.407 8.771 2.448 6.220 6.357 2.070 4.073 1.468 8.308 6.673 4.574 2.441 6.866 4.982 3.541 7.703 5.746 7.374 3.931 6.933 5.808 7.567 8.402 2.557 4.580 6.099 3.813 4.964 
5.714 3.335 11.448 9.246 8.012 7.940 7.578 3.773 9.761 6.275 1.523 10.502 6.342 5.779 4.927 5.442 3.678 4.646 9.864 9.469 7.573 8.491 2.066 8.460 8.269 4.378 9.364 1.457 9.075 6.273 5.381 4.715 6.455 8.190 7.239 5.488 2.818 9.788 8.513 4.339 11.256 5.473 10.525 6.684 2.035 7.142 9.679 10.592 5.101 5.742 5.716 4.289 3.685 7.880 10.344 1.851 4.982 6.105 8.572 3.775 8.379 5.060 9.010 8.403 7.640 6.340 3.671 7.802 6.949 7.890 7.083 6.345 10.303 7.784 6.511 3.174 12.823 9.592 11.306 9.314 8.191 1.559 3.494 7.369 5.410 6.597 9.797 9.063 10.539 0.975 10.337 4.500 9.551 8.164 6.697 5.426 10.018 11.964 9.372 10.501 
4.491 2.329 10.313 8.089 6.780 6.753 6.346 2.797 8.519 5.096 0.505 9.404 5.159 4.625 3.860 4.287 2.942 3.466 8.658 8.227 6.344 7.365 0.937 7.477 7.182 3.144 8.278 0.222 8.231 5.045 4.465 4.149 5.232 7.004 6.636 4.434 1.739 8.559 7.297 3.684 10.164 4.252 9.325 5.610 1.878 6.127 8.447 9.358 3.866 4.981 4.865 3.118 2.538 6.648 9.104 1.198 3.812 4.877 7.669 2.850 7.800 3.874 7.816 7.214 6.461 5.180 2.429 6.560 6.041 6.781 5.843 5.242 9.075 6.719 5.393 1.951 11.636 8.557 10.201 8.437 7.061 1.689 2.445 6.229 4.255 5.355 8.638 7.864 9.307 0.380 9.176 3.373 8.309 6.984 5.659 4.625 8.812 10.754 8.878 9.293 
6.594 9.326 1.908 2.564 3.673 3.602 5.081 9.253 3.006 5.263 10.236 2.695 6.731 5.802 6.825 6.127 8.629 6.876 1.652 3.430 4.046 3.471 9.767 4.833 3.985 7.511 7.481 10.120 5.982 5.304 6.992 8.660 6.062 3.355 7.989 8.254 8.747 4.207 3.030 8.503 2.721 6.066 1.005 7.771 10.371 8.257 4.135 1.582 6.494 7.467 7.064 8.079 8.603 4.932 3.353 10.506 6.553 6.219 5.523 9.436 8.168 7.457 5.549 3.139 3.922 7.001 8.018 4.370 6.107 7.182 5.120 5.449 1.542 7.715 5.230 8.635 1.457 3.838 2.488 5.643 6.853 10.818 8.153 4.352 7.524 5.283 2.103 5.410 1.563 10.659 1.702 8.219 2.842 6.033 8.098 7.441 1.498 0.489 8.999 1.023 
2.272 0.683 9.074 6.816 5.016 5.382 4.154 0.890 6.478 3.926 2.042 8.354 2.784 3.679 3.502 3.396 3.832 2.614 7.074 6.135 4.643 6.285 1.504 6.959 6.292 1.193 5.865 2.202 8.084 3.454 4.512 5.087 2.994 5.617 7.196 2.069 2.347 6.323 5.678 4.540 9.110 2.855 7.762 3.210 3.889 3.776 6.225 7.513 2.350 5.359 5.029 0.735 0.120 4.444 6.964 1.960 2.937 2.682 7.389 1.083 8.324 1.515 5.456 5.802 5.162 2.775 1.074 4.537 5.886 4.363 3.765 4.471 7.294 4.320 4.524 0.725 10.098 7.786 9.093 8.185 4.643 3.930 2.696 5.167 1.845 3.427 7.334 5.515 7.473 2.594 7.847 0.957 6.333 4.602 3.290 4.962 7.219 9.084 9.518 7.666 
4.439 6.980 2.808 0.751 1.611 1.008 3.439 6.977 2.651 2.675 7.715 2.391 4.846 3.204 4.227 3.531 6.044 4.301 1.001 2.839 1.780 1.241 7.269 2.998 1.826 5.119 6.671 7.574 4.468 2.859 4.464 6.166 4.088 0.758 5.900 6.272 6.160 3.843 0.833 5.962 3.047 3.553 1.596 6.089 7.771 6.714 3.704 2.240 4.018 5.047 4.602 5.780 6.244 3.438 3.445 8.038 3.969 4.128 3.797 7.171 6.352 5.265 4.712 0.544 1.322 5.153 5.540 2.625 3.830 5.877 3.178 2.872 1.826 6.370 2.647 6.169 3.879 2.642 2.959 4.242 5.657 8.218 5.556 1.787 5.447 3.088 1.097 4.601 2.162 8.113 1.555 5.992 2.259 4.815 6.429 4.965 1.151 3.074 7.383 1.636 
1.359 2.825 8.283 6.190 3.922 4.844 2.323 2.480 4.676 4.056 4.582 7.858 0.670 4.175 4.657 4.067 5.771 3.701 5.973 4.264 3.746 5.987 4.049 7.231 6.230 2.242 3.342 4.749 8.627 3.153 5.735 6.864 1.424 5.011 8.469 0.904 4.536 4.150 4.707 6.341 8.551 3.162 6.626 0.859 6.309 1.594 4.086 5.967 2.822 6.697 6.246 1.869 2.429 2.521 4.946 4.377 3.830 1.474 7.864 2.579 9.478 1.222 3.041 5.126 4.771 0.397 2.945 3.035 6.677 1.827 2.344 4.916 5.868 1.874 4.843 3.108 8.851 7.682 8.469 8.611 2.095 6.422 4.581 5.093 0.737 2.498 6.607 3.125 5.949 5.135 7.033 1.600 4.664 2.154 1.125 6.331 6.090 7.704 10.700 6.448 
3.318 6.142 4.880 3.300 1.417 2.631 1.525 5.968 0.899 3.455 7.430 4.832 3.201 3.998 5.071 4.202 6.879 4.618 2.494 0.609 1.795 3.646 6.904 5.385 4.165 4.529 4.152 7.421 6.903 2.843 5.774 7.438 2.648 2.594 7.895 4.729 6.397 1.407 1.830 7.076 5.372 3.631 3.031 4.142 8.252 4.622 1.257 2.138 3.857 6.609 6.105 4.884 5.477 1.320 1.517 7.524 4.421 2.909 6.179 6.128 8.557 4.157 2.170 2.536 2.846 3.440 5.207 1.076 5.760 3.582 1.818 4.196 2.095 4.109 3.980 5.741 5.081 5.200 5.225 6.721 3.285 8.584 5.997 3.491 4.098 2.290 3.485 2.052 2.127 7.931 3.734 4.917 0.827 2.441 4.466 6.392 2.561 3.899 9.677 2.792 
3.914 4.500 6.657 4.592 4.228 3.554 4.937 4.798 6.253 2.105 4.146 5.636 4.870 1.549 0.557 1.381 1.547 1.504 5.504 6.136 3.786 3.737 3.919 3.530 3.410 3.156 8.151 3.848 4.331 2.799 0.604 1.904 4.356 3.782 3.337 5.360 2.228 6.865 4.378 1.535 6.375 2.219 6.083 6.059 3.371 6.793 6.720 6.570 2.403 1.512 1.123 3.932 3.931 5.202 7.029 4.740 1.398 4.031 3.726 4.989 4.433 4.098 6.802 3.994 3.222 5.111 2.839 4.627 2.108 6.736 4.271 1.637 6.197 6.979 1.860 3.303 8.232 4.662 6.447 4.506 6.801 3.870 1.525 2.733 4.589 3.623 5.129 6.776 6.501 4.335 5.660 4.351 5.918 6.267 6.308 1.132 5.656 7.567 5.641 6.142 
5.473 7.954 1.795 0.498 2.652 1.898 4.464 7.974 3.333 3.496 8.581 1.387 5.893 3.965 4.893 4.303 6.627 5.121 1.138 3.611 2.822 1.366 8.158 2.752 1.851 6.088 7.600 8.412 4.051 3.831 4.925 6.561 5.134 1.664 5.878 7.315 6.931 4.606 1.867 6.437 2.005 4.467 1.255 7.132 8.430 7.749 4.480 2.472 4.953 5.345 4.957 6.777 7.218 4.443 4.049 8.946 4.772 5.169 3.493 8.171 6.140 6.289 5.620 1.489 2.145 6.200 6.457 3.650 3.972 6.883 4.224 3.470 2.079 7.384 3.272 7.090 3.151 1.981 1.912 3.758 6.645 8.904 6.288 2.389 6.485 4.126 0.055 5.500 2.397 8.950 0.593 7.006 2.973 5.797 7.472 5.338 1.189 2.622 7.060 1.475 
5.014 7.265 2.651 0.706 2.561 1.388 4.386 7.339 3.867 2.674 7.712 1.773 5.591 3.061 3.892 3.397 5.566 4.242 1.977 4.045 2.543 0.309 7.321 1.802 0.744 5.408 7.758 7.513 3.253 3.228 3.835 5.453 4.817 1.260 4.829 6.900 5.981 5.045 1.903 5.343 2.534 3.728 2.315 6.897 7.396 7.569 4.904 3.337 4.232 4.232 3.848 6.156 6.534 4.441 4.660 8.130 3.884 4.772 2.594 7.542 5.189 5.766 5.835 1.225 1.478 5.906 5.678 3.594 2.868 6.846 3.995 2.461 2.920 7.311 2.288 6.309 4.232 1.520 2.542 3.026 6.667 7.884 5.314 1.454 6.036 3.730 1.152 5.732 3.258 8.046 1.653 6.433 3.475 5.843 7.234 4.230 2.087 3.731 6.188 2.486 
2.149 3.097 8.934 6.891 4.588 5.576 2.869 2.677 5.108 4.844 4.943 8.562 1.374 4.964 5.421 4.851 6.451 4.455 6.589 4.679 4.453 6.731 4.433 8.010 6.993 2.918 2.937 5.159 9.414 3.934 6.503 7.580 2.147 5.732 9.244 0.942 5.144 4.404 5.375 7.049 9.240 3.949 7.224 0.274 6.846 0.849 4.365 6.460 3.598 7.462 7.017 2.396 2.868 3.010 5.266 4.631 4.601 2.246 8.650 2.719 10.261 1.897 3.130 5.836 5.520 1.058 3.564 3.641 7.467 1.524 3.015 5.706 6.402 1.353 5.632 3.624 9.394 8.433 9.148 9.394 1.896 6.911 5.255 5.865 1.389 3.245 7.287 3.239 6.450 5.491 7.693 2.037 5.147 2.264 0.351 7.091 6.697 8.222 11.483 7.027 
5.031 7.809 3.009 2.188 2.196 2.554 3.458 7.707 1.490 4.088 8.847 3.263 5.116 4.659 5.745 4.957 7.599 5.618 0.913 1.879 2.622 2.954 8.355 4.654 3.541 6.039 5.989 8.767 6.051 3.922 6.125 7.840 4.465 2.347 7.638 6.643 7.498 2.775 1.735 7.597 3.637 4.724 1.120 6.144 9.229 6.637 2.675 0.497 5.104 6.765 6.306 6.551 7.099 3.305 2.068 9.060 5.328 4.645 5.437 7.884 8.045 5.896 4.018 2.152 2.884 5.381 6.604 2.767 5.573 5.583 3.533 4.493 0.108 6.114 4.260 7.202 3.081 4.024 3.450 5.778 5.267 9.638 6.963 3.461 5.933 3.761 2.053 3.883 0.420 9.300 2.057 6.663 1.248 4.435 6.472 6.659 0.859 1.936 9.031 0.836 
3.654 6.066 3.683 1.433 1.253 0.038 3.015 6.092 2.996 1.691 6.738 3.055 4.193 2.226 3.271 2.551 5.109 3.315 1.943 3.047 1.149 1.197 6.299 2.820 1.615 4.199 6.449 6.592 4.344 1.946 3.608 5.324 3.419 0.231 5.364 5.531 5.176 3.994 0.880 5.079 3.783 2.590 2.575 5.496 6.805 6.168 3.845 3.004 3.068 4.286 3.811 4.897 5.329 3.098 3.821 7.076 2.984 3.390 3.602 6.291 5.969 4.440 4.581 0.441 0.366 4.507 4.581 2.248 3.232 5.468 2.595 1.974 2.617 5.924 1.742 5.212 4.863 2.903 3.737 4.195 5.307 7.245 4.577 0.979 4.677 2.342 1.943 4.491 2.931 7.131 2.460 5.140 2.609 4.500 5.833 4.154 2.098 4.043 7.081 2.588 
5.060 5.172 7.397 5.499 5.419 4.633 6.169 5.538 7.444 3.308 4.370 6.303 6.020 2.770 1.771 2.615 1.116 2.618 6.529 7.345 4.986 4.602 4.292 3.938 4.170 4.139 9.340 4.007 4.314 4.033 1.065 0.676 5.550 4.843 2.619 6.354 2.530 8.092 5.501 0.505 7.000 3.433 7.062 7.151 2.895 7.873 7.946 7.672 3.564 0.964 1.073 4.846 4.719 6.435 8.231 5.052 2.590 5.212 3.880 5.712 3.783 5.137 8.031 5.046 4.304 6.242 3.661 5.858 2.325 7.901 5.503 2.697 7.284 8.116 2.931 3.984 9.098 5.184 7.107 4.579 7.987 3.437 1.986 3.743 5.641 4.854 6.011 8.007 7.600 4.405 6.521 5.272 7.099 7.480 7.379 0.704 6.676 8.536 4.922 7.152 
6.182 8.066 3.076 2.184 4.085 2.823 5.856 8.221 5.463 3.545 8.163 1.916 6.883 3.713 4.180 4.003 5.488 4.831 3.453 5.646 3.983 1.679 7.855 0.623 1.265 6.288 9.294 7.901 1.689 4.345 3.691 5.008 6.120 2.771 3.701 8.059 6.289 6.646 3.487 5.061 2.509 4.617 3.607 8.217 7.370 8.920 6.505 4.819 5.115 3.706 3.484 7.090 7.365 5.945 6.248 8.685 4.482 6.009 1.158 8.426 3.803 6.838 7.400 2.787 2.776 7.197 6.382 5.096 2.240 8.297 5.390 2.927 4.412 8.737 2.869 6.984 4.979 0.654 2.657 1.430 8.151 7.896 5.583 2.391 7.181 5.016 2.377 7.302 4.741 8.408 2.668 7.424 5.073 7.348 8.545 3.854 3.533 4.823 4.692 3.842 
5.811 7.216 4.590 3.229 4.437 3.193 5.972 7.444 6.184 3.119 7.025 3.436 6.647 3.038 3.118 3.239 4.104 3.958 4.497 6.269 4.181 2.402 6.785 0.931 1.815 5.586 9.468 6.724 1.516 4.061 2.367 3.494 5.936 3.264 2.308 7.596 5.106 7.223 4.063 3.598 4.052 4.053 4.819 7.975 5.968 8.709 7.073 5.845 4.495 2.195 2.050 6.407 6.567 6.133 7.005 7.611 3.651 5.737 0.846 7.645 2.745 6.317 7.714 3.378 2.988 6.947 5.508 5.320 0.793 8.287 5.394 2.257 5.428 8.665 2.327 6.058 6.454 2.197 4.197 1.634 8.215 6.505 4.404 2.373 6.733 4.880 3.598 7.639 5.767 7.203 4.003 6.787 5.790 7.483 8.282 2.393 4.612 6.168 3.858 5.006 
5.532 7.617 2.712 1.329 3.247 2.016 5.049 7.730 4.584 3.015 7.903 1.632 6.171 3.298 3.970 3.619 5.499 4.470 2.615 4.767 3.185 0.840 7.549 1.163 0.649 5.788 8.455 7.674 2.547 3.706 3.711 5.221 5.400 1.932 4.301 7.420 6.095 5.768 2.618 5.182 2.368 4.097 2.844 7.494 7.367 8.181 5.627 3.984 4.604 3.947 3.626 6.566 6.897 5.121 5.372 8.371 4.111 5.322 1.924 7.934 4.559 6.241 6.544 1.928 2.025 6.486 5.976 4.272 2.502 7.504 4.620 2.585 3.572 7.958 2.463 6.597 4.492 0.892 2.443 2.307 7.340 7.875 5.404 1.782 6.547 4.299 1.610 6.444 3.906 8.198 1.999 6.872 4.194 6.525 7.827 4.011 2.707 4.165 5.515 3.055 
5.845 4.352 10.227 8.161 7.441 7.033 7.519 4.823 9.386 5.417 2.664 9.182 6.684 4.850 3.794 4.547 2.051 3.956 9.004 9.173 6.981 7.314 2.978 6.907 6.974 4.510 9.994 2.292 7.277 5.741 3.847 2.744 6.542 7.274 5.218 6.299 2.223 9.698 7.769 2.497 9.906 4.935 9.614 7.404 0.348 8.004 9.568 9.953 4.736 3.936 4.044 4.806 4.339 7.822 10.080 3.353 4.199 6.167 6.873 4.912 6.326 5.456 9.212 7.490 6.706 6.784 3.749 7.515 5.308 8.476 6.915 5.189 9.610 8.505 5.398 3.569 11.803 8.128 9.993 7.559 8.697 0.596 2.573 6.284 5.919 6.318 8.703 9.233 9.890 2.329 9.236 5.157 9.106 8.459 7.513 3.694 9.159 11.095 7.267 9.648 
7.580 7.928 7.535 6.288 7.138 6.020 8.341 8.295 9.052 5.289 6.993 6.377 8.527 4.903 4.229 4.898 3.738 5.195 7.541 9.069 6.786 5.432 6.986 3.935 4.854 6.823 11.723 6.608 3.247 6.200 3.156 2.469 7.954 6.149 0.770 9.039 5.252 9.957 6.935 2.976 6.888 5.812 7.886 9.744 5.056 10.480 9.807 8.869 6.073 2.190 2.662 7.567 7.471 8.565 9.876 7.703 5.061 7.657 3.350 8.469 1.411 7.786 10.193 6.300 5.747 8.781 6.402 7.846 2.828 10.363 7.692 4.417 8.452 10.638 4.611 6.741 9.449 5.097 7.069 3.634 10.390 5.564 4.742 5.093 8.279 7.074 6.666 10.143 8.790 6.931 7.061 7.992 8.667 9.779 9.997 2.558 7.662 9.230 2.284 8.068 
5.625 3.540 10.953 8.786 7.709 7.527 7.445 4.004 9.535 5.861 1.677 9.974 6.340 5.337 4.411 5.005 3.010 4.257 9.478 9.268 7.259 7.998 2.157 7.855 7.739 4.261 9.493 1.430 8.404 5.964 4.761 3.988 6.362 7.777 6.507 5.653 2.377 9.660 8.157 3.636 10.721 5.150 10.126 6.828 1.285 7.345 9.543 10.281 4.827 5.057 5.064 4.316 3.749 7.750 10.159 2.229 4.571 5.997 7.927 4.044 7.641 5.058 8.981 7.991 7.216 6.376 3.511 7.592 6.313 7.993 6.907 5.842 9.973 7.938 6.023 3.112 12.396 9.018 10.783 8.655 8.267 0.805 2.997 6.897 5.457 6.377 9.336 9.023 10.225 1.175 9.876 4.586 9.300 8.163 6.878 4.757 9.633 11.583 8.623 10.121 
6.933 9.134 1.661 2.028 4.352 3.290 6.196 9.230 5.184 4.525 9.440 0.609 7.490 4.834 5.494 5.157 6.946 6.008 2.959 5.470 4.412 2.192 9.088 2.151 2.187 7.291 9.436 9.207 2.815 5.144 5.144 6.529 6.716 3.127 5.151 8.818 7.620 6.463 3.603 6.560 0.985 5.601 2.815 8.782 8.825 9.437 6.338 4.193 6.109 5.228 4.983 8.055 8.409 6.211 5.876 9.910 5.649 6.686 2.565 9.434 5.072 7.684 7.463 3.035 3.398 7.803 7.506 5.385 3.758 8.647 5.864 4.123 3.839 9.132 4.002 8.130 3.605 0.879 1.157 2.441 8.434 9.343 6.924 3.285 7.956 5.640 1.831 7.346 4.123 9.729 1.790 8.343 4.830 7.592 9.120 5.359 2.974 3.697 5.773 3.102 
3.407 5.263 4.748 2.554 2.305 1.431 3.567 5.392 4.296 0.708 5.603 3.863 4.203 0.954 1.854 1.287 3.659 2.136 3.380 4.256 1.929 1.801 5.221 2.502 1.712 3.452 7.047 5.404 3.881 1.609 2.158 3.874 3.481 1.656 4.234 5.253 3.886 5.107 2.291 3.614 4.626 1.774 3.972 5.538 5.403 6.267 4.957 4.464 2.274 2.910 2.414 4.249 4.548 3.758 5.106 6.036 1.777 3.297 3.116 5.597 5.027 4.009 5.376 1.868 1.099 4.508 3.618 2.998 2.141 5.833 2.960 0.516 4.082 6.208 0.282 4.241 6.179 3.204 4.647 3.865 5.773 5.864 3.236 0.666 4.377 2.424 3.103 5.316 4.393 5.937 3.643 4.580 3.933 5.064 5.851 2.733 3.533 5.455 6.215 4.020 
4.501 6.925 2.826 0.570 1.848 0.868 3.690 6.955 3.114 2.466 7.548 2.214 4.993 2.953 3.925 3.289 5.707 4.095 1.418 3.279 1.905 0.758 7.122 2.521 1.343 5.058 7.015 7.385 4.004 2.808 4.075 5.762 4.223 0.649 5.422 6.367 5.923 4.278 1.144 5.584 2.929 3.430 1.928 6.273 7.473 6.924 4.137 2.711 3.916 4.615 4.182 5.759 6.188 3.723 3.916 7.909 3.750 4.221 3.322 7.153 5.869 5.297 5.079 0.523 1.108 5.306 5.419 2.885 3.364 6.148 3.354 2.527 2.295 6.626 2.313 6.052 4.112 2.258 2.877 3.789 5.951 7.934 5.294 1.429 5.521 3.171 1.092 4.974 2.633 7.924 1.623 6.001 2.720 5.119 6.612 4.552 1.557 3.409 6.903 2.020 
7.154 8.219 5.581 4.617 5.957 4.711 7.461 8.503 7.687 4.523 7.722 4.435 8.032 4.338 4.119 4.472 4.521 5.064 5.904 7.783 5.694 3.858 7.574 2.146 3.274 6.748 10.951 7.377 1.226 5.479 3.122 3.527 7.349 4.775 1.312 8.862 5.815 8.741 5.573 3.842 4.897 5.355 6.148 9.342 6.236 10.082 8.592 7.269 5.748 2.458 2.632 7.560 7.629 7.632 8.505 8.373 4.810 7.122 1.422 8.698 1.256 7.574 9.224 4.880 4.508 8.322 6.541 6.829 1.835 9.732 6.867 3.621 6.853 10.089 3.737 7.023 7.515 3.162 5.088 1.610 9.680 6.777 5.161 3.887 8.021 6.324 4.911 9.151 7.191 7.800 5.242 7.962 7.292 8.967 9.636 2.819 6.006 7.402 2.338 6.363 
4.609 5.246 6.459 4.539 4.564 3.705 5.486 5.553 6.580 2.500 4.776 5.379 5.558 2.018 1.266 1.953 1.801 2.243 5.579 6.509 4.148 3.643 4.594 3.086 3.220 3.912 8.789 4.453 3.692 3.326 0.187 1.587 5.002 3.907 2.580 6.109 2.854 7.301 4.589 1.435 6.090 2.855 6.105 6.776 3.681 7.513 7.152 6.743 3.103 0.781 0.365 4.692 4.689 5.734 7.380 5.404 2.090 4.695 3.150 5.742 3.672 4.840 7.354 4.107 3.379 5.810 3.597 5.093 1.525 7.404 4.823 1.787 6.350 7.670 2.020 4.045 8.142 4.299 6.187 3.903 7.446 4.210 2.178 2.799 5.326 4.185 5.052 7.318 6.670 4.912 5.564 5.110 6.224 6.872 7.033 0.459 5.725 7.578 4.881 6.199 
5.893 8.325 1.448 0.836 3.106 2.273 4.925 8.360 3.763 3.807 8.885 0.924 6.338 4.243 5.117 4.581 6.797 5.415 1.538 4.054 3.257 1.530 8.476 2.620 1.907 6.458 8.061 8.702 3.805 4.213 5.055 6.645 5.575 2.053 5.783 7.746 7.190 5.044 2.324 6.558 1.552 4.814 1.485 7.585 8.627 8.207 4.920 2.810 5.307 5.397 5.039 7.165 7.589 4.907 4.456 9.274 5.061 5.599 3.310 8.559 5.959 6.698 6.079 1.897 2.488 6.646 6.795 4.111 3.977 7.347 4.673 3.685 2.438 7.847 3.503 7.429 3.028 1.677 1.477 3.486 7.110 9.114 6.531 2.640 6.909 4.552 0.425 5.958 2.738 9.237 0.514 7.406 3.411 6.262 7.925 5.424 1.559 2.683 6.826 1.749 
4.835 3.998 8.839 6.767 6.121 5.653 6.366 4.433 8.098 4.058 2.776 7.804 5.742 3.485 2.411 3.195 0.692 2.690 7.622 7.911 5.662 5.920 2.838 5.578 5.588 3.595 9.111 2.387 6.077 4.461 2.489 1.766 5.482 5.892 4.274 5.640 1.331 8.498 6.409 1.333 8.534 3.679 8.226 6.640 1.196 7.303 8.362 8.601 3.557 2.732 2.747 4.084 3.753 6.663 8.819 3.496 2.889 5.109 5.608 4.571 5.432 4.609 8.135 6.107 5.324 5.891 2.897 6.278 4.005 7.604 5.734 3.795 8.249 7.705 4.006 2.945 10.409 6.776 8.615 6.330 7.777 1.718 1.344 4.891 5.106 5.111 7.308 8.142 8.536 2.710 7.841 4.485 7.802 7.439 6.801 2.431 7.777 9.708 6.494 8.266 
0.985 3.536 7.189 5.131 2.833 3.827 1.239 3.288 3.628 3.282 5.094 6.801 0.443 3.524 4.223 3.497 5.626 3.355 4.867 3.231 2.693 4.992 4.550 6.351 5.285 2.330 3.378 5.185 7.799 2.329 5.251 6.583 0.454 3.976 7.905 1.973 4.616 3.262 3.620 6.094 7.480 2.584 5.519 1.682 6.484 2.371 3.176 4.879 2.401 6.216 5.733 2.347 2.966 1.472 3.977 5.030 3.383 0.750 7.030 3.429 8.846 1.567 2.416 4.076 3.791 0.726 3.098 1.927 5.981 1.968 1.255 4.183 4.768 2.286 4.072 3.458 7.746 6.699 7.391 7.749 2.025 6.685 4.490 4.184 1.368 1.538 5.529 2.458 4.858 5.636 5.942 2.262 3.585 1.633 2.018 5.878 4.983 6.605 10.060 5.340 
2.523 0.353 9.541 7.292 5.394 5.854 4.357 0.290 6.729 4.456 2.195 8.857 2.843 4.240 4.099 3.968 4.385 3.202 7.478 6.364 5.047 6.798 1.707 7.530 6.831 1.685 5.686 2.442 8.674 3.915 5.111 5.651 3.195 6.083 7.791 1.811 2.874 6.462 6.088 5.106 9.608 3.375 8.165 3.007 4.279 3.487 6.375 7.833 2.868 5.955 5.627 0.987 0.593 4.631 7.159 1.906 3.517 2.928 7.974 0.486 8.921 1.679 5.486 6.260 5.650 2.767 1.673 4.825 6.481 4.221 4.044 5.038 7.639 4.107 5.081 1.275 10.495 8.330 9.584 8.769 4.539 4.257 3.272 5.694 1.858 3.784 7.800 5.558 7.798 2.741 8.303 0.938 6.615 4.608 3.027 5.557 7.619 9.450 10.112 8.054 
3.329 6.130 4.363 2.645 0.826 1.961 1.776 6.008 1.203 2.946 7.276 4.219 3.408 3.510 4.604 3.747 6.444 4.256 1.973 1.140 1.266 2.963 6.765 4.702 3.483 4.410 4.779 7.231 6.220 2.475 5.230 6.920 2.748 1.913 7.258 4.931 6.093 2.069 1.147 6.586 4.796 3.290 2.583 4.492 7.911 5.038 1.920 1.989 3.589 6.031 5.532 4.868 5.433 1.674 1.990 7.435 4.022 2.936 5.497 6.181 7.894 4.192 2.814 1.852 2.194 3.681 5.030 1.049 5.121 4.083 1.819 3.620 1.816 4.597 3.396 5.602 4.781 4.529 4.663 6.037 3.823 8.273 5.637 2.845 4.216 2.114 2.871 2.704 1.954 7.755 3.170 4.959 0.895 2.973 4.827 5.836 2.068 3.654 9.005 2.384 
4.762 6.394 4.337 2.529 3.358 2.153 4.859 6.578 5.182 2.054 6.440 3.262 5.570 2.075 2.457 2.333 3.872 3.135 3.706 5.234 3.080 1.624 6.133 1.232 1.120 4.668 8.355 6.180 2.517 2.976 2.079 3.620 4.846 2.263 3.180 6.585 4.572 6.166 3.056 3.553 3.984 3.054 4.140 6.903 5.746 7.633 6.016 4.998 3.527 2.383 2.014 5.485 5.710 5.022 6.007 6.964 2.795 4.662 1.756 6.782 3.802 5.321 6.610 2.409 1.914 5.873 4.696 4.215 1.072 7.181 4.283 1.269 4.584 7.566 1.279 5.285 6.053 2.256 4.072 2.523 7.104 6.260 3.868 1.277 5.713 3.777 3.001 6.537 4.921 6.690 3.488 5.843 4.793 6.370 7.215 2.400 3.839 5.577 4.950 4.280 
7.078 9.803 1.808 2.898 4.152 4.025 5.568 9.735 3.463 5.692 10.691 2.760 7.219 6.221 7.227 6.549 9.013 7.312 2.104 3.891 4.518 3.799 10.226 5.046 4.283 7.983 7.914 10.569 6.108 5.766 7.347 8.997 6.550 3.776 8.211 8.742 9.177 4.637 3.494 8.860 2.649 6.519 1.431 8.254 10.776 8.734 4.571 2.034 6.955 7.781 7.394 8.559 9.079 5.416 3.760 10.971 6.984 6.705 5.699 9.918 8.327 7.941 5.997 3.561 4.339 7.488 8.480 4.857 6.393 7.651 5.607 5.834 2.024 8.184 5.620 9.099 0.970 3.975 2.409 5.754 7.316 11.230 8.573 4.736 8.011 5.764 2.398 5.858 2.022 11.108 1.932 8.703 3.315 6.501 8.580 7.774 1.953 0.411 9.109 1.493 
6.698 9.175 0.583 1.683 3.840 3.118 5.613 9.200 4.159 4.672 9.750 0.799 7.093 5.107 5.966 5.445 7.618 6.279 1.970 4.506 4.041 2.379 9.341 3.202 2.697 7.308 8.594 9.565 4.156 5.056 5.856 7.404 6.342 2.888 6.347 8.532 8.049 5.455 3.054 7.347 0.940 5.673 1.591 8.309 9.461 8.906 5.345 2.980 6.164 6.134 5.805 8.004 8.438 5.563 4.759 10.138 5.925 6.389 3.790 9.398 6.390 7.517 6.605 2.717 3.346 7.397 7.657 4.806 4.684 7.988 5.420 4.535 2.683 8.500 4.358 8.290 2.336 2.042 0.766 3.796 7.725 9.953 7.386 3.502 7.708 5.349 1.175 6.477 2.919 10.101 0.739 8.234 3.851 6.875 8.649 6.190 1.923 2.301 7.148 1.887 
2.313 0.603 9.390 7.148 5.209 5.710 4.128 0.379 6.507 4.352 2.428 8.727 2.599 4.165 4.089 3.906 4.481 3.167 7.300 6.138 4.873 6.677 1.928 7.461 6.729 1.580 5.445 2.661 8.635 3.770 5.122 5.735 2.970 5.935 7.824 1.574 2.990 6.222 5.915 5.189 9.476 3.269 7.987 2.765 4.463 3.262 6.137 7.628 2.762 5.986 5.642 0.819 0.595 4.400 6.926 2.156 3.469 2.714 7.926 0.576 8.945 1.458 5.237 6.108 5.516 2.518 1.682 4.614 6.456 3.975 3.832 4.969 7.440 3.868 5.000 1.370 10.312 8.231 9.446 8.719 4.290 4.461 3.343 5.584 1.612 3.596 7.650 5.310 7.594 2.976 8.148 0.702 6.400 4.359 2.795 5.589 7.440 9.257 10.144 7.870 
6.793 9.406 0.860 2.095 3.853 3.415 5.495 9.387 3.719 5.060 10.134 1.697 7.072 5.549 6.492 5.886 8.220 6.691 1.770 4.110 4.141 2.945 9.697 4.029 3.368 7.551 8.220 9.979 5.048 5.292 6.500 8.107 6.351 3.167 7.191 8.561 8.519 4.991 3.102 8.009 1.660 5.985 1.152 8.214 10.028 8.762 4.898 2.389 6.453 6.861 6.501 8.193 8.672 5.397 4.209 10.471 6.347 6.450 4.656 9.579 7.274 7.640 6.247 2.965 3.696 7.363 7.974 4.718 5.440 7.763 5.407 5.069 2.185 8.288 4.870 8.604 1.567 2.921 1.428 4.692 7.465 10.503 7.882 3.986 7.775 5.444 1.549 6.113 2.343 10.518 1.016 8.384 3.470 6.623 8.550 6.885 1.660 1.409 8.046 1.402 
1.900 3.440 8.387 6.383 4.062 5.105 2.297 3.060 4.505 4.509 5.235 8.053 0.982 4.691 5.255 4.615 6.438 4.317 6.027 4.076 3.960 6.273 4.708 7.623 6.567 2.919 2.658 5.416 9.058 3.571 6.322 7.509 1.713 5.247 9.035 1.347 5.221 3.808 4.847 6.991 8.718 3.698 6.654 0.422 6.996 1.092 3.766 5.863 3.406 7.289 6.826 2.550 3.096 2.421 4.664 4.993 4.419 1.893 8.290 3.133 10.017 1.906 2.566 5.338 5.073 0.700 3.631 3.087 7.181 1.149 2.508 5.396 5.813 1.199 5.302 3.792 8.804 7.980 8.618 9.018 1.451 7.106 5.251 5.460 1.425 2.815 6.761 2.669 5.855 5.788 7.152 2.259 4.550 1.686 0.761 6.930 6.132 7.628 11.236 6.451 
5.865 3.650 11.311 9.137 8.022 7.868 7.704 4.104 9.826 6.201 1.787 10.336 6.548 5.682 4.769 5.349 3.377 4.588 9.813 9.551 7.575 8.355 2.305 8.224 8.101 4.508 9.650 1.611 8.769 6.277 5.130 4.338 6.605 8.118 6.853 5.790 2.716 9.919 8.484 3.996 11.084 5.465 10.465 6.976 1.621 7.467 9.805 10.598 5.128 5.421 5.432 4.507 3.923 8.008 10.437 2.243 4.909 6.245 8.295 4.127 7.981 5.263 9.203 8.332 7.559 6.569 3.770 7.877 6.681 8.160 7.180 6.199 10.295 8.082 6.377 3.333 12.742 9.385 11.144 9.022 8.446 1.108 3.349 7.249 5.643 6.664 9.687 9.249 10.542 1.244 10.227 4.754 9.599 8.373 7.009 5.123 9.969 11.918 8.950 10.455 
4.326 6.010 4.449 2.478 3.008 1.862 4.449 6.180 4.892 1.618 6.135 3.427 5.133 1.668 2.172 1.944 3.730 2.768 3.570 4.917 2.702 1.579 5.807 1.630 1.198 4.261 7.942 5.891 2.954 2.540 1.983 3.625 4.411 2.008 3.478 6.153 4.299 5.828 2.779 3.493 4.171 2.629 4.059 6.467 5.581 7.197 5.677 4.812 3.108 2.461 2.032 5.074 5.317 4.620 5.716 6.635 2.420 4.226 2.192 6.385 4.174 4.893 6.219 2.178 1.588 5.437 4.321 3.825 1.341 6.754 3.862 0.868 4.404 7.135 0.850 4.921 6.083 2.534 4.237 2.954 6.683 6.082 3.603 0.935 5.280 3.347 2.989 6.150 4.736 6.409 3.503 5.427 4.508 5.957 6.779 2.406 3.711 5.524 5.340 4.172 
7.122 8.526 4.589 3.867 5.515 4.234 7.162 8.764 7.082 4.418 8.242 3.461 7.939 4.366 4.410 4.570 5.171 5.278 5.148 7.228 5.319 3.223 8.035 1.458 2.677 6.915 10.654 7.923 0.229 5.345 3.557 4.331 7.213 4.248 2.341 8.921 6.317 8.214 5.023 4.562 3.878 5.378 5.313 9.272 6.976 10.002 8.068 6.517 5.824 3.123 3.146 7.736 7.886 7.298 7.885 8.854 4.977 7.031 0.664 8.965 2.146 7.644 8.838 4.314 4.091 8.242 6.820 6.464 2.018 9.530 6.616 3.578 6.107 9.926 3.632 7.357 6.530 2.214 4.076 0.575 9.435 7.519 5.629 3.538 8.055 6.137 4.085 8.752 6.439 8.380 4.358 8.117 6.688 8.675 9.583 3.422 5.234 6.491 2.985 5.549 
1.873 1.239 9.083 6.868 4.818 5.438 3.596 0.905 5.989 4.209 3.050 8.484 2.006 4.106 4.199 3.884 4.832 3.234 6.921 5.607 4.517 6.466 2.536 7.388 6.572 1.548 4.817 3.262 8.635 3.518 5.268 6.050 2.458 5.650 8.010 0.968 3.401 5.639 5.554 5.504 9.220 3.139 7.603 2.140 4.995 2.674 5.559 7.161 2.652 6.174 5.793 0.744 1.002 3.855 6.370 2.793 3.493 2.249 7.905 1.035 9.105 1.016 4.616 5.810 5.273 1.899 1.923 4.141 6.503 3.340 3.365 4.911 6.996 3.248 4.913 1.801 9.910 8.073 9.176 8.691 3.653 5.029 3.654 5.413 1.025 3.212 7.351 4.693 7.131 3.601 7.832 0.336 5.906 3.734 2.194 5.782 7.056 8.826 10.316 7.469 
1.754 3.896 5.853 3.598 2.022 2.162 2.326 3.938 3.911 0.957 4.668 5.165 2.579 1.186 2.078 1.236 3.805 1.521 3.927 3.707 1.577 3.124 4.196 4.151 3.240 2.029 5.635 4.571 5.527 0.277 2.992 4.507 1.902 2.397 5.567 3.609 3.348 4.322 2.542 4.084 5.913 0.543 4.609 3.903 5.169 4.638 4.182 4.599 0.923 3.938 3.440 2.748 3.159 2.592 4.615 4.945 1.337 1.668 4.765 4.138 6.491 2.392 4.192 2.585 1.953 2.876 2.449 2.082 3.628 4.310 1.660 1.836 4.306 4.640 1.745 3.073 6.944 4.736 5.886 5.519 4.308 5.526 2.903 2.079 2.731 1.013 4.114 4.165 4.545 5.106 4.628 3.027 3.641 3.697 4.210 3.632 4.079 6.002 7.705 4.549 
8.072 9.368 5.156 4.738 6.479 5.197 8.136 9.628 8.001 5.375 8.964 4.095 8.900 5.294 5.245 5.479 5.791 6.151 6.001 8.162 6.291 4.156 8.795 2.409 3.627 7.810 11.628 8.627 0.888 6.308 4.313 4.805 8.179 5.201 2.463 9.853 7.048 9.154 5.967 5.120 4.376 6.312 6.103 10.231 7.516 10.963 9.009 7.362 6.745 3.724 3.851 8.630 8.750 8.271 8.794 9.603 5.866 7.991 1.633 9.826 1.789 8.572 9.805 5.258 5.062 9.202 7.671 7.435 2.861 10.503 7.591 4.518 6.959 10.897 4.585 8.185 7.091 2.944 4.596 1.138 10.410 8.057 6.378 4.513 8.992 7.108 4.898 9.717 7.285 9.060 5.111 9.019 7.608 9.650 10.540 4.070 6.075 7.185 2.264 6.356 
6.047 6.030 7.823 6.095 6.277 5.390 7.126 6.419 8.293 4.199 5.028 6.689 7.007 3.688 2.742 3.565 1.790 3.605 7.210 8.220 5.859 5.188 5.032 4.214 4.693 5.106 10.325 4.644 4.234 4.977 1.875 0.506 6.533 5.581 2.063 7.315 3.321 9.001 6.286 1.037 7.338 4.408 7.695 8.133 3.170 8.852 8.853 8.418 4.550 1.193 1.620 5.791 5.626 7.386 9.093 5.739 3.571 6.198 3.964 6.583 3.196 6.112 8.992 5.773 5.070 7.229 4.592 6.780 2.634 8.888 6.460 3.495 8.019 9.102 3.726 4.864 9.612 5.485 7.471 4.556 8.972 3.699 2.874 4.465 6.617 5.812 6.577 8.964 8.344 4.973 7.060 6.217 7.936 8.456 8.356 1.275 7.352 9.148 4.230 7.814 
5.815 6.759 5.748 4.236 5.030 3.894 6.333 7.048 6.926 3.298 6.298 4.598 6.725 3.013 2.670 3.100 3.170 3.629 5.458 6.951 4.694 3.352 6.130 2.097 2.791 5.318 9.781 5.964 2.231 4.246 1.662 2.382 6.081 4.023 1.452 7.464 4.381 7.852 4.808 2.566 5.219 4.008 5.849 8.009 4.977 8.751 7.701 6.766 4.365 1.125 1.184 6.123 6.175 6.537 7.750 6.936 3.395 5.823 1.839 7.241 2.316 6.177 8.160 4.177 3.624 7.003 5.085 5.784 0.702 8.489 5.703 2.393 6.351 8.813 2.559 5.563 7.592 3.364 5.363 2.499 8.474 5.520 3.714 2.970 6.638 5.115 4.658 8.101 6.688 6.405 5.098 6.531 6.540 7.809 8.291 1.424 5.585 7.245 3.536 6.011 
1.849 3.896 7.819 5.871 3.537 4.649 1.720 3.554 3.861 4.237 5.622 7.535 0.907 4.491 5.173 4.461 6.508 4.282 5.444 3.430 3.485 5.825 5.084 7.258 6.159 3.077 2.468 5.769 8.724 3.281 6.210 7.508 1.417 4.771 8.872 1.913 5.400 3.167 4.314 7.008 8.181 3.546 6.057 1.047 7.231 1.573 3.122 5.229 3.335 7.176 6.696 2.871 3.460 1.808 4.016 5.445 4.331 1.702 7.955 3.650 9.810 2.137 1.976 4.846 4.650 0.809 3.829 2.529 6.941 1.007 2.039 5.142 5.190 1.333 5.024 4.085 8.180 7.534 8.073 8.660 1.128 7.384 5.346 5.088 1.735 2.457 6.224 2.068 5.222 6.175 6.595 2.651 3.916 1.086 1.366 6.835 5.543 6.997 11.023 5.846 
